ID,Chromosome,Start,End,Length
granulosa_1,chr1,633869,634519,650
granulosa_2,chr1,778146,779332,1186
granulosa_3,chr1,826595,827807,1212
granulosa_4,chr1,869452,870256,804
granulosa_5,chr1,903756,905651,1895
granulosa_6,chr1,920457,921385,928
granulosa_7,chr1,923465,925996,2531
granulosa_8,chr1,939767,941055,1288
granulosa_9,chr1,941260,942736,1476
granulosa_10,chr1,958473,959698,1225
granulosa_11,chr1,966167,967356,1189
granulosa_12,chr1,975552,976758,1206
granulosa_13,chr1,998250,1001266,3016
granulosa_14,chr1,1001452,1002077,625
granulosa_15,chr1,1004920,1005708,788
granulosa_16,chr1,1012820,1014668,1848
granulosa_17,chr1,1019135,1021475,2340
granulosa_18,chr1,1024575,1025576,1001
granulosa_19,chr1,1032441,1034716,2275
granulosa_20,chr1,1039714,1041493,1779
granulosa_21,chr1,1058690,1059965,1275
granulosa_22,chr1,1063686,1064527,841
granulosa_23,chr1,1067694,1070005,2311
granulosa_24,chr1,1079356,1080683,1327
granulosa_25,chr1,1115641,1117002,1361
granulosa_26,chr1,1121743,1122641,898
granulosa_27,chr1,1127993,1129726,1733
granulosa_28,chr1,1135853,1138123,2270
granulosa_29,chr1,1156950,1158666,1716
granulosa_30,chr1,1200587,1201799,1212
granulosa_31,chr1,1230766,1233226,2460
granulosa_32,chr1,1272831,1274771,1940
granulosa_33,chr1,1290813,1292349,1536
granulosa_34,chr1,1298824,1300302,1478
granulosa_35,chr1,1304315,1305192,877
granulosa_36,chr1,1307387,1309611,2224
granulosa_37,chr1,1324183,1325425,1242
granulosa_38,chr1,1334540,1335428,888
granulosa_39,chr1,1347241,1348316,1075
granulosa_40,chr1,1348495,1350014,1519
granulosa_41,chr1,1357747,1359016,1269
granulosa_42,chr1,1371655,1372352,697
granulosa_43,chr1,1374381,1375734,1353
granulosa_44,chr1,1398285,1400276,1991
granulosa_45,chr1,1406318,1408067,1749
granulosa_46,chr1,1426617,1427936,1319
granulosa_47,chr1,1430095,1431003,908
granulosa_48,chr1,1433054,1434767,1713
granulosa_49,chr1,1435251,1435934,683
granulosa_50,chr1,1440624,1442665,2041
granulosa_51,chr1,1470591,1471962,1371
granulosa_52,chr1,1504548,1506055,1507
granulosa_53,chr1,1510927,1512616,1689
granulosa_54,chr1,1539221,1541126,1905
granulosa_55,chr1,1573572,1575537,1965
granulosa_56,chr1,1596782,1597939,1157
granulosa_57,chr1,1599066,1600801,1735
granulosa_58,chr1,1614073,1616670,2597
granulosa_59,chr1,1628790,1632419,3629
granulosa_60,chr1,1658526,1659525,999
granulosa_61,chr1,1692179,1693280,1101
granulosa_62,chr1,1723834,1724777,943
granulosa_63,chr1,1777111,1779448,2337
granulosa_64,chr1,1782036,1783213,1177
granulosa_65,chr1,1889781,1892330,2549
granulosa_66,chr1,1906082,1906554,472
granulosa_67,chr1,1908313,1909910,1597
granulosa_68,chr1,1918392,1920158,1766
granulosa_69,chr1,1942567,1944583,2016
granulosa_70,chr1,1959621,1960936,1315
granulosa_71,chr1,1988344,1990735,2391
granulosa_72,chr1,2003112,2004195,1083
granulosa_73,chr1,2018377,2020040,1663
granulosa_74,chr1,2025289,2026268,979
granulosa_75,chr1,2044472,2045218,746
granulosa_76,chr1,2049298,2051620,2322
granulosa_77,chr1,2103163,2105324,2161
granulosa_78,chr1,2132231,2134090,1859
granulosa_79,chr1,2189132,2190360,1228
granulosa_80,chr1,2194358,2195512,1154
granulosa_81,chr1,2198719,2199733,1014
granulosa_82,chr1,2204216,2205846,1630
granulosa_83,chr1,2212125,2215185,3060
granulosa_84,chr1,2226677,2229602,2925
granulosa_85,chr1,2229973,2230891,918
granulosa_86,chr1,2231519,2232193,674
granulosa_87,chr1,2251480,2252634,1154
granulosa_88,chr1,2278690,2279964,1274
granulosa_89,chr1,2313865,2315581,1716
granulosa_90,chr1,2321817,2323350,1533
granulosa_91,chr1,2330136,2331539,1403
granulosa_92,chr1,2334588,2336460,1872
granulosa_93,chr1,2390983,2393012,2029
granulosa_94,chr1,2404036,2405551,1515
granulosa_95,chr1,2411838,2413681,1843
granulosa_96,chr1,2441723,2444217,2494
granulosa_97,chr1,2525654,2527010,1356
granulosa_98,chr1,2534384,2535891,1507
granulosa_99,chr1,2545805,2547341,1536
granulosa_100,chr1,2555368,2557633,2265
granulosa_101,chr1,2584704,2587680,2976
granulosa_102,chr1,2592661,2594702,2041
granulosa_103,chr1,2627847,2629641,1794
granulosa_104,chr1,2642098,2643801,1703
granulosa_105,chr1,2821294,2822463,1169
granulosa_106,chr1,2855277,2857013,1736
granulosa_107,chr1,2874446,2876573,2127
granulosa_108,chr1,2891563,2892768,1205
granulosa_109,chr1,3068265,3070932,2667
granulosa_110,chr1,3105033,3106110,1077
granulosa_111,chr1,3111260,3112058,798
granulosa_112,chr1,3139386,3140923,1537
granulosa_113,chr1,3145405,3146396,991
granulosa_114,chr1,3169184,3171565,2381
granulosa_115,chr1,3221349,3222669,1320
granulosa_116,chr1,3312432,3315912,3480
granulosa_117,chr1,3348850,3350061,1211
granulosa_118,chr1,3351444,3353291,1847
granulosa_119,chr1,3392910,3394488,1578
granulosa_120,chr1,3423899,3425037,1138
granulosa_121,chr1,3453120,3453628,508
granulosa_122,chr1,3453834,3455320,1486
granulosa_123,chr1,3460026,3460982,956
granulosa_124,chr1,3490767,3492175,1408
granulosa_125,chr1,3530036,3532223,2187
granulosa_126,chr1,3557036,3557980,944
granulosa_127,chr1,3609791,3612116,2325
granulosa_128,chr1,3618479,3619640,1161
granulosa_129,chr1,3623762,3625901,2139
granulosa_130,chr1,3649462,3650274,812
granulosa_131,chr1,3650963,3653208,2245
granulosa_132,chr1,3668565,3669365,800
granulosa_133,chr1,3717004,3718602,1598
granulosa_134,chr1,3745874,3747627,1753
granulosa_135,chr1,3771120,3773656,2536
granulosa_136,chr1,3774419,3776229,1810
granulosa_137,chr1,3783449,3784410,961
granulosa_138,chr1,3784931,3785761,830
granulosa_139,chr1,3795239,3797108,1869
granulosa_140,chr1,3800988,3801692,704
granulosa_141,chr1,3856285,3858845,2560
granulosa_142,chr1,3899556,3901592,2036
granulosa_143,chr1,3910637,3911988,1351
granulosa_144,chr1,3924099,3925319,1220
granulosa_145,chr1,4604955,4605919,964
granulosa_146,chr1,4654002,4656721,2719
granulosa_147,chr1,5691825,5693571,1746
granulosa_148,chr1,5744311,5746169,1858
granulosa_149,chr1,5810753,5812007,1254
granulosa_150,chr1,5966421,5968046,1625
granulosa_151,chr1,5980020,5981284,1264
granulosa_152,chr1,5990916,5993574,2658
granulosa_153,chr1,6001796,6003567,1771
granulosa_154,chr1,6033818,6036033,2215
granulosa_155,chr1,6052152,6053413,1261
granulosa_156,chr1,6058393,6059221,828
granulosa_157,chr1,6127418,6128199,781
granulosa_158,chr1,6148301,6149204,903
granulosa_159,chr1,6178942,6181694,2752
granulosa_160,chr1,6198213,6200158,1945
granulosa_161,chr1,6204688,6206585,1897
granulosa_162,chr1,6208634,6209531,897
granulosa_163,chr1,6234485,6236690,2205
granulosa_164,chr1,6244879,6245668,789
granulosa_165,chr1,6248859,6249993,1134
granulosa_166,chr1,6259594,6262060,2466
granulosa_167,chr1,6275838,6277087,1249
granulosa_168,chr1,6358463,6360272,1809
granulosa_169,chr1,6363078,6363750,672
granulosa_170,chr1,6392041,6394231,2190
granulosa_171,chr1,6418838,6420949,2111
granulosa_172,chr1,6423262,6424337,1075
granulosa_173,chr1,6446952,6449498,2546
granulosa_174,chr1,6454234,6456371,2137
granulosa_175,chr1,6484909,6486781,1872
granulosa_176,chr1,6489748,6492141,2393
granulosa_177,chr1,6496296,6498123,1827
granulosa_178,chr1,6501724,6502911,1187
granulosa_179,chr1,6508735,6509608,873
granulosa_180,chr1,6510947,6512634,1687
granulosa_181,chr1,6519350,6520557,1207
granulosa_182,chr1,6553588,6554810,1222
granulosa_183,chr1,6579196,6581224,2028
granulosa_184,chr1,6586432,6587754,1322
granulosa_185,chr1,6600823,6604393,3570
granulosa_186,chr1,6612581,6615750,3169
granulosa_187,chr1,6624539,6626104,1565
granulosa_188,chr1,6650871,6652416,1545
granulosa_189,chr1,6700707,6702286,1579
granulosa_190,chr1,6724252,6725397,1145
granulosa_191,chr1,6783911,6786580,2669
granulosa_192,chr1,6934543,6936614,2071
granulosa_193,chr1,6954220,6955209,989
granulosa_194,chr1,6958338,6959353,1015
granulosa_195,chr1,6961794,6963829,2035
granulosa_196,chr1,7069625,7071214,1589
granulosa_197,chr1,7185070,7187368,2298
granulosa_198,chr1,7333310,7335628,2318
granulosa_199,chr1,7340948,7342055,1107
granulosa_200,chr1,7387398,7390111,2713
granulosa_201,chr1,7454675,7455980,1305
granulosa_202,chr1,7490835,7492366,1531
granulosa_203,chr1,7500392,7502636,2244
granulosa_204,chr1,7536146,7537740,1594
granulosa_205,chr1,7557130,7559632,2502
granulosa_206,chr1,7585675,7586797,1122
granulosa_207,chr1,7667373,7667945,572
granulosa_208,chr1,7668261,7670471,2210
granulosa_209,chr1,7679577,7681308,1731
granulosa_210,chr1,7703726,7705966,2240
granulosa_211,chr1,7752190,7753368,1178
granulosa_212,chr1,7770696,7772062,1366
granulosa_213,chr1,7783160,7784898,1738
granulosa_214,chr1,7953604,7954680,1076
granulosa_215,chr1,7960518,7962266,1748
granulosa_216,chr1,7974915,7975626,711
granulosa_217,chr1,8004063,8005505,1442
granulosa_218,chr1,8025189,8027181,1992
granulosa_219,chr1,8201901,8202919,1018
granulosa_220,chr1,8216721,8217859,1138
granulosa_221,chr1,8314062,8314795,733
granulosa_222,chr1,8317584,8318800,1216
granulosa_223,chr1,8395347,8397877,2530
granulosa_224,chr1,8407582,8409547,1965
granulosa_225,chr1,8422279,8424981,2702
granulosa_226,chr1,8438483,8439789,1306
granulosa_227,chr1,8462957,8463917,960
granulosa_228,chr1,8524853,8526314,1461
granulosa_229,chr1,8625907,8627253,1346
granulosa_230,chr1,8700947,8702409,1462
granulosa_231,chr1,8702796,8703823,1027
granulosa_232,chr1,8763628,8765398,1770
granulosa_233,chr1,8816615,8818261,1646
granulosa_234,chr1,8822434,8823157,723
granulosa_235,chr1,8828906,8830068,1162
granulosa_236,chr1,8848556,8849384,828
granulosa_237,chr1,8856971,8858587,1616
granulosa_238,chr1,8877418,8879621,2203
granulosa_239,chr1,8889303,8890763,1460
granulosa_240,chr1,8938298,8940000,1702
granulosa_241,chr1,9017407,9018754,1347
granulosa_242,chr1,9110491,9111211,720
granulosa_243,chr1,9127495,9129967,2472
granulosa_244,chr1,9181150,9183810,2660
granulosa_245,chr1,9234063,9235497,1434
granulosa_246,chr1,9241947,9243083,1136
granulosa_247,chr1,9249085,9251132,2047
granulosa_248,chr1,9266787,9267488,701
granulosa_249,chr1,9291786,9294004,2218
granulosa_250,chr1,9317614,9318384,770
granulosa_251,chr1,9320399,9321832,1433
granulosa_252,chr1,9371078,9372154,1076
granulosa_253,chr1,9399237,9400840,1603
granulosa_254,chr1,9428432,9430230,1798
granulosa_255,chr1,9538764,9540460,1696
granulosa_256,chr1,9588183,9589876,1693
granulosa_257,chr1,9626777,9627528,751
granulosa_258,chr1,9651284,9652964,1680
granulosa_259,chr1,9687091,9688117,1026
granulosa_260,chr1,9688937,9690439,1502
granulosa_261,chr1,9792059,9792975,916
granulosa_262,chr1,9822569,9824816,2247
granulosa_263,chr1,9835174,9836897,1723
granulosa_264,chr1,9849822,9851178,1356
granulosa_265,chr1,9909146,9911212,2066
granulosa_266,chr1,9942305,9943984,1679
granulosa_267,chr1,9996390,9998165,1775
granulosa_268,chr1,10032256,10033894,1638
granulosa_269,chr1,10209608,10212187,2579
granulosa_270,chr1,10377151,10379152,2001
granulosa_271,chr1,10398184,10400082,1898
granulosa_272,chr1,10429846,10431400,1554
granulosa_273,chr1,10471739,10472886,1147
granulosa_274,chr1,10474549,10475755,1206
granulosa_275,chr1,10494198,10496441,2243
granulosa_276,chr1,10518600,10519599,999
granulosa_277,chr1,10529812,10531480,1668
granulosa_278,chr1,10539062,10540960,1898
granulosa_279,chr1,10638164,10639737,1573
granulosa_280,chr1,10662813,10664606,1793
granulosa_281,chr1,10685545,10688219,2674
granulosa_282,chr1,10693574,10695342,1768
granulosa_283,chr1,10736501,10737827,1326
granulosa_284,chr1,10755118,10756515,1397
granulosa_285,chr1,10793675,10796957,3282
granulosa_286,chr1,10834800,10836321,1521
granulosa_287,chr1,10866052,10868215,2163
granulosa_288,chr1,10888178,10891437,3259
granulosa_289,chr1,10937004,10937913,909
granulosa_290,chr1,10941856,10942592,736
granulosa_291,chr1,10960448,10961495,1047
granulosa_292,chr1,11011643,11013430,1787
granulosa_293,chr1,11059054,11061169,2115
granulosa_294,chr1,11099105,11100451,1346
granulosa_295,chr1,11261755,11263022,1267
granulosa_296,chr1,11272503,11274080,1577
granulosa_297,chr1,11337418,11338862,1444
granulosa_298,chr1,11339277,11340303,1026
granulosa_299,chr1,11354934,11356539,1605
granulosa_300,chr1,11361809,11363276,1467
granulosa_301,chr1,11376651,11377516,865
granulosa_302,chr1,11394508,11395943,1435
granulosa_303,chr1,11458594,11459728,1134
granulosa_304,chr1,11478361,11480621,2260
granulosa_305,chr1,11550345,11551071,726
granulosa_306,chr1,11653793,11655514,1721
granulosa_307,chr1,11663801,11665110,1309
granulosa_308,chr1,11680303,11681942,1639
granulosa_309,chr1,11690336,11692687,2351
granulosa_310,chr1,11714491,11715950,1459
granulosa_311,chr1,11731304,11732272,968
granulosa_312,chr1,11735535,11737537,2002
granulosa_313,chr1,11802694,11803967,1273
granulosa_314,chr1,11804680,11806654,1974
granulosa_315,chr1,11858584,11859864,1280
granulosa_316,chr1,11907232,11910013,2781
granulosa_317,chr1,11925606,11926728,1122
granulosa_318,chr1,11933919,11935125,1206
granulosa_319,chr1,11979540,11980938,1398
granulosa_320,chr1,12018815,12020175,1360
granulosa_321,chr1,12066913,12068808,1895
granulosa_322,chr1,12075303,12076237,934
granulosa_323,chr1,12078762,12079918,1156
granulosa_324,chr1,12124652,12126661,2009
granulosa_325,chr1,12143163,12144166,1003
granulosa_326,chr1,12147769,12148820,1051
granulosa_327,chr1,12157392,12159164,1772
granulosa_328,chr1,12166614,12168006,1392
granulosa_329,chr1,12208182,12209498,1316
granulosa_330,chr1,12229499,12231679,2180
granulosa_331,chr1,12338858,12340963,2105
granulosa_332,chr1,12433084,12435073,1989
granulosa_333,chr1,12447697,12449723,2026
granulosa_334,chr1,12477542,12479297,1755
granulosa_335,chr1,12548687,12550444,1757
granulosa_336,chr1,12594823,12596735,1912
granulosa_337,chr1,12598612,12599513,901
granulosa_338,chr1,12615832,12617396,1564
granulosa_339,chr1,12617636,12618637,1001
granulosa_340,chr1,12618831,12620148,1317
granulosa_341,chr1,13583101,13584777,1676
granulosa_342,chr1,13699479,13701227,1748
granulosa_343,chr1,13748587,13750321,1734
granulosa_344,chr1,13892191,13893625,1434
granulosa_345,chr1,14597623,14599779,2156
granulosa_346,chr1,14779164,14780762,1598
granulosa_347,chr1,14923433,14925514,2081
granulosa_348,chr1,14944257,14945930,1673
granulosa_349,chr1,15088048,15090792,2744
granulosa_350,chr1,15152252,15154985,2733
granulosa_351,chr1,15246810,15247969,1159
granulosa_352,chr1,15370541,15372341,1800
granulosa_353,chr1,15408956,15411101,2145
granulosa_354,chr1,15426586,15427730,1144
granulosa_355,chr1,15523811,15525531,1720
granulosa_356,chr1,15526148,15527386,1238
granulosa_357,chr1,15602814,15603998,1184
granulosa_358,chr1,15616550,15618698,2148
granulosa_359,chr1,15683422,15685281,1859
granulosa_360,chr1,15703034,15704156,1122
granulosa_361,chr1,15740921,15741776,855
granulosa_362,chr1,15757175,15759634,2459
granulosa_363,chr1,15834004,15836404,2400
granulosa_364,chr1,15846999,15850279,3280
granulosa_365,chr1,15885342,15886888,1546
granulosa_366,chr1,15948907,15950246,1339
granulosa_367,chr1,15974881,15976294,1413
granulosa_368,chr1,16012602,16013629,1027
granulosa_369,chr1,16017347,16018576,1229
granulosa_370,chr1,16021452,16022323,871
granulosa_371,chr1,16032339,16033353,1014
granulosa_372,chr1,16048097,16049147,1050
granulosa_373,chr1,16055603,16056565,962
granulosa_374,chr1,16072817,16074125,1308
granulosa_375,chr1,16078690,16079409,719
granulosa_376,chr1,16143757,16144245,488
granulosa_377,chr1,16144913,16147254,2341
granulosa_378,chr1,16154592,16156384,1792
granulosa_379,chr1,16162091,16162830,739
granulosa_380,chr1,16167215,16168380,1165
granulosa_381,chr1,16181451,16182364,913
granulosa_382,chr1,16205890,16207588,1698
granulosa_383,chr1,16215841,16216624,783
granulosa_384,chr1,16216890,16218138,1248
granulosa_385,chr1,16226432,16227314,882
granulosa_386,chr1,16227504,16228980,1476
granulosa_387,chr1,16236059,16237490,1431
granulosa_388,chr1,16248188,16249363,1175
granulosa_389,chr1,16350815,16352939,2124
granulosa_390,chr1,16366662,16368729,2067
granulosa_391,chr1,16375262,16376342,1080
granulosa_392,chr1,16440037,16441589,1552
granulosa_393,chr1,16498488,16500051,1563
granulosa_394,chr1,16512884,16514783,1899
granulosa_395,chr1,16611983,16614029,2046
granulosa_396,chr1,16620651,16621520,869
granulosa_397,chr1,16643685,16645369,1684
granulosa_398,chr1,16872145,16873657,1512
granulosa_399,chr1,16888567,16889967,1400
granulosa_400,chr1,16895278,16897446,2168
granulosa_401,chr1,16903696,16905949,2253
granulosa_402,chr1,16913297,16915090,1793
granulosa_403,chr1,16921144,16922243,1099
granulosa_404,chr1,16951363,16952043,680
granulosa_405,chr1,16960293,16962113,1820
granulosa_406,chr1,16966877,16967670,793
granulosa_407,chr1,16971081,16972249,1168
granulosa_408,chr1,16978486,16980845,2359
granulosa_409,chr1,17010306,17012309,2003
granulosa_410,chr1,17013025,17014295,1270
granulosa_411,chr1,17022222,17024580,2358
granulosa_412,chr1,17045166,17046432,1266
granulosa_413,chr1,17053171,17054823,1652
granulosa_414,chr1,17118594,17119993,1399
granulosa_415,chr1,17211919,17213709,1790
granulosa_416,chr1,17422147,17424439,2292
granulosa_417,chr1,17437274,17440053,2779
granulosa_418,chr1,17537955,17541005,3050
granulosa_419,chr1,17728641,17730755,2114
granulosa_420,chr1,17927537,17928396,859
granulosa_421,chr1,18107358,18108348,990
granulosa_422,chr1,18109853,18111379,1526
granulosa_423,chr1,18319190,18320588,1398
granulosa_424,chr1,18384023,18386077,2054
granulosa_425,chr1,18442770,18443893,1123
granulosa_426,chr1,18511173,18512258,1085
granulosa_427,chr1,18883706,18884481,775
granulosa_428,chr1,18901863,18903528,1665
granulosa_429,chr1,18955399,18957513,2114
granulosa_430,chr1,19035311,19036823,1512
granulosa_431,chr1,19209124,19211164,2040
granulosa_432,chr1,19250865,19252689,1824
granulosa_433,chr1,19310840,19313158,2318
granulosa_434,chr1,19425903,19427790,1887
granulosa_435,chr1,19437550,19439026,1476
granulosa_436,chr1,19484185,19486307,2122
granulosa_437,chr1,19504288,19506103,1815
granulosa_438,chr1,19596119,19597833,1714
granulosa_439,chr1,19643596,19646000,2404
granulosa_440,chr1,19650328,19651448,1120
granulosa_441,chr1,19653495,19654149,654
granulosa_442,chr1,19659273,19660137,864
granulosa_443,chr1,19664551,19666330,1779
granulosa_444,chr1,19704240,19704950,710
granulosa_445,chr1,19715211,19716007,796
granulosa_446,chr1,19736893,19738507,1614
granulosa_447,chr1,19754209,19755078,869
granulosa_448,chr1,19799180,19800602,1422
granulosa_449,chr1,19814617,19816247,1630
granulosa_450,chr1,19844573,19845589,1016
granulosa_451,chr1,19848032,19848747,715
granulosa_452,chr1,19881855,19883245,1390
granulosa_453,chr1,19921235,19922629,1394
granulosa_454,chr1,19926610,19927786,1176
granulosa_455,chr1,19974651,19976101,1450
granulosa_456,chr1,19981191,19982632,1441
granulosa_457,chr1,20151774,20152868,1094
granulosa_458,chr1,20185373,20186819,1446
granulosa_459,chr1,20186896,20188462,1566
granulosa_460,chr1,20290243,20292064,1821
granulosa_461,chr1,20342904,20344394,1490
granulosa_462,chr1,20365727,20367509,1782
granulosa_463,chr1,20483515,20484903,1388
granulosa_464,chr1,20485152,20487519,2367
granulosa_465,chr1,20493441,20494727,1286
granulosa_466,chr1,20507070,20508442,1372
granulosa_467,chr1,20551848,20554615,2767
granulosa_468,chr1,20633037,20634939,1902
granulosa_469,chr1,20660464,20662133,1669
granulosa_470,chr1,20696114,20697463,1349
granulosa_471,chr1,20717209,20718408,1199
granulosa_472,chr1,20731300,20733449,2149
granulosa_473,chr1,20785954,20788212,2258
granulosa_474,chr1,21175319,21177446,2127
granulosa_475,chr1,21253936,21255580,1644
granulosa_476,chr1,21261615,21263242,1627
granulosa_477,chr1,21268159,21270060,1901
granulosa_478,chr1,21289263,21291190,1927
granulosa_479,chr1,21307725,21309316,1591
granulosa_480,chr1,21318525,21319884,1359
granulosa_481,chr1,21322346,21323383,1037
granulosa_482,chr1,21334078,21335241,1163
granulosa_483,chr1,21338477,21339319,842
granulosa_484,chr1,21343942,21346314,2372
granulosa_485,chr1,21368148,21369015,867
granulosa_486,chr1,21439604,21440981,1377
granulosa_487,chr1,21508613,21510422,1809
granulosa_488,chr1,21558485,21560349,1864
granulosa_489,chr1,21618344,21619652,1308
granulosa_490,chr1,21620037,21620939,902
granulosa_491,chr1,21622012,21622837,825
granulosa_492,chr1,21651098,21653082,1984
granulosa_493,chr1,21658905,21660013,1108
granulosa_494,chr1,21668376,21670045,1669
granulosa_495,chr1,21725519,21726770,1251
granulosa_496,chr1,21781533,21784159,2626
granulosa_497,chr1,21914064,21915591,1527
granulosa_498,chr1,21929684,21930515,831
granulosa_499,chr1,21936040,21937975,1935
granulosa_500,chr1,22024432,22026352,1920
granulosa_501,chr1,22052165,22054041,1876
granulosa_502,chr1,22114174,22115641,1467
granulosa_503,chr1,22120884,22122048,1164
granulosa_504,chr1,22131202,22132384,1182
granulosa_505,chr1,22133267,22134325,1058
granulosa_506,chr1,22136691,22137761,1070
granulosa_507,chr1,22141467,22143814,2347
granulosa_508,chr1,22262390,22262994,604
granulosa_509,chr1,22267341,22268337,996
granulosa_510,chr1,22318249,22319079,830
granulosa_511,chr1,22328188,22329491,1303
granulosa_512,chr1,22341771,22343241,1470
granulosa_513,chr1,22349217,22351964,2747
granulosa_514,chr1,22420253,22420823,570
granulosa_515,chr1,22451102,22452898,1796
granulosa_516,chr1,22508155,22509307,1152
granulosa_517,chr1,22529752,22531735,1983
granulosa_518,chr1,22562368,22564027,1659
granulosa_519,chr1,22684906,22686174,1268
granulosa_520,chr1,22709833,22712071,2238
granulosa_521,chr1,22790159,22791082,923
granulosa_522,chr1,22791691,22793165,1474
granulosa_523,chr1,22870032,22871170,1138
granulosa_524,chr1,22976244,22976961,717
granulosa_525,chr1,23018753,23020492,1739
granulosa_526,chr1,23167141,23169088,1947
granulosa_527,chr1,23177105,23178504,1399
granulosa_528,chr1,23216606,23217901,1295
granulosa_529,chr1,23343221,23345284,2063
granulosa_530,chr1,23367753,23370170,2417
granulosa_531,chr1,23370849,23371519,670
granulosa_532,chr1,23402908,23404380,1472
granulosa_533,chr1,23411313,23412440,1127
granulosa_534,chr1,23421759,23425369,3610
granulosa_535,chr1,23482843,23484962,2119
granulosa_536,chr1,23530470,23531778,1308
granulosa_537,chr1,23539516,23540294,778
granulosa_538,chr1,23544159,23545425,1266
granulosa_539,chr1,23553940,23555276,1336
granulosa_540,chr1,23558086,23558662,576
granulosa_541,chr1,23558966,23560155,1189
granulosa_542,chr1,23561870,23562739,869
granulosa_543,chr1,23567675,23569370,1695
granulosa_544,chr1,23619145,23620203,1058
granulosa_545,chr1,23637209,23639884,2675
granulosa_546,chr1,23691241,23692769,1528
granulosa_547,chr1,23742723,23745280,2557
granulosa_548,chr1,23777662,23778974,1312
granulosa_549,chr1,23790730,23792243,1513
granulosa_550,chr1,23799394,23801682,2288
granulosa_551,chr1,23824426,23825879,1453
granulosa_552,chr1,23837830,23839283,1453
granulosa_553,chr1,23867079,23868948,1869
granulosa_554,chr1,23902396,23903472,1076
granulosa_555,chr1,23958733,23960266,1533
granulosa_556,chr1,23979472,23981006,1534
granulosa_557,chr1,24018489,24019462,973
granulosa_558,chr1,24045619,24047094,1475
granulosa_559,chr1,24070602,24071874,1272
granulosa_560,chr1,24102727,24103973,1246
granulosa_561,chr1,24107595,24109102,1507
granulosa_562,chr1,24110610,24112877,2267
granulosa_563,chr1,24150144,24152050,1906
granulosa_564,chr1,24186467,24188055,1588
granulosa_565,chr1,24202787,24203985,1198
granulosa_566,chr1,24216016,24216995,979
granulosa_567,chr1,24321286,24323050,1764
granulosa_568,chr1,24390844,24392660,1816
granulosa_569,chr1,24413072,24413981,909
granulosa_570,chr1,24415193,24416421,1228
granulosa_571,chr1,24418954,24419684,730
granulosa_572,chr1,24501815,24503616,1801
granulosa_573,chr1,24551394,24552672,1278
granulosa_574,chr1,24555256,24556357,1101
granulosa_575,chr1,24641563,24644279,2716
granulosa_576,chr1,24664015,24665143,1128
granulosa_577,chr1,24704416,24705983,1567
granulosa_578,chr1,24735196,24736851,1655
granulosa_579,chr1,24744623,24746960,2337
granulosa_580,chr1,24847721,24848864,1143
granulosa_581,chr1,24861823,24862858,1035
granulosa_582,chr1,24929351,24930764,1413
granulosa_583,chr1,24931831,24932565,734
granulosa_584,chr1,24936416,24937242,826
granulosa_585,chr1,25231834,25233561,1727
granulosa_586,chr1,25239295,25241024,1729
granulosa_587,chr1,25245891,25248056,2165
granulosa_588,chr1,25337779,25339481,1702
granulosa_589,chr1,25429807,25432246,2439
granulosa_590,chr1,25543137,25545154,2017
granulosa_591,chr1,25566203,25567383,1180
granulosa_592,chr1,25615420,25618278,2858
granulosa_593,chr1,25683162,25684556,1394
granulosa_594,chr1,25726914,25728467,1553
granulosa_595,chr1,25799405,25800985,1580
granulosa_596,chr1,25818977,25821168,2191
granulosa_597,chr1,25858561,25860176,1615
granulosa_598,chr1,25874667,25876355,1688
granulosa_599,chr1,25895031,25895884,853
granulosa_600,chr1,25904966,25907229,2263
granulosa_601,chr1,25922258,25923967,1709
granulosa_602,chr1,25996598,25999014,2416
granulosa_603,chr1,26020938,26022433,1495
granulosa_604,chr1,26034753,26036851,2098
granulosa_605,chr1,26093504,26095158,1654
granulosa_606,chr1,26110262,26112633,2371
granulosa_607,chr1,26161188,26162264,1076
granulosa_608,chr1,26164048,26164997,949
granulosa_609,chr1,26168886,26170655,1769
granulosa_610,chr1,26188218,26190830,2612
granulosa_611,chr1,26200435,26201731,1296
granulosa_612,chr1,26224631,26225942,1311
granulosa_613,chr1,26233577,26235315,1738
granulosa_614,chr1,26279312,26280611,1299
granulosa_615,chr1,26305752,26307274,1522
granulosa_616,chr1,26335925,26337217,1292
granulosa_617,chr1,26408331,26408948,617
granulosa_618,chr1,26431434,26432881,1447
granulosa_619,chr1,26471372,26473380,2008
granulosa_620,chr1,26499987,26501784,1797
granulosa_621,chr1,26529174,26530804,1630
granulosa_622,chr1,26619890,26621906,2016
granulosa_623,chr1,26677006,26678041,1035
granulosa_624,chr1,26692168,26693480,1312
granulosa_625,chr1,26695240,26697639,2399
granulosa_626,chr1,26697888,26698541,653
granulosa_627,chr1,26722946,26724349,1403
granulosa_628,chr1,26786627,26788602,1975
granulosa_629,chr1,26788784,26789446,662
granulosa_630,chr1,26826029,26828017,1988
granulosa_631,chr1,26863816,26865976,2160
granulosa_632,chr1,26889511,26891048,1537
granulosa_633,chr1,26899381,26900855,1474
granulosa_634,chr1,26913230,26914665,1435
granulosa_635,chr1,26921066,26922682,1616
granulosa_636,chr1,26959371,26960892,1521
granulosa_637,chr1,26992933,26995227,2294
granulosa_638,chr1,26997644,26998047,403
granulosa_639,chr1,27011866,27013387,1521
granulosa_640,chr1,27031094,27032220,1126
granulosa_641,chr1,27070085,27071545,1460
granulosa_642,chr1,27098951,27100331,1380
granulosa_643,chr1,27111697,27112622,925
granulosa_644,chr1,27154240,27155745,1505
granulosa_645,chr1,27233797,27235835,2038
granulosa_646,chr1,27299310,27301392,2082
granulosa_647,chr1,27306719,27308410,1691
granulosa_648,chr1,27321550,27323122,1572
granulosa_649,chr1,27341462,27343775,2313
granulosa_650,chr1,27348815,27351778,2963
granulosa_651,chr1,27356432,27357870,1438
granulosa_652,chr1,27365259,27367228,1969
granulosa_653,chr1,27382426,27383573,1147
granulosa_654,chr1,27391361,27393400,2039
granulosa_655,chr1,27489519,27490942,1423
granulosa_656,chr1,27496275,27497535,1260
granulosa_657,chr1,27503850,27505446,1596
granulosa_658,chr1,27519091,27519939,848
granulosa_659,chr1,27526888,27529566,2678
granulosa_660,chr1,27535855,27537320,1465
granulosa_661,chr1,27556706,27558227,1521
granulosa_662,chr1,27560806,27562816,2010
granulosa_663,chr1,27568153,27569218,1065
granulosa_664,chr1,27571361,27572078,717
granulosa_665,chr1,27574811,27576370,1559
granulosa_666,chr1,27593868,27595147,1279
granulosa_667,chr1,27597147,27598642,1495
granulosa_668,chr1,27599795,27600716,921
granulosa_669,chr1,27601797,27604474,2677
granulosa_670,chr1,27633672,27634715,1043
granulosa_671,chr1,27659261,27660338,1077
granulosa_672,chr1,27662748,27663487,739
granulosa_673,chr1,27669136,27669717,581
granulosa_674,chr1,27671108,27672649,1541
granulosa_675,chr1,27713065,27714244,1179
granulosa_676,chr1,27724968,27726830,1862
granulosa_677,chr1,27772021,27774284,2263
granulosa_678,chr1,27830145,27831873,1728
granulosa_679,chr1,27857784,27859035,1251
granulosa_680,chr1,27871993,27873254,1261
granulosa_681,chr1,27913957,27915211,1254
granulosa_682,chr1,27934618,27936014,1396
granulosa_683,chr1,27959247,27961289,2042
granulosa_684,chr1,28087485,28089099,1614
granulosa_685,chr1,28232344,28233458,1114
granulosa_686,chr1,28235377,28236999,1622
granulosa_687,chr1,28246316,28247614,1298
granulosa_688,chr1,28258643,28260846,2203
granulosa_689,chr1,28296157,28297353,1196
granulosa_690,chr1,28328281,28329757,1476
granulosa_691,chr1,28369137,28370688,1551
granulosa_692,chr1,28437247,28438485,1238
granulosa_693,chr1,28505387,28506880,1493
granulosa_694,chr1,28517330,28519310,1980
granulosa_695,chr1,28552303,28553856,1553
granulosa_696,chr1,28580795,28583262,2467
granulosa_697,chr1,28591612,28593164,1552
granulosa_698,chr1,28641965,28643760,1795
granulosa_699,chr1,28647956,28649576,1620
granulosa_700,chr1,28668137,28670091,1954
granulosa_701,chr1,28735776,28738069,2293
granulosa_702,chr1,28774752,28776212,1460
granulosa_703,chr1,28830657,28831283,626
granulosa_704,chr1,28834873,28835777,904
granulosa_705,chr1,28881867,28882445,578
granulosa_706,chr1,28886670,28888527,1857
granulosa_707,chr1,28898029,28899731,1702
granulosa_708,chr1,28913862,28915607,1745
granulosa_709,chr1,29095914,29097519,1605
granulosa_710,chr1,29121208,29125668,4460
granulosa_711,chr1,29156186,29157897,1711
granulosa_712,chr1,29180553,29182580,2027
granulosa_713,chr1,29202435,29203361,926
granulosa_714,chr1,29230422,29231256,834
granulosa_715,chr1,29235948,29238620,2672
granulosa_716,chr1,29258401,29260811,2410
granulosa_717,chr1,29385590,29386487,897
granulosa_718,chr1,29413846,29414563,717
granulosa_719,chr1,29415088,29416112,1024
granulosa_720,chr1,29452193,29454208,2015
granulosa_721,chr1,29706676,29707351,675
granulosa_722,chr1,29803657,29806032,2375
granulosa_723,chr1,29900119,29901108,989
granulosa_724,chr1,29901362,29902368,1006
granulosa_725,chr1,29923896,29924949,1053
granulosa_726,chr1,30085482,30086445,963
granulosa_727,chr1,30290142,30291149,1007
granulosa_728,chr1,30378876,30380668,1792
granulosa_729,chr1,30684795,30686936,2141
granulosa_730,chr1,30707708,30708440,732
granulosa_731,chr1,30717763,30719682,1919
granulosa_732,chr1,30782169,30783561,1392
granulosa_733,chr1,30823265,30824995,1730
granulosa_734,chr1,30907378,30909240,1862
granulosa_735,chr1,30928803,30931795,2992
granulosa_736,chr1,31064688,31066270,1582
granulosa_737,chr1,31154283,31155849,1566
granulosa_738,chr1,31181273,31182769,1496
granulosa_739,chr1,31214487,31216575,2088
granulosa_740,chr1,31238661,31240187,1526
granulosa_741,chr1,31296177,31298109,1932
granulosa_742,chr1,31372350,31374103,1753
granulosa_743,chr1,31394425,31395207,782
granulosa_744,chr1,31412794,31414812,2018
granulosa_745,chr1,31510862,31511707,845
granulosa_746,chr1,31530441,31532670,2229
granulosa_747,chr1,31548249,31549994,1745
granulosa_748,chr1,31573730,31574893,1163
granulosa_749,chr1,31587758,31589485,1727
granulosa_750,chr1,31617212,31618523,1311
granulosa_751,chr1,31626074,31628543,2469
granulosa_752,chr1,31643964,31645651,1687
granulosa_753,chr1,31669419,31670922,1503
granulosa_754,chr1,31703476,31705558,2082
granulosa_755,chr1,31714280,31715984,1704
granulosa_756,chr1,31760390,31761240,850
granulosa_757,chr1,31762512,31763203,691
granulosa_758,chr1,31763702,31764746,1044
granulosa_759,chr1,31771726,31773042,1316
granulosa_760,chr1,31781063,31783425,2362
granulosa_761,chr1,31788022,31789664,1642
granulosa_762,chr1,31937274,31938934,1660
granulosa_763,chr1,31939587,31940177,590
granulosa_764,chr1,31943921,31945110,1189
granulosa_765,chr1,31963887,31964660,773
granulosa_766,chr1,31986632,31987839,1207
granulosa_767,chr1,32013038,32015218,2180
granulosa_768,chr1,32062145,32063836,1691
granulosa_769,chr1,32072240,32073766,1526
granulosa_770,chr1,32107279,32109620,2341
granulosa_771,chr1,32179176,32180853,1677
granulosa_772,chr1,32199645,32201761,2116
granulosa_773,chr1,32204942,32206355,1413
granulosa_774,chr1,32211857,32212853,996
granulosa_775,chr1,32214718,32216003,1285
granulosa_776,chr1,32221709,32223081,1372
granulosa_777,chr1,32239111,32241818,2707
granulosa_778,chr1,32248011,32248879,868
granulosa_779,chr1,32291211,32293003,1792
granulosa_780,chr1,32334341,32336799,2458
granulosa_781,chr1,32345087,32345884,797
granulosa_782,chr1,32350824,32352429,1605
granulosa_783,chr1,32353539,32354490,951
granulosa_784,chr1,32360977,32362740,1763
granulosa_785,chr1,32393841,32395347,1506
granulosa_786,chr1,32400518,32401442,924
granulosa_787,chr1,32426366,32427786,1420
granulosa_788,chr1,32463994,32465672,1678
granulosa_789,chr1,32499930,32501190,1260
granulosa_790,chr1,32538895,32540656,1761
granulosa_791,chr1,32611885,32612840,955
granulosa_792,chr1,32649974,32651818,1844
granulosa_793,chr1,32701281,32704267,2986
granulosa_794,chr1,32711902,32712688,786
granulosa_795,chr1,32741039,32742809,1770
granulosa_796,chr1,32753493,32755556,2063
granulosa_797,chr1,32759460,32760671,1211
granulosa_798,chr1,32760857,32761832,975
granulosa_799,chr1,32764848,32766318,1470
granulosa_800,chr1,32766479,32768030,1551
granulosa_801,chr1,32770304,32772086,1782
granulosa_802,chr1,32816565,32818951,2386
granulosa_803,chr1,32869919,32872975,3056
granulosa_804,chr1,32885755,32887020,1265
granulosa_805,chr1,32892607,32894489,1882
granulosa_806,chr1,32900346,32901831,1485
granulosa_807,chr1,32924740,32926907,2167
granulosa_808,chr1,32939399,32940590,1191
granulosa_809,chr1,32963153,32965210,2057
granulosa_810,chr1,32972443,32973476,1033
granulosa_811,chr1,33036008,33037248,1240
granulosa_812,chr1,33080537,33082682,2145
granulosa_813,chr1,33126577,33127921,1344
granulosa_814,chr1,33160718,33161900,1182
granulosa_815,chr1,33180437,33182865,2428
granulosa_816,chr1,33255328,33257639,2311
granulosa_817,chr1,33306003,33307470,1467
granulosa_818,chr1,33348623,33350703,2080
granulosa_819,chr1,33363441,33364871,1430
granulosa_820,chr1,33429911,33431478,1567
granulosa_821,chr1,33470302,33470946,644
granulosa_822,chr1,33471537,33473082,1545
granulosa_823,chr1,34056889,34058158,1269
granulosa_824,chr1,34162834,34165544,2710
granulosa_825,chr1,34529381,34531013,1632
granulosa_826,chr1,34852394,34853270,876
granulosa_827,chr1,34858656,34860170,1514
granulosa_828,chr1,34865304,34866845,1541
granulosa_829,chr1,34884928,34886301,1373
granulosa_830,chr1,34924677,34925368,691
granulosa_831,chr1,34928733,34930721,1988
granulosa_832,chr1,34983731,34985661,1930
granulosa_833,chr1,35030249,35032285,2036
granulosa_834,chr1,35078568,35080039,1471
granulosa_835,chr1,35143560,35145581,2021
granulosa_836,chr1,35173835,35175282,1447
granulosa_837,chr1,35191757,35193832,2075
granulosa_838,chr1,35268274,35269791,1517
granulosa_839,chr1,35556806,35559195,2389
granulosa_840,chr1,35572924,35573707,783
granulosa_841,chr1,35640810,35642237,1427
granulosa_842,chr1,35706978,35709019,2041
granulosa_843,chr1,35717710,35719345,1635
granulosa_844,chr1,35725101,35727206,2105
granulosa_845,chr1,35768966,35770376,1410
granulosa_846,chr1,35807346,35809179,1833
granulosa_847,chr1,35882633,35884434,1801
granulosa_848,chr1,35930091,35932068,1977
granulosa_849,chr1,36083685,36085028,1343
granulosa_850,chr1,36088290,36090095,1805
granulosa_851,chr1,36124592,36126167,1575
granulosa_852,chr1,36148634,36150071,1437
granulosa_853,chr1,36150369,36151159,790
granulosa_854,chr1,36155139,36157784,2645
granulosa_855,chr1,36174903,36176636,1733
granulosa_856,chr1,36177832,36179436,1604
granulosa_857,chr1,36187651,36188521,870
granulosa_858,chr1,36203302,36204606,1304
granulosa_859,chr1,36223172,36225348,2176
granulosa_860,chr1,36305603,36307903,2300
granulosa_861,chr1,36320248,36321893,1645
granulosa_862,chr1,36322222,36324671,2449
granulosa_863,chr1,36368780,36369371,591
granulosa_864,chr1,36384681,36386987,2306
granulosa_865,chr1,36396986,36398181,1195
granulosa_866,chr1,36449790,36451238,1448
granulosa_867,chr1,36463461,36465387,1926
granulosa_868,chr1,36923894,36924896,1002
granulosa_869,chr1,36988177,36989801,1624
granulosa_870,chr1,37033801,37035242,1441
granulosa_871,chr1,37473708,37475084,1376
granulosa_872,chr1,37476405,37477684,1279
granulosa_873,chr1,37513569,37515496,1927
granulosa_874,chr1,37553725,37554771,1046
granulosa_875,chr1,37556558,37557457,899
granulosa_876,chr1,37595164,37596467,1303
granulosa_877,chr1,37630508,37631584,1076
granulosa_878,chr1,37633259,37635129,1870
granulosa_879,chr1,37649704,37650825,1121
granulosa_880,chr1,37689489,37690849,1360
granulosa_881,chr1,37691455,37692872,1417
granulosa_882,chr1,37752453,37753518,1065
granulosa_883,chr1,37793342,37795729,2387
granulosa_884,chr1,37807269,37809396,2127
granulosa_885,chr1,37858743,37860406,1663
granulosa_886,chr1,37930793,37932261,1468
granulosa_887,chr1,37945665,37947259,1594
granulosa_888,chr1,37989071,37990687,1616
granulosa_889,chr1,37995390,37996926,1536
granulosa_890,chr1,37999316,38001637,2321
granulosa_891,chr1,38003818,38006481,2663
granulosa_892,chr1,38012008,38013349,1341
granulosa_893,chr1,38028680,38031182,2502
granulosa_894,chr1,38045962,38048057,2095
granulosa_895,chr1,38138330,38139032,702
granulosa_896,chr1,38335753,38337495,1742
granulosa_897,chr1,38474722,38477337,2615
granulosa_898,chr1,38746199,38747906,1707
granulosa_899,chr1,38817712,38819263,1551
granulosa_900,chr1,38858577,38860620,2043
granulosa_901,chr1,38872155,38874138,1983
granulosa_902,chr1,38990433,38992649,2216
granulosa_903,chr1,39025459,39027510,2051
granulosa_904,chr1,39076050,39077021,971
granulosa_905,chr1,39080505,39082689,2184
granulosa_906,chr1,39098006,39098991,985
granulosa_907,chr1,39104683,39106888,2205
granulosa_908,chr1,39204171,39206011,1840
granulosa_909,chr1,39267842,39269344,1502
granulosa_910,chr1,39408122,39409830,1708
granulosa_911,chr1,39490648,39492375,1727
granulosa_912,chr1,39558735,39560100,1365
granulosa_913,chr1,39575089,39577300,2211
granulosa_914,chr1,39632323,39633697,1374
granulosa_915,chr1,39639128,39640161,1033
granulosa_916,chr1,39646032,39647170,1138
granulosa_917,chr1,39671202,39672948,1746
granulosa_918,chr1,39690888,39692863,1975
granulosa_919,chr1,39700591,39702181,1590
granulosa_920,chr1,39738384,39739723,1339
granulosa_921,chr1,39788041,39789710,1669
granulosa_922,chr1,39845259,39846746,1487
granulosa_923,chr1,39882252,39883918,1666
granulosa_924,chr1,39892286,39893509,1223
granulosa_925,chr1,39900694,39902754,2060
granulosa_926,chr1,39954612,39956533,1921
granulosa_927,chr1,40039177,40041522,2345
granulosa_928,chr1,40084569,40085402,833
granulosa_929,chr1,40096660,40097804,1144
granulosa_930,chr1,40160869,40163337,2468
granulosa_931,chr1,40256694,40258698,2004
granulosa_932,chr1,40308073,40308937,864
granulosa_933,chr1,40314741,40317723,2982
granulosa_934,chr1,40373074,40374963,1889
granulosa_935,chr1,40449493,40451263,1770
granulosa_936,chr1,40476760,40478254,1494
granulosa_937,chr1,40508265,40509586,1321
granulosa_938,chr1,40530949,40532319,1370
granulosa_939,chr1,40633582,40634568,986
granulosa_940,chr1,40664695,40666055,1360
granulosa_941,chr1,40668699,40669170,471
granulosa_942,chr1,40690754,40692794,2040
granulosa_943,chr1,40708595,40710107,1512
granulosa_944,chr1,40783186,40785081,1895
granulosa_945,chr1,40798728,40799933,1205
granulosa_946,chr1,40802006,40802843,837
granulosa_947,chr1,40817619,40819231,1612
granulosa_948,chr1,40860883,40862847,1964
granulosa_949,chr1,40978916,40981096,2180
granulosa_950,chr1,41003072,41004458,1386
granulosa_951,chr1,41101809,41103045,1236
granulosa_952,chr1,41240231,41242840,2609
granulosa_953,chr1,41282451,41284091,1640
granulosa_954,chr1,41357489,41358564,1075
granulosa_955,chr1,41360719,41362278,1559
granulosa_956,chr1,41365718,41367178,1460
granulosa_957,chr1,41371659,41372641,982
granulosa_958,chr1,41380617,41383714,3097
granulosa_959,chr1,41387491,41388138,647
granulosa_960,chr1,41394733,41395663,930
granulosa_961,chr1,41404030,41404979,949
granulosa_962,chr1,41416060,41417404,1344
granulosa_963,chr1,41431736,41433429,1693
granulosa_964,chr1,41474422,41475449,1027
granulosa_965,chr1,41482074,41482814,740
granulosa_966,chr1,41484138,41485117,979
granulosa_967,chr1,41494989,41497230,2241
granulosa_968,chr1,41515718,41517727,2009
granulosa_969,chr1,41661301,41663182,1881
granulosa_970,chr1,41917218,41919022,1804
granulosa_971,chr1,42034613,42036582,1969
granulosa_972,chr1,42171883,42173672,1789
granulosa_973,chr1,42333656,42336267,2611
granulosa_974,chr1,42379689,42381358,1669
granulosa_975,chr1,42420147,42422142,1995
granulosa_976,chr1,42432722,42433880,1158
granulosa_977,chr1,42455560,42457130,1570
granulosa_978,chr1,42462683,42464288,1605
granulosa_979,chr1,42657700,42659390,1690
granulosa_980,chr1,42681010,42683581,2571
granulosa_981,chr1,42764848,42767816,2968
granulosa_982,chr1,42815859,42817630,1771
granulosa_983,chr1,42845861,42847450,1589
granulosa_984,chr1,42923762,42925698,1936
granulosa_985,chr1,42957134,42959511,2377
granulosa_986,chr1,42962530,42963939,1409
granulosa_987,chr1,43006589,43009284,2695
granulosa_988,chr1,43067742,43068993,1251
granulosa_989,chr1,43147154,43148245,1091
granulosa_990,chr1,43171329,43172883,1554
granulosa_991,chr1,43348299,43350295,1996
granulosa_992,chr1,43357943,43359494,1551
granulosa_993,chr1,43366762,43368866,2104
granulosa_994,chr1,43389129,43390571,1442
granulosa_995,chr1,43452753,43454875,2122
granulosa_996,chr1,43530520,43532044,1524
granulosa_997,chr1,43540286,43541125,839
granulosa_998,chr1,43549759,43550782,1023
granulosa_999,chr1,43557676,43559356,1680
granulosa_1000,chr1,43563527,43564759,1232
granulosa_1001,chr1,43565291,43566841,1550
granulosa_1002,chr1,43621521,43623132,1611
granulosa_1003,chr1,43649115,43651641,2526
granulosa_1004,chr1,43706287,43708435,2148
granulosa_1005,chr1,43762725,43763823,1098
granulosa_1006,chr1,43836325,43837687,1362
granulosa_1007,chr1,43933084,43935088,2004
granulosa_1008,chr1,43935601,43936965,1364
granulosa_1009,chr1,43945780,43948333,2553
granulosa_1010,chr1,43952710,43954346,1636
granulosa_1011,chr1,43969341,43970354,1013
granulosa_1012,chr1,43974190,43975947,1757
granulosa_1013,chr1,43978638,43980199,1561
granulosa_1014,chr1,43990902,43992852,1950
granulosa_1015,chr1,44019220,44020382,1162
granulosa_1016,chr1,44029320,44031981,2661
granulosa_1017,chr1,44035633,44037623,1990
granulosa_1018,chr1,44212406,44214038,1632
granulosa_1019,chr1,44237724,44238772,1048
granulosa_1020,chr1,44249228,44251011,1783
granulosa_1021,chr1,44354404,44355681,1277
granulosa_1022,chr1,44404919,44408146,3227
granulosa_1023,chr1,44416986,44418591,1605
granulosa_1024,chr1,44523676,44525832,2156
granulosa_1025,chr1,44602516,44604454,1938
granulosa_1026,chr1,44609283,44611022,1739
granulosa_1027,chr1,44616523,44617703,1180
granulosa_1028,chr1,44631295,44632918,1623
granulosa_1029,chr1,44636675,44638498,1823
granulosa_1030,chr1,44661620,44662987,1367
granulosa_1031,chr1,44673368,44675057,1689
granulosa_1032,chr1,44730156,44731562,1406
granulosa_1033,chr1,44739067,44740439,1372
granulosa_1034,chr1,44774913,44776806,1893
granulosa_1035,chr1,44783712,44784951,1239
granulosa_1036,chr1,44785993,44786882,889
granulosa_1037,chr1,44799431,44801053,1622
granulosa_1038,chr1,44807058,44808835,1777
granulosa_1039,chr1,44812914,44814093,1179
granulosa_1040,chr1,44818966,44820978,2012
granulosa_1041,chr1,44835708,44836338,630
granulosa_1042,chr1,44842449,44843756,1307
granulosa_1043,chr1,44866940,44868104,1164
granulosa_1044,chr1,44878749,44879767,1018
granulosa_1045,chr1,44985731,44987198,1467
granulosa_1046,chr1,45010252,45011508,1256
granulosa_1047,chr1,45011751,45013097,1346
granulosa_1048,chr1,45014467,45014954,487
granulosa_1049,chr1,45205013,45207109,2096
granulosa_1050,chr1,45265362,45266797,1435
granulosa_1051,chr1,45302997,45304823,1826
granulosa_1052,chr1,45326282,45328405,2123
granulosa_1053,chr1,45339166,45341125,1959
granulosa_1054,chr1,45348474,45349657,1183
granulosa_1055,chr1,45489928,45491731,1803
granulosa_1056,chr1,45499138,45500608,1470
granulosa_1057,chr1,45518620,45519593,973
granulosa_1058,chr1,45520690,45522332,1642
granulosa_1059,chr1,45550145,45551762,1617
granulosa_1060,chr1,45582956,45585259,2303
granulosa_1061,chr1,45685434,45687675,2241
granulosa_1062,chr1,45687829,45688528,699
granulosa_1063,chr1,45749823,45751133,1310
granulosa_1064,chr1,45802660,45804893,2233
granulosa_1065,chr1,45912995,45914352,1357
granulosa_1066,chr1,46131237,46133833,2596
granulosa_1067,chr1,46197621,46198920,1299
granulosa_1068,chr1,46202712,46204768,2056
granulosa_1069,chr1,46246600,46248516,1916
granulosa_1070,chr1,46300706,46304392,3686
granulosa_1071,chr1,46339207,46342271,3064
granulosa_1072,chr1,46347845,46348610,765
granulosa_1073,chr1,46393623,46395582,1959
granulosa_1074,chr1,46405829,46407638,1809
granulosa_1075,chr1,46442136,46443258,1122
granulosa_1076,chr1,46466000,46467528,1528
granulosa_1077,chr1,46478767,46480460,1693
granulosa_1078,chr1,46488905,46490987,2082
granulosa_1079,chr1,46527838,46528814,976
granulosa_1080,chr1,46532651,46533761,1110
granulosa_1081,chr1,46549427,46551241,1814
granulosa_1082,chr1,46582697,46584140,1443
granulosa_1083,chr1,46603463,46604589,1126
granulosa_1084,chr1,46612715,46614198,1483
granulosa_1085,chr1,46615856,46617217,1361
granulosa_1086,chr1,46667374,46668764,1390
granulosa_1087,chr1,46718127,46719576,1449
granulosa_1088,chr1,47022961,47024867,1906
granulosa_1089,chr1,47178894,47179921,1027
granulosa_1090,chr1,47180714,47181777,1063
granulosa_1091,chr1,47189579,47190613,1034
granulosa_1092,chr1,47224506,47226648,2142
granulosa_1093,chr1,47230782,47232758,1976
granulosa_1094,chr1,47313093,47314950,1857
granulosa_1095,chr1,47332870,47335089,2219
granulosa_1096,chr1,47432162,47432926,764
granulosa_1097,chr1,47437020,47438260,1240
granulosa_1098,chr1,47443189,47445415,2226
granulosa_1099,chr1,47507701,47509407,1706
granulosa_1100,chr1,47532300,47534279,1979
granulosa_1101,chr1,47569666,47570735,1069
granulosa_1102,chr1,47592218,47593605,1387
granulosa_1103,chr1,47708581,47710981,2400
granulosa_1104,chr1,47724786,47726576,1790
granulosa_1105,chr1,47766458,47767268,810
granulosa_1106,chr1,47805611,47806619,1008
granulosa_1107,chr1,47934077,47935038,961
granulosa_1108,chr1,47983359,47984633,1274
granulosa_1109,chr1,47996136,47997954,1818
granulosa_1110,chr1,48024707,48025659,952
granulosa_1111,chr1,48051454,48052973,1519
granulosa_1112,chr1,48471108,48472700,1592
granulosa_1113,chr1,48775642,48777880,2238
granulosa_1114,chr1,50022997,50024604,1607
granulosa_1115,chr1,50332659,50334030,1371
granulosa_1116,chr1,50418465,50419559,1094
granulosa_1117,chr1,50959198,50960844,1646
granulosa_1118,chr1,50967930,50970389,2459
granulosa_1119,chr1,50976378,50979096,2718
granulosa_1120,chr1,51235108,51237542,2434
granulosa_1121,chr1,51283987,51285192,1205
granulosa_1122,chr1,51295873,51297612,1739
granulosa_1123,chr1,51316081,51317113,1032
granulosa_1124,chr1,51329395,51330960,1565
granulosa_1125,chr1,51344349,51345605,1256
granulosa_1126,chr1,51421603,51423855,2252
granulosa_1127,chr1,51517476,51519616,2140
granulosa_1128,chr1,51616683,51617978,1295
granulosa_1129,chr1,51728732,51730425,1693
granulosa_1130,chr1,51877446,51879614,2168
granulosa_1131,chr1,51989480,51991083,1603
granulosa_1132,chr1,52005264,52006185,921
granulosa_1133,chr1,52032205,52034055,1850
granulosa_1134,chr1,52054414,52057145,2731
granulosa_1135,chr1,52140880,52143139,2259
granulosa_1136,chr1,52364980,52366683,1703
granulosa_1137,chr1,52368337,52368983,646
granulosa_1138,chr1,52403475,52405242,1767
granulosa_1139,chr1,52552139,52554088,1949
granulosa_1140,chr1,52601777,52603572,1795
granulosa_1141,chr1,52631371,52633671,2300
granulosa_1142,chr1,52697667,52698709,1042
granulosa_1143,chr1,52702743,52703715,972
granulosa_1144,chr1,52725944,52727473,1529
granulosa_1145,chr1,52842356,52843817,1461
granulosa_1146,chr1,52920546,52921929,1383
granulosa_1147,chr1,52926685,52928322,1637
granulosa_1148,chr1,53014530,53015866,1336
granulosa_1149,chr1,53061311,53064177,2866
granulosa_1150,chr1,53145637,53146713,1076
granulosa_1151,chr1,53195978,53197685,1707
granulosa_1152,chr1,53219533,53221033,1500
granulosa_1153,chr1,53237684,53239244,1560
granulosa_1154,chr1,53325746,53328989,3243
granulosa_1155,chr1,53370501,53371725,1224
granulosa_1156,chr1,53379386,53380878,1492
granulosa_1157,chr1,53524387,53525318,931
granulosa_1158,chr1,53737679,53739692,2013
granulosa_1159,chr1,53837054,53838828,1774
granulosa_1160,chr1,53889192,53890742,1550
granulosa_1161,chr1,53944907,53946751,1844
granulosa_1162,chr1,53949517,53949972,455
granulosa_1163,chr1,54051878,54054146,2268
granulosa_1164,chr1,54121204,54122509,1305
granulosa_1165,chr1,54199278,54200907,1629
granulosa_1166,chr1,54219755,54220854,1099
granulosa_1167,chr1,54259339,54261254,1915
granulosa_1168,chr1,54272286,54274169,1883
granulosa_1169,chr1,54334909,54336078,1169
granulosa_1170,chr1,54342125,54343630,1505
granulosa_1171,chr1,54355651,54357222,1571
granulosa_1172,chr1,54396176,54397850,1674
granulosa_1173,chr1,54404881,54408149,3268
granulosa_1174,chr1,54474249,54476953,2704
granulosa_1175,chr1,54479203,54479730,527
granulosa_1176,chr1,54487485,54489735,2250
granulosa_1177,chr1,54498846,54500404,1558
granulosa_1178,chr1,54541672,54543380,1708
granulosa_1179,chr1,54547451,54549465,2014
granulosa_1180,chr1,54581259,54582102,843
granulosa_1181,chr1,54715124,54716390,1266
granulosa_1182,chr1,54763574,54765146,1572
granulosa_1183,chr1,54800102,54801742,1640
granulosa_1184,chr1,54885704,54888129,2425
granulosa_1185,chr1,54922579,54923387,808
granulosa_1186,chr1,54949900,54951163,1263
granulosa_1187,chr1,54979918,54981208,1290
granulosa_1188,chr1,54996246,54997838,1592
granulosa_1189,chr1,55021753,55022574,821
granulosa_1190,chr1,55039093,55040915,1822
granulosa_1191,chr1,55049015,55050731,1716
granulosa_1192,chr1,55211103,55211746,643
granulosa_1193,chr1,55213730,55216287,2557
granulosa_1194,chr1,55522184,55523342,1158
granulosa_1195,chr1,56476890,56478118,1228
granulosa_1196,chr1,56527442,56528367,925
granulosa_1197,chr1,56551376,56552140,764
granulosa_1198,chr1,56576859,56579877,3018
granulosa_1199,chr1,56644153,56646374,2221
granulosa_1200,chr1,56797100,56798894,1794
granulosa_1201,chr1,56810625,56811786,1161
granulosa_1202,chr1,56817643,56819791,2148
granulosa_1203,chr1,57421993,57425140,3147
granulosa_1204,chr1,58089292,58090861,1569
granulosa_1205,chr1,58113012,58113928,916
granulosa_1206,chr1,58248668,58250709,2041
granulosa_1207,chr1,58545341,58547067,1726
granulosa_1208,chr1,58548992,58549854,862
granulosa_1209,chr1,58576062,58577630,1568
granulosa_1210,chr1,58699114,58700427,1313
granulosa_1211,chr1,58779303,58781262,1959
granulosa_1212,chr1,58781491,58781977,486
granulosa_1213,chr1,58782693,58785957,3264
granulosa_1214,chr1,58813932,58816762,2830
granulosa_1215,chr1,58903179,58904332,1153
granulosa_1216,chr1,59012828,59014374,1546
granulosa_1217,chr1,59146417,59147609,1192
granulosa_1218,chr1,59295622,59297416,1794
granulosa_1219,chr1,59392757,59394133,1376
granulosa_1220,chr1,59747081,59748369,1288
granulosa_1221,chr1,59759069,59759788,719
granulosa_1222,chr1,59814114,59816258,2144
granulosa_1223,chr1,59926250,59927373,1123
granulosa_1224,chr1,60621068,60622905,1837
granulosa_1225,chr1,61011023,61012325,1302
granulosa_1226,chr1,61042537,61043942,1405
granulosa_1227,chr1,61049627,61051289,1662
granulosa_1228,chr1,61056299,61058006,1707
granulosa_1229,chr1,61076518,61077561,1043
granulosa_1230,chr1,61077706,61078261,555
granulosa_1231,chr1,61079414,61080216,802
granulosa_1232,chr1,61081595,61083882,2287
granulosa_1233,chr1,61115817,61116946,1129
granulosa_1234,chr1,61168465,61169571,1106
granulosa_1235,chr1,61183183,61185005,1822
granulosa_1236,chr1,61192401,61193433,1032
granulosa_1237,chr1,61337130,61338501,1371
granulosa_1238,chr1,61452450,61453838,1388
granulosa_1239,chr1,61724315,61725750,1435
granulosa_1240,chr1,61741512,61743591,2079
granulosa_1241,chr1,61951657,61952941,1284
granulosa_1242,chr1,62194318,62195563,1245
granulosa_1243,chr1,62262837,62264123,1286
granulosa_1244,chr1,62285424,62287496,2072
granulosa_1245,chr1,62312454,62313337,883
granulosa_1246,chr1,62318036,62319749,1713
granulosa_1247,chr1,62435656,62438470,2814
granulosa_1248,chr1,62687257,62688975,1718
granulosa_1249,chr1,62782852,62785103,2251
granulosa_1250,chr1,63073420,63074694,1274
granulosa_1251,chr1,63316543,63317793,1250
granulosa_1252,chr1,63322116,63324134,2018
granulosa_1253,chr1,63366960,63368458,1498
granulosa_1254,chr1,63522455,63524467,2012
granulosa_1255,chr1,63592801,63594627,1826
granulosa_1256,chr1,63773569,63775586,2017
granulosa_1257,chr1,64171536,64174331,2795
granulosa_1258,chr1,64469155,64471889,2734
granulosa_1259,chr1,64474535,64475037,502
granulosa_1260,chr1,64480814,64481728,914
granulosa_1261,chr1,64501914,64503677,1763
granulosa_1262,chr1,64505125,64506604,1479
granulosa_1263,chr1,64513632,64514726,1094
granulosa_1264,chr1,64536034,64537640,1606
granulosa_1265,chr1,64744090,64746504,2414
granulosa_1266,chr1,64965206,64967666,2460
granulosa_1267,chr1,65002207,65003566,1359
granulosa_1268,chr1,65065902,65068979,3077
granulosa_1269,chr1,65147248,65149673,2425
granulosa_1270,chr1,65253950,65255951,2001
granulosa_1271,chr1,65265253,65266488,1235
granulosa_1272,chr1,65308758,65310563,1805
granulosa_1273,chr1,65419552,65421709,2157
granulosa_1274,chr1,65524865,65526284,1419
granulosa_1275,chr1,65687323,65688540,1217
granulosa_1276,chr1,65791826,65793736,1910
granulosa_1277,chr1,66271035,66272229,1194
granulosa_1278,chr1,66331369,66332809,1440
granulosa_1279,chr1,66412510,66414388,1878
granulosa_1280,chr1,66532778,66534388,1610
granulosa_1281,chr1,66923919,66925709,1790
granulosa_1282,chr1,66929732,66931142,1410
granulosa_1283,chr1,67052530,67054709,2179
granulosa_1284,chr1,67141298,67142172,874
granulosa_1285,chr1,67428895,67431296,2401
granulosa_1286,chr1,67478744,67480068,1324
granulosa_1287,chr1,67645457,67647621,2164
granulosa_1288,chr1,67684237,67687219,2982
granulosa_1289,chr1,67735202,67736714,1512
granulosa_1290,chr1,67765693,67766989,1296
granulosa_1291,chr1,67831289,67833898,2609
granulosa_1292,chr1,68049663,68050893,1230
granulosa_1293,chr1,68051295,68052083,788
granulosa_1294,chr1,68140466,68142747,2281
granulosa_1295,chr1,68173112,68174681,1569
granulosa_1296,chr1,68230095,68233180,3085
granulosa_1297,chr1,68293012,68294597,1585
granulosa_1298,chr1,68322824,68323804,980
granulosa_1299,chr1,68496014,68497666,1652
granulosa_1300,chr1,68808112,68809092,980
granulosa_1301,chr1,69566754,69568951,2197
granulosa_1302,chr1,69569248,69570552,1304
granulosa_1303,chr1,70204644,70206725,2081
granulosa_1304,chr1,70220968,70222070,1102
granulosa_1305,chr1,70353384,70355174,1790
granulosa_1306,chr1,70410090,70411830,1740
granulosa_1307,chr1,71018790,71020162,1372
granulosa_1308,chr1,71046484,71048197,1713
granulosa_1309,chr1,71080128,71082059,1931
granulosa_1310,chr1,72281896,72285304,3408
granulosa_1311,chr1,74197454,74199212,1758
granulosa_1312,chr1,74342941,74343856,915
granulosa_1313,chr1,74395280,74397478,2198
granulosa_1314,chr1,74419659,74421390,1731
granulosa_1315,chr1,74673056,74674370,1314
granulosa_1316,chr1,74732056,74734012,1956
granulosa_1317,chr1,75136110,75137522,1412
granulosa_1318,chr1,75614431,75617119,2688
granulosa_1319,chr1,75723657,75725611,1954
granulosa_1320,chr1,75785565,75786826,1261
granulosa_1321,chr1,76021097,76022152,1055
granulosa_1322,chr1,76073985,76075468,1483
granulosa_1323,chr1,76867232,76869302,2070
granulosa_1324,chr1,77218350,77220130,1780
granulosa_1325,chr1,77281445,77283281,1836
granulosa_1326,chr1,77489344,77490497,1153
granulosa_1327,chr1,77513842,77515825,1983
granulosa_1328,chr1,77681691,77683999,2308
granulosa_1329,chr1,77758615,77760101,1486
granulosa_1330,chr1,77779000,77780357,1357
granulosa_1331,chr1,77888018,77890001,1983
granulosa_1332,chr1,77977906,77980237,2331
granulosa_1333,chr1,78003873,78005451,1578
granulosa_1334,chr1,78045266,78048058,2792
granulosa_1335,chr1,78490461,78492086,1625
granulosa_1336,chr1,78619134,78621001,1867
granulosa_1337,chr1,78649215,78650759,1544
granulosa_1338,chr1,80891330,80893583,2253
granulosa_1339,chr1,81141905,81143611,1706
granulosa_1340,chr1,81305732,81306741,1009
granulosa_1341,chr1,81463242,81464725,1483
granulosa_1342,chr1,81680888,81682794,1906
granulosa_1343,chr1,81799959,81803757,3798
granulosa_1344,chr1,81833585,81834596,1011
granulosa_1345,chr1,81919902,81920784,882
granulosa_1346,chr1,83998292,83999651,1359
granulosa_1347,chr1,84077169,84079085,1916
granulosa_1348,chr1,84298039,84299421,1382
granulosa_1349,chr1,84302480,84303634,1154
granulosa_1350,chr1,84478756,84480340,1584
granulosa_1351,chr1,84504625,84507135,2510
granulosa_1352,chr1,84572940,84574864,1924
granulosa_1353,chr1,84602920,84604812,1892
granulosa_1354,chr1,84620246,84621292,1046
granulosa_1355,chr1,84689347,84691307,1960
granulosa_1356,chr1,84892321,84893690,1369
granulosa_1357,chr1,84944533,84945504,971
granulosa_1358,chr1,84996421,84998655,2234
granulosa_1359,chr1,85047092,85049037,1945
granulosa_1360,chr1,85061448,85062732,1284
granulosa_1361,chr1,85137068,85138094,1026
granulosa_1362,chr1,85200047,85202288,2241
granulosa_1363,chr1,85224052,85226342,2290
granulosa_1364,chr1,85258467,85260346,1879
granulosa_1365,chr1,85275664,85277124,1460
granulosa_1366,chr1,85307653,85308726,1073
granulosa_1367,chr1,85463802,85465557,1755
granulosa_1368,chr1,85576271,85577399,1128
granulosa_1369,chr1,85577565,85578788,1223
granulosa_1370,chr1,85580151,85581813,1662
granulosa_1371,chr1,85582027,85584887,2860
granulosa_1372,chr1,85706960,85709098,2138
granulosa_1373,chr1,86154555,86157301,2746
granulosa_1374,chr1,86395180,86396874,1694
granulosa_1375,chr1,86502000,86504448,2448
granulosa_1376,chr1,86703664,86706279,2615
granulosa_1377,chr1,86773347,86775227,1880
granulosa_1378,chr1,86913432,86915951,2519
granulosa_1379,chr1,87131565,87133015,1450
granulosa_1380,chr1,87225906,87226893,987
granulosa_1381,chr1,87292628,87294269,1641
granulosa_1382,chr1,87327906,87329547,1641
granulosa_1383,chr1,87331112,87332117,1005
granulosa_1384,chr1,87334380,87335790,1410
granulosa_1385,chr1,87560235,87561547,1312
granulosa_1386,chr1,87683458,87686635,3177
granulosa_1387,chr1,88357428,88358537,1109
granulosa_1388,chr1,88462131,88463850,1719
granulosa_1389,chr1,88682769,88685426,2657
granulosa_1390,chr1,88890201,88892243,2042
granulosa_1391,chr1,88983797,88985634,1837
granulosa_1392,chr1,88991265,88993957,2692
granulosa_1393,chr1,89021272,89023134,1862
granulosa_1394,chr1,89197558,89199428,1870
granulosa_1395,chr1,89219116,89220643,1527
granulosa_1396,chr1,89523577,89525654,2077
granulosa_1397,chr1,89631921,89634517,2596
granulosa_1398,chr1,89691987,89693373,1386
granulosa_1399,chr1,89761943,89763907,1964
granulosa_1400,chr1,89820376,89822369,1993
granulosa_1401,chr1,89842602,89844176,1574
granulosa_1402,chr1,89994386,89996282,1896
granulosa_1403,chr1,90134174,90135752,1578
granulosa_1404,chr1,90706253,90707713,1460
granulosa_1405,chr1,90717165,90719044,1879
granulosa_1406,chr1,90724849,90726225,1376
granulosa_1407,chr1,90834470,90836645,2175
granulosa_1408,chr1,90850476,90852230,1754
granulosa_1409,chr1,91020564,91022491,1927
granulosa_1410,chr1,91403954,91405165,1211
granulosa_1411,chr1,91499917,91502105,2188
granulosa_1412,chr1,91574716,91575960,1244
granulosa_1413,chr1,91578197,91579222,1025
granulosa_1414,chr1,91698939,91700281,1342
granulosa_1415,chr1,91730798,91733064,2266
granulosa_1416,chr1,91736226,91737555,1329
granulosa_1417,chr1,91754173,91756349,2176
granulosa_1418,chr1,91791892,91793136,1244
granulosa_1419,chr1,91805169,91807252,2083
granulosa_1420,chr1,91816976,91818697,1721
granulosa_1421,chr1,91844857,91846626,1769
granulosa_1422,chr1,91850653,91852216,1563
granulosa_1423,chr1,91884491,91887005,2514
granulosa_1424,chr1,92029344,92031162,1818
granulosa_1425,chr1,92079785,92081103,1318
granulosa_1426,chr1,92298209,92300057,1848
granulosa_1427,chr1,92480208,92481445,1237
granulosa_1428,chr1,92484332,92485043,711
granulosa_1429,chr1,92485084,92487091,2007
granulosa_1430,chr1,92783594,92785699,2105
granulosa_1431,chr1,92831440,92833036,1596
granulosa_1432,chr1,92851483,92852667,1184
granulosa_1433,chr1,92858612,92860022,1410
granulosa_1434,chr1,92960320,92962685,2365
granulosa_1435,chr1,93078305,93080744,2439
granulosa_1436,chr1,93179020,93181286,2266
granulosa_1437,chr1,93344898,93347339,2441
granulosa_1438,chr1,93446869,93449660,2791
granulosa_1439,chr1,93584156,93585699,1543
granulosa_1440,chr1,93659671,93660701,1030
granulosa_1441,chr1,93664291,93665299,1008
granulosa_1442,chr1,93670068,93670560,492
granulosa_1443,chr1,93679940,93682250,2310
granulosa_1444,chr1,93690994,93691748,754
granulosa_1445,chr1,93708498,93709611,1113
granulosa_1446,chr1,93715124,93716333,1209
granulosa_1447,chr1,93730010,93732852,2842
granulosa_1448,chr1,93767927,93769609,1682
granulosa_1449,chr1,93845497,93848267,2770
granulosa_1450,chr1,93878138,93880057,1919
granulosa_1451,chr1,93908503,93910064,1561
granulosa_1452,chr1,94045121,94046131,1010
granulosa_1453,chr1,94063084,94064322,1238
granulosa_1454,chr1,94068009,94070122,2113
granulosa_1455,chr1,94093909,94095909,2000
granulosa_1456,chr1,94100662,94102211,1549
granulosa_1457,chr1,94115783,94117212,1429
granulosa_1458,chr1,94235808,94238269,2461
granulosa_1459,chr1,94246066,94248051,1985
granulosa_1460,chr1,94272290,94273838,1548
granulosa_1461,chr1,94280919,94282106,1187
granulosa_1462,chr1,94334172,94336872,2700
granulosa_1463,chr1,94417167,94419387,2220
granulosa_1464,chr1,94540857,94542689,1832
granulosa_1465,chr1,94805687,94807284,1597
granulosa_1466,chr1,94819282,94821200,1918
granulosa_1467,chr1,94854214,94855456,1242
granulosa_1468,chr1,94925142,94927947,2805
granulosa_1469,chr1,94949658,94950461,803
granulosa_1470,chr1,95043180,95043956,776
granulosa_1471,chr1,95071983,95073650,1667
granulosa_1472,chr1,95116642,95118185,1543
granulosa_1473,chr1,95232541,95234786,2245
granulosa_1474,chr1,96720952,96722908,1956
granulosa_1475,chr1,97919786,97921713,1927
granulosa_1476,chr1,98034118,98035103,985
granulosa_1477,chr1,98044602,98046370,1768
granulosa_1478,chr1,98048059,98048759,700
granulosa_1479,chr1,98052955,98054617,1662
granulosa_1480,chr1,98660543,98662797,2254
granulosa_1481,chr1,99003707,99005805,2098
granulosa_1482,chr1,99263757,99265057,1300
granulosa_1483,chr1,99645174,99646576,1402
granulosa_1484,chr1,99765959,99766847,888
granulosa_1485,chr1,99808250,99809325,1075
granulosa_1486,chr1,99849459,99851086,1627
granulosa_1487,chr1,99969184,99970977,1793
granulosa_1488,chr1,100037083,100039288,2205
granulosa_1489,chr1,100132290,100133792,1502
granulosa_1490,chr1,100248839,100250292,1453
granulosa_1491,chr1,100265375,100267153,1778
granulosa_1492,chr1,100350905,100353373,2468
granulosa_1493,chr1,100354897,100355211,314
granulosa_1494,chr1,100357630,100358495,865
granulosa_1495,chr1,100360579,100361253,674
granulosa_1496,chr1,100538041,100540224,2183
granulosa_1497,chr1,100894440,100896995,2555
granulosa_1498,chr1,101024713,101026592,1879
granulosa_1499,chr1,101203871,101205196,1325
granulosa_1500,chr1,101235257,101237795,2538
granulosa_1501,chr1,101237983,101239643,1660
granulosa_1502,chr1,101288085,101288989,904
granulosa_1503,chr1,101309008,101310883,1875
granulosa_1504,chr1,101483989,101486249,2260
granulosa_1505,chr1,101846329,101847979,1650
granulosa_1506,chr1,101995996,101997400,1404
granulosa_1507,chr1,103106348,103109491,3143
granulosa_1508,chr1,103524826,103526644,1818
granulosa_1509,chr1,105632000,105633720,1720
granulosa_1510,chr1,105723088,105724863,1775
granulosa_1511,chr1,107055670,107058301,2631
granulosa_1512,chr1,107139586,107142396,2810
granulosa_1513,chr1,107963094,107966028,2934
granulosa_1514,chr1,108070343,108071874,1531
granulosa_1515,chr1,108199089,108201371,2282
granulosa_1516,chr1,108559098,108561258,2160
granulosa_1517,chr1,108660797,108661848,1051
granulosa_1518,chr1,108691541,108693655,2114
granulosa_1519,chr1,108746121,108747656,1535
granulosa_1520,chr1,108876038,108878366,2328
granulosa_1521,chr1,108962493,108964504,2011
granulosa_1522,chr1,109040671,109042613,1942
granulosa_1523,chr1,109075137,109076617,1480
granulosa_1524,chr1,109090118,109091763,1645
granulosa_1525,chr1,109099606,109101314,1708
granulosa_1526,chr1,109112078,109114923,2845
granulosa_1527,chr1,109133280,109135320,2040
granulosa_1528,chr1,109180678,109182024,1346
granulosa_1529,chr1,109213315,109215267,1952
granulosa_1530,chr1,109239325,109241113,1788
granulosa_1531,chr1,109248957,109250402,1445
granulosa_1532,chr1,109253292,109255653,2361
granulosa_1533,chr1,109262855,109264311,1456
granulosa_1534,chr1,109277211,109277901,690
granulosa_1535,chr1,109282585,109285514,2929
granulosa_1536,chr1,109342302,109343624,1322
granulosa_1537,chr1,109356567,109358405,1838
granulosa_1538,chr1,109396913,109398600,1687
granulosa_1539,chr1,109425159,109427533,2374
granulosa_1540,chr1,109466049,109467627,1578
granulosa_1541,chr1,109482946,109484792,1846
granulosa_1542,chr1,109493247,109494542,1295
granulosa_1543,chr1,109497444,109498702,1258
granulosa_1544,chr1,109508943,109510602,1659
granulosa_1545,chr1,109531380,109533156,1776
granulosa_1546,chr1,109546174,109546935,761
granulosa_1547,chr1,109547679,109549321,1642
granulosa_1548,chr1,109619420,109621325,1905
granulosa_1549,chr1,109623472,109624355,883
granulosa_1550,chr1,109631943,109633212,1269
granulosa_1551,chr1,109655325,109656985,1660
granulosa_1552,chr1,109667400,109668775,1375
granulosa_1553,chr1,109687097,109688734,1637
granulosa_1554,chr1,109739408,109741254,1846
granulosa_1555,chr1,109773424,109774013,589
granulosa_1556,chr1,109776452,109777452,1000
granulosa_1557,chr1,109791776,109792895,1119
granulosa_1558,chr1,109910030,109911969,1939
granulosa_1559,chr1,109984095,109986208,2113
granulosa_1560,chr1,110034105,110035756,1651
granulosa_1561,chr1,110068775,110071138,2363
granulosa_1562,chr1,110083451,110085294,1843
granulosa_1563,chr1,110209474,110211806,2332
granulosa_1564,chr1,110212023,110212721,698
granulosa_1565,chr1,110214933,110216223,1290
granulosa_1566,chr1,110234852,110236676,1824
granulosa_1567,chr1,110337721,110340424,2703
granulosa_1568,chr1,110390076,110391328,1252
granulosa_1569,chr1,110406943,110408219,1276
granulosa_1570,chr1,110412369,110414058,1689
granulosa_1571,chr1,110494613,110496342,1729
granulosa_1572,chr1,110554917,110556847,1930
granulosa_1573,chr1,110605836,110608128,2292
granulosa_1574,chr1,110619196,110620251,1055
granulosa_1575,chr1,110673997,110675688,1691
granulosa_1576,chr1,110963008,110964547,1539
granulosa_1577,chr1,111139230,111140942,1712
granulosa_1578,chr1,111161576,111162866,1290
granulosa_1579,chr1,111203470,111204871,1401
granulosa_1580,chr1,111345789,111347433,1644
granulosa_1581,chr1,111368851,111370305,1454
granulosa_1582,chr1,111448018,111449981,1963
granulosa_1583,chr1,111481451,111482407,956
granulosa_1584,chr1,111507342,111508730,1388
granulosa_1585,chr1,111618910,111620910,2000
granulosa_1586,chr1,111737821,111740582,2761
granulosa_1587,chr1,111754840,111756766,1926
granulosa_1588,chr1,111988789,111991782,2993
granulosa_1589,chr1,112248937,112250073,1136
granulosa_1590,chr1,112369451,112371548,2097
granulosa_1591,chr1,112390324,112391386,1062
granulosa_1592,chr1,112395243,112397351,2108
granulosa_1593,chr1,112464474,112466669,2195
granulosa_1594,chr1,112501701,112503122,1421
granulosa_1595,chr1,112503819,112504987,1168
granulosa_1596,chr1,112507805,112509647,1842
granulosa_1597,chr1,112523812,112525134,1322
granulosa_1598,chr1,112618143,112620487,2344
granulosa_1599,chr1,112671705,112672587,882
granulosa_1600,chr1,112673559,112675750,2191
granulosa_1601,chr1,112698284,112699562,1278
granulosa_1602,chr1,112700227,112701288,1061
granulosa_1603,chr1,112704529,112705457,928
granulosa_1604,chr1,112705919,112707912,1993
granulosa_1605,chr1,112713888,112716588,2700
granulosa_1606,chr1,112718705,112719036,331
granulosa_1607,chr1,112721960,112723730,1770
granulosa_1608,chr1,112743236,112744645,1409
granulosa_1609,chr1,112849250,112850530,1280
granulosa_1610,chr1,112880783,112882810,2027
granulosa_1611,chr1,112955020,112957080,2060
granulosa_1612,chr1,112997735,112999324,1589
granulosa_1613,chr1,113041696,113043205,1509
granulosa_1614,chr1,113072298,113074078,1780
granulosa_1615,chr1,113124247,113125766,1519
granulosa_1616,chr1,113216627,113218362,1735
granulosa_1617,chr1,113389357,113392044,2687
granulosa_1618,chr1,113758009,113760076,2067
granulosa_1619,chr1,113810967,113813061,2094
granulosa_1620,chr1,113903970,113905826,1856
granulosa_1621,chr1,113912513,113913577,1064
granulosa_1622,chr1,113928162,113931115,2953
granulosa_1623,chr1,113946136,113948036,1900
granulosa_1624,chr1,113978811,113980475,1664
granulosa_1625,chr1,114152228,114155334,3106
granulosa_1626,chr1,114345620,114347082,1462
granulosa_1627,chr1,114352682,114353714,1032
granulosa_1628,chr1,114509677,114512237,2560
granulosa_1629,chr1,114580884,114582265,1381
granulosa_1630,chr1,114669232,114670758,1526
granulosa_1631,chr1,114715812,114717286,1474
granulosa_1632,chr1,114756716,114758380,1664
granulosa_1633,chr1,114779792,114780999,1207
granulosa_1634,chr1,114948336,114949920,1584
granulosa_1635,chr1,115088815,115090676,1861
granulosa_1636,chr1,115337134,115338756,1622
granulosa_1637,chr1,115450200,115451253,1053
granulosa_1638,chr1,115478592,115479810,1218
granulosa_1639,chr1,115531222,115532817,1595
granulosa_1640,chr1,115641390,115643957,2567
granulosa_1641,chr1,115771410,115772257,847
granulosa_1642,chr1,115827638,115829604,1966
granulosa_1643,chr1,115837464,115839989,2525
granulosa_1644,chr1,115975617,115977386,1769
granulosa_1645,chr1,116138657,116139701,1044
granulosa_1646,chr1,116150973,116152625,1652
granulosa_1647,chr1,116167437,116168774,1337
granulosa_1648,chr1,116372207,116374615,2408
granulosa_1649,chr1,116382288,116383769,1481
granulosa_1650,chr1,116415329,116416556,1227
granulosa_1651,chr1,116417989,116419047,1058
granulosa_1652,chr1,116569723,116571765,2042
granulosa_1653,chr1,116666242,116668125,1883
granulosa_1654,chr1,116853565,116856347,2782
granulosa_1655,chr1,116877840,116879750,1910
granulosa_1656,chr1,116908947,116911118,2171
granulosa_1657,chr1,116914795,116916511,1716
granulosa_1658,chr1,117059313,117060974,1661
granulosa_1659,chr1,117120758,117122696,1938
granulosa_1660,chr1,117178856,117181252,2396
granulosa_1661,chr1,117215820,117217065,1245
granulosa_1662,chr1,117244041,117245718,1677
granulosa_1663,chr1,117365715,117368266,2551
granulosa_1664,chr1,117605016,117607314,2298
granulosa_1665,chr1,117758377,117759585,1208
granulosa_1666,chr1,117928610,117930845,2235
granulosa_1667,chr1,118184578,118185708,1130
granulosa_1668,chr1,118503515,118505266,1751
granulosa_1669,chr1,118984146,118985156,1010
granulosa_1670,chr1,118987155,118988469,1314
granulosa_1671,chr1,119007376,119009306,1930
granulosa_1672,chr1,119139495,119141325,1830
granulosa_1673,chr1,119326781,119328217,1436
granulosa_1674,chr1,119451963,119453957,1994
granulosa_1675,chr1,119482242,119484106,1864
granulosa_1676,chr1,119553181,119555076,1895
granulosa_1677,chr1,119617376,119619194,1818
granulosa_1678,chr1,119630792,119632324,1532
granulosa_1679,chr1,119646789,119648809,2020
granulosa_1680,chr1,119674746,119676308,1562
granulosa_1681,chr1,119711622,119714339,2717
granulosa_1682,chr1,119736882,119737858,976
granulosa_1683,chr1,120175588,120177393,1805
granulosa_1684,chr1,120723433,120724773,1340
granulosa_1685,chr1,120843999,120845191,1192
granulosa_1686,chr1,120850005,120851445,1440
granulosa_1687,chr1,120941930,120942838,908
granulosa_1688,chr1,121097109,121098163,1054
granulosa_1689,chr1,121184287,121185091,804
granulosa_1690,chr1,121518558,121520120,1562
granulosa_1691,chr1,143697682,143700159,2477
granulosa_1692,chr1,143719661,143721158,1497
granulosa_1693,chr1,143735606,143736932,1326
granulosa_1694,chr1,144411891,144413433,1542
granulosa_1695,chr1,144418675,144419571,896
granulosa_1696,chr1,144460777,144461732,955
granulosa_1697,chr1,144545811,144547047,1236
granulosa_1698,chr1,144551056,144552445,1389
granulosa_1699,chr1,145280408,145281842,1434
granulosa_1700,chr1,145286976,145287932,956
granulosa_1701,chr1,145424455,145426331,1876
granulosa_1702,chr1,145607710,145608410,700
granulosa_1703,chr1,145720605,145721907,1302
granulosa_1704,chr1,145823452,145824930,1478
granulosa_1705,chr1,145844917,145846558,1641
granulosa_1706,chr1,145858291,145860258,1967
granulosa_1707,chr1,145871531,145873235,1704
granulosa_1708,chr1,145885298,145887045,1747
granulosa_1709,chr1,145891647,145893241,1594
granulosa_1710,chr1,145917716,145919888,2172
granulosa_1711,chr1,145926514,145928065,1551
granulosa_1712,chr1,145956628,145958275,1647
granulosa_1713,chr1,145960283,145960985,702
granulosa_1714,chr1,145964167,145965023,856
granulosa_1715,chr1,145978752,145980648,1896
granulosa_1716,chr1,145995643,145997427,1784
granulosa_1717,chr1,146035332,146036049,717
granulosa_1718,chr1,146036611,146038415,1804
granulosa_1719,chr1,146038565,146039633,1068
granulosa_1720,chr1,146051090,146052875,1785
granulosa_1721,chr1,146376252,146377469,1217
granulosa_1722,chr1,146386718,146388149,1431
granulosa_1723,chr1,146472097,146473113,1016
granulosa_1724,chr1,146938154,146939983,1829
granulosa_1725,chr1,147077996,147080535,2539
granulosa_1726,chr1,147083919,147085648,1729
granulosa_1727,chr1,147171443,147173647,2204
granulosa_1728,chr1,147224669,147226390,1721
granulosa_1729,chr1,147242110,147244110,2000
granulosa_1730,chr1,147504199,147506095,1896
granulosa_1731,chr1,147509290,147510737,1447
granulosa_1732,chr1,147540173,147542304,2131
granulosa_1733,chr1,147598571,147600828,2257
granulosa_1734,chr1,147669204,147670997,1793
granulosa_1735,chr1,147896695,147897793,1098
granulosa_1736,chr1,147928113,147928813,700
granulosa_1737,chr1,148150774,148152413,1639
granulosa_1738,chr1,148262738,148264235,1497
granulosa_1739,chr1,148333959,148335606,1647
granulosa_1740,chr1,148336049,148337575,1526
granulosa_1741,chr1,148361008,148363079,2071
granulosa_1742,chr1,148387574,148389232,1658
granulosa_1743,chr1,148401935,148403299,1364
granulosa_1744,chr1,148521977,148523201,1224
granulosa_1745,chr1,148951369,148952695,1326
granulosa_1746,chr1,149636094,149637011,917
granulosa_1747,chr1,149792509,149793972,1463
granulosa_1748,chr1,149811952,149812709,757
granulosa_1749,chr1,149848203,149850338,2135
granulosa_1750,chr1,149884731,149889103,4372
granulosa_1751,chr1,149899151,149900524,1373
granulosa_1752,chr1,149915978,149918203,2225
granulosa_1753,chr1,149927090,149928646,1556
granulosa_1754,chr1,149935852,149937472,1620
granulosa_1755,chr1,149938772,149939842,1070
granulosa_1756,chr1,150008869,150011114,2245
granulosa_1757,chr1,150066631,150068327,1696
granulosa_1758,chr1,150148832,150151448,2616
granulosa_1759,chr1,150162247,150163681,1434
granulosa_1760,chr1,150213186,150214390,1204
granulosa_1761,chr1,150233520,150236673,3153
granulosa_1762,chr1,150255351,150256234,883
granulosa_1763,chr1,150259227,150260528,1301
granulosa_1764,chr1,150267987,150269618,1631
granulosa_1765,chr1,150281137,150283297,2160
granulosa_1766,chr1,150293123,150294636,1513
granulosa_1767,chr1,150320814,150322127,1313
granulosa_1768,chr1,150363114,150365118,2004
granulosa_1769,chr1,150486733,150488109,1376
granulosa_1770,chr1,150514837,150516931,2094
granulosa_1771,chr1,150548628,150551064,2436
granulosa_1772,chr1,150560764,150562670,1906
granulosa_1773,chr1,150567306,150568634,1328
granulosa_1774,chr1,150571930,150572519,589
granulosa_1775,chr1,150573065,150573487,422
granulosa_1776,chr1,150573584,150574002,418
granulosa_1777,chr1,150574584,150575005,421
granulosa_1778,chr1,150578483,150580023,1540
granulosa_1779,chr1,150604237,150605195,958
granulosa_1780,chr1,150619527,150620313,786
granulosa_1781,chr1,150627878,150630113,2235
granulosa_1782,chr1,150696078,150697814,1736
granulosa_1783,chr1,150875389,150877142,1753
granulosa_1784,chr1,150925516,150926818,1302
granulosa_1785,chr1,150973300,150975353,2053
granulosa_1786,chr1,150979081,150979940,859
granulosa_1787,chr1,150981049,150982592,1543
granulosa_1788,chr1,151005754,151007047,1293
granulosa_1789,chr1,151007779,151009220,1441
granulosa_1790,chr1,151047321,151048804,1483
granulosa_1791,chr1,151058620,151060669,2049
granulosa_1792,chr1,151069678,151071406,1728
granulosa_1793,chr1,151130941,151133906,2965
granulosa_1794,chr1,151144717,151147366,2649
granulosa_1795,chr1,151164586,151166810,2224
granulosa_1796,chr1,151188813,151190580,1767
granulosa_1797,chr1,151197819,151200557,2738
granulosa_1798,chr1,151254179,151255921,1742
granulosa_1799,chr1,151280842,151283621,2779
granulosa_1800,chr1,151326015,151328349,2334
granulosa_1801,chr1,151345911,151347714,1803
granulosa_1802,chr1,151371292,151372911,1619
granulosa_1803,chr1,151398525,151400231,1706
granulosa_1804,chr1,151457537,151459872,2335
granulosa_1805,chr1,151510651,151512165,1514
granulosa_1806,chr1,151539277,151541382,2105
granulosa_1807,chr1,151611256,151613833,2577
granulosa_1808,chr1,151715076,151717465,2389
granulosa_1809,chr1,151720625,151721895,1270
granulosa_1810,chr1,151727736,151729001,1265
granulosa_1811,chr1,151762722,151764211,1489
granulosa_1812,chr1,151789950,151791607,1657
granulosa_1813,chr1,151828771,151829659,888
granulosa_1814,chr1,151836302,151837170,868
granulosa_1815,chr1,151837749,151839128,1379
granulosa_1816,chr1,151839318,151840376,1058
granulosa_1817,chr1,151909021,151910309,1288
granulosa_1818,chr1,151940433,151941872,1439
granulosa_1819,chr1,151972431,151973503,1072
granulosa_1820,chr1,151992242,151994558,2316
granulosa_1821,chr1,152034223,152037615,3392
granulosa_1822,chr1,152047540,152048757,1217
granulosa_1823,chr1,152110297,152111947,1650
granulosa_1824,chr1,153119087,153120049,962
granulosa_1825,chr1,153220173,153221484,1311
granulosa_1826,chr1,153260364,153262563,2199
granulosa_1827,chr1,153343052,153344570,1518
granulosa_1828,chr1,153532705,153533555,850
granulosa_1829,chr1,153535341,153536606,1265
granulosa_1830,chr1,153544695,153546013,1318
granulosa_1831,chr1,153568076,153568998,922
granulosa_1832,chr1,153611739,153613270,1531
granulosa_1833,chr1,153626549,153627902,1353
granulosa_1834,chr1,153633342,153634634,1292
granulosa_1835,chr1,153658092,153659485,1393
granulosa_1836,chr1,153670115,153672191,2076
granulosa_1837,chr1,153677547,153680496,2949
granulosa_1838,chr1,153696673,153699062,2389
granulosa_1839,chr1,153727280,153729170,1890
granulosa_1840,chr1,153774679,153776387,1708
granulosa_1841,chr1,153779853,153780497,644
granulosa_1842,chr1,153782985,153784015,1030
granulosa_1843,chr1,153880500,153882250,1750
granulosa_1844,chr1,153921515,153923880,2365
granulosa_1845,chr1,153945094,153946938,1844
granulosa_1846,chr1,153955613,153956240,627
granulosa_1847,chr1,153957370,153959158,1788
granulosa_1848,chr1,153963154,153964399,1245
granulosa_1849,chr1,153967020,153968752,1732
granulosa_1850,chr1,153976660,153978286,1626
granulosa_1851,chr1,153985062,153987061,1999
granulosa_1852,chr1,153990183,153991108,925
granulosa_1853,chr1,154001294,154002122,828
granulosa_1854,chr1,154181916,154183686,1770
granulosa_1855,chr1,154198878,154199787,909
granulosa_1856,chr1,154219564,154222057,2493
granulosa_1857,chr1,154271601,154273319,1718
granulosa_1858,chr1,154290804,154292149,1345
granulosa_1859,chr1,154324299,154326580,2281
granulosa_1860,chr1,154328233,154328969,736
granulosa_1861,chr1,154351328,154353863,2535
granulosa_1862,chr1,154404809,154406563,1754
granulosa_1863,chr1,154427133,154428175,1042
granulosa_1864,chr1,154477823,154479053,1230
granulosa_1865,chr1,154501298,154503316,2018
granulosa_1866,chr1,154546429,154547595,1166
granulosa_1867,chr1,154557207,154559863,2656
granulosa_1868,chr1,154567187,154568459,1272
granulosa_1869,chr1,154607128,154608940,1812
granulosa_1870,chr1,154626527,154628207,1680
granulosa_1871,chr1,154760241,154760996,755
granulosa_1872,chr1,154847637,154848578,941
granulosa_1873,chr1,154868460,154870681,2221
granulosa_1874,chr1,154936069,154937807,1738
granulosa_1875,chr1,154941241,154942773,1532
granulosa_1876,chr1,154952089,154953030,941
granulosa_1877,chr1,154955043,154956977,1934
granulosa_1878,chr1,154960819,154962650,1831
granulosa_1879,chr1,154970434,154971409,975
granulosa_1880,chr1,154972442,154972929,487
granulosa_1881,chr1,154973508,154975907,2399
granulosa_1882,chr1,154982342,154984437,2095
granulosa_1883,chr1,154999095,155002411,3316
granulosa_1884,chr1,155002765,155004330,1565
granulosa_1885,chr1,155016778,155017868,1090
granulosa_1886,chr1,155050241,155052758,2517
granulosa_1887,chr1,155061345,155064510,3165
granulosa_1888,chr1,155069494,155071578,2084
granulosa_1889,chr1,155078461,155079313,852
granulosa_1890,chr1,155080608,155081183,575
granulosa_1891,chr1,155084267,155086366,2099
granulosa_1892,chr1,155093288,155094740,1452
granulosa_1893,chr1,155125941,155128089,2148
granulosa_1894,chr1,155128810,155130496,1686
granulosa_1895,chr1,155134838,155136503,1665
granulosa_1896,chr1,155139860,155140751,891
granulosa_1897,chr1,155166005,155168151,2146
granulosa_1898,chr1,155172587,155175197,2610
granulosa_1899,chr1,155192774,155195578,2804
granulosa_1900,chr1,155206835,155209414,2579
granulosa_1901,chr1,155226397,155228157,1760
granulosa_1902,chr1,155243658,155245243,1585
granulosa_1903,chr1,155250278,155251048,770
granulosa_1904,chr1,155254414,155256062,1648
granulosa_1905,chr1,155261367,155262660,1293
granulosa_1906,chr1,155272529,155273852,1323
granulosa_1907,chr1,155276992,155278844,1852
granulosa_1908,chr1,155307914,155310073,2159
granulosa_1909,chr1,155320467,155321570,1103
granulosa_1910,chr1,155322585,155325467,2882
granulosa_1911,chr1,155561875,155564247,2372
granulosa_1912,chr1,155609432,155610238,806
granulosa_1913,chr1,155687756,155689492,1736
granulosa_1914,chr1,155744957,155745817,860
granulosa_1915,chr1,155856745,155857429,684
granulosa_1916,chr1,155858875,155860781,1906
granulosa_1917,chr1,155869963,155871911,1948
granulosa_1918,chr1,155910448,155911983,1535
granulosa_1919,chr1,155933581,155935358,1777
granulosa_1920,chr1,155940060,155941798,1738
granulosa_1921,chr1,155966690,155969296,2606
granulosa_1922,chr1,155974765,155977106,2341
granulosa_1923,chr1,155977453,155979128,1675
granulosa_1924,chr1,155988940,155989736,796
granulosa_1925,chr1,156019927,156021363,1436
granulosa_1926,chr1,156052867,156055355,2488
granulosa_1927,chr1,156069537,156070994,1457
granulosa_1928,chr1,156080323,156083541,3218
granulosa_1929,chr1,156090176,156091140,964
granulosa_1930,chr1,156095762,156097462,1700
granulosa_1931,chr1,156103519,156104661,1142
granulosa_1932,chr1,156105833,156107160,1327
granulosa_1933,chr1,156113426,156116262,2836
granulosa_1934,chr1,156122599,156124103,1504
granulosa_1935,chr1,156129809,156130657,848
granulosa_1936,chr1,156145815,156147338,1523
granulosa_1937,chr1,156160357,156161989,1632
granulosa_1938,chr1,156193191,156194699,1508
granulosa_1939,chr1,156212384,156213728,1344
granulosa_1940,chr1,156224514,156225752,1238
granulosa_1941,chr1,156245383,156246285,902
granulosa_1942,chr1,156281217,156283400,2183
granulosa_1943,chr1,156290956,156292087,1131
granulosa_1944,chr1,156294884,156295855,971
granulosa_1945,chr1,156337378,156338964,1586
granulosa_1946,chr1,156343968,156345153,1185
granulosa_1947,chr1,156356442,156357321,879
granulosa_1948,chr1,156420760,156422954,2194
granulosa_1949,chr1,156435152,156436971,1819
granulosa_1950,chr1,156456129,156457805,1676
granulosa_1951,chr1,156488723,156490991,2268
granulosa_1952,chr1,156498765,156501651,2886
granulosa_1953,chr1,156504793,156505630,837
granulosa_1954,chr1,156509389,156511088,1699
granulosa_1955,chr1,156571941,156572953,1012
granulosa_1956,chr1,156590929,156592635,1706
granulosa_1957,chr1,156600737,156602312,1575
granulosa_1958,chr1,156623810,156626160,2350
granulosa_1959,chr1,156641556,156642655,1099
granulosa_1960,chr1,156656728,156657762,1034
granulosa_1961,chr1,156659784,156660652,868
granulosa_1962,chr1,156675193,156678343,3150
granulosa_1963,chr1,156688936,156690246,1310
granulosa_1964,chr1,156691153,156693512,2359
granulosa_1965,chr1,156704816,156708203,3387
granulosa_1966,chr1,156725612,156726154,542
granulosa_1967,chr1,156727968,156729317,1349
granulosa_1968,chr1,156740358,156741635,1277
granulosa_1969,chr1,156746438,156747646,1208
granulosa_1970,chr1,156750859,156752481,1622
granulosa_1971,chr1,156766149,156768590,2441
granulosa_1972,chr1,156795386,156797591,2205
granulosa_1973,chr1,156813358,156814755,1397
granulosa_1974,chr1,156851797,156852975,1178
granulosa_1975,chr1,156858862,156861295,2433
granulosa_1976,chr1,156891981,156892777,796
granulosa_1977,chr1,156912806,156914815,2009
granulosa_1978,chr1,156920100,156920906,806
granulosa_1979,chr1,156922835,156924464,1629
granulosa_1980,chr1,156927297,156928107,810
granulosa_1981,chr1,157025090,157026343,1253
granulosa_1982,chr1,157045179,157046938,1759
granulosa_1983,chr1,157137042,157139365,2323
granulosa_1984,chr1,157154264,157156425,2161
granulosa_1985,chr1,157510487,157512067,1580
granulosa_1986,chr1,157992884,157996118,3234
granulosa_1987,chr1,158001968,158003721,1753
granulosa_1988,chr1,158007486,158008454,968
granulosa_1989,chr1,158009563,158012070,2507
granulosa_1990,chr1,158019156,158020111,955
granulosa_1991,chr1,158112921,158113905,984
granulosa_1992,chr1,158117787,158118705,918
granulosa_1993,chr1,158124813,158125489,676
granulosa_1994,chr1,158149186,158150158,972
granulosa_1995,chr1,158177323,158178153,830
granulosa_1996,chr1,158180295,158181752,1457
granulosa_1997,chr1,158203480,158204468,988
granulosa_1998,chr1,158509185,158510618,1433
granulosa_1999,chr1,158534235,158535237,1002
granulosa_2000,chr1,158998512,159000968,2456
granulosa_2001,chr1,159005310,159006877,1567
granulosa_2002,chr1,159187892,159188920,1028
granulosa_2003,chr1,159738824,159740191,1367
granulosa_2004,chr1,159780345,159781666,1321
granulosa_2005,chr1,159822727,159823863,1136
granulosa_2006,chr1,159830906,159832120,1214
granulosa_2007,chr1,159853631,159855366,1735
granulosa_2008,chr1,159867082,159868241,1159
granulosa_2009,chr1,159891345,159891920,575
granulosa_2010,chr1,159922833,159925894,3061
granulosa_2011,chr1,159944095,159946329,2234
granulosa_2012,chr1,160030585,160032792,2207
granulosa_2013,chr1,160046220,160047088,868
granulosa_2014,chr1,160069663,160070975,1312
granulosa_2015,chr1,160083384,160084663,1279
granulosa_2016,chr1,160097746,160099467,1721
granulosa_2017,chr1,160100900,160101369,469
granulosa_2018,chr1,160115465,160117052,1587
granulosa_2019,chr1,160192544,160193837,1293
granulosa_2020,chr1,160204356,160206320,1964
granulosa_2021,chr1,160218509,160220290,1781
granulosa_2022,chr1,160260458,160263148,2690
granulosa_2023,chr1,160283963,160286488,2525
granulosa_2024,chr1,160342134,160344104,1970
granulosa_2025,chr1,160399698,160402294,2596
granulosa_2026,chr1,160539801,160540963,1162
granulosa_2027,chr1,161019690,161021790,2100
granulosa_2028,chr1,161037743,161039275,1532
granulosa_2029,chr1,161044483,161046388,1905
granulosa_2030,chr1,161097332,161099157,1825
granulosa_2031,chr1,161117032,161119951,2919
granulosa_2032,chr1,161131020,161133825,2805
granulosa_2033,chr1,161153136,161154578,1442
granulosa_2034,chr1,161158395,161160164,1769
granulosa_2035,chr1,161165526,161167326,1800
granulosa_2036,chr1,161176589,161178235,1646
granulosa_2037,chr1,161198183,161199504,1321
granulosa_2038,chr1,161199704,161202755,3051
granulosa_2039,chr1,161209307,161210185,878
granulosa_2040,chr1,161225343,161226506,1163
granulosa_2041,chr1,161226880,161227949,1069
granulosa_2042,chr1,161258286,161259592,1306
granulosa_2043,chr1,161266013,161267715,1702
granulosa_2044,chr1,161304997,161306667,1670
granulosa_2045,chr1,161313612,161315176,1564
granulosa_2046,chr1,161367540,161368366,826
granulosa_2047,chr1,161389324,161390808,1484
granulosa_2048,chr1,161398960,161400670,1710
granulosa_2049,chr1,161439363,161440800,1437
granulosa_2050,chr1,161523431,161524596,1165
granulosa_2051,chr1,161530035,161531449,1414
granulosa_2052,chr1,161532370,161533451,1081
granulosa_2053,chr1,161611835,161613388,1553
granulosa_2054,chr1,161725668,161727890,2222
granulosa_2055,chr1,161747558,161748186,628
granulosa_2056,chr1,161749341,161750774,1433
granulosa_2057,chr1,161764836,161767050,2214
granulosa_2058,chr1,162023151,162024569,1418
granulosa_2059,chr1,162069226,162071270,2044
granulosa_2060,chr1,162255921,162257148,1227
granulosa_2061,chr1,162497219,162498743,1524
granulosa_2062,chr1,162560659,162562639,1980
granulosa_2063,chr1,162630621,162633705,3084
granulosa_2064,chr1,162695829,162697042,1213
granulosa_2065,chr1,162789294,162791267,1973
granulosa_2066,chr1,162821995,162823229,1234
granulosa_2067,chr1,162977774,162978871,1097
granulosa_2068,chr1,163068560,163069641,1081
granulosa_2069,chr1,163195822,163196872,1050
granulosa_2070,chr1,163320865,163322894,2029
granulosa_2071,chr1,164320461,164321854,1393
granulosa_2072,chr1,164558478,164560331,1853
granulosa_2073,chr1,164575381,164577895,2514
granulosa_2074,chr1,164587731,164589463,1732
granulosa_2075,chr1,164601544,164603249,1705
granulosa_2076,chr1,164617075,164619687,2612
granulosa_2077,chr1,164636704,164639215,2511
granulosa_2078,chr1,164711626,164714237,2611
granulosa_2079,chr1,164786696,164787819,1123
granulosa_2080,chr1,165234896,165236755,1859
granulosa_2081,chr1,165355907,165357154,1247
granulosa_2082,chr1,165375728,165377268,1540
granulosa_2083,chr1,165392665,165393656,991
granulosa_2084,chr1,165443650,165445840,2190
granulosa_2085,chr1,165597621,165599001,1380
granulosa_2086,chr1,165630130,165632891,2761
granulosa_2087,chr1,165696009,165697241,1232
granulosa_2088,chr1,165697565,165698992,1427
granulosa_2089,chr1,165768234,165769633,1399
granulosa_2090,chr1,165826970,165829514,2544
granulosa_2091,chr1,165890278,165891132,854
granulosa_2092,chr1,166164778,166167523,2745
granulosa_2093,chr1,166838495,166840282,1787
granulosa_2094,chr1,166875397,166876860,1463
granulosa_2095,chr1,166883780,166884673,893
granulosa_2096,chr1,166920255,166921578,1323
granulosa_2097,chr1,166946991,166948179,1188
granulosa_2098,chr1,166972652,166973913,1261
granulosa_2099,chr1,166974576,166976203,1627
granulosa_2100,chr1,167043300,167044906,1606
granulosa_2101,chr1,167066296,167067048,752
granulosa_2102,chr1,167121233,167122241,1008
granulosa_2103,chr1,167165720,167167015,1295
granulosa_2104,chr1,167219214,167222642,3428
granulosa_2105,chr1,167412729,167413542,813
granulosa_2106,chr1,167438955,167439983,1028
granulosa_2107,chr1,167454467,167456367,1900
granulosa_2108,chr1,167552894,167554490,1596
granulosa_2109,chr1,167713191,167715939,2748
granulosa_2110,chr1,167721009,167722783,1774
granulosa_2111,chr1,167934957,167937742,2785
granulosa_2112,chr1,168081863,168082593,730
granulosa_2113,chr1,168135467,168137726,2259
granulosa_2114,chr1,168178344,168180263,1919
granulosa_2115,chr1,168225094,168226879,1785
granulosa_2116,chr1,168386502,168387756,1254
granulosa_2117,chr1,168465789,168467060,1271
granulosa_2118,chr1,168608966,168610087,1121
granulosa_2119,chr1,168939140,168940105,965
granulosa_2120,chr1,168970781,168971972,1191
granulosa_2121,chr1,169105195,169107483,2288
granulosa_2122,chr1,169367023,169368785,1762
granulosa_2123,chr1,169426704,169427734,1030
granulosa_2124,chr1,169484780,169486913,2133
granulosa_2125,chr1,169744857,169746074,1217
granulosa_2126,chr1,169794065,169795964,1899
granulosa_2127,chr1,169892651,169894736,2085
granulosa_2128,chr1,169998928,170000362,1434
granulosa_2129,chr1,170073857,170075300,1443
granulosa_2130,chr1,170336211,170337927,1716
granulosa_2131,chr1,170530694,170532857,2163
granulosa_2132,chr1,170661224,170665245,4021
granulosa_2133,chr1,170734830,170736117,1287
granulosa_2134,chr1,171251006,171252036,1030
granulosa_2135,chr1,171256969,171259940,2971
granulosa_2136,chr1,171313387,171314552,1165
granulosa_2137,chr1,171396567,171397583,1016
granulosa_2138,chr1,171484828,171486767,1939
granulosa_2139,chr1,171741061,171743585,2524
granulosa_2140,chr1,171780690,171782478,1788
granulosa_2141,chr1,171840631,171842701,2070
granulosa_2142,chr1,172053003,172054761,1758
granulosa_2143,chr1,172357841,172359978,2137
granulosa_2144,chr1,172443116,172444514,1398
granulosa_2145,chr1,172449682,172451478,1796
granulosa_2146,chr1,172531835,172534267,2432
granulosa_2147,chr1,172718663,172719997,1334
granulosa_2148,chr1,173429360,173430567,1207
granulosa_2149,chr1,173476582,173478429,1847
granulosa_2150,chr1,173602766,173603879,1113
granulosa_2151,chr1,173668801,173670041,1240
granulosa_2152,chr1,173714409,173716050,1641
granulosa_2153,chr1,173823487,173825349,1862
granulosa_2154,chr1,173867227,173869122,1895
granulosa_2155,chr1,174020867,174023208,2341
granulosa_2156,chr1,174158437,174160513,2076
granulosa_2157,chr1,174799182,174801128,1946
granulosa_2158,chr1,174998519,175000663,2144
granulosa_2159,chr1,175022453,175023923,1470
granulosa_2160,chr1,175029304,175030261,957
granulosa_2161,chr1,175191675,175193772,2097
granulosa_2162,chr1,175572801,175574005,1204
granulosa_2163,chr1,176205764,176207938,2174
granulosa_2164,chr1,176775515,176776666,1151
granulosa_2165,chr1,176897140,176898688,1548
granulosa_2166,chr1,176903145,176905447,2302
granulosa_2167,chr1,176920883,176922524,1641
granulosa_2168,chr1,176995963,176997258,1295
granulosa_2169,chr1,177163657,177165337,1680
granulosa_2170,chr1,177170450,177172587,2137
granulosa_2171,chr1,177181140,177182556,1416
granulosa_2172,chr1,177943756,177945008,1252
granulosa_2173,chr1,177968745,177970266,1521
granulosa_2174,chr1,178037267,178038309,1042
granulosa_2175,chr1,178052383,178053697,1314
granulosa_2176,chr1,178093033,178095363,2330
granulosa_2177,chr1,178541629,178543535,1906
granulosa_2178,chr1,178581082,178582294,1212
granulosa_2179,chr1,178724524,178726854,2330
granulosa_2180,chr1,178870763,178872868,2105
granulosa_2181,chr1,178937525,178940345,2820
granulosa_2182,chr1,179002008,179003370,1362
granulosa_2183,chr1,179025259,179027103,1844
granulosa_2184,chr1,179081317,179083179,1862
granulosa_2185,chr1,179091435,179092333,898
granulosa_2186,chr1,179228459,179230564,2105
granulosa_2187,chr1,179293016,179294307,1291
granulosa_2188,chr1,179364511,179366608,2097
granulosa_2189,chr1,179575310,179576243,933
granulosa_2190,chr1,179585966,179586878,912
granulosa_2191,chr1,179591258,179592470,1212
granulosa_2192,chr1,179742471,179744963,2492
granulosa_2193,chr1,179781733,179782429,696
granulosa_2194,chr1,179784704,179785782,1078
granulosa_2195,chr1,179793778,179795789,2011
granulosa_2196,chr1,179814389,179815755,1366
granulosa_2197,chr1,179877205,179878001,796
granulosa_2198,chr1,179881648,179884058,2410
granulosa_2199,chr1,179953692,179955622,1930
granulosa_2200,chr1,180153967,180155889,1922
granulosa_2201,chr1,180166486,180167745,1259
granulosa_2202,chr1,180228941,180231874,2933
granulosa_2203,chr1,180253892,180256090,2198
granulosa_2204,chr1,180256126,180257058,932
granulosa_2205,chr1,180501799,180503515,1716
granulosa_2206,chr1,180631282,180632872,1590
granulosa_2207,chr1,180911636,180913703,2067
granulosa_2208,chr1,180926022,180928658,2636
granulosa_2209,chr1,180953363,180954852,1489
granulosa_2210,chr1,181021493,181023684,2191
granulosa_2211,chr1,181033121,181034369,1248
granulosa_2212,chr1,181088127,181090959,2832
granulosa_2213,chr1,181104423,181105981,1558
granulosa_2214,chr1,181142014,181143794,1780
granulosa_2215,chr1,181152394,181153669,1275
granulosa_2216,chr1,181179509,181180918,1409
granulosa_2217,chr1,181189565,181190900,1335
granulosa_2218,chr1,181317156,181319264,2108
granulosa_2219,chr1,181429693,181431352,1659
granulosa_2220,chr1,181481953,181483899,1946
granulosa_2221,chr1,181485062,181486247,1185
granulosa_2222,chr1,182028974,182030422,1448
granulosa_2223,chr1,182084180,182085259,1079
granulosa_2224,chr1,182143029,182144824,1795
granulosa_2225,chr1,182390070,182392502,2432
granulosa_2226,chr1,182588243,182589524,1281
granulosa_2227,chr1,182603320,182604793,1473
granulosa_2228,chr1,182614130,182616573,2443
granulosa_2229,chr1,182683838,182685631,1793
granulosa_2230,chr1,182788929,182790114,1185
granulosa_2231,chr1,182838417,182840367,1950
granulosa_2232,chr1,183022236,183024928,2692
granulosa_2233,chr1,183185599,183186624,1025
granulosa_2234,chr1,183416552,183418572,2020
granulosa_2235,chr1,183470111,183470482,371
granulosa_2236,chr1,183470923,183473278,2355
granulosa_2237,chr1,183553256,183554837,1581
granulosa_2238,chr1,183633544,183634058,514
granulosa_2239,chr1,183634885,183636474,1589
granulosa_2240,chr1,183804397,183805812,1415
granulosa_2241,chr1,183873385,183875619,2234
granulosa_2242,chr1,183881225,183882159,934
granulosa_2243,chr1,184035786,184037954,2168
granulosa_2244,chr1,184050933,184052613,1680
granulosa_2245,chr1,184190746,184191893,1147
granulosa_2246,chr1,184295950,184297626,1676
granulosa_2247,chr1,184385924,184388750,2826
granulosa_2248,chr1,184663713,184664931,1218
granulosa_2249,chr1,184753722,184755851,2129
granulosa_2250,chr1,184889808,184891341,1533
granulosa_2251,chr1,184910653,184911983,1330
granulosa_2252,chr1,184973292,184974908,1616
granulosa_2253,chr1,185044843,185046835,1992
granulosa_2254,chr1,185155776,185158364,2588
granulosa_2255,chr1,185315475,185318199,2724
granulosa_2256,chr1,185464215,185465580,1365
granulosa_2257,chr1,185593831,185595540,1709
granulosa_2258,chr1,185645111,185646825,1714
granulosa_2259,chr1,185733522,185736058,2536
granulosa_2260,chr1,185842937,185844572,1635
granulosa_2261,chr1,186212222,186213001,779
granulosa_2262,chr1,186374345,186376211,1866
granulosa_2263,chr1,186679932,186681327,1395
granulosa_2264,chr1,186828383,186829973,1590
granulosa_2265,chr1,187688481,187689661,1180
granulosa_2266,chr1,188748983,188749995,1012
granulosa_2267,chr1,190474563,190476217,1654
granulosa_2268,chr1,190477628,190479290,1662
granulosa_2269,chr1,191888160,191889719,1559
granulosa_2270,chr1,192807950,192809804,1854
granulosa_2271,chr1,193058279,193060661,2382
granulosa_2272,chr1,193103854,193105829,1975
granulosa_2273,chr1,193121067,193123143,2076
granulosa_2274,chr1,193408344,193409787,1443
granulosa_2275,chr1,193417473,193418894,1421
granulosa_2276,chr1,196607791,196609663,1872
granulosa_2277,chr1,197145723,197147123,1400
granulosa_2278,chr1,197200176,197202299,2123
granulosa_2279,chr1,197384319,197385525,1206
granulosa_2280,chr1,197463655,197464625,970
granulosa_2281,chr1,197594536,197595925,1389
granulosa_2282,chr1,197682481,197684423,1942
granulosa_2283,chr1,197774435,197776241,1806
granulosa_2284,chr1,197902013,197903508,1495
granulosa_2285,chr1,197908664,197909559,895
granulosa_2286,chr1,197910839,197912002,1163
granulosa_2287,chr1,197915632,197916538,906
granulosa_2288,chr1,197916740,197918517,1777
granulosa_2289,chr1,197924014,197924837,823
granulosa_2290,chr1,198156120,198159433,3313
granulosa_2291,chr1,198196119,198197002,883
granulosa_2292,chr1,198681254,198682597,1343
granulosa_2293,chr1,198934827,198936065,1238
granulosa_2294,chr1,198936258,198937685,1427
granulosa_2295,chr1,199273613,199274561,948
granulosa_2296,chr1,200028621,200030007,1386
granulosa_2297,chr1,200038647,200040283,1636
granulosa_2298,chr1,200042011,200043393,1382
granulosa_2299,chr1,200301943,200303336,1393
granulosa_2300,chr1,200409070,200410856,1786
granulosa_2301,chr1,200620185,200621408,1223
granulosa_2302,chr1,200669222,200670648,1426
granulosa_2303,chr1,200738134,200740529,2395
granulosa_2304,chr1,200872650,200874368,1718
granulosa_2305,chr1,200890840,200892131,1291
granulosa_2306,chr1,201013856,201016636,2780
granulosa_2307,chr1,201022829,201024458,1629
granulosa_2308,chr1,201113661,201115378,1717
granulosa_2309,chr1,201153552,201155100,1548
granulosa_2310,chr1,201170291,201171739,1448
granulosa_2311,chr1,201282941,201284269,1328
granulosa_2312,chr1,201398809,201400024,1215
granulosa_2313,chr1,201435345,201436849,1504
granulosa_2314,chr1,201467903,201470039,2136
granulosa_2315,chr1,201480206,201482576,2370
granulosa_2316,chr1,201493717,201494774,1057
granulosa_2317,chr1,201503225,201503920,695
granulosa_2318,chr1,201506091,201507385,1294
granulosa_2319,chr1,201511890,201513508,1618
granulosa_2320,chr1,201537946,201540561,2615
granulosa_2321,chr1,201647668,201650728,3060
granulosa_2322,chr1,201736267,201738088,1821
granulosa_2323,chr1,201738984,201741064,2080
granulosa_2324,chr1,201828551,201830201,1650
granulosa_2325,chr1,201888094,201889676,1582
granulosa_2326,chr1,201895680,201896271,591
granulosa_2327,chr1,201945818,201947758,1940
granulosa_2328,chr1,201954800,201956016,1216
granulosa_2329,chr1,201981906,201983665,1759
granulosa_2330,chr1,201990132,201990900,768
granulosa_2331,chr1,202009308,202010960,1652
granulosa_2332,chr1,202084573,202086438,1865
granulosa_2333,chr1,202106302,202108699,2397
granulosa_2334,chr1,202118570,202119308,738
granulosa_2335,chr1,202131955,202133363,1408
granulosa_2336,chr1,202143030,202145608,2578
granulosa_2337,chr1,202154723,202155686,963
granulosa_2338,chr1,202159261,202162281,3020
granulosa_2339,chr1,202162564,202163143,579
granulosa_2340,chr1,202164341,202164894,553
granulosa_2341,chr1,202165336,202166055,719
granulosa_2342,chr1,202167137,202168478,1341
granulosa_2343,chr1,202184463,202185249,786
granulosa_2344,chr1,202192599,202194479,1880
granulosa_2345,chr1,202213042,202214662,1620
granulosa_2346,chr1,202282161,202283949,1788
granulosa_2347,chr1,202341438,202342300,862
granulosa_2348,chr1,202348120,202349822,1702
granulosa_2349,chr1,202538842,202540758,1916
granulosa_2350,chr1,202576820,202578917,2097
granulosa_2351,chr1,202642402,202645149,2747
granulosa_2352,chr1,202709224,202711266,2042
granulosa_2353,chr1,202806731,202808673,1942
granulosa_2354,chr1,202810309,202811795,1486
granulosa_2355,chr1,202860614,202862242,1628
granulosa_2356,chr1,202888164,202889711,1547
granulosa_2357,chr1,202926528,202928486,1958
granulosa_2358,chr1,202957299,202958920,1621
granulosa_2359,chr1,202966127,202968174,2047
granulosa_2360,chr1,203006144,203008244,2100
granulosa_2361,chr1,203025788,203028517,2729
granulosa_2362,chr1,203048177,203049090,913
granulosa_2363,chr1,203051420,203052876,1456
granulosa_2364,chr1,203127284,203128619,1335
granulosa_2365,chr1,203185552,203187822,2270
granulosa_2366,chr1,203267239,203267944,705
granulosa_2367,chr1,203272661,203273668,1007
granulosa_2368,chr1,203278002,203279366,1364
granulosa_2369,chr1,203289241,203291120,1879
granulosa_2370,chr1,203304994,203307404,2410
granulosa_2371,chr1,203307655,203310662,3007
granulosa_2372,chr1,203320535,203321568,1033
granulosa_2373,chr1,203326745,203328134,1389
granulosa_2374,chr1,203339414,203340412,998
granulosa_2375,chr1,203350228,203351790,1562
granulosa_2376,chr1,203378379,203380281,1902
granulosa_2377,chr1,203440217,203441247,1030
granulosa_2378,chr1,203486999,203488235,1236
granulosa_2379,chr1,203506815,203509086,2271
granulosa_2380,chr1,203512738,203514774,2036
granulosa_2381,chr1,203521024,203522688,1664
granulosa_2382,chr1,203571513,203572781,1268
granulosa_2383,chr1,203625639,203627177,1538
granulosa_2384,chr1,203627738,203629107,1369
granulosa_2385,chr1,203649555,203650833,1278
granulosa_2386,chr1,203794922,203796703,1781
granulosa_2387,chr1,203860320,203862221,1901
granulosa_2388,chr1,203870802,203871970,1168
granulosa_2389,chr1,204072622,204075426,2804
granulosa_2390,chr1,204084054,204084892,838
granulosa_2391,chr1,204126559,204127933,1374
granulosa_2392,chr1,204128771,204131720,2949
granulosa_2393,chr1,204142658,204143983,1325
granulosa_2394,chr1,204147028,204147599,571
granulosa_2395,chr1,204150698,204152770,2072
granulosa_2396,chr1,204161969,204162882,913
granulosa_2397,chr1,204189836,204191243,1407
granulosa_2398,chr1,204198030,204199302,1272
granulosa_2399,chr1,204206765,204207620,855
granulosa_2400,chr1,204213416,204214535,1119
granulosa_2401,chr1,204287558,204288779,1221
granulosa_2402,chr1,204295604,204297234,1630
granulosa_2403,chr1,204306775,204307919,1144
granulosa_2404,chr1,204334970,204335867,897
granulosa_2405,chr1,204350490,204351470,980
granulosa_2406,chr1,204358729,204360529,1800
granulosa_2407,chr1,204363050,204364160,1110
granulosa_2408,chr1,204377077,204378587,1510
granulosa_2409,chr1,204398180,204398881,701
granulosa_2410,chr1,204410283,204412606,2323
granulosa_2411,chr1,204445853,204447164,1311
granulosa_2412,chr1,204493038,204495597,2559
granulosa_2413,chr1,204505949,204508098,2149
granulosa_2414,chr1,204515313,204516952,1639
granulosa_2415,chr1,204565534,204566583,1049
granulosa_2416,chr1,204574222,204575201,979
granulosa_2417,chr1,204624045,204625384,1339
granulosa_2418,chr1,204637162,204638543,1381
granulosa_2419,chr1,204684188,204685950,1762
granulosa_2420,chr1,204763425,204764194,769
granulosa_2421,chr1,204806755,204807717,962
granulosa_2422,chr1,204828135,204829524,1389
granulosa_2423,chr1,204923763,204924838,1075
granulosa_2424,chr1,204989083,204990697,1614
granulosa_2425,chr1,205013594,205015401,1807
granulosa_2426,chr1,205060951,205062105,1154
granulosa_2427,chr1,205121144,205122795,1651
granulosa_2428,chr1,205210212,205212054,1842
granulosa_2429,chr1,205226844,205230125,3281
granulosa_2430,chr1,205248571,205249933,1362
granulosa_2431,chr1,205255851,205256532,681
granulosa_2432,chr1,205273123,205274662,1539
granulosa_2433,chr1,205300593,205302113,1520
granulosa_2434,chr1,205313229,205314516,1287
granulosa_2435,chr1,205316982,205317929,947
granulosa_2436,chr1,205320872,205322037,1165
granulosa_2437,chr1,205335327,205336401,1074
granulosa_2438,chr1,205343236,205344918,1682
granulosa_2439,chr1,205348554,205349865,1311
granulosa_2440,chr1,205356206,205357357,1151
granulosa_2441,chr1,205371986,205375035,3049
granulosa_2442,chr1,205375874,205376525,651
granulosa_2443,chr1,205430138,205431156,1018
granulosa_2444,chr1,205438191,205439337,1146
granulosa_2445,chr1,205443903,205445475,1572
granulosa_2446,chr1,205449488,205450959,1471
granulosa_2447,chr1,205453371,205453824,453
granulosa_2448,chr1,205454828,205455274,446
granulosa_2449,chr1,205456286,205457617,1331
granulosa_2450,chr1,205477425,205478336,911
granulosa_2451,chr1,205485203,205486040,837
granulosa_2452,chr1,205495020,205495971,951
granulosa_2453,chr1,205504149,205506172,2023
granulosa_2454,chr1,205528571,205529591,1020
granulosa_2455,chr1,205543207,205544253,1046
granulosa_2456,chr1,205565341,205566184,843
granulosa_2457,chr1,205568348,205570219,1871
granulosa_2458,chr1,205581823,205583254,1431
granulosa_2459,chr1,205591340,205592385,1045
granulosa_2460,chr1,205630242,205632595,2353
granulosa_2461,chr1,205658710,205659613,903
granulosa_2462,chr1,205678283,205681118,2835
granulosa_2463,chr1,205748430,205750713,2283
granulosa_2464,chr1,205774056,205775663,1607
granulosa_2465,chr1,205811476,205814099,2623
granulosa_2466,chr1,205913221,205914182,961
granulosa_2467,chr1,205961280,205963188,1908
granulosa_2468,chr1,205976686,205977730,1044
granulosa_2469,chr1,205983641,205984523,882
granulosa_2470,chr1,206116488,206118144,1656
granulosa_2471,chr1,206202839,206203330,491
granulosa_2472,chr1,206469366,206471691,2325
granulosa_2473,chr1,206489910,206491286,1376
granulosa_2474,chr1,206506639,206508217,1578
granulosa_2475,chr1,206511640,206513037,1397
granulosa_2476,chr1,206555120,206555994,874
granulosa_2477,chr1,206556725,206557916,1191
granulosa_2478,chr1,206611715,206613289,1574
granulosa_2479,chr1,206634261,206636378,2117
granulosa_2480,chr1,206663612,206664547,935
granulosa_2481,chr1,206684448,206686553,2105
granulosa_2482,chr1,206908845,206910198,1353
granulosa_2483,chr1,207050410,207051329,919
granulosa_2484,chr1,207052535,207053734,1199
granulosa_2485,chr1,207084147,207085264,1117
granulosa_2486,chr1,207309474,207310446,972
granulosa_2487,chr1,207320728,207322510,1782
granulosa_2488,chr1,207453798,207455344,1546
granulosa_2489,chr1,207495579,207496815,1236
granulosa_2490,chr1,207644533,207645968,1435
granulosa_2491,chr1,207751441,207753027,1586
granulosa_2492,chr1,207822591,207824317,1726
granulosa_2493,chr1,207837780,207839013,1233
granulosa_2494,chr1,207867697,207869577,1880
granulosa_2495,chr1,207958697,207959868,1171
granulosa_2496,chr1,207962758,207964602,1844
granulosa_2497,chr1,208042933,208044253,1320
granulosa_2498,chr1,208100629,208102490,1861
granulosa_2499,chr1,208134267,208135463,1196
granulosa_2500,chr1,208159454,208160295,841
granulosa_2501,chr1,208242975,208244828,1853
granulosa_2502,chr1,208244967,208245546,579
granulosa_2503,chr1,208476081,208477378,1297
granulosa_2504,chr1,208642626,208643884,1258
granulosa_2505,chr1,209112658,209113875,1217
granulosa_2506,chr1,209206927,209208331,1404
granulosa_2507,chr1,209248420,209250619,2199
granulosa_2508,chr1,209348963,209350597,1634
granulosa_2509,chr1,209354103,209354704,601
granulosa_2510,chr1,209434227,209436015,1788
granulosa_2511,chr1,209576275,209577217,942
granulosa_2512,chr1,209583387,209584699,1312
granulosa_2513,chr1,209585320,209586568,1248
granulosa_2514,chr1,209645657,209646455,798
granulosa_2515,chr1,209674563,209676189,1626
granulosa_2516,chr1,209720093,209721241,1148
granulosa_2517,chr1,209747419,209748366,947
granulosa_2518,chr1,209783386,209784943,1557
granulosa_2519,chr1,209805224,209806554,1330
granulosa_2520,chr1,209827284,209828480,1196
granulosa_2521,chr1,209844939,209846018,1079
granulosa_2522,chr1,209937378,209938817,1439
granulosa_2523,chr1,210231998,210234507,2509
granulosa_2524,chr1,210250639,210252328,1689
granulosa_2525,chr1,210290915,210293593,2678
granulosa_2526,chr1,210310889,210312024,1135
granulosa_2527,chr1,210327953,210330706,2753
granulosa_2528,chr1,211133197,211134513,1316
granulosa_2529,chr1,211257925,211261092,3167
granulosa_2530,chr1,211326200,211327934,1734
granulosa_2531,chr1,211382025,211383523,1498
granulosa_2532,chr1,211469320,211470576,1256
granulosa_2533,chr1,211514916,211515927,1011
granulosa_2534,chr1,211577397,211580526,3129
granulosa_2535,chr1,211632031,211633724,1693
granulosa_2536,chr1,211674935,211676240,1305
granulosa_2537,chr1,211680650,211681272,622
granulosa_2538,chr1,211698270,211699395,1125
granulosa_2539,chr1,211829022,211831161,2139
granulosa_2540,chr1,212034493,212036298,1805
granulosa_2541,chr1,212284391,212287107,2716
granulosa_2542,chr1,212413417,212415215,1798
granulosa_2543,chr1,212432287,212433836,1549
granulosa_2544,chr1,212513731,212515676,1945
granulosa_2545,chr1,212557900,212559550,1650
granulosa_2546,chr1,212607560,212609894,2334
granulosa_2547,chr1,212620421,212622577,2156
granulosa_2548,chr1,212664789,212665860,1071
granulosa_2549,chr1,212671206,212672180,974
granulosa_2550,chr1,212698955,212701385,2430
granulosa_2551,chr1,212790981,212792666,1685
granulosa_2552,chr1,212857326,212859233,1907
granulosa_2553,chr1,212924447,212925458,1011
granulosa_2554,chr1,212949959,212952952,2993
granulosa_2555,chr1,212980440,212982059,1619
granulosa_2556,chr1,213014566,213016245,1679
granulosa_2557,chr1,213044917,213046237,1320
granulosa_2558,chr1,213050667,213051998,1331
granulosa_2559,chr1,213982550,213983508,958
granulosa_2560,chr1,213987383,213990694,3311
granulosa_2561,chr1,214224259,214225410,1151
granulosa_2562,chr1,214261211,214262133,922
granulosa_2563,chr1,214280181,214282142,1961
granulosa_2564,chr1,214439068,214440185,1117
granulosa_2565,chr1,214550548,214552667,2119
granulosa_2566,chr1,214602498,214604275,1777
granulosa_2567,chr1,215081536,215083948,2412
granulosa_2568,chr1,215539477,215540696,1219
granulosa_2569,chr1,215566711,215568609,1898
granulosa_2570,chr1,216530883,216532300,1417
granulosa_2571,chr1,216600508,216601816,1308
granulosa_2572,chr1,216722578,216724188,1610
granulosa_2573,chr1,217088087,217090645,2558
granulosa_2574,chr1,217629973,217631873,1900
granulosa_2575,chr1,218163866,218165866,2000
granulosa_2576,chr1,218284418,218286486,2068
granulosa_2577,chr1,218344879,218346296,1417
granulosa_2578,chr1,218346681,218348572,1891
granulosa_2579,chr1,219173441,219175165,1724
granulosa_2580,chr1,219576688,219577959,1271
granulosa_2581,chr1,219660510,219662018,1508
granulosa_2582,chr1,219811684,219813673,1989
granulosa_2583,chr1,219927596,219929091,1495
granulosa_2584,chr1,220045384,220046940,1556
granulosa_2585,chr1,220089108,220090448,1340
granulosa_2586,chr1,220093524,220094933,1409
granulosa_2587,chr1,220271447,220273094,1647
granulosa_2588,chr1,220527192,220529485,2293
granulosa_2589,chr1,220689785,220691900,2115
granulosa_2590,chr1,220705394,220707225,1831
granulosa_2591,chr1,220732109,220733712,1603
granulosa_2592,chr1,220747430,220749162,1732
granulosa_2593,chr1,220749859,220751500,1641
granulosa_2594,chr1,220785928,220787652,1724
granulosa_2595,chr1,220878656,220880296,1640
granulosa_2596,chr1,220884245,220884920,675
granulosa_2597,chr1,220893776,220895096,1320
granulosa_2598,chr1,221611574,221612851,1277
granulosa_2599,chr1,221740536,221743580,3044
granulosa_2600,chr1,222265264,222267147,1883
granulosa_2601,chr1,222464530,222465980,1450
granulosa_2602,chr1,222589033,222590639,1606
granulosa_2603,chr1,222617216,222619252,2036
granulosa_2604,chr1,222643338,222644896,1558
granulosa_2605,chr1,222711299,222714264,2965
granulosa_2606,chr1,222814141,222815846,1705
granulosa_2607,chr1,222927929,222928644,715
granulosa_2608,chr1,223081095,223081778,683
granulosa_2609,chr1,223133332,223135511,2179
granulosa_2610,chr1,223142612,223144500,1888
granulosa_2611,chr1,223362897,223365412,2515
granulosa_2612,chr1,223712033,223714030,1997
granulosa_2613,chr1,223747874,223749453,1579
granulosa_2614,chr1,223844568,223846928,2360
granulosa_2615,chr1,223992163,223993918,1755
granulosa_2616,chr1,224113685,224115112,1427
granulosa_2617,chr1,224182263,224184370,2107
granulosa_2618,chr1,224210869,224211979,1110
granulosa_2619,chr1,224329194,224330883,1689
granulosa_2620,chr1,224356182,224357990,1808
granulosa_2621,chr1,224432660,224435649,2989
granulosa_2622,chr1,224456600,224457803,1203
granulosa_2623,chr1,224497945,224498942,997
granulosa_2624,chr1,224502324,224503991,1667
granulosa_2625,chr1,224615597,224618322,2725
granulosa_2626,chr1,224629549,224630364,815
granulosa_2627,chr1,224631413,224632344,931
granulosa_2628,chr1,224683676,224685674,1998
granulosa_2629,chr1,224883096,224885089,1993
granulosa_2630,chr1,224929150,224930749,1599
granulosa_2631,chr1,225426215,225428856,2641
granulosa_2632,chr1,225474470,225475519,1049
granulosa_2633,chr1,225651435,225654153,2718
granulosa_2634,chr1,225754947,225756266,1319
granulosa_2635,chr1,225766903,225768153,1250
granulosa_2636,chr1,225771883,225773193,1310
granulosa_2637,chr1,225777085,225778458,1373
granulosa_2638,chr1,225809643,225811846,2203
granulosa_2639,chr1,225816535,225817904,1369
granulosa_2640,chr1,225823581,225826202,2621
granulosa_2641,chr1,225847214,225849082,1868
granulosa_2642,chr1,225880872,225883396,2524
granulosa_2643,chr1,225923387,225924872,1485
granulosa_2644,chr1,225998476,226000136,1660
granulosa_2645,chr1,226061492,226063881,2389
granulosa_2646,chr1,226082758,226084155,1397
granulosa_2647,chr1,226108990,226111588,2598
granulosa_2648,chr1,226121164,226122993,1829
granulosa_2649,chr1,226185084,226187191,2107
granulosa_2650,chr1,226222897,226224607,1710
granulosa_2651,chr1,226308242,226310270,2028
granulosa_2652,chr1,226406401,226408763,2362
granulosa_2653,chr1,226547679,226550765,3086
granulosa_2654,chr1,226551112,226551974,862
granulosa_2655,chr1,226588430,226590010,1580
granulosa_2656,chr1,226655990,226657275,1285
granulosa_2657,chr1,226679620,226680687,1067
granulosa_2658,chr1,226702428,226703968,1540
granulosa_2659,chr1,226722397,226724467,2070
granulosa_2660,chr1,226735875,226739568,3693
granulosa_2661,chr1,226827097,226828434,1337
granulosa_2662,chr1,226870104,226871897,1793
granulosa_2663,chr1,226872092,226872881,789
granulosa_2664,chr1,226882107,226883440,1333
granulosa_2665,chr1,226938923,226940835,1912
granulosa_2666,chr1,227317511,227319463,1952
granulosa_2667,chr1,227541686,227543087,1401
granulosa_2668,chr1,227563048,227564505,1457
granulosa_2669,chr1,227727949,227729181,1232
granulosa_2670,chr1,227734546,227736223,1677
granulosa_2671,chr1,227762036,227762925,889
granulosa_2672,chr1,227786312,227789228,2916
granulosa_2673,chr1,227793474,227795376,1902
granulosa_2674,chr1,227886169,227888439,2270
granulosa_2675,chr1,227946241,227948776,2535
granulosa_2676,chr1,228058757,228061196,2439
granulosa_2677,chr1,228073408,228074269,861
granulosa_2678,chr1,228081422,228084177,2755
granulosa_2679,chr1,228101878,228103805,1927
granulosa_2680,chr1,228108777,228110487,1710
granulosa_2681,chr1,228130285,228131515,1230
granulosa_2682,chr1,228139421,228141967,2546
granulosa_2683,chr1,228149061,228151616,2555
granulosa_2684,chr1,228157600,228159158,1558
granulosa_2685,chr1,228165138,228166852,1714
granulosa_2686,chr1,228178487,228179631,1144
granulosa_2687,chr1,228212234,228214436,2202
granulosa_2688,chr1,228275201,228277075,1874
granulosa_2689,chr1,228377787,228379524,1737
granulosa_2690,chr1,228405321,228407582,2261
granulosa_2691,chr1,228414967,228417728,2761
granulosa_2692,chr1,228445227,228447124,1897
granulosa_2693,chr1,228456986,228459555,2569
granulosa_2694,chr1,228463548,228465487,1939
granulosa_2695,chr1,228486279,228488502,2223
granulosa_2696,chr1,228646450,228648509,2059
granulosa_2697,chr1,228734737,228736675,1938
granulosa_2698,chr1,228801914,228803834,1920
granulosa_2699,chr1,228963680,228965013,1333
granulosa_2700,chr1,229114030,229115340,1310
granulosa_2701,chr1,229146651,229148937,2286
granulosa_2702,chr1,229270400,229272495,2095
granulosa_2703,chr1,229341286,229343773,2487
granulosa_2704,chr1,229410320,229411733,1413
granulosa_2705,chr1,229430614,229432474,1860
granulosa_2706,chr1,229507386,229509106,1720
granulosa_2707,chr1,229557582,229559423,1841
granulosa_2708,chr1,229624767,229626879,2112
granulosa_2709,chr1,230066040,230069195,3155
granulosa_2710,chr1,230086123,230087748,1625
granulosa_2711,chr1,230113393,230114629,1236
granulosa_2712,chr1,230136270,230138086,1816
granulosa_2713,chr1,230176357,230177541,1184
granulosa_2714,chr1,230267295,230269216,1921
granulosa_2715,chr1,230280476,230282563,2087
granulosa_2716,chr1,230306847,230308483,1636
granulosa_2717,chr1,230374712,230376531,1819
granulosa_2718,chr1,230424330,230426985,2655
granulosa_2719,chr1,230610064,230612183,2119
granulosa_2720,chr1,230641709,230643433,1724
granulosa_2721,chr1,230867065,230869333,2268
granulosa_2722,chr1,230917004,230918234,1230
granulosa_2723,chr1,230977323,230979567,2244
granulosa_2724,chr1,230983728,230985997,2269
granulosa_2725,chr1,231038996,231041475,2479
granulosa_2726,chr1,231160745,231163871,3126
granulosa_2727,chr1,231211098,231212885,1787
granulosa_2728,chr1,231240332,231242144,1812
granulosa_2729,chr1,231336791,231339027,2236
granulosa_2730,chr1,231357642,231358465,823
granulosa_2731,chr1,231407095,231408760,1665
granulosa_2732,chr1,231420815,231422931,2116
granulosa_2733,chr1,231527594,231529238,1644
granulosa_2734,chr1,231625954,231627698,1744
granulosa_2735,chr1,231806488,231808036,1548
granulosa_2736,chr1,231856517,231857431,914
granulosa_2737,chr1,231866479,231868476,1997
granulosa_2738,chr1,232552848,232556283,3435
granulosa_2739,chr1,232628642,232630996,2354
granulosa_2740,chr1,232804812,232806311,1499
granulosa_2741,chr1,232900635,232902735,2100
granulosa_2742,chr1,232949980,232951685,1705
granulosa_2743,chr1,233294746,233295906,1160
granulosa_2744,chr1,233326731,233329011,2280
granulosa_2745,chr1,233613142,233615521,2379
granulosa_2746,chr1,233707085,233708573,1488
granulosa_2747,chr1,233904257,233906091,1834
granulosa_2748,chr1,234213632,234215441,1809
granulosa_2749,chr1,234372424,234374386,1962
granulosa_2750,chr1,234477837,234479546,1709
granulosa_2751,chr1,234498733,234500092,1359
granulosa_2752,chr1,234522946,234524212,1266
granulosa_2753,chr1,234533096,234535098,2002
granulosa_2754,chr1,234543197,234545908,2711
granulosa_2755,chr1,234561620,234562813,1193
granulosa_2756,chr1,234599488,234601577,2089
granulosa_2757,chr1,234608506,234611856,3350
granulosa_2758,chr1,234612427,234613107,680
granulosa_2759,chr1,234717606,234718717,1111
granulosa_2760,chr1,234721112,234722600,1488
granulosa_2761,chr1,234723153,234725549,2396
granulosa_2762,chr1,234745266,234747147,1881
granulosa_2763,chr1,234750688,234751849,1161
granulosa_2764,chr1,234960681,234963032,2351
granulosa_2765,chr1,234969174,234971475,2301
granulosa_2766,chr1,234977966,234979471,1505
granulosa_2767,chr1,234986456,234988583,2127
granulosa_2768,chr1,235078786,235080094,1308
granulosa_2769,chr1,235082947,235084050,1103
granulosa_2770,chr1,235093001,235094202,1201
granulosa_2771,chr1,235103923,235105496,1573
granulosa_2772,chr1,235127122,235129190,2068
granulosa_2773,chr1,235160474,235161982,1508
granulosa_2774,chr1,235304151,235305556,1405
granulosa_2775,chr1,235326691,235329706,3015
granulosa_2776,chr1,235366810,235368029,1219
granulosa_2777,chr1,235503253,235505610,2357
granulosa_2778,chr1,235648405,235651150,2745
granulosa_2779,chr1,235865770,235867805,2035
granulosa_2780,chr1,235971337,235972730,1393
granulosa_2781,chr1,236063647,236065830,2183
granulosa_2782,chr1,236140109,236143733,3624
granulosa_2783,chr1,236280712,236282558,1846
granulosa_2784,chr1,236394804,236396100,1296
granulosa_2785,chr1,236470951,236472943,1992
granulosa_2786,chr1,236507026,236507715,689
granulosa_2787,chr1,236522732,236525046,2314
granulosa_2788,chr1,236603571,236605249,1678
granulosa_2789,chr1,236685962,236687158,1196
granulosa_2790,chr1,236794631,236796402,1771
granulosa_2791,chr1,237041514,237043670,2156
granulosa_2792,chr1,237145419,237147078,1659
granulosa_2793,chr1,238959857,238961084,1227
granulosa_2794,chr1,239385867,239388239,2372
granulosa_2795,chr1,239615636,239617102,1466
granulosa_2796,chr1,240091312,240093822,2510
granulosa_2797,chr1,240611161,240612464,1303
granulosa_2798,chr1,241356105,241357541,1436
granulosa_2799,chr1,241423493,241424924,1431
granulosa_2800,chr1,241518508,241520147,1639
granulosa_2801,chr1,241609764,241611508,1744
granulosa_2802,chr1,241638966,241640869,1903
granulosa_2803,chr1,241847411,241848863,1452
granulosa_2804,chr1,241933763,241934787,1024
granulosa_2805,chr1,242523352,242525445,2093
granulosa_2806,chr1,242647998,242649248,1250
granulosa_2807,chr1,243253984,243256414,2430
granulosa_2808,chr1,243421123,243422276,1153
granulosa_2809,chr1,243472995,243474906,1911
granulosa_2810,chr1,243482037,243483822,1785
granulosa_2811,chr1,243712797,243714484,1687
granulosa_2812,chr1,243848897,243851391,2494
granulosa_2813,chr1,243916776,243918280,1504
granulosa_2814,chr1,244046925,244050110,3185
granulosa_2815,chr1,244271871,244274566,2695
granulosa_2816,chr1,244299090,244299843,753
granulosa_2817,chr1,244300560,244301450,890
granulosa_2818,chr1,244450460,244452421,1961
granulosa_2819,chr1,244460705,244462018,1313
granulosa_2820,chr1,244651924,244654186,2262
granulosa_2821,chr1,244672430,244673993,1563
granulosa_2822,chr1,244729432,244731244,1812
granulosa_2823,chr1,244833732,244836509,2777
granulosa_2824,chr1,244862399,244865228,2829
granulosa_2825,chr1,244918317,244919558,1241
granulosa_2826,chr1,244969403,244971533,2130
granulosa_2827,chr1,245153074,245157215,4141
granulosa_2828,chr1,245469033,245470376,1343
granulosa_2829,chr1,245512080,245514152,2072
granulosa_2830,chr1,245548771,245549762,991
granulosa_2831,chr1,246066286,246068010,1724
granulosa_2832,chr1,246506189,246507699,1510
granulosa_2833,chr1,246565486,246567655,2169
granulosa_2834,chr1,246723593,246725485,1892
granulosa_2835,chr1,246788742,246790034,1292
granulosa_2836,chr1,246930435,246932497,2062
granulosa_2837,chr1,247007313,247008360,1047
granulosa_2838,chr1,247077638,247079656,2018
granulosa_2839,chr1,247103335,247104843,1508
granulosa_2840,chr1,247110559,247112832,2273
granulosa_2841,chr1,247209147,247211104,1957
granulosa_2842,chr1,247330641,247332569,1928
granulosa_2843,chr1,247332728,247333401,673
granulosa_2844,chr1,247335286,247336181,895
granulosa_2845,chr1,247337164,247338258,1094
granulosa_2846,chr1,247356770,247358057,1287
granulosa_2847,chr1,247447754,247448820,1066
granulosa_2848,chr1,247856857,247858043,1186
granulosa_2849,chr1,248825140,248826915,1775
granulosa_2850,chr1,248837530,248839368,1838
granulosa_2851,chr1,248857550,248859726,2176
granulosa_2852,chr1,248862791,248863829,1038
granulosa_2853,chr1,248872625,248874581,1956
granulosa_2854,chr1,248905665,248907559,1894
granulosa_2855,chr1,248923380,248925434,2054
granulosa_2856,chr10,133994,136610,2616
granulosa_2857,chr10,481044,482618,1574
granulosa_2858,chr10,510445,512069,1624
granulosa_2859,chr10,649524,651113,1589
granulosa_2860,chr10,665332,666645,1313
granulosa_2861,chr10,687909,690534,2625
granulosa_2862,chr10,784397,785440,1043
granulosa_2863,chr10,788936,789780,844
granulosa_2864,chr10,836271,837684,1413
granulosa_2865,chr10,929974,932344,2370
granulosa_2866,chr10,955043,956354,1311
granulosa_2867,chr10,969986,971505,1519
granulosa_2868,chr10,987143,989196,2053
granulosa_2869,chr10,1047978,1049986,2008
granulosa_2870,chr10,1055749,1057599,1850
granulosa_2871,chr10,1149411,1150359,948
granulosa_2872,chr10,1296771,1298482,1711
granulosa_2873,chr10,1736060,1737990,1930
granulosa_2874,chr10,3066131,3069367,3236
granulosa_2875,chr10,3171842,3173828,1986
granulosa_2876,chr10,3196657,3197938,1281
granulosa_2877,chr10,3482033,3482901,868
granulosa_2878,chr10,3500157,3500897,740
granulosa_2879,chr10,3782549,3784263,1714
granulosa_2880,chr10,3784569,3786242,1673
granulosa_2881,chr10,4240816,4243096,2280
granulosa_2882,chr10,4825440,4826973,1533
granulosa_2883,chr10,4849331,4850219,888
granulosa_2884,chr10,4902185,4903810,1625
granulosa_2885,chr10,4981469,4982596,1127
granulosa_2886,chr10,5411857,5413574,1717
granulosa_2887,chr10,5446183,5446903,720
granulosa_2888,chr10,5665386,5666948,1562
granulosa_2889,chr10,5684125,5686163,2038
granulosa_2890,chr10,5692187,5693356,1169
granulosa_2891,chr10,5812302,5814267,1965
granulosa_2892,chr10,5888355,5890924,2569
granulosa_2893,chr10,5976569,5978275,1706
granulosa_2894,chr10,6086266,6086714,448
granulosa_2895,chr10,6088310,6090226,1916
granulosa_2896,chr10,6144259,6146501,2242
granulosa_2897,chr10,6150999,6152292,1293
granulosa_2898,chr10,6162553,6165697,3144
granulosa_2899,chr10,6200286,6204684,4398
granulosa_2900,chr10,6401508,6402373,865
granulosa_2901,chr10,6579205,6581033,1828
granulosa_2902,chr10,7263500,7265268,1768
granulosa_2903,chr10,7407308,7409539,2231
granulosa_2904,chr10,7410285,7411976,1691
granulosa_2905,chr10,7412244,7413150,906
granulosa_2906,chr10,7474961,7476260,1299
granulosa_2907,chr10,7488260,7489624,1364
granulosa_2908,chr10,7665633,7668253,2620
granulosa_2909,chr10,7787307,7789660,2353
granulosa_2910,chr10,7795255,7795985,730
granulosa_2911,chr10,7817711,7819585,1874
granulosa_2912,chr10,8033500,8035639,2139
granulosa_2913,chr10,8049904,8051090,1186
granulosa_2914,chr10,8053212,8053845,633
granulosa_2915,chr10,8054254,8054814,560
granulosa_2916,chr10,8331948,8332809,861
granulosa_2917,chr10,11017268,11018970,1702
granulosa_2918,chr10,11163915,11166374,2459
granulosa_2919,chr10,11424163,11425767,1604
granulosa_2920,chr10,11610365,11612858,2493
granulosa_2921,chr10,11673236,11674675,1439
granulosa_2922,chr10,11684706,11686194,1488
granulosa_2923,chr10,11687054,11688347,1293
granulosa_2924,chr10,11712618,11714337,1719
granulosa_2925,chr10,11741581,11743194,1613
granulosa_2926,chr10,11757343,11758566,1223
granulosa_2927,chr10,11822838,11824288,1450
granulosa_2928,chr10,11869256,11870522,1266
granulosa_2929,chr10,11874320,11876215,1895
granulosa_2930,chr10,12041520,12043542,2022
granulosa_2931,chr10,12068189,12069836,1647
granulosa_2932,chr10,12129016,12130639,1623
granulosa_2933,chr10,12194331,12196778,2447
granulosa_2934,chr10,12263930,12264780,850
granulosa_2935,chr10,12348443,12351251,2808
granulosa_2936,chr10,12706764,12708353,1589
granulosa_2937,chr10,12959531,12961889,2358
granulosa_2938,chr10,13000477,13002048,1571
granulosa_2939,chr10,13098917,13101145,2228
granulosa_2940,chr10,13160841,13162321,1480
granulosa_2941,chr10,13268485,13269331,846
granulosa_2942,chr10,13299012,13300288,1276
granulosa_2943,chr10,13301815,13302666,851
granulosa_2944,chr10,13345886,13348992,3106
granulosa_2945,chr10,13349404,13350262,858
granulosa_2946,chr10,13439471,13440850,1379
granulosa_2947,chr10,13527823,13529590,1767
granulosa_2948,chr10,13586474,13588025,1551
granulosa_2949,chr10,13705786,13708098,2312
granulosa_2950,chr10,13717557,13718814,1257
granulosa_2951,chr10,13808380,13810022,1642
granulosa_2952,chr10,13890231,13892771,2540
granulosa_2953,chr10,14074041,14075063,1022
granulosa_2954,chr10,14173220,14174729,1509
granulosa_2955,chr10,14259686,14260979,1293
granulosa_2956,chr10,14603284,14605561,2277
granulosa_2957,chr10,14653236,14654219,983
granulosa_2958,chr10,14837069,14839577,2508
granulosa_2959,chr10,14877732,14880468,2736
granulosa_2960,chr10,14952705,14954611,1906
granulosa_2961,chr10,14958992,14960493,1501
granulosa_2962,chr10,15084018,15085304,1286
granulosa_2963,chr10,15088208,15089022,814
granulosa_2964,chr10,15096387,15098286,1899
granulosa_2965,chr10,15167402,15169634,2232
granulosa_2966,chr10,15253853,15255567,1714
granulosa_2967,chr10,15369360,15371652,2292
granulosa_2968,chr10,15718200,15720434,2234
granulosa_2969,chr10,15859428,15860851,1423
granulosa_2970,chr10,16436148,16437505,1357
granulosa_2971,chr10,16519363,16522065,2702
granulosa_2972,chr10,16816642,16818333,1691
granulosa_2973,chr10,17200043,17202160,2117
granulosa_2974,chr10,17227414,17230863,3449
granulosa_2975,chr10,17348016,17349396,1380
granulosa_2976,chr10,17453109,17454972,1863
granulosa_2977,chr10,17616412,17618110,1698
granulosa_2978,chr10,17643183,17644995,1812
granulosa_2979,chr10,18139836,18141870,2034
granulosa_2980,chr10,18312299,18314039,1740
granulosa_2981,chr10,18399937,18402180,2243
granulosa_2982,chr10,18626997,18628063,1066
granulosa_2983,chr10,18650334,18652057,1723
granulosa_2984,chr10,18658149,18660352,2203
granulosa_2985,chr10,18681327,18683352,2025
granulosa_2986,chr10,19741766,19742741,975
granulosa_2987,chr10,19815245,19818057,2812
granulosa_2988,chr10,20006934,20008333,1399
granulosa_2989,chr10,21172695,21174863,2168
granulosa_2990,chr10,21291463,21294319,2856
granulosa_2991,chr10,21313863,21314972,1109
granulosa_2992,chr10,21315120,21316372,1252
granulosa_2993,chr10,21368791,21370133,1342
granulosa_2994,chr10,21372719,21373446,727
granulosa_2995,chr10,21494090,21495134,1044
granulosa_2996,chr10,21495281,21497523,2242
granulosa_2997,chr10,21509368,21510934,1566
granulosa_2998,chr10,21516056,21519256,3200
granulosa_2999,chr10,21524642,21527601,2959
granulosa_3000,chr10,21533226,21535695,2469
granulosa_3001,chr10,21724006,21725785,1779
granulosa_3002,chr10,22002203,22004033,1830
granulosa_3003,chr10,22228687,22231054,2367
granulosa_3004,chr10,22251100,22253816,2716
granulosa_3005,chr10,22315462,22317130,1668
granulosa_3006,chr10,22320263,22322548,2285
granulosa_3007,chr10,22325172,22326235,1063
granulosa_3008,chr10,22333968,22336923,2955
granulosa_3009,chr10,22340017,22341646,1629
granulosa_3010,chr10,22344980,22346213,1233
granulosa_3011,chr10,22426883,22428688,1805
granulosa_3012,chr10,22436376,22438156,1780
granulosa_3013,chr10,22475576,22478165,2589
granulosa_3014,chr10,22712665,22715230,2565
granulosa_3015,chr10,22911718,22913353,1635
granulosa_3016,chr10,22927310,22928357,1047
granulosa_3017,chr10,23080813,23082116,1303
granulosa_3018,chr10,23094629,23097393,2764
granulosa_3019,chr10,23190736,23193283,2547
granulosa_3020,chr10,23343439,23344925,1486
granulosa_3021,chr10,23438079,23440805,2726
granulosa_3022,chr10,23693419,23696034,2615
granulosa_3023,chr10,24008186,24009428,1242
granulosa_3024,chr10,24207572,24210481,2909
granulosa_3025,chr10,24415430,24417448,2018
granulosa_3026,chr10,24722501,24725279,2778
granulosa_3027,chr10,24951465,24953654,2189
granulosa_3028,chr10,25015596,25017534,1938
granulosa_3029,chr10,25174262,25176906,2644
granulosa_3030,chr10,25933572,25935228,1656
granulosa_3031,chr10,26215000,26216881,1881
granulosa_3032,chr10,26566577,26567782,1205
granulosa_3033,chr10,26696777,26698573,1796
granulosa_3034,chr10,26858865,26861437,2572
granulosa_3035,chr10,27099512,27101267,1755
granulosa_3036,chr10,27153688,27156247,2559
granulosa_3037,chr10,27240071,27242442,2371
granulosa_3038,chr10,27242725,27243492,767
granulosa_3039,chr10,27258417,27259748,1331
granulosa_3040,chr10,27503569,27505326,1757
granulosa_3041,chr10,27741829,27743907,2078
granulosa_3042,chr10,27745530,27746356,826
granulosa_3043,chr10,27997738,27999303,1565
granulosa_3044,chr10,28301905,28303493,1588
granulosa_3045,chr10,28381487,28382414,927
granulosa_3046,chr10,28409972,28411303,1331
granulosa_3047,chr10,28531941,28534193,2252
granulosa_3048,chr10,28587251,28588656,1405
granulosa_3049,chr10,28663591,28664172,581
granulosa_3050,chr10,28668258,28669502,1244
granulosa_3051,chr10,28676365,28679459,3094
granulosa_3052,chr10,28721227,28722930,1703
granulosa_3053,chr10,28806226,28808601,2375
granulosa_3054,chr10,28839178,28840366,1188
granulosa_3055,chr10,28879520,28882128,2608
granulosa_3056,chr10,29408974,29410551,1577
granulosa_3057,chr10,29598463,29599572,1109
granulosa_3058,chr10,29734581,29737419,2838
granulosa_3059,chr10,29880851,29882495,1644
granulosa_3060,chr10,29992719,29994329,1610
granulosa_3061,chr10,30013178,30014775,1597
granulosa_3062,chr10,30026971,30030356,3385
granulosa_3063,chr10,30058002,30059778,1776
granulosa_3064,chr10,30114856,30116798,1942
granulosa_3065,chr10,30184117,30184987,870
granulosa_3066,chr10,30187764,30189685,1921
granulosa_3067,chr10,30348422,30349889,1467
granulosa_3068,chr10,30396455,30398251,1796
granulosa_3069,chr10,30432889,30435181,2292
granulosa_3070,chr10,30783592,30785716,2124
granulosa_3071,chr10,31031134,31032957,1823
granulosa_3072,chr10,31132883,31135124,2241
granulosa_3073,chr10,31318175,31321135,2960
granulosa_3074,chr10,31602437,31604475,2038
granulosa_3075,chr10,31759070,31760824,1754
granulosa_3076,chr10,31927021,31929957,2936
granulosa_3077,chr10,32055264,32056759,1495
granulosa_3078,chr10,32345881,32347727,1846
granulosa_3079,chr10,32377418,32380551,3133
granulosa_3080,chr10,32445564,32447305,1741
granulosa_3081,chr10,32957237,32959329,2092
granulosa_3082,chr10,32980033,32981367,1334
granulosa_3083,chr10,33151362,33152807,1445
granulosa_3084,chr10,33272630,33274424,1794
granulosa_3085,chr10,33333779,33337683,3904
granulosa_3086,chr10,33790167,33791716,1549
granulosa_3087,chr10,33804044,33805220,1176
granulosa_3088,chr10,34115998,34117566,1568
granulosa_3089,chr10,34319134,34320646,1512
granulosa_3090,chr10,34739054,34740676,1622
granulosa_3091,chr10,34764231,34765761,1530
granulosa_3092,chr10,34780205,34781518,1313
granulosa_3093,chr10,34813745,34816913,3168
granulosa_3094,chr10,35089307,35090899,1592
granulosa_3095,chr10,35125962,35128232,2270
granulosa_3096,chr10,35153066,35154555,1489
granulosa_3097,chr10,35194924,35196387,1463
granulosa_3098,chr10,35335557,35337735,2178
granulosa_3099,chr10,35447568,35448450,882
granulosa_3100,chr10,35639609,35642843,3234
granulosa_3101,chr10,35643113,35644022,909
granulosa_3102,chr10,35752225,35753341,1116
granulosa_3103,chr10,35924573,35925858,1285
granulosa_3104,chr10,36681343,36682594,1251
granulosa_3105,chr10,36758878,36760720,1842
granulosa_3106,chr10,37856873,37858679,1806
granulosa_3107,chr10,37975369,37977068,1699
granulosa_3108,chr10,38009849,38011611,1762
granulosa_3109,chr10,38093563,38095345,1782
granulosa_3110,chr10,38402037,38403811,1774
granulosa_3111,chr10,42551657,42553577,1920
granulosa_3112,chr10,42637654,42639044,1390
granulosa_3113,chr10,42752917,42755501,2584
granulosa_3114,chr10,42781820,42783525,1705
granulosa_3115,chr10,42865819,42867148,1329
granulosa_3116,chr10,42932152,42934612,2460
granulosa_3117,chr10,42940529,42941669,1140
granulosa_3118,chr10,42951119,42952701,1582
granulosa_3119,chr10,43059938,43060888,950
granulosa_3120,chr10,43076269,43078072,1803
granulosa_3121,chr10,43104471,43106071,1600
granulosa_3122,chr10,43137109,43139258,2149
granulosa_3123,chr10,43202186,43204320,2134
granulosa_3124,chr10,43228765,43230611,1846
granulosa_3125,chr10,43265766,43267220,1454
granulosa_3126,chr10,43304272,43305377,1105
granulosa_3127,chr10,43322312,43323500,1188
granulosa_3128,chr10,43361550,43363016,1466
granulosa_3129,chr10,43389977,43391114,1137
granulosa_3130,chr10,43395626,43397619,1993
granulosa_3131,chr10,43407054,43410024,2970
granulosa_3132,chr10,43420003,43421279,1276
granulosa_3133,chr10,43435950,43437661,1711
granulosa_3134,chr10,43454719,43456179,1460
granulosa_3135,chr10,43573254,43574771,1517
granulosa_3136,chr10,43605942,43607242,1300
granulosa_3137,chr10,43648059,43649504,1445
granulosa_3138,chr10,43667046,43668592,1546
granulosa_3139,chr10,43688601,43691051,2450
granulosa_3140,chr10,43962383,43963426,1043
granulosa_3141,chr10,44056984,44058171,1187
granulosa_3142,chr10,44060007,44061060,1053
granulosa_3143,chr10,44260306,44262221,1915
granulosa_3144,chr10,44310534,44311500,966
granulosa_3145,chr10,44383682,44385634,1952
granulosa_3146,chr10,44386510,44387107,597
granulosa_3147,chr10,44863353,44865792,2439
granulosa_3148,chr10,44878352,44879761,1409
granulosa_3149,chr10,44910335,44911553,1218
granulosa_3150,chr10,44932375,44933228,853
granulosa_3151,chr10,44958882,44960226,1344
granulosa_3152,chr10,44974333,44975990,1657
granulosa_3153,chr10,44978438,44979335,897
granulosa_3154,chr10,45000193,45001878,1685
granulosa_3155,chr10,45008173,45009001,828
granulosa_3156,chr10,45261527,45262699,1172
granulosa_3157,chr10,45279294,45280828,1534
granulosa_3158,chr10,45373079,45375153,2074
granulosa_3159,chr10,45417980,45420038,2058
granulosa_3160,chr10,45420394,45421639,1245
granulosa_3161,chr10,45593585,45595405,1820
granulosa_3162,chr10,45671821,45673507,1686
granulosa_3163,chr10,45726571,45727533,962
granulosa_3164,chr10,45970961,45973134,2173
granulosa_3165,chr10,46022926,46023808,882
granulosa_3166,chr10,46029749,46031195,1446
granulosa_3167,chr10,46105530,46107612,2082
granulosa_3168,chr10,46228099,46229541,1442
granulosa_3169,chr10,46247386,46248831,1445
granulosa_3170,chr10,46282396,46283230,834
granulosa_3171,chr10,46284086,46285214,1128
granulosa_3172,chr10,46522912,46525400,2488
granulosa_3173,chr10,46540881,46542168,1287
granulosa_3174,chr10,46555313,46557500,2187
granulosa_3175,chr10,46786410,46787596,1186
granulosa_3176,chr10,47299544,47300996,1452
granulosa_3177,chr10,47311203,47312443,1240
granulosa_3178,chr10,47383265,47385091,1826
granulosa_3179,chr10,47552653,47553690,1037
granulosa_3180,chr10,48305742,48307962,2220
granulosa_3181,chr10,48363138,48365506,2368
granulosa_3182,chr10,48429002,48430204,1202
granulosa_3183,chr10,48444247,48445750,1503
granulosa_3184,chr10,48453799,48455704,1905
granulosa_3185,chr10,48463369,48464429,1060
granulosa_3186,chr10,48464757,48465827,1070
granulosa_3187,chr10,48469697,48470656,959
granulosa_3188,chr10,48523098,48524603,1505
granulosa_3189,chr10,48545069,48546250,1181
granulosa_3190,chr10,48603756,48605598,1842
granulosa_3191,chr10,48655224,48656908,1684
granulosa_3192,chr10,49001059,49002696,1637
granulosa_3193,chr10,49114643,49115837,1194
granulosa_3194,chr10,49397052,49398672,1620
granulosa_3195,chr10,49538123,49539958,1835
granulosa_3196,chr10,49608861,49610823,1962
granulosa_3197,chr10,49761293,49762574,1281
granulosa_3198,chr10,49941014,49942742,1728
granulosa_3199,chr10,50067334,50068211,877
granulosa_3200,chr10,50417503,50418651,1148
granulosa_3201,chr10,50549837,50551084,1247
granulosa_3202,chr10,50621840,50625995,4155
granulosa_3203,chr10,50739298,50740652,1354
granulosa_3204,chr10,50990513,50992855,2342
granulosa_3205,chr10,51073202,51075370,2168
granulosa_3206,chr10,51161649,51162508,859
granulosa_3207,chr10,51698675,51700716,2041
granulosa_3208,chr10,52173427,52174169,742
granulosa_3209,chr10,52308045,52309030,985
granulosa_3210,chr10,52313035,52315294,2259
granulosa_3211,chr10,53491280,53492459,1179
granulosa_3212,chr10,54800607,54801607,1000
granulosa_3213,chr10,55517789,55519094,1305
granulosa_3214,chr10,55627186,55628838,1652
granulosa_3215,chr10,55629725,55631705,1980
granulosa_3216,chr10,56360513,56362166,1653
granulosa_3217,chr10,58023072,58024033,961
granulosa_3218,chr10,58266771,58269930,3159
granulosa_3219,chr10,58334581,58336440,1859
granulosa_3220,chr10,58384075,58386153,2078
granulosa_3221,chr10,58511640,58514307,2667
granulosa_3222,chr10,59175680,59177672,1992
granulosa_3223,chr10,59318245,59319778,1533
granulosa_3224,chr10,59361729,59363417,1688
granulosa_3225,chr10,59625259,59626819,1560
granulosa_3226,chr10,59708643,59710511,1868
granulosa_3227,chr10,59863860,59865497,1637
granulosa_3228,chr10,59893859,59894657,798
granulosa_3229,chr10,59904935,59907327,2392
granulosa_3230,chr10,60138918,60141579,2661
granulosa_3231,chr10,60398806,60399949,1143
granulosa_3232,chr10,60572098,60573701,1603
granulosa_3233,chr10,60732134,60733728,1594
granulosa_3234,chr10,60777916,60779496,1580
granulosa_3235,chr10,60942270,60944979,2709
granulosa_3236,chr10,61000688,61002103,1415
granulosa_3237,chr10,61452013,61454053,2040
granulosa_3238,chr10,61611688,61613467,1779
granulosa_3239,chr10,61662552,61664095,1543
granulosa_3240,chr10,61835563,61838290,2727
granulosa_3241,chr10,61896820,61898160,1340
granulosa_3242,chr10,61902026,61904184,2158
granulosa_3243,chr10,62048517,62050128,1611
granulosa_3244,chr10,62082312,62085017,2705
granulosa_3245,chr10,62267896,62269428,1532
granulosa_3246,chr10,62373516,62374820,1304
granulosa_3247,chr10,62803410,62806136,2726
granulosa_3248,chr10,62814901,62815561,660
granulosa_3249,chr10,62815863,62819192,3329
granulosa_3250,chr10,63132649,63134289,1640
granulosa_3251,chr10,63267425,63268394,969
granulosa_3252,chr10,63268670,63269487,817
granulosa_3253,chr10,63464472,63466792,2320
granulosa_3254,chr10,63520619,63522593,1974
granulosa_3255,chr10,63603511,63604739,1228
granulosa_3256,chr10,63628505,63631079,2574
granulosa_3257,chr10,63670977,63672054,1077
granulosa_3258,chr10,63711906,63714009,2103
granulosa_3259,chr10,63865729,63867156,1427
granulosa_3260,chr10,64089088,64090519,1431
granulosa_3261,chr10,65569987,65571550,1563
granulosa_3262,chr10,65890991,65892797,1806
granulosa_3263,chr10,66940729,66941951,1222
granulosa_3264,chr10,67763310,67765093,1783
granulosa_3265,chr10,67849010,67850243,1233
granulosa_3266,chr10,67883866,67886397,2531
granulosa_3267,chr10,68074026,68075555,1529
granulosa_3268,chr10,68127437,68128906,1469
granulosa_3269,chr10,68153156,68154739,1583
granulosa_3270,chr10,68230541,68232304,1763
granulosa_3271,chr10,68328268,68328776,508
granulosa_3272,chr10,68330890,68333151,2261
granulosa_3273,chr10,68405715,68407669,1954
granulosa_3274,chr10,68470450,68472518,2068
granulosa_3275,chr10,68526531,68528656,2125
granulosa_3276,chr10,68559891,68562304,2413
granulosa_3277,chr10,68598885,68600801,1916
granulosa_3278,chr10,68720597,68722254,1657
granulosa_3279,chr10,68826642,68827671,1029
granulosa_3280,chr10,68900430,68902169,1739
granulosa_3281,chr10,68955414,68957381,1967
granulosa_3282,chr10,68988092,68989617,1525
granulosa_3283,chr10,69123219,69125126,1907
granulosa_3284,chr10,69179291,69181106,1815
granulosa_3285,chr10,69232825,69233668,843
granulosa_3286,chr10,69317746,69319809,2063
granulosa_3287,chr10,69375165,69376242,1077
granulosa_3288,chr10,69392107,69392882,775
granulosa_3289,chr10,69408332,69409282,950
granulosa_3290,chr10,69450796,69452215,1419
granulosa_3291,chr10,69629670,69631278,1608
granulosa_3292,chr10,69801115,69803213,2098
granulosa_3293,chr10,69866202,69867479,1277
granulosa_3294,chr10,69911522,69913181,1659
granulosa_3295,chr10,69914028,69914959,931
granulosa_3296,chr10,70051582,70054374,2792
granulosa_3297,chr10,70131674,70133382,1708
granulosa_3298,chr10,70145241,70147461,2220
granulosa_3299,chr10,70169546,70171168,1622
granulosa_3300,chr10,70232118,70234141,2023
granulosa_3301,chr10,70257411,70258358,947
granulosa_3302,chr10,70283115,70284304,1189
granulosa_3303,chr10,70323522,70324853,1331
granulosa_3304,chr10,70336964,70337832,868
granulosa_3305,chr10,70363591,70364896,1305
granulosa_3306,chr10,70381027,70383154,2127
granulosa_3307,chr10,70387268,70387940,672
granulosa_3308,chr10,70403555,70405977,2422
granulosa_3309,chr10,70440126,70442795,2669
granulosa_3310,chr10,70458100,70459511,1411
granulosa_3311,chr10,70477670,70479571,1901
granulosa_3312,chr10,70479786,70481386,1600
granulosa_3313,chr10,70558449,70560327,1878
granulosa_3314,chr10,70584522,70586182,1660
granulosa_3315,chr10,70671968,70674080,2112
granulosa_3316,chr10,70815479,70816983,1504
granulosa_3317,chr10,70845166,70846259,1093
granulosa_3318,chr10,70887272,70888810,1538
granulosa_3319,chr10,70926492,70927947,1455
granulosa_3320,chr10,70932076,70932852,776
granulosa_3321,chr10,71044753,71046147,1394
granulosa_3322,chr10,71052966,71054026,1060
granulosa_3323,chr10,71187008,71188660,1652
granulosa_3324,chr10,71208806,71209363,557
granulosa_3325,chr10,71211921,71214346,2425
granulosa_3326,chr10,71216769,71218493,1724
granulosa_3327,chr10,71259882,71261400,1518
granulosa_3328,chr10,71312414,71314735,2321
granulosa_3329,chr10,71318612,71320183,1571
granulosa_3330,chr10,71326286,71327164,878
granulosa_3331,chr10,71376772,71377909,1137
granulosa_3332,chr10,71396057,71398252,2195
granulosa_3333,chr10,71475027,71477232,2205
granulosa_3334,chr10,71483263,71484711,1448
granulosa_3335,chr10,71514056,71515244,1188
granulosa_3336,chr10,71526667,71527628,961
granulosa_3337,chr10,71549545,71551057,1512
granulosa_3338,chr10,71637926,71639612,1686
granulosa_3339,chr10,71712709,71714028,1319
granulosa_3340,chr10,71748562,71749296,734
granulosa_3341,chr10,71772835,71774128,1293
granulosa_3342,chr10,71839709,71840599,890
granulosa_3343,chr10,71850183,71851683,1500
granulosa_3344,chr10,71888485,71889638,1153
granulosa_3345,chr10,71963145,71965493,2348
granulosa_3346,chr10,71971016,71971933,917
granulosa_3347,chr10,71979729,71981905,2176
granulosa_3348,chr10,71997946,72000154,2208
granulosa_3349,chr10,72030348,72031471,1123
granulosa_3350,chr10,72048277,72048943,666
granulosa_3351,chr10,72068373,72069612,1239
granulosa_3352,chr10,72086247,72089130,2883
granulosa_3353,chr10,72215237,72216847,1610
granulosa_3354,chr10,72243520,72245333,1813
granulosa_3355,chr10,72254500,72255534,1034
granulosa_3356,chr10,72259348,72261678,2330
granulosa_3357,chr10,72272689,72274999,2310
granulosa_3358,chr10,72275447,72276337,890
granulosa_3359,chr10,72297100,72298526,1426
granulosa_3360,chr10,72319100,72320260,1160
granulosa_3361,chr10,72328006,72328649,643
granulosa_3362,chr10,72331603,72332475,872
granulosa_3363,chr10,72334149,72335793,1644
granulosa_3364,chr10,72336155,72337429,1274
granulosa_3365,chr10,72353634,72355424,1790
granulosa_3366,chr10,72363627,72364796,1169
granulosa_3367,chr10,72424673,72425837,1164
granulosa_3368,chr10,72624558,72626618,2060
granulosa_3369,chr10,72653480,72654337,857
granulosa_3370,chr10,72691532,72693643,2111
granulosa_3371,chr10,73095212,73097489,2277
granulosa_3372,chr10,73109969,73111421,1452
granulosa_3373,chr10,73167438,73168752,1314
granulosa_3374,chr10,73246232,73247540,1308
granulosa_3375,chr10,73251728,73253497,1769
granulosa_3376,chr10,73358043,73359012,969
granulosa_3377,chr10,73412814,73414870,2056
granulosa_3378,chr10,73494797,73496291,1494
granulosa_3379,chr10,73624661,73626642,1981
granulosa_3380,chr10,73646569,73648746,2177
granulosa_3381,chr10,73729299,73730902,1603
granulosa_3382,chr10,73743650,73745324,1674
granulosa_3383,chr10,73771726,73773751,2025
granulosa_3384,chr10,73781269,73782447,1178
granulosa_3385,chr10,73784983,73786621,1638
granulosa_3386,chr10,73810689,73812261,1572
granulosa_3387,chr10,73850507,73851615,1108
granulosa_3388,chr10,73873124,73875325,2201
granulosa_3389,chr10,73879434,73880091,657
granulosa_3390,chr10,73885931,73888152,2221
granulosa_3391,chr10,73906435,73907392,957
granulosa_3392,chr10,73910517,73911775,1258
granulosa_3393,chr10,73940375,73941293,918
granulosa_3394,chr10,73997419,74000083,2664
granulosa_3395,chr10,74150162,74151969,1807
granulosa_3396,chr10,74175893,74177342,1449
granulosa_3397,chr10,74417976,74418868,892
granulosa_3398,chr10,74588834,74589753,919
granulosa_3399,chr10,74824471,74827352,2881
granulosa_3400,chr10,74901085,74902304,1219
granulosa_3401,chr10,75099650,75101187,1537
granulosa_3402,chr10,75110961,75112596,1635
granulosa_3403,chr10,75209520,75211663,2143
granulosa_3404,chr10,75224784,75225940,1156
granulosa_3405,chr10,75233609,75236230,2621
granulosa_3406,chr10,75282997,75284521,1524
granulosa_3407,chr10,75293485,75296400,2915
granulosa_3408,chr10,75395161,75397317,2156
granulosa_3409,chr10,75401289,75402920,1631
granulosa_3410,chr10,75403292,75403963,671
granulosa_3411,chr10,75404550,75405571,1021
granulosa_3412,chr10,75407810,75408777,967
granulosa_3413,chr10,75408964,75409999,1035
granulosa_3414,chr10,75430000,75431951,1951
granulosa_3415,chr10,75449140,75450929,1789
granulosa_3416,chr10,75646075,75647440,1365
granulosa_3417,chr10,75775886,75777581,1695
granulosa_3418,chr10,76034379,76036691,2312
granulosa_3419,chr10,76041293,76042477,1184
granulosa_3420,chr10,76085163,76087411,2248
granulosa_3421,chr10,76301149,76304121,2972
granulosa_3422,chr10,77422570,77424123,1553
granulosa_3423,chr10,77635821,77639001,3180
granulosa_3424,chr10,77710844,77711773,929
granulosa_3425,chr10,77837347,77839157,1810
granulosa_3426,chr10,77846340,77847425,1085
granulosa_3427,chr10,77871993,77872762,769
granulosa_3428,chr10,77925317,77927809,2492
granulosa_3429,chr10,78028535,78030008,1473
granulosa_3430,chr10,78033371,78034408,1037
granulosa_3431,chr10,78047131,78047989,858
granulosa_3432,chr10,78176838,78178837,1999
granulosa_3433,chr10,78194736,78196317,1581
granulosa_3434,chr10,78203589,78204790,1201
granulosa_3435,chr10,78259776,78261658,1882
granulosa_3436,chr10,78289253,78290741,1488
granulosa_3437,chr10,78302155,78304076,1921
granulosa_3438,chr10,78406333,78407789,1456
granulosa_3439,chr10,78408551,78409278,727
granulosa_3440,chr10,78541406,78542801,1395
granulosa_3441,chr10,78952468,78953777,1309
granulosa_3442,chr10,78972501,78974991,2490
granulosa_3443,chr10,78977550,78978347,797
granulosa_3444,chr10,79003215,79004011,796
granulosa_3445,chr10,79051660,79053002,1342
granulosa_3446,chr10,79066498,79071845,5347
granulosa_3447,chr10,79101385,79102836,1451
granulosa_3448,chr10,79112293,79113595,1302
granulosa_3449,chr10,79157222,79158174,952
granulosa_3450,chr10,79164794,79166918,2124
granulosa_3451,chr10,79178345,79179185,840
granulosa_3452,chr10,79184758,79185928,1170
granulosa_3453,chr10,79194527,79195782,1255
granulosa_3454,chr10,79202371,79204289,1918
granulosa_3455,chr10,79220281,79222109,1828
granulosa_3456,chr10,79222322,79224168,1846
granulosa_3457,chr10,79228941,79230872,1931
granulosa_3458,chr10,79241926,79243973,2047
granulosa_3459,chr10,79258639,79259380,741
granulosa_3460,chr10,79260787,79261825,1038
granulosa_3461,chr10,79346736,79348558,1822
granulosa_3462,chr10,79349656,79350277,621
granulosa_3463,chr10,79398993,79399905,912
granulosa_3464,chr10,79403330,79404643,1313
granulosa_3465,chr10,79443735,79446909,3174
granulosa_3466,chr10,79825432,79827193,1761
granulosa_3467,chr10,79904171,79905700,1529
granulosa_3468,chr10,79981371,79982627,1256
granulosa_3469,chr10,79986385,79987680,1295
granulosa_3470,chr10,80078061,80079638,1577
granulosa_3471,chr10,80204115,80205987,1872
granulosa_3472,chr10,80355955,80357776,1821
granulosa_3473,chr10,80407477,80409379,1902
granulosa_3474,chr10,80413366,80414804,1438
granulosa_3475,chr10,80415813,80417901,2088
granulosa_3476,chr10,80453194,80455511,2317
granulosa_3477,chr10,80464504,80466155,1651
granulosa_3478,chr10,80497167,80499890,2723
granulosa_3479,chr10,81873974,81876977,3003
granulosa_3480,chr10,83074640,83076693,2053
granulosa_3481,chr10,83545403,83546629,1226
granulosa_3482,chr10,84138632,84140432,1800
granulosa_3483,chr10,84194060,84195772,1712
granulosa_3484,chr10,84327554,84329528,1974
granulosa_3485,chr10,84540233,84541493,1260
granulosa_3486,chr10,85318710,85320385,1675
granulosa_3487,chr10,86066561,86067704,1143
granulosa_3488,chr10,86362944,86363848,904
granulosa_3489,chr10,86365559,86367621,2062
granulosa_3490,chr10,86376698,86377590,892
granulosa_3491,chr10,86399638,86401892,2254
granulosa_3492,chr10,86520580,86522716,2136
granulosa_3493,chr10,86664113,86665140,1027
granulosa_3494,chr10,86672149,86672866,717
granulosa_3495,chr10,86710550,86712494,1944
granulosa_3496,chr10,86755519,86757690,2171
granulosa_3497,chr10,86939048,86939930,882
granulosa_3498,chr10,86953575,86954856,1281
granulosa_3499,chr10,86966387,86966915,528
granulosa_3500,chr10,86969422,86972027,2605
granulosa_3501,chr10,87092431,87095844,3413
granulosa_3502,chr10,87203229,87204396,1167
granulosa_3503,chr10,87342109,87343287,1178
granulosa_3504,chr10,87504043,87506011,1968
granulosa_3505,chr10,87658995,87660639,1644
granulosa_3506,chr10,87816835,87819188,2353
granulosa_3507,chr10,87845687,87846470,783
granulosa_3508,chr10,87861516,87864527,3011
granulosa_3509,chr10,88243414,88244420,1006
granulosa_3510,chr10,88385363,88387966,2603
granulosa_3511,chr10,88537350,88538490,1140
granulosa_3512,chr10,88582173,88583624,1451
granulosa_3513,chr10,88879583,88881584,2001
granulosa_3514,chr10,88950953,88953191,2238
granulosa_3515,chr10,88989627,88991953,2326
granulosa_3516,chr10,89206429,89208474,2045
granulosa_3517,chr10,89250705,89252213,1508
granulosa_3518,chr10,89327413,89328512,1099
granulosa_3519,chr10,89391582,89393476,1894
granulosa_3520,chr10,89413920,89415608,1688
granulosa_3521,chr10,89534959,89536361,1402
granulosa_3522,chr10,89643434,89645916,2482
granulosa_3523,chr10,89700895,89702428,1533
granulosa_3524,chr10,89836736,89838532,1796
granulosa_3525,chr10,90856873,90858643,1770
granulosa_3526,chr10,90871019,90872796,1777
granulosa_3527,chr10,91162142,91164502,2360
granulosa_3528,chr10,91219773,91221636,1863
granulosa_3529,chr10,91297889,91298976,1087
granulosa_3530,chr10,91409107,91411339,2232
granulosa_3531,chr10,91607507,91609467,1960
granulosa_3532,chr10,91632042,91633715,1673
granulosa_3533,chr10,91681202,91682516,1314
granulosa_3534,chr10,91797869,91799568,1699
granulosa_3535,chr10,91886990,91887985,995
granulosa_3536,chr10,91907921,91909660,1739
granulosa_3537,chr10,91923162,91925194,2032
granulosa_3538,chr10,92032666,92033924,1258
granulosa_3539,chr10,92238512,92241340,2828
granulosa_3540,chr10,92290115,92292423,2308
granulosa_3541,chr10,92572715,92575085,2370
granulosa_3542,chr10,92590729,92592257,1528
granulosa_3543,chr10,92592444,92593607,1163
granulosa_3544,chr10,92688865,92692025,3160
granulosa_3545,chr10,92847963,92849506,1543
granulosa_3546,chr10,93073439,93075482,2043
granulosa_3547,chr10,93436465,93439245,2780
granulosa_3548,chr10,93445210,93446347,1137
granulosa_3549,chr10,93481569,93483242,1673
granulosa_3550,chr10,93495505,93496884,1379
granulosa_3551,chr10,93541801,93543170,1369
granulosa_3552,chr10,93600454,93601711,1257
granulosa_3553,chr10,93701653,93703564,1911
granulosa_3554,chr10,93893413,93895099,1686
granulosa_3555,chr10,93916208,93918298,2090
granulosa_3556,chr10,93993424,93994751,1327
granulosa_3557,chr10,94035935,94037614,1679
granulosa_3558,chr10,94064718,94066777,2059
granulosa_3559,chr10,94274054,94275438,1384
granulosa_3560,chr10,94361957,94363370,1413
granulosa_3561,chr10,94402013,94404110,2097
granulosa_3562,chr10,94544745,94547012,2267
granulosa_3563,chr10,95183044,95184306,1262
granulosa_3564,chr10,95290105,95291393,1288
granulosa_3565,chr10,95559457,95561800,2343
granulosa_3566,chr10,95655452,95657127,1675
granulosa_3567,chr10,95692856,95694351,1495
granulosa_3568,chr10,95906767,95908352,1585
granulosa_3569,chr10,96042739,96044956,2217
granulosa_3570,chr10,96089295,96090672,1377
granulosa_3571,chr10,96129412,96131319,1907
granulosa_3572,chr10,96374572,96375697,1125
granulosa_3573,chr10,96512405,96514551,2146
granulosa_3574,chr10,96585652,96588236,2584
granulosa_3575,chr10,96618447,96620140,1693
granulosa_3576,chr10,96719800,96721296,1496
granulosa_3577,chr10,96831597,96833995,2398
granulosa_3578,chr10,97037211,97038381,1170
granulosa_3579,chr10,97078152,97078925,773
granulosa_3580,chr10,97095476,97097461,1985
granulosa_3581,chr10,97184984,97186445,1461
granulosa_3582,chr10,97195578,97197431,1853
granulosa_3583,chr10,97291411,97293148,1737
granulosa_3584,chr10,97318494,97320676,2182
granulosa_3585,chr10,97332509,97335715,3206
granulosa_3586,chr10,97399795,97401759,1964
granulosa_3587,chr10,97406998,97407745,747
granulosa_3588,chr10,97425186,97427310,2124
granulosa_3589,chr10,97445108,97446813,1705
granulosa_3590,chr10,97497596,97500011,2415
granulosa_3591,chr10,97632706,97633911,1205
granulosa_3592,chr10,97640151,97641831,1680
granulosa_3593,chr10,97686554,97688576,2022
granulosa_3594,chr10,97713087,97715474,2387
granulosa_3595,chr10,97736601,97738102,1501
granulosa_3596,chr10,97742774,97743825,1051
granulosa_3597,chr10,97770953,97772516,1563
granulosa_3598,chr10,97788508,97789438,930
granulosa_3599,chr10,97849337,97850759,1422
granulosa_3600,chr10,98029449,98031501,2052
granulosa_3601,chr10,98134191,98135719,1528
granulosa_3602,chr10,98267219,98269003,1784
granulosa_3603,chr10,98308510,98310065,1555
granulosa_3604,chr10,98414305,98416205,1900
granulosa_3605,chr10,98445217,98447135,1918
granulosa_3606,chr10,98466810,98468395,1585
granulosa_3607,chr10,99328873,99331502,2629
granulosa_3608,chr10,99430067,99431619,1552
granulosa_3609,chr10,99534831,99536302,1471
granulosa_3610,chr10,99619031,99621743,2712
granulosa_3611,chr10,99658450,99660268,1818
granulosa_3612,chr10,99731686,99733002,1316
granulosa_3613,chr10,99845421,99846463,1042
granulosa_3614,chr10,99913229,99914283,1054
granulosa_3615,chr10,99917675,99918752,1077
granulosa_3616,chr10,100008765,100010697,1932
granulosa_3617,chr10,100184800,100186700,1900
granulosa_3618,chr10,100228510,100230093,1583
granulosa_3619,chr10,100266823,100268225,1402
granulosa_3620,chr10,100285664,100287268,1604
granulosa_3621,chr10,100346137,100348083,1946
granulosa_3622,chr10,100358910,100360257,1347
granulosa_3623,chr10,100372854,100374580,1726
granulosa_3624,chr10,100433362,100434220,858
granulosa_3625,chr10,100447132,100448246,1114
granulosa_3626,chr10,100481361,100483166,1805
granulosa_3627,chr10,100518620,100520231,1611
granulosa_3628,chr10,100528770,100530249,1479
granulosa_3629,chr10,100535316,100536442,1126
granulosa_3630,chr10,100561688,100563331,1643
granulosa_3631,chr10,100653558,100656872,3314
granulosa_3632,chr10,100680459,100681440,981
granulosa_3633,chr10,100709354,100710657,1303
granulosa_3634,chr10,100728966,100731567,2601
granulosa_3635,chr10,100743618,100744673,1055
granulosa_3636,chr10,100745086,100746359,1273
granulosa_3637,chr10,100826353,100829559,3206
granulosa_3638,chr10,100878240,100878792,552
granulosa_3639,chr10,100880794,100883283,2489
granulosa_3640,chr10,100909412,100910318,906
granulosa_3641,chr10,100912047,100913777,1730
granulosa_3642,chr10,100927432,100928732,1300
granulosa_3643,chr10,100968840,100970759,1919
granulosa_3644,chr10,100986610,100988161,1551
granulosa_3645,chr10,100996536,101000473,3937
granulosa_3646,chr10,101012604,101013403,799
granulosa_3647,chr10,101018044,101019414,1370
granulosa_3648,chr10,101030562,101033182,2620
granulosa_3649,chr10,101042256,101043659,1403
granulosa_3650,chr10,101049905,101050791,886
granulosa_3651,chr10,101059996,101062949,2953
granulosa_3652,chr10,101066138,101068122,1984
granulosa_3653,chr10,101130970,101132089,1119
granulosa_3654,chr10,101142033,101142569,536
granulosa_3655,chr10,101161289,101162985,1696
granulosa_3656,chr10,101213462,101214306,844
granulosa_3657,chr10,101217317,101218110,793
granulosa_3658,chr10,101228181,101230493,2312
granulosa_3659,chr10,101283620,101284785,1165
granulosa_3660,chr10,101291107,101293588,2481
granulosa_3661,chr10,101310247,101311796,1549
granulosa_3662,chr10,101353296,101355069,1773
granulosa_3663,chr10,101466053,101467636,1583
granulosa_3664,chr10,101559032,101561544,2512
granulosa_3665,chr10,101569273,101571137,1864
granulosa_3666,chr10,101587288,101588821,1533
granulosa_3667,chr10,101693672,101695518,1846
granulosa_3668,chr10,101782829,101783945,1116
granulosa_3669,chr10,101817122,101819334,2212
granulosa_3670,chr10,101828792,101831202,2410
granulosa_3671,chr10,101840589,101841514,925
granulosa_3672,chr10,102055169,102056481,1312
granulosa_3673,chr10,102064774,102066198,1424
granulosa_3674,chr10,102113917,102115374,1457
granulosa_3675,chr10,102117349,102118032,683
granulosa_3676,chr10,102118913,102122272,3359
granulosa_3677,chr10,102132336,102134523,2187
granulosa_3678,chr10,102151370,102153471,2101
granulosa_3679,chr10,102225515,102226508,993
granulosa_3680,chr10,102229628,102232103,2475
granulosa_3681,chr10,102240372,102242069,1697
granulosa_3682,chr10,102244706,102246510,1804
granulosa_3683,chr10,102393666,102396073,2407
granulosa_3684,chr10,102399102,102399998,896
granulosa_3685,chr10,102408077,102409650,1573
granulosa_3686,chr10,102409892,102411110,1218
granulosa_3687,chr10,102418630,102422362,3732
granulosa_3688,chr10,102422521,102422982,461
granulosa_3689,chr10,102431597,102432923,1326
granulosa_3690,chr10,102435214,102436192,978
granulosa_3691,chr10,102449286,102451751,2465
granulosa_3692,chr10,102460806,102462181,1375
granulosa_3693,chr10,102478605,102479488,883
granulosa_3694,chr10,102501364,102503125,1761
granulosa_3695,chr10,102503647,102505227,1580
granulosa_3696,chr10,102619264,102622023,2759
granulosa_3697,chr10,102632132,102633953,1821
granulosa_3698,chr10,102641548,102644591,3043
granulosa_3699,chr10,102644816,102645300,484
granulosa_3700,chr10,102645443,102646882,1439
granulosa_3701,chr10,102660314,102661836,1522
granulosa_3702,chr10,102670610,102671342,732
granulosa_3703,chr10,102673772,102674881,1109
granulosa_3704,chr10,102678547,102679285,738
granulosa_3705,chr10,102713362,102715216,1854
granulosa_3706,chr10,102717915,102718703,788
granulosa_3707,chr10,102728664,102729860,1196
granulosa_3708,chr10,102743267,102745001,1734
granulosa_3709,chr10,102758195,102759157,962
granulosa_3710,chr10,102775490,102777457,1967
granulosa_3711,chr10,102853858,102854743,885
granulosa_3712,chr10,102868840,102870574,1734
granulosa_3713,chr10,102917143,102919536,2393
granulosa_3714,chr10,103053493,103054625,1132
granulosa_3715,chr10,103191739,103193588,1849
granulosa_3716,chr10,103276419,103278568,2149
granulosa_3717,chr10,103350129,103351469,1340
granulosa_3718,chr10,103367496,103369102,1606
granulosa_3719,chr10,103395585,103397635,2050
granulosa_3720,chr10,103450928,103453038,2110
granulosa_3721,chr10,103458070,103459983,1913
granulosa_3722,chr10,103491760,103492512,752
granulosa_3723,chr10,103493174,103494792,1618
granulosa_3724,chr10,103504013,103504939,926
granulosa_3725,chr10,103507381,103508211,830
granulosa_3726,chr10,103514660,103515824,1164
granulosa_3727,chr10,103542619,103543908,1289
granulosa_3728,chr10,103554448,103555843,1395
granulosa_3729,chr10,103584005,103585415,1410
granulosa_3730,chr10,103618185,103619383,1198
granulosa_3731,chr10,103659727,103662248,2521
granulosa_3732,chr10,103677722,103678721,999
granulosa_3733,chr10,103691700,103693642,1942
granulosa_3734,chr10,103771625,103772913,1288
granulosa_3735,chr10,103783366,103784642,1276
granulosa_3736,chr10,103854084,103856196,2112
granulosa_3737,chr10,103917297,103918769,1472
granulosa_3738,chr10,103966277,103968412,2135
granulosa_3739,chr10,104067019,104068084,1065
granulosa_3740,chr10,104120680,104122581,1901
granulosa_3741,chr10,104231352,104232955,1603
granulosa_3742,chr10,104254370,104256138,1768
granulosa_3743,chr10,104268284,104269729,1445
granulosa_3744,chr10,104274494,104275705,1211
granulosa_3745,chr10,104291015,104291804,789
granulosa_3746,chr10,104327591,104329667,2076
granulosa_3747,chr10,104337337,104340299,2962
granulosa_3748,chr10,104353024,104354105,1081
granulosa_3749,chr10,104638734,104639255,521
granulosa_3750,chr10,104639496,104643078,3582
granulosa_3751,chr10,104680540,104681584,1044
granulosa_3752,chr10,104735009,104736388,1379
granulosa_3753,chr10,106043843,106045551,1708
granulosa_3754,chr10,106897565,106898753,1188
granulosa_3755,chr10,107163794,107165305,1511
granulosa_3756,chr10,107914097,107915689,1592
granulosa_3757,chr10,108465827,108466882,1055
granulosa_3758,chr10,108911498,108912900,1402
granulosa_3759,chr10,108981591,108982945,1354
granulosa_3760,chr10,109456035,109457506,1471
granulosa_3761,chr10,109474038,109475275,1237
granulosa_3762,chr10,109883950,109884818,868
granulosa_3763,chr10,109922253,109923784,1531
granulosa_3764,chr10,110006607,110009247,2640
granulosa_3765,chr10,110031594,110034090,2496
granulosa_3766,chr10,110038866,110040047,1181
granulosa_3767,chr10,110151019,110152626,1607
granulosa_3768,chr10,110207371,110208805,1434
granulosa_3769,chr10,110209072,110211643,2571
granulosa_3770,chr10,110221353,110222142,789
granulosa_3771,chr10,110225492,110227798,2306
granulosa_3772,chr10,110303596,110305483,1887
granulosa_3773,chr10,110497257,110498918,1661
granulosa_3774,chr10,110566471,110568678,2207
granulosa_3775,chr10,110642911,110644721,1810
granulosa_3776,chr10,110671859,110672811,952
granulosa_3777,chr10,110821446,110823727,2281
granulosa_3778,chr10,110871152,110873541,2389
granulosa_3779,chr10,110917982,110920440,2458
granulosa_3780,chr10,111075746,111077479,1733
granulosa_3781,chr10,111077726,111078277,551
granulosa_3782,chr10,111079556,111080080,524
granulosa_3783,chr10,112182918,112184561,1643
granulosa_3784,chr10,112445988,112447692,1704
granulosa_3785,chr10,112792239,112793782,1543
granulosa_3786,chr10,112949512,112950507,995
granulosa_3787,chr10,112950767,112952830,2063
granulosa_3788,chr10,113099130,113100475,1345
granulosa_3789,chr10,113126050,113127580,1530
granulosa_3790,chr10,113176842,113178352,1510
granulosa_3791,chr10,113384705,113385973,1268
granulosa_3792,chr10,113678817,113680644,1827
granulosa_3793,chr10,113853492,113855650,2158
granulosa_3794,chr10,113946744,113948351,1607
granulosa_3795,chr10,114042748,114045670,2922
granulosa_3796,chr10,114100415,114101708,1293
granulosa_3797,chr10,114172776,114175024,2248
granulosa_3798,chr10,114239005,114240393,1388
granulosa_3799,chr10,114303746,114305382,1636
granulosa_3800,chr10,114402806,114405290,2484
granulosa_3801,chr10,114479023,114479748,725
granulosa_3802,chr10,114526127,114527286,1159
granulosa_3803,chr10,114631321,114632432,1111
granulosa_3804,chr10,114634471,114635491,1020
granulosa_3805,chr10,114662693,114664476,1783
granulosa_3806,chr10,114681534,114683818,2284
granulosa_3807,chr10,114684194,114685242,1048
granulosa_3808,chr10,114714151,114715664,1513
granulosa_3809,chr10,114766539,114769016,2477
granulosa_3810,chr10,114821289,114823222,1933
granulosa_3811,chr10,114880484,114882266,1782
granulosa_3812,chr10,114911215,114912939,1724
granulosa_3813,chr10,114937744,114939431,1687
granulosa_3814,chr10,115023578,115024855,1277
granulosa_3815,chr10,115092225,115095080,2855
granulosa_3816,chr10,115648543,115649673,1130
granulosa_3817,chr10,116270730,116274809,4079
granulosa_3818,chr10,116434687,116435817,1130
granulosa_3819,chr10,116608644,116610136,1492
granulosa_3820,chr10,116626999,116628029,1030
granulosa_3821,chr10,116665427,116666184,757
granulosa_3822,chr10,116669141,116670853,1712
granulosa_3823,chr10,116737273,116737975,702
granulosa_3824,chr10,116741002,116743406,2404
granulosa_3825,chr10,116766443,116767928,1485
granulosa_3826,chr10,116787080,116788451,1371
granulosa_3827,chr10,116848465,116850410,1945
granulosa_3828,chr10,117004307,117005988,1681
granulosa_3829,chr10,117136895,117137977,1082
granulosa_3830,chr10,117167702,117168642,940
granulosa_3831,chr10,117174370,117176254,1884
granulosa_3832,chr10,117215867,117217609,1742
granulosa_3833,chr10,117240564,117242043,1479
granulosa_3834,chr10,117373667,117376537,2870
granulosa_3835,chr10,117411128,117412422,1294
granulosa_3836,chr10,117441890,117443629,1739
granulosa_3837,chr10,117496321,117497684,1363
granulosa_3838,chr10,117500957,117501946,989
granulosa_3839,chr10,117531570,117533054,1484
granulosa_3840,chr10,117533480,117534329,849
granulosa_3841,chr10,117534491,117535652,1161
granulosa_3842,chr10,117537071,117537889,818
granulosa_3843,chr10,117541047,117541581,534
granulosa_3844,chr10,117541733,117542964,1231
granulosa_3845,chr10,117543151,117543840,689
granulosa_3846,chr10,117550655,117551015,360
granulosa_3847,chr10,117551275,117552666,1391
granulosa_3848,chr10,117552800,117554857,2057
granulosa_3849,chr10,117608936,117610768,1832
granulosa_3850,chr10,117720090,117722942,2852
granulosa_3851,chr10,117734488,117735517,1029
granulosa_3852,chr10,117754779,117756077,1298
granulosa_3853,chr10,117796114,117798155,2041
granulosa_3854,chr10,117804119,117805512,1393
granulosa_3855,chr10,118012841,118013748,907
granulosa_3856,chr10,118034699,118036755,2056
granulosa_3857,chr10,118045758,118047575,1817
granulosa_3858,chr10,118108095,118109655,1560
granulosa_3859,chr10,118116180,118117783,1603
granulosa_3860,chr10,118213317,118214622,1305
granulosa_3861,chr10,118215669,118217246,1577
granulosa_3862,chr10,118240937,118241973,1036
granulosa_3863,chr10,118341559,118342971,1412
granulosa_3864,chr10,118422503,118424177,1674
granulosa_3865,chr10,118564248,118565031,783
granulosa_3866,chr10,118594198,118595016,818
granulosa_3867,chr10,118595396,118596665,1269
granulosa_3868,chr10,118628546,118630107,1561
granulosa_3869,chr10,118668797,118670385,1588
granulosa_3870,chr10,118753152,118756068,2916
granulosa_3871,chr10,118818332,118819352,1020
granulosa_3872,chr10,119028749,119030933,2184
granulosa_3873,chr10,119079514,119081541,2027
granulosa_3874,chr10,119103274,119105039,1765
granulosa_3875,chr10,119164759,119166277,1518
granulosa_3876,chr10,119177767,119179181,1414
granulosa_3877,chr10,119206150,119208527,2377
granulosa_3878,chr10,119364384,119366514,2130
granulosa_3879,chr10,119412085,119414627,2542
granulosa_3880,chr10,119541734,119543724,1990
granulosa_3881,chr10,119595320,119597549,2229
granulosa_3882,chr10,119650733,119652736,2003
granulosa_3883,chr10,119667525,119669632,2107
granulosa_3884,chr10,119724580,119726749,2169
granulosa_3885,chr10,119817844,119819943,2099
granulosa_3886,chr10,119871461,119873752,2291
granulosa_3887,chr10,119891820,119893439,1619
granulosa_3888,chr10,120456172,120458136,1964
granulosa_3889,chr10,120850432,120852205,1773
granulosa_3890,chr10,120948875,120950535,1660
granulosa_3891,chr10,120977679,120980760,3081
granulosa_3892,chr10,121078061,121080719,2658
granulosa_3893,chr10,121444349,121445511,1162
granulosa_3894,chr10,121595477,121598903,3426
granulosa_3895,chr10,121608228,121609177,949
granulosa_3896,chr10,121926683,121928843,2160
granulosa_3897,chr10,121974067,121975560,1493
granulosa_3898,chr10,122112227,122114220,1993
granulosa_3899,chr10,122162649,122164626,1977
granulosa_3900,chr10,122307437,122308735,1298
granulosa_3901,chr10,122340529,122341759,1230
granulosa_3902,chr10,122373666,122375794,2128
granulosa_3903,chr10,122460524,122463375,2851
granulosa_3904,chr10,122473742,122476566,2824
granulosa_3905,chr10,122636724,122638020,1296
granulosa_3906,chr10,122878907,122880439,1532
granulosa_3907,chr10,122953331,122954960,1629
granulosa_3908,chr10,122979632,122981463,1831
granulosa_3909,chr10,123007357,123009900,2543
granulosa_3910,chr10,123132678,123133476,798
granulosa_3911,chr10,123153716,123155270,1554
granulosa_3912,chr10,123994171,123995008,837
granulosa_3913,chr10,123995222,123996121,899
granulosa_3914,chr10,124063567,124064559,992
granulosa_3915,chr10,124074359,124076044,1685
granulosa_3916,chr10,124091612,124093869,2257
granulosa_3917,chr10,124353798,124355382,1584
granulosa_3918,chr10,124388505,124389909,1404
granulosa_3919,chr10,124403236,124404170,934
granulosa_3920,chr10,124417911,124419499,1588
granulosa_3921,chr10,124447301,124448234,933
granulosa_3922,chr10,124448731,124450510,1779
granulosa_3923,chr10,124461293,124462452,1159
granulosa_3924,chr10,124529681,124530654,973
granulosa_3925,chr10,124588386,124590398,2012
granulosa_3926,chr10,124597223,124598239,1016
granulosa_3927,chr10,124648382,124649682,1300
granulosa_3928,chr10,124701055,124702653,1598
granulosa_3929,chr10,124708078,124709461,1383
granulosa_3930,chr10,124736078,124737014,936
granulosa_3931,chr10,124739968,124741629,1661
granulosa_3932,chr10,124742433,124745040,2607
granulosa_3933,chr10,124790991,124792712,1721
granulosa_3934,chr10,124800598,124802648,2050
granulosa_3935,chr10,124916113,124918423,2310
granulosa_3936,chr10,124999057,125001835,2778
granulosa_3937,chr10,125023318,125025747,2429
granulosa_3938,chr10,125047918,125048862,944
granulosa_3939,chr10,125060039,125061548,1509
granulosa_3940,chr10,125137168,125138562,1394
granulosa_3941,chr10,125151377,125153426,2049
granulosa_3942,chr10,125158563,125162602,4039
granulosa_3943,chr10,125213297,125214520,1223
granulosa_3944,chr10,125718612,125720372,1760
granulosa_3945,chr10,125822551,125824237,1686
granulosa_3946,chr10,125843499,125845326,1827
granulosa_3947,chr10,125895171,125897238,2067
granulosa_3948,chr10,126070144,126071160,1016
granulosa_3949,chr10,126386748,126389168,2420
granulosa_3950,chr10,126904526,126906605,2079
granulosa_3951,chr10,127194190,127197276,3086
granulosa_3952,chr10,127906480,127908095,1615
granulosa_3953,chr10,128046937,128048730,1793
granulosa_3954,chr10,128125173,128127095,1922
granulosa_3955,chr10,128149407,128150814,1407
granulosa_3956,chr10,128209941,128211376,1435
granulosa_3957,chr10,128211700,128212688,988
granulosa_3958,chr10,128539721,128542369,2648
granulosa_3959,chr10,129466238,129468398,2160
granulosa_3960,chr10,129540809,129542049,1240
granulosa_3961,chr10,129957978,129959669,1691
granulosa_3962,chr10,129962851,129964611,1760
granulosa_3963,chr10,129971095,129971980,885
granulosa_3964,chr10,130109578,130111755,2177
granulosa_3965,chr10,130127478,130129485,2007
granulosa_3966,chr10,130135830,130137536,1706
granulosa_3967,chr10,130189630,130191077,1447
granulosa_3968,chr10,130300403,130302002,1599
granulosa_3969,chr10,131082490,131083572,1082
granulosa_3970,chr10,131145369,131147762,2393
granulosa_3971,chr10,131310131,131312835,2704
granulosa_3972,chr10,131425785,131427027,1242
granulosa_3973,chr10,131435823,131436965,1142
granulosa_3974,chr10,131452842,131454457,1615
granulosa_3975,chr10,131725850,131727067,1217
granulosa_3976,chr10,131874711,131875845,1134
granulosa_3977,chr10,131899827,131901865,2038
granulosa_3978,chr10,131934548,131935446,898
granulosa_3979,chr10,131980810,131982778,1968
granulosa_3980,chr10,131996943,131998270,1327
granulosa_3981,chr10,132035559,132037961,2402
granulosa_3982,chr10,132065007,132066575,1568
granulosa_3983,chr10,132185405,132188599,3194
granulosa_3984,chr10,132306875,132309184,2309
granulosa_3985,chr10,132331081,132332703,1622
granulosa_3986,chr10,132388810,132390061,1251
granulosa_3987,chr10,132395428,132398408,2980
granulosa_3988,chr10,132407083,132409173,2090
granulosa_3989,chr10,132443623,132444628,1005
granulosa_3990,chr10,132446482,132447270,788
granulosa_3991,chr10,132452216,132453780,1564
granulosa_3992,chr10,132467200,132468837,1637
granulosa_3993,chr10,132469221,132469930,709
granulosa_3994,chr10,132516642,132519280,2638
granulosa_3995,chr10,132536238,132538375,2137
granulosa_3996,chr10,132574688,132576191,1503
granulosa_3997,chr10,132577628,132579526,1898
granulosa_3998,chr10,132605788,132608264,2476
granulosa_3999,chr10,132773998,132775809,1811
granulosa_4000,chr10,132941724,132943267,1543
granulosa_4001,chr10,132961601,132962737,1136
granulosa_4002,chr10,133087386,133089018,1632
granulosa_4003,chr10,133143075,133144437,1362
granulosa_4004,chr10,133158830,133161896,3066
granulosa_4005,chr10,133218809,133220146,1337
granulosa_4006,chr10,133224042,133225592,1550
granulosa_4007,chr10,133229311,133231673,2362
granulosa_4008,chr10,133236426,133238465,2039
granulosa_4009,chr10,133243454,133243957,503
granulosa_4010,chr10,133244941,133246475,1534
granulosa_4011,chr10,133246933,133248382,1449
granulosa_4012,chr10,133251533,133252254,721
granulosa_4013,chr10,133254173,133254927,754
granulosa_4014,chr10,133257379,133258433,1054
granulosa_4015,chr10,133260979,133262976,1997
granulosa_4016,chr10,133274710,133277396,2686
granulosa_4017,chr10,133307582,133309611,2029
granulosa_4018,chr10,133313854,133315518,1664
granulosa_4019,chr10,133318411,133319115,704
granulosa_4020,chr10,133324068,133326178,2110
granulosa_4021,chr10,133329426,133330316,890
granulosa_4022,chr10,133334644,133337183,2539
granulosa_4023,chr10,133356977,133358787,1810
granulosa_4024,chr10,133372156,133374201,2045
granulosa_4025,chr10,133377936,133380195,2259
granulosa_4026,chr10,133393518,133395184,1666
granulosa_4027,chr11,206597,209363,2766
granulosa_4028,chr11,235501,237471,1970
granulosa_4029,chr11,287777,289654,1877
granulosa_4030,chr11,307540,308564,1024
granulosa_4031,chr11,313334,314598,1264
granulosa_4032,chr11,315190,316658,1468
granulosa_4033,chr11,320308,321174,866
granulosa_4034,chr11,333861,334887,1026
granulosa_4035,chr11,355113,356484,1371
granulosa_4036,chr11,368013,371211,3198
granulosa_4037,chr11,396367,397548,1181
granulosa_4038,chr11,405531,407754,2223
granulosa_4039,chr11,440799,442319,1520
granulosa_4040,chr11,447844,448643,799
granulosa_4041,chr11,449757,451472,1715
granulosa_4042,chr11,503912,505047,1135
granulosa_4043,chr11,506161,507945,1784
granulosa_4044,chr11,534427,536411,1984
granulosa_4045,chr11,536607,537725,1118
granulosa_4046,chr11,554028,556456,2428
granulosa_4047,chr11,560165,561801,1636
granulosa_4048,chr11,567416,569546,2130
granulosa_4049,chr11,573990,576699,2709
granulosa_4050,chr11,605675,606763,1088
granulosa_4051,chr11,611689,612596,907
granulosa_4052,chr11,615106,616309,1203
granulosa_4053,chr11,636443,637646,1203
granulosa_4054,chr11,638621,639937,1316
granulosa_4055,chr11,694233,696422,2189
granulosa_4056,chr11,705474,707509,2035
granulosa_4057,chr11,720347,721269,922
granulosa_4058,chr11,725598,727157,1559
granulosa_4059,chr11,727417,728339,922
granulosa_4060,chr11,746433,748370,1937
granulosa_4061,chr11,776359,778247,1888
granulosa_4062,chr11,783136,784070,934
granulosa_4063,chr11,795018,796534,1516
granulosa_4064,chr11,796889,798553,1664
granulosa_4065,chr11,804064,805680,1616
granulosa_4066,chr11,808816,810456,1640
granulosa_4067,chr11,818538,821092,2554
granulosa_4068,chr11,824400,825299,899
granulosa_4069,chr11,830013,831079,1066
granulosa_4070,chr11,832394,833735,1341
granulosa_4071,chr11,834543,835277,734
granulosa_4072,chr11,842019,843381,1362
granulosa_4073,chr11,843544,845238,1694
granulosa_4074,chr11,849101,850983,1882
granulosa_4075,chr11,859490,860239,749
granulosa_4076,chr11,909995,911781,1786
granulosa_4077,chr11,924406,926960,2554
granulosa_4078,chr11,995465,996517,1052
granulosa_4079,chr11,1005537,1007318,1781
granulosa_4080,chr11,1050777,1051440,663
granulosa_4081,chr11,1071556,1073686,2130
granulosa_4082,chr11,1262212,1263251,1039
granulosa_4083,chr11,1308730,1310311,1581
granulosa_4084,chr11,1335807,1337816,2009
granulosa_4085,chr11,1348507,1350925,2418
granulosa_4086,chr11,1381771,1383662,1891
granulosa_4087,chr11,1388550,1391307,2757
granulosa_4088,chr11,1401291,1402578,1287
granulosa_4089,chr11,1484826,1486763,1937
granulosa_4090,chr11,1546018,1548836,2818
granulosa_4091,chr11,1558077,1559907,1830
granulosa_4092,chr11,1564256,1565469,1213
granulosa_4093,chr11,1570928,1572797,1869
granulosa_4094,chr11,1573567,1574989,1422
granulosa_4095,chr11,1652521,1653786,1265
granulosa_4096,chr11,1693011,1694367,1356
granulosa_4097,chr11,1747854,1749483,1629
granulosa_4098,chr11,1762179,1764677,2498
granulosa_4099,chr11,1832142,1833195,1053
granulosa_4100,chr11,1837533,1838478,945
granulosa_4101,chr11,1842261,1843672,1411
granulosa_4102,chr11,1863322,1865550,2228
granulosa_4103,chr11,1881697,1882973,1276
granulosa_4104,chr11,2096884,2098017,1133
granulosa_4105,chr11,2099020,2100689,1669
granulosa_4106,chr11,2127224,2129262,2038
granulosa_4107,chr11,2136986,2140139,3153
granulosa_4108,chr11,2151285,2152283,998
granulosa_4109,chr11,2165997,2167452,1455
granulosa_4110,chr11,2208136,2209223,1087
granulosa_4111,chr11,2268778,2272174,3396
granulosa_4112,chr11,2305125,2307743,2618
granulosa_4113,chr11,2314253,2315876,1623
granulosa_4114,chr11,2376889,2379242,2353
granulosa_4115,chr11,2389088,2389779,691
granulosa_4116,chr11,2399338,2401482,2144
granulosa_4117,chr11,2408451,2410585,2134
granulosa_4118,chr11,2419515,2421246,1731
granulosa_4119,chr11,2443846,2446405,2559
granulosa_4120,chr11,2463051,2464001,950
granulosa_4121,chr11,2482044,2484098,2054
granulosa_4122,chr11,2532435,2534147,1712
granulosa_4123,chr11,2574443,2575800,1357
granulosa_4124,chr11,2699027,2701260,2233
granulosa_4125,chr11,2777966,2780754,2788
granulosa_4126,chr11,2870484,2871882,1398
granulosa_4127,chr11,2883848,2886554,2706
granulosa_4128,chr11,2890456,2891081,625
granulosa_4129,chr11,2891813,2893040,1227
granulosa_4130,chr11,2901261,2903164,1903
granulosa_4131,chr11,2928035,2930005,1970
granulosa_4132,chr11,2930087,2931112,1025
granulosa_4133,chr11,2945040,2946192,1152
granulosa_4134,chr11,2990725,2993129,2404
granulosa_4135,chr11,3056298,3057926,1628
granulosa_4136,chr11,3159866,3161019,1153
granulosa_4137,chr11,3164262,3165549,1287
granulosa_4138,chr11,3195153,3197058,1905
granulosa_4139,chr11,3216980,3217582,602
granulosa_4140,chr11,3223994,3225502,1508
granulosa_4141,chr11,3378185,3379431,1246
granulosa_4142,chr11,3421634,3423728,2094
granulosa_4143,chr11,3580458,3581596,1138
granulosa_4144,chr11,3641276,3643293,2017
granulosa_4145,chr11,3796882,3798448,1566
granulosa_4146,chr11,3807543,3809428,1885
granulosa_4147,chr11,3839959,3841872,1913
granulosa_4148,chr11,3854426,3856484,2058
granulosa_4149,chr11,4025051,4026492,1441
granulosa_4150,chr11,4071724,4073043,1319
granulosa_4151,chr11,4093921,4096203,2282
granulosa_4152,chr11,4186932,4188275,1343
granulosa_4153,chr11,4392778,4394118,1340
granulosa_4154,chr11,4606707,4608610,1903
granulosa_4155,chr11,4694487,4696011,1524
granulosa_4156,chr11,5595725,5597156,1431
granulosa_4157,chr11,5624410,5625780,1370
granulosa_4158,chr11,5683940,5685450,1510
granulosa_4159,chr11,6233804,6235591,1787
granulosa_4160,chr11,6249657,6250415,758
granulosa_4161,chr11,6251102,6252739,1637
granulosa_4162,chr11,6258237,6260494,2257
granulosa_4163,chr11,6318884,6321146,2262
granulosa_4164,chr11,6389580,6391057,1477
granulosa_4165,chr11,6418005,6419846,1841
granulosa_4166,chr11,6473196,6474646,1450
granulosa_4167,chr11,6480555,6482192,1637
granulosa_4168,chr11,6602480,6604676,2196
granulosa_4169,chr11,6606675,6607268,593
granulosa_4170,chr11,6611347,6613092,1745
granulosa_4171,chr11,6618055,6619707,1652
granulosa_4172,chr11,6654423,6656354,1931
granulosa_4173,chr11,6681990,6683765,1775
granulosa_4174,chr11,6925488,6927708,2220
granulosa_4175,chr11,7019505,7021422,1917
granulosa_4176,chr11,7251314,7252985,1671
granulosa_4177,chr11,7332509,7333500,991
granulosa_4178,chr11,7512320,7514677,2357
granulosa_4179,chr11,7575763,7578479,2716
granulosa_4180,chr11,7672805,7674496,1691
granulosa_4181,chr11,7677172,7678345,1173
granulosa_4182,chr11,7986608,7987686,1078
granulosa_4183,chr11,8018063,8020623,2560
granulosa_4184,chr11,8032889,8033858,969
granulosa_4185,chr11,8067705,8069654,1949
granulosa_4186,chr11,8080317,8082069,1752
granulosa_4187,chr11,8167838,8169436,1598
granulosa_4188,chr11,8205968,8207265,1297
granulosa_4189,chr11,8228853,8229861,1008
granulosa_4190,chr11,8262250,8264097,1847
granulosa_4191,chr11,8267723,8269345,1622
granulosa_4192,chr11,8282472,8284428,1956
granulosa_4193,chr11,8328469,8329504,1035
granulosa_4194,chr11,8354391,8355199,808
granulosa_4195,chr11,8356572,8357796,1224
granulosa_4196,chr11,8593214,8594931,1717
granulosa_4197,chr11,8681939,8683764,1825
granulosa_4198,chr11,8688057,8689423,1366
granulosa_4199,chr11,8707183,8708206,1023
granulosa_4200,chr11,8708783,8709663,880
granulosa_4201,chr11,8714765,8716099,1334
granulosa_4202,chr11,8775110,8776022,912
granulosa_4203,chr11,8778013,8778973,960
granulosa_4204,chr11,8786674,8788063,1389
granulosa_4205,chr11,8794199,8795136,937
granulosa_4206,chr11,8800211,8801498,1287
granulosa_4207,chr11,8809121,8811287,2166
granulosa_4208,chr11,8870020,8871675,1655
granulosa_4209,chr11,8909876,8911934,2058
granulosa_4210,chr11,8914044,8914710,666
granulosa_4211,chr11,8963442,8965391,1949
granulosa_4212,chr11,9003128,9004950,1822
granulosa_4213,chr11,9090543,9091991,1448
granulosa_4214,chr11,9137316,9138549,1233
granulosa_4215,chr11,9263809,9266086,2277
granulosa_4216,chr11,9313761,9315457,1696
granulosa_4217,chr11,9363743,9365167,1424
granulosa_4218,chr11,9384113,9385868,1755
granulosa_4219,chr11,9459371,9461651,2280
granulosa_4220,chr11,9572561,9575863,3302
granulosa_4221,chr11,9612776,9614656,1880
granulosa_4222,chr11,9663338,9665140,1802
granulosa_4223,chr11,9757807,9759509,1702
granulosa_4224,chr11,10293248,10294990,1742
granulosa_4225,chr11,10302351,10303459,1108
granulosa_4226,chr11,10304490,10305729,1239
granulosa_4227,chr11,10307315,10308313,998
granulosa_4228,chr11,10449733,10451435,1702
granulosa_4229,chr11,10454497,10456987,2490
granulosa_4230,chr11,10540092,10541615,1523
granulosa_4231,chr11,10735147,10736325,1178
granulosa_4232,chr11,10750407,10752029,1622
granulosa_4233,chr11,10791653,10793048,1395
granulosa_4234,chr11,10794555,10796766,2211
granulosa_4235,chr11,10807506,10810089,2583
granulosa_4236,chr11,10856661,10859143,2482
granulosa_4237,chr11,10930537,10932375,1838
granulosa_4238,chr11,10933751,10934721,970
granulosa_4239,chr11,11074545,11076121,1576
granulosa_4240,chr11,11348393,11350489,2096
granulosa_4241,chr11,11537365,11539362,1997
granulosa_4242,chr11,11619992,11622509,2517
granulosa_4243,chr11,11730986,11731984,998
granulosa_4244,chr11,11840969,11843030,2061
granulosa_4245,chr11,12007791,12009870,2079
granulosa_4246,chr11,12043859,12044799,940
granulosa_4247,chr11,12052478,12053587,1109
granulosa_4248,chr11,12094701,12095695,994
granulosa_4249,chr11,12109824,12111757,1933
granulosa_4250,chr11,12118865,12121775,2910
granulosa_4251,chr11,12199547,12201681,2134
granulosa_4252,chr11,12235297,12236845,1548
granulosa_4253,chr11,12376950,12378510,1560
granulosa_4254,chr11,12673603,12675550,1947
granulosa_4255,chr11,12692271,12694392,2121
granulosa_4256,chr11,12723287,12724966,1679
granulosa_4257,chr11,12746423,12747277,854
granulosa_4258,chr11,12802460,12803399,939
granulosa_4259,chr11,12812898,12815562,2664
granulosa_4260,chr11,12827618,12829682,2064
granulosa_4261,chr11,12862656,12863989,1333
granulosa_4262,chr11,12864413,12865192,779
granulosa_4263,chr11,13008527,13011294,2767
granulosa_4264,chr11,13276519,13279175,2656
granulosa_4265,chr11,13439790,13440790,1000
granulosa_4266,chr11,13462336,13464027,1691
granulosa_4267,chr11,13667747,13669839,2092
granulosa_4268,chr11,13962150,13964817,2667
granulosa_4269,chr11,14029502,14030673,1171
granulosa_4270,chr11,14357710,14359426,1716
granulosa_4271,chr11,14380615,14381659,1044
granulosa_4272,chr11,14498992,14500898,1906
granulosa_4273,chr11,14519497,14520920,1423
granulosa_4274,chr11,14643072,14645421,2349
granulosa_4275,chr11,14890819,14892603,1784
granulosa_4276,chr11,14904665,14906381,1716
granulosa_4277,chr11,14973507,14975533,2026
granulosa_4278,chr11,15073147,15075254,2107
granulosa_4279,chr11,15114250,15115261,1011
granulosa_4280,chr11,15590941,15592537,1596
granulosa_4281,chr11,15649678,15650990,1312
granulosa_4282,chr11,15783117,15784947,1830
granulosa_4283,chr11,16191101,16192226,1125
granulosa_4284,chr11,16225455,16226703,1248
granulosa_4285,chr11,16238988,16240383,1395
granulosa_4286,chr11,16603580,16608049,4469
granulosa_4287,chr11,16611811,16612292,481
granulosa_4288,chr11,16612593,16614417,1824
granulosa_4289,chr11,16737675,16740014,2339
granulosa_4290,chr11,16878503,16879753,1250
granulosa_4291,chr11,16911595,16913291,1696
granulosa_4292,chr11,16923795,16926343,2548
granulosa_4293,chr11,16935678,16937234,1556
granulosa_4294,chr11,16986404,16988024,1620
granulosa_4295,chr11,17012876,17015304,2428
granulosa_4296,chr11,17076577,17078645,2068
granulosa_4297,chr11,17206659,17209549,2890
granulosa_4298,chr11,17276105,17277592,1487
granulosa_4299,chr11,17351316,17353926,2610
granulosa_4300,chr11,17388587,17390014,1427
granulosa_4301,chr11,17718734,17721633,2899
granulosa_4302,chr11,17730600,17731451,851
granulosa_4303,chr11,17734334,17736152,1818
granulosa_4304,chr11,18012080,18014134,2054
granulosa_4305,chr11,18045583,18046769,1186
granulosa_4306,chr11,18105206,18106417,1211
granulosa_4307,chr11,18321405,18323468,2063
granulosa_4308,chr11,18393952,18396584,2632
granulosa_4309,chr11,18406898,18409298,2400
granulosa_4310,chr11,18525960,18528035,2075
granulosa_4311,chr11,18587670,18589535,1865
granulosa_4312,chr11,18633308,18635037,1729
granulosa_4313,chr11,18698132,18700293,2161
granulosa_4314,chr11,18705515,18707200,1685
granulosa_4315,chr11,18720335,18722359,2024
granulosa_4316,chr11,18790875,18792746,1871
granulosa_4317,chr11,19070983,19071938,955
granulosa_4318,chr11,19109925,19110739,814
granulosa_4319,chr11,19116450,19117956,1506
granulosa_4320,chr11,19240266,19242875,2609
granulosa_4321,chr11,19344667,19346769,2102
granulosa_4322,chr11,19711864,19713679,1815
granulosa_4323,chr11,19714039,19715651,1612
granulosa_4324,chr11,19776368,19778216,1848
granulosa_4325,chr11,19846317,19848436,2119
granulosa_4326,chr11,19911736,19914080,2344
granulosa_4327,chr11,19951019,19952834,1815
granulosa_4328,chr11,19999974,20001194,1220
granulosa_4329,chr11,20010024,20010890,866
granulosa_4330,chr11,20013292,20014444,1152
granulosa_4331,chr11,20021853,20023404,1551
granulosa_4332,chr11,20027054,20027930,876
granulosa_4333,chr11,20089420,20091432,2012
granulosa_4334,chr11,20131749,20132750,1001
granulosa_4335,chr11,20158486,20158978,492
granulosa_4336,chr11,20162839,20164134,1295
granulosa_4337,chr11,20386760,20388980,2220
granulosa_4338,chr11,20609803,20610670,867
granulosa_4339,chr11,20668756,20671426,2670
granulosa_4340,chr11,22192298,22194179,1881
granulosa_4341,chr11,22431966,22433430,1464
granulosa_4342,chr11,22624633,22626274,1641
granulosa_4343,chr11,22665911,22667416,1505
granulosa_4344,chr11,22828870,22830245,1375
granulosa_4345,chr11,24092689,24093829,1140
granulosa_4346,chr11,24496242,24497800,1558
granulosa_4347,chr11,26331577,26332822,1245
granulosa_4348,chr11,26993710,26995068,1358
granulosa_4349,chr11,27201114,27202664,1550
granulosa_4350,chr11,27215625,27216836,1211
granulosa_4351,chr11,27246597,27248150,1553
granulosa_4352,chr11,27362184,27363864,1680
granulosa_4353,chr11,27394996,27396367,1371
granulosa_4354,chr11,27470781,27473553,2772
granulosa_4355,chr11,27505749,27507205,1456
granulosa_4356,chr11,27698719,27701792,3073
granulosa_4357,chr11,27718037,27719662,1625
granulosa_4358,chr11,27722106,27723167,1061
granulosa_4359,chr11,28107215,28108598,1383
granulosa_4360,chr11,28109971,28111073,1102
granulosa_4361,chr11,29963050,29964886,1836
granulosa_4362,chr11,30015713,30018028,2315
granulosa_4363,chr11,30322233,30323944,1711
granulosa_4364,chr11,30406704,30407789,1085
granulosa_4365,chr11,30583662,30586927,3265
granulosa_4366,chr11,31368896,31370480,1584
granulosa_4367,chr11,31508872,31510758,1886
granulosa_4368,chr11,31796817,31799780,2963
granulosa_4369,chr11,31804439,31806332,1893
granulosa_4370,chr11,31809863,31810676,813
granulosa_4371,chr11,31810988,31812223,1235
granulosa_4372,chr11,32090349,32092081,1732
granulosa_4373,chr11,32332500,32334079,1579
granulosa_4374,chr11,32381161,32382880,1719
granulosa_4375,chr11,32425950,32427523,1573
granulosa_4376,chr11,32430614,32431350,736
granulosa_4377,chr11,32435084,32436529,1445
granulosa_4378,chr11,32438922,32439993,1071
granulosa_4379,chr11,32466069,32466955,886
granulosa_4380,chr11,32477433,32479581,2148
granulosa_4381,chr11,32494057,32495337,1280
granulosa_4382,chr11,32499248,32500869,1621
granulosa_4383,chr11,32526473,32528099,1626
granulosa_4384,chr11,32562483,32564086,1603
granulosa_4385,chr11,32583135,32585550,2415
granulosa_4386,chr11,32891881,32894536,2655
granulosa_4387,chr11,33015306,33016626,1320
granulosa_4388,chr11,33038818,33040629,1811
granulosa_4389,chr11,33160741,33161857,1116
granulosa_4390,chr11,33256672,33259091,2419
granulosa_4391,chr11,33375351,33378230,2879
granulosa_4392,chr11,33474693,33476653,1960
granulosa_4393,chr11,33691824,33692957,1133
granulosa_4394,chr11,33699872,33701562,1690
granulosa_4395,chr11,33713101,33714286,1185
granulosa_4396,chr11,33734064,33737276,3212
granulosa_4397,chr11,33773379,33775241,1862
granulosa_4398,chr11,33828566,33829881,1315
granulosa_4399,chr11,33867989,33870819,2830
granulosa_4400,chr11,34050737,34053785,3048
granulosa_4401,chr11,34104554,34106403,1849
granulosa_4402,chr11,34174027,34175116,1089
granulosa_4403,chr11,34356598,34359574,2976
granulosa_4404,chr11,34438269,34440068,1799
granulosa_4405,chr11,34585639,34586821,1182
granulosa_4406,chr11,34915142,34917599,2457
granulosa_4407,chr11,35418118,35420514,2396
granulosa_4408,chr11,35524951,35526815,1864
granulosa_4409,chr11,35617624,35620547,2923
granulosa_4410,chr11,35661766,35663466,1700
granulosa_4411,chr11,35821544,35822481,937
granulosa_4412,chr11,35943415,35945196,1781
granulosa_4413,chr11,36053219,36054539,1320
granulosa_4414,chr11,36104544,36105696,1152
granulosa_4415,chr11,36109718,36111351,1633
granulosa_4416,chr11,36257056,36259302,2246
granulosa_4417,chr11,36288600,36289919,1319
granulosa_4418,chr11,36375810,36378294,2484
granulosa_4419,chr11,36447036,36448304,1268
granulosa_4420,chr11,36508737,36510961,2224
granulosa_4421,chr11,36594037,36595198,1161
granulosa_4422,chr11,36746880,36747464,584
granulosa_4423,chr11,39209865,39210964,1099
granulosa_4424,chr11,40134602,40135403,801
granulosa_4425,chr11,40138725,40139987,1262
granulosa_4426,chr11,40280051,40282048,1997
granulosa_4427,chr11,40292677,40294428,1751
granulosa_4428,chr11,41024544,41025664,1120
granulosa_4429,chr11,41145503,41146893,1390
granulosa_4430,chr11,41458187,41460725,2538
granulosa_4431,chr11,42007804,42009615,1811
granulosa_4432,chr11,43311430,43313453,2023
granulosa_4433,chr11,43357903,43360066,2163
granulosa_4434,chr11,43546934,43548627,1693
granulosa_4435,chr11,43555242,43558766,3524
granulosa_4436,chr11,43574786,43576673,1887
granulosa_4437,chr11,43579016,43579915,899
granulosa_4438,chr11,43643635,43645133,1498
granulosa_4439,chr11,43680093,43681875,1782
granulosa_4440,chr11,43746682,43747938,1256
granulosa_4441,chr11,43880223,43881596,1373
granulosa_4442,chr11,43941549,43945161,3612
granulosa_4443,chr11,43984450,43985516,1066
granulosa_4444,chr11,43987235,43988332,1097
granulosa_4445,chr11,44036935,44037755,820
granulosa_4446,chr11,44065504,44067001,1497
granulosa_4447,chr11,44095253,44096668,1415
granulosa_4448,chr11,44309130,44311142,2012
granulosa_4449,chr11,44316013,44317227,1214
granulosa_4450,chr11,44318959,44320340,1381
granulosa_4451,chr11,44564026,44565979,1953
granulosa_4452,chr11,44620962,44621656,694
granulosa_4453,chr11,44627223,44628571,1348
granulosa_4454,chr11,44634066,44635325,1259
granulosa_4455,chr11,44726155,44728255,2100
granulosa_4456,chr11,44765926,44767276,1350
granulosa_4457,chr11,44876809,44879040,2231
granulosa_4458,chr11,44893185,44894800,1615
granulosa_4459,chr11,44949113,44951195,2082
granulosa_4460,chr11,45145323,45147991,2668
granulosa_4461,chr11,45157868,45159438,1570
granulosa_4462,chr11,45179831,45182027,2196
granulosa_4463,chr11,45208818,45210731,1913
granulosa_4464,chr11,45285123,45286730,1607
granulosa_4465,chr11,45339612,45340710,1098
granulosa_4466,chr11,45354915,45356577,1662
granulosa_4467,chr11,45370923,45372077,1154
granulosa_4468,chr11,45469870,45471233,1363
granulosa_4469,chr11,45655056,45655694,638
granulosa_4470,chr11,45664383,45666108,1725
granulosa_4471,chr11,45754023,45755941,1918
granulosa_4472,chr11,45771041,45772311,1270
granulosa_4473,chr11,45803801,45805938,2137
granulosa_4474,chr11,45842979,45843650,671
granulosa_4475,chr11,45846835,45848303,1468
granulosa_4476,chr11,45857812,45858734,922
granulosa_4477,chr11,45859153,45860272,1119
granulosa_4478,chr11,45885083,45886576,1493
granulosa_4479,chr11,45896184,45896983,799
granulosa_4480,chr11,45899205,45900746,1541
granulosa_4481,chr11,45917251,45918967,1716
granulosa_4482,chr11,45921488,45923469,1981
granulosa_4483,chr11,45945087,45946195,1108
granulosa_4484,chr11,46119226,46122527,3301
granulosa_4485,chr11,46237093,46239518,2425
granulosa_4486,chr11,46242813,46243960,1147
granulosa_4487,chr11,46277310,46279055,1745
granulosa_4488,chr11,46280966,46281900,934
granulosa_4489,chr11,46289919,46291197,1278
granulosa_4490,chr11,46294614,46297294,2680
granulosa_4491,chr11,46314944,46316465,1521
granulosa_4492,chr11,46332286,46333712,1426
granulosa_4493,chr11,46346828,46348221,1393
granulosa_4494,chr11,46351980,46352802,822
granulosa_4495,chr11,46380192,46382645,2453
granulosa_4496,chr11,46389187,46390027,840
granulosa_4497,chr11,46391235,46393129,1894
granulosa_4498,chr11,46413908,46415246,1338
granulosa_4499,chr11,46592718,46594330,1612
granulosa_4500,chr11,46616504,46618290,1786
granulosa_4501,chr11,46648581,46650192,1611
granulosa_4502,chr11,46700007,46701735,1728
granulosa_4503,chr11,46825936,46827247,1311
granulosa_4504,chr11,46845218,46846773,1555
granulosa_4505,chr11,46916322,46919130,2808
granulosa_4506,chr11,46935949,46937664,1715
granulosa_4507,chr11,47152702,47153649,947
granulosa_4508,chr11,47160806,47162982,2176
granulosa_4509,chr11,47176126,47177987,1861
granulosa_4510,chr11,47185137,47187700,2563
granulosa_4511,chr11,47213871,47215641,1770
granulosa_4512,chr11,47233833,47235320,1487
granulosa_4513,chr11,47247938,47249434,1496
granulosa_4514,chr11,47257165,47258318,1153
granulosa_4515,chr11,47268596,47271191,2595
granulosa_4516,chr11,47350641,47352098,1457
granulosa_4517,chr11,47354664,47355876,1212
granulosa_4518,chr11,47399545,47401228,1683
granulosa_4519,chr11,47407626,47409408,1782
granulosa_4520,chr11,47415540,47416532,992
granulosa_4521,chr11,47425705,47427340,1635
granulosa_4522,chr11,47466189,47467739,1550
granulosa_4523,chr11,47551868,47553697,1829
granulosa_4524,chr11,47564926,47566768,1842
granulosa_4525,chr11,47577381,47579560,2179
granulosa_4526,chr11,47589025,47590910,1885
granulosa_4527,chr11,47593496,47594732,1236
granulosa_4528,chr11,47641565,47643255,1690
granulosa_4529,chr11,47714469,47715736,1267
granulosa_4530,chr11,47765963,47768621,2658
granulosa_4531,chr11,47791835,47793135,1300
granulosa_4532,chr11,47847541,47849179,1638
granulosa_4533,chr11,47917390,47918661,1271
granulosa_4534,chr11,47979201,47981701,2500
granulosa_4535,chr11,48108954,48110805,1851
granulosa_4536,chr11,48172713,48173695,982
granulosa_4537,chr11,49207764,49208825,1061
granulosa_4538,chr11,56055922,56057118,1196
granulosa_4539,chr11,57179527,57182083,2556
granulosa_4540,chr11,57248849,57250037,1188
granulosa_4541,chr11,57277340,57278550,1210
granulosa_4542,chr11,57310593,57311911,1318
granulosa_4543,chr11,57321791,57322899,1108
granulosa_4544,chr11,57323612,57325939,2327
granulosa_4545,chr11,57334950,57336375,1425
granulosa_4546,chr11,57426040,57427958,1918
granulosa_4547,chr11,57457073,57457679,606
granulosa_4548,chr11,57459709,57461284,1575
granulosa_4549,chr11,57476010,57477208,1198
granulosa_4550,chr11,57482032,57483555,1523
granulosa_4551,chr11,57499160,57500652,1492
granulosa_4552,chr11,57513968,57516126,2158
granulosa_4553,chr11,57530053,57531629,1576
granulosa_4554,chr11,57566952,57568620,1668
granulosa_4555,chr11,57597216,57599755,2539
granulosa_4556,chr11,57637452,57640228,2776
granulosa_4557,chr11,57644788,57645702,914
granulosa_4558,chr11,57649126,57650282,1156
granulosa_4559,chr11,57656877,57658328,1451
granulosa_4560,chr11,57666653,57668998,2345
granulosa_4561,chr11,57711373,57713099,1726
granulosa_4562,chr11,57740823,57742388,1565
granulosa_4563,chr11,57761205,57762142,937
granulosa_4564,chr11,57763302,57765232,1930
granulosa_4565,chr11,57777671,57779092,1421
granulosa_4566,chr11,58523960,58525821,1861
granulosa_4567,chr11,58577499,58580108,2609
granulosa_4568,chr11,58639763,58641675,1912
granulosa_4569,chr11,58900167,58901200,1033
granulosa_4570,chr11,58904985,58906315,1330
granulosa_4571,chr11,58926888,58928465,1577
granulosa_4572,chr11,59057775,59058781,1006
granulosa_4573,chr11,59106241,59107842,1601
granulosa_4574,chr11,59135697,59137067,1370
granulosa_4575,chr11,59141972,59143518,1546
granulosa_4576,chr11,59144268,59145111,843
granulosa_4577,chr11,59171428,59174490,3062
granulosa_4578,chr11,59536664,59538099,1435
granulosa_4579,chr11,59549635,59552160,2525
granulosa_4580,chr11,59559907,59561447,1540
granulosa_4581,chr11,59565602,59566646,1044
granulosa_4582,chr11,59614680,59616787,2107
granulosa_4583,chr11,59667945,59669970,2025
granulosa_4584,chr11,59753658,59756214,2556
granulosa_4585,chr11,59809433,59811147,1714
granulosa_4586,chr11,60071100,60072324,1224
granulosa_4587,chr11,60193478,60194883,1405
granulosa_4588,chr11,60250851,60253005,2154
granulosa_4589,chr11,60775171,60776023,852
granulosa_4590,chr11,60841435,60843267,1832
granulosa_4591,chr11,60905201,60907084,1883
granulosa_4592,chr11,60913447,60915916,2469
granulosa_4593,chr11,60923324,60925840,2516
granulosa_4594,chr11,60950753,60952773,2020
granulosa_4595,chr11,61003952,61005598,1646
granulosa_4596,chr11,61007359,61008700,1341
granulosa_4597,chr11,61070404,61072310,1906
granulosa_4598,chr11,61129399,61130650,1251
granulosa_4599,chr11,61160539,61162438,1899
granulosa_4600,chr11,61293553,61295754,2201
granulosa_4601,chr11,61331829,61333699,1870
granulosa_4602,chr11,61334497,61335416,919
granulosa_4603,chr11,61336086,61336529,443
granulosa_4604,chr11,61361126,61362863,1737
granulosa_4605,chr11,61391702,61393587,1885
granulosa_4606,chr11,61429064,61430508,1444
granulosa_4607,chr11,61488515,61489272,757
granulosa_4608,chr11,61507931,61509825,1894
granulosa_4609,chr11,61554538,61556015,1477
granulosa_4610,chr11,61566865,61567975,1110
granulosa_4611,chr11,61580002,61581724,1722
granulosa_4612,chr11,61586941,61589194,2253
granulosa_4613,chr11,61594274,61596130,1856
granulosa_4614,chr11,61602756,61603808,1052
granulosa_4615,chr11,61627752,61629074,1322
granulosa_4616,chr11,61679151,61680877,1726
granulosa_4617,chr11,61693720,61694338,618
granulosa_4618,chr11,61694833,61697423,2590
granulosa_4619,chr11,61717755,61719243,1488
granulosa_4620,chr11,61732767,61733785,1018
granulosa_4621,chr11,61747528,61748051,523
granulosa_4622,chr11,61752188,61753064,876
granulosa_4623,chr11,61754328,61755456,1128
granulosa_4624,chr11,61764435,61765878,1443
granulosa_4625,chr11,61765904,61766690,786
granulosa_4626,chr11,61768894,61770058,1164
granulosa_4627,chr11,61771789,61772475,686
granulosa_4628,chr11,61776457,61777776,1319
granulosa_4629,chr11,61791664,61793413,1749
granulosa_4630,chr11,61797052,61797883,831
granulosa_4631,chr11,61814554,61817450,2896
granulosa_4632,chr11,61827013,61829383,2370
granulosa_4633,chr11,61870564,61871649,1085
granulosa_4634,chr11,61890442,61892326,1884
granulosa_4635,chr11,61898864,61899856,992
granulosa_4636,chr11,61916305,61918081,1776
granulosa_4637,chr11,61922467,61924133,1666
granulosa_4638,chr11,61947384,61948011,627
granulosa_4639,chr11,61948642,61950385,1743
granulosa_4640,chr11,61954733,61956215,1482
granulosa_4641,chr11,61961376,61964425,3049
granulosa_4642,chr11,61966603,61968498,1895
granulosa_4643,chr11,61971183,61972314,1131
granulosa_4644,chr11,61983241,61984046,805
granulosa_4645,chr11,62041810,62043135,1325
granulosa_4646,chr11,62104752,62106233,1481
granulosa_4647,chr11,62123280,62125114,1834
granulosa_4648,chr11,62336926,62338211,1285
granulosa_4649,chr11,62380593,62381577,984
granulosa_4650,chr11,62394643,62395480,837
granulosa_4651,chr11,62399753,62401132,1379
granulosa_4652,chr11,62504236,62506042,1806
granulosa_4653,chr11,62538932,62539713,781
granulosa_4654,chr11,62542578,62543235,657
granulosa_4655,chr11,62545094,62547953,2859
granulosa_4656,chr11,62551629,62552106,477
granulosa_4657,chr11,62552516,62553784,1268
granulosa_4658,chr11,62555310,62556827,1517
granulosa_4659,chr11,62560308,62560994,686
granulosa_4660,chr11,62561399,62562617,1218
granulosa_4661,chr11,62572963,62575609,2646
granulosa_4662,chr11,62590822,62592735,1913
granulosa_4663,chr11,62598842,62599499,657
granulosa_4664,chr11,62600919,62603080,2161
granulosa_4665,chr11,62611368,62614632,3264
granulosa_4666,chr11,62621283,62622803,1520
granulosa_4667,chr11,62645491,62647319,1828
granulosa_4668,chr11,62652288,62653737,1449
granulosa_4669,chr11,62664443,62666476,2033
granulosa_4670,chr11,62670982,62672574,1592
granulosa_4671,chr11,62678378,62679625,1247
granulosa_4672,chr11,62705349,62707706,2357
granulosa_4673,chr11,62708882,62710110,1228
granulosa_4674,chr11,62726452,62728991,2539
granulosa_4675,chr11,62753313,62754607,1294
granulosa_4676,chr11,62760924,62762118,1194
granulosa_4677,chr11,62770598,62772031,1433
granulosa_4678,chr11,62786285,62787905,1620
granulosa_4679,chr11,62791141,62792503,1362
granulosa_4680,chr11,62804062,62806014,1952
granulosa_4681,chr11,62830702,62832814,2112
granulosa_4682,chr11,62839003,62842746,3743
granulosa_4683,chr11,62854951,62856731,1780
granulosa_4684,chr11,62879673,62882069,2396
granulosa_4685,chr11,62908429,62909643,1214
granulosa_4686,chr11,62920876,62922249,1373
granulosa_4687,chr11,62958254,62959405,1151
granulosa_4688,chr11,63017203,63018329,1126
granulosa_4689,chr11,63213622,63214842,1220
granulosa_4690,chr11,63489612,63492347,2735
granulosa_4691,chr11,63613273,63614690,1417
granulosa_4692,chr11,63670209,63672461,2252
granulosa_4693,chr11,63680536,63683250,2714
granulosa_4694,chr11,63761713,63764466,2753
granulosa_4695,chr11,63767450,63770081,2631
granulosa_4696,chr11,63812444,63814712,2268
granulosa_4697,chr11,63838241,63840795,2554
granulosa_4698,chr11,63871857,63873657,1800
granulosa_4699,chr11,63907539,63910383,2844
granulosa_4700,chr11,63916097,63918740,2643
granulosa_4701,chr11,63937866,63939911,2045
granulosa_4702,chr11,63944944,63946247,1303
granulosa_4703,chr11,63974051,63975178,1127
granulosa_4704,chr11,63985487,63987147,1660
granulosa_4705,chr11,63998784,64001185,2401
granulosa_4706,chr11,64006866,64008707,1841
granulosa_4707,chr11,64015773,64016897,1124
granulosa_4708,chr11,64021009,64022829,1820
granulosa_4709,chr11,64027610,64029385,1775
granulosa_4710,chr11,64035217,64037540,2323
granulosa_4711,chr11,64058161,64058961,800
granulosa_4712,chr11,64059464,64061470,2006
granulosa_4713,chr11,64110526,64111638,1112
granulosa_4714,chr11,64118062,64119546,1484
granulosa_4715,chr11,64147904,64148963,1059
granulosa_4716,chr11,64150251,64151221,970
granulosa_4717,chr11,64164477,64166679,2202
granulosa_4718,chr11,64181392,64182056,664
granulosa_4719,chr11,64184659,64187104,2445
granulosa_4720,chr11,64203968,64204967,999
granulosa_4721,chr11,64225224,64226899,1675
granulosa_4722,chr11,64229979,64231146,1167
granulosa_4723,chr11,64233866,64235239,1373
granulosa_4724,chr11,64237324,64237869,545
granulosa_4725,chr11,64239961,64242158,2197
granulosa_4726,chr11,64245616,64246355,739
granulosa_4727,chr11,64246584,64247887,1303
granulosa_4728,chr11,64250846,64252938,2092
granulosa_4729,chr11,64268405,64270809,2404
granulosa_4730,chr11,64271315,64271855,540
granulosa_4731,chr11,64284109,64286683,2574
granulosa_4732,chr11,64291033,64293065,2032
granulosa_4733,chr11,64300163,64301324,1161
granulosa_4734,chr11,64304312,64307143,2831
granulosa_4735,chr11,64316856,64319065,2209
granulosa_4736,chr11,64341744,64343267,1523
granulosa_4737,chr11,64354790,64355592,802
granulosa_4738,chr11,64358208,64360611,2403
granulosa_4739,chr11,64409009,64410480,1471
granulosa_4740,chr11,64414741,64415919,1178
granulosa_4741,chr11,64447786,64449902,2116
granulosa_4742,chr11,64553325,64555865,2540
granulosa_4743,chr11,64566069,64567568,1499
granulosa_4744,chr11,64607609,64609227,1618
granulosa_4745,chr11,64618993,64621178,2185
granulosa_4746,chr11,64637281,64638609,1328
granulosa_4747,chr11,64642398,64644155,1757
granulosa_4748,chr11,64652848,64653597,749
granulosa_4749,chr11,64687094,64689034,1940
granulosa_4750,chr11,64711923,64714229,2306
granulosa_4751,chr11,64722794,64723959,1165
granulosa_4752,chr11,64742293,64744289,1996
granulosa_4753,chr11,64744417,64746376,1959
granulosa_4754,chr11,64759186,64760390,1204
granulosa_4755,chr11,64762842,64763886,1044
granulosa_4756,chr11,64765865,64766700,835
granulosa_4757,chr11,64777388,64779562,2174
granulosa_4758,chr11,64802391,64804158,1767
granulosa_4759,chr11,64809559,64811170,1611
granulosa_4760,chr11,64842907,64845171,2264
granulosa_4761,chr11,64846923,64847472,549
granulosa_4762,chr11,64862807,64864986,2179
granulosa_4763,chr11,64868673,64870180,1507
granulosa_4764,chr11,64876710,64879585,2875
granulosa_4765,chr11,64887399,64889369,1970
granulosa_4766,chr11,64916022,64918368,2346
granulosa_4767,chr11,64923655,64925452,1797
granulosa_4768,chr11,64935054,64936291,1237
granulosa_4769,chr11,65013260,65014940,1680
granulosa_4770,chr11,65022820,65023929,1109
granulosa_4771,chr11,65026977,65027975,998
granulosa_4772,chr11,65040530,65041997,1467
granulosa_4773,chr11,65047221,65048625,1404
granulosa_4774,chr11,65083455,65084889,1434
granulosa_4775,chr11,65095377,65097045,1668
granulosa_4776,chr11,65103620,65105108,1488
granulosa_4777,chr11,65111438,65113635,2197
granulosa_4778,chr11,65116714,65118084,1370
granulosa_4779,chr11,65121389,65122801,1412
granulosa_4780,chr11,65133293,65135591,2298
granulosa_4781,chr11,65180664,65182759,2095
granulosa_4782,chr11,65261170,65263049,1879
granulosa_4783,chr11,65314293,65315924,1631
granulosa_4784,chr11,65316213,65317706,1493
granulosa_4785,chr11,65333313,65335161,1848
granulosa_4786,chr11,65353777,65356115,2338
granulosa_4787,chr11,65366074,65367437,1363
granulosa_4788,chr11,65381690,65383205,1515
granulosa_4789,chr11,65386144,65387098,954
granulosa_4790,chr11,65416215,65416676,461
granulosa_4791,chr11,65417132,65419367,2235
granulosa_4792,chr11,65419891,65420272,381
granulosa_4793,chr11,65421144,65421647,503
granulosa_4794,chr11,65421859,65423405,1546
granulosa_4795,chr11,65454312,65455553,1241
granulosa_4796,chr11,65476724,65478097,1373
granulosa_4797,chr11,65478479,65479773,1294
granulosa_4798,chr11,65487040,65488660,1620
granulosa_4799,chr11,65496386,65498483,2097
granulosa_4800,chr11,65498839,65499240,401
granulosa_4801,chr11,65503953,65504385,432
granulosa_4802,chr11,65506318,65509029,2711
granulosa_4803,chr11,65510476,65511063,587
granulosa_4804,chr11,65524068,65525710,1642
granulosa_4805,chr11,65538787,65541210,2423
granulosa_4806,chr11,65545836,65546966,1130
granulosa_4807,chr11,65550928,65552397,1469
granulosa_4808,chr11,65557028,65559325,2297
granulosa_4809,chr11,65569313,65570608,1295
granulosa_4810,chr11,65571909,65573013,1104
granulosa_4811,chr11,65574056,65574771,715
granulosa_4812,chr11,65584372,65586085,1713
granulosa_4813,chr11,65591785,65592744,959
granulosa_4814,chr11,65606504,65607798,1294
granulosa_4815,chr11,65613450,65614524,1074
granulosa_4816,chr11,65614917,65616580,1663
granulosa_4817,chr11,65637557,65639023,1466
granulosa_4818,chr11,65646671,65647696,1025
granulosa_4819,chr11,65651947,65653602,1655
granulosa_4820,chr11,65661820,65664145,2325
granulosa_4821,chr11,65706130,65706862,732
granulosa_4822,chr11,65711245,65712814,1569
granulosa_4823,chr11,65718994,65720985,1991
granulosa_4824,chr11,65779730,65781719,1989
granulosa_4825,chr11,65786295,65788570,2275
granulosa_4826,chr11,65817361,65818558,1197
granulosa_4827,chr11,65833054,65834335,1281
granulosa_4828,chr11,65849364,65851560,2196
granulosa_4829,chr11,65856904,65858502,1598
granulosa_4830,chr11,65859020,65859787,767
granulosa_4831,chr11,65859969,65861229,1260
granulosa_4832,chr11,65871741,65873985,2244
granulosa_4833,chr11,65884490,65884953,463
granulosa_4834,chr11,65887888,65889385,1497
granulosa_4835,chr11,65890110,65891226,1116
granulosa_4836,chr11,65899094,65900885,1791
granulosa_4837,chr11,65918477,65920273,1796
granulosa_4838,chr11,65960872,65962334,1462
granulosa_4839,chr11,65988729,65989599,870
granulosa_4840,chr11,66001512,66003136,1624
granulosa_4841,chr11,66044915,66045479,564
granulosa_4842,chr11,66048692,66049372,680
granulosa_4843,chr11,66051287,66052728,1441
granulosa_4844,chr11,66069003,66071574,2571
granulosa_4845,chr11,66222124,66223137,1013
granulosa_4846,chr11,66256817,66258779,1962
granulosa_4847,chr11,66266920,66269555,2635
granulosa_4848,chr11,66277507,66279312,1805
granulosa_4849,chr11,66281924,66283122,1198
granulosa_4850,chr11,66288358,66289947,1589
granulosa_4851,chr11,66311440,66313848,2408
granulosa_4852,chr11,66316676,66318599,1923
granulosa_4853,chr11,66335365,66337304,1939
granulosa_4854,chr11,66344584,66345412,828
granulosa_4855,chr11,66346782,66348642,1860
granulosa_4856,chr11,66370930,66372674,1744
granulosa_4857,chr11,66408322,66409535,1213
granulosa_4858,chr11,66419840,66422180,2340
granulosa_4859,chr11,66438017,66439349,1332
granulosa_4860,chr11,66466023,66467578,1555
granulosa_4861,chr11,66478977,66480832,1855
granulosa_4862,chr11,66509987,66511254,1267
granulosa_4863,chr11,66543295,66544136,841
granulosa_4864,chr11,66545543,66547030,1487
granulosa_4865,chr11,66567652,66568813,1161
granulosa_4866,chr11,66592376,66593618,1242
granulosa_4867,chr11,66601915,66602930,1015
granulosa_4868,chr11,66606586,66607812,1226
granulosa_4869,chr11,66615911,66617575,1664
granulosa_4870,chr11,66637510,66639666,2156
granulosa_4871,chr11,66676980,66678809,1829
granulosa_4872,chr11,66694487,66695214,727
granulosa_4873,chr11,66717888,66719206,1318
granulosa_4874,chr11,66719976,66720737,761
granulosa_4875,chr11,66727126,66729158,2032
granulosa_4876,chr11,66744059,66745733,1674
granulosa_4877,chr11,66842363,66844078,1715
granulosa_4878,chr11,66855684,66857586,1902
granulosa_4879,chr11,66957498,66959006,1508
granulosa_4880,chr11,67021777,67024021,2244
granulosa_4881,chr11,67054987,67057183,2196
granulosa_4882,chr11,67117597,67120358,2761
granulosa_4883,chr11,67238915,67241467,2552
granulosa_4884,chr11,67265985,67267657,1672
granulosa_4885,chr11,67288040,67290267,2227
granulosa_4886,chr11,67302097,67304329,2232
granulosa_4887,chr11,67316793,67318536,1743
granulosa_4888,chr11,67352680,67354111,1431
granulosa_4889,chr11,67365563,67367548,1985
granulosa_4890,chr11,67371916,67374635,2719
granulosa_4891,chr11,67390982,67392674,1692
granulosa_4892,chr11,67400759,67402292,1533
granulosa_4893,chr11,67420142,67421593,1451
granulosa_4894,chr11,67427644,67429124,1480
granulosa_4895,chr11,67442694,67444291,1597
granulosa_4896,chr11,67464005,67465174,1169
granulosa_4897,chr11,67468017,67469612,1595
granulosa_4898,chr11,67482392,67483991,1599
granulosa_4899,chr11,67503986,67506394,2408
granulosa_4900,chr11,67507652,67508928,1276
granulosa_4901,chr11,67583342,67585128,1786
granulosa_4902,chr11,67606036,67607624,1588
granulosa_4903,chr11,67629237,67631097,1860
granulosa_4904,chr11,67658521,67659736,1215
granulosa_4905,chr11,67684957,67686429,1472
granulosa_4906,chr11,67804481,67806569,2088
granulosa_4907,chr11,67954410,67956047,1637
granulosa_4908,chr11,68002923,68004428,1505
granulosa_4909,chr11,68029939,68031362,1423
granulosa_4910,chr11,68082755,68083913,1158
granulosa_4911,chr11,68105911,68107096,1185
granulosa_4912,chr11,68120103,68122420,2317
granulosa_4913,chr11,68127807,68129173,1366
granulosa_4914,chr11,68146076,68147697,1621
granulosa_4915,chr11,68212445,68214570,2125
granulosa_4916,chr11,68256149,68258257,2108
granulosa_4917,chr11,68270726,68272689,1963
granulosa_4918,chr11,68297398,68298310,912
granulosa_4919,chr11,68311910,68314086,2176
granulosa_4920,chr11,68459611,68461845,2234
granulosa_4921,chr11,68658454,68659810,1356
granulosa_4922,chr11,68749008,68751859,2851
granulosa_4923,chr11,68838596,68839911,1315
granulosa_4924,chr11,68840043,68842054,2011
granulosa_4925,chr11,68843727,68844336,609
granulosa_4926,chr11,68854079,68856234,2155
granulosa_4927,chr11,68903310,68904930,1620
granulosa_4928,chr11,69010674,69011402,728
granulosa_4929,chr11,69012156,69014938,2782
granulosa_4930,chr11,69048378,69049586,1208
granulosa_4931,chr11,69101135,69101916,781
granulosa_4932,chr11,69131091,69132265,1174
granulosa_4933,chr11,69156788,69158041,1253
granulosa_4934,chr11,69265816,69266587,771
granulosa_4935,chr11,69297030,69298860,1830
granulosa_4936,chr11,69442584,69445159,2575
granulosa_4937,chr11,69524051,69525022,971
granulosa_4938,chr11,69636277,69637067,790
granulosa_4939,chr11,69638817,69639435,618
granulosa_4940,chr11,69640789,69641512,723
granulosa_4941,chr11,69642623,69643777,1154
granulosa_4942,chr11,69643994,69644750,756
granulosa_4943,chr11,69670020,69670836,816
granulosa_4944,chr11,69674349,69675913,1564
granulosa_4945,chr11,69702956,69704913,1957
granulosa_4946,chr11,69867619,69868999,1380
granulosa_4947,chr11,69939019,69940507,1488
granulosa_4948,chr11,70134915,70136245,1330
granulosa_4949,chr11,70202710,70204605,1895
granulosa_4950,chr11,70269757,70271742,1985
granulosa_4951,chr11,70397505,70400072,2567
granulosa_4952,chr11,70567732,70568981,1249
granulosa_4953,chr11,71152434,71153854,1420
granulosa_4954,chr11,71251106,71253715,2609
granulosa_4955,chr11,71447338,71449018,1680
granulosa_4956,chr11,71452293,71453834,1541
granulosa_4957,chr11,71487698,71489633,1935
granulosa_4958,chr11,71638997,71640311,1314
granulosa_4959,chr11,71709624,71710858,1234
granulosa_4960,chr11,71786167,71788277,2110
granulosa_4961,chr11,71813258,71814063,805
granulosa_4962,chr11,71927838,71929586,1748
granulosa_4963,chr11,72001097,72002787,1690
granulosa_4964,chr11,72038018,72039737,1719
granulosa_4965,chr11,72040259,72042154,1895
granulosa_4966,chr11,72079116,72081335,2219
granulosa_4967,chr11,72102228,72103823,1595
granulosa_4968,chr11,72111685,72113180,1495
granulosa_4969,chr11,72222720,72225628,2908
granulosa_4970,chr11,72239223,72241251,2028
granulosa_4971,chr11,72433832,72435039,1207
granulosa_4972,chr11,72589728,72590695,967
granulosa_4973,chr11,72641827,72643734,1907
granulosa_4974,chr11,72676432,72677329,897
granulosa_4975,chr11,72721348,72722780,1432
granulosa_4976,chr11,72725087,72725711,624
granulosa_4977,chr11,72751698,72753010,1312
granulosa_4978,chr11,72758672,72759530,858
granulosa_4979,chr11,72780883,72782837,1954
granulosa_4980,chr11,72793160,72794874,1714
granulosa_4981,chr11,72812617,72815159,2542
granulosa_4982,chr11,72821150,72823141,1991
granulosa_4983,chr11,72831306,72832097,791
granulosa_4984,chr11,73140445,73143361,2916
granulosa_4985,chr11,73177265,73178378,1113
granulosa_4986,chr11,73182553,73183525,972
granulosa_4987,chr11,73217218,73218873,1655
granulosa_4988,chr11,73242162,73243170,1008
granulosa_4989,chr11,73288677,73289793,1116
granulosa_4990,chr11,73306970,73309708,2738
granulosa_4991,chr11,73321564,73324431,2867
granulosa_4992,chr11,73334157,73335854,1697
granulosa_4993,chr11,73342266,73344738,2472
granulosa_4994,chr11,73375791,73377424,1633
granulosa_4995,chr11,73597249,73598953,1704
granulosa_4996,chr11,73647184,73647968,784
granulosa_4997,chr11,73660492,73661662,1170
granulosa_4998,chr11,73759356,73761784,2428
granulosa_4999,chr11,73778955,73780005,1050
granulosa_5000,chr11,73787266,73788712,1446
granulosa_5001,chr11,73875725,73877536,1811
granulosa_5002,chr11,73981842,73983869,2027
granulosa_5003,chr11,74169942,74172174,2232
granulosa_5004,chr11,74310828,74312098,1270
granulosa_5005,chr11,74397253,74399187,1934
granulosa_5006,chr11,74442652,74444798,2146
granulosa_5007,chr11,74466681,74468333,1652
granulosa_5008,chr11,74473394,74475024,1630
granulosa_5009,chr11,74492711,74494440,1729
granulosa_5010,chr11,74581779,74582696,917
granulosa_5011,chr11,74591514,74593546,2032
granulosa_5012,chr11,74672598,74673820,1222
granulosa_5013,chr11,74681111,74682549,1438
granulosa_5014,chr11,74682839,74684241,1402
granulosa_5015,chr11,74696465,74697731,1266
granulosa_5016,chr11,74707681,74708750,1069
granulosa_5017,chr11,74726286,74726899,613
granulosa_5018,chr11,74730555,74731824,1269
granulosa_5019,chr11,74748053,74749873,1820
granulosa_5020,chr11,74948447,74950355,1908
granulosa_5021,chr11,74988183,74989642,1459
granulosa_5022,chr11,75195012,75195776,764
granulosa_5023,chr11,75214061,75215081,1020
granulosa_5024,chr11,75240189,75242330,2141
granulosa_5025,chr11,75248285,75249020,735
granulosa_5026,chr11,75339773,75341093,1320
granulosa_5027,chr11,75342936,75343728,792
granulosa_5028,chr11,75350518,75352662,2144
granulosa_5029,chr11,75399009,75401326,2317
granulosa_5030,chr11,75428069,75428612,543
granulosa_5031,chr11,75429667,75431179,1512
granulosa_5032,chr11,75524674,75526651,1977
granulosa_5033,chr11,75539188,75540514,1326
granulosa_5034,chr11,75547371,75548265,894
granulosa_5035,chr11,75553951,75554999,1048
granulosa_5036,chr11,75561607,75563626,2019
granulosa_5037,chr11,75563864,75564422,558
granulosa_5038,chr11,75582289,75584497,2208
granulosa_5039,chr11,75592755,75594875,2120
granulosa_5040,chr11,75667030,75669159,2129
granulosa_5041,chr11,75768011,75769802,1791
granulosa_5042,chr11,75814101,75816278,2177
granulosa_5043,chr11,76185414,76187121,1707
granulosa_5044,chr11,76206258,76206941,683
granulosa_5045,chr11,76207502,76207937,435
granulosa_5046,chr11,76208532,76209922,1390
granulosa_5047,chr11,76210014,76211067,1053
granulosa_5048,chr11,76234248,76236699,2451
granulosa_5049,chr11,76281265,76283527,2262
granulosa_5050,chr11,76380017,76381854,1837
granulosa_5051,chr11,76443437,76446095,2658
granulosa_5052,chr11,76602261,76602921,660
granulosa_5053,chr11,76610407,76611482,1075
granulosa_5054,chr11,76669793,76671394,1601
granulosa_5055,chr11,76751983,76754121,2138
granulosa_5056,chr11,76765592,76766402,810
granulosa_5057,chr11,76767793,76769388,1595
granulosa_5058,chr11,76782377,76784859,2482
granulosa_5059,chr11,76798239,76799647,1408
granulosa_5060,chr11,76860231,76861938,1707
granulosa_5061,chr11,76962249,76963663,1414
granulosa_5062,chr11,77039224,77040672,1448
granulosa_5063,chr11,77045828,77046520,692
granulosa_5064,chr11,77046963,77048006,1043
granulosa_5065,chr11,77052449,77054456,2007
granulosa_5066,chr11,77065805,77067794,1989
granulosa_5067,chr11,77126128,77128544,2416
granulosa_5068,chr11,77130928,77131622,694
granulosa_5069,chr11,77139952,77140900,948
granulosa_5070,chr11,77147514,77148558,1044
granulosa_5071,chr11,77191367,77192475,1108
granulosa_5072,chr11,77410911,77412316,1405
granulosa_5073,chr11,77472746,77474781,2035
granulosa_5074,chr11,77570687,77572690,2003
granulosa_5075,chr11,77588719,77590937,2218
granulosa_5076,chr11,77636459,77638176,1717
granulosa_5077,chr11,77819131,77821886,2755
granulosa_5078,chr11,77993721,77995347,1626
granulosa_5079,chr11,78022037,78023643,1606
granulosa_5080,chr11,78030015,78031120,1105
granulosa_5081,chr11,78038627,78040378,1751
granulosa_5082,chr11,78045444,78046694,1250
granulosa_5083,chr11,78078485,78080252,1767
granulosa_5084,chr11,78138851,78140663,1812
granulosa_5085,chr11,78187275,78189239,1964
granulosa_5086,chr11,78364863,78365967,1104
granulosa_5087,chr11,78416223,78418574,2351
granulosa_5088,chr11,78573473,78575469,1996
granulosa_5089,chr11,78961171,78962767,1596
granulosa_5090,chr11,79082543,79083728,1185
granulosa_5091,chr11,79436995,79438561,1566
granulosa_5092,chr11,79438569,79441846,3277
granulosa_5093,chr11,79852015,79853801,1786
granulosa_5094,chr11,82695459,82696082,623
granulosa_5095,chr11,82732344,82734174,1830
granulosa_5096,chr11,82790658,82792136,1478
granulosa_5097,chr11,82899233,82901935,2702
granulosa_5098,chr11,83070176,83073076,2900
granulosa_5099,chr11,83156053,83158508,2455
granulosa_5100,chr11,83192773,83194932,2159
granulosa_5101,chr11,83284807,83286714,1907
granulosa_5102,chr11,83723909,83725557,1648
granulosa_5103,chr11,85627084,85629190,2106
granulosa_5104,chr11,85642948,85643966,1018
granulosa_5105,chr11,85647164,85648492,1328
granulosa_5106,chr11,85663061,85665386,2325
granulosa_5107,chr11,85682389,85683100,711
granulosa_5108,chr11,85684909,85686548,1639
granulosa_5109,chr11,85809811,85811816,2005
granulosa_5110,chr11,85854302,85855849,1547
granulosa_5111,chr11,86041307,86042287,980
granulosa_5112,chr11,86067195,86070106,2911
granulosa_5113,chr11,86244066,86246104,2038
granulosa_5114,chr11,86301610,86303459,1849
granulosa_5115,chr11,86374122,86375344,1222
granulosa_5116,chr11,86422411,86424250,1839
granulosa_5117,chr11,86517833,86519900,2067
granulosa_5118,chr11,86523820,86525010,1190
granulosa_5119,chr11,86606361,86608729,2368
granulosa_5120,chr11,86671008,86672746,1738
granulosa_5121,chr11,86799553,86801501,1948
granulosa_5122,chr11,86938665,86941686,3021
granulosa_5123,chr11,86954184,86956670,2486
granulosa_5124,chr11,87037025,87038606,1581
granulosa_5125,chr11,88174460,88175934,1474
granulosa_5126,chr11,88250336,88251703,1367
granulosa_5127,chr11,88336702,88338754,2052
granulosa_5128,chr11,88508231,88509665,1434
granulosa_5129,chr11,89490628,89492131,1503
granulosa_5130,chr11,90133806,90135722,1916
granulosa_5131,chr11,90221822,90223610,1788
granulosa_5132,chr11,90234441,90235895,1454
granulosa_5133,chr11,91163414,91164801,1387
granulosa_5134,chr11,91867803,91868866,1063
granulosa_5135,chr11,91931429,91932882,1453
granulosa_5136,chr11,92224003,92227499,3496
granulosa_5137,chr11,92494764,92495797,1033
granulosa_5138,chr11,92804038,92805099,1061
granulosa_5139,chr11,93196804,93198597,1793
granulosa_5140,chr11,93236406,93237567,1161
granulosa_5141,chr11,93329821,93331033,1212
granulosa_5142,chr11,93541813,93543972,2159
granulosa_5143,chr11,93660822,93662269,1447
granulosa_5144,chr11,93739964,93742286,2322
granulosa_5145,chr11,93783671,93785319,1648
granulosa_5146,chr11,93849552,93850717,1165
granulosa_5147,chr11,93973019,93974110,1091
granulosa_5148,chr11,94128064,94130270,2206
granulosa_5149,chr11,94400702,94402089,1387
granulosa_5150,chr11,94492623,94494601,1978
granulosa_5151,chr11,94511904,94512968,1064
granulosa_5152,chr11,94543446,94545750,2304
granulosa_5153,chr11,94739896,94741701,1805
granulosa_5154,chr11,94767556,94770226,2670
granulosa_5155,chr11,94789144,94790213,1069
granulosa_5156,chr11,94972835,94974266,1431
granulosa_5157,chr11,95066550,95068901,2351
granulosa_5158,chr11,95074468,95075684,1216
granulosa_5159,chr11,95076280,95077373,1093
granulosa_5160,chr11,95088967,95090662,1695
granulosa_5161,chr11,95134333,95135451,1118
granulosa_5162,chr11,95149484,95151871,2387
granulosa_5163,chr11,95229941,95232650,2709
granulosa_5164,chr11,95253822,95255957,2135
granulosa_5165,chr11,95295983,95297149,1166
granulosa_5166,chr11,95337020,95339897,2877
granulosa_5167,chr11,95644483,95645753,1270
granulosa_5168,chr11,95704737,95705905,1168
granulosa_5169,chr11,95788684,95791482,2798
granulosa_5170,chr11,95923064,95924703,1639
granulosa_5171,chr11,96242362,96243907,1545
granulosa_5172,chr11,96306131,96308061,1930
granulosa_5173,chr11,96341319,96343590,2271
granulosa_5174,chr11,96388768,96390660,1892
granulosa_5175,chr11,96463670,96465127,1457
granulosa_5176,chr11,96815386,96817802,2416
granulosa_5177,chr11,97636546,97637948,1402
granulosa_5178,chr11,97739530,97741089,1559
granulosa_5179,chr11,98379607,98380617,1010
granulosa_5180,chr11,99019498,99021421,1923
granulosa_5181,chr11,99069647,99070431,784
granulosa_5182,chr11,100403217,100404743,1526
granulosa_5183,chr11,100686209,100688123,1914
granulosa_5184,chr11,101126745,101129963,3218
granulosa_5185,chr11,101582203,101584402,2199
granulosa_5186,chr11,101914185,101916007,1822
granulosa_5187,chr11,102046689,102048418,1729
granulosa_5188,chr11,102109464,102112354,2890
granulosa_5189,chr11,102267517,102269385,1868
granulosa_5190,chr11,102287520,102290056,2536
granulosa_5191,chr11,102317009,102317949,940
granulosa_5192,chr11,102345762,102348353,2591
granulosa_5193,chr11,102384318,102385857,1539
granulosa_5194,chr11,102451142,102453560,2418
granulosa_5195,chr11,103090914,103092634,1720
granulosa_5196,chr11,103108915,103110302,1387
granulosa_5197,chr11,104162992,104164563,1571
granulosa_5198,chr11,104528708,104530009,1301
granulosa_5199,chr11,104967525,104969666,2141
granulosa_5200,chr11,105609199,105612262,3063
granulosa_5201,chr11,106021182,106023123,1941
granulosa_5202,chr11,106076185,106078426,2241
granulosa_5203,chr11,107017145,107019476,2331
granulosa_5204,chr11,107456832,107458326,1494
granulosa_5205,chr11,107564775,107566082,1307
granulosa_5206,chr11,107590479,107592466,1987
granulosa_5207,chr11,107833239,107834435,1196
granulosa_5208,chr11,107857760,107859958,2198
granulosa_5209,chr11,107927525,107929414,1889
granulosa_5210,chr11,108008464,108010489,2025
granulosa_5211,chr11,108115201,108116174,973
granulosa_5212,chr11,108121011,108122493,1482
granulosa_5213,chr11,108220961,108223923,2962
granulosa_5214,chr11,108400592,108402243,1651
granulosa_5215,chr11,108466436,108468402,1966
granulosa_5216,chr11,108496935,108498756,1821
granulosa_5217,chr11,108592429,108594282,1853
granulosa_5218,chr11,108664241,108665539,1298
granulosa_5219,chr11,109421796,109423930,2134
granulosa_5220,chr11,109676843,109678379,1536
granulosa_5221,chr11,109945912,109946915,1003
granulosa_5222,chr11,110091924,110094301,2377
granulosa_5223,chr11,110295508,110297156,1648
granulosa_5224,chr11,110365997,110367803,1806
granulosa_5225,chr11,110376415,110377419,1004
granulosa_5226,chr11,110429385,110431608,2223
granulosa_5227,chr11,110530412,110531916,1504
granulosa_5228,chr11,110564552,110566225,1673
granulosa_5229,chr11,110710314,110713677,3363
granulosa_5230,chr11,110762653,110764308,1655
granulosa_5231,chr11,110921224,110922352,1128
granulosa_5232,chr11,111229695,111230806,1111
granulosa_5233,chr11,111298444,111300018,1574
granulosa_5234,chr11,111331568,111333104,1536
granulosa_5235,chr11,111416909,111418173,1264
granulosa_5236,chr11,111422644,111423354,710
granulosa_5237,chr11,111539505,111542143,2638
granulosa_5238,chr11,111601692,111603714,2022
granulosa_5239,chr11,111765248,111767282,2034
granulosa_5240,chr11,111870582,111872038,1456
granulosa_5241,chr11,111878084,111879877,1793
granulosa_5242,chr11,111926221,111927672,1451
granulosa_5243,chr11,111936614,111938393,1779
granulosa_5244,chr11,111976498,111978728,2230
granulosa_5245,chr11,112024108,112026069,1961
granulosa_5246,chr11,112073467,112075005,1538
granulosa_5247,chr11,112085883,112087420,1537
granulosa_5248,chr11,112174726,112175967,1241
granulosa_5249,chr11,112225859,112227395,1536
granulosa_5250,chr11,112249770,112250989,1219
granulosa_5251,chr11,112253100,112253926,826
granulosa_5252,chr11,112279773,112280881,1108
granulosa_5253,chr11,112289600,112290879,1279
granulosa_5254,chr11,112321383,112322760,1377
granulosa_5255,chr11,112784020,112786204,2184
granulosa_5256,chr11,112881182,112881998,816
granulosa_5257,chr11,112960886,112963659,2773
granulosa_5258,chr11,113135131,113136044,913
granulosa_5259,chr11,113161364,113162900,1536
granulosa_5260,chr11,113193497,113194666,1169
granulosa_5261,chr11,113313999,113315314,1315
granulosa_5262,chr11,113401370,113402096,726
granulosa_5263,chr11,113474125,113475753,1628
granulosa_5264,chr11,113772850,113774213,1363
granulosa_5265,chr11,113874534,113876089,1555
granulosa_5266,chr11,113974707,113975688,981
granulosa_5267,chr11,114035653,114036760,1107
granulosa_5268,chr11,114056849,114058488,1639
granulosa_5269,chr11,114058898,114061713,2815
granulosa_5270,chr11,114159522,114160695,1173
granulosa_5271,chr11,114162454,114164176,1722
granulosa_5272,chr11,114178727,114180773,2046
granulosa_5273,chr11,114232459,114234019,1560
granulosa_5274,chr11,114243517,114245334,1817
granulosa_5275,chr11,114399595,114401107,1512
granulosa_5276,chr11,114439062,114440715,1653
granulosa_5277,chr11,114775496,114776732,1236
granulosa_5278,chr11,115496720,115497754,1034
granulosa_5279,chr11,115501949,115505546,3597
granulosa_5280,chr11,115589361,115590718,1357
granulosa_5281,chr11,115605839,115608262,2423
granulosa_5282,chr11,115658473,115660777,2304
granulosa_5283,chr11,115695183,115697225,2042
granulosa_5284,chr11,115759088,115761233,2145
granulosa_5285,chr11,116096033,116097263,1230
granulosa_5286,chr11,116111765,116112646,881
granulosa_5287,chr11,116192685,116194461,1776
granulosa_5288,chr11,116312431,116313559,1128
granulosa_5289,chr11,116357463,116358568,1105
granulosa_5290,chr11,116387421,116388734,1313
granulosa_5291,chr11,116427468,116428756,1288
granulosa_5292,chr11,116499223,116501490,2267
granulosa_5293,chr11,116578976,116581286,2310
granulosa_5294,chr11,116731984,116733054,1070
granulosa_5295,chr11,116771850,116773759,1909
granulosa_5296,chr11,116787037,116788530,1493
granulosa_5297,chr11,116835073,116836523,1450
granulosa_5298,chr11,116928447,116930717,2270
granulosa_5299,chr11,117042160,117043336,1176
granulosa_5300,chr11,117097168,117099301,2133
granulosa_5301,chr11,117099624,117100108,484
granulosa_5302,chr11,117143305,117145947,2642
granulosa_5303,chr11,117177981,117180434,2453
granulosa_5304,chr11,117198716,117199843,1127
granulosa_5305,chr11,117231391,117233800,2409
granulosa_5306,chr11,117299015,117301215,2200
granulosa_5307,chr11,117314101,117316685,2584
granulosa_5308,chr11,117327344,117329218,1874
granulosa_5309,chr11,117442875,117445564,2689
granulosa_5310,chr11,117457203,117459000,1797
granulosa_5311,chr11,117527172,117529142,1970
granulosa_5312,chr11,117663181,117664333,1152
granulosa_5313,chr11,117795661,117797575,1914
granulosa_5314,chr11,117808867,117809850,983
granulosa_5315,chr11,117816043,117818445,2402
granulosa_5316,chr11,117823222,117825189,1967
granulosa_5317,chr11,117833175,117834269,1094
granulosa_5318,chr11,117837416,117838820,1404
granulosa_5319,chr11,117857715,117858368,653
granulosa_5320,chr11,117874254,117877715,3461
granulosa_5321,chr11,117884947,117886404,1457
granulosa_5322,chr11,117906912,117907635,723
granulosa_5323,chr11,117909444,117910733,1289
granulosa_5324,chr11,117946257,117947452,1195
granulosa_5325,chr11,117985575,117986753,1178
granulosa_5326,chr11,118144666,118146404,1738
granulosa_5327,chr11,118152073,118153675,1602
granulosa_5328,chr11,118174735,118176770,2035
granulosa_5329,chr11,118251638,118252755,1117
granulosa_5330,chr11,118358899,118360231,1332
granulosa_5331,chr11,118400385,118402601,2216
granulosa_5332,chr11,118434421,118438040,3619
granulosa_5333,chr11,118438374,118438975,601
granulosa_5334,chr11,118521958,118523093,1135
granulosa_5335,chr11,118530180,118532057,1877
granulosa_5336,chr11,118564677,118566306,1629
granulosa_5337,chr11,118571734,118573427,1693
granulosa_5338,chr11,118607289,118608878,1589
granulosa_5339,chr11,118615185,118615676,491
granulosa_5340,chr11,118617946,118619833,1887
granulosa_5341,chr11,118620819,118623610,2791
granulosa_5342,chr11,118634021,118635601,1580
granulosa_5343,chr11,118658416,118660016,1600
granulosa_5344,chr11,118688228,118690629,2401
granulosa_5345,chr11,118714743,118716296,1553
granulosa_5346,chr11,118789781,118793125,3344
granulosa_5347,chr11,118869484,118871006,1522
granulosa_5348,chr11,118906973,118907358,385
granulosa_5349,chr11,118908864,118911444,2580
granulosa_5350,chr11,118917501,118918753,1252
granulosa_5351,chr11,118919038,118920131,1093
granulosa_5352,chr11,118924566,118925001,435
granulosa_5353,chr11,118925436,118926182,746
granulosa_5354,chr11,118927959,118930603,2644
granulosa_5355,chr11,118996920,118999262,2342
granulosa_5356,chr11,119017894,119019550,1656
granulosa_5357,chr11,119029126,119031172,2046
granulosa_5358,chr11,119055899,119058064,2165
granulosa_5359,chr11,119066807,119068171,1364
granulosa_5360,chr11,119084395,119085814,1419
granulosa_5361,chr11,119093860,119095885,2025
granulosa_5362,chr11,119101046,119102889,1843
granulosa_5363,chr11,119103872,119104425,553
granulosa_5364,chr11,119106525,119108516,1991
granulosa_5365,chr11,119120514,119122347,1833
granulosa_5366,chr11,119148734,119150266,1532
granulosa_5367,chr11,119168270,119169727,1457
granulosa_5368,chr11,119205045,119207445,2400
granulosa_5369,chr11,119314941,119317634,2693
granulosa_5370,chr11,119319697,119321888,2191
granulosa_5371,chr11,119333858,119334981,1123
granulosa_5372,chr11,119339563,119341954,2391
granulosa_5373,chr11,119352728,119353391,663
granulosa_5374,chr11,119356094,119357394,1300
granulosa_5375,chr11,119360886,119361940,1054
granulosa_5376,chr11,119362920,119364488,1568
granulosa_5377,chr11,119380846,119382325,1479
granulosa_5378,chr11,119421403,119423778,2375
granulosa_5379,chr11,119505532,119506719,1187
granulosa_5380,chr11,119584006,119585690,1684
granulosa_5381,chr11,119666222,119667278,1056
granulosa_5382,chr11,119670947,119672283,1336
granulosa_5383,chr11,119683824,119685614,1790
granulosa_5384,chr11,119705525,119706525,1000
granulosa_5385,chr11,119709293,119710300,1007
granulosa_5386,chr11,119727451,119730304,2853
granulosa_5387,chr11,119741292,119743315,2023
granulosa_5388,chr11,119862878,119864646,1768
granulosa_5389,chr11,120168528,120170213,1685
granulosa_5390,chr11,120184123,120186308,2185
granulosa_5391,chr11,120209841,120212133,2292
granulosa_5392,chr11,120324729,120326482,1753
granulosa_5393,chr11,120330998,120331916,918
granulosa_5394,chr11,120335523,120337730,2207
granulosa_5395,chr11,120510887,120512373,1486
granulosa_5396,chr11,120526863,120527862,999
granulosa_5397,chr11,120547056,120548463,1407
granulosa_5398,chr11,120563106,120565724,2618
granulosa_5399,chr11,120985648,120986572,924
granulosa_5400,chr11,121023544,121025286,1742
granulosa_5401,chr11,121291898,121293650,1752
granulosa_5402,chr11,121352016,121353085,1069
granulosa_5403,chr11,121389359,121390285,926
granulosa_5404,chr11,121451266,121453084,1818
granulosa_5405,chr11,121465158,121467177,2019
granulosa_5406,chr11,121571382,121573100,1718
granulosa_5407,chr11,121654615,121657285,2670
granulosa_5408,chr11,121670185,121673011,2826
granulosa_5409,chr11,121721902,121723835,1933
granulosa_5410,chr11,121741015,121742668,1653
granulosa_5411,chr11,121800333,121801660,1327
granulosa_5412,chr11,121928524,121930654,2130
granulosa_5413,chr11,121961089,121962557,1468
granulosa_5414,chr11,122099300,122100999,1699
granulosa_5415,chr11,122101254,122102366,1112
granulosa_5416,chr11,122202106,122203478,1372
granulosa_5417,chr11,122207207,122208607,1400
granulosa_5418,chr11,122439953,122442392,2439
granulosa_5419,chr11,122580041,122581485,1444
granulosa_5420,chr11,122655278,122657117,1839
granulosa_5421,chr11,122882269,122883855,1586
granulosa_5422,chr11,122981531,122982102,571
granulosa_5423,chr11,122983648,122985028,1380
granulosa_5424,chr11,123053923,123055907,1984
granulosa_5425,chr11,123061359,123063524,2165
granulosa_5426,chr11,123100324,123102083,1759
granulosa_5427,chr11,123165768,123166771,1003
granulosa_5428,chr11,123193899,123196601,2702
granulosa_5429,chr11,123301004,123302495,1491
granulosa_5430,chr11,123357795,123358857,1062
granulosa_5431,chr11,123427972,123428619,647
granulosa_5432,chr11,123429576,123431474,1898
granulosa_5433,chr11,123450081,123451542,1461
granulosa_5434,chr11,123478105,123478940,835
granulosa_5435,chr11,123510637,123511575,938
granulosa_5436,chr11,123518673,123520282,1609
granulosa_5437,chr11,123559471,123562483,3012
granulosa_5438,chr11,123580393,123581257,864
granulosa_5439,chr11,123653535,123655627,2092
granulosa_5440,chr11,123740137,123742719,2582
granulosa_5441,chr11,123796684,123798848,2164
granulosa_5442,chr11,123822066,123823361,1295
granulosa_5443,chr11,123899500,123900413,913
granulosa_5444,chr11,123904439,123906867,2428
granulosa_5445,chr11,124114838,124116553,1715
granulosa_5446,chr11,124622226,124624218,1992
granulosa_5447,chr11,124643163,124644915,1752
granulosa_5448,chr11,124672742,124674519,1777
granulosa_5449,chr11,124717457,124719361,1904
granulosa_5450,chr11,124739153,124740846,1693
granulosa_5451,chr11,124745243,124747277,2034
granulosa_5452,chr11,124758171,124760620,2449
granulosa_5453,chr11,124762005,124763808,1803
granulosa_5454,chr11,124798846,124801256,2410
granulosa_5455,chr11,124836538,124837771,1233
granulosa_5456,chr11,124839056,124840215,1159
granulosa_5457,chr11,124842187,124843547,1360
granulosa_5458,chr11,124875852,124876988,1136
granulosa_5459,chr11,124920497,124921662,1165
granulosa_5460,chr11,124953111,124954746,1635
granulosa_5461,chr11,125062469,125064076,1607
granulosa_5462,chr11,125090932,125092498,1566
granulosa_5463,chr11,125110499,125112170,1671
granulosa_5464,chr11,125163993,125166011,2018
granulosa_5465,chr11,125170005,125171102,1097
granulosa_5466,chr11,125201159,125202721,1562
granulosa_5467,chr11,125211438,125212413,975
granulosa_5468,chr11,125223592,125225059,1467
granulosa_5469,chr11,125262861,125264042,1181
granulosa_5470,chr11,125275735,125276979,1244
granulosa_5471,chr11,125313514,125316040,2526
granulosa_5472,chr11,125350511,125352157,1646
granulosa_5473,chr11,125370521,125372059,1538
granulosa_5474,chr11,125375570,125376634,1064
granulosa_5475,chr11,125381270,125382792,1522
granulosa_5476,chr11,125390586,125391853,1267
granulosa_5477,chr11,125398395,125400045,1650
granulosa_5478,chr11,125404148,125405201,1053
granulosa_5479,chr11,125408025,125408816,791
granulosa_5480,chr11,125483092,125484428,1336
granulosa_5481,chr11,125494365,125496799,2434
granulosa_5482,chr11,125516257,125517732,1475
granulosa_5483,chr11,125568839,125570692,1853
granulosa_5484,chr11,125591613,125593759,2146
granulosa_5485,chr11,125625128,125627241,2113
granulosa_5486,chr11,125684989,125686148,1159
granulosa_5487,chr11,125886788,125888515,1727
granulosa_5488,chr11,125902436,125904798,2362
granulosa_5489,chr11,125925074,125926253,1179
granulosa_5490,chr11,126059197,126059706,509
granulosa_5491,chr11,126060889,126063615,2726
granulosa_5492,chr11,126079397,126080861,1464
granulosa_5493,chr11,126083416,126084769,1353
granulosa_5494,chr11,126100571,126101976,1405
granulosa_5495,chr11,126102262,126103451,1189
granulosa_5496,chr11,126113209,126113947,738
granulosa_5497,chr11,126115628,126116369,741
granulosa_5498,chr11,126123656,126124815,1159
granulosa_5499,chr11,126127333,126128479,1146
granulosa_5500,chr11,126138983,126141394,2411
granulosa_5501,chr11,126162608,126163776,1168
granulosa_5502,chr11,126210806,126212812,2006
granulosa_5503,chr11,126267971,126269656,1685
granulosa_5504,chr11,126282168,126283811,1643
granulosa_5505,chr11,126303342,126304965,1623
granulosa_5506,chr11,126345360,126346784,1424
granulosa_5507,chr11,126354848,126356854,2006
granulosa_5508,chr11,126365744,126367181,1437
granulosa_5509,chr11,126414732,126417379,2647
granulosa_5510,chr11,126440100,126441566,1466
granulosa_5511,chr11,126465325,126466558,1233
granulosa_5512,chr11,126543457,126545329,1872
granulosa_5513,chr11,126585408,126586664,1256
granulosa_5514,chr11,126606555,126609055,2500
granulosa_5515,chr11,126628231,126629640,1409
granulosa_5516,chr11,126989837,126990927,1090
granulosa_5517,chr11,126999991,127001259,1268
granulosa_5518,chr11,127002846,127004045,1199
granulosa_5519,chr11,128521290,128522976,1686
granulosa_5520,chr11,128548397,128549660,1263
granulosa_5521,chr11,128692772,128695205,2433
granulosa_5522,chr11,128859276,128860260,984
granulosa_5523,chr11,128890288,128892336,2048
granulosa_5524,chr11,128904545,128906412,1867
granulosa_5525,chr11,129278344,129280472,2128
granulosa_5526,chr11,129331029,129332301,1272
granulosa_5527,chr11,129375142,129376434,1292
granulosa_5528,chr11,129695322,129696392,1070
granulosa_5529,chr11,129750032,129751223,1191
granulosa_5530,chr11,129853400,129854646,1246
granulosa_5531,chr11,129861437,129862426,989
granulosa_5532,chr11,129894586,129896293,1707
granulosa_5533,chr11,130001288,130003832,2544
granulosa_5534,chr11,130068490,130071599,3109
granulosa_5535,chr11,130143876,130145567,1691
granulosa_5536,chr11,130159386,130161263,1877
granulosa_5537,chr11,130178221,130179329,1108
granulosa_5538,chr11,130181143,130182220,1077
granulosa_5539,chr11,130212528,130213655,1127
granulosa_5540,chr11,130313554,130316006,2452
granulosa_5541,chr11,130388747,130390809,2062
granulosa_5542,chr11,130426718,130429085,2367
granulosa_5543,chr11,130434335,130435299,964
granulosa_5544,chr11,130448017,130450420,2403
granulosa_5545,chr11,130653425,130654674,1249
granulosa_5546,chr11,130737462,130738664,1202
granulosa_5547,chr11,130861319,130862355,1036
granulosa_5548,chr11,130915617,130917216,1599
granulosa_5549,chr11,131195044,131196381,1337
granulosa_5550,chr11,131246039,131246942,903
granulosa_5551,chr11,131253083,131254517,1434
granulosa_5552,chr11,131673684,131674599,915
granulosa_5553,chr11,131694352,131695186,834
granulosa_5554,chr11,131910183,131911855,1672
granulosa_5555,chr11,132558942,132559994,1052
granulosa_5556,chr11,132942690,132944884,2194
granulosa_5557,chr11,133063750,133065191,1441
granulosa_5558,chr11,133082426,133083480,1054
granulosa_5559,chr11,133918152,133920304,2152
granulosa_5560,chr11,133946440,133947685,1245
granulosa_5561,chr11,133955363,133957633,2270
granulosa_5562,chr11,134033630,134035119,1489
granulosa_5563,chr11,134036336,134037932,1596
granulosa_5564,chr11,134050295,134051387,1092
granulosa_5565,chr11,134068682,134070230,1548
granulosa_5566,chr11,134223372,134225835,2463
granulosa_5567,chr11,134252248,134254290,2042
granulosa_5568,chr11,134275389,134277674,2285
granulosa_5569,chr11,134331032,134332801,1769
granulosa_5570,chr11,134411263,134413141,1878
granulosa_5571,chr11,134905128,134906614,1486
granulosa_5572,chr12,65769,67520,1751
granulosa_5573,chr12,86998,88367,1369
granulosa_5574,chr12,138516,140503,1987
granulosa_5575,chr12,171718,173638,1920
granulosa_5576,chr12,174404,175731,1327
granulosa_5577,chr12,187327,189533,2206
granulosa_5578,chr12,203042,204233,1191
granulosa_5579,chr12,219699,221533,1834
granulosa_5580,chr12,267732,269619,1887
granulosa_5581,chr12,387616,389987,2371
granulosa_5582,chr12,400885,402558,1673
granulosa_5583,chr12,459207,461137,1930
granulosa_5584,chr12,569432,571693,2261
granulosa_5585,chr12,642281,644048,1767
granulosa_5586,chr12,661983,664364,2381
granulosa_5587,chr12,750977,751698,721
granulosa_5588,chr12,751894,754755,2861
granulosa_5589,chr12,948531,950333,1802
granulosa_5590,chr12,989657,992329,2672
granulosa_5591,chr12,1529680,1531590,1910
granulosa_5592,chr12,1575039,1577918,2879
granulosa_5593,chr12,1592445,1595570,3125
granulosa_5594,chr12,1604781,1606447,1666
granulosa_5595,chr12,1628530,1631544,3014
granulosa_5596,chr12,1661420,1662300,880
granulosa_5597,chr12,1690027,1691826,1799
granulosa_5598,chr12,1795616,1797873,2257
granulosa_5599,chr12,1819660,1822259,2599
granulosa_5600,chr12,1830554,1831557,1003
granulosa_5601,chr12,1916206,1918834,2628
granulosa_5602,chr12,1936052,1937376,1324
granulosa_5603,chr12,2003462,2004979,1517
granulosa_5604,chr12,2034387,2035713,1326
granulosa_5605,chr12,2051770,2054629,2859
granulosa_5606,chr12,2690658,2692228,1570
granulosa_5607,chr12,2752391,2753410,1019
granulosa_5608,chr12,2794013,2796578,2565
granulosa_5609,chr12,2812091,2813893,1802
granulosa_5610,chr12,2833387,2835933,2546
granulosa_5611,chr12,2844821,2846571,1750
granulosa_5612,chr12,2876465,2878696,2231
granulosa_5613,chr12,2889866,2891653,1787
granulosa_5614,chr12,2902049,2902840,791
granulosa_5615,chr12,2958370,2961181,2811
granulosa_5616,chr12,2998392,2999978,1586
granulosa_5617,chr12,3032413,3034492,2079
granulosa_5618,chr12,3076474,3078178,1704
granulosa_5619,chr12,3097009,3098157,1148
granulosa_5620,chr12,3106540,3107563,1023
granulosa_5621,chr12,3119402,3120697,1295
granulosa_5622,chr12,3129737,3131619,1882
granulosa_5623,chr12,3148316,3150246,1930
granulosa_5624,chr12,3199157,3201113,1956
granulosa_5625,chr12,3202832,3204027,1195
granulosa_5626,chr12,3212853,3213943,1090
granulosa_5627,chr12,3218040,3219595,1555
granulosa_5628,chr12,3230713,3232101,1388
granulosa_5629,chr12,3261828,3262995,1167
granulosa_5630,chr12,3299723,3301093,1370
granulosa_5631,chr12,3365244,3366768,1524
granulosa_5632,chr12,3490792,3493880,3088
granulosa_5633,chr12,3604385,3605823,1438
granulosa_5634,chr12,3646503,3647318,815
granulosa_5635,chr12,3684288,3685245,957
granulosa_5636,chr12,3752050,3754130,2080
granulosa_5637,chr12,3872392,3873680,1288
granulosa_5638,chr12,4030715,4032008,1293
granulosa_5639,chr12,4164206,4165371,1165
granulosa_5640,chr12,4268642,4269971,1329
granulosa_5641,chr12,4270830,4271336,506
granulosa_5642,chr12,4271655,4272974,1319
granulosa_5643,chr12,4273445,4273900,455
granulosa_5644,chr12,4276848,4277253,405
granulosa_5645,chr12,4277696,4278893,1197
granulosa_5646,chr12,4307510,4308825,1315
granulosa_5647,chr12,4320314,4322002,1688
granulosa_5648,chr12,4537913,4539184,1271
granulosa_5649,chr12,4561509,4562820,1311
granulosa_5650,chr12,4604462,4605242,780
granulosa_5651,chr12,4647979,4649902,1923
granulosa_5652,chr12,4808686,4810435,1749
granulosa_5653,chr12,4857465,4858757,1292
granulosa_5654,chr12,4908581,4911490,2909
granulosa_5655,chr12,5042901,5044569,1668
granulosa_5656,chr12,5431748,5434190,2442
granulosa_5657,chr12,5944312,5945919,1607
granulosa_5658,chr12,6181699,6182779,1080
granulosa_5659,chr12,6193475,6194465,990
granulosa_5660,chr12,6195511,6196125,614
granulosa_5661,chr12,6199287,6201658,2371
granulosa_5662,chr12,6215631,6216843,1212
granulosa_5663,chr12,6272273,6275005,2732
granulosa_5664,chr12,6278043,6279265,1222
granulosa_5665,chr12,6310073,6311313,1240
granulosa_5666,chr12,6334734,6337094,2360
granulosa_5667,chr12,6340281,6342282,2001
granulosa_5668,chr12,6363127,6364304,1177
granulosa_5669,chr12,6374986,6377693,2707
granulosa_5670,chr12,6383263,6384647,1384
granulosa_5671,chr12,6423359,6424091,732
granulosa_5672,chr12,6430128,6431178,1050
granulosa_5673,chr12,6450471,6453172,2701
granulosa_5674,chr12,6469793,6471346,1553
granulosa_5675,chr12,6492717,6494654,1937
granulosa_5676,chr12,6532505,6535583,3078
granulosa_5677,chr12,6537690,6538095,405
granulosa_5678,chr12,6539961,6541066,1105
granulosa_5679,chr12,6554061,6554751,690
granulosa_5680,chr12,6554903,6556407,1504
granulosa_5681,chr12,6567281,6568722,1441
granulosa_5682,chr12,6569106,6570597,1491
granulosa_5683,chr12,6605464,6608671,3207
granulosa_5684,chr12,6612821,6614578,1757
granulosa_5685,chr12,6617691,6618026,335
granulosa_5686,chr12,6646649,6647627,978
granulosa_5687,chr12,6662344,6663615,1271
granulosa_5688,chr12,6688230,6690059,1829
granulosa_5689,chr12,6699662,6701143,1481
granulosa_5690,chr12,6723463,6724911,1448
granulosa_5691,chr12,6752008,6754277,2269
granulosa_5692,chr12,6763698,6764722,1024
granulosa_5693,chr12,6765514,6767291,1777
granulosa_5694,chr12,6777983,6779428,1445
granulosa_5695,chr12,6820978,6822487,1509
granulosa_5696,chr12,6825309,6825888,579
granulosa_5697,chr12,6827961,6830005,2044
granulosa_5698,chr12,6850884,6853423,2539
granulosa_5699,chr12,6866760,6868316,1556
granulosa_5700,chr12,6869237,6869660,423
granulosa_5701,chr12,6872142,6874037,1895
granulosa_5702,chr12,6890614,6891912,1298
granulosa_5703,chr12,6904275,6905401,1126
granulosa_5704,chr12,6913743,6915854,2111
granulosa_5705,chr12,6924245,6924630,385
granulosa_5706,chr12,6924821,6926495,1674
granulosa_5707,chr12,6926938,6929083,2145
granulosa_5708,chr12,6936510,6938353,1843
granulosa_5709,chr12,6943242,6944920,1678
granulosa_5710,chr12,6945950,6946952,1002
granulosa_5711,chr12,6960666,6964171,3505
granulosa_5712,chr12,6964869,6965412,543
granulosa_5713,chr12,6969835,6971569,1734
granulosa_5714,chr12,7017805,7019523,1718
granulosa_5715,chr12,7060075,7061405,1330
granulosa_5716,chr12,7091541,7092808,1267
granulosa_5717,chr12,7107661,7109509,1848
granulosa_5718,chr12,7129320,7131684,2364
granulosa_5719,chr12,7188365,7190529,2164
granulosa_5720,chr12,7637715,7639050,1335
granulosa_5721,chr12,7730674,7731972,1298
granulosa_5722,chr12,7890299,7891391,1092
granulosa_5723,chr12,7904744,7906663,1919
granulosa_5724,chr12,7933006,7933768,762
granulosa_5725,chr12,7935255,7936609,1354
granulosa_5726,chr12,7959632,7961226,1594
granulosa_5727,chr12,7969905,7971865,1960
granulosa_5728,chr12,8018337,8019527,1190
granulosa_5729,chr12,8025689,8027406,1717
granulosa_5730,chr12,8032037,8033902,1865
granulosa_5731,chr12,8038319,8039234,915
granulosa_5732,chr12,8080905,8082834,1929
granulosa_5733,chr12,8179810,8181120,1310
granulosa_5734,chr12,8242205,8244246,2041
granulosa_5735,chr12,8389465,8390818,1353
granulosa_5736,chr12,8396113,8397009,896
granulosa_5737,chr12,8680596,8682754,2158
granulosa_5738,chr12,8687479,8688522,1043
granulosa_5739,chr12,8696541,8698826,2285
granulosa_5740,chr12,8844313,8845574,1261
granulosa_5741,chr12,8912956,8915646,2690
granulosa_5742,chr12,8948637,8950730,2093
granulosa_5743,chr12,9063776,9065543,1767
granulosa_5744,chr12,9447487,9449024,1537
granulosa_5745,chr12,9646788,9649022,2234
granulosa_5746,chr12,10153048,10154372,1324
granulosa_5747,chr12,10211990,10214426,2436
granulosa_5748,chr12,10362651,10365645,2994
granulosa_5749,chr12,10368034,10368899,865
granulosa_5750,chr12,10612708,10614499,1791
granulosa_5751,chr12,10673435,10674512,1077
granulosa_5752,chr12,10721634,10723776,2142
granulosa_5753,chr12,10749655,10750543,888
granulosa_5754,chr12,11170630,11172518,1888
granulosa_5755,chr12,11499977,11501158,1181
granulosa_5756,chr12,11648552,11651290,2738
granulosa_5757,chr12,11705784,11708522,2738
granulosa_5758,chr12,11812030,11813903,1873
granulosa_5759,chr12,11862556,11864385,1829
granulosa_5760,chr12,11877097,11878698,1601
granulosa_5761,chr12,12032135,12033707,1572
granulosa_5762,chr12,12265285,12268002,2717
granulosa_5763,chr12,12333093,12334666,1573
granulosa_5764,chr12,12349155,12350734,1579
granulosa_5765,chr12,12356678,12358313,1635
granulosa_5766,chr12,12505557,12507471,1914
granulosa_5767,chr12,12526804,12528575,1771
granulosa_5768,chr12,12533152,12534512,1360
granulosa_5769,chr12,12560603,12563295,2692
granulosa_5770,chr12,12611085,12612747,1662
granulosa_5771,chr12,12695683,12697210,1527
granulosa_5772,chr12,12704223,12705096,873
granulosa_5773,chr12,12716022,12718671,2649
granulosa_5774,chr12,12723616,12726157,2541
granulosa_5775,chr12,12786445,12787854,1409
granulosa_5776,chr12,12791636,12792788,1152
granulosa_5777,chr12,12812679,12813728,1049
granulosa_5778,chr12,12890212,12892291,2079
granulosa_5779,chr12,12978981,12980288,1307
granulosa_5780,chr12,12999080,13001793,2713
granulosa_5781,chr12,13043836,13045274,1438
granulosa_5782,chr12,13100637,13102091,1454
granulosa_5783,chr12,13134885,13136204,1319
granulosa_5784,chr12,13255379,13256469,1090
granulosa_5785,chr12,13277633,13279037,1404
granulosa_5786,chr12,13389873,13391261,1388
granulosa_5787,chr12,13979908,13982351,2443
granulosa_5788,chr12,14257155,14258867,1712
granulosa_5789,chr12,14283568,14285096,1528
granulosa_5790,chr12,14365002,14366444,1442
granulosa_5791,chr12,14567126,14568840,1714
granulosa_5792,chr12,14627317,14630478,3161
granulosa_5793,chr12,14756078,14756940,862
granulosa_5794,chr12,14768916,14771309,2393
granulosa_5795,chr12,14773666,14775428,1762
granulosa_5796,chr12,14802463,14804365,1902
granulosa_5797,chr12,14884221,14884944,723
granulosa_5798,chr12,15220481,15221721,1240
granulosa_5799,chr12,15321930,15323785,1855
granulosa_5800,chr12,15589949,15590858,909
granulosa_5801,chr12,15787905,15790132,2227
granulosa_5802,chr12,15881592,15883771,2179
granulosa_5803,chr12,15910777,15911984,1207
granulosa_5804,chr12,16095089,16096913,1824
granulosa_5805,chr12,16347029,16348690,1661
granulosa_5806,chr12,16605433,16607280,1847
granulosa_5807,chr12,16880650,16881495,845
granulosa_5808,chr12,19129017,19131348,2331
granulosa_5809,chr12,19438932,19440938,2006
granulosa_5810,chr12,19846430,19848258,1828
granulosa_5811,chr12,19953218,19954333,1115
granulosa_5812,chr12,20367803,20370366,2563
granulosa_5813,chr12,21437091,21438457,1366
granulosa_5814,chr12,21500711,21502455,1744
granulosa_5815,chr12,21526790,21528217,1427
granulosa_5816,chr12,21656321,21658157,1836
granulosa_5817,chr12,21772915,21775889,2974
granulosa_5818,chr12,21940461,21942529,2068
granulosa_5819,chr12,22045974,22047260,1286
granulosa_5820,chr12,22333575,22335980,2405
granulosa_5821,chr12,22543214,22544912,1698
granulosa_5822,chr12,22624358,22626174,1816
granulosa_5823,chr12,22700199,22701773,1574
granulosa_5824,chr12,23948994,23951489,2495
granulosa_5825,chr12,24229063,24230713,1650
granulosa_5826,chr12,24560940,24564351,3411
granulosa_5827,chr12,24901852,24903995,2143
granulosa_5828,chr12,24923457,24925338,1881
granulosa_5829,chr12,24947742,24949522,1780
granulosa_5830,chr12,24975105,24976142,1037
granulosa_5831,chr12,25194104,25196072,1968
granulosa_5832,chr12,25249869,25252144,2275
granulosa_5833,chr12,25384535,25387811,3276
granulosa_5834,chr12,25583329,25585770,2441
granulosa_5835,chr12,25691576,25692829,1253
granulosa_5836,chr12,25957730,25959949,2219
granulosa_5837,chr12,26113721,26115275,1554
granulosa_5838,chr12,26122044,26123445,1401
granulosa_5839,chr12,26124412,26126795,2383
granulosa_5840,chr12,26195028,26196665,1637
granulosa_5841,chr12,26226304,26227823,1519
granulosa_5842,chr12,26303067,26304708,1641
granulosa_5843,chr12,26827495,26828501,1006
granulosa_5844,chr12,26831933,26834202,2269
granulosa_5845,chr12,26937370,26939641,2271
granulosa_5846,chr12,27013443,27014926,1483
granulosa_5847,chr12,27017060,27017833,773
granulosa_5848,chr12,27021822,27023478,1656
granulosa_5849,chr12,27192731,27194311,1580
granulosa_5850,chr12,27243620,27245509,1889
granulosa_5851,chr12,27332099,27333950,1851
granulosa_5852,chr12,27461767,27463224,1457
granulosa_5853,chr12,27463668,27464654,986
granulosa_5854,chr12,27523198,27525781,2583
granulosa_5855,chr12,27549084,27550474,1390
granulosa_5856,chr12,27709838,27711638,1800
granulosa_5857,chr12,27779244,27781429,2185
granulosa_5858,chr12,27817759,27819211,1452
granulosa_5859,chr12,27968915,27970934,2019
granulosa_5860,chr12,27974525,27976193,1668
granulosa_5861,chr12,28189892,28192062,2170
granulosa_5862,chr12,28854907,28856522,1615
granulosa_5863,chr12,29148158,29150082,1924
granulosa_5864,chr12,29380009,29381863,1854
granulosa_5865,chr12,29782264,29784621,2357
granulosa_5866,chr12,30518162,30519883,1721
granulosa_5867,chr12,30694043,30696577,2534
granulosa_5868,chr12,30753350,30755532,2182
granulosa_5869,chr12,30794890,30797208,2318
granulosa_5870,chr12,30822125,30823702,1577
granulosa_5871,chr12,30851092,30852006,914
granulosa_5872,chr12,30925880,30927566,1686
granulosa_5873,chr12,31073025,31074803,1778
granulosa_5874,chr12,31116945,31119947,3002
granulosa_5875,chr12,31322827,31323210,383
granulosa_5876,chr12,31323459,31326701,3242
granulosa_5877,chr12,31368568,31371547,2979
granulosa_5878,chr12,31589590,31591881,2291
granulosa_5879,chr12,31629275,31630605,1330
granulosa_5880,chr12,31640907,31642174,1267
granulosa_5881,chr12,31658278,31660056,1778
granulosa_5882,chr12,31728248,31729584,1336
granulosa_5883,chr12,31868733,31869656,923
granulosa_5884,chr12,31876603,31878303,1700
granulosa_5885,chr12,31958463,31960649,2186
granulosa_5886,chr12,32010205,32011601,1396
granulosa_5887,chr12,32038911,32040840,1929
granulosa_5888,chr12,32051392,32053048,1656
granulosa_5889,chr12,32105978,32108263,2285
granulosa_5890,chr12,32309446,32310918,1472
granulosa_5891,chr12,32398654,32400784,2130
granulosa_5892,chr12,32533865,32536084,2219
granulosa_5893,chr12,32671675,32672971,1296
granulosa_5894,chr12,32678659,32680581,1922
granulosa_5895,chr12,32754278,32757117,2839
granulosa_5896,chr12,32895619,32897583,1964
granulosa_5897,chr12,32916440,32917691,1251
granulosa_5898,chr12,32918958,32919957,999
granulosa_5899,chr12,33437695,33440184,2489
granulosa_5900,chr12,34021466,34023225,1759
granulosa_5901,chr12,34218216,34219752,1536
granulosa_5902,chr12,38315952,38317482,1530
granulosa_5903,chr12,38904682,38907288,2606
granulosa_5904,chr12,39057892,39059407,1515
granulosa_5905,chr12,39144446,39145822,1376
granulosa_5906,chr12,39157223,39158515,1292
granulosa_5907,chr12,39441489,39444168,2679
granulosa_5908,chr12,39619249,39620956,1707
granulosa_5909,chr12,40104949,40106583,1634
granulosa_5910,chr12,40224117,40225715,1598
granulosa_5911,chr12,40691920,40693860,1940
granulosa_5912,chr12,41187892,41189232,1340
granulosa_5913,chr12,41476223,41477504,1281
granulosa_5914,chr12,41626938,41628362,1424
granulosa_5915,chr12,41931897,41933078,1181
granulosa_5916,chr12,42143254,42145447,2193
granulosa_5917,chr12,42237030,42238957,1927
granulosa_5918,chr12,42281261,42283201,1940
granulosa_5919,chr12,42324778,42327184,2406
granulosa_5920,chr12,42387639,42388831,1192
granulosa_5921,chr12,42481936,42484711,2775
granulosa_5922,chr12,42588539,42590893,2354
granulosa_5923,chr12,43550630,43552541,1911
granulosa_5924,chr12,43758041,43759679,1638
granulosa_5925,chr12,43805134,43806992,1858
granulosa_5926,chr12,43835178,43837006,1828
granulosa_5927,chr12,44874880,44877150,2270
granulosa_5928,chr12,45049961,45052172,2211
granulosa_5929,chr12,45214797,45217079,2282
granulosa_5930,chr12,45268194,45269503,1309
granulosa_5931,chr12,45464308,45466611,2303
granulosa_5932,chr12,45546159,45547780,1621
granulosa_5933,chr12,45726878,45727957,1079
granulosa_5934,chr12,45728421,45731136,2715
granulosa_5935,chr12,45989477,45992290,2813
granulosa_5936,chr12,46123978,46126027,2049
granulosa_5937,chr12,46159836,46161479,1643
granulosa_5938,chr12,46266427,46270152,3725
granulosa_5939,chr12,46327794,46329235,1441
granulosa_5940,chr12,46371037,46373940,2903
granulosa_5941,chr12,46382633,46384540,1907
granulosa_5942,chr12,46492340,46494976,2636
granulosa_5943,chr12,46825302,46826174,872
granulosa_5944,chr12,46830581,46832592,2011
granulosa_5945,chr12,47078649,47081030,2381
granulosa_5946,chr12,47154634,47156600,1966
granulosa_5947,chr12,47165558,47166603,1045
granulosa_5948,chr12,47222403,47224344,1941
granulosa_5949,chr12,47705061,47706962,1901
granulosa_5950,chr12,47717165,47718176,1011
granulosa_5951,chr12,47736665,47737803,1138
granulosa_5952,chr12,47740521,47741738,1217
granulosa_5953,chr12,47744789,47746140,1351
granulosa_5954,chr12,47757405,47759637,2232
granulosa_5955,chr12,47762983,47764074,1091
granulosa_5956,chr12,47768258,47768899,641
granulosa_5957,chr12,47772650,47774094,1444
granulosa_5958,chr12,47796916,47798881,1965
granulosa_5959,chr12,47811521,47813815,2294
granulosa_5960,chr12,47818553,47821258,2705
granulosa_5961,chr12,47850355,47852893,2538
granulosa_5962,chr12,47882285,47883664,1379
granulosa_5963,chr12,47904467,47905823,1356
granulosa_5964,chr12,47945891,47947813,1922
granulosa_5965,chr12,47962524,47964569,2045
granulosa_5966,chr12,47980839,47982509,1670
granulosa_5967,chr12,47995593,47996453,860
granulosa_5968,chr12,48000955,48003081,2126
granulosa_5969,chr12,48003466,48005223,1757
granulosa_5970,chr12,48022815,48024227,1412
granulosa_5971,chr12,48036894,48038392,1498
granulosa_5972,chr12,48105171,48106865,1694
granulosa_5973,chr12,48118479,48120492,2013
granulosa_5974,chr12,48156488,48157923,1435
granulosa_5975,chr12,48182756,48185417,2661
granulosa_5976,chr12,48197457,48200268,2811
granulosa_5977,chr12,48296243,48297460,1217
granulosa_5978,chr12,48349332,48351498,2166
granulosa_5979,chr12,48681269,48682772,1503
granulosa_5980,chr12,48715874,48717576,1702
granulosa_5981,chr12,48752919,48753849,930
granulosa_5982,chr12,48786998,48790272,3274
granulosa_5983,chr12,48810623,48811418,795
granulosa_5984,chr12,48813455,48816000,2545
granulosa_5985,chr12,48817812,48819210,1398
granulosa_5986,chr12,48851428,48853557,2129
granulosa_5987,chr12,48864920,48866236,1316
granulosa_5988,chr12,48890457,48891613,1156
granulosa_5989,chr12,48903361,48904803,1442
granulosa_5990,chr12,48924417,48925935,1518
granulosa_5991,chr12,48956050,48958037,1987
granulosa_5992,chr12,48969758,48970485,727
granulosa_5993,chr12,48971112,48971987,875
granulosa_5994,chr12,48977772,48979067,1295
granulosa_5995,chr12,48979477,48981718,2241
granulosa_5996,chr12,48995249,48995832,583
granulosa_5997,chr12,48996729,49000568,3839
granulosa_5998,chr12,49017760,49019727,1967
granulosa_5999,chr12,49059255,49061285,2030
granulosa_6000,chr12,49068931,49070416,1485
granulosa_6001,chr12,49087993,49088741,748
granulosa_6002,chr12,49089764,49090583,819
granulosa_6003,chr12,49091504,49092649,1145
granulosa_6004,chr12,49093755,49094956,1201
granulosa_6005,chr12,49108875,49111278,2403
granulosa_6006,chr12,49129888,49132060,2172
granulosa_6007,chr12,49187196,49189435,2239
granulosa_6008,chr12,49233649,49235767,2118
granulosa_6009,chr12,49264149,49265752,1603
granulosa_6010,chr12,49296212,49297756,1544
granulosa_6011,chr12,49321623,49323941,2318
granulosa_6012,chr12,49331145,49332525,1380
granulosa_6013,chr12,49335961,49337429,1468
granulosa_6014,chr12,49341944,49343231,1287
granulosa_6015,chr12,49344985,49345637,652
granulosa_6016,chr12,49347160,49348121,961
granulosa_6017,chr12,49366230,49368150,1920
granulosa_6018,chr12,49537481,49539742,2261
granulosa_6019,chr12,49548645,49550250,1605
granulosa_6020,chr12,49567173,49569098,1925
granulosa_6021,chr12,49580133,49581110,977
granulosa_6022,chr12,49622065,49624481,2416
granulosa_6023,chr12,49636524,49638126,1602
granulosa_6024,chr12,49672126,49674474,2348
granulosa_6025,chr12,49706203,49708039,1836
granulosa_6026,chr12,49740947,49742510,1563
granulosa_6027,chr12,49808311,49810424,2113
granulosa_6028,chr12,49827088,49829087,1999
granulosa_6029,chr12,49841792,49843354,1562
granulosa_6030,chr12,49866902,49868119,1217
granulosa_6031,chr12,49868592,49869946,1354
granulosa_6032,chr12,49902463,49904475,2012
granulosa_6033,chr12,49945305,49945887,582
granulosa_6034,chr12,49966695,49967944,1249
granulosa_6035,chr12,50024653,50025920,1267
granulosa_6036,chr12,50050146,50051765,1619
granulosa_6037,chr12,50056913,50058281,1368
granulosa_6038,chr12,50074978,50075671,693
granulosa_6039,chr12,50084533,50086466,1933
granulosa_6040,chr12,50103362,50104387,1025
granulosa_6041,chr12,50110681,50112942,2261
granulosa_6042,chr12,50166195,50167898,1703
granulosa_6043,chr12,50220312,50223056,2744
granulosa_6044,chr12,50240589,50242518,1929
granulosa_6045,chr12,50282553,50284170,1617
granulosa_6046,chr12,50400153,50402850,2697
granulosa_6047,chr12,50504370,50506336,1966
granulosa_6048,chr12,50690479,50691473,994
granulosa_6049,chr12,50763254,50765886,2632
granulosa_6050,chr12,50923949,50925574,1625
granulosa_6051,chr12,51024511,51026856,2345
granulosa_6052,chr12,51047473,51048912,1439
granulosa_6053,chr12,51082274,51083939,1665
granulosa_6054,chr12,51171742,51173485,1743
granulosa_6055,chr12,51183453,51184566,1113
granulosa_6056,chr12,51216993,51218951,1958
granulosa_6057,chr12,51237978,51240064,2086
granulosa_6058,chr12,51269163,51271178,2015
granulosa_6059,chr12,51371176,51372288,1112
granulosa_6060,chr12,51390856,51392297,1441
granulosa_6061,chr12,51409560,51410612,1052
granulosa_6062,chr12,51424206,51425494,1288
granulosa_6063,chr12,51531220,51532688,1468
granulosa_6064,chr12,51590195,51591901,1706
granulosa_6065,chr12,51721162,51722342,1180
granulosa_6066,chr12,51813905,51815074,1169
granulosa_6067,chr12,51820003,51822224,2221
granulosa_6068,chr12,51846539,51849652,3113
granulosa_6069,chr12,51863393,51865235,1842
granulosa_6070,chr12,51868749,51870700,1951
granulosa_6071,chr12,51917253,51918576,1323
granulosa_6072,chr12,51951024,51953434,2410
granulosa_6073,chr12,52005753,52008002,2249
granulosa_6074,chr12,52009988,52010862,874
granulosa_6075,chr12,52022850,52024040,1190
granulosa_6076,chr12,52025357,52026169,812
granulosa_6077,chr12,52032326,52033445,1119
granulosa_6078,chr12,52036451,52037857,1406
granulosa_6079,chr12,52042776,52044759,1983
granulosa_6080,chr12,52050188,52051872,1684
granulosa_6081,chr12,52053843,52054292,449
granulosa_6082,chr12,52055462,52056017,555
granulosa_6083,chr12,52056212,52056512,300
granulosa_6084,chr12,52056586,52057093,507
granulosa_6085,chr12,52058561,52059220,659
granulosa_6086,chr12,52059519,52060963,1444
granulosa_6087,chr12,52063031,52064573,1542
granulosa_6088,chr12,52068873,52070872,1999
granulosa_6089,chr12,52080397,52081815,1418
granulosa_6090,chr12,52082823,52083713,890
granulosa_6091,chr12,52119388,52120440,1052
granulosa_6092,chr12,52163609,52164353,744
granulosa_6093,chr12,52191693,52192758,1065
granulosa_6094,chr12,52193702,52195617,1915
granulosa_6095,chr12,52202193,52203985,1792
granulosa_6096,chr12,52213285,52213890,605
granulosa_6097,chr12,52278474,52279456,982
granulosa_6098,chr12,52307920,52309274,1354
granulosa_6099,chr12,52365646,52367701,2055
granulosa_6100,chr12,52495230,52497196,1966
granulosa_6101,chr12,52690665,52692032,1367
granulosa_6102,chr12,52789352,52790661,1309
granulosa_6103,chr12,52873567,52874642,1075
granulosa_6104,chr12,52879251,52880231,980
granulosa_6105,chr12,52884373,52885265,892
granulosa_6106,chr12,52895084,52896870,1786
granulosa_6107,chr12,52903189,52905401,2212
granulosa_6108,chr12,52924777,52926818,2041
granulosa_6109,chr12,52945353,52946244,891
granulosa_6110,chr12,52948514,52950109,1595
granulosa_6111,chr12,52964495,52965788,1293
granulosa_6112,chr12,52969310,52970650,1340
granulosa_6113,chr12,52976257,52977443,1186
granulosa_6114,chr12,52980636,52981281,645
granulosa_6115,chr12,53005386,53007807,2421
granulosa_6116,chr12,53046391,53049307,2916
granulosa_6117,chr12,53053564,53054853,1289
granulosa_6118,chr12,53060579,53062500,1921
granulosa_6119,chr12,53078578,53080062,1484
granulosa_6120,chr12,53096342,53098415,2073
granulosa_6121,chr12,53098677,53099695,1018
granulosa_6122,chr12,53170835,53172856,2021
granulosa_6123,chr12,53179819,53181609,1790
granulosa_6124,chr12,53197212,53198193,981
granulosa_6125,chr12,53212986,53213800,814
granulosa_6126,chr12,53219378,53221954,2576
granulosa_6127,chr12,53231142,53233130,1988
granulosa_6128,chr12,53251095,53253012,1917
granulosa_6129,chr12,53267447,53269310,1863
granulosa_6130,chr12,53294854,53296206,1352
granulosa_6131,chr12,53299089,53300525,1436
granulosa_6132,chr12,53320948,53321919,971
granulosa_6133,chr12,53324153,53326118,1965
granulosa_6134,chr12,53344189,53346285,2096
granulosa_6135,chr12,53370286,53372392,2106
granulosa_6136,chr12,53378893,53381128,2235
granulosa_6137,chr12,53421181,53422072,891
granulosa_6138,chr12,53423437,53425290,1853
granulosa_6139,chr12,53440805,53442257,1452
granulosa_6140,chr12,53451458,53453052,1594
granulosa_6141,chr12,53465167,53466308,1141
granulosa_6142,chr12,53492176,53493907,1731
granulosa_6143,chr12,53498589,53499907,1318
granulosa_6144,chr12,53500165,53501783,1618
granulosa_6145,chr12,53508240,53509011,771
granulosa_6146,chr12,53624908,53626818,1910
granulosa_6147,chr12,53675380,53678026,2646
granulosa_6148,chr12,53694799,53697542,2743
granulosa_6149,chr12,53726590,53728169,1579
granulosa_6150,chr12,53738077,53740157,2080
granulosa_6151,chr12,53746395,53746942,547
granulosa_6152,chr12,53750800,53752365,1565
granulosa_6153,chr12,53938065,53939971,1906
granulosa_6154,chr12,53965723,53966954,1231
granulosa_6155,chr12,53973093,53975385,2292
granulosa_6156,chr12,53984666,53986400,1734
granulosa_6157,chr12,53994014,53996156,2142
granulosa_6158,chr12,53999439,54000918,1479
granulosa_6159,chr12,54005520,54006450,930
granulosa_6160,chr12,54008672,54009747,1075
granulosa_6161,chr12,54016445,54018936,2491
granulosa_6162,chr12,54032514,54034235,1721
granulosa_6163,chr12,54037538,54040463,2925
granulosa_6164,chr12,54051851,54054696,2845
granulosa_6165,chr12,54080899,54082926,2027
granulosa_6166,chr12,54125666,54127581,1915
granulosa_6167,chr12,54158795,54159884,1089
granulosa_6168,chr12,54166348,54167679,1331
granulosa_6169,chr12,54172738,54174274,1536
granulosa_6170,chr12,54188482,54189254,772
granulosa_6171,chr12,54191253,54192132,879
granulosa_6172,chr12,54195398,54196549,1151
granulosa_6173,chr12,54214527,54215193,666
granulosa_6174,chr12,54216826,54217388,562
granulosa_6175,chr12,54259096,54260356,1260
granulosa_6176,chr12,54261478,54262807,1329
granulosa_6177,chr12,54279115,54281295,2180
granulosa_6178,chr12,54299974,54301420,1446
granulosa_6179,chr12,54324264,54325528,1264
granulosa_6180,chr12,54336342,54338149,1807
granulosa_6181,chr12,54351287,54352667,1380
granulosa_6182,chr12,54352746,54353790,1044
granulosa_6183,chr12,54358183,54359823,1640
granulosa_6184,chr12,54360652,54361158,506
granulosa_6185,chr12,54368381,54370947,2566
granulosa_6186,chr12,54378329,54380008,1679
granulosa_6187,chr12,54390249,54391687,1438
granulosa_6188,chr12,54417758,54419907,2149
granulosa_6189,chr12,54543188,54544037,849
granulosa_6190,chr12,54548859,54550465,1606
granulosa_6191,chr12,54559811,54561540,1729
granulosa_6192,chr12,54570957,54572103,1146
granulosa_6193,chr12,54579367,54580244,877
granulosa_6194,chr12,54586727,54588933,2206
granulosa_6195,chr12,54698756,54700599,1843
granulosa_6196,chr12,55019477,55020409,932
granulosa_6197,chr12,55619263,55620069,806
granulosa_6198,chr12,55658914,55660107,1193
granulosa_6199,chr12,55681059,55682288,1229
granulosa_6200,chr12,55706989,55709002,2013
granulosa_6201,chr12,55715532,55716746,1214
granulosa_6202,chr12,55717842,55718399,557
granulosa_6203,chr12,55727591,55730587,2996
granulosa_6204,chr12,55736972,55739073,2101
granulosa_6205,chr12,55742630,55744330,1700
granulosa_6206,chr12,55816796,55818610,1814
granulosa_6207,chr12,55828881,55831708,2827
granulosa_6208,chr12,55925985,55928188,2203
granulosa_6209,chr12,55931554,55932929,1375
granulosa_6210,chr12,55939781,55940637,856
granulosa_6211,chr12,55965337,55967585,2248
granulosa_6212,chr12,55972830,55974851,2021
granulosa_6213,chr12,55995999,55997963,1964
granulosa_6214,chr12,56006844,56008502,1658
granulosa_6215,chr12,56020066,56022167,2101
granulosa_6216,chr12,56041050,56042638,1588
granulosa_6217,chr12,56078801,56081027,2226
granulosa_6218,chr12,56103699,56105512,1813
granulosa_6219,chr12,56115915,56117213,1298
granulosa_6220,chr12,56117621,56118913,1292
granulosa_6221,chr12,56119241,56119817,576
granulosa_6222,chr12,56126092,56126487,395
granulosa_6223,chr12,56127454,56129641,2187
granulosa_6224,chr12,56151587,56153020,1433
granulosa_6225,chr12,56157180,56159410,2230
granulosa_6226,chr12,56188100,56190610,2510
granulosa_6227,chr12,56220683,56222543,1860
granulosa_6228,chr12,56223818,56224580,762
granulosa_6229,chr12,56243428,56244577,1149
granulosa_6230,chr12,56257218,56259236,2018
granulosa_6231,chr12,56266347,56268034,1687
granulosa_6232,chr12,56286362,56287481,1119
granulosa_6233,chr12,56299108,56300924,1816
granulosa_6234,chr12,56314918,56316721,1803
granulosa_6235,chr12,56333125,56334717,1592
granulosa_6236,chr12,56359736,56361086,1350
granulosa_6237,chr12,56448355,56449807,1452
granulosa_6238,chr12,56464114,56464645,531
granulosa_6239,chr12,56467888,56469365,1477
granulosa_6240,chr12,56487156,56488884,1728
granulosa_6241,chr12,56521007,56523137,2130
granulosa_6242,chr12,56593731,56594776,1045
granulosa_6243,chr12,56628400,56630493,2093
granulosa_6244,chr12,56634181,56635644,1463
granulosa_6245,chr12,56635898,56637312,1414
granulosa_6246,chr12,56644755,56646480,1725
granulosa_6247,chr12,56686691,56689614,2923
granulosa_6248,chr12,56724387,56725797,1410
granulosa_6249,chr12,56751088,56752597,1509
granulosa_6250,chr12,57005540,57006838,1298
granulosa_6251,chr12,57077876,57079246,1370
granulosa_6252,chr12,57086468,57089372,2904
granulosa_6253,chr12,57089564,57090166,602
granulosa_6254,chr12,57093763,57094523,760
granulosa_6255,chr12,57109868,57112636,2768
granulosa_6256,chr12,57126950,57129131,2181
granulosa_6257,chr12,57148615,57149826,1211
granulosa_6258,chr12,57151330,57152552,1222
granulosa_6259,chr12,57166746,57167441,695
granulosa_6260,chr12,57182620,57183667,1047
granulosa_6261,chr12,57212665,57213622,957
granulosa_6262,chr12,57214174,57214630,456
granulosa_6263,chr12,57216169,57217841,1672
granulosa_6264,chr12,57226387,57227541,1154
granulosa_6265,chr12,57229288,57230626,1338
granulosa_6266,chr12,57234721,57235603,882
granulosa_6267,chr12,57238113,57239438,1325
granulosa_6268,chr12,57242364,57243960,1596
granulosa_6269,chr12,57272194,57273437,1243
granulosa_6270,chr12,57341238,57342667,1429
granulosa_6271,chr12,57429530,57431463,1933
granulosa_6272,chr12,57458833,57460512,1679
granulosa_6273,chr12,57460819,57462989,2170
granulosa_6274,chr12,57474510,57476600,2090
granulosa_6275,chr12,57487258,57488957,1699
granulosa_6276,chr12,57519558,57521059,1501
granulosa_6277,chr12,57521633,57523550,1917
granulosa_6278,chr12,57546165,57547446,1281
granulosa_6279,chr12,57549649,57550628,979
granulosa_6280,chr12,57582978,57583763,785
granulosa_6281,chr12,57590605,57592183,1578
granulosa_6282,chr12,57603569,57605714,2145
granulosa_6283,chr12,57609744,57611950,2206
granulosa_6284,chr12,57620687,57622217,1530
granulosa_6285,chr12,57631669,57633550,1881
granulosa_6286,chr12,57693338,57694975,1637
granulosa_6287,chr12,57725813,57727963,2150
granulosa_6288,chr12,57735497,57736991,1494
granulosa_6289,chr12,57737516,57739180,1664
granulosa_6290,chr12,57744208,57745777,1569
granulosa_6291,chr12,57751485,57752821,1336
granulosa_6292,chr12,57754316,57756073,1757
granulosa_6293,chr12,57764698,57767264,2566
granulosa_6294,chr12,57771308,57773193,1885
granulosa_6295,chr12,57782195,57783416,1221
granulosa_6296,chr12,57836563,57837419,856
granulosa_6297,chr12,57844371,57847337,2966
granulosa_6298,chr12,57852152,57853348,1196
granulosa_6299,chr12,57864271,57865795,1524
granulosa_6300,chr12,57893350,57894378,1028
granulosa_6301,chr12,57896134,57897528,1394
granulosa_6302,chr12,57904907,57905771,864
granulosa_6303,chr12,57934759,57936393,1634
granulosa_6304,chr12,57940850,57942168,1318
granulosa_6305,chr12,58171562,58172970,1408
granulosa_6306,chr12,58919184,58920952,1768
granulosa_6307,chr12,59595541,59597795,2254
granulosa_6308,chr12,62190725,62192964,2239
granulosa_6309,chr12,62259176,62261241,2065
granulosa_6310,chr12,62434828,62436462,1634
granulosa_6311,chr12,62465678,62467774,2096
granulosa_6312,chr12,62601945,62603977,2032
granulosa_6313,chr12,62631172,62632922,1750
granulosa_6314,chr12,62730179,62732485,2306
granulosa_6315,chr12,62817278,62818591,1313
granulosa_6316,chr12,62933075,62935965,2890
granulosa_6317,chr12,63149959,63152375,2416
granulosa_6318,chr12,63667451,63669350,1899
granulosa_6319,chr12,63779109,63780657,1548
granulosa_6320,chr12,63843251,63845246,1995
granulosa_6321,chr12,64088092,64089186,1094
granulosa_6322,chr12,64221149,64222850,1701
granulosa_6323,chr12,64403713,64405553,1840
granulosa_6324,chr12,64450803,64453178,2375
granulosa_6325,chr12,64559986,64561483,1497
granulosa_6326,chr12,64608886,64612128,3242
granulosa_6327,chr12,64669102,64670566,1464
granulosa_6328,chr12,64758505,64760227,1722
granulosa_6329,chr12,64780122,64782559,2437
granulosa_6330,chr12,64824190,64826676,2486
granulosa_6331,chr12,65120756,65122089,1333
granulosa_6332,chr12,65168910,65171153,2243
granulosa_6333,chr12,65277915,65279612,1697
granulosa_6334,chr12,65510028,65511859,1831
granulosa_6335,chr12,65740632,65743019,2387
granulosa_6336,chr12,65822634,65823238,604
granulosa_6337,chr12,65823404,65826430,3026
granulosa_6338,chr12,65925401,65927162,1761
granulosa_6339,chr12,66129787,66131264,1477
granulosa_6340,chr12,66168980,66170361,1381
granulosa_6341,chr12,66234743,66235621,878
granulosa_6342,chr12,66301769,66302992,1223
granulosa_6343,chr12,67067442,67070213,2771
granulosa_6344,chr12,67268097,67270488,2391
granulosa_6345,chr12,67354983,67357106,2123
granulosa_6346,chr12,67410282,67411522,1240
granulosa_6347,chr12,67456199,67457182,983
granulosa_6348,chr12,67647353,67650779,3426
granulosa_6349,chr12,67671125,67672261,1136
granulosa_6350,chr12,67772310,67773277,967
granulosa_6351,chr12,67981243,67982503,1260
granulosa_6352,chr12,68331334,68332810,1476
granulosa_6353,chr12,68336381,68337341,960
granulosa_6354,chr12,68364475,68365701,1226
granulosa_6355,chr12,68538370,68539742,1372
granulosa_6356,chr12,68609993,68612109,2116
granulosa_6357,chr12,68686183,68687557,1374
granulosa_6358,chr12,68745541,68746962,1421
granulosa_6359,chr12,68807289,68809250,1961
granulosa_6360,chr12,68932297,68933825,1528
granulosa_6361,chr12,69238879,69240839,1960
granulosa_6362,chr12,69329936,69332265,2329
granulosa_6363,chr12,69359294,69360522,1228
granulosa_6364,chr12,69415493,69416614,1121
granulosa_6365,chr12,69469830,69471199,1369
granulosa_6366,chr12,69533848,69535187,1339
granulosa_6367,chr12,69584834,69586219,1385
granulosa_6368,chr12,69607963,69609281,1318
granulosa_6369,chr12,69738162,69740157,1995
granulosa_6370,chr12,70242470,70244380,1910
granulosa_6371,chr12,70365137,70368018,2881
granulosa_6372,chr12,71438668,71441407,2739
granulosa_6373,chr12,71662743,71665003,2260
granulosa_6374,chr12,71685378,71686893,1515
granulosa_6375,chr12,71754256,71755916,1660
granulosa_6376,chr12,71839176,71840842,1666
granulosa_6377,chr12,72271251,72274281,3030
granulosa_6378,chr12,74316560,74318069,1509
granulosa_6379,chr12,74537094,74538918,1824
granulosa_6380,chr12,75208956,75209995,1039
granulosa_6381,chr12,75329694,75330533,839
granulosa_6382,chr12,75390445,75391628,1183
granulosa_6383,chr12,75510582,75512042,1460
granulosa_6384,chr12,75650600,75652189,1589
granulosa_6385,chr12,75709059,75710016,957
granulosa_6386,chr12,75958846,75960628,1782
granulosa_6387,chr12,76002409,76003571,1162
granulosa_6388,chr12,76029903,76032850,2947
granulosa_6389,chr12,76083617,76085621,2004
granulosa_6390,chr12,76186033,76187075,1042
granulosa_6391,chr12,76347665,76349168,1503
granulosa_6392,chr12,76558439,76560363,1924
granulosa_6393,chr12,76762564,76765239,2675
granulosa_6394,chr12,76878040,76879883,1843
granulosa_6395,chr12,77064661,77066242,1581
granulosa_6396,chr12,77324304,77326162,1858
granulosa_6397,chr12,77925343,77926061,718
granulosa_6398,chr12,78863364,78865659,2295
granulosa_6399,chr12,79689044,79691706,2662
granulosa_6400,chr12,79933533,79936001,2468
granulosa_6401,chr12,80703985,80704979,994
granulosa_6402,chr12,80936119,80938068,1949
granulosa_6403,chr12,81077234,81079392,2158
granulosa_6404,chr12,81758012,81759916,1904
granulosa_6405,chr12,82299446,82301201,1755
granulosa_6406,chr12,82357789,82359468,1679
granulosa_6407,chr12,82685682,82688443,2761
granulosa_6408,chr12,84910473,84913452,2979
granulosa_6409,chr12,85035887,85037054,1167
granulosa_6410,chr12,85279048,85281007,1959
granulosa_6411,chr12,86144859,86145803,944
granulosa_6412,chr12,86264070,86265465,1395
granulosa_6413,chr12,87845535,87846676,1141
granulosa_6414,chr12,88034956,88036407,1451
granulosa_6415,chr12,88141410,88143056,1646
granulosa_6416,chr12,88578256,88580924,2668
granulosa_6417,chr12,88638246,88639850,1604
granulosa_6418,chr12,88955066,88957141,2075
granulosa_6419,chr12,89037958,89038998,1040
granulosa_6420,chr12,89351397,89354804,3407
granulosa_6421,chr12,89524093,89526684,2591
granulosa_6422,chr12,89707607,89710378,2771
granulosa_6423,chr12,89782882,89784096,1214
granulosa_6424,chr12,89940961,89942075,1114
granulosa_6425,chr12,89946823,89948902,2079
granulosa_6426,chr12,90449012,90450364,1352
granulosa_6427,chr12,90857426,90858810,1384
granulosa_6428,chr12,91380663,91382711,2048
granulosa_6429,chr12,91773558,91775018,1460
granulosa_6430,chr12,92027816,92029105,1289
granulosa_6431,chr12,92034536,92035667,1131
granulosa_6432,chr12,92062255,92063515,1260
granulosa_6433,chr12,92144033,92146684,2651
granulosa_6434,chr12,92928268,92929952,1684
granulosa_6435,chr12,92942225,92944815,2590
granulosa_6436,chr12,93177371,93178270,899
granulosa_6437,chr12,93377235,93379763,2528
granulosa_6438,chr12,93440870,93443022,2152
granulosa_6439,chr12,93466981,93468349,1368
granulosa_6440,chr12,93569548,93572276,2728
granulosa_6441,chr12,93590918,93591977,1059
granulosa_6442,chr12,93676862,93678305,1443
granulosa_6443,chr12,93741416,93743125,1709
granulosa_6444,chr12,94101147,94102660,1513
granulosa_6445,chr12,94147898,94150857,2959
granulosa_6446,chr12,94185969,94187694,1725
granulosa_6447,chr12,94261544,94264681,3137
granulosa_6448,chr12,94427094,94428416,1322
granulosa_6449,chr12,94433362,94434799,1437
granulosa_6450,chr12,94458770,94461004,2234
granulosa_6451,chr12,94649250,94650981,1731
granulosa_6452,chr12,94872786,94875386,2600
granulosa_6453,chr12,95002815,95004146,1331
granulosa_6454,chr12,95072243,95073881,1638
granulosa_6455,chr12,95216479,95219073,2594
granulosa_6456,chr12,95472756,95475026,2270
granulosa_6457,chr12,95547725,95549171,1446
granulosa_6458,chr12,95755029,95756072,1043
granulosa_6459,chr12,95789201,95791702,2501
granulosa_6460,chr12,95857857,95860169,2312
granulosa_6461,chr12,95942030,95943787,1757
granulosa_6462,chr12,96034374,96036276,1902
granulosa_6463,chr12,96193735,96196265,2530
granulosa_6464,chr12,96214823,96215765,942
granulosa_6465,chr12,96398638,96401584,2946
granulosa_6466,chr12,96488996,96490337,1341
granulosa_6467,chr12,96906143,96908389,2246
granulosa_6468,chr12,97424971,97426859,1888
granulosa_6469,chr12,98397059,98397938,879
granulosa_6470,chr12,98418262,98420671,2409
granulosa_6471,chr12,98424554,98426275,1721
granulosa_6472,chr12,98463748,98465304,1556
granulosa_6473,chr12,98470206,98471664,1458
granulosa_6474,chr12,98490347,98491378,1031
granulosa_6475,chr12,98502741,98504370,1629
granulosa_6476,chr12,98514762,98516700,1938
granulosa_6477,chr12,98592863,98595546,2683
granulosa_6478,chr12,98643766,98645997,2231
granulosa_6479,chr12,98893119,98895627,2508
granulosa_6480,chr12,99154077,99155277,1200
granulosa_6481,chr12,99983400,99985638,2238
granulosa_6482,chr12,100141485,100143324,1839
granulosa_6483,chr12,100199114,100201302,2188
granulosa_6484,chr12,100266248,100268253,2005
granulosa_6485,chr12,100356564,100357731,1167
granulosa_6486,chr12,100436836,100437993,1157
granulosa_6487,chr12,100448294,100449059,765
granulosa_6488,chr12,100473318,100474155,837
granulosa_6489,chr12,100483695,100484869,1174
granulosa_6490,chr12,100553732,100554956,1224
granulosa_6491,chr12,100572887,100574664,1777
granulosa_6492,chr12,100665984,100666904,920
granulosa_6493,chr12,100716531,100718407,1876
granulosa_6494,chr12,100962008,100962796,788
granulosa_6495,chr12,101279303,101280925,1622
granulosa_6496,chr12,101406642,101408727,2085
granulosa_6497,chr12,101696675,101698959,2284
granulosa_6498,chr12,101829703,101831286,1583
granulosa_6499,chr12,101876524,101878291,1767
granulosa_6500,chr12,102061030,102062543,1513
granulosa_6501,chr12,102119228,102121239,2011
granulosa_6502,chr12,102823914,102824907,993
granulosa_6503,chr12,102957244,102958896,1652
granulosa_6504,chr12,102964722,102965930,1208
granulosa_6505,chr12,103494589,103496505,1916
granulosa_6506,chr12,103799594,103801197,1603
granulosa_6507,chr12,103840209,103842120,1911
granulosa_6508,chr12,103928707,103931501,2794
granulosa_6509,chr12,103955988,103957729,1741
granulosa_6510,chr12,103964949,103967058,2109
granulosa_6511,chr12,104048735,104050806,2071
granulosa_6512,chr12,104063586,104065493,1907
granulosa_6513,chr12,104136571,104139127,2556
granulosa_6514,chr12,104215407,104216420,1013
granulosa_6515,chr12,104219294,104220244,950
granulosa_6516,chr12,104285991,104287845,1854
granulosa_6517,chr12,104288214,104289227,1013
granulosa_6518,chr12,104302703,104304178,1475
granulosa_6519,chr12,104456182,104459265,3083
granulosa_6520,chr12,104598386,104599907,1521
granulosa_6521,chr12,104668091,104669628,1537
granulosa_6522,chr12,104957525,104959813,2288
granulosa_6523,chr12,104985697,104986998,1301
granulosa_6524,chr12,105083455,105085051,1596
granulosa_6525,chr12,105106828,105108365,1537
granulosa_6526,chr12,105234715,105236619,1904
granulosa_6527,chr12,105330014,105331649,1635
granulosa_6528,chr12,105705270,105706995,1725
granulosa_6529,chr12,105728807,105730168,1361
granulosa_6530,chr12,105748199,105749621,1422
granulosa_6531,chr12,106105817,106107359,1542
granulosa_6532,chr12,106136220,106136557,337
granulosa_6533,chr12,106137593,106140510,2917
granulosa_6534,chr12,106246713,106249253,2540
granulosa_6535,chr12,106249739,106250380,641
granulosa_6536,chr12,106301270,106303638,2368
granulosa_6537,chr12,106342261,106343399,1138
granulosa_6538,chr12,106357242,106359021,1779
granulosa_6539,chr12,106773347,106775193,1846
granulosa_6540,chr12,106902963,106903958,995
granulosa_6541,chr12,106954800,106957245,2445
granulosa_6542,chr12,106986090,106988042,1952
granulosa_6543,chr12,107091084,107094375,3291
granulosa_6544,chr12,107317644,107320512,2868
granulosa_6545,chr12,107645279,107646484,1205
granulosa_6546,chr12,107649167,107650250,1083
granulosa_6547,chr12,107684892,107686411,1519
granulosa_6548,chr12,107760013,107761894,1881
granulosa_6549,chr12,107903124,107904124,1000
granulosa_6550,chr12,108128958,108130390,1432
granulosa_6551,chr12,108514612,108515831,1219
granulosa_6552,chr12,108560385,108561635,1250
granulosa_6553,chr12,108561931,108563850,1919
granulosa_6554,chr12,108617922,108619236,1314
granulosa_6555,chr12,108690878,108692733,1855
granulosa_6556,chr12,108700886,108702900,2014
granulosa_6557,chr12,108729798,108732425,2627
granulosa_6558,chr12,108768199,108769129,930
granulosa_6559,chr12,108773425,108774745,1320
granulosa_6560,chr12,108855628,108858272,2644
granulosa_6561,chr12,108964061,108964803,742
granulosa_6562,chr12,109020546,109021480,934
granulosa_6563,chr12,109052097,109053941,1844
granulosa_6564,chr12,109092556,109093746,1190
granulosa_6565,chr12,109097151,109099009,1858
granulosa_6566,chr12,109110603,109112128,1525
granulosa_6567,chr12,109154026,109155464,1438
granulosa_6568,chr12,109308723,109310910,2187
granulosa_6569,chr12,109329300,109332476,3176
granulosa_6570,chr12,109462000,109463709,1709
granulosa_6571,chr12,109476173,109477996,1823
granulosa_6572,chr12,109572533,109574333,1800
granulosa_6573,chr12,109597360,109598537,1177
granulosa_6574,chr12,109713271,109714725,1454
granulosa_6575,chr12,109736410,109737085,675
granulosa_6576,chr12,109845003,109845714,711
granulosa_6577,chr12,109879031,109881196,2165
granulosa_6578,chr12,109899667,109902229,2562
granulosa_6579,chr12,109948884,109949434,550
granulosa_6580,chr12,109951610,109952761,1151
granulosa_6581,chr12,109995488,109996543,1055
granulosa_6582,chr12,109998770,110000285,1515
granulosa_6583,chr12,110042858,110043548,690
granulosa_6584,chr12,110047812,110049210,1398
granulosa_6585,chr12,110123561,110125060,1499
granulosa_6586,chr12,110134504,110135429,925
granulosa_6587,chr12,110269420,110271093,1673
granulosa_6588,chr12,110280325,110282413,2088
granulosa_6589,chr12,110402573,110404295,1722
granulosa_6590,chr12,110431071,110431946,875
granulosa_6591,chr12,110449113,110450652,1539
granulosa_6592,chr12,110467490,110469543,2053
granulosa_6593,chr12,110500877,110502617,1740
granulosa_6594,chr12,110542737,110544539,1802
granulosa_6595,chr12,110563411,110564737,1326
granulosa_6596,chr12,110581868,110583964,2096
granulosa_6597,chr12,110613334,110614619,1285
granulosa_6598,chr12,110640245,110642288,2043
granulosa_6599,chr12,110688341,110690209,1868
granulosa_6600,chr12,110741379,110744598,3219
granulosa_6601,chr12,110887592,110888359,767
granulosa_6602,chr12,111033227,111036353,3126
granulosa_6603,chr12,111180106,111181721,1615
granulosa_6604,chr12,111367447,111369433,1986
granulosa_6605,chr12,111396448,111397486,1038
granulosa_6606,chr12,111404508,111407336,2828
granulosa_6607,chr12,111597059,111600213,3154
granulosa_6608,chr12,111635504,111637221,1717
granulosa_6609,chr12,111642279,111644444,2165
granulosa_6610,chr12,111684914,111686632,1718
granulosa_6611,chr12,111752865,111753748,883
granulosa_6612,chr12,111766251,111767758,1507
granulosa_6613,chr12,111774887,111776409,1522
granulosa_6614,chr12,111812648,111813525,877
granulosa_6615,chr12,111840961,111843188,2227
granulosa_6616,chr12,112012169,112014380,2211
granulosa_6617,chr12,112107672,112109668,1996
granulosa_6618,chr12,112116157,112117307,1150
granulosa_6619,chr12,112125034,112126472,1438
granulosa_6620,chr12,112380913,112382757,1844
granulosa_6621,chr12,112408545,112410067,1522
granulosa_6622,chr12,112418227,112420154,1927
granulosa_6623,chr12,112937882,112938988,1106
granulosa_6624,chr12,113056379,113058083,1704
granulosa_6625,chr12,113097476,113098744,1268
granulosa_6626,chr12,113134170,113136393,2223
granulosa_6627,chr12,113149228,113149994,766
granulosa_6628,chr12,113152680,113153576,896
granulosa_6629,chr12,113161188,113162527,1339
granulosa_6630,chr12,113174142,113175443,1301
granulosa_6631,chr12,113184440,113186191,1751
granulosa_6632,chr12,113220530,113222224,1694
granulosa_6633,chr12,113245541,113246850,1309
granulosa_6634,chr12,113333896,113335532,1636
granulosa_6635,chr12,113348637,113349645,1008
granulosa_6636,chr12,113356562,113357191,629
granulosa_6637,chr12,113357927,113360051,2124
granulosa_6638,chr12,113421882,113423038,1156
granulosa_6639,chr12,113467701,113468630,929
granulosa_6640,chr12,113965289,113966880,1591
granulosa_6641,chr12,114664663,114666202,1539
granulosa_6642,chr12,114667864,114669265,1401
granulosa_6643,chr12,114682881,114685173,2292
granulosa_6644,chr12,114691773,114693335,1562
granulosa_6645,chr12,115451362,115453026,1664
granulosa_6646,chr12,115598604,115599905,1301
granulosa_6647,chr12,116275823,116278236,2413
granulosa_6648,chr12,116358433,116359774,1341
granulosa_6649,chr12,116433981,116435102,1121
granulosa_6650,chr12,116455007,116456776,1769
granulosa_6651,chr12,116506039,116506851,812
granulosa_6652,chr12,116507943,116509128,1185
granulosa_6653,chr12,116528475,116529423,948
granulosa_6654,chr12,116532954,116535420,2466
granulosa_6655,chr12,116598659,116600124,1465
granulosa_6656,chr12,116658198,116659132,934
granulosa_6657,chr12,116662294,116663218,924
granulosa_6658,chr12,116708563,116711016,2453
granulosa_6659,chr12,116718646,116720615,1969
granulosa_6660,chr12,116736808,116738707,1899
granulosa_6661,chr12,116818175,116819823,1648
granulosa_6662,chr12,116857970,116860604,2634
granulosa_6663,chr12,116861188,116861729,541
granulosa_6664,chr12,116878499,116879246,747
granulosa_6665,chr12,116880429,116882394,1965
granulosa_6666,chr12,116910536,116911771,1235
granulosa_6667,chr12,116932838,116934487,1649
granulosa_6668,chr12,116963876,116965051,1175
granulosa_6669,chr12,116969544,116970600,1056
granulosa_6670,chr12,117025032,117026115,1083
granulosa_6671,chr12,117032264,117034357,2093
granulosa_6672,chr12,117098235,117099645,1410
granulosa_6673,chr12,117111371,117112479,1108
granulosa_6674,chr12,117141342,117143477,2135
granulosa_6675,chr12,117155084,117155846,762
granulosa_6676,chr12,117161160,117162439,1279
granulosa_6677,chr12,117165020,117165741,721
granulosa_6678,chr12,117187266,117187825,559
granulosa_6679,chr12,117188797,117190948,2151
granulosa_6680,chr12,117968106,117969787,1681
granulosa_6681,chr12,118015851,118017372,1521
granulosa_6682,chr12,118059714,118062795,3081
granulosa_6683,chr12,118102932,118104567,1635
granulosa_6684,chr12,118135450,118137179,1729
granulosa_6685,chr12,118188490,118190680,2190
granulosa_6686,chr12,118371165,118373333,2168
granulosa_6687,chr12,118375921,118377071,1150
granulosa_6688,chr12,119667283,119668713,1430
granulosa_6689,chr12,119802469,119804783,2314
granulosa_6690,chr12,119876611,119877753,1142
granulosa_6691,chr12,119988337,119990646,2309
granulosa_6692,chr12,120063725,120065717,1992
granulosa_6693,chr12,120086498,120087664,1166
granulosa_6694,chr12,120092555,120094386,1831
granulosa_6695,chr12,120100091,120102045,1954
granulosa_6696,chr12,120116153,120117741,1588
granulosa_6697,chr12,120193705,120195386,1681
granulosa_6698,chr12,120200423,120202052,1629
granulosa_6699,chr12,120228113,120229536,1423
granulosa_6700,chr12,120263734,120266221,2487
granulosa_6701,chr12,120290674,120293512,2838
granulosa_6702,chr12,120301745,120303005,1260
granulosa_6703,chr12,120316813,120317999,1186
granulosa_6704,chr12,120325254,120326174,920
granulosa_6705,chr12,120356368,120357068,700
granulosa_6706,chr12,120361242,120362304,1062
granulosa_6707,chr12,120367674,120370223,2549
granulosa_6708,chr12,120413451,120414557,1106
granulosa_6709,chr12,120430093,120431107,1014
granulosa_6710,chr12,120437347,120438630,1283
granulosa_6711,chr12,120439544,120440039,495
granulosa_6712,chr12,120445595,120447083,1488
granulosa_6713,chr12,120468289,120470286,1997
granulosa_6714,chr12,120486916,120488501,1585
granulosa_6715,chr12,120495089,120497433,2344
granulosa_6716,chr12,120528354,120530028,1674
granulosa_6717,chr12,120533844,120535369,1525
granulosa_6718,chr12,120580865,120581722,857
granulosa_6719,chr12,120584258,120584979,721
granulosa_6720,chr12,120639913,120641726,1813
granulosa_6721,chr12,120648718,120650574,1856
granulosa_6722,chr12,120668555,120669909,1354
granulosa_6723,chr12,120686107,120687668,1561
granulosa_6724,chr12,120688745,120689991,1246
granulosa_6725,chr12,120709794,120711733,1939
granulosa_6726,chr12,120724950,120726579,1629
granulosa_6727,chr12,120902825,120904778,1953
granulosa_6728,chr12,121015683,121016730,1047
granulosa_6729,chr12,121095086,121096416,1330
granulosa_6730,chr12,121126288,121128038,1750
granulosa_6731,chr12,121131881,121133509,1628
granulosa_6732,chr12,121173428,121174878,1450
granulosa_6733,chr12,121209229,121211199,1970
granulosa_6734,chr12,121239612,121241796,2184
granulosa_6735,chr12,121278433,121280100,1667
granulosa_6736,chr12,121295236,121297939,2703
granulosa_6737,chr12,121351435,121353227,1792
granulosa_6738,chr12,121399224,121401198,1974
granulosa_6739,chr12,121466075,121468275,2200
granulosa_6740,chr12,121499741,121500832,1091
granulosa_6741,chr12,121513161,121514668,1507
granulosa_6742,chr12,121535554,121538339,2785
granulosa_6743,chr12,121552312,121553877,1565
granulosa_6744,chr12,121578192,121580699,2507
granulosa_6745,chr12,121589799,121591302,1503
granulosa_6746,chr12,121625945,121627675,1730
granulosa_6747,chr12,121671861,121673668,1807
granulosa_6748,chr12,121686345,121687538,1193
granulosa_6749,chr12,121711810,121713937,2127
granulosa_6750,chr12,121748167,121749401,1234
granulosa_6751,chr12,121772962,121773793,831
granulosa_6752,chr12,121792522,121795197,2675
granulosa_6753,chr12,121797004,121797781,777
granulosa_6754,chr12,121797972,121798838,866
granulosa_6755,chr12,121799290,121801140,1850
granulosa_6756,chr12,121802751,121804424,1673
granulosa_6757,chr12,121811268,121813156,1888
granulosa_6758,chr12,121839076,121840151,1075
granulosa_6759,chr12,121888112,121889298,1186
granulosa_6760,chr12,121893819,121895099,1280
granulosa_6761,chr12,122020954,122024181,3227
granulosa_6762,chr12,122029286,122030649,1363
granulosa_6763,chr12,122054106,122054701,595
granulosa_6764,chr12,122062650,122064459,1809
granulosa_6765,chr12,122071980,122073125,1145
granulosa_6766,chr12,122077831,122080755,2924
granulosa_6767,chr12,122097438,122098777,1339
granulosa_6768,chr12,122182408,122183819,1411
granulosa_6769,chr12,122203124,122204736,1612
granulosa_6770,chr12,122225166,122226938,1772
granulosa_6771,chr12,122265494,122267229,1735
granulosa_6772,chr12,122367983,122369062,1079
granulosa_6773,chr12,122399114,122400842,1728
granulosa_6774,chr12,122421135,122423942,2807
granulosa_6775,chr12,122499736,122501392,1656
granulosa_6776,chr12,122526079,122527855,1776
granulosa_6777,chr12,122752122,122753852,1730
granulosa_6778,chr12,122773511,122775742,2231
granulosa_6779,chr12,122834297,122836910,2613
granulosa_6780,chr12,122859886,122860961,1075
granulosa_6781,chr12,122888104,122889065,961
granulosa_6782,chr12,122895185,122896536,1351
granulosa_6783,chr12,122963665,122964293,628
granulosa_6784,chr12,122965312,122966891,1579
granulosa_6785,chr12,122973917,122975929,2012
granulosa_6786,chr12,122980026,122981482,1456
granulosa_6787,chr12,122983974,122985635,1661
granulosa_6788,chr12,123075129,123076299,1170
granulosa_6789,chr12,123149104,123151874,2770
granulosa_6790,chr12,123231989,123234266,2277
granulosa_6791,chr12,123268999,123272453,3454
granulosa_6792,chr12,123363347,123365977,2630
granulosa_6793,chr12,123383280,123384949,1669
granulosa_6794,chr12,123388289,123390439,2150
granulosa_6795,chr12,123435784,123437228,1444
granulosa_6796,chr12,123457783,123459062,1279
granulosa_6797,chr12,123485333,123486216,883
granulosa_6798,chr12,123532971,123534735,1764
granulosa_6799,chr12,123583269,123585237,1968
granulosa_6800,chr12,123601111,123603141,2030
granulosa_6801,chr12,123633003,123634579,1576
granulosa_6802,chr12,123670613,123672133,1520
granulosa_6803,chr12,123711510,123713563,2053
granulosa_6804,chr12,123761678,123763405,1727
granulosa_6805,chr12,123950179,123951267,1088
granulosa_6806,chr12,123971528,123974304,2776
granulosa_6807,chr12,124185766,124186965,1199
granulosa_6808,chr12,124294216,124296799,2583
granulosa_6809,chr12,124363039,124364162,1123
granulosa_6810,chr12,124369023,124370200,1177
granulosa_6811,chr12,124379673,124380767,1094
granulosa_6812,chr12,124386093,124387009,916
granulosa_6813,chr12,124388450,124389701,1251
granulosa_6814,chr12,124392029,124393462,1433
granulosa_6815,chr12,124401341,124402782,1441
granulosa_6816,chr12,124409974,124411797,1823
granulosa_6817,chr12,124422026,124423660,1634
granulosa_6818,chr12,124426713,124429273,2560
granulosa_6819,chr12,124444792,124445842,1050
granulosa_6820,chr12,124456647,124458329,1682
granulosa_6821,chr12,124479606,124481513,1907
granulosa_6822,chr12,124485957,124488860,2903
granulosa_6823,chr12,124500251,124501380,1129
granulosa_6824,chr12,124506129,124506935,806
granulosa_6825,chr12,124517175,124519699,2524
granulosa_6826,chr12,124542733,124544868,2135
granulosa_6827,chr12,124556830,124558224,1394
granulosa_6828,chr12,124565869,124569006,3137
granulosa_6829,chr12,124607947,124609863,1916
granulosa_6830,chr12,124620709,124621777,1068
granulosa_6831,chr12,124631702,124633068,1366
granulosa_6832,chr12,124654696,124656386,1690
granulosa_6833,chr12,124694302,124695536,1234
granulosa_6834,chr12,124742152,124743128,976
granulosa_6835,chr12,124745383,124746481,1098
granulosa_6836,chr12,124750820,124751529,709
granulosa_6837,chr12,124786120,124787403,1283
granulosa_6838,chr12,124846726,124848066,1340
granulosa_6839,chr12,124862695,124864539,1844
granulosa_6840,chr12,124886859,124887632,773
granulosa_6841,chr12,124906604,124907065,461
granulosa_6842,chr12,124909798,124911527,1729
granulosa_6843,chr12,124913564,124915416,1852
granulosa_6844,chr12,124917100,124917861,761
granulosa_6845,chr12,124926915,124928748,1833
granulosa_6846,chr12,124938553,124941006,2453
granulosa_6847,chr12,124988196,124989353,1157
granulosa_6848,chr12,124992766,124994850,2084
granulosa_6849,chr12,125049080,125050166,1086
granulosa_6850,chr12,125064525,125066420,1895
granulosa_6851,chr12,125185210,125186944,1734
granulosa_6852,chr12,125982864,125984832,1968
granulosa_6853,chr12,127145549,127146758,1209
granulosa_6854,chr12,127165650,127166843,1193
granulosa_6855,chr12,128266096,128270163,4067
granulosa_6856,chr12,128313236,128314453,1217
granulosa_6857,chr12,128316429,128318911,2482
granulosa_6858,chr12,128336768,128340173,3405
granulosa_6859,chr12,128387602,128389070,1468
granulosa_6860,chr12,128728053,128730046,1993
granulosa_6861,chr12,128823031,128824792,1761
granulosa_6862,chr12,128968826,128970493,1667
granulosa_6863,chr12,129902340,129904693,2353
granulosa_6864,chr12,130104003,130106177,2174
granulosa_6865,chr12,130160721,130164149,3428
granulosa_6866,chr12,130713591,130717096,3505
granulosa_6867,chr12,130818212,130819478,1266
granulosa_6868,chr12,130838002,130839764,1762
granulosa_6869,chr12,130870799,130872917,2118
granulosa_6870,chr12,130915985,130917102,1117
granulosa_6871,chr12,131131713,131132877,1164
granulosa_6872,chr12,131137558,131138443,885
granulosa_6873,chr12,131264093,131265180,1087
granulosa_6874,chr12,131348112,131349079,967
granulosa_6875,chr12,131349563,131350642,1079
granulosa_6876,chr12,131390142,131391110,968
granulosa_6877,chr12,131406734,131408111,1377
granulosa_6878,chr12,131509339,131510240,901
granulosa_6879,chr12,131710292,131712184,1892
granulosa_6880,chr12,131827893,131829675,1782
granulosa_6881,chr12,131829916,131831184,1268
granulosa_6882,chr12,131893714,131896956,3242
granulosa_6883,chr12,131928239,131930548,2309
granulosa_6884,chr12,131949103,131950787,1684
granulosa_6885,chr12,132000877,132002075,1198
granulosa_6886,chr12,132083615,132085550,1935
granulosa_6887,chr12,132143396,132145417,2021
granulosa_6888,chr12,132153492,132154758,1266
granulosa_6889,chr12,132188754,132190384,1630
granulosa_6890,chr12,132203973,132206349,2376
granulosa_6891,chr12,132284670,132286761,2091
granulosa_6892,chr12,132327155,132328286,1131
granulosa_6893,chr12,132328740,132330059,1319
granulosa_6894,chr12,132366099,132366935,836
granulosa_6895,chr12,132413795,132415556,1761
granulosa_6896,chr12,132428536,132430028,1492
granulosa_6897,chr12,132432173,132434030,1857
granulosa_6898,chr12,132444815,132446576,1761
granulosa_6899,chr12,132450193,132451568,1375
granulosa_6900,chr12,132464754,132467580,2826
granulosa_6901,chr12,132488404,132491357,2953
granulosa_6902,chr12,132505606,132507334,1728
granulosa_6903,chr12,132549815,132551104,1289
granulosa_6904,chr12,132559584,132562141,2557
granulosa_6905,chr12,132581819,132583988,2169
granulosa_6906,chr12,132593538,132594350,812
granulosa_6907,chr12,132598356,132599078,722
granulosa_6908,chr12,132600090,132601197,1107
granulosa_6909,chr12,132686528,132688128,1600
granulosa_6910,chr12,132709798,132711617,1819
granulosa_6911,chr12,132760121,132762565,2444
granulosa_6912,chr12,132768105,132768863,758
granulosa_6913,chr12,132806482,132808118,1636
granulosa_6914,chr12,132827795,132829523,1728
granulosa_6915,chr12,132886874,132888407,1533
granulosa_6916,chr12,132907889,132909279,1390
granulosa_6917,chr12,132954884,132956798,1914
granulosa_6918,chr12,132985776,132987212,1436
granulosa_6919,chr12,133036805,133038083,1278
granulosa_6920,chr12,133079462,133081287,1825
granulosa_6921,chr12,133129294,133131109,1815
granulosa_6922,chr12,133181087,133182103,1016
granulosa_6923,chr13,19601483,19603069,1586
granulosa_6924,chr13,19632947,19634851,1904
granulosa_6925,chr13,19781514,19783223,1709
granulosa_6926,chr13,19862157,19865019,2862
granulosa_6927,chr13,19957247,19960399,3152
granulosa_6928,chr13,20118114,20121028,2914
granulosa_6929,chr13,20127248,20128976,1728
granulosa_6930,chr13,20160049,20162028,1979
granulosa_6931,chr13,20191629,20194052,2423
granulosa_6932,chr13,20230907,20232927,2020
granulosa_6933,chr13,20524838,20526601,1763
granulosa_6934,chr13,20566308,20568167,1859
granulosa_6935,chr13,20702495,20705007,2512
granulosa_6936,chr13,20712438,20714090,1652
granulosa_6937,chr13,20721014,20722371,1357
granulosa_6938,chr13,20772942,20774355,1413
granulosa_6939,chr13,20901728,20903708,1980
granulosa_6940,chr13,21022319,21023673,1354
granulosa_6941,chr13,21060079,21062027,1948
granulosa_6942,chr13,21074454,21076494,2040
granulosa_6943,chr13,21139796,21141274,1478
granulosa_6944,chr13,21147493,21148907,1414
granulosa_6945,chr13,21175748,21177398,1650
granulosa_6946,chr13,21296933,21299105,2172
granulosa_6947,chr13,21325841,21327308,1467
granulosa_6948,chr13,21458099,21460087,1988
granulosa_6949,chr13,21602978,21604595,1617
granulosa_6950,chr13,21668802,21671251,2449
granulosa_6951,chr13,21673598,21675934,2336
granulosa_6952,chr13,21735652,21736957,1305
granulosa_6953,chr13,21824878,21827222,2344
granulosa_6954,chr13,22914801,22916604,1803
granulosa_6955,chr13,22925609,22927812,2203
granulosa_6956,chr13,23073318,23074979,1661
granulosa_6957,chr13,23158737,23161431,2694
granulosa_6958,chr13,23374829,23376113,1284
granulosa_6959,chr13,23432699,23433875,1176
granulosa_6960,chr13,23465819,23467664,1845
granulosa_6961,chr13,23569776,23571305,1529
granulosa_6962,chr13,23578480,23580308,1828
granulosa_6963,chr13,23742862,23744185,1323
granulosa_6964,chr13,23888246,23889869,1623
granulosa_6965,chr13,23902631,23904742,2111
granulosa_6966,chr13,23979177,23980581,1404
granulosa_6967,chr13,24052456,24054137,1681
granulosa_6968,chr13,24062897,24064234,1337
granulosa_6969,chr13,24119334,24120496,1162
granulosa_6970,chr13,24159920,24161869,1949
granulosa_6971,chr13,24270359,24271221,862
granulosa_6972,chr13,24271419,24273265,1846
granulosa_6973,chr13,24288332,24289391,1059
granulosa_6974,chr13,24511491,24513153,1662
granulosa_6975,chr13,24680029,24681469,1440
granulosa_6976,chr13,24745736,24748236,2500
granulosa_6977,chr13,24921736,24923606,1870
granulosa_6978,chr13,25017601,25019075,1474
granulosa_6979,chr13,25046532,25047675,1143
granulosa_6980,chr13,25170200,25172214,2014
granulosa_6981,chr13,25286251,25288003,1752
granulosa_6982,chr13,25300601,25302209,1608
granulosa_6983,chr13,25371539,25373023,1484
granulosa_6984,chr13,25468151,25469424,1273
granulosa_6985,chr13,26011921,26013371,1450
granulosa_6986,chr13,26048744,26052519,3775
granulosa_6987,chr13,26185761,26187296,1535
granulosa_6988,chr13,26221233,26222916,1683
granulosa_6989,chr13,26253346,26255497,2151
granulosa_6990,chr13,26556951,26558694,1743
granulosa_6991,chr13,26698055,26699053,998
granulosa_6992,chr13,26965589,26967959,2370
granulosa_6993,chr13,26982964,26983701,737
granulosa_6994,chr13,27170366,27172724,2358
granulosa_6995,chr13,27250603,27252315,1712
granulosa_6996,chr13,27270255,27271529,1274
granulosa_6997,chr13,27361762,27362779,1017
granulosa_6998,chr13,27423930,27426445,2515
granulosa_6999,chr13,27449081,27451520,2439
granulosa_7000,chr13,27619367,27622421,3054
granulosa_7001,chr13,27792072,27792984,912
granulosa_7002,chr13,27826218,27826938,720
granulosa_7003,chr13,27829779,27830330,551
granulosa_7004,chr13,27919750,27921512,1762
granulosa_7005,chr13,27952895,27954854,1959
granulosa_7006,chr13,27960251,27961705,1454
granulosa_7007,chr13,28099512,28101128,1616
granulosa_7008,chr13,28137630,28140342,2712
granulosa_7009,chr13,28493676,28495884,2208
granulosa_7010,chr13,28530716,28533344,2628
granulosa_7011,chr13,28657805,28659880,2075
granulosa_7012,chr13,28718094,28719711,1617
granulosa_7013,chr13,28819088,28821130,2042
granulosa_7014,chr13,29402030,29402880,850
granulosa_7015,chr13,29428007,29429400,1393
granulosa_7016,chr13,29496054,29497783,1729
granulosa_7017,chr13,29594230,29596156,1926
granulosa_7018,chr13,29848736,29851138,2402
granulosa_7019,chr13,29877298,29878545,1247
granulosa_7020,chr13,29923588,29926137,2549
granulosa_7021,chr13,30112371,30113290,919
granulosa_7022,chr13,30114128,30115443,1315
granulosa_7023,chr13,30132373,30134385,2012
granulosa_7024,chr13,30306535,30307990,1455
granulosa_7025,chr13,30394641,30395938,1297
granulosa_7026,chr13,30408027,30409061,1034
granulosa_7027,chr13,30420947,30422803,1856
granulosa_7028,chr13,30445303,30446396,1093
granulosa_7029,chr13,30463803,30466387,2584
granulosa_7030,chr13,30616697,30618640,1943
granulosa_7031,chr13,30673444,30674662,1218
granulosa_7032,chr13,30802627,30803511,884
granulosa_7033,chr13,30864207,30865693,1486
granulosa_7034,chr13,30905752,30909074,3322
granulosa_7035,chr13,31160586,31162914,2328
granulosa_7036,chr13,31199525,31201785,2260
granulosa_7037,chr13,31845987,31847403,1416
granulosa_7038,chr13,31885984,31888147,2163
granulosa_7039,chr13,31945035,31946215,1180
granulosa_7040,chr13,32030606,32032271,1665
granulosa_7041,chr13,32284531,32286029,1498
granulosa_7042,chr13,32314527,32316404,1877
granulosa_7043,chr13,32426754,32428834,2080
granulosa_7044,chr13,32537742,32539267,1525
granulosa_7045,chr13,32585530,32588097,2567
granulosa_7046,chr13,32849494,32851740,2246
granulosa_7047,chr13,33015709,33017923,2214
granulosa_7048,chr13,33110784,33112358,1574
granulosa_7049,chr13,33194583,33195715,1132
granulosa_7050,chr13,33213387,33215467,2080
granulosa_7051,chr13,33284545,33286444,1899
granulosa_7052,chr13,33349361,33350885,1524
granulosa_7053,chr13,33541383,33543363,1980
granulosa_7054,chr13,33648782,33650136,1354
granulosa_7055,chr13,33675614,33677291,1677
granulosa_7056,chr13,33817487,33819037,1550
granulosa_7057,chr13,34749846,34751021,1175
granulosa_7058,chr13,34941541,34944014,2473
granulosa_7059,chr13,35470476,35471861,1385
granulosa_7060,chr13,35475096,35476867,1771
granulosa_7061,chr13,35953174,35953974,800
granulosa_7062,chr13,36123812,36125016,1204
granulosa_7063,chr13,36130148,36132258,2110
granulosa_7064,chr13,36297238,36299018,1780
granulosa_7065,chr13,36344997,36347045,2048
granulosa_7066,chr13,36431357,36433224,1867
granulosa_7067,chr13,36673250,36675400,2150
granulosa_7068,chr13,36818413,36820179,1766
granulosa_7069,chr13,36918521,36920821,2300
granulosa_7070,chr13,36998299,37001490,3191
granulosa_7071,chr13,37057920,37060364,2444
granulosa_7072,chr13,37868575,37870607,2032
granulosa_7073,chr13,38348671,38350594,1923
granulosa_7074,chr13,38685906,38688138,2232
granulosa_7075,chr13,38735509,38736366,857
granulosa_7076,chr13,38757736,38758985,1249
granulosa_7077,chr13,38763317,38764182,865
granulosa_7078,chr13,39036318,39038919,2601
granulosa_7079,chr13,39602079,39604038,1959
granulosa_7080,chr13,39655147,39656642,1495
granulosa_7081,chr13,39899926,39900975,1049
granulosa_7082,chr13,40401890,40403810,1920
granulosa_7083,chr13,40480106,40481266,1160
granulosa_7084,chr13,40664089,40667455,3366
granulosa_7085,chr13,40770178,40772092,1914
granulosa_7086,chr13,40788877,40790555,1678
granulosa_7087,chr13,40920739,40922244,1505
granulosa_7088,chr13,41059540,41062457,2917
granulosa_7089,chr13,41131855,41133142,1287
granulosa_7090,chr13,41193506,41194911,1405
granulosa_7091,chr13,41262742,41264022,1280
granulosa_7092,chr13,41310645,41312525,1880
granulosa_7093,chr13,41456670,41458616,1946
granulosa_7094,chr13,41700556,41701483,927
granulosa_7095,chr13,41959594,41961650,2056
granulosa_7096,chr13,42039311,42042063,2752
granulosa_7097,chr13,42047326,42049681,2355
granulosa_7098,chr13,42271256,42273151,1895
granulosa_7099,chr13,42875448,42876519,1071
granulosa_7100,chr13,42991350,42992917,1567
granulosa_7101,chr13,43054426,43055746,1320
granulosa_7102,chr13,43302613,43303506,893
granulosa_7103,chr13,43307541,43308349,808
granulosa_7104,chr13,43543873,43547286,3413
granulosa_7105,chr13,43766733,43768037,1304
granulosa_7106,chr13,43785207,43787804,2597
granulosa_7107,chr13,43878741,43880556,1815
granulosa_7108,chr13,43985330,43986994,1664
granulosa_7109,chr13,44141283,44142768,1485
granulosa_7110,chr13,44305955,44307064,1109
granulosa_7111,chr13,44331627,44332991,1364
granulosa_7112,chr13,44372967,44374666,1699
granulosa_7113,chr13,44434753,44435957,1204
granulosa_7114,chr13,44436478,44437364,886
granulosa_7115,chr13,44575587,44578427,2840
granulosa_7116,chr13,44764281,44766237,1956
granulosa_7117,chr13,44905995,44907147,1152
granulosa_7118,chr13,44917300,44919182,1882
granulosa_7119,chr13,44988744,44990419,1675
granulosa_7120,chr13,45046494,45048175,1681
granulosa_7121,chr13,45119219,45121681,2462
granulosa_7122,chr13,45309129,45309717,588
granulosa_7123,chr13,45310734,45312087,1353
granulosa_7124,chr13,45333793,45336624,2831
granulosa_7125,chr13,45340142,45342288,2146
granulosa_7126,chr13,45370655,45371394,739
granulosa_7127,chr13,45417198,45418988,1790
granulosa_7128,chr13,45464247,45465705,1458
granulosa_7129,chr13,45615074,45616214,1140
granulosa_7130,chr13,45850030,45852252,2222
granulosa_7131,chr13,46051588,46053423,1835
granulosa_7132,chr13,46210854,46212404,1550
granulosa_7133,chr13,46386032,46387806,1774
granulosa_7134,chr13,46552192,46554873,2681
granulosa_7135,chr13,46796224,46797656,1432
granulosa_7136,chr13,46893233,46894901,1668
granulosa_7137,chr13,48000149,48002275,2126
granulosa_7138,chr13,48037109,48038345,1236
granulosa_7139,chr13,48094199,48095557,1358
granulosa_7140,chr13,48119994,48120934,940
granulosa_7141,chr13,48125620,48127847,2227
granulosa_7142,chr13,48232212,48234178,1966
granulosa_7143,chr13,48302927,48304794,1867
granulosa_7144,chr13,48316829,48319439,2610
granulosa_7145,chr13,48411266,48413662,2396
granulosa_7146,chr13,48531456,48533546,2090
granulosa_7147,chr13,48625315,48626930,1615
granulosa_7148,chr13,48974718,48977454,2736
granulosa_7149,chr13,49109583,49111221,1638
granulosa_7150,chr13,49219723,49221332,1609
granulosa_7151,chr13,49247148,49248994,1846
granulosa_7152,chr13,49329513,49330496,983
granulosa_7153,chr13,49371533,49372580,1047
granulosa_7154,chr13,49400724,49401809,1085
granulosa_7155,chr13,49443095,49445341,2246
granulosa_7156,chr13,49495042,49496800,1758
granulosa_7157,chr13,49560105,49561432,1327
granulosa_7158,chr13,49584488,49586319,1831
granulosa_7159,chr13,49606771,49608018,1247
granulosa_7160,chr13,49689838,49692162,2324
granulosa_7161,chr13,49791148,49793665,2517
granulosa_7162,chr13,49935312,49937285,1973
granulosa_7163,chr13,49995785,49997657,1872
granulosa_7164,chr13,50080133,50082974,2841
granulosa_7165,chr13,50123567,50126282,2715
granulosa_7166,chr13,50129819,50130942,1123
granulosa_7167,chr13,50132412,50134012,1600
granulosa_7168,chr13,50399251,50400775,1524
granulosa_7169,chr13,50420833,50422150,1317
granulosa_7170,chr13,50842550,50844161,1611
granulosa_7171,chr13,50909361,50910832,1471
granulosa_7172,chr13,50988930,50989867,937
granulosa_7173,chr13,51221555,51223557,2002
granulosa_7174,chr13,51245559,51247322,1763
granulosa_7175,chr13,51291234,51292832,1598
granulosa_7176,chr13,51451231,51454271,3040
granulosa_7177,chr13,51583377,51585503,2126
granulosa_7178,chr13,51785496,51787478,1982
granulosa_7179,chr13,51802613,51805112,2499
granulosa_7180,chr13,51814821,51816481,1660
granulosa_7181,chr13,52010895,52012689,1794
granulosa_7182,chr13,52127378,52129576,2198
granulosa_7183,chr13,52158550,52160012,1462
granulosa_7184,chr13,52193493,52196159,2666
granulosa_7185,chr13,52405247,52406570,1323
granulosa_7186,chr13,52449217,52450924,1707
granulosa_7187,chr13,52454365,52456271,1906
granulosa_7188,chr13,52599151,52601082,1931
granulosa_7189,chr13,52616621,52618398,1777
granulosa_7190,chr13,52651900,52653792,1892
granulosa_7191,chr13,52845949,52847386,1437
granulosa_7192,chr13,52848276,52848820,544
granulosa_7193,chr13,52850444,52851932,1488
granulosa_7194,chr13,53010180,53011086,906
granulosa_7195,chr13,53200201,53202311,2110
granulosa_7196,chr13,53781819,53783859,2040
granulosa_7197,chr13,57436541,57438118,1577
granulosa_7198,chr13,57629263,57630232,969
granulosa_7199,chr13,57630723,57632797,2074
granulosa_7200,chr13,57633421,57633805,384
granulosa_7201,chr13,57634233,57635046,813
granulosa_7202,chr13,59749842,59751340,1498
granulosa_7203,chr13,60162848,60164990,2142
granulosa_7204,chr13,60395791,60398434,2643
granulosa_7205,chr13,61413488,61415928,2440
granulosa_7206,chr13,65592643,65595149,2506
granulosa_7207,chr13,66353113,66354355,1242
granulosa_7208,chr13,67223813,67224595,782
granulosa_7209,chr13,67229403,67231595,2192
granulosa_7210,chr13,70107212,70108620,1408
granulosa_7211,chr13,71241480,71242757,1277
granulosa_7212,chr13,71864072,71867725,3653
granulosa_7213,chr13,72075256,72076745,1489
granulosa_7214,chr13,72166388,72167939,1551
granulosa_7215,chr13,72383626,72385114,1488
granulosa_7216,chr13,72521409,72523357,1948
granulosa_7217,chr13,72726737,72728557,1820
granulosa_7218,chr13,72781182,72782514,1332
granulosa_7219,chr13,73058243,73060935,2692
granulosa_7220,chr13,73765271,73766866,1595
granulosa_7221,chr13,74132708,74136601,3893
granulosa_7222,chr13,74286787,74288944,2157
granulosa_7223,chr13,74289886,74290810,924
granulosa_7224,chr13,74324861,74326002,1141
granulosa_7225,chr13,74575075,74576370,1295
granulosa_7226,chr13,75197455,75198575,1120
granulosa_7227,chr13,75219426,75220257,831
granulosa_7228,chr13,75480403,75482768,2365
granulosa_7229,chr13,75536557,75538432,1875
granulosa_7230,chr13,75548760,75550667,1907
granulosa_7231,chr13,75635072,75637756,2684
granulosa_7232,chr13,76621695,76623496,1801
granulosa_7233,chr13,76724563,76726286,1723
granulosa_7234,chr13,76884636,76887622,2986
granulosa_7235,chr13,76979765,76980505,740
granulosa_7236,chr13,76991206,76993248,2042
granulosa_7237,chr13,77026110,77027662,1552
granulosa_7238,chr13,77138517,77139526,1009
granulosa_7239,chr13,77325857,77327439,1582
granulosa_7240,chr13,77328889,77330420,1531
granulosa_7241,chr13,77477431,77478797,1366
granulosa_7242,chr13,77507806,77509636,1830
granulosa_7243,chr13,77696999,77699146,2147
granulosa_7244,chr13,77917985,77920109,2124
granulosa_7245,chr13,78595422,78597054,1632
granulosa_7246,chr13,78602813,78603993,1180
granulosa_7247,chr13,78608478,78609915,1437
granulosa_7248,chr13,78657762,78660407,2645
granulosa_7249,chr13,79405027,79406815,1788
granulosa_7250,chr13,79480550,79482029,1479
granulosa_7251,chr13,79740494,79741647,1153
granulosa_7252,chr13,79749489,79751173,1684
granulosa_7253,chr13,79781816,79783436,1620
granulosa_7254,chr13,80040032,80041539,1507
granulosa_7255,chr13,80132456,80134166,1710
granulosa_7256,chr13,80140571,80141751,1180
granulosa_7257,chr13,80338752,80339690,938
granulosa_7258,chr13,80339896,80342003,2107
granulosa_7259,chr13,80342419,80343347,928
granulosa_7260,chr13,83881198,83882613,1415
granulosa_7261,chr13,84552953,84553845,892
granulosa_7262,chr13,87670883,87674075,3192
granulosa_7263,chr13,87677267,87678338,1071
granulosa_7264,chr13,88338968,88339935,967
granulosa_7265,chr13,91346681,91349414,2733
granulosa_7266,chr13,91398164,91399588,1424
granulosa_7267,chr13,93226400,93228993,2593
granulosa_7268,chr13,93449800,93451106,1306
granulosa_7269,chr13,94478766,94480072,1306
granulosa_7270,chr13,94548329,94550352,2023
granulosa_7271,chr13,94595221,94596687,1466
granulosa_7272,chr13,94601079,94602655,1576
granulosa_7273,chr13,94710930,94713793,2863
granulosa_7274,chr13,94967355,94968976,1621
granulosa_7275,chr13,95300491,95302272,1781
granulosa_7276,chr13,95380155,95381657,1502
granulosa_7277,chr13,95403457,95404740,1283
granulosa_7278,chr13,95552023,95553882,1859
granulosa_7279,chr13,95641261,95642320,1059
granulosa_7280,chr13,95643465,95644968,1503
granulosa_7281,chr13,95675730,95678236,2506
granulosa_7282,chr13,96052450,96053927,1477
granulosa_7283,chr13,96089464,96091967,2503
granulosa_7284,chr13,97109024,97110278,1254
granulosa_7285,chr13,97124254,97126218,1964
granulosa_7286,chr13,97221645,97222705,1060
granulosa_7287,chr13,97223036,97224688,1652
granulosa_7288,chr13,97432288,97435005,2717
granulosa_7289,chr13,97975359,97977715,2356
granulosa_7290,chr13,98141940,98144712,2772
granulosa_7291,chr13,98171773,98174786,3013
granulosa_7292,chr13,98213367,98215056,1689
granulosa_7293,chr13,98307337,98308513,1176
granulosa_7294,chr13,98404846,98407130,2284
granulosa_7295,chr13,98445084,98445681,597
granulosa_7296,chr13,98483706,98485245,1539
granulosa_7297,chr13,98506323,98507881,1558
granulosa_7298,chr13,98521134,98522771,1637
granulosa_7299,chr13,98536478,98537831,1353
granulosa_7300,chr13,98565517,98566492,975
granulosa_7301,chr13,98570915,98571951,1036
granulosa_7302,chr13,98574191,98574719,528
granulosa_7303,chr13,98575479,98578128,2649
granulosa_7304,chr13,98697416,98698324,908
granulosa_7305,chr13,99085653,99088361,2708
granulosa_7306,chr13,99199761,99201748,1987
granulosa_7307,chr13,99436574,99437344,770
granulosa_7308,chr13,99498114,99499239,1125
granulosa_7309,chr13,99500765,99502281,1516
granulosa_7310,chr13,99605621,99607128,1507
granulosa_7311,chr13,99657722,99658970,1248
granulosa_7312,chr13,99894766,99896503,1737
granulosa_7313,chr13,99925585,99926788,1203
granulosa_7314,chr13,99955457,99957570,2113
granulosa_7315,chr13,99969561,99972077,2516
granulosa_7316,chr13,99979068,99982648,3580
granulosa_7317,chr13,100088269,100090354,2085
granulosa_7318,chr13,100436690,100437820,1130
granulosa_7319,chr13,100494800,100496429,1629
granulosa_7320,chr13,100588033,100589248,1215
granulosa_7321,chr13,100673334,100675838,2504
granulosa_7322,chr13,100694339,100695379,1040
granulosa_7323,chr13,101415246,101417355,2109
granulosa_7324,chr13,102393742,102395108,1366
granulosa_7325,chr13,102399662,102401445,1783
granulosa_7326,chr13,102591746,102592762,1016
granulosa_7327,chr13,102595946,102597941,1995
granulosa_7328,chr13,102772732,102774544,1812
granulosa_7329,chr13,102798389,102800857,2468
granulosa_7330,chr13,102845227,102847064,1837
granulosa_7331,chr13,102913625,102915268,1643
granulosa_7332,chr13,104015110,104016757,1647
granulosa_7333,chr13,105978971,105980127,1156
granulosa_7334,chr13,106347997,106350016,2019
granulosa_7335,chr13,106484139,106485262,1123
granulosa_7336,chr13,106532575,106533489,914
granulosa_7337,chr13,106533839,106536740,2901
granulosa_7338,chr13,106566777,106568547,1770
granulosa_7339,chr13,106570244,106570859,615
granulosa_7340,chr13,106916813,106918367,1554
granulosa_7341,chr13,107865720,107868654,2934
granulosa_7342,chr13,108214202,108215869,1667
granulosa_7343,chr13,108217766,108219152,1386
granulosa_7344,chr13,108494767,108497094,2327
granulosa_7345,chr13,109331513,109332765,1252
granulosa_7346,chr13,109412186,109413061,875
granulosa_7347,chr13,109743652,109745342,1690
granulosa_7348,chr13,109780911,109781863,952
granulosa_7349,chr13,109784433,109785140,707
granulosa_7350,chr13,109785227,109787886,2659
granulosa_7351,chr13,109869150,109870202,1052
granulosa_7352,chr13,110136744,110139100,2356
granulosa_7353,chr13,110221310,110222560,1250
granulosa_7354,chr13,110237804,110239564,1760
granulosa_7355,chr13,110250168,110252091,1923
granulosa_7356,chr13,110262305,110265050,2745
granulosa_7357,chr13,110286756,110287908,1152
granulosa_7358,chr13,110306029,110309116,3087
granulosa_7359,chr13,110340584,110342084,1500
granulosa_7360,chr13,110387222,110389034,1812
granulosa_7361,chr13,110410924,110413061,2137
granulosa_7362,chr13,110446881,110447750,869
granulosa_7363,chr13,110455509,110456324,815
granulosa_7364,chr13,110560582,110562461,1879
granulosa_7365,chr13,110614895,110618030,3135
granulosa_7366,chr13,110644675,110645390,715
granulosa_7367,chr13,110705339,110706722,1383
granulosa_7368,chr13,110712045,110716136,4091
granulosa_7369,chr13,110874166,110875181,1015
granulosa_7370,chr13,110909861,110910778,917
granulosa_7371,chr13,110914023,110915988,1965
granulosa_7372,chr13,110924114,110925651,1537
granulosa_7373,chr13,111065445,111068088,2643
granulosa_7374,chr13,111114187,111116612,2425
granulosa_7375,chr13,111152618,111155009,2391
granulosa_7376,chr13,111892775,111894470,1695
granulosa_7377,chr13,112066096,112067396,1300
granulosa_7378,chr13,112072043,112073973,1930
granulosa_7379,chr13,112586982,112588684,1702
granulosa_7380,chr13,112605453,112606778,1325
granulosa_7381,chr13,112641348,112642213,865
granulosa_7382,chr13,112657664,112659099,1435
granulosa_7383,chr13,112688986,112691697,2711
granulosa_7384,chr13,112703694,112705541,1847
granulosa_7385,chr13,112711401,112713058,1657
granulosa_7386,chr13,112722043,112723454,1411
granulosa_7387,chr13,112733728,112734519,791
granulosa_7388,chr13,112873864,112875133,1269
granulosa_7389,chr13,112885406,112886398,992
granulosa_7390,chr13,112893351,112895446,2095
granulosa_7391,chr13,112942524,112944556,2032
granulosa_7392,chr13,112968159,112970195,2036
granulosa_7393,chr13,113000647,113002494,1847
granulosa_7394,chr13,113109205,113111223,2018
granulosa_7395,chr13,113122065,113123463,1398
granulosa_7396,chr13,113152796,113155136,2340
granulosa_7397,chr13,113207857,113210349,2492
granulosa_7398,chr13,113296332,113298592,2260
granulosa_7399,chr13,113362783,113365442,2659
granulosa_7400,chr13,113393211,113394461,1250
granulosa_7401,chr13,113458154,113459111,957
granulosa_7402,chr13,113489147,113491896,2749
granulosa_7403,chr13,113545346,113549670,4324
granulosa_7404,chr13,113562043,113562987,944
granulosa_7405,chr13,113584141,113586284,2143
granulosa_7406,chr13,113647016,113648162,1146
granulosa_7407,chr13,113723052,113725336,2284
granulosa_7408,chr13,113758487,113760167,1680
granulosa_7409,chr13,113813161,113814794,1633
granulosa_7410,chr13,113820418,113821730,1312
granulosa_7411,chr13,113860060,113861289,1229
granulosa_7412,chr13,113862208,113864253,2045
granulosa_7413,chr13,113907468,113908675,1207
granulosa_7414,chr13,113914501,113915685,1184
granulosa_7415,chr13,113927146,113929386,2240
granulosa_7416,chr13,113936903,113939287,2384
granulosa_7417,chr13,113950869,113951969,1100
granulosa_7418,chr13,114064136,114065851,1715
granulosa_7419,chr13,114130765,114132999,2234
granulosa_7420,chr13,114226542,114227242,700
granulosa_7421,chr13,114234359,114236171,1812
granulosa_7422,chr13,114280467,114282639,2172
granulosa_7423,chr13,114313679,114315739,2060
granulosa_7424,chr14,20305017,20306149,1132
granulosa_7425,chr14,20332267,20333685,1418
granulosa_7426,chr14,20342156,20344123,1967
granulosa_7427,chr14,20412254,20414130,1876
granulosa_7428,chr14,20454163,20456090,1927
granulosa_7429,chr14,20460645,20462105,1460
granulosa_7430,chr14,20468800,20470618,1818
granulosa_7431,chr14,20609112,20610366,1254
granulosa_7432,chr14,20612966,20614447,1481
granulosa_7433,chr14,20624618,20625895,1277
granulosa_7434,chr14,20630290,20631313,1023
granulosa_7435,chr14,20631703,20633617,1914
granulosa_7436,chr14,20681199,20685093,3894
granulosa_7437,chr14,20790367,20792137,1770
granulosa_7438,chr14,20799243,20800561,1318
granulosa_7439,chr14,20801429,20803483,2054
granulosa_7440,chr14,20855300,20856037,737
granulosa_7441,chr14,20970586,20972010,1424
granulosa_7442,chr14,20989115,20990635,1520
granulosa_7443,chr14,21014308,21015236,928
granulosa_7444,chr14,21024275,21026689,2414
granulosa_7445,chr14,21068494,21071976,3482
granulosa_7446,chr14,21091758,21093074,1316
granulosa_7447,chr14,21097077,21098947,1870
granulosa_7448,chr14,21103151,21104785,1634
granulosa_7449,chr14,21106355,21107353,998
granulosa_7450,chr14,21268797,21270851,2054
granulosa_7451,chr14,21307967,21309380,1413
granulosa_7452,chr14,21382971,21384815,1844
granulosa_7453,chr14,21428792,21429540,748
granulosa_7454,chr14,21436483,21437904,1421
granulosa_7455,chr14,21454903,21456937,2034
granulosa_7456,chr14,21476034,21477997,1963
granulosa_7457,chr14,21510291,21511863,1572
granulosa_7458,chr14,21525306,21527301,1995
granulosa_7459,chr14,21535653,21537355,1702
granulosa_7460,chr14,21556416,21558183,1767
granulosa_7461,chr14,22432276,22433701,1425
granulosa_7462,chr14,22556078,22557540,1462
granulosa_7463,chr14,22570020,22571085,1065
granulosa_7464,chr14,22588493,22590196,1703
granulosa_7465,chr14,22597761,22599216,1455
granulosa_7466,chr14,22612978,22614811,1833
granulosa_7467,chr14,22765963,22767540,1577
granulosa_7468,chr14,22821171,22823427,2256
granulosa_7469,chr14,22829311,22830709,1398
granulosa_7470,chr14,22836074,22839543,3469
granulosa_7471,chr14,22847622,22849885,2263
granulosa_7472,chr14,22852848,22853734,886
granulosa_7473,chr14,22870974,22873111,2137
granulosa_7474,chr14,22882345,22883953,1608
granulosa_7475,chr14,22886360,22887889,1529
granulosa_7476,chr14,22918211,22919790,1579
granulosa_7477,chr14,22928473,22930882,2409
granulosa_7478,chr14,22955661,22958368,2707
granulosa_7479,chr14,22966100,22967170,1070
granulosa_7480,chr14,22977340,22978295,955
granulosa_7481,chr14,22980248,22983554,3306
granulosa_7482,chr14,22996608,22998907,2299
granulosa_7483,chr14,23006469,23007501,1032
granulosa_7484,chr14,23009610,23011089,1479
granulosa_7485,chr14,23033970,23035470,1500
granulosa_7486,chr14,23056746,23058543,1797
granulosa_7487,chr14,23068571,23069446,875
granulosa_7488,chr14,23070260,23072475,2215
granulosa_7489,chr14,23094100,23096414,2314
granulosa_7490,chr14,23120558,23121885,1327
granulosa_7491,chr14,23153438,23155586,2148
granulosa_7492,chr14,23181367,23183879,2512
granulosa_7493,chr14,23237500,23238354,854
granulosa_7494,chr14,23285138,23286914,1776
granulosa_7495,chr14,23300662,23303014,2352
granulosa_7496,chr14,23306296,23307403,1107
granulosa_7497,chr14,23320461,23322688,2227
granulosa_7498,chr14,23351709,23353142,1433
granulosa_7499,chr14,23364175,23367062,2887
granulosa_7500,chr14,23468709,23470032,1323
granulosa_7501,chr14,23482027,23483619,1592
granulosa_7502,chr14,23492355,23494749,2394
granulosa_7503,chr14,23550352,23551987,1635
granulosa_7504,chr14,23555605,23556771,1166
granulosa_7505,chr14,23566766,23568016,1250
granulosa_7506,chr14,23575755,23579323,3568
granulosa_7507,chr14,23588691,23589604,913
granulosa_7508,chr14,23631617,23633629,2012
granulosa_7509,chr14,23640043,23641504,1461
granulosa_7510,chr14,23692360,23696239,3879
granulosa_7511,chr14,23707814,23709319,1505
granulosa_7512,chr14,23868309,23870072,1763
granulosa_7513,chr14,23883222,23884856,1634
granulosa_7514,chr14,23953034,23954413,1379
granulosa_7515,chr14,23988235,23989402,1167
granulosa_7516,chr14,24035770,24037061,1291
granulosa_7517,chr14,24051079,24052862,1783
granulosa_7518,chr14,24057911,24059219,1308
granulosa_7519,chr14,24080815,24082218,1403
granulosa_7520,chr14,24090360,24090845,485
granulosa_7521,chr14,24093629,24095712,2083
granulosa_7522,chr14,24113464,24115938,2474
granulosa_7523,chr14,24135470,24136745,1275
granulosa_7524,chr14,24140467,24142062,1595
granulosa_7525,chr14,24146187,24148241,2054
granulosa_7526,chr14,24160637,24162420,1783
granulosa_7527,chr14,24171247,24173344,2097
granulosa_7528,chr14,24187833,24189112,1279
granulosa_7529,chr14,24194683,24196618,1935
granulosa_7530,chr14,24212756,24213762,1006
granulosa_7531,chr14,24215285,24216292,1007
granulosa_7532,chr14,24231514,24233359,1845
granulosa_7533,chr14,24241729,24243551,1822
granulosa_7534,chr14,24270745,24271945,1200
granulosa_7535,chr14,24273682,24274697,1015
granulosa_7536,chr14,24298903,24300323,1420
granulosa_7537,chr14,24310268,24311620,1352
granulosa_7538,chr14,24331794,24333210,1416
granulosa_7539,chr14,24333467,24335381,1914
granulosa_7540,chr14,24365632,24369394,3762
granulosa_7541,chr14,24397640,24400611,2971
granulosa_7542,chr14,24402850,24403657,807
granulosa_7543,chr14,24416758,24418938,2180
granulosa_7544,chr14,24429339,24431158,1819
granulosa_7545,chr14,24431614,24432066,452
granulosa_7546,chr14,24441728,24443625,1897
granulosa_7547,chr14,24710234,24711320,1086
granulosa_7548,chr14,24817111,24818737,1626
granulosa_7549,chr14,24907799,24909441,1642
granulosa_7550,chr14,25048400,25050720,2320
granulosa_7551,chr14,25986652,25987875,1223
granulosa_7552,chr14,26204391,26205516,1125
granulosa_7553,chr14,26596443,26599101,2658
granulosa_7554,chr14,27049184,27050618,1434
granulosa_7555,chr14,28765270,28768544,3274
granulosa_7556,chr14,28773775,28775079,1304
granulosa_7557,chr14,28784400,28786029,1629
granulosa_7558,chr14,29650142,29651314,1172
granulosa_7559,chr14,29926165,29928687,2522
granulosa_7560,chr14,30558305,30560110,1805
granulosa_7561,chr14,30621146,30622906,1760
granulosa_7562,chr14,30873878,30875970,2092
granulosa_7563,chr14,31024682,31027420,2738
granulosa_7564,chr14,31205643,31206338,695
granulosa_7565,chr14,31206618,31208597,1979
granulosa_7566,chr14,31419107,31421026,1919
granulosa_7567,chr14,31456486,31457914,1428
granulosa_7568,chr14,31560812,31562305,1493
granulosa_7569,chr14,31836162,31837506,1344
granulosa_7570,chr14,31949945,31951936,1991
granulosa_7571,chr14,31967526,31970083,2557
granulosa_7572,chr14,32075756,32078320,2564
granulosa_7573,chr14,32200744,32204249,3505
granulosa_7574,chr14,32932355,32935338,2983
granulosa_7575,chr14,32938002,32940626,2624
granulosa_7576,chr14,33477545,33479347,1802
granulosa_7577,chr14,33553478,33556173,2695
granulosa_7578,chr14,33791858,33793691,1833
granulosa_7579,chr14,33848774,33849566,792
granulosa_7580,chr14,33949799,33951429,1630
granulosa_7581,chr14,34059720,34061197,1477
granulosa_7582,chr14,34460854,34463159,2305
granulosa_7583,chr14,34537384,34540498,3114
granulosa_7584,chr14,34628798,34630557,1759
granulosa_7585,chr14,34713454,34715459,2005
granulosa_7586,chr14,34872787,34875568,2781
granulosa_7587,chr14,34980889,34983521,2632
granulosa_7588,chr14,35045343,35047067,1724
granulosa_7589,chr14,35121077,35123502,2425
granulosa_7590,chr14,35291521,35293323,1802
granulosa_7591,chr14,35335341,35337135,1794
granulosa_7592,chr14,35341155,35342601,1446
granulosa_7593,chr14,35347183,35348269,1086
granulosa_7594,chr14,35403090,35405322,2232
granulosa_7595,chr14,35533100,35535765,2665
granulosa_7596,chr14,35808113,35809530,1417
granulosa_7597,chr14,35825556,35827284,1728
granulosa_7598,chr14,36319366,36321089,1723
granulosa_7599,chr14,36520531,36521324,793
granulosa_7600,chr14,36580572,36581853,1281
granulosa_7601,chr14,36646636,36648514,1878
granulosa_7602,chr14,36655714,36656964,1250
granulosa_7603,chr14,36661330,36662299,969
granulosa_7604,chr14,36662560,36664056,1496
granulosa_7605,chr14,37171600,37173129,1529
granulosa_7606,chr14,37197084,37198712,1628
granulosa_7607,chr14,37583297,37585506,2209
granulosa_7608,chr14,37594183,37595739,1556
granulosa_7609,chr14,37888896,37889591,695
granulosa_7610,chr14,38207479,38209922,2443
granulosa_7611,chr14,39102213,39103950,1737
granulosa_7612,chr14,39113751,39115283,1532
granulosa_7613,chr14,39169003,39170809,1806
granulosa_7614,chr14,39174429,39175906,1477
granulosa_7615,chr14,39266131,39268046,1915
granulosa_7616,chr14,39430590,39433753,3163
granulosa_7617,chr14,41604304,41607206,2902
granulosa_7618,chr14,41609628,41610271,643
granulosa_7619,chr14,43968436,43969263,827
granulosa_7620,chr14,44896771,44898210,1439
granulosa_7621,chr14,44960953,44963219,2266
granulosa_7622,chr14,45083410,45085329,1919
granulosa_7623,chr14,45133682,45134977,1295
granulosa_7624,chr14,45135249,45136719,1470
granulosa_7625,chr14,45251990,45254225,2235
granulosa_7626,chr14,45891299,45893204,1905
granulosa_7627,chr14,47673825,47676507,2682
granulosa_7628,chr14,47777855,47779823,1968
granulosa_7629,chr14,48373619,48375419,1800
granulosa_7630,chr14,49585024,49587199,2175
granulosa_7631,chr14,49597688,49600277,2589
granulosa_7632,chr14,49619737,49621792,2055
granulosa_7633,chr14,49633024,49635645,2621
granulosa_7634,chr14,49687327,49688620,1293
granulosa_7635,chr14,49692552,49693905,1353
granulosa_7636,chr14,49766987,49769436,2449
granulosa_7637,chr14,49851881,49854126,2245
granulosa_7638,chr14,49861351,49864159,2808
granulosa_7639,chr14,49867693,49868686,993
granulosa_7640,chr14,49892021,49894280,2259
granulosa_7641,chr14,49946255,49947160,905
granulosa_7642,chr14,49959678,49960725,1047
granulosa_7643,chr14,50002984,50004008,1024
granulosa_7644,chr14,50115577,50117294,1717
granulosa_7645,chr14,50230270,50232446,2176
granulosa_7646,chr14,50311271,50313128,1857
granulosa_7647,chr14,50320700,50321635,935
granulosa_7648,chr14,50388149,50389172,1023
granulosa_7649,chr14,50396049,50397729,1680
granulosa_7650,chr14,50531514,50533324,1810
granulosa_7651,chr14,50559765,50561327,1562
granulosa_7652,chr14,50666794,50669162,2368
granulosa_7653,chr14,50822760,50824347,1587
granulosa_7654,chr14,50829569,50831885,2316
granulosa_7655,chr14,50859300,50860872,1572
granulosa_7656,chr14,50942652,50945146,2494
granulosa_7657,chr14,51093357,51096083,2726
granulosa_7658,chr14,51239387,51241183,1796
granulosa_7659,chr14,51650738,51653487,2749
granulosa_7660,chr14,51859950,51861692,1742
granulosa_7661,chr14,51988549,51990447,1898
granulosa_7662,chr14,52067563,52070116,2553
granulosa_7663,chr14,52267179,52269001,1822
granulosa_7664,chr14,52312747,52315642,2895
granulosa_7665,chr14,52350908,52352829,1921
granulosa_7666,chr14,52551497,52554188,2691
granulosa_7667,chr14,52694426,52696137,1711
granulosa_7668,chr14,52706175,52708196,2021
granulosa_7669,chr14,52729592,52731101,1509
granulosa_7670,chr14,52790508,52792213,1705
granulosa_7671,chr14,52852370,52853702,1332
granulosa_7672,chr14,52949557,52952553,2996
granulosa_7673,chr14,53151390,53153756,2366
granulosa_7674,chr14,53216515,53218237,1722
granulosa_7675,chr14,53305826,53307366,1540
granulosa_7676,chr14,53629965,53631216,1251
granulosa_7677,chr14,53714323,53715751,1428
granulosa_7678,chr14,53946053,53947301,1248
granulosa_7679,chr14,53952679,53954792,2113
granulosa_7680,chr14,53955672,53957084,1412
granulosa_7681,chr14,53963066,53964499,1433
granulosa_7682,chr14,53978800,53979976,1176
granulosa_7683,chr14,54219073,54220897,1824
granulosa_7684,chr14,54343189,54344815,1626
granulosa_7685,chr14,54348976,54350732,1756
granulosa_7686,chr14,54353536,54354827,1291
granulosa_7687,chr14,54396301,54398026,1725
granulosa_7688,chr14,54439888,54441812,1924
granulosa_7689,chr14,54445710,54447501,1791
granulosa_7690,chr14,54450411,54451611,1200
granulosa_7691,chr14,54471566,54473192,1626
granulosa_7692,chr14,54487615,54489575,1960
granulosa_7693,chr14,54509168,54510886,1718
granulosa_7694,chr14,54564739,54568432,3693
granulosa_7695,chr14,54651651,54652965,1314
granulosa_7696,chr14,54691361,54693002,1641
granulosa_7697,chr14,54772964,54774348,1384
granulosa_7698,chr14,54901200,54903381,2181
granulosa_7699,chr14,55026155,55028369,2214
granulosa_7700,chr14,55050851,55052896,2045
granulosa_7701,chr14,55122113,55123454,1341
granulosa_7702,chr14,55128879,55130366,1487
granulosa_7703,chr14,55190811,55192134,1323
granulosa_7704,chr14,55200267,55201736,1469
granulosa_7705,chr14,55270877,55272293,1416
granulosa_7706,chr14,55276136,55277030,894
granulosa_7707,chr14,55332533,55334642,2109
granulosa_7708,chr14,55410719,55412234,1515
granulosa_7709,chr14,55453888,55455643,1755
granulosa_7710,chr14,55579155,55581486,2331
granulosa_7711,chr14,55806579,55808042,1463
granulosa_7712,chr14,55976066,55977949,1883
granulosa_7713,chr14,56004408,56006064,1656
granulosa_7714,chr14,56117510,56119943,2433
granulosa_7715,chr14,56422260,56424147,1887
granulosa_7716,chr14,56579133,56580720,1587
granulosa_7717,chr14,56794003,56795307,1304
granulosa_7718,chr14,56797092,56799354,2262
granulosa_7719,chr14,56807453,56809699,2246
granulosa_7720,chr14,57267894,57269951,2057
granulosa_7721,chr14,57389622,57392393,2771
granulosa_7722,chr14,57864926,57866491,1565
granulosa_7723,chr14,58150826,58152965,2139
granulosa_7724,chr14,58199165,58201056,1891
granulosa_7725,chr14,58238058,58240492,2434
granulosa_7726,chr14,58243844,58245639,1795
granulosa_7727,chr14,58280844,58281800,956
granulosa_7728,chr14,58297347,58300051,2704
granulosa_7729,chr14,58330719,58331566,847
granulosa_7730,chr14,58395439,58396675,1236
granulosa_7731,chr14,58426550,58428579,2029
granulosa_7732,chr14,58539880,58541522,1642
granulosa_7733,chr14,58565142,58566694,1552
granulosa_7734,chr14,58636914,58639343,2429
granulosa_7735,chr14,58765108,58766426,1318
granulosa_7736,chr14,59187748,59190233,2485
granulosa_7737,chr14,59253999,59255530,1531
granulosa_7738,chr14,59342058,59343171,1113
granulosa_7739,chr14,59463779,59465752,1973
granulosa_7740,chr14,59483349,59485058,1709
granulosa_7741,chr14,59575771,59577038,1267
granulosa_7742,chr14,59869231,59871422,2191
granulosa_7743,chr14,59918788,59920561,1773
granulosa_7744,chr14,60090965,60093116,2151
granulosa_7745,chr14,60164374,60165818,1444
granulosa_7746,chr14,60247742,60250636,2894
granulosa_7747,chr14,60327290,60328270,980
granulosa_7748,chr14,60331060,60332127,1067
granulosa_7749,chr14,60485087,60486280,1193
granulosa_7750,chr14,60508549,60510146,1597
granulosa_7751,chr14,60514433,60516270,1837
granulosa_7752,chr14,60648243,60650099,1856
granulosa_7753,chr14,60656012,60657977,1965
granulosa_7754,chr14,60721061,60724578,3517
granulosa_7755,chr14,60734285,60735694,1409
granulosa_7756,chr14,60980431,60982282,1851
granulosa_7757,chr14,61280047,61281648,1601
granulosa_7758,chr14,61320750,61322953,2203
granulosa_7759,chr14,61460822,61462135,1313
granulosa_7760,chr14,61526513,61528088,1575
granulosa_7761,chr14,61567890,61569056,1166
granulosa_7762,chr14,61694766,61696634,1868
granulosa_7763,chr14,61750625,61751976,1351
granulosa_7764,chr14,61761688,61763567,1879
granulosa_7765,chr14,61811872,61813721,1849
granulosa_7766,chr14,62116636,62118189,1553
granulosa_7767,chr14,62662447,62663750,1303
granulosa_7768,chr14,63044834,63046640,1806
granulosa_7769,chr14,63203629,63205243,1614
granulosa_7770,chr14,63541973,63544313,2340
granulosa_7771,chr14,63640897,63642959,2062
granulosa_7772,chr14,63726682,63728533,1851
granulosa_7773,chr14,63776639,63777828,1189
granulosa_7774,chr14,63852216,63854445,2229
granulosa_7775,chr14,63890419,63892378,1959
granulosa_7776,chr14,64185793,64187066,1273
granulosa_7777,chr14,64194462,64196130,1668
granulosa_7778,chr14,64196519,64197495,976
granulosa_7779,chr14,64217225,64219581,2356
granulosa_7780,chr14,64234648,64236277,1629
granulosa_7781,chr14,64238155,64239147,992
granulosa_7782,chr14,64248740,64251203,2463
granulosa_7783,chr14,64292998,64295664,2666
granulosa_7784,chr14,64337654,64339291,1637
granulosa_7785,chr14,64387155,64389199,2044
granulosa_7786,chr14,64464577,64466414,1837
granulosa_7787,chr14,64502653,64505784,3131
granulosa_7788,chr14,64539232,64540989,1757
granulosa_7789,chr14,64549451,64550737,1286
granulosa_7790,chr14,64681676,64682727,1051
granulosa_7791,chr14,64703018,64703454,436
granulosa_7792,chr14,64703796,64706044,2248
granulosa_7793,chr14,64757867,64759280,1413
granulosa_7794,chr14,64761612,64763102,1490
granulosa_7795,chr14,64763804,64765085,1281
granulosa_7796,chr14,64822898,64823896,998
granulosa_7797,chr14,64878695,64880972,2277
granulosa_7798,chr14,64913788,64915213,1425
granulosa_7799,chr14,64938506,64939447,941
granulosa_7800,chr14,64970809,64972797,1988
granulosa_7801,chr14,64986236,64987794,1558
granulosa_7802,chr14,65095157,65097032,1875
granulosa_7803,chr14,65101544,65103367,1823
granulosa_7804,chr14,65411359,65413823,2464
granulosa_7805,chr14,66379726,66381012,1286
granulosa_7806,chr14,66495303,66497204,1901
granulosa_7807,chr14,66507169,66510148,2979
granulosa_7808,chr14,67240284,67242298,2014
granulosa_7809,chr14,67358889,67360840,1951
granulosa_7810,chr14,67513777,67515896,2119
granulosa_7811,chr14,67531973,67534096,2123
granulosa_7812,chr14,67599269,67601108,1839
granulosa_7813,chr14,67618602,67620726,2124
granulosa_7814,chr14,67673564,67675505,1941
granulosa_7815,chr14,67694586,67696167,1581
granulosa_7816,chr14,67815638,67817252,1614
granulosa_7817,chr14,67819393,67820584,1191
granulosa_7818,chr14,67933188,67935139,1951
granulosa_7819,chr14,68139808,68140891,1083
granulosa_7820,chr14,68178295,68179371,1076
granulosa_7821,chr14,68245402,68246942,1540
granulosa_7822,chr14,68294807,68296154,1347
granulosa_7823,chr14,68363410,68365243,1833
granulosa_7824,chr14,68522028,68523214,1186
granulosa_7825,chr14,68547561,68548979,1418
granulosa_7826,chr14,68562883,68565611,2728
granulosa_7827,chr14,68607044,68608596,1552
granulosa_7828,chr14,68654316,68655903,1587
granulosa_7829,chr14,68658871,68660279,1408
granulosa_7830,chr14,68722000,68724501,2501
granulosa_7831,chr14,68762383,68764105,1722
granulosa_7832,chr14,68779753,68781567,1814
granulosa_7833,chr14,68782464,68783118,654
granulosa_7834,chr14,68785986,68787628,1642
granulosa_7835,chr14,68788873,68789217,344
granulosa_7836,chr14,68792795,68793877,1082
granulosa_7837,chr14,68794189,68796369,2180
granulosa_7838,chr14,68815877,68817050,1173
granulosa_7839,chr14,68961456,68962646,1190
granulosa_7840,chr14,68977342,68980118,2776
granulosa_7841,chr14,69128787,69129887,1100
granulosa_7842,chr14,69149609,69150301,692
granulosa_7843,chr14,69151302,69154161,2859
granulosa_7844,chr14,69191096,69192459,1363
granulosa_7845,chr14,69259160,69262195,3035
granulosa_7846,chr14,69397265,69399415,2150
granulosa_7847,chr14,69483606,69485234,1628
granulosa_7848,chr14,69547539,69548431,892
granulosa_7849,chr14,69571444,69573469,2025
granulosa_7850,chr14,69573648,69574966,1318
granulosa_7851,chr14,69610289,69612963,2674
granulosa_7852,chr14,69615449,69616465,1016
granulosa_7853,chr14,69647989,69649488,1499
granulosa_7854,chr14,69687310,69688054,744
granulosa_7855,chr14,69726281,69727618,1337
granulosa_7856,chr14,69766548,69768085,1537
granulosa_7857,chr14,69772222,69774447,2225
granulosa_7858,chr14,69878637,69880638,2001
granulosa_7859,chr14,69987318,69988252,934
granulosa_7860,chr14,70186678,70189438,2760
granulosa_7861,chr14,70254398,70255980,1582
granulosa_7862,chr14,70358467,70360246,1779
granulosa_7863,chr14,70416089,70417468,1379
granulosa_7864,chr14,70600119,70601580,1461
granulosa_7865,chr14,70640791,70643246,2455
granulosa_7866,chr14,70808002,70810581,2579
granulosa_7867,chr14,70817234,70818031,797
granulosa_7868,chr14,70821463,70823431,1968
granulosa_7869,chr14,70906782,70909178,2396
granulosa_7870,chr14,71319699,71322272,2573
granulosa_7871,chr14,71752789,71753699,910
granulosa_7872,chr14,71931665,71933590,1925
granulosa_7873,chr14,72331013,72332731,1718
granulosa_7874,chr14,72544260,72545859,1599
granulosa_7875,chr14,72613139,72615975,2836
granulosa_7876,chr14,72725897,72727253,1356
granulosa_7877,chr14,72741708,72742943,1235
granulosa_7878,chr14,72743216,72744192,976
granulosa_7879,chr14,72775392,72777409,2017
granulosa_7880,chr14,72823022,72823970,948
granulosa_7881,chr14,72830178,72831770,1592
granulosa_7882,chr14,72891708,72895181,3473
granulosa_7883,chr14,72925152,72927433,2281
granulosa_7884,chr14,73026254,73027643,1389
granulosa_7885,chr14,73057771,73059652,1881
granulosa_7886,chr14,73135878,73137775,1897
granulosa_7887,chr14,73227560,73228800,1240
granulosa_7888,chr14,73235136,73235963,827
granulosa_7889,chr14,73237063,73238854,1791
granulosa_7890,chr14,73239414,73240095,681
granulosa_7891,chr14,73269523,73270574,1051
granulosa_7892,chr14,73457148,73459001,1853
granulosa_7893,chr14,73461843,73462663,820
granulosa_7894,chr14,73490360,73492250,1890
granulosa_7895,chr14,73536687,73538341,1654
granulosa_7896,chr14,73568381,73570373,1992
granulosa_7897,chr14,73591546,73592550,1004
granulosa_7898,chr14,73612091,73613368,1277
granulosa_7899,chr14,73629512,73630624,1112
granulosa_7900,chr14,73633145,73634801,1656
granulosa_7901,chr14,73644043,73645796,1753
granulosa_7902,chr14,73663259,73664843,1584
granulosa_7903,chr14,73711918,73714793,2875
granulosa_7904,chr14,73717831,73719825,1994
granulosa_7905,chr14,73726277,73727447,1170
granulosa_7906,chr14,73728234,73729070,836
granulosa_7907,chr14,73740601,73742633,2032
granulosa_7908,chr14,73752421,73753988,1567
granulosa_7909,chr14,73757897,73760672,2775
granulosa_7910,chr14,73771327,73772661,1334
granulosa_7911,chr14,73785283,73788157,2874
granulosa_7912,chr14,73850920,73852965,2045
granulosa_7913,chr14,73885427,73887495,2068
granulosa_7914,chr14,73912932,73913816,884
granulosa_7915,chr14,73949339,73950810,1471
granulosa_7916,chr14,74018048,74020081,2033
granulosa_7917,chr14,74083717,74085614,1897
granulosa_7918,chr14,74217338,74218048,710
granulosa_7919,chr14,74239023,74241700,2677
granulosa_7920,chr14,74257016,74259057,2041
granulosa_7921,chr14,74301539,74303453,1914
granulosa_7922,chr14,74425448,74426538,1090
granulosa_7923,chr14,74491746,74494415,2669
granulosa_7924,chr14,74500781,74502468,1687
granulosa_7925,chr14,74524171,74525960,1789
granulosa_7926,chr14,74562244,74563977,1733
granulosa_7927,chr14,74571425,74573889,2464
granulosa_7928,chr14,74598775,74600604,1829
granulosa_7929,chr14,74608877,74609983,1106
granulosa_7930,chr14,74610303,74612919,2616
granulosa_7931,chr14,74647263,74649409,2146
granulosa_7932,chr14,74654953,74656393,1440
granulosa_7933,chr14,74712220,74713631,1411
granulosa_7934,chr14,74762579,74764561,1982
granulosa_7935,chr14,74881226,74882899,1673
granulosa_7936,chr14,74922442,74923548,1106
granulosa_7937,chr14,74953994,74956615,2621
granulosa_7938,chr14,75002117,75003748,1631
granulosa_7939,chr14,75050670,75051897,1227
granulosa_7940,chr14,75063062,75064284,1222
granulosa_7941,chr14,75068319,75070162,1843
granulosa_7942,chr14,75126174,75128150,1976
granulosa_7943,chr14,75147048,75148297,1249
granulosa_7944,chr14,75175760,75177192,1432
granulosa_7945,chr14,75258525,75260417,1892
granulosa_7946,chr14,75276712,75277888,1176
granulosa_7947,chr14,75278094,75279727,1633
granulosa_7948,chr14,75280577,75284564,3987
granulosa_7949,chr14,75293573,75295419,1846
granulosa_7950,chr14,75295637,75296379,742
granulosa_7951,chr14,75298526,75299286,760
granulosa_7952,chr14,75310363,75311591,1228
granulosa_7953,chr14,75426701,75428947,2246
granulosa_7954,chr14,75452315,75453636,1321
granulosa_7955,chr14,75476195,75477121,926
granulosa_7956,chr14,75560631,75561372,741
granulosa_7957,chr14,75577450,75579439,1989
granulosa_7958,chr14,75647606,75648929,1323
granulosa_7959,chr14,75660428,75661803,1375
granulosa_7960,chr14,75711114,75712355,1241
granulosa_7961,chr14,75810840,75812731,1891
granulosa_7962,chr14,75831213,75833220,2007
granulosa_7963,chr14,75981440,75982996,1556
granulosa_7964,chr14,75985375,75986598,1223
granulosa_7965,chr14,76047102,76048474,1372
granulosa_7966,chr14,76138196,76139390,1194
granulosa_7967,chr14,76151370,76152717,1347
granulosa_7968,chr14,76375471,76377881,2410
granulosa_7969,chr14,76760793,76762959,2166
granulosa_7970,chr14,76767542,76768834,1292
granulosa_7971,chr14,76772296,76773864,1568
granulosa_7972,chr14,76784546,76785191,645
granulosa_7973,chr14,76810755,76813217,2462
granulosa_7974,chr14,76913059,76913949,890
granulosa_7975,chr14,76918157,76920874,2717
granulosa_7976,chr14,76923538,76925027,1489
granulosa_7977,chr14,76936994,76937902,908
granulosa_7978,chr14,76946746,76947954,1208
granulosa_7979,chr14,76955586,76957787,2201
granulosa_7980,chr14,76961467,76962576,1109
granulosa_7981,chr14,76999995,77001215,1220
granulosa_7982,chr14,77013716,77014698,982
granulosa_7983,chr14,77022915,77023849,934
granulosa_7984,chr14,77027080,77029472,2392
granulosa_7985,chr14,77032445,77034275,1830
granulosa_7986,chr14,77038368,77041172,2804
granulosa_7987,chr14,77044660,77046063,1403
granulosa_7988,chr14,77067904,77068668,764
granulosa_7989,chr14,77070183,77071043,860
granulosa_7990,chr14,77097006,77099200,2194
granulosa_7991,chr14,77124463,77125688,1225
granulosa_7992,chr14,77133438,77134346,908
granulosa_7993,chr14,77139364,77142061,2697
granulosa_7994,chr14,77181187,77182429,1242
granulosa_7995,chr14,77186755,77187865,1110
granulosa_7996,chr14,77208086,77209071,985
granulosa_7997,chr14,77295763,77296951,1188
granulosa_7998,chr14,77313815,77315259,1444
granulosa_7999,chr14,77319998,77322044,2046
granulosa_8000,chr14,77376053,77377747,1694
granulosa_8001,chr14,77405893,77407687,1794
granulosa_8002,chr14,77456904,77458877,1973
granulosa_8003,chr14,77497877,77499537,1660
granulosa_8004,chr14,77615196,77617204,2008
granulosa_8005,chr14,77707101,77708698,1597
granulosa_8006,chr14,77730872,77731578,706
granulosa_8007,chr14,77760063,77761902,1839
granulosa_8008,chr14,77799608,77800687,1079
granulosa_8009,chr14,77965588,77966557,969
granulosa_8010,chr14,77980503,77981608,1105
granulosa_8011,chr14,77984850,77985698,848
granulosa_8012,chr14,79278334,79280520,2186
granulosa_8013,chr14,79705583,79707120,1537
granulosa_8014,chr14,80940931,80942288,1357
granulosa_8015,chr14,80954448,80956162,1714
granulosa_8016,chr14,81169595,81170957,1362
granulosa_8017,chr14,81219059,81221757,2698
granulosa_8018,chr14,81435219,81436898,1679
granulosa_8019,chr14,81516791,81518075,1284
granulosa_8020,chr14,81533082,81534278,1196
granulosa_8021,chr14,84436155,84437551,1396
granulosa_8022,chr14,85528599,85530393,1794
granulosa_8023,chr14,85531094,85532354,1260
granulosa_8024,chr14,85532775,85534075,1300
granulosa_8025,chr14,85536023,85537155,1132
granulosa_8026,chr14,86520642,86522248,1606
granulosa_8027,chr14,87160083,87162031,1948
granulosa_8028,chr14,87505208,87506160,952
granulosa_8029,chr14,87813445,87815293,1848
granulosa_8030,chr14,87893428,87894506,1078
granulosa_8031,chr14,87992085,87993612,1527
granulosa_8032,chr14,87995506,87996527,1021
granulosa_8033,chr14,88322352,88324280,1928
granulosa_8034,chr14,88384754,88386647,1893
granulosa_8035,chr14,88473328,88474346,1018
granulosa_8036,chr14,88551093,88552461,1368
granulosa_8037,chr14,88553892,88555496,1604
granulosa_8038,chr14,88562442,88564112,1670
granulosa_8039,chr14,88791148,88793523,2375
granulosa_8040,chr14,88818955,88820148,1193
granulosa_8041,chr14,88823966,88825708,1742
granulosa_8042,chr14,88833944,88836002,2058
granulosa_8043,chr14,89026681,89028096,1415
granulosa_8044,chr14,89039972,89041589,1617
granulosa_8045,chr14,89351217,89352414,1197
granulosa_8046,chr14,89399231,89400160,929
granulosa_8047,chr14,89415174,89418226,3052
granulosa_8048,chr14,89489035,89490513,1478
granulosa_8049,chr14,89616528,89619532,3004
granulosa_8050,chr14,89624654,89626161,1507
granulosa_8051,chr14,89700733,89702901,2168
granulosa_8052,chr14,89954167,89956820,2653
granulosa_8053,chr14,90060065,90062806,2741
granulosa_8054,chr14,90255953,90257521,1568
granulosa_8055,chr14,90287481,90289625,2144
granulosa_8056,chr14,90331428,90332460,1032
granulosa_8057,chr14,90382074,90384400,2326
granulosa_8058,chr14,90396324,90398705,2381
granulosa_8059,chr14,90399421,90399836,415
granulosa_8060,chr14,90405271,90407064,1793
granulosa_8061,chr14,90452929,90454807,1878
granulosa_8062,chr14,90486775,90487439,664
granulosa_8063,chr14,90491252,90492447,1195
granulosa_8064,chr14,90520855,90521800,945
granulosa_8065,chr14,90522109,90523367,1258
granulosa_8066,chr14,90533510,90535440,1930
granulosa_8067,chr14,90545673,90547505,1832
granulosa_8068,chr14,90555679,90556634,955
granulosa_8069,chr14,90627121,90629958,2837
granulosa_8070,chr14,90696104,90698080,1976
granulosa_8071,chr14,90757717,90759310,1593
granulosa_8072,chr14,90815244,90817006,1762
granulosa_8073,chr14,90827703,90829169,1466
granulosa_8074,chr14,91059233,91061717,2484
granulosa_8075,chr14,91113478,91115464,1986
granulosa_8076,chr14,91252695,91254582,1887
granulosa_8077,chr14,91337515,91339863,2348
granulosa_8078,chr14,91416630,91419122,2492
granulosa_8079,chr14,91508888,91511159,2271
granulosa_8080,chr14,91573865,91574839,974
granulosa_8081,chr14,91835494,91837389,1895
granulosa_8082,chr14,91945717,91948238,2521
granulosa_8083,chr14,92038894,92040993,2099
granulosa_8084,chr14,92105290,92106928,1638
granulosa_8085,chr14,92120930,92122719,1789
granulosa_8086,chr14,92322559,92324233,1674
granulosa_8087,chr14,92513005,92514842,1837
granulosa_8088,chr14,92603245,92604275,1030
granulosa_8089,chr14,92686549,92688414,1865
granulosa_8090,chr14,92692320,92693278,958
granulosa_8091,chr14,92747501,92748985,1484
granulosa_8092,chr14,92793548,92795014,1466
granulosa_8093,chr14,92922652,92924470,1818
granulosa_8094,chr14,92992976,92993618,642
granulosa_8095,chr14,93017234,93018849,1615
granulosa_8096,chr14,93035659,93037778,2119
granulosa_8097,chr14,93085335,93086334,999
granulosa_8098,chr14,93114221,93116467,2246
granulosa_8099,chr14,93183613,93185688,2075
granulosa_8100,chr14,93206543,93208335,1792
granulosa_8101,chr14,93230349,93232517,2168
granulosa_8102,chr14,93331226,93333875,2649
granulosa_8103,chr14,93430022,93431797,1775
granulosa_8104,chr14,93787491,93789544,2053
granulosa_8105,chr14,93938752,93939970,1218
granulosa_8106,chr14,94025694,94026992,1298
granulosa_8107,chr14,94065304,94066876,1572
granulosa_8108,chr14,94079601,94081779,2178
granulosa_8109,chr14,94084172,94084978,806
granulosa_8110,chr14,94128704,94130429,1725
granulosa_8111,chr14,94164469,94165591,1122
granulosa_8112,chr14,94173301,94175958,2657
granulosa_8113,chr14,94485934,94486876,942
granulosa_8114,chr14,94689303,94690298,995
granulosa_8115,chr14,94769457,94770614,1157
granulosa_8116,chr14,94907272,94908550,1278
granulosa_8117,chr14,94935666,94937771,2105
granulosa_8118,chr14,95156136,95158322,2186
granulosa_8119,chr14,95226851,95228129,1278
granulosa_8120,chr14,95265088,95266064,976
granulosa_8121,chr14,95318659,95320771,2112
granulosa_8122,chr14,95515737,95518499,2762
granulosa_8123,chr14,95533358,95536282,2924
granulosa_8124,chr14,95560719,95561409,690
granulosa_8125,chr14,95622605,95623722,1117
granulosa_8126,chr14,95875690,95877422,1732
granulosa_8127,chr14,96038401,96040427,2026
granulosa_8128,chr14,96204019,96205322,1303
granulosa_8129,chr14,96362005,96364372,2367
granulosa_8130,chr14,96390788,96392513,1725
granulosa_8131,chr14,96423513,96424715,1202
granulosa_8132,chr14,96501311,96503591,2280
granulosa_8133,chr14,96583712,96584782,1070
granulosa_8134,chr14,96592307,96593357,1050
granulosa_8135,chr14,96741055,96742135,1080
granulosa_8136,chr14,96796848,96798278,1430
granulosa_8137,chr14,97055450,97056880,1430
granulosa_8138,chr14,97218179,97219939,1760
granulosa_8139,chr14,97848015,97849110,1095
granulosa_8140,chr14,97977054,97978939,1885
granulosa_8141,chr14,99191175,99192631,1456
granulosa_8142,chr14,99230610,99232604,1994
granulosa_8143,chr14,99245063,99247138,2075
granulosa_8144,chr14,99271891,99272658,767
granulosa_8145,chr14,99274160,99275111,951
granulosa_8146,chr14,99479618,99482125,2507
granulosa_8147,chr14,99518176,99518789,613
granulosa_8148,chr14,99521977,99523705,1728
granulosa_8149,chr14,99524037,99525206,1169
granulosa_8150,chr14,99544729,99546892,2163
granulosa_8151,chr14,99548653,99549906,1253
granulosa_8152,chr14,99562779,99563832,1053
granulosa_8153,chr14,99573812,99575424,1612
granulosa_8154,chr14,99590417,99591702,1285
granulosa_8155,chr14,99603387,99605630,2243
granulosa_8156,chr14,99628582,99629314,732
granulosa_8157,chr14,99644548,99645614,1066
granulosa_8158,chr14,99657747,99661080,3333
granulosa_8159,chr14,99682578,99684913,2335
granulosa_8160,chr14,99729805,99732555,2750
granulosa_8161,chr14,99736862,99738184,1322
granulosa_8162,chr14,99746112,99747182,1070
granulosa_8163,chr14,99792530,99794016,1486
granulosa_8164,chr14,99946101,99947322,1221
granulosa_8165,chr14,99970934,99972788,1854
granulosa_8166,chr14,100141948,100143172,1224
granulosa_8167,chr14,100158699,100160145,1446
granulosa_8168,chr14,100165031,100167333,2302
granulosa_8169,chr14,100191806,100193584,1778
granulosa_8170,chr14,100213529,100214934,1405
granulosa_8171,chr14,100221074,100223370,2296
granulosa_8172,chr14,100237701,100240788,3087
granulosa_8173,chr14,100284474,100286006,1532
granulosa_8174,chr14,100304575,100307621,3046
granulosa_8175,chr14,100375034,100377189,2155
granulosa_8176,chr14,100377644,100378117,473
granulosa_8177,chr14,100389476,100392536,3060
granulosa_8178,chr14,100439083,100441256,2173
granulosa_8179,chr14,100485672,100486882,1210
granulosa_8180,chr14,100532443,100534452,2009
granulosa_8181,chr14,100540288,100541428,1140
granulosa_8182,chr14,100545969,100546965,996
granulosa_8183,chr14,100566888,100570002,3114
granulosa_8184,chr14,100586112,100587658,1546
granulosa_8185,chr14,100605411,100606779,1368
granulosa_8186,chr14,100664777,100665714,937
granulosa_8187,chr14,100672886,100673481,595
granulosa_8188,chr14,100677061,100678897,1836
granulosa_8189,chr14,100708366,100710024,1658
granulosa_8190,chr14,100823901,100824805,904
granulosa_8191,chr14,100825476,100828679,3203
granulosa_8192,chr14,100841622,100843115,1493
granulosa_8193,chr14,100903826,100905297,1471
granulosa_8194,chr14,101076847,101078065,1218
granulosa_8195,chr14,101102753,101104088,1335
granulosa_8196,chr14,101224378,101226955,2577
granulosa_8197,chr14,101359113,101361266,2153
granulosa_8198,chr14,101363977,101366021,2044
granulosa_8199,chr14,101559456,101561593,2137
granulosa_8200,chr14,101705575,101707789,2214
granulosa_8201,chr14,101759826,101762557,2731
granulosa_8202,chr14,101780436,101782020,1584
granulosa_8203,chr14,101807932,101808685,753
granulosa_8204,chr14,101809370,101810528,1158
granulosa_8205,chr14,101947362,101949117,1755
granulosa_8206,chr14,101963743,101965641,1898
granulosa_8207,chr14,102062879,102064396,1517
granulosa_8208,chr14,102077224,102079979,2755
granulosa_8209,chr14,102086279,102088855,2576
granulosa_8210,chr14,102095872,102097052,1180
granulosa_8211,chr14,102138722,102141042,2320
granulosa_8212,chr14,102304237,102305603,1366
granulosa_8213,chr14,102313656,102314706,1050
granulosa_8214,chr14,102316414,102317727,1313
granulosa_8215,chr14,102319145,102320449,1304
granulosa_8216,chr14,102362199,102364191,1992
granulosa_8217,chr14,102437667,102438886,1219
granulosa_8218,chr14,102479359,102480288,929
granulosa_8219,chr14,102508422,102510459,2037
granulosa_8220,chr14,102516364,102517737,1373
granulosa_8221,chr14,102523523,102525646,2123
granulosa_8222,chr14,102538641,102540821,2180
granulosa_8223,chr14,102544029,102546132,2103
granulosa_8224,chr14,102554701,102555863,1162
granulosa_8225,chr14,102591224,102593924,2700
granulosa_8226,chr14,102748930,102750315,1385
granulosa_8227,chr14,102776057,102778842,2785
granulosa_8228,chr14,102827606,102828571,965
granulosa_8229,chr14,102927654,102929635,1981
granulosa_8230,chr14,102929711,102931075,1364
granulosa_8231,chr14,103045101,103046208,1107
granulosa_8232,chr14,103056255,103058669,2414
granulosa_8233,chr14,103073732,103076033,2301
granulosa_8234,chr14,103087117,103087785,668
granulosa_8235,chr14,103090826,103091932,1106
granulosa_8236,chr14,103102097,103102762,665
granulosa_8237,chr14,103104651,103105496,845
granulosa_8238,chr14,103121103,103123962,2859
granulosa_8239,chr14,103126659,103127625,966
granulosa_8240,chr14,103130728,103131398,670
granulosa_8241,chr14,103138135,103139619,1484
granulosa_8242,chr14,103188004,103189966,1962
granulosa_8243,chr14,103206670,103208072,1402
granulosa_8244,chr14,103272959,103274469,1510
granulosa_8245,chr14,103281218,103282108,890
granulosa_8246,chr14,103333016,103335548,2532
granulosa_8247,chr14,103384449,103387236,2787
granulosa_8248,chr14,103408361,103409318,957
granulosa_8249,chr14,103512585,103513626,1041
granulosa_8250,chr14,103520343,103523424,3081
granulosa_8251,chr14,103527986,103529545,1559
granulosa_8252,chr14,103546560,103547188,628
granulosa_8253,chr14,103561308,103563800,2492
granulosa_8254,chr14,103576188,103577223,1035
granulosa_8255,chr14,103606889,103608497,1608
granulosa_8256,chr14,103628017,103630158,2141
granulosa_8257,chr14,103695609,103697160,1551
granulosa_8258,chr14,103704604,103706398,1794
granulosa_8259,chr14,103714975,103716759,1784
granulosa_8260,chr14,103722987,103724554,1567
granulosa_8261,chr14,103729429,103731033,1604
granulosa_8262,chr14,103845968,103848936,2968
granulosa_8263,chr14,103871522,103872907,1385
granulosa_8264,chr14,103878264,103879028,764
granulosa_8265,chr14,103879632,103881090,1458
granulosa_8266,chr14,103881243,103883025,1782
granulosa_8267,chr14,103909536,103910740,1204
granulosa_8268,chr14,103920706,103921842,1136
granulosa_8269,chr14,104077604,104078387,783
granulosa_8270,chr14,104084272,104085953,1681
granulosa_8271,chr14,104116134,104118259,2125
granulosa_8272,chr14,104136986,104139230,2244
granulosa_8273,chr14,104156875,104157851,976
granulosa_8274,chr14,104158523,104159886,1363
granulosa_8275,chr14,104171134,104172444,1310
granulosa_8276,chr14,104178024,104179908,1884
granulosa_8277,chr14,104205790,104207020,1230
granulosa_8278,chr14,104222936,104225224,2288
granulosa_8279,chr14,104382987,104384486,1499
granulosa_8280,chr14,104422021,104425137,3116
granulosa_8281,chr14,104435492,104437911,2419
granulosa_8282,chr14,104460448,104462471,2023
granulosa_8283,chr14,104563060,104564494,1434
granulosa_8284,chr14,104573696,104574789,1093
granulosa_8285,chr14,104603824,104605318,1494
granulosa_8286,chr14,104649917,104651136,1219
granulosa_8287,chr14,104676765,104678709,1944
granulosa_8288,chr14,104681377,104682581,1204
granulosa_8289,chr14,104687587,104688530,943
granulosa_8290,chr14,104688692,104690246,1554
granulosa_8291,chr14,104707754,104709120,1366
granulosa_8292,chr14,104723394,104725985,2591
granulosa_8293,chr14,104751960,104754065,2105
granulosa_8294,chr14,104768245,104769326,1081
granulosa_8295,chr14,104794019,104795986,1967
granulosa_8296,chr14,104799255,104801439,2184
granulosa_8297,chr14,104815202,104816881,1679
granulosa_8298,chr14,104825644,104828019,2375
granulosa_8299,chr14,104842987,104844912,1925
granulosa_8300,chr14,104863868,104866587,2719
granulosa_8301,chr14,104874787,104876778,1991
granulosa_8302,chr14,104894365,104896977,2612
granulosa_8303,chr14,104927133,104928184,1051
granulosa_8304,chr14,104931723,104933699,1976
granulosa_8305,chr14,104967265,104969313,2048
granulosa_8306,chr14,104973118,104974266,1148
granulosa_8307,chr14,104977679,104979101,1422
granulosa_8308,chr14,104985359,104986576,1217
granulosa_8309,chr14,105019970,105022113,2143
granulosa_8310,chr14,105045368,105046097,729
granulosa_8311,chr14,105086619,105088698,2079
granulosa_8312,chr14,105092123,105094365,2242
granulosa_8313,chr14,105167275,105169435,2160
granulosa_8314,chr14,105180579,105181862,1283
granulosa_8315,chr14,105194090,105194845,755
granulosa_8316,chr14,105195521,105197007,1486
granulosa_8317,chr14,105202833,105203462,629
granulosa_8318,chr14,105205065,105206188,1123
granulosa_8319,chr14,105247724,105249647,1923
granulosa_8320,chr14,105299838,105301868,2030
granulosa_8321,chr14,105313376,105316117,2741
granulosa_8322,chr14,105326327,105327686,1359
granulosa_8323,chr14,105351712,105352749,1037
granulosa_8324,chr14,105363543,105365147,1604
granulosa_8325,chr14,105397766,105399315,1549
granulosa_8326,chr14,105410883,105411776,893
granulosa_8327,chr14,105414334,105415400,1066
granulosa_8328,chr14,105418949,105421359,2410
granulosa_8329,chr14,105470852,105471554,702
granulosa_8330,chr14,105473652,105476383,2731
granulosa_8331,chr14,105480745,105482493,1748
granulosa_8332,chr14,105489380,105491907,2527
granulosa_8333,chr14,105495677,105497047,1370
granulosa_8334,chr14,105525887,105527334,1447
granulosa_8335,chr14,105527933,105530366,2433
granulosa_8336,chr14,106876635,106878139,1504
granulosa_8337,chr15,22664103,22665828,1725
granulosa_8338,chr15,22757297,22758293,996
granulosa_8339,chr15,22785768,22787704,1936
granulosa_8340,chr15,22837277,22839621,2344
granulosa_8341,chr15,22844665,22846379,1714
granulosa_8342,chr15,22948861,22949567,706
granulosa_8343,chr15,22978758,22981270,2512
granulosa_8344,chr15,23038755,23040278,1523
granulosa_8345,chr15,23647263,23648622,1359
granulosa_8346,chr15,23686174,23687563,1389
granulosa_8347,chr15,23869118,23869802,684
granulosa_8348,chr15,23877442,23878509,1067
granulosa_8349,chr15,24772079,24773676,1597
granulosa_8350,chr15,24846632,24848477,1845
granulosa_8351,chr15,24856159,24857327,1168
granulosa_8352,chr15,24858567,24859480,913
granulosa_8353,chr15,24877068,24878638,1570
granulosa_8354,chr15,24954553,24956978,2425
granulosa_8355,chr15,25437620,25439915,2295
granulosa_8356,chr15,26081692,26083269,1577
granulosa_8357,chr15,26628642,26629688,1046
granulosa_8358,chr15,26771474,26774253,2779
granulosa_8359,chr15,26805280,26807127,1847
granulosa_8360,chr15,26866392,26868246,1854
granulosa_8361,chr15,26891163,26892545,1382
granulosa_8362,chr15,26970715,26971818,1103
granulosa_8363,chr15,27662607,27664188,1581
granulosa_8364,chr15,28020986,28022545,1559
granulosa_8365,chr15,28051662,28052723,1061
granulosa_8366,chr15,28094626,28095425,799
granulosa_8367,chr15,28095686,28097256,1570
granulosa_8368,chr15,28098595,28099717,1122
granulosa_8369,chr15,28106189,28107920,1731
granulosa_8370,chr15,28831806,28832796,990
granulosa_8371,chr15,28885137,28887250,2113
granulosa_8372,chr15,29102975,29104276,1301
granulosa_8373,chr15,29113985,29116119,2134
granulosa_8374,chr15,29139604,29140813,1209
granulosa_8375,chr15,29268705,29270772,2067
granulosa_8376,chr15,29569782,29572425,2643
granulosa_8377,chr15,29635517,29637506,1989
granulosa_8378,chr15,29674318,29675478,1160
granulosa_8379,chr15,29821223,29823322,2099
granulosa_8380,chr15,29968032,29969263,1231
granulosa_8381,chr15,30625374,30626937,1563
granulosa_8382,chr15,30903102,30904456,1354
granulosa_8383,chr15,30990165,30992686,2521
granulosa_8384,chr15,31024023,31025543,1520
granulosa_8385,chr15,31215121,31216800,1679
granulosa_8386,chr15,31235406,31237133,1727
granulosa_8387,chr15,31325288,31328826,3538
granulosa_8388,chr15,31338011,31339873,1862
granulosa_8389,chr15,31365247,31366684,1437
granulosa_8390,chr15,31391328,31393831,2503
granulosa_8391,chr15,31402154,31403134,980
granulosa_8392,chr15,31869488,31871277,1789
granulosa_8393,chr15,32028918,32031185,2267
granulosa_8394,chr15,32614765,32616324,1559
granulosa_8395,chr15,32641188,32642345,1157
granulosa_8396,chr15,32645972,32646790,818
granulosa_8397,chr15,32717224,32719569,2345
granulosa_8398,chr15,32840072,32841337,1265
granulosa_8399,chr15,33194157,33195385,1228
granulosa_8400,chr15,33310168,33311872,1704
granulosa_8401,chr15,34037881,34039889,2008
granulosa_8402,chr15,34100895,34102429,1534
granulosa_8403,chr15,34208660,34210548,1888
granulosa_8404,chr15,34223887,34225733,1846
granulosa_8405,chr15,34318031,34319381,1350
granulosa_8406,chr15,34336890,34338314,1424
granulosa_8407,chr15,34342432,34343614,1182
granulosa_8408,chr15,34365743,34368070,2327
granulosa_8409,chr15,34436080,34438017,1937
granulosa_8410,chr15,34494206,34496912,2706
granulosa_8411,chr15,34513738,34515539,1801
granulosa_8412,chr15,34582345,34584486,2141
granulosa_8413,chr15,34587990,34588632,642
granulosa_8414,chr15,34941850,34942901,1051
granulosa_8415,chr15,34968806,34970599,1793
granulosa_8416,chr15,34986433,34988878,2445
granulosa_8417,chr15,35545076,35546753,1677
granulosa_8418,chr15,35696732,35698546,1814
granulosa_8419,chr15,35957294,35958494,1200
granulosa_8420,chr15,36578930,36580152,1222
granulosa_8421,chr15,36605240,36606946,1706
granulosa_8422,chr15,36887031,36889019,1988
granulosa_8423,chr15,37098594,37099223,629
granulosa_8424,chr15,37100171,37102633,2462
granulosa_8425,chr15,37106459,37107492,1033
granulosa_8426,chr15,37109462,37111276,1814
granulosa_8427,chr15,38072208,38073870,1662
granulosa_8428,chr15,38250907,38253790,2883
granulosa_8429,chr15,38254141,38254813,672
granulosa_8430,chr15,38453766,38455417,1651
granulosa_8431,chr15,38563786,38565480,1694
granulosa_8432,chr15,38817299,38818214,915
granulosa_8433,chr15,39139754,39140653,899
granulosa_8434,chr15,39171696,39173202,1506
granulosa_8435,chr15,39357668,39359060,1392
granulosa_8436,chr15,39438388,39439633,1245
granulosa_8437,chr15,39579296,39581943,2647
granulosa_8438,chr15,39782099,39783633,1534
granulosa_8439,chr15,39919487,39921325,1838
granulosa_8440,chr15,39933403,39934954,1551
granulosa_8441,chr15,39976103,39977098,995
granulosa_8442,chr15,40038043,40039891,1848
granulosa_8443,chr15,40044650,40045787,1137
granulosa_8444,chr15,40068829,40070394,1565
granulosa_8445,chr15,40081358,40082838,1480
granulosa_8446,chr15,40091531,40093635,2104
granulosa_8447,chr15,40098499,40099237,738
granulosa_8448,chr15,40103155,40104015,860
granulosa_8449,chr15,40104618,40105478,860
granulosa_8450,chr15,40107973,40109905,1932
granulosa_8451,chr15,40160467,40162359,1892
granulosa_8452,chr15,40238466,40240735,2269
granulosa_8453,chr15,40251918,40253352,1434
granulosa_8454,chr15,40281510,40283843,2333
granulosa_8455,chr15,40290507,40291716,1209
granulosa_8456,chr15,40322409,40324885,2476
granulosa_8457,chr15,40339589,40341206,1617
granulosa_8458,chr15,40357627,40358925,1298
granulosa_8459,chr15,40366543,40367306,763
granulosa_8460,chr15,40367480,40368630,1150
granulosa_8461,chr15,40382375,40383817,1442
granulosa_8462,chr15,40405047,40406540,1493
granulosa_8463,chr15,40420091,40422254,2163
granulosa_8464,chr15,40435709,40437244,1535
granulosa_8465,chr15,40439369,40442528,3159
granulosa_8466,chr15,40469844,40472167,2323
granulosa_8467,chr15,40506506,40507596,1090
granulosa_8468,chr15,40510977,40512336,1359
granulosa_8469,chr15,40564137,40565349,1212
granulosa_8470,chr15,40568941,40570044,1103
granulosa_8471,chr15,40593430,40594915,1485
granulosa_8472,chr15,40694001,40695887,1886
granulosa_8473,chr15,40754455,40755781,1326
granulosa_8474,chr15,40763112,40764823,1711
granulosa_8475,chr15,40769020,40770443,1423
granulosa_8476,chr15,40806718,40808287,1569
granulosa_8477,chr15,40843267,40844985,1718
granulosa_8478,chr15,40857297,40858385,1088
granulosa_8479,chr15,40871533,40872596,1063
granulosa_8480,chr15,40873280,40874482,1202
granulosa_8481,chr15,40893397,40895574,2177
granulosa_8482,chr15,40903714,40904325,611
granulosa_8483,chr15,40905855,40907654,1799
granulosa_8484,chr15,40925500,40926413,913
granulosa_8485,chr15,40927515,40929998,2483
granulosa_8486,chr15,40930319,40931030,711
granulosa_8487,chr15,40940210,40942795,2585
granulosa_8488,chr15,40952394,40953961,1567
granulosa_8489,chr15,41115074,41117005,1931
granulosa_8490,chr15,41230402,41232218,1816
granulosa_8491,chr15,41248571,41250381,1810
granulosa_8492,chr15,41282907,41285447,2540
granulosa_8493,chr15,41331365,41333490,2125
granulosa_8494,chr15,41349197,41350742,1545
granulosa_8495,chr15,41401800,41403035,1235
granulosa_8496,chr15,41416188,41418119,1931
granulosa_8497,chr15,41492614,41496332,3718
granulosa_8498,chr15,41501082,41503152,2070
granulosa_8499,chr15,41510994,41512359,1365
granulosa_8500,chr15,41512583,41514130,1547
granulosa_8501,chr15,41543470,41544699,1229
granulosa_8502,chr15,41557615,41558144,529
granulosa_8503,chr15,41558328,41559659,1331
granulosa_8504,chr15,41562669,41563346,677
granulosa_8505,chr15,41564165,41565069,904
granulosa_8506,chr15,41568264,41568984,720
granulosa_8507,chr15,41584516,41586056,1540
granulosa_8508,chr15,41603641,41604850,1209
granulosa_8509,chr15,41620459,41622261,1802
granulosa_8510,chr15,41659555,41662323,2768
granulosa_8511,chr15,41773740,41775136,1396
granulosa_8512,chr15,41805899,41807080,1181
granulosa_8513,chr15,41827177,41829248,2071
granulosa_8514,chr15,41881631,41883579,1948
granulosa_8515,chr15,41949457,41950854,1397
granulosa_8516,chr15,41955176,41956685,1509
granulosa_8517,chr15,41971091,41973064,1973
granulosa_8518,chr15,41989068,41990374,1306
granulosa_8519,chr15,42056752,42057978,1226
granulosa_8520,chr15,42066140,42066993,853
granulosa_8521,chr15,42084192,42085044,852
granulosa_8522,chr15,42207340,42208700,1360
granulosa_8523,chr15,42272212,42274520,2308
granulosa_8524,chr15,42456996,42458448,1452
granulosa_8525,chr15,42490076,42491410,1334
granulosa_8526,chr15,42494885,42496430,1545
granulosa_8527,chr15,42547649,42549562,1913
granulosa_8528,chr15,42574671,42576454,1783
granulosa_8529,chr15,42581033,42581798,765
granulosa_8530,chr15,42735946,42737695,1749
granulosa_8531,chr15,42919392,42921802,2410
granulosa_8532,chr15,43105159,43106530,1371
granulosa_8533,chr15,43122444,43123522,1078
granulosa_8534,chr15,43132867,43134578,1711
granulosa_8535,chr15,43184658,43186443,1785
granulosa_8536,chr15,43329171,43331041,1870
granulosa_8537,chr15,43369878,43371911,2033
granulosa_8538,chr15,43492311,43493711,1400
granulosa_8539,chr15,43509893,43511832,1939
granulosa_8540,chr15,43516770,43518922,2152
granulosa_8541,chr15,43745429,43747324,1895
granulosa_8542,chr15,43775361,43777777,2416
granulosa_8543,chr15,43791450,43793438,1988
granulosa_8544,chr15,43799636,43801456,1820
granulosa_8545,chr15,43824200,43825115,915
granulosa_8546,chr15,43826572,43827284,712
granulosa_8547,chr15,43893360,43894548,1188
granulosa_8548,chr15,44082107,44083188,1081
granulosa_8549,chr15,44193428,44195776,2348
granulosa_8550,chr15,44263751,44264911,1160
granulosa_8551,chr15,44286968,44289632,2664
granulosa_8552,chr15,44426440,44428645,2205
granulosa_8553,chr15,44535924,44538085,2161
granulosa_8554,chr15,44662334,44664019,1685
granulosa_8555,chr15,44710642,44712964,2322
granulosa_8556,chr15,44728293,44729718,1425
granulosa_8557,chr15,44783774,44784989,1215
granulosa_8558,chr15,44979178,44980239,1061
granulosa_8559,chr15,45022368,45024313,1945
granulosa_8560,chr15,45114033,45114765,732
granulosa_8561,chr15,45116516,45117283,767
granulosa_8562,chr15,45117689,45118437,748
granulosa_8563,chr15,45128773,45130318,1545
granulosa_8564,chr15,45162757,45163412,655
granulosa_8565,chr15,45166454,45167820,1366
granulosa_8566,chr15,45185981,45188838,2857
granulosa_8567,chr15,45197978,45199659,1681
granulosa_8568,chr15,45199841,45201320,1479
granulosa_8569,chr15,45204405,45205400,995
granulosa_8570,chr15,45278401,45279946,1545
granulosa_8571,chr15,45307123,45307713,590
granulosa_8572,chr15,45310224,45311095,871
granulosa_8573,chr15,45377578,45379170,1592
granulosa_8574,chr15,45385627,45387754,2127
granulosa_8575,chr15,45401468,45403671,2203
granulosa_8576,chr15,45429929,45431127,1198
granulosa_8577,chr15,45457333,45458626,1293
granulosa_8578,chr15,45471678,45473379,1701
granulosa_8579,chr15,45494977,45496337,1360
granulosa_8580,chr15,45521468,45523470,2002
granulosa_8581,chr15,45586175,45588078,1903
granulosa_8582,chr15,45634311,45635825,1514
granulosa_8583,chr15,45703971,45706169,2198
granulosa_8584,chr15,46079573,46080916,1343
granulosa_8585,chr15,46556050,46557516,1466
granulosa_8586,chr15,47183719,47185709,1990
granulosa_8587,chr15,47607234,47608446,1212
granulosa_8588,chr15,47651296,47653499,2203
granulosa_8589,chr15,47716928,47719455,2527
granulosa_8590,chr15,48177056,48178678,1622
granulosa_8591,chr15,48190675,48192115,1440
granulosa_8592,chr15,48330326,48332463,2137
granulosa_8593,chr15,48644240,48646706,2466
granulosa_8594,chr15,48810016,48811868,1852
granulosa_8595,chr15,48877477,48878842,1365
granulosa_8596,chr15,48962459,48964421,1962
granulosa_8597,chr15,48975377,48976925,1548
granulosa_8598,chr15,49045193,49046915,1722
granulosa_8599,chr15,49154781,49156551,1770
granulosa_8600,chr15,49169719,49171433,1714
granulosa_8601,chr15,49620048,49621851,1803
granulosa_8602,chr15,50181503,50182983,1480
granulosa_8603,chr15,50353249,50355868,2619
granulosa_8604,chr15,50423374,50425470,2096
granulosa_8605,chr15,50685343,50687451,2108
granulosa_8606,chr15,50764154,50766080,1926
granulosa_8607,chr15,50907482,50909483,2001
granulosa_8608,chr15,51076646,51078297,1651
granulosa_8609,chr15,51093261,51095536,2275
granulosa_8610,chr15,51266433,51268046,1613
granulosa_8611,chr15,51341257,51342537,1280
granulosa_8612,chr15,51621307,51623720,2413
granulosa_8613,chr15,51680968,51681854,886
granulosa_8614,chr15,51736705,51738324,1619
granulosa_8615,chr15,51750909,51752534,1625
granulosa_8616,chr15,51829052,51830745,1693
granulosa_8617,chr15,51877974,51879446,1472
granulosa_8618,chr15,51970767,51972329,1562
granulosa_8619,chr15,52018622,52020611,1989
granulosa_8620,chr15,52111701,52112988,1287
granulosa_8621,chr15,52178715,52180702,1987
granulosa_8622,chr15,52261266,52262306,1040
granulosa_8623,chr15,52294610,52296126,1516
granulosa_8624,chr15,52393972,52394806,834
granulosa_8625,chr15,52527932,52530062,2130
granulosa_8626,chr15,52567731,52569462,1731
granulosa_8627,chr15,52651196,52652465,1269
granulosa_8628,chr15,52677686,52680260,2574
granulosa_8629,chr15,52783197,52784394,1197
granulosa_8630,chr15,52789626,52791401,1775
granulosa_8631,chr15,52804394,52806505,2111
granulosa_8632,chr15,52876715,52877747,1032
granulosa_8633,chr15,55195869,55197815,1946
granulosa_8634,chr15,55288862,55290854,1992
granulosa_8635,chr15,55318095,55319533,1438
granulosa_8636,chr15,55407438,55408991,1553
granulosa_8637,chr15,55497617,55498740,1123
granulosa_8638,chr15,55587385,55589140,1755
granulosa_8639,chr15,55741422,55743845,2423
granulosa_8640,chr15,55992443,55994448,2005
granulosa_8641,chr15,56242669,56244894,2225
granulosa_8642,chr15,56364729,56366532,1803
granulosa_8643,chr15,56464400,56465593,1193
granulosa_8644,chr15,56732093,56733972,1879
granulosa_8645,chr15,56886377,56888301,1924
granulosa_8646,chr15,56917739,56920188,2449
granulosa_8647,chr15,57305903,57307990,2087
granulosa_8648,chr15,57375824,57377821,1997
granulosa_8649,chr15,57381814,57383433,1619
granulosa_8650,chr15,57387382,57388859,1477
granulosa_8651,chr15,57560658,57561739,1081
granulosa_8652,chr15,57591355,57592416,1061
granulosa_8653,chr15,57706015,57707681,1666
granulosa_8654,chr15,57720198,57721842,1644
granulosa_8655,chr15,57892258,57893729,1471
granulosa_8656,chr15,57922529,57924111,1582
granulosa_8657,chr15,58064736,58066688,1952
granulosa_8658,chr15,58331404,58332692,1288
granulosa_8659,chr15,58748236,58750716,2480
granulosa_8660,chr15,58770298,58772331,2033
granulosa_8661,chr15,58864347,58866589,2242
granulosa_8662,chr15,58932635,58934338,1703
granulosa_8663,chr15,58987016,58988853,1837
granulosa_8664,chr15,59104600,59106092,1492
granulosa_8665,chr15,59371275,59373352,2077
granulosa_8666,chr15,59436637,59438787,2150
granulosa_8667,chr15,59528535,59529435,900
granulosa_8668,chr15,59599292,59600533,1241
granulosa_8669,chr15,59656653,59658124,1471
granulosa_8670,chr15,59688391,59690105,1714
granulosa_8671,chr15,60003777,60006815,3038
granulosa_8672,chr15,60127098,60129013,1915
granulosa_8673,chr15,60298405,60300182,1777
granulosa_8674,chr15,60397046,60399450,2404
granulosa_8675,chr15,60477645,60479614,1969
granulosa_8676,chr15,60590904,60593229,2325
granulosa_8677,chr15,61210757,61212021,1264
granulosa_8678,chr15,61226683,61230011,3328
granulosa_8679,chr15,61620724,61621797,1073
granulosa_8680,chr15,62059187,62061110,1923
granulosa_8681,chr15,62066556,62068794,2238
granulosa_8682,chr15,62163811,62166520,2709
granulosa_8683,chr15,62389897,62392593,2696
granulosa_8684,chr15,62886364,62887901,1537
granulosa_8685,chr15,63041781,63043172,1391
granulosa_8686,chr15,63047851,63049443,1592
granulosa_8687,chr15,63121243,63122770,1527
granulosa_8688,chr15,63156068,63158458,2390
granulosa_8689,chr15,63188678,63190570,1892
granulosa_8690,chr15,63276629,63278597,1968
granulosa_8691,chr15,63346885,63348168,1283
granulosa_8692,chr15,63380326,63382296,1970
granulosa_8693,chr15,63479363,63480154,791
granulosa_8694,chr15,63501068,63501714,646
granulosa_8695,chr15,63502975,63505814,2839
granulosa_8696,chr15,63600052,63601766,1714
granulosa_8697,chr15,63832897,63834603,1706
granulosa_8698,chr15,63870343,63871107,764
granulosa_8699,chr15,63909566,63910680,1114
granulosa_8700,chr15,63915347,63916821,1474
granulosa_8701,chr15,64045656,64047447,1791
granulosa_8702,chr15,64067182,64067937,755
granulosa_8703,chr15,64093066,64094406,1340
granulosa_8704,chr15,64095504,64097389,1885
granulosa_8705,chr15,64151181,64152750,1569
granulosa_8706,chr15,64152979,64153940,961
granulosa_8707,chr15,64162186,64163923,1737
granulosa_8708,chr15,64216745,64217786,1041
granulosa_8709,chr15,64354829,64356909,2080
granulosa_8710,chr15,64380659,64381983,1324
granulosa_8711,chr15,64387249,64388316,1067
granulosa_8712,chr15,64460057,64462117,2060
granulosa_8713,chr15,64506853,64507855,1002
granulosa_8714,chr15,64521052,64522719,1667
granulosa_8715,chr15,64596759,64597862,1103
granulosa_8716,chr15,64634026,64636458,2432
granulosa_8717,chr15,64687015,64688615,1600
granulosa_8718,chr15,64702597,64703881,1284
granulosa_8719,chr15,64731071,64732450,1379
granulosa_8720,chr15,64737947,64741143,3196
granulosa_8721,chr15,64773969,64776786,2817
granulosa_8722,chr15,64812536,64813502,966
granulosa_8723,chr15,64823666,64824428,762
granulosa_8724,chr15,64825091,64826345,1254
granulosa_8725,chr15,64835221,64836425,1204
granulosa_8726,chr15,64840736,64842317,1581
granulosa_8727,chr15,64893382,64896024,2642
granulosa_8728,chr15,64911191,64912894,1703
granulosa_8729,chr15,64988594,64990436,1842
granulosa_8730,chr15,65028387,65030605,2218
granulosa_8731,chr15,65032891,65033996,1105
granulosa_8732,chr15,65049121,65049965,844
granulosa_8733,chr15,65066312,65068358,2046
granulosa_8734,chr15,65082251,65083745,1494
granulosa_8735,chr15,65086153,65087180,1027
granulosa_8736,chr15,65101267,65102723,1456
granulosa_8737,chr15,65132528,65134093,1565
granulosa_8738,chr15,65183591,65185930,2339
granulosa_8739,chr15,65285797,65287312,1515
granulosa_8740,chr15,65295495,65296862,1367
granulosa_8741,chr15,65303568,65305515,1947
granulosa_8742,chr15,65322730,65323510,780
granulosa_8743,chr15,65354650,65356384,1734
granulosa_8744,chr15,65376283,65378655,2372
granulosa_8745,chr15,65384638,65386580,1942
granulosa_8746,chr15,65400543,65402757,2214
granulosa_8747,chr15,65410101,65411877,1776
granulosa_8748,chr15,65420956,65423451,2495
granulosa_8749,chr15,65516566,65518098,1532
granulosa_8750,chr15,65529931,65531507,1576
granulosa_8751,chr15,65610301,65612076,1775
granulosa_8752,chr15,65790812,65792848,2036
granulosa_8753,chr15,65868850,65871221,2371
granulosa_8754,chr15,65916330,65917427,1097
granulosa_8755,chr15,65981742,65982773,1031
granulosa_8756,chr15,66024573,66025556,983
granulosa_8757,chr15,66080379,66081358,979
granulosa_8758,chr15,66132911,66134632,1721
granulosa_8759,chr15,66137930,66140001,2071
granulosa_8760,chr15,66145012,66146261,1249
granulosa_8761,chr15,66151669,66152221,552
granulosa_8762,chr15,66251798,66254710,2912
granulosa_8763,chr15,66268929,66270244,1315
granulosa_8764,chr15,66292740,66295034,2294
granulosa_8765,chr15,66355826,66357271,1445
granulosa_8766,chr15,66386155,66388094,1939
granulosa_8767,chr15,66496920,66498293,1373
granulosa_8768,chr15,66503801,66505824,2023
granulosa_8769,chr15,66621247,66623038,1791
granulosa_8770,chr15,66678959,66680351,1392
granulosa_8771,chr15,66700635,66702637,2002
granulosa_8772,chr15,66703390,66704428,1038
granulosa_8773,chr15,66707234,66708122,888
granulosa_8774,chr15,66763049,66764914,1865
granulosa_8775,chr15,66765648,66766433,785
granulosa_8776,chr15,66773906,66774673,767
granulosa_8777,chr15,66775404,66776097,693
granulosa_8778,chr15,66801989,66803791,1802
granulosa_8779,chr15,66841944,66843230,1286
granulosa_8780,chr15,66850984,66852056,1072
granulosa_8781,chr15,66883038,66884000,962
granulosa_8782,chr15,66931407,66932454,1047
granulosa_8783,chr15,67029610,67030593,983
granulosa_8784,chr15,67063992,67067787,3795
granulosa_8785,chr15,67080249,67081485,1236
granulosa_8786,chr15,67087158,67088669,1511
granulosa_8787,chr15,67120504,67121820,1316
granulosa_8788,chr15,67145940,67147379,1439
granulosa_8789,chr15,67177741,67179216,1475
granulosa_8790,chr15,67253428,67255210,1782
granulosa_8791,chr15,67372232,67373916,1684
granulosa_8792,chr15,67520420,67522574,2154
granulosa_8793,chr15,67541390,67543826,2436
granulosa_8794,chr15,67819704,67821276,1572
granulosa_8795,chr15,67838716,67839164,448
granulosa_8796,chr15,67839511,67841275,1764
granulosa_8797,chr15,67843056,67844229,1173
granulosa_8798,chr15,67863101,67864584,1483
granulosa_8799,chr15,67884212,67885213,1001
granulosa_8800,chr15,67967624,67969358,1734
granulosa_8801,chr15,68053713,68055733,2020
granulosa_8802,chr15,68186557,68187967,1410
granulosa_8803,chr15,68228692,68230325,1633
granulosa_8804,chr15,68256452,68257505,1053
granulosa_8805,chr15,68276994,68279311,2317
granulosa_8806,chr15,68306219,68307092,873
granulosa_8807,chr15,68310202,68311067,865
granulosa_8808,chr15,68430734,68432591,1857
granulosa_8809,chr15,68558712,68560241,1529
granulosa_8810,chr15,68577668,68579829,2161
granulosa_8811,chr15,68599263,68600135,872
granulosa_8812,chr15,68651686,68652676,990
granulosa_8813,chr15,68673629,68674537,908
granulosa_8814,chr15,68699951,68701199,1248
granulosa_8815,chr15,68817048,68822144,5096
granulosa_8816,chr15,68874843,68876363,1520
granulosa_8817,chr15,68924638,68925540,902
granulosa_8818,chr15,68983641,68984856,1215
granulosa_8819,chr15,68990958,68992653,1695
granulosa_8820,chr15,69058772,69060337,1565
granulosa_8821,chr15,69073591,69075202,1611
granulosa_8822,chr15,69159892,69162071,2179
granulosa_8823,chr15,69298214,69300456,2242
granulosa_8824,chr15,69393862,69395286,1424
granulosa_8825,chr15,69413746,69415187,1441
granulosa_8826,chr15,69451880,69453927,2047
granulosa_8827,chr15,69461940,69463523,1583
granulosa_8828,chr15,69840786,69841943,1157
granulosa_8829,chr15,69909641,69910547,906
granulosa_8830,chr15,70033211,70034151,940
granulosa_8831,chr15,70061948,70063081,1133
granulosa_8832,chr15,70095971,70096594,623
granulosa_8833,chr15,70097246,70098132,886
granulosa_8834,chr15,70098558,70099934,1376
granulosa_8835,chr15,70100457,70100904,447
granulosa_8836,chr15,70101092,70101749,657
granulosa_8837,chr15,70110999,70112294,1295
granulosa_8838,chr15,70141990,70143515,1525
granulosa_8839,chr15,70153867,70155470,1603
granulosa_8840,chr15,70195481,70197091,1610
granulosa_8841,chr15,70250461,70252764,2303
granulosa_8842,chr15,70263662,70264676,1014
granulosa_8843,chr15,70265666,70267173,1507
granulosa_8844,chr15,70375972,70377605,1633
granulosa_8845,chr15,70713710,70714867,1157
granulosa_8846,chr15,70762299,70764289,1990
granulosa_8847,chr15,70852930,70854868,1938
granulosa_8848,chr15,70891596,70893264,1668
granulosa_8849,chr15,71114819,71116682,1863
granulosa_8850,chr15,71132749,71134469,1720
granulosa_8851,chr15,71143303,71144189,886
granulosa_8852,chr15,71213848,71216116,2268
granulosa_8853,chr15,71226253,71227493,1240
granulosa_8854,chr15,71231279,71232282,1003
granulosa_8855,chr15,71706361,71709429,3068
granulosa_8856,chr15,72116699,72118934,2235
granulosa_8857,chr15,72154900,72156427,1527
granulosa_8858,chr15,72196500,72198309,1809
granulosa_8859,chr15,72226580,72226976,396
granulosa_8860,chr15,72229522,72232395,2873
granulosa_8861,chr15,72271765,72273226,1461
granulosa_8862,chr15,72319372,72320841,1469
granulosa_8863,chr15,72375202,72376811,1609
granulosa_8864,chr15,72473387,72475702,2315
granulosa_8865,chr15,72670413,72671352,939
granulosa_8866,chr15,72685110,72687265,2155
granulosa_8867,chr15,72782551,72784668,2117
granulosa_8868,chr15,72796335,72797872,1537
granulosa_8869,chr15,73051073,73053757,2684
granulosa_8870,chr15,73367582,73369752,2170
granulosa_8871,chr15,73631823,73633987,2164
granulosa_8872,chr15,73636415,73636771,356
granulosa_8873,chr15,73683502,73685810,2308
granulosa_8874,chr15,73696675,73697608,933
granulosa_8875,chr15,73751302,73753539,2237
granulosa_8876,chr15,73796017,73796940,923
granulosa_8877,chr15,73870752,73871591,839
granulosa_8878,chr15,73926100,73928222,2122
granulosa_8879,chr15,73950715,73952405,1690
granulosa_8880,chr15,73972565,73974872,2307
granulosa_8881,chr15,73991229,73992565,1336
granulosa_8882,chr15,73994055,73995536,1481
granulosa_8883,chr15,74099756,74100398,642
granulosa_8884,chr15,74127361,74130636,3275
granulosa_8885,chr15,74135510,74137740,2230
granulosa_8886,chr15,74172644,74174589,1945
granulosa_8887,chr15,74177483,74178174,691
granulosa_8888,chr15,74195760,74196676,916
granulosa_8889,chr15,74202131,74203454,1323
granulosa_8890,chr15,74221428,74224229,2801
granulosa_8891,chr15,74258195,74260380,2185
granulosa_8892,chr15,74291027,74292018,991
granulosa_8893,chr15,74307748,74308955,1207
granulosa_8894,chr15,74322576,74322942,366
granulosa_8895,chr15,74326426,74327361,935
granulosa_8896,chr15,74365066,74366502,1436
granulosa_8897,chr15,74373445,74374882,1437
granulosa_8898,chr15,74378446,74379254,808
granulosa_8899,chr15,74381853,74382741,888
granulosa_8900,chr15,74386513,74387631,1118
granulosa_8901,chr15,74406867,74407792,925
granulosa_8902,chr15,74423663,74424299,636
granulosa_8903,chr15,74432813,74434609,1796
granulosa_8904,chr15,74460286,74462192,1906
granulosa_8905,chr15,74540043,74542094,2051
granulosa_8906,chr15,74545769,74546754,985
granulosa_8907,chr15,74597883,74599125,1242
granulosa_8908,chr15,74609989,74610951,962
granulosa_8909,chr15,74614315,74616763,2448
granulosa_8910,chr15,74695217,74696630,1413
granulosa_8911,chr15,74725424,74726754,1330
granulosa_8912,chr15,74770795,74771434,639
granulosa_8913,chr15,74781358,74783857,2499
granulosa_8914,chr15,74816065,74817722,1657
granulosa_8915,chr15,74825872,74827045,1173
granulosa_8916,chr15,74842199,74843944,1745
granulosa_8917,chr15,74872298,74874085,1787
granulosa_8918,chr15,74888969,74890884,1915
granulosa_8919,chr15,74905629,74907430,1801
granulosa_8920,chr15,74937035,74938796,1761
granulosa_8921,chr15,74950010,74950913,903
granulosa_8922,chr15,74954295,74955297,1002
granulosa_8923,chr15,74955824,74957592,1768
granulosa_8924,chr15,74987837,74988691,854
granulosa_8925,chr15,74995014,74996711,1697
granulosa_8926,chr15,75022968,75024365,1397
granulosa_8927,chr15,75029029,75030363,1334
granulosa_8928,chr15,75042736,75044276,1540
granulosa_8929,chr15,75177868,75180030,2162
granulosa_8930,chr15,75180252,75181217,965
granulosa_8931,chr15,75195161,75196372,1211
granulosa_8932,chr15,75200788,75203604,2816
granulosa_8933,chr15,75204604,75205136,532
granulosa_8934,chr15,75247625,75248930,1305
granulosa_8935,chr15,75335475,75336733,1258
granulosa_8936,chr15,75346798,75349291,2493
granulosa_8937,chr15,75367498,75369104,1606
granulosa_8938,chr15,75450188,75452723,2535
granulosa_8939,chr15,75453793,75454841,1048
granulosa_8940,chr15,75455247,75456411,1164
granulosa_8941,chr15,75577345,75579891,2546
granulosa_8942,chr15,75624631,75626437,1806
granulosa_8943,chr15,75639118,75641155,2037
granulosa_8944,chr15,75646785,75649182,2397
granulosa_8945,chr15,75672325,75674030,1705
granulosa_8946,chr15,75693515,75695103,1588
granulosa_8947,chr15,75709118,75709833,715
granulosa_8948,chr15,75712299,75713811,1512
granulosa_8949,chr15,75723160,75724542,1382
granulosa_8950,chr15,75731287,75733106,1819
granulosa_8951,chr15,75737783,75739298,1515
granulosa_8952,chr15,75757912,75759056,1144
granulosa_8953,chr15,75785815,75786909,1094
granulosa_8954,chr15,75801624,75802661,1037
granulosa_8955,chr15,75842418,75844583,2165
granulosa_8956,chr15,75903037,75904710,1673
granulosa_8957,chr15,76058836,76060471,1635
granulosa_8958,chr15,76161351,76162430,1079
granulosa_8959,chr15,76163064,76164147,1083
granulosa_8960,chr15,76190199,76191125,926
granulosa_8961,chr15,76196088,76197253,1165
granulosa_8962,chr15,76310199,76312062,1863
granulosa_8963,chr15,76339713,76340684,971
granulosa_8964,chr15,76345753,76347960,2207
granulosa_8965,chr15,76904367,76906093,1726
granulosa_8966,chr15,76930940,76932631,1691
granulosa_8967,chr15,77069445,77071390,1945
granulosa_8968,chr15,77083499,77084283,784
granulosa_8969,chr15,77418499,77421586,3087
granulosa_8970,chr15,77496300,77498426,2126
granulosa_8971,chr15,77526633,77529314,2681
granulosa_8972,chr15,77542822,77544016,1194
granulosa_8973,chr15,77556378,77557813,1435
granulosa_8974,chr15,77603581,77604984,1403
granulosa_8975,chr15,77632200,77634121,1921
granulosa_8976,chr15,77640962,77642431,1469
granulosa_8977,chr15,77695484,77696722,1238
granulosa_8978,chr15,77818371,77820539,2168
granulosa_8979,chr15,77910078,77910990,912
granulosa_8980,chr15,77943777,77944988,1211
granulosa_8981,chr15,77958870,77959926,1056
granulosa_8982,chr15,77990300,77991197,897
granulosa_8983,chr15,77999516,78000459,943
granulosa_8984,chr15,78076804,78078005,1201
granulosa_8985,chr15,78108016,78108870,854
granulosa_8986,chr15,78130113,78132062,1949
granulosa_8987,chr15,78148643,78150339,1696
granulosa_8988,chr15,78263327,78265215,1888
granulosa_8989,chr15,78298777,78300277,1500
granulosa_8990,chr15,78308117,78308963,846
granulosa_8991,chr15,78437199,78439215,2016
granulosa_8992,chr15,78506717,78508295,1578
granulosa_8993,chr15,78539852,78541653,1801
granulosa_8994,chr15,78564829,78566632,1803
granulosa_8995,chr15,78619526,78621318,1792
granulosa_8996,chr15,78640374,78641824,1450
granulosa_8997,chr15,78671460,78673630,2170
granulosa_8998,chr15,78708816,78709890,1074
granulosa_8999,chr15,78750368,78751843,1475
granulosa_9000,chr15,78810017,78812389,2372
granulosa_9001,chr15,78859588,78861224,1636
granulosa_9002,chr15,78871998,78874452,2454
granulosa_9003,chr15,78943637,78945844,2207
granulosa_9004,chr15,79089196,79091859,2663
granulosa_9005,chr15,79283195,79284072,877
granulosa_9006,chr15,79310451,79312010,1559
granulosa_9007,chr15,79431030,79433360,2330
granulosa_9008,chr15,79811368,79812842,1474
granulosa_9009,chr15,79896022,79897641,1619
granulosa_9010,chr15,79922482,79924258,1776
granulosa_9011,chr15,80032259,80033851,1592
granulosa_9012,chr15,80058781,80060956,2175
granulosa_9013,chr15,80071882,80072825,943
granulosa_9014,chr15,80152066,80153740,1674
granulosa_9015,chr15,80403428,80405742,2314
granulosa_9016,chr15,80434963,80436065,1102
granulosa_9017,chr15,80693987,80696682,2695
granulosa_9018,chr15,80778778,80780942,2164
granulosa_9019,chr15,80875419,80876874,1455
granulosa_9020,chr15,80901907,80902905,998
granulosa_9021,chr15,80988402,80990317,1915
granulosa_9022,chr15,81000182,81003181,2999
granulosa_9023,chr15,81133468,81134830,1362
granulosa_9024,chr15,81265012,81266734,1722
granulosa_9025,chr15,81323592,81324988,1396
granulosa_9026,chr15,81751404,81753497,2093
granulosa_9027,chr15,81758091,81759620,1529
granulosa_9028,chr15,82044167,82048141,3974
granulosa_9029,chr15,82261874,82263504,1630
granulosa_9030,chr15,82530204,82531343,1139
granulosa_9031,chr15,82539705,82541391,1686
granulosa_9032,chr15,82571076,82572773,1697
granulosa_9033,chr15,82646078,82648834,2756
granulosa_9034,chr15,82679739,82681184,1445
granulosa_9035,chr15,82708998,82710285,1287
granulosa_9036,chr15,82749536,82751633,2097
granulosa_9037,chr15,82808839,82811434,2595
granulosa_9038,chr15,82849183,82851072,1889
granulosa_9039,chr15,82950818,82953362,2544
granulosa_9040,chr15,82985488,82986756,1268
granulosa_9041,chr15,83010693,83012341,1648
granulosa_9042,chr15,83056827,83058324,1497
granulosa_9043,chr15,83061531,83062113,582
granulosa_9044,chr15,83066121,83067770,1649
granulosa_9045,chr15,83106550,83108059,1509
granulosa_9046,chr15,83206488,83208473,1985
granulosa_9047,chr15,83282777,83286170,3393
granulosa_9048,chr15,83304929,83306816,1887
granulosa_9049,chr15,83364913,83366049,1136
granulosa_9050,chr15,83446637,83448365,1728
granulosa_9051,chr15,83653202,83655005,1803
granulosa_9052,chr15,83903795,83905859,2064
granulosa_9053,chr15,84079387,84080726,1339
granulosa_9054,chr15,84569868,84571516,1648
granulosa_9055,chr15,84587638,84589031,1393
granulosa_9056,chr15,84600097,84601425,1328
granulosa_9057,chr15,84630882,84631823,941
granulosa_9058,chr15,84633167,84634401,1234
granulosa_9059,chr15,84653594,84655024,1430
granulosa_9060,chr15,84657893,84658786,893
granulosa_9061,chr15,84715100,84717260,2160
granulosa_9062,chr15,84734779,84735763,984
granulosa_9063,chr15,84747368,84749739,2371
granulosa_9064,chr15,84816766,84819726,2960
granulosa_9065,chr15,84954999,84955896,897
granulosa_9066,chr15,84979735,84982744,3009
granulosa_9067,chr15,85379542,85381529,1987
granulosa_9068,chr15,85443041,85444843,1802
granulosa_9069,chr15,85541619,85542358,739
granulosa_9070,chr15,85543426,85545516,2090
granulosa_9071,chr15,85581407,85583749,2342
granulosa_9072,chr15,85618616,85619873,1257
granulosa_9073,chr15,85750230,85753071,2841
granulosa_9074,chr15,85793476,85795273,1797
granulosa_9075,chr15,85839782,85840942,1160
granulosa_9076,chr15,88255200,88258591,3391
granulosa_9077,chr15,88381976,88383834,1858
granulosa_9078,chr15,88466755,88468471,1716
granulosa_9079,chr15,88498305,88499439,1134
granulosa_9080,chr15,88545899,88546926,1027
granulosa_9081,chr15,88604018,88606133,2115
granulosa_9082,chr15,88620817,88622879,2062
granulosa_9083,chr15,88638201,88639413,1212
granulosa_9084,chr15,88704775,88705928,1153
granulosa_9085,chr15,88802670,88804538,1868
granulosa_9086,chr15,88827856,88829239,1383
granulosa_9087,chr15,88894279,88895727,1448
granulosa_9088,chr15,88896935,88898172,1237
granulosa_9089,chr15,88904411,88905344,933
granulosa_9090,chr15,88911668,88913883,2215
granulosa_9091,chr15,89017293,89018665,1372
granulosa_9092,chr15,89087637,89089297,1660
granulosa_9093,chr15,89196736,89198088,1352
granulosa_9094,chr15,89206634,89207402,768
granulosa_9095,chr15,89243014,89244748,1734
granulosa_9096,chr15,89334042,89335984,1942
granulosa_9097,chr15,89358401,89359389,988
granulosa_9098,chr15,89361482,89362673,1191
granulosa_9099,chr15,89377393,89379635,2242
granulosa_9100,chr15,89383189,89384483,1294
granulosa_9101,chr15,89399005,89400846,1841
granulosa_9102,chr15,89430306,89431166,860
granulosa_9103,chr15,89574587,89576619,2032
granulosa_9104,chr15,89654333,89655879,1546
granulosa_9105,chr15,89665088,89667285,2197
granulosa_9106,chr15,89689989,89691202,1213
granulosa_9107,chr15,89749876,89751488,1612
granulosa_9108,chr15,89775923,89777370,1447
granulosa_9109,chr15,89893125,89894695,1570
granulosa_9110,chr15,89911997,89913365,1368
granulosa_9111,chr15,90001101,90002715,1614
granulosa_9112,chr15,90101133,90102990,1857
granulosa_9113,chr15,90142811,90143707,896
granulosa_9114,chr15,90157875,90158618,743
granulosa_9115,chr15,90183798,90185552,1754
granulosa_9116,chr15,90191391,90193313,1922
granulosa_9117,chr15,90200567,90202515,1948
granulosa_9118,chr15,90232987,90234689,1702
granulosa_9119,chr15,90248712,90250133,1421
granulosa_9120,chr15,90264673,90266785,2112
granulosa_9121,chr15,90319746,90320517,771
granulosa_9122,chr15,90351546,90352992,1446
granulosa_9123,chr15,90387589,90388946,1357
granulosa_9124,chr15,90400505,90401242,737
granulosa_9125,chr15,90528965,90531443,2478
granulosa_9126,chr15,90557116,90558524,1408
granulosa_9127,chr15,90664708,90666045,1337
granulosa_9128,chr15,90716365,90718009,1644
granulosa_9129,chr15,90870914,90872492,1578
granulosa_9130,chr15,90883192,90885103,1911
granulosa_9131,chr15,90901658,90904102,2444
granulosa_9132,chr15,90929799,90930506,707
granulosa_9133,chr15,90931148,90932769,1621
granulosa_9134,chr15,90934251,90936028,1777
granulosa_9135,chr15,90954474,90955491,1017
granulosa_9136,chr15,90956047,90958057,2010
granulosa_9137,chr15,90993746,90995131,1385
granulosa_9138,chr15,91021449,91022906,1457
granulosa_9139,chr15,91032341,91033491,1150
granulosa_9140,chr15,91099195,91101235,2040
granulosa_9141,chr15,91318402,91319757,1355
granulosa_9142,chr15,91407187,91408251,1064
granulosa_9143,chr15,91571615,91572621,1006
granulosa_9144,chr15,91852473,91854884,2411
granulosa_9145,chr15,92145108,92147547,2439
granulosa_9146,chr15,92393008,92395307,2299
granulosa_9147,chr15,92655057,92656008,951
granulosa_9148,chr15,92713976,92715100,1124
granulosa_9149,chr15,92733280,92734724,1444
granulosa_9150,chr15,92808266,92811083,2817
granulosa_9151,chr15,92818590,92821937,3347
granulosa_9152,chr15,92831089,92833262,2173
granulosa_9153,chr15,92878495,92879197,702
granulosa_9154,chr15,92881724,92883883,2159
granulosa_9155,chr15,92899894,92900637,743
granulosa_9156,chr15,92903712,92904700,988
granulosa_9157,chr15,92917343,92918222,879
granulosa_9158,chr15,93071443,93074048,2605
granulosa_9159,chr15,93087807,93090176,2369
granulosa_9160,chr15,94074828,94075980,1152
granulosa_9161,chr15,94230478,94232713,2235
granulosa_9162,chr15,94602697,94604254,1557
granulosa_9163,chr15,94671480,94672616,1136
granulosa_9164,chr15,94843815,94845591,1776
granulosa_9165,chr15,95258839,95260467,1628
granulosa_9166,chr15,95284572,95288062,3490
granulosa_9167,chr15,95325265,95327292,2027
granulosa_9168,chr15,95470572,95472083,1511
granulosa_9169,chr15,95929174,95931633,2459
granulosa_9170,chr15,96052591,96054936,2345
granulosa_9171,chr15,96179870,96181328,1458
granulosa_9172,chr15,96320665,96323406,2741
granulosa_9173,chr15,96326578,96327627,1049
granulosa_9174,chr15,96330033,96331671,1638
granulosa_9175,chr15,96340455,96342183,1728
granulosa_9176,chr15,96345437,96346233,796
granulosa_9177,chr15,96353539,96355300,1761
granulosa_9178,chr15,96356639,96357403,764
granulosa_9179,chr15,96359715,96361576,1861
granulosa_9180,chr15,96408745,96410616,1871
granulosa_9181,chr15,96415993,96417775,1782
granulosa_9182,chr15,97176927,97177790,863
granulosa_9183,chr15,97903759,97904523,764
granulosa_9184,chr15,97959708,97961674,1966
granulosa_9185,chr15,98177622,98179265,1643
granulosa_9186,chr15,98294217,98295424,1207
granulosa_9187,chr15,98420320,98422355,2035
granulosa_9188,chr15,98427117,98428995,1878
granulosa_9189,chr15,98547064,98549125,2061
granulosa_9190,chr15,98585703,98586762,1059
granulosa_9191,chr15,98599698,98600989,1291
granulosa_9192,chr15,98646938,98649226,2288
granulosa_9193,chr15,98649605,98651445,1840
granulosa_9194,chr15,98651608,98652067,459
granulosa_9195,chr15,98699070,98700954,1884
granulosa_9196,chr15,98776241,98777678,1437
granulosa_9197,chr15,98799252,98801603,2351
granulosa_9198,chr15,98805171,98806227,1056
granulosa_9199,chr15,98851776,98853851,2075
granulosa_9200,chr15,98865091,98867062,1971
granulosa_9201,chr15,98896072,98897292,1220
granulosa_9202,chr15,99014015,99016031,2016
granulosa_9203,chr15,99058297,99059984,1687
granulosa_9204,chr15,99100182,99100869,687
granulosa_9205,chr15,99104578,99106863,2285
granulosa_9206,chr15,99123234,99124412,1178
granulosa_9207,chr15,99249152,99249833,681
granulosa_9208,chr15,99250608,99252216,1608
granulosa_9209,chr15,99407420,99409378,1958
granulosa_9210,chr15,99446675,99448440,1765
granulosa_9211,chr15,99454513,99455904,1391
granulosa_9212,chr15,99472060,99473163,1103
granulosa_9213,chr15,99485354,99487404,2050
granulosa_9214,chr15,99507120,99508514,1394
granulosa_9215,chr15,99563867,99564647,780
granulosa_9216,chr15,99564833,99567487,2654
granulosa_9217,chr15,99703286,99704793,1507
granulosa_9218,chr15,99731395,99733999,2604
granulosa_9219,chr15,99928343,99929064,721
granulosa_9220,chr15,100125049,100126339,1290
granulosa_9221,chr15,100211915,100212907,992
granulosa_9222,chr15,100340644,100342372,1728
granulosa_9223,chr15,100349268,100350885,1617
granulosa_9224,chr15,100372554,100374291,1737
granulosa_9225,chr15,100600811,100604023,3212
granulosa_9226,chr15,100848820,100850097,1277
granulosa_9227,chr15,100878733,100880852,2119
granulosa_9228,chr15,100901722,100903338,1616
granulosa_9229,chr15,100917808,100920222,2414
granulosa_9230,chr15,101008030,101008972,942
granulosa_9231,chr15,101013652,101015559,1907
granulosa_9232,chr15,101154419,101155652,1233
granulosa_9233,chr15,101187422,101189593,2171
granulosa_9234,chr15,101250259,101253099,2840
granulosa_9235,chr15,101276263,101277932,1669
granulosa_9236,chr15,101293873,101296141,2268
granulosa_9237,chr15,101450541,101452535,1994
granulosa_9238,chr15,101488040,101490218,2178
granulosa_9239,chr15,101499732,101500566,834
granulosa_9240,chr15,101615412,101616749,1337
granulosa_9241,chr15,101651445,101653450,2005
granulosa_9242,chr15,101723149,101724901,1752
granulosa_9243,chr16,40827,42246,1419
granulosa_9244,chr16,52833,54328,1495
granulosa_9245,chr16,71219,72936,1717
granulosa_9246,chr16,77270,78951,1681
granulosa_9247,chr16,96596,97863,1267
granulosa_9248,chr16,137855,139539,1684
granulosa_9249,chr16,154022,155035,1013
granulosa_9250,chr16,180053,181715,1662
granulosa_9251,chr16,227986,229618,1632
granulosa_9252,chr16,234211,235787,1576
granulosa_9253,chr16,279980,281243,1263
granulosa_9254,chr16,351768,353605,1837
granulosa_9255,chr16,361938,362707,769
granulosa_9256,chr16,369629,371569,1940
granulosa_9257,chr16,380727,382940,2213
granulosa_9258,chr16,387733,388853,1120
granulosa_9259,chr16,396329,398354,2025
granulosa_9260,chr16,401204,402244,1040
granulosa_9261,chr16,424765,427203,2438
granulosa_9262,chr16,456570,457528,958
granulosa_9263,chr16,526333,529086,2753
granulosa_9264,chr16,540245,541542,1297
granulosa_9265,chr16,565571,567339,1768
granulosa_9266,chr16,569285,570353,1068
granulosa_9267,chr16,588474,590619,2145
granulosa_9268,chr16,621447,622587,1140
granulosa_9269,chr16,629342,631499,2157
granulosa_9270,chr16,635615,637588,1973
granulosa_9271,chr16,641442,642891,1449
granulosa_9272,chr16,647998,650179,2181
granulosa_9273,chr16,659679,661397,1718
granulosa_9274,chr16,667362,669098,1736
granulosa_9275,chr16,677419,678014,595
granulosa_9276,chr16,679116,680841,1725
granulosa_9277,chr16,683708,684874,1166
granulosa_9278,chr16,689696,690656,960
granulosa_9279,chr16,694832,696106,1274
granulosa_9280,chr16,700245,701399,1154
granulosa_9281,chr16,714509,715982,1473
granulosa_9282,chr16,719799,721890,2091
granulosa_9283,chr16,726791,728942,2151
granulosa_9284,chr16,739866,741511,1645
granulosa_9285,chr16,759482,761392,1910
granulosa_9286,chr16,787618,789144,1526
granulosa_9287,chr16,799972,801676,1704
granulosa_9288,chr16,806939,808421,1482
granulosa_9289,chr16,813122,814313,1191
granulosa_9290,chr16,824697,826355,1658
granulosa_9291,chr16,885919,887984,2065
granulosa_9292,chr16,969627,971486,1859
granulosa_9293,chr16,979966,982555,2589
granulosa_9294,chr16,1018971,1020282,1311
granulosa_9295,chr16,1030071,1031294,1223
granulosa_9296,chr16,1106077,1106641,564
granulosa_9297,chr16,1108082,1109228,1146
granulosa_9298,chr16,1125103,1125893,790
granulosa_9299,chr16,1144926,1146014,1088
granulosa_9300,chr16,1149739,1150679,940
granulosa_9301,chr16,1152113,1153743,1630
granulosa_9302,chr16,1159348,1161162,1814
granulosa_9303,chr16,1180667,1182736,2069
granulosa_9304,chr16,1188280,1189090,810
granulosa_9305,chr16,1291000,1292107,1107
granulosa_9306,chr16,1308463,1310439,1976
granulosa_9307,chr16,1310693,1312238,1545
granulosa_9308,chr16,1331549,1332746,1197
granulosa_9309,chr16,1342390,1343843,1453
granulosa_9310,chr16,1351185,1352436,1251
granulosa_9311,chr16,1378619,1380138,1519
granulosa_9312,chr16,1407658,1408882,1224
granulosa_9313,chr16,1413501,1415220,1719
granulosa_9314,chr16,1420011,1421568,1557
granulosa_9315,chr16,1474029,1475808,1779
granulosa_9316,chr16,1492621,1494676,2055
granulosa_9317,chr16,1527712,1529248,1536
granulosa_9318,chr16,1609908,1611141,1233
granulosa_9319,chr16,1611652,1613006,1354
granulosa_9320,chr16,1613921,1615061,1140
granulosa_9321,chr16,1677719,1679241,1522
granulosa_9322,chr16,1704966,1707626,2660
granulosa_9323,chr16,1762646,1764338,1692
granulosa_9324,chr16,1770228,1771950,1722
granulosa_9325,chr16,1772616,1774083,1467
granulosa_9326,chr16,1781501,1783744,2243
granulosa_9327,chr16,1793270,1795574,2304
granulosa_9328,chr16,1812496,1813294,798
granulosa_9329,chr16,1825848,1827780,1932
granulosa_9330,chr16,1929090,1930287,1197
granulosa_9331,chr16,1942127,1943753,1626
granulosa_9332,chr16,1958806,1960131,1325
granulosa_9333,chr16,1963847,1966000,2153
granulosa_9334,chr16,1971368,1972942,1574
granulosa_9335,chr16,1983378,1985013,1635
granulosa_9336,chr16,1989774,1990812,1038
granulosa_9337,chr16,1991805,1993004,1199
granulosa_9338,chr16,2003664,2004302,638
granulosa_9339,chr16,2008619,2010501,1882
granulosa_9340,chr16,2019372,2020795,1423
granulosa_9341,chr16,2022664,2023796,1132
granulosa_9342,chr16,2026510,2027970,1460
granulosa_9343,chr16,2032548,2034204,1656
granulosa_9344,chr16,2035377,2036217,840
granulosa_9345,chr16,2046959,2048520,1561
granulosa_9346,chr16,2081131,2083541,2410
granulosa_9347,chr16,2090330,2092020,1690
granulosa_9348,chr16,2134986,2136447,1461
granulosa_9349,chr16,2147704,2149111,1407
granulosa_9350,chr16,2153092,2153989,897
granulosa_9351,chr16,2154742,2156722,1980
granulosa_9352,chr16,2159029,2160013,984
granulosa_9353,chr16,2194896,2197084,2188
granulosa_9354,chr16,2204407,2206273,1866
granulosa_9355,chr16,2213753,2215492,1739
granulosa_9356,chr16,2222997,2224352,1355
granulosa_9357,chr16,2236075,2238148,2073
granulosa_9358,chr16,2250132,2252509,2377
granulosa_9359,chr16,2267431,2269158,1727
granulosa_9360,chr16,2339517,2342164,2647
granulosa_9361,chr16,2364300,2366556,2256
granulosa_9362,chr16,2428290,2430663,2373
granulosa_9363,chr16,2458887,2460615,1728
granulosa_9364,chr16,2467339,2469027,1688
granulosa_9365,chr16,2470643,2471762,1119
granulosa_9366,chr16,2473507,2476162,2655
granulosa_9367,chr16,2482420,2483768,1348
granulosa_9368,chr16,2500735,2502152,1417
granulosa_9369,chr16,2502402,2503238,836
granulosa_9370,chr16,2512814,2514982,2168
granulosa_9371,chr16,2519487,2521498,2011
granulosa_9372,chr16,2531155,2533137,1982
granulosa_9373,chr16,2537343,2538323,980
granulosa_9374,chr16,2602897,2604290,1393
granulosa_9375,chr16,2663259,2665149,1890
granulosa_9376,chr16,2672982,2673979,997
granulosa_9377,chr16,2681612,2683277,1665
granulosa_9378,chr16,2715228,2715989,761
granulosa_9379,chr16,2720567,2721708,1141
granulosa_9380,chr16,2748662,2749506,844
granulosa_9381,chr16,2751611,2753871,2260
granulosa_9382,chr16,2769255,2770921,1666
granulosa_9383,chr16,2776278,2778580,2302
granulosa_9384,chr16,2784771,2785955,1184
granulosa_9385,chr16,2867702,2868797,1095
granulosa_9386,chr16,2874490,2875395,905
granulosa_9387,chr16,2881974,2884003,2029
granulosa_9388,chr16,2903957,2906168,2211
granulosa_9389,chr16,2907002,2907684,682
granulosa_9390,chr16,2911371,2913079,1708
granulosa_9391,chr16,2926667,2927392,725
granulosa_9392,chr16,2962838,2965277,2439
granulosa_9393,chr16,2968697,2970435,1738
granulosa_9394,chr16,2979569,2982161,2592
granulosa_9395,chr16,2983594,2983965,371
granulosa_9396,chr16,3003465,3005080,1615
granulosa_9397,chr16,3020111,3022631,2520
granulosa_9398,chr16,3022932,3024479,1547
granulosa_9399,chr16,3027945,3028718,773
granulosa_9400,chr16,3045291,3047721,2430
granulosa_9401,chr16,3058002,3059799,1797
granulosa_9402,chr16,3086430,3088976,2546
granulosa_9403,chr16,3099598,3100491,893
granulosa_9404,chr16,3105634,3107134,1500
granulosa_9405,chr16,3112036,3113747,1711
granulosa_9406,chr16,3123563,3124992,1429
granulosa_9407,chr16,3129298,3130096,798
granulosa_9408,chr16,3133974,3135705,1731
granulosa_9409,chr16,3149467,3151039,1572
granulosa_9410,chr16,3151998,3153103,1105
granulosa_9411,chr16,3156645,3159276,2631
granulosa_9412,chr16,3182379,3183702,1323
granulosa_9413,chr16,3187802,3189684,1882
granulosa_9414,chr16,3234498,3235559,1061
granulosa_9415,chr16,3263471,3265324,1853
granulosa_9416,chr16,3282192,3284342,2150
granulosa_9417,chr16,3304673,3306060,1387
granulosa_9418,chr16,3348173,3349508,1335
granulosa_9419,chr16,3364566,3365906,1340
granulosa_9420,chr16,3400226,3402137,1911
granulosa_9421,chr16,3442630,3444388,1758
granulosa_9422,chr16,3457250,3460202,2952
granulosa_9423,chr16,3480895,3482526,1631
granulosa_9424,chr16,3499834,3501829,1995
granulosa_9425,chr16,3579795,3581327,1532
granulosa_9426,chr16,3610477,3612224,1747
granulosa_9427,chr16,3654090,3655820,1730
granulosa_9428,chr16,3689888,3691228,1340
granulosa_9429,chr16,3716445,3718112,1667
granulosa_9430,chr16,3819544,3820843,1299
granulosa_9431,chr16,3837791,3839392,1601
granulosa_9432,chr16,3879218,3881614,2396
granulosa_9433,chr16,3938357,3939680,1323
granulosa_9434,chr16,3982759,3983517,758
granulosa_9435,chr16,3998780,4000186,1406
granulosa_9436,chr16,4080800,4082105,1305
granulosa_9437,chr16,4114870,4117028,2158
granulosa_9438,chr16,4182874,4184806,1932
granulosa_9439,chr16,4252901,4254338,1437
granulosa_9440,chr16,4263215,4264835,1620
granulosa_9441,chr16,4270997,4274410,3413
granulosa_9442,chr16,4293375,4294444,1069
granulosa_9443,chr16,4298820,4299659,839
granulosa_9444,chr16,4306376,4308450,2074
granulosa_9445,chr16,4314658,4317781,3123
granulosa_9446,chr16,4322926,4324553,1627
granulosa_9447,chr16,4327411,4329368,1957
granulosa_9448,chr16,4338116,4340475,2359
granulosa_9449,chr16,4350515,4351647,1132
granulosa_9450,chr16,4371276,4372600,1324
granulosa_9451,chr16,4372854,4374621,1767
granulosa_9452,chr16,4383857,4385053,1196
granulosa_9453,chr16,4391646,4393535,1889
granulosa_9454,chr16,4402299,4403236,937
granulosa_9455,chr16,4415307,4417150,1843
granulosa_9456,chr16,4424965,4426542,1577
granulosa_9457,chr16,4473946,4474829,883
granulosa_9458,chr16,4475934,4477230,1296
granulosa_9459,chr16,4537403,4539064,1661
granulosa_9460,chr16,4602040,4603065,1025
granulosa_9461,chr16,4613805,4615251,1446
granulosa_9462,chr16,4615638,4616883,1245
granulosa_9463,chr16,4624126,4625921,1795
granulosa_9464,chr16,4659946,4661149,1203
granulosa_9465,chr16,4692859,4694953,2094
granulosa_9466,chr16,4733283,4735309,2026
granulosa_9467,chr16,4766267,4767478,1211
granulosa_9468,chr16,4768145,4769077,932
granulosa_9469,chr16,4801299,4803216,1917
granulosa_9470,chr16,4846257,4848579,2322
granulosa_9471,chr16,4881763,4883747,1984
granulosa_9472,chr16,4936045,4937614,1569
granulosa_9473,chr16,4944487,4945293,806
granulosa_9474,chr16,4956003,4956509,506
granulosa_9475,chr16,4957401,4958646,1245
granulosa_9476,chr16,5002416,5004141,1725
granulosa_9477,chr16,5024445,5025843,1398
granulosa_9478,chr16,5033097,5034334,1237
granulosa_9479,chr16,5035096,5036532,1436
granulosa_9480,chr16,5071383,5072637,1254
granulosa_9481,chr16,5096994,5098956,1962
granulosa_9482,chr16,6018808,6020963,2155
granulosa_9483,chr16,6482585,6484145,1560
granulosa_9484,chr16,6618381,6619701,1320
granulosa_9485,chr16,6628965,6630194,1229
granulosa_9486,chr16,7086560,7087810,1250
granulosa_9487,chr16,7302421,7304808,2387
granulosa_9488,chr16,7404350,7405765,1415
granulosa_9489,chr16,8431770,8432868,1098
granulosa_9490,chr16,8567268,8568140,872
granulosa_9491,chr16,8621174,8622556,1382
granulosa_9492,chr16,8673895,8674922,1027
granulosa_9493,chr16,8720224,8721013,789
granulosa_9494,chr16,8796871,8798564,1693
granulosa_9495,chr16,8866233,8869400,3167
granulosa_9496,chr16,8962410,8964439,2029
granulosa_9497,chr16,9089996,9093362,3366
granulosa_9498,chr16,9235601,9237274,1673
granulosa_9499,chr16,9308025,9309450,1425
granulosa_9500,chr16,9489455,9491327,1872
granulosa_9501,chr16,9521825,9523240,1415
granulosa_9502,chr16,9826269,9827611,1342
granulosa_9503,chr16,10038738,10040102,1364
granulosa_9504,chr16,10180575,10183749,3174
granulosa_9505,chr16,10261097,10261961,864
granulosa_9506,chr16,10321464,10322509,1045
granulosa_9507,chr16,10331357,10332759,1402
granulosa_9508,chr16,10385523,10387054,1531
granulosa_9509,chr16,10577269,10579260,1991
granulosa_9510,chr16,10579589,10581041,1452
granulosa_9511,chr16,10616519,10617826,1307
granulosa_9512,chr16,10618862,10619842,980
granulosa_9513,chr16,10743378,10744740,1362
granulosa_9514,chr16,10745347,10746323,976
granulosa_9515,chr16,10788314,10789344,1030
granulosa_9516,chr16,10817874,10818997,1123
granulosa_9517,chr16,10824040,10824922,882
granulosa_9518,chr16,10827384,10830188,2804
granulosa_9519,chr16,10878481,10879675,1194
granulosa_9520,chr16,10917572,10919108,1536
granulosa_9521,chr16,10928587,10930126,1539
granulosa_9522,chr16,10941923,10942731,808
granulosa_9523,chr16,10944097,10944965,868
granulosa_9524,chr16,11254631,11257586,2955
granulosa_9525,chr16,11296613,11298386,1773
granulosa_9526,chr16,11344932,11346108,1176
granulosa_9527,chr16,11354669,11355959,1290
granulosa_9528,chr16,11585571,11587832,2261
granulosa_9529,chr16,11667751,11669417,1666
granulosa_9530,chr16,11741839,11743913,2074
granulosa_9531,chr16,11796247,11798559,2312
granulosa_9532,chr16,11850592,11852401,1809
granulosa_9533,chr16,11914281,11916523,2242
granulosa_9534,chr16,11975900,11978230,2330
granulosa_9535,chr16,12803163,12804163,1000
granulosa_9536,chr16,12900722,12903767,3045
granulosa_9537,chr16,13919259,13920703,1444
granulosa_9538,chr16,13923797,13924292,495
granulosa_9539,chr16,14050322,14051396,1074
granulosa_9540,chr16,14070521,14072188,1667
granulosa_9541,chr16,14185738,14187246,1508
granulosa_9542,chr16,14284969,14287094,2125
granulosa_9543,chr16,14300707,14304198,3491
granulosa_9544,chr16,14321291,14322021,730
granulosa_9545,chr16,14325628,14326723,1095
granulosa_9546,chr16,14334260,14335107,847
granulosa_9547,chr16,14629300,14630531,1231
granulosa_9548,chr16,14632315,14634334,2019
granulosa_9549,chr16,14974373,14976140,1767
granulosa_9550,chr16,14989478,14990470,992
granulosa_9551,chr16,15055120,15056793,1673
granulosa_9552,chr16,15093763,15094872,1109
granulosa_9553,chr16,15153853,15155269,1416
granulosa_9554,chr16,15395513,15396470,957
granulosa_9555,chr16,15427496,15428400,904
granulosa_9556,chr16,15434028,15435793,1765
granulosa_9557,chr16,15642163,15643987,1824
granulosa_9558,chr16,15649654,15651241,1587
granulosa_9559,chr16,15856752,15858686,1934
granulosa_9560,chr16,15887750,15889234,1484
granulosa_9561,chr16,15948493,15951109,2616
granulosa_9562,chr16,16041601,16042560,959
granulosa_9563,chr16,16071420,16072331,911
granulosa_9564,chr16,16093081,16094257,1176
granulosa_9565,chr16,16096033,16096982,949
granulosa_9566,chr16,16119789,16121285,1496
granulosa_9567,chr16,16126855,16128005,1150
granulosa_9568,chr16,16149771,16150844,1073
granulosa_9569,chr16,17070062,17071606,1544
granulosa_9570,chr16,17266435,17267138,703
granulosa_9571,chr16,17270148,17272095,1947
granulosa_9572,chr16,17416013,17417352,1339
granulosa_9573,chr16,17459097,17460817,1720
granulosa_9574,chr16,17468809,17471920,3111
granulosa_9575,chr16,18789610,18790846,1236
granulosa_9576,chr16,18800269,18802163,1894
granulosa_9577,chr16,18925273,18927206,1933
granulosa_9578,chr16,18983544,18984485,941
granulosa_9579,chr16,19066916,19068656,1740
granulosa_9580,chr16,19085638,19087000,1362
granulosa_9581,chr16,19113307,19115304,1997
granulosa_9582,chr16,19167546,19169222,1676
granulosa_9583,chr16,19520823,19522326,1503
granulosa_9584,chr16,19523633,19525338,1705
granulosa_9585,chr16,19554796,19556482,1686
granulosa_9586,chr16,19696018,19697110,1092
granulosa_9587,chr16,19717031,19719419,2388
granulosa_9588,chr16,19883213,19886569,3356
granulosa_9589,chr16,20673857,20677117,3260
granulosa_9590,chr16,20740046,20742171,2125
granulosa_9591,chr16,20763122,20764242,1120
granulosa_9592,chr16,20805643,20807377,1734
granulosa_9593,chr16,20899010,20901879,2869
granulosa_9594,chr16,21158083,21159925,1842
granulosa_9595,chr16,21188322,21189192,870
granulosa_9596,chr16,21216633,21218824,2191
granulosa_9597,chr16,21244054,21245283,1229
granulosa_9598,chr16,21277064,21278758,1694
granulosa_9599,chr16,21283092,21284213,1121
granulosa_9600,chr16,21300134,21303274,3140
granulosa_9601,chr16,21501311,21502734,1423
granulosa_9602,chr16,21519698,21520748,1050
granulosa_9603,chr16,21554488,21555182,694
granulosa_9604,chr16,21598619,21600762,2143
granulosa_9605,chr16,21819913,21821170,1257
granulosa_9606,chr16,21952155,21953901,1746
granulosa_9607,chr16,22007080,22009612,2532
granulosa_9608,chr16,22189461,22191586,2125
granulosa_9609,chr16,22195578,22196311,733
granulosa_9610,chr16,22205677,22207423,1746
granulosa_9611,chr16,22296744,22298775,2031
granulosa_9612,chr16,22373667,22375488,1821
granulosa_9613,chr16,22436447,22437657,1210
granulosa_9614,chr16,22812931,22814985,2054
granulosa_9615,chr16,23079229,23080245,1016
granulosa_9616,chr16,23139746,23141176,1430
granulosa_9617,chr16,23148405,23149971,1566
granulosa_9618,chr16,23182171,23183415,1244
granulosa_9619,chr16,23452019,23453584,1565
granulosa_9620,chr16,23508555,23510856,2301
granulosa_9621,chr16,23556899,23558667,1768
granulosa_9622,chr16,23595338,23596604,1266
granulosa_9623,chr16,23640105,23642180,2075
granulosa_9624,chr16,23677981,23679801,1820
granulosa_9625,chr16,23835266,23837369,2103
granulosa_9626,chr16,23966529,23967667,1138
granulosa_9627,chr16,24116070,24117407,1337
granulosa_9628,chr16,24208299,24209172,873
granulosa_9629,chr16,24255475,24256480,1005
granulosa_9630,chr16,24525896,24526629,733
granulosa_9631,chr16,24538847,24541021,2174
granulosa_9632,chr16,24609502,24610797,1295
granulosa_9633,chr16,24670313,24671560,1247
granulosa_9634,chr16,24728839,24731030,2191
granulosa_9635,chr16,24986621,24989868,3247
granulosa_9636,chr16,24999193,25000741,1548
granulosa_9637,chr16,25014094,25015836,1742
granulosa_9638,chr16,25030962,25032349,1387
granulosa_9639,chr16,25066261,25067644,1383
granulosa_9640,chr16,25106281,25107393,1112
granulosa_9641,chr16,25111010,25112492,1482
granulosa_9642,chr16,25256671,25258780,2109
granulosa_9643,chr16,25691006,25693359,2353
granulosa_9644,chr16,27109497,27110783,1286
granulosa_9645,chr16,27203069,27204626,1557
granulosa_9646,chr16,27267764,27269157,1393
granulosa_9647,chr16,27546914,27547627,713
granulosa_9648,chr16,27548953,27550558,1605
granulosa_9649,chr16,27617365,27619296,1931
granulosa_9650,chr16,27879784,27880802,1018
granulosa_9651,chr16,28011420,28012417,997
granulosa_9652,chr16,28062425,28063947,1522
granulosa_9653,chr16,28210130,28212664,2534
granulosa_9654,chr16,28277393,28278441,1048
granulosa_9655,chr16,28280702,28281730,1028
granulosa_9656,chr16,28291640,28293908,2268
granulosa_9657,chr16,28491179,28492464,1285
granulosa_9658,chr16,28553330,28554875,1545
granulosa_9659,chr16,28572267,28573969,1702
granulosa_9660,chr16,28584923,28586265,1342
granulosa_9661,chr16,28609069,28611376,2307
granulosa_9662,chr16,28622621,28623763,1142
granulosa_9663,chr16,28822114,28824761,2647
granulosa_9664,chr16,28845283,28847347,2064
granulosa_9665,chr16,28862636,28864825,2189
granulosa_9666,chr16,28879279,28880642,1363
granulosa_9667,chr16,28923809,28926131,2322
granulosa_9668,chr16,28945165,28946073,908
granulosa_9669,chr16,28950121,28952306,2185
granulosa_9670,chr16,28973726,28975462,1736
granulosa_9671,chr16,29143849,29144992,1143
granulosa_9672,chr16,29156663,29158563,1900
granulosa_9673,chr16,29201181,29202862,1681
granulosa_9674,chr16,29594219,29595813,1594
granulosa_9675,chr16,29612700,29614049,1349
granulosa_9676,chr16,29673785,29674649,864
granulosa_9677,chr16,29678782,29680507,1725
granulosa_9678,chr16,29789869,29791621,1752
granulosa_9679,chr16,29804680,29807018,2338
granulosa_9680,chr16,29807437,29808142,705
granulosa_9681,chr16,29811135,29812585,1450
granulosa_9682,chr16,29815537,29817300,1763
granulosa_9683,chr16,29820200,29821651,1451
granulosa_9684,chr16,29826743,29827597,854
granulosa_9685,chr16,29849118,29849965,847
granulosa_9686,chr16,29862112,29864035,1923
granulosa_9687,chr16,29898874,29901351,2477
granulosa_9688,chr16,29925057,29927737,2680
granulosa_9689,chr16,29943291,29944631,1340
granulosa_9690,chr16,29961291,29962944,1653
granulosa_9691,chr16,29973178,29975045,1867
granulosa_9692,chr16,29994785,29996851,2066
granulosa_9693,chr16,30009931,30011966,2035
granulosa_9694,chr16,30020866,30022005,1139
granulosa_9695,chr16,30028362,30029071,709
granulosa_9696,chr16,30052393,30054005,1612
granulosa_9697,chr16,30063707,30066605,2898
granulosa_9698,chr16,30074635,30076591,1956
granulosa_9699,chr16,30091204,30092941,1737
granulosa_9700,chr16,30095245,30096847,1602
granulosa_9701,chr16,30121438,30123670,2232
granulosa_9702,chr16,30182691,30184915,2224
granulosa_9703,chr16,30334299,30336023,1724
granulosa_9704,chr16,30354418,30356063,1645
granulosa_9705,chr16,30369082,30371434,2352
granulosa_9706,chr16,30377190,30379467,2277
granulosa_9707,chr16,30393981,30396187,2206
granulosa_9708,chr16,30399733,30400967,1234
granulosa_9709,chr16,30406857,30408125,1268
granulosa_9710,chr16,30409231,30409808,577
granulosa_9711,chr16,30417279,30418527,1248
granulosa_9712,chr16,30428794,30430677,1883
granulosa_9713,chr16,30444892,30446182,1290
granulosa_9714,chr16,30525962,30527902,1940
granulosa_9715,chr16,30533811,30536028,2217
granulosa_9716,chr16,30557191,30558909,1718
granulosa_9717,chr16,30570698,30572529,1831
granulosa_9718,chr16,30584891,30586415,1524
granulosa_9719,chr16,30609259,30610742,1483
granulosa_9720,chr16,30633703,30635479,1776
granulosa_9721,chr16,30649772,30652031,2259
granulosa_9722,chr16,30657435,30660132,2697
granulosa_9723,chr16,30697436,30699666,2230
granulosa_9724,chr16,30747695,30749199,1504
granulosa_9725,chr16,30761122,30763103,1981
granulosa_9726,chr16,30774852,30776444,1592
granulosa_9727,chr16,30785940,30787740,1800
granulosa_9728,chr16,30805104,30807239,2135
granulosa_9729,chr16,30813843,30814949,1106
granulosa_9730,chr16,30874399,30876449,2050
granulosa_9731,chr16,30893257,30894532,1275
granulosa_9732,chr16,30895773,30897300,1527
granulosa_9733,chr16,30901633,30902875,1242
granulosa_9734,chr16,30921463,30924671,3208
granulosa_9735,chr16,30927711,30928484,773
granulosa_9736,chr16,30941621,30942322,701
granulosa_9737,chr16,30946999,30950421,3422
granulosa_9738,chr16,30956820,30958964,2144
granulosa_9739,chr16,30979418,30980758,1340
granulosa_9740,chr16,30984452,30985820,1368
granulosa_9741,chr16,30996265,30998533,2268
granulosa_9742,chr16,31001734,31003247,1513
granulosa_9743,chr16,31009646,31011184,1538
granulosa_9744,chr16,31032511,31034503,1992
granulosa_9745,chr16,31041864,31042989,1125
granulosa_9746,chr16,31072412,31074999,2587
granulosa_9747,chr16,31092983,31095167,2184
granulosa_9748,chr16,31108032,31109379,1347
granulosa_9749,chr16,31116866,31118768,1902
granulosa_9750,chr16,31134613,31135950,1337
granulosa_9751,chr16,31141498,31143228,1730
granulosa_9752,chr16,31179339,31181784,2445
granulosa_9753,chr16,31201364,31203056,1692
granulosa_9754,chr16,31214281,31216207,1926
granulosa_9755,chr16,31228867,31230501,1634
granulosa_9756,chr16,31427226,31429369,2143
granulosa_9757,chr16,31441901,31443658,1757
granulosa_9758,chr16,31457900,31460275,2375
granulosa_9759,chr16,31471488,31473295,1807
granulosa_9760,chr16,31475856,31478153,2297
granulosa_9761,chr16,31487162,31488906,1744
granulosa_9762,chr16,31507452,31509182,1730
granulosa_9763,chr16,31528627,31530275,1648
granulosa_9764,chr16,31700258,31701369,1111
granulosa_9765,chr16,31712799,31714780,1981
granulosa_9766,chr16,31873164,31875433,2269
granulosa_9767,chr16,46620541,46621792,1251
granulosa_9768,chr16,46688246,46690424,2178
granulosa_9769,chr16,46756966,46758565,1599
granulosa_9770,chr16,46829649,46831824,2175
granulosa_9771,chr16,46883409,46885670,2261
granulosa_9772,chr16,46885860,46886727,867
granulosa_9773,chr16,46972281,46974157,1876
granulosa_9774,chr16,47033157,47034062,905
granulosa_9775,chr16,47037256,47038363,1107
granulosa_9776,chr16,47141692,47142156,464
granulosa_9777,chr16,47142458,47144677,2219
granulosa_9778,chr16,47460141,47462196,2055
granulosa_9779,chr16,48052947,48053966,1019
granulosa_9780,chr16,48243708,48245561,1853
granulosa_9781,chr16,48365036,48366833,1797
granulosa_9782,chr16,48383845,48386146,2301
granulosa_9783,chr16,48609266,48610630,1364
granulosa_9784,chr16,48622709,48624006,1297
granulosa_9785,chr16,49280131,49280665,534
granulosa_9786,chr16,49281261,49282634,1373
granulosa_9787,chr16,49282944,49283426,482
granulosa_9788,chr16,49407748,49408537,789
granulosa_9789,chr16,49483664,49484910,1246
granulosa_9790,chr16,49491619,49492818,1199
granulosa_9791,chr16,49524265,49525316,1051
granulosa_9792,chr16,49620082,49621795,1713
granulosa_9793,chr16,49638591,49641077,2486
granulosa_9794,chr16,49697884,49698842,958
granulosa_9795,chr16,49699953,49701337,1384
granulosa_9796,chr16,49701805,49703345,1540
granulosa_9797,chr16,49754499,49755675,1176
granulosa_9798,chr16,49834337,49836030,1693
granulosa_9799,chr16,49854843,49856341,1498
granulosa_9800,chr16,49856558,49857430,872
granulosa_9801,chr16,49857653,49859655,2002
granulosa_9802,chr16,49931994,49933431,1437
granulosa_9803,chr16,50024620,50026220,1600
granulosa_9804,chr16,50065543,50066825,1282
granulosa_9805,chr16,50152206,50155060,2854
granulosa_9806,chr16,50209635,50211040,1405
granulosa_9807,chr16,50244103,50246911,2808
granulosa_9808,chr16,50259152,50260230,1078
granulosa_9809,chr16,50309165,50311082,1917
granulosa_9810,chr16,50367782,50369904,2122
granulosa_9811,chr16,50389922,50391746,1824
granulosa_9812,chr16,50467597,50468836,1239
granulosa_9813,chr16,50547345,50549537,2192
granulosa_9814,chr16,50591389,50592859,1470
granulosa_9815,chr16,50615762,50617808,2046
granulosa_9816,chr16,50626863,50627947,1084
granulosa_9817,chr16,50740987,50743253,2266
granulosa_9818,chr16,50805919,50807063,1144
granulosa_9819,chr16,51150510,51153036,2526
granulosa_9820,chr16,51155855,51156340,485
granulosa_9821,chr16,51187194,51188606,1412
granulosa_9822,chr16,51243794,51246609,2815
granulosa_9823,chr16,51733466,51734878,1412
granulosa_9824,chr16,51761685,51762955,1270
granulosa_9825,chr16,52176822,52178719,1897
granulosa_9826,chr16,52191269,52192560,1291
granulosa_9827,chr16,52234652,52236766,2114
granulosa_9828,chr16,52331682,52332947,1265
granulosa_9829,chr16,52435348,52437687,2339
granulosa_9830,chr16,52545154,52545911,757
granulosa_9831,chr16,52546109,52547906,1797
granulosa_9832,chr16,52825719,52826716,997
granulosa_9833,chr16,53054342,53056272,1930
granulosa_9834,chr16,53098480,53100301,1821
granulosa_9835,chr16,53129050,53132058,3008
granulosa_9836,chr16,53207741,53208736,995
granulosa_9837,chr16,53433466,53435703,2237
granulosa_9838,chr16,53502055,53504905,2850
granulosa_9839,chr16,53549592,53550769,1177
granulosa_9840,chr16,53703352,53704752,1400
granulosa_9841,chr16,53773021,53773756,735
granulosa_9842,chr16,53792141,53793141,1000
granulosa_9843,chr16,53990875,53992493,1618
granulosa_9844,chr16,54193435,54195093,1658
granulosa_9845,chr16,54198865,54200241,1376
granulosa_9846,chr16,54207815,54208792,977
granulosa_9847,chr16,54215961,54217177,1216
granulosa_9848,chr16,54281749,54282787,1038
granulosa_9849,chr16,54285424,54287495,2071
granulosa_9850,chr16,54416937,54418228,1291
granulosa_9851,chr16,54590913,54592248,1335
granulosa_9852,chr16,54628487,54629590,1103
granulosa_9853,chr16,54631825,54633026,1201
granulosa_9854,chr16,54654237,54655900,1663
granulosa_9855,chr16,54686790,54687900,1110
granulosa_9856,chr16,54928335,54929934,1599
granulosa_9857,chr16,54930101,54931444,1343
granulosa_9858,chr16,54934954,54935275,321
granulosa_9859,chr16,54936247,54937969,1722
granulosa_9860,chr16,55323343,55325420,2077
granulosa_9861,chr16,55370820,55371425,605
granulosa_9862,chr16,55478564,55480912,2348
granulosa_9863,chr16,55502429,55503473,1044
granulosa_9864,chr16,55508583,55509995,1412
granulosa_9865,chr16,55655473,55656963,1490
granulosa_9866,chr16,56190536,56192075,1539
granulosa_9867,chr16,56194124,56194981,857
granulosa_9868,chr16,56317726,56318727,1001
granulosa_9869,chr16,56344054,56345485,1431
granulosa_9870,chr16,56355996,56358012,2016
granulosa_9871,chr16,56423757,56425902,2145
granulosa_9872,chr16,56450209,56452502,2293
granulosa_9873,chr16,56519217,56520459,1242
granulosa_9874,chr16,56539499,56540571,1072
granulosa_9875,chr16,56588926,56591101,2175
granulosa_9876,chr16,56607937,56610539,2602
granulosa_9877,chr16,56616837,56617862,1025
granulosa_9878,chr16,56621134,56621690,556
granulosa_9879,chr16,56624978,56626234,1256
granulosa_9880,chr16,56637931,56638736,805
granulosa_9881,chr16,56642951,56643809,858
granulosa_9882,chr16,56657147,56658612,1465
granulosa_9883,chr16,56681753,56683278,1525
granulosa_9884,chr16,56701161,56703096,1935
granulosa_9885,chr16,56728874,56730750,1876
granulosa_9886,chr16,56931189,56933595,2406
granulosa_9887,chr16,56988586,56990359,1773
granulosa_9888,chr16,57045261,57046224,963
granulosa_9889,chr16,57091284,57093599,2315
granulosa_9890,chr16,57184990,57188063,3073
granulosa_9891,chr16,57244340,57246052,1712
granulosa_9892,chr16,57282940,57285108,2168
granulosa_9893,chr16,57299228,57301329,2101
granulosa_9894,chr16,57371970,57373260,1290
granulosa_9895,chr16,57373483,57374775,1292
granulosa_9896,chr16,57416330,57417518,1188
granulosa_9897,chr16,57446466,57448041,1575
granulosa_9898,chr16,57462162,57463347,1185
granulosa_9899,chr16,57470371,57472935,2564
granulosa_9900,chr16,57478976,57480605,1629
granulosa_9901,chr16,57485378,57486884,1506
granulosa_9902,chr16,57503128,57504367,1239
granulosa_9903,chr16,57527993,57529541,1548
granulosa_9904,chr16,57532457,57533402,945
granulosa_9905,chr16,57534962,57537264,2302
granulosa_9906,chr16,57622459,57623817,1358
granulosa_9907,chr16,57627307,57628837,1530
granulosa_9908,chr16,57638957,57639839,882
granulosa_9909,chr16,57700686,57702408,1722
granulosa_9910,chr16,57734712,57737101,2389
granulosa_9911,chr16,57786616,57789121,2505
granulosa_9912,chr16,57797275,57798390,1115
granulosa_9913,chr16,57801181,57803852,2671
granulosa_9914,chr16,57807820,57808679,859
granulosa_9915,chr16,57845915,57847186,1271
granulosa_9916,chr16,57984421,57986275,1854
granulosa_9917,chr16,57999376,58001731,2355
granulosa_9918,chr16,58022646,58023481,835
granulosa_9919,chr16,58025328,58027908,2580
granulosa_9920,chr16,58032138,58033310,1172
granulosa_9921,chr16,58034229,58035254,1025
granulosa_9922,chr16,58047062,58048707,1645
granulosa_9923,chr16,58121221,58122239,1018
granulosa_9924,chr16,58126681,58127608,927
granulosa_9925,chr16,58128195,58129998,1803
granulosa_9926,chr16,58196795,58198586,1791
granulosa_9927,chr16,58235828,58237247,1419
granulosa_9928,chr16,58249347,58250496,1149
granulosa_9929,chr16,58391880,58393346,1466
granulosa_9930,chr16,58462945,58465425,2480
granulosa_9931,chr16,58487344,58488140,796
granulosa_9932,chr16,58494854,58495913,1059
granulosa_9933,chr16,58499657,58502039,2382
granulosa_9934,chr16,58514722,58516516,1794
granulosa_9935,chr16,58628577,58630702,2125
granulosa_9936,chr16,58683441,58685138,1697
granulosa_9937,chr16,58732789,58734583,1794
granulosa_9938,chr16,58814271,58814964,693
granulosa_9939,chr16,58816475,58817711,1236
granulosa_9940,chr16,58828336,58829741,1405
granulosa_9941,chr16,58999277,59000654,1377
granulosa_9942,chr16,62034108,62036915,2807
granulosa_9943,chr16,64132338,64133777,1439
granulosa_9944,chr16,65117783,65118309,526
granulosa_9945,chr16,65120728,65124107,3379
granulosa_9946,chr16,66228388,66229381,993
granulosa_9947,chr16,66247531,66248555,1024
granulosa_9948,chr16,66269810,66270817,1007
granulosa_9949,chr16,66406099,66407380,1281
granulosa_9950,chr16,66426330,66428361,2031
granulosa_9951,chr16,66549073,66550322,1249
granulosa_9952,chr16,66551988,66553029,1041
granulosa_9953,chr16,66578284,66579612,1328
granulosa_9954,chr16,66603668,66605761,2093
granulosa_9955,chr16,66608322,66608858,536
granulosa_9956,chr16,66627389,66628510,1121
granulosa_9957,chr16,66650430,66651484,1054
granulosa_9958,chr16,66695214,66697444,2230
granulosa_9959,chr16,66727501,66729281,1780
granulosa_9960,chr16,66750512,66752130,1618
granulosa_9961,chr16,66830337,66831219,882
granulosa_9962,chr16,66843854,66845159,1305
granulosa_9963,chr16,66872634,66874150,1516
granulosa_9964,chr16,66879838,66881308,1470
granulosa_9965,chr16,66899510,66901416,1906
granulosa_9966,chr16,66904771,66906196,1425
granulosa_9967,chr16,66924682,66926051,1369
granulosa_9968,chr16,66933553,66935797,2244
granulosa_9969,chr16,66947013,66949244,2231
granulosa_9970,chr16,66976648,66978176,1528
granulosa_9971,chr16,67000086,67001415,1329
granulosa_9972,chr16,67012999,67015102,2103
granulosa_9973,chr16,67028479,67030300,1821
granulosa_9974,chr16,67109061,67110879,1818
granulosa_9975,chr16,67149059,67151407,2348
granulosa_9976,chr16,67154731,67155721,990
granulosa_9977,chr16,67159034,67160243,1209
granulosa_9978,chr16,67160598,67161203,605
granulosa_9979,chr16,67162964,67163873,909
granulosa_9980,chr16,67169436,67171263,1827
granulosa_9981,chr16,67173761,67174581,820
granulosa_9982,chr16,67177829,67178670,841
granulosa_9983,chr16,67183312,67184818,1506
granulosa_9984,chr16,67185198,67185761,563
granulosa_9985,chr16,67191336,67192739,1403
granulosa_9986,chr16,67198073,67200254,2181
granulosa_9987,chr16,67226203,67227493,1290
granulosa_9988,chr16,67245683,67247799,2116
granulosa_9989,chr16,67248287,67249341,1054
granulosa_9990,chr16,67278589,67279993,1404
granulosa_9991,chr16,67284126,67285270,1144
granulosa_9992,chr16,67326115,67327290,1175
granulosa_9993,chr16,67392925,67395104,2179
granulosa_9994,chr16,67399224,67400076,852
granulosa_9995,chr16,67415626,67416855,1229
granulosa_9996,chr16,67430322,67431946,1624
granulosa_9997,chr16,67445355,67447854,2499
granulosa_9998,chr16,67465521,67466181,660
granulosa_9999,chr16,67480156,67482547,2391
granulosa_10000,chr16,67488665,67490120,1455
granulosa_10001,chr16,67520870,67521826,956
granulosa_10002,chr16,67528096,67530696,2600
granulosa_10003,chr16,67536832,67538590,1758
granulosa_10004,chr16,67546769,67548094,1325
granulosa_10005,chr16,67551924,67552927,1003
granulosa_10006,chr16,67561490,67564125,2635
granulosa_10007,chr16,67644342,67645270,928
granulosa_10008,chr16,67652531,67654054,1523
granulosa_10009,chr16,67659431,67661609,2178
granulosa_10010,chr16,67665994,67668261,2267
granulosa_10011,chr16,67718376,67720220,1844
granulosa_10012,chr16,67805650,67807451,1801
granulosa_10013,chr16,67816337,67817646,1309
granulosa_10014,chr16,67832923,67834339,1416
granulosa_10015,chr16,67841411,67843514,2103
granulosa_10016,chr16,67846265,67847921,1656
granulosa_10017,chr16,67872372,67874164,1792
granulosa_10018,chr16,67884246,67885115,869
granulosa_10019,chr16,67890282,67891003,721
granulosa_10020,chr16,67892550,67894166,1616
granulosa_10021,chr16,67934646,67937087,2441
granulosa_10022,chr16,67967420,67969845,2425
granulosa_10023,chr16,67992754,67994113,1359
granulosa_10024,chr16,68022201,68023989,1788
granulosa_10025,chr16,68072035,68072806,771
granulosa_10026,chr16,68079400,68080320,920
granulosa_10027,chr16,68083905,68086120,2215
granulosa_10028,chr16,68146221,68147132,911
granulosa_10029,chr16,68234861,68236427,1566
granulosa_10030,chr16,68236612,68238141,1529
granulosa_10031,chr16,68244285,68245898,1613
granulosa_10032,chr16,68263822,68265850,2028
granulosa_10033,chr16,68309858,68311721,1863
granulosa_10034,chr16,68328070,68328985,915
granulosa_10035,chr16,68360614,68362078,1464
granulosa_10036,chr16,68447327,68449169,1842
granulosa_10037,chr16,68509438,68510566,1128
granulosa_10038,chr16,68520288,68521131,843
granulosa_10039,chr16,68528424,68529133,709
granulosa_10040,chr16,68529668,68530751,1083
granulosa_10041,chr16,68538719,68540271,1552
granulosa_10042,chr16,68589400,68591101,1701
granulosa_10043,chr16,68635787,68637244,1457
granulosa_10044,chr16,68642335,68643045,710
granulosa_10045,chr16,68643795,68646636,2841
granulosa_10046,chr16,68696347,68697011,664
granulosa_10047,chr16,68736822,68738726,1904
granulosa_10048,chr16,68800031,68800868,837
granulosa_10049,chr16,68843033,68844383,1350
granulosa_10050,chr16,68960110,68961501,1391
granulosa_10051,chr16,69105256,69107937,2681
granulosa_10052,chr16,69131069,69133172,2103
granulosa_10053,chr16,69179055,69180359,1304
granulosa_10054,chr16,69186483,69189050,2567
granulosa_10055,chr16,69310605,69312217,1612
granulosa_10056,chr16,69329494,69331079,1585
granulosa_10057,chr16,69338766,69340581,1815
granulosa_10058,chr16,69384960,69386236,1276
granulosa_10059,chr16,69403777,69404869,1092
granulosa_10060,chr16,69423721,69425345,1624
granulosa_10061,chr16,69564880,69567493,2613
granulosa_10062,chr16,69725919,69727147,1228
granulosa_10063,chr16,69753595,69755273,1678
granulosa_10064,chr16,69761846,69763541,1695
granulosa_10065,chr16,69917391,69918449,1058
granulosa_10066,chr16,69923523,69925254,1731
granulosa_10067,chr16,69927080,69927794,714
granulosa_10068,chr16,70064682,70066429,1747
granulosa_10069,chr16,70113846,70115167,1321
granulosa_10070,chr16,70250769,70252466,1697
granulosa_10071,chr16,70288153,70290195,2042
granulosa_10072,chr16,70298534,70300063,1529
granulosa_10073,chr16,70346216,70347430,1214
granulosa_10074,chr16,70379966,70382081,2115
granulosa_10075,chr16,70427754,70429262,1508
granulosa_10076,chr16,70436849,70438333,1484
granulosa_10077,chr16,70438463,70439869,1406
granulosa_10078,chr16,70453835,70455347,1512
granulosa_10079,chr16,70522831,70525192,2361
granulosa_10080,chr16,70660651,70663497,2846
granulosa_10081,chr16,70685025,70687080,2055
granulosa_10082,chr16,70691667,70693714,2047
granulosa_10083,chr16,70714436,70716557,2121
granulosa_10084,chr16,70724950,70727295,2345
granulosa_10085,chr16,70769678,70771528,1850
granulosa_10086,chr16,70778517,70779702,1185
granulosa_10087,chr16,70800282,70801505,1223
granulosa_10088,chr16,71229890,71231104,1214
granulosa_10089,chr16,71288040,71289944,1904
granulosa_10090,chr16,71357563,71359042,1479
granulosa_10091,chr16,71408719,71410448,1729
granulosa_10092,chr16,71425727,71427220,1493
granulosa_10093,chr16,71461091,71462589,1498
granulosa_10094,chr16,71483812,71484987,1175
granulosa_10095,chr16,71563973,71565699,1726
granulosa_10096,chr16,71722521,71724453,1932
granulosa_10097,chr16,71807653,71809895,2242
granulosa_10098,chr16,71845324,71846858,1534
granulosa_10099,chr16,71882419,71884753,2334
granulosa_10100,chr16,71894065,71896274,2209
granulosa_10101,chr16,72008075,72009152,1077
granulosa_10102,chr16,72013359,72014774,1415
granulosa_10103,chr16,72072345,72073379,1034
granulosa_10104,chr16,72092401,72094504,2103
granulosa_10105,chr16,72100886,72101728,842
granulosa_10106,chr16,72240605,72242204,1599
granulosa_10107,chr16,72663622,72665453,1831
granulosa_10108,chr16,72787071,72788745,1674
granulosa_10109,chr16,72847717,72849392,1675
granulosa_10110,chr16,72921115,72922151,1036
granulosa_10111,chr16,72931038,72932796,1758
granulosa_10112,chr16,73047208,73048784,1576
granulosa_10113,chr16,73057342,73059407,2065
granulosa_10114,chr16,73070303,73071799,1496
granulosa_10115,chr16,73095172,73096474,1302
granulosa_10116,chr16,73232117,73234841,2724
granulosa_10117,chr16,73364726,73365973,1247
granulosa_10118,chr16,73543504,73545599,2095
granulosa_10119,chr16,74295810,74297863,2053
granulosa_10120,chr16,74367233,74368910,1677
granulosa_10121,chr16,74396316,74398805,2489
granulosa_10122,chr16,74605998,74607676,1678
granulosa_10123,chr16,74666215,74667827,1612
granulosa_10124,chr16,74700132,74701463,1331
granulosa_10125,chr16,74724100,74725245,1145
granulosa_10126,chr16,74743219,74744307,1088
granulosa_10127,chr16,74773704,74775237,1533
granulosa_10128,chr16,74984299,74985482,1183
granulosa_10129,chr16,74998215,75001085,2870
granulosa_10130,chr16,75064342,75066018,1676
granulosa_10131,chr16,75097871,75100200,2329
granulosa_10132,chr16,75108749,75109481,732
granulosa_10133,chr16,75110326,75112617,2291
granulosa_10134,chr16,75148057,75149309,1252
granulosa_10135,chr16,75233493,75234658,1165
granulosa_10136,chr16,75237885,75239272,1387
granulosa_10137,chr16,75244847,75245880,1033
granulosa_10138,chr16,75250122,75252169,2047
granulosa_10139,chr16,75256196,75257397,1201
granulosa_10140,chr16,75263782,75266683,2901
granulosa_10141,chr16,75267727,75268296,569
granulosa_10142,chr16,75432519,75434668,2149
granulosa_10143,chr16,75463366,75465065,1699
granulosa_10144,chr16,75494449,75495924,1475
granulosa_10145,chr16,75516149,75517906,1757
granulosa_10146,chr16,75554932,75556694,1762
granulosa_10147,chr16,75565689,75567188,1499
granulosa_10148,chr16,75622148,75624021,1873
granulosa_10149,chr16,75647150,75649059,1909
granulosa_10150,chr16,76221937,76223894,1957
granulosa_10151,chr16,76276776,76278410,1634
granulosa_10152,chr16,76278673,76279401,728
granulosa_10153,chr16,76301910,76303790,1880
granulosa_10154,chr16,76329034,76330587,1553
granulosa_10155,chr16,76344930,76346066,1136
granulosa_10156,chr16,76526694,76527568,874
granulosa_10157,chr16,77190097,77191707,1610
granulosa_10158,chr16,77211850,77213437,1587
granulosa_10159,chr16,77235676,77236616,940
granulosa_10160,chr16,77434249,77435801,1552
granulosa_10161,chr16,77721786,77723540,1754
granulosa_10162,chr16,77787923,77790314,2391
granulosa_10163,chr16,77811300,77812305,1005
granulosa_10164,chr16,77918412,77919699,1287
granulosa_10165,chr16,77946651,77947580,929
granulosa_10166,chr16,77969984,77971887,1903
granulosa_10167,chr16,78045550,78046385,835
granulosa_10168,chr16,78098837,78100407,1570
granulosa_10169,chr16,79286445,79287702,1257
granulosa_10170,chr16,79339621,79340651,1030
granulosa_10171,chr16,79437416,79438796,1380
granulosa_10172,chr16,79524510,79525659,1149
granulosa_10173,chr16,79589128,79590222,1094
granulosa_10174,chr16,79598512,79601628,3116
granulosa_10175,chr16,79602027,79602564,537
granulosa_10176,chr16,79714033,79715746,1713
granulosa_10177,chr16,79769750,79771084,1334
granulosa_10178,chr16,80540327,80541561,1234
granulosa_10179,chr16,80803015,80805086,2071
granulosa_10180,chr16,80931620,80933119,1499
granulosa_10181,chr16,81005816,81008115,2299
granulosa_10182,chr16,81035359,81037221,1862
granulosa_10183,chr16,81076315,81077774,1459
granulosa_10184,chr16,81095496,81097171,1675
granulosa_10185,chr16,81180645,81181748,1103
granulosa_10186,chr16,81251270,81252407,1137
granulosa_10187,chr16,81313545,81316358,2813
granulosa_10188,chr16,81403174,81404333,1159
granulosa_10189,chr16,81443717,81446811,3094
granulosa_10190,chr16,81625429,81626230,801
granulosa_10191,chr16,81630218,81631061,843
granulosa_10192,chr16,81634225,81635351,1126
granulosa_10193,chr16,81641123,81641718,595
granulosa_10194,chr16,81650653,81651860,1207
granulosa_10195,chr16,81651971,81652974,1003
granulosa_10196,chr16,81667065,81668876,1811
granulosa_10197,chr16,81694713,81696165,1452
granulosa_10198,chr16,81729446,81731103,1657
granulosa_10199,chr16,81737539,81738379,840
granulosa_10200,chr16,81778747,81780087,1340
granulosa_10201,chr16,81939083,81941302,2219
granulosa_10202,chr16,82169600,82170875,1275
granulosa_10203,chr16,82201386,82202895,1509
granulosa_10204,chr16,82626708,82628398,1690
granulosa_10205,chr16,82703265,82704402,1137
granulosa_10206,chr16,83807290,83809041,1751
granulosa_10207,chr16,83898406,83900158,1752
granulosa_10208,chr16,83926312,83927377,1065
granulosa_10209,chr16,83952683,83954349,1666
granulosa_10210,chr16,83967882,83969525,1643
granulosa_10211,chr16,84062160,84063286,1126
granulosa_10212,chr16,84115895,84117794,1899
granulosa_10213,chr16,84143808,84145806,1998
granulosa_10214,chr16,84185961,84187251,1290
granulosa_10215,chr16,84503785,84505368,1583
granulosa_10216,chr16,84519757,84521433,1676
granulosa_10217,chr16,84593940,84595047,1107
granulosa_10218,chr16,84599020,84600175,1155
granulosa_10219,chr16,84617047,84619129,2082
granulosa_10220,chr16,84647526,84649628,2102
granulosa_10221,chr16,84699267,84701178,1911
granulosa_10222,chr16,84818934,84821054,2120
granulosa_10223,chr16,84835730,84836885,1155
granulosa_10224,chr16,84928703,84931235,2532
granulosa_10225,chr16,84952066,84953542,1476
granulosa_10226,chr16,85001848,85003075,1227
granulosa_10227,chr16,85010298,85012149,1851
granulosa_10228,chr16,85027011,85028560,1549
granulosa_10229,chr16,85082117,85083603,1486
granulosa_10230,chr16,85114700,85115614,914
granulosa_10231,chr16,85126313,85127426,1113
granulosa_10232,chr16,85136137,85137897,1760
granulosa_10233,chr16,85168623,85170332,1709
granulosa_10234,chr16,85173563,85173961,398
granulosa_10235,chr16,85180713,85182259,1546
granulosa_10236,chr16,85195675,85196974,1299
granulosa_10237,chr16,85202005,85203166,1161
granulosa_10238,chr16,85206061,85207723,1662
granulosa_10239,chr16,85216718,85217733,1015
granulosa_10240,chr16,85219909,85222149,2240
granulosa_10241,chr16,85234328,85236265,1937
granulosa_10242,chr16,85245261,85246817,1556
granulosa_10243,chr16,85327934,85331062,3128
granulosa_10244,chr16,85334694,85335925,1231
granulosa_10245,chr16,85348673,85349926,1253
granulosa_10246,chr16,85350802,85351569,767
granulosa_10247,chr16,85393585,85394693,1108
granulosa_10248,chr16,85395200,85396951,1751
granulosa_10249,chr16,85415366,85416678,1312
granulosa_10250,chr16,85422006,85423126,1120
granulosa_10251,chr16,85435891,85437714,1823
granulosa_10252,chr16,85444693,85445862,1169
granulosa_10253,chr16,85448137,85449460,1323
granulosa_10254,chr16,85459747,85463906,4159
granulosa_10255,chr16,85464105,85465320,1215
granulosa_10256,chr16,85472786,85475723,2937
granulosa_10257,chr16,85502924,85504259,1335
granulosa_10258,chr16,85523190,85524009,819
granulosa_10259,chr16,85554090,85556092,2002
granulosa_10260,chr16,85556388,85558530,2142
granulosa_10261,chr16,85573487,85575433,1946
granulosa_10262,chr16,85583386,85585136,1750
granulosa_10263,chr16,85606651,85608769,2118
granulosa_10264,chr16,85610280,85612537,2257
granulosa_10265,chr16,85612775,85613600,825
granulosa_10266,chr16,85613758,85614598,840
granulosa_10267,chr16,85615851,85617275,1424
granulosa_10268,chr16,85625908,85628516,2608
granulosa_10269,chr16,85650148,85653518,3370
granulosa_10270,chr16,85659243,85660170,927
granulosa_10271,chr16,85673534,85674942,1408
granulosa_10272,chr16,85688368,85689409,1041
granulosa_10273,chr16,85749835,85751465,1630
granulosa_10274,chr16,85752838,85753727,889
granulosa_10275,chr16,85798506,85800616,2110
granulosa_10276,chr16,85821013,85822171,1158
granulosa_10277,chr16,85844389,85845532,1143
granulosa_10278,chr16,85898284,85899364,1080
granulosa_10279,chr16,85911758,85912884,1126
granulosa_10280,chr16,86059100,86060935,1835
granulosa_10281,chr16,86198031,86199608,1577
granulosa_10282,chr16,86509157,86511132,1975
granulosa_10283,chr16,86554393,86555914,1521
granulosa_10284,chr16,86563352,86564206,854
granulosa_10285,chr16,86566577,86567655,1078
granulosa_10286,chr16,86575343,86576851,1508
granulosa_10287,chr16,86925083,86925976,893
granulosa_10288,chr16,87125150,87127856,2706
granulosa_10289,chr16,87316608,87318447,1839
granulosa_10290,chr16,87363256,87364759,1503
granulosa_10291,chr16,87381337,87384710,3373
granulosa_10292,chr16,87388029,87388794,765
granulosa_10293,chr16,87391419,87393671,2252
granulosa_10294,chr16,87435248,87436926,1678
granulosa_10295,chr16,87461397,87461922,525
granulosa_10296,chr16,87463786,87465804,2018
granulosa_10297,chr16,87489183,87489952,769
granulosa_10298,chr16,87491614,87494106,2492
granulosa_10299,chr16,87601116,87603823,2707
granulosa_10300,chr16,87635329,87636734,1405
granulosa_10301,chr16,87721647,87723833,2186
granulosa_10302,chr16,87764944,87766566,1622
granulosa_10303,chr16,87777443,87778204,761
granulosa_10304,chr16,87778527,87779537,1010
granulosa_10305,chr16,87789770,87791618,1848
granulosa_10306,chr16,87806083,87807710,1627
granulosa_10307,chr16,87834139,87835282,1143
granulosa_10308,chr16,87852878,87854315,1437
granulosa_10309,chr16,87868228,87869825,1597
granulosa_10310,chr16,87870445,87871939,1494
granulosa_10311,chr16,87880040,87882262,2222
granulosa_10312,chr16,87909025,87909716,691
granulosa_10313,chr16,87931284,87932271,987
granulosa_10314,chr16,87939644,87940810,1166
granulosa_10315,chr16,87945053,87946051,998
granulosa_10316,chr16,87950441,87952481,2040
granulosa_10317,chr16,88232390,88233288,898
granulosa_10318,chr16,88281928,88283325,1397
granulosa_10319,chr16,88382583,88384112,1529
granulosa_10320,chr16,88429897,88431311,1414
granulosa_10321,chr16,88442573,88443522,949
granulosa_10322,chr16,88452340,88456384,4044
granulosa_10323,chr16,88472319,88474392,2073
granulosa_10324,chr16,88504791,88505823,1032
granulosa_10325,chr16,88526878,88527908,1030
granulosa_10326,chr16,88530374,88531258,884
granulosa_10327,chr16,88533175,88535019,1844
granulosa_10328,chr16,88569593,88571054,1461
granulosa_10329,chr16,88633508,88635162,1654
granulosa_10330,chr16,88649731,88651813,2082
granulosa_10331,chr16,88662026,88664162,2136
granulosa_10332,chr16,88685193,88687016,1823
granulosa_10333,chr16,88687807,88688656,849
granulosa_10334,chr16,88705198,88707177,1979
granulosa_10335,chr16,88737118,88738066,948
granulosa_10336,chr16,88769584,88771350,1766
granulosa_10337,chr16,88783966,88786147,2181
granulosa_10338,chr16,88802216,88805028,2812
granulosa_10339,chr16,88810903,88812853,1950
granulosa_10340,chr16,88855802,88858050,2248
granulosa_10341,chr16,88880189,88881873,1684
granulosa_10342,chr16,88916937,88918013,1076
granulosa_10343,chr16,88924640,88925616,976
granulosa_10344,chr16,88939491,88942187,2696
granulosa_10345,chr16,89093378,89094704,1326
granulosa_10346,chr16,89170724,89171865,1141
granulosa_10347,chr16,89191741,89193708,1967
granulosa_10348,chr16,89200354,89202339,1985
granulosa_10349,chr16,89216106,89218188,2082
granulosa_10350,chr16,89240465,89241966,1501
granulosa_10351,chr16,89246764,89248079,1315
granulosa_10352,chr16,89256428,89257721,1293
granulosa_10353,chr16,89319910,89321618,1708
granulosa_10354,chr16,89382849,89383952,1103
granulosa_10355,chr16,89441815,89444032,2217
granulosa_10356,chr16,89488952,89491910,2958
granulosa_10357,chr16,89506733,89509216,2483
granulosa_10358,chr16,89559762,89561359,1597
granulosa_10359,chr16,89565193,89566549,1356
granulosa_10360,chr16,89574435,89577103,2668
granulosa_10361,chr16,89601928,89603266,1338
granulosa_10362,chr16,89612854,89614281,1427
granulosa_10363,chr16,89624174,89625683,1509
granulosa_10364,chr16,89640270,89641498,1228
granulosa_10365,chr16,89656853,89658877,2024
granulosa_10366,chr16,89685914,89687774,1860
granulosa_10367,chr16,89699852,89702380,2528
granulosa_10368,chr16,89710824,89712788,1964
granulosa_10369,chr16,89720098,89722881,2783
granulosa_10370,chr16,89729723,89731064,1341
granulosa_10371,chr16,89744294,89745250,956
granulosa_10372,chr16,89815639,89817239,1600
granulosa_10373,chr16,89827582,89829542,1960
granulosa_10374,chr16,89846964,89848365,1401
granulosa_10375,chr16,89860483,89861250,767
granulosa_10376,chr16,89872770,89874685,1915
granulosa_10377,chr16,89917701,89918894,1193
granulosa_10378,chr16,89921540,89922021,481
granulosa_10379,chr16,89922399,89925004,2605
granulosa_10380,chr16,89925662,89926630,968
granulosa_10381,chr16,89947694,89948878,1184
granulosa_10382,chr16,89971880,89973292,1412
granulosa_10383,chr16,90018375,90020221,1846
granulosa_10384,chr16,90022256,90023423,1167
granulosa_10385,chr16,90046264,90048728,2464
granulosa_10386,chr16,90076991,90078239,1248
granulosa_10387,chr16,90081720,90082832,1112
granulosa_10388,chr17,143565,144322,757
granulosa_10389,chr17,162840,165040,2200
granulosa_10390,chr17,179953,181958,2005
granulosa_10391,chr17,192658,195204,2546
granulosa_10392,chr17,259103,260603,1500
granulosa_10393,chr17,309251,311071,1820
granulosa_10394,chr17,320698,323330,2632
granulosa_10395,chr17,333785,334461,676
granulosa_10396,chr17,338619,339972,1353
granulosa_10397,chr17,384313,386795,2482
granulosa_10398,chr17,409492,411274,1782
granulosa_10399,chr17,491004,491999,995
granulosa_10400,chr17,570078,571077,999
granulosa_10401,chr17,600737,602196,1459
granulosa_10402,chr17,713834,716025,2191
granulosa_10403,chr17,731571,733640,2069
granulosa_10404,chr17,751048,752979,1931
granulosa_10405,chr17,781355,783082,1727
granulosa_10406,chr17,789725,791176,1451
granulosa_10407,chr17,798134,799496,1362
granulosa_10408,chr17,846451,849234,2783
granulosa_10409,chr17,879461,881029,1568
granulosa_10410,chr17,927163,928482,1319
granulosa_10411,chr17,932919,934021,1102
granulosa_10412,chr17,951137,952164,1027
granulosa_10413,chr17,977969,980645,2676
granulosa_10414,chr17,980791,981325,534
granulosa_10415,chr17,996200,997558,1358
granulosa_10416,chr17,1004864,1006374,1510
granulosa_10417,chr17,1030172,1032264,2092
granulosa_10418,chr17,1046824,1048100,1276
granulosa_10419,chr17,1077411,1079297,1886
granulosa_10420,chr17,1086960,1088200,1240
granulosa_10421,chr17,1107777,1110111,2334
granulosa_10422,chr17,1122519,1124752,2233
granulosa_10423,chr17,1178566,1180604,2038
granulosa_10424,chr17,1186792,1187561,769
granulosa_10425,chr17,1227814,1230033,2219
granulosa_10426,chr17,1258827,1260689,1862
granulosa_10427,chr17,1267301,1268826,1525
granulosa_10428,chr17,1397506,1398349,843
granulosa_10429,chr17,1398903,1400862,1959
granulosa_10430,chr17,1454658,1456752,2094
granulosa_10431,chr17,1484622,1486276,1654
granulosa_10432,chr17,1486724,1487515,791
granulosa_10433,chr17,1487866,1488542,676
granulosa_10434,chr17,1490678,1492113,1435
granulosa_10435,chr17,1515332,1517309,1977
granulosa_10436,chr17,1561253,1563363,2110
granulosa_10437,chr17,1573907,1576068,2161
granulosa_10438,chr17,1604442,1606195,1753
granulosa_10439,chr17,1627736,1630318,2582
granulosa_10440,chr17,1642725,1644265,1540
granulosa_10441,chr17,1648170,1650329,2159
granulosa_10442,chr17,1683919,1685360,1441
granulosa_10443,chr17,1709510,1711243,1733
granulosa_10444,chr17,1714312,1717804,3492
granulosa_10445,chr17,1723770,1725527,1757
granulosa_10446,chr17,1729820,1731174,1354
granulosa_10447,chr17,1754793,1756366,1573
granulosa_10448,chr17,1761727,1763650,1923
granulosa_10449,chr17,1779336,1780384,1048
granulosa_10450,chr17,1783494,1784396,902
granulosa_10451,chr17,1828854,1830748,1894
granulosa_10452,chr17,1907809,1909126,1317
granulosa_10453,chr17,1939335,1942357,3022
granulosa_10454,chr17,1947105,1948382,1277
granulosa_10455,chr17,1986538,1987614,1076
granulosa_10456,chr17,2023354,2026268,2914
granulosa_10457,chr17,2029650,2031020,1370
granulosa_10458,chr17,2041025,2042822,1797
granulosa_10459,chr17,2049339,2051556,2217
granulosa_10460,chr17,2053546,2054187,641
granulosa_10461,chr17,2054411,2056142,1731
granulosa_10462,chr17,2056637,2057952,1315
granulosa_10463,chr17,2074689,2077179,2490
granulosa_10464,chr17,2171566,2172902,1336
granulosa_10465,chr17,2174209,2175244,1035
granulosa_10466,chr17,2178712,2180228,1516
granulosa_10467,chr17,2181116,2182242,1126
granulosa_10468,chr17,2202046,2203475,1429
granulosa_10469,chr17,2214061,2216360,2299
granulosa_10470,chr17,2302428,2304262,1834
granulosa_10471,chr17,2335689,2338619,2930
granulosa_10472,chr17,2392282,2394148,1866
granulosa_10473,chr17,2396579,2397168,589
granulosa_10474,chr17,2398906,2400362,1456
granulosa_10475,chr17,2400489,2402257,1768
granulosa_10476,chr17,2418458,2420107,1649
granulosa_10477,chr17,2434713,2436777,2064
granulosa_10478,chr17,2510705,2512379,1674
granulosa_10479,chr17,2592875,2595457,2582
granulosa_10480,chr17,2706574,2708208,1634
granulosa_10481,chr17,2710613,2712694,2081
granulosa_10482,chr17,2723371,2725059,1688
granulosa_10483,chr17,2748867,2750127,1260
granulosa_10484,chr17,2755069,2756728,1659
granulosa_10485,chr17,2776041,2777776,1735
granulosa_10486,chr17,2785778,2786703,925
granulosa_10487,chr17,2852420,2854950,2530
granulosa_10488,chr17,3003516,3005235,1719
granulosa_10489,chr17,3048312,3049622,1310
granulosa_10490,chr17,3534791,3536260,1469
granulosa_10491,chr17,3626776,3628194,1418
granulosa_10492,chr17,3635573,3637299,1726
granulosa_10493,chr17,3658707,3660479,1772
granulosa_10494,chr17,3667300,3669494,2194
granulosa_10495,chr17,3694646,3696443,1797
granulosa_10496,chr17,3722758,3724563,1805
granulosa_10497,chr17,3737470,3739005,1535
granulosa_10498,chr17,3754322,3755555,1233
granulosa_10499,chr17,3845089,3846628,1539
granulosa_10500,chr17,3879078,3880407,1329
granulosa_10501,chr17,3887752,3888984,1232
granulosa_10502,chr17,3891934,3893593,1659
granulosa_10503,chr17,3903070,3904536,1466
granulosa_10504,chr17,3944053,3945623,1570
granulosa_10505,chr17,3963204,3965462,2258
granulosa_10506,chr17,4003523,4005138,1615
granulosa_10507,chr17,4142170,4144381,2211
granulosa_10508,chr17,4185753,4187335,1582
granulosa_10509,chr17,4262960,4264436,1476
granulosa_10510,chr17,4317143,4318845,1702
granulosa_10511,chr17,4364913,4367055,2142
granulosa_10512,chr17,4439821,4441497,1676
granulosa_10513,chr17,4498132,4500195,2063
granulosa_10514,chr17,4513060,4514584,1524
granulosa_10515,chr17,4535520,4537437,1917
granulosa_10516,chr17,4543132,4544773,1641
granulosa_10517,chr17,4554303,4555846,1543
granulosa_10518,chr17,4559605,4561412,1807
granulosa_10519,chr17,4583761,4585895,2134
granulosa_10520,chr17,4598895,4601012,2117
granulosa_10521,chr17,4606932,4608252,1320
granulosa_10522,chr17,4703408,4704700,1292
granulosa_10523,chr17,4708509,4711177,2668
granulosa_10524,chr17,4730633,4732082,1449
granulosa_10525,chr17,4738212,4740263,2051
granulosa_10526,chr17,4788839,4790718,1879
granulosa_10527,chr17,4795601,4796913,1312
granulosa_10528,chr17,4806465,4808050,1585
granulosa_10529,chr17,4832751,4834721,1970
granulosa_10530,chr17,4898780,4900043,1263
granulosa_10531,chr17,4900243,4901258,1015
granulosa_10532,chr17,4908278,4910179,1901
granulosa_10533,chr17,4939120,4941013,1893
granulosa_10534,chr17,4947067,4950523,3456
granulosa_10535,chr17,4966304,4969289,2985
granulosa_10536,chr17,4986319,4988534,2215
granulosa_10537,chr17,4996860,4999406,2546
granulosa_10538,chr17,5031052,5032038,986
granulosa_10539,chr17,5077593,5079065,1472
granulosa_10540,chr17,5096783,5097998,1215
granulosa_10541,chr17,5110520,5112395,1875
granulosa_10542,chr17,5122166,5123619,1453
granulosa_10543,chr17,5191186,5192350,1164
granulosa_10544,chr17,5281435,5283069,1634
granulosa_10545,chr17,5418360,5420909,2549
granulosa_10546,chr17,5437984,5439781,1797
granulosa_10547,chr17,5467237,5469261,2024
granulosa_10548,chr17,5485408,5487382,1974
granulosa_10549,chr17,5499564,5501553,1989
granulosa_10550,chr17,5769668,5772583,2915
granulosa_10551,chr17,6069819,6071495,1676
granulosa_10552,chr17,6443338,6444777,1439
granulosa_10553,chr17,6454528,6455907,1379
granulosa_10554,chr17,6554961,6557039,2078
granulosa_10555,chr17,6558299,6559479,1180
granulosa_10556,chr17,6567282,6568446,1164
granulosa_10557,chr17,6639041,6641710,2669
granulosa_10558,chr17,6646409,6647350,941
granulosa_10559,chr17,6650712,6652512,1800
granulosa_10560,chr17,6654550,6655419,869
granulosa_10561,chr17,6665817,6666477,660
granulosa_10562,chr17,6711695,6714128,2433
granulosa_10563,chr17,6831054,6832289,1235
granulosa_10564,chr17,6995026,6997075,2049
granulosa_10565,chr17,7011906,7013479,1573
granulosa_10566,chr17,7014196,7015864,1668
granulosa_10567,chr17,7021791,7024236,2445
granulosa_10568,chr17,7035000,7036837,1837
granulosa_10569,chr17,7041683,7044147,2464
granulosa_10570,chr17,7045798,7047361,1563
granulosa_10571,chr17,7173599,7174631,1032
granulosa_10572,chr17,7176611,7178470,1859
granulosa_10573,chr17,7204318,7205904,1586
granulosa_10574,chr17,7206988,7208476,1488
granulosa_10575,chr17,7213766,7215469,1703
granulosa_10576,chr17,7219501,7221139,1638
granulosa_10577,chr17,7233764,7234766,1002
granulosa_10578,chr17,7237670,7238435,765
granulosa_10579,chr17,7238659,7240004,1345
granulosa_10580,chr17,7241549,7243407,1858
granulosa_10581,chr17,7250616,7252914,2298
granulosa_10582,chr17,7260656,7263639,2983
granulosa_10583,chr17,7280388,7282679,2291
granulosa_10584,chr17,7293855,7295515,1660
granulosa_10585,chr17,7296011,7296749,738
granulosa_10586,chr17,7306609,7309218,2609
granulosa_10587,chr17,7314583,7316107,1524
granulosa_10588,chr17,7328695,7330638,1943
granulosa_10589,chr17,7349723,7350569,846
granulosa_10590,chr17,7350918,7352569,1651
granulosa_10591,chr17,7383543,7384941,1398
granulosa_10592,chr17,7393079,7395255,2176
granulosa_10593,chr17,7403121,7405986,2865
granulosa_10594,chr17,7434961,7436184,1223
granulosa_10595,chr17,7436464,7437442,978
granulosa_10596,chr17,7439997,7441485,1488
granulosa_10597,chr17,7444798,7445876,1078
granulosa_10598,chr17,7455103,7456614,1511
granulosa_10599,chr17,7477338,7480125,2787
granulosa_10600,chr17,7483196,7485252,2056
granulosa_10601,chr17,7548362,7549912,1550
granulosa_10602,chr17,7557892,7558687,795
granulosa_10603,chr17,7560924,7562457,1533
granulosa_10604,chr17,7572014,7574258,2244
granulosa_10605,chr17,7578790,7580076,1286
granulosa_10606,chr17,7582608,7584249,1641
granulosa_10607,chr17,7588549,7590969,2420
granulosa_10608,chr17,7613744,7615603,1859
granulosa_10609,chr17,7626292,7628431,2139
granulosa_10610,chr17,7650046,7651123,1077
granulosa_10611,chr17,7651297,7652390,1093
granulosa_10612,chr17,7685571,7686819,1248
granulosa_10613,chr17,7687124,7689174,2050
granulosa_10614,chr17,7703242,7706226,2984
granulosa_10615,chr17,7716360,7718305,1945
granulosa_10616,chr17,7747309,7748698,1389
granulosa_10617,chr17,7833684,7837096,3412
granulosa_10618,chr17,7841405,7845123,3718
granulosa_10619,chr17,7851275,7852113,838
granulosa_10620,chr17,7855764,7858747,2983
granulosa_10621,chr17,7884675,7888489,3814
granulosa_10622,chr17,7888911,7889599,688
granulosa_10623,chr17,7914812,7916633,1821
granulosa_10624,chr17,7922192,7923488,1296
granulosa_10625,chr17,7929188,7930023,835
granulosa_10626,chr17,7931392,7933253,1861
granulosa_10627,chr17,7989632,7990647,1015
granulosa_10628,chr17,8002023,8004225,2202
granulosa_10629,chr17,8015425,8017020,1595
granulosa_10630,chr17,8072296,8073968,1672
granulosa_10631,chr17,8079197,8081010,1813
granulosa_10632,chr17,8109128,8110660,1532
granulosa_10633,chr17,8117826,8119339,1513
granulosa_10634,chr17,8119548,8119905,357
granulosa_10635,chr17,8120053,8120873,820
granulosa_10636,chr17,8121516,8122074,558
granulosa_10637,chr17,8125347,8127451,2104
granulosa_10638,chr17,8138029,8139810,1781
granulosa_10639,chr17,8150824,8152694,1870
granulosa_10640,chr17,8154053,8154757,704
granulosa_10641,chr17,8156032,8157027,995
granulosa_10642,chr17,8162150,8164832,2682
granulosa_10643,chr17,8172570,8174216,1646
granulosa_10644,chr17,8175706,8176913,1207
granulosa_10645,chr17,8185820,8188069,2249
granulosa_10646,chr17,8189148,8190457,1309
granulosa_10647,chr17,8192018,8192606,588
granulosa_10648,chr17,8199714,8200956,1242
granulosa_10649,chr17,8209800,8211166,1366
granulosa_10650,chr17,8220411,8223831,3420
granulosa_10651,chr17,8226011,8227161,1150
granulosa_10652,chr17,8247022,8249658,2636
granulosa_10653,chr17,8287970,8289498,1528
granulosa_10654,chr17,8294800,8295966,1166
granulosa_10655,chr17,8326180,8327657,1477
granulosa_10656,chr17,8375205,8377048,1843
granulosa_10657,chr17,8382602,8384184,1582
granulosa_10658,chr17,8435231,8437090,1859
granulosa_10659,chr17,8470029,8471228,1199
granulosa_10660,chr17,8629264,8631766,2502
granulosa_10661,chr17,8696529,8699378,2849
granulosa_10662,chr17,8744054,8746708,2654
granulosa_10663,chr17,9002240,9005180,2940
granulosa_10664,chr17,9020697,9023571,2874
granulosa_10665,chr17,9239152,9241735,2583
granulosa_10666,chr17,9408694,9410910,2216
granulosa_10667,chr17,9446109,9447219,1110
granulosa_10668,chr17,9575161,9577475,2314
granulosa_10669,chr17,9644237,9647305,3068
granulosa_10670,chr17,10025931,10026979,1048
granulosa_10671,chr17,10114113,10115583,1470
granulosa_10672,chr17,10196814,10199304,2490
granulosa_10673,chr17,10696732,10698661,1929
granulosa_10674,chr17,10728930,10730576,1646
granulosa_10675,chr17,10772296,10773323,1027
granulosa_10676,chr17,10843421,10845458,2037
granulosa_10677,chr17,11239881,11241893,2012
granulosa_10678,chr17,11330623,11332591,1968
granulosa_10679,chr17,11597986,11599341,1355
granulosa_10680,chr17,11607915,11609063,1148
granulosa_10681,chr17,11996621,11998026,1405
granulosa_10682,chr17,12020263,12021977,1714
granulosa_10683,chr17,12664694,12666259,1565
granulosa_10684,chr17,12788756,12791096,2340
granulosa_10685,chr17,12812574,12813980,1406
granulosa_10686,chr17,12973274,12974586,1312
granulosa_10687,chr17,13016934,13018691,1757
granulosa_10688,chr17,13600242,13602596,2354
granulosa_10689,chr17,13635654,13636407,753
granulosa_10690,chr17,13984738,13986807,2069
granulosa_10691,chr17,14068794,14070088,1294
granulosa_10692,chr17,14297147,14297827,680
granulosa_10693,chr17,14300429,14301677,1248
granulosa_10694,chr17,14302136,14302871,735
granulosa_10695,chr17,14303608,14304245,637
granulosa_10696,chr17,14308659,14310893,2234
granulosa_10697,chr17,14320583,14321785,1202
granulosa_10698,chr17,14372366,14374886,2520
granulosa_10699,chr17,14451234,14452496,1262
granulosa_10700,chr17,15260090,15263586,3496
granulosa_10701,chr17,15340842,15342094,1252
granulosa_10702,chr17,15494600,15496242,1642
granulosa_10703,chr17,15501719,15503499,1780
granulosa_10704,chr17,15562984,15563885,901
granulosa_10705,chr17,15650762,15652079,1317
granulosa_10706,chr17,15653929,15655548,1619
granulosa_10707,chr17,15683609,15684530,921
granulosa_10708,chr17,15699007,15699917,910
granulosa_10709,chr17,15944270,15946303,2033
granulosa_10710,chr17,15998361,16000703,2342
granulosa_10711,chr17,16214450,16216331,1881
granulosa_10712,chr17,16216897,16217733,836
granulosa_10713,chr17,16351856,16353806,1950
granulosa_10714,chr17,16380196,16382031,1835
granulosa_10715,chr17,16385819,16387409,1590
granulosa_10716,chr17,16406767,16408594,1827
granulosa_10717,chr17,16438230,16439744,1514
granulosa_10718,chr17,16463330,16464292,962
granulosa_10719,chr17,16485590,16486922,1332
granulosa_10720,chr17,16490817,16492832,2015
granulosa_10721,chr17,16535024,16537194,2170
granulosa_10722,chr17,16568302,16569566,1264
granulosa_10723,chr17,16583899,16584784,885
granulosa_10724,chr17,16588762,16589714,952
granulosa_10725,chr17,16652662,16654126,1464
granulosa_10726,chr17,16666604,16667640,1036
granulosa_10727,chr17,17041598,17044374,2776
granulosa_10728,chr17,17205007,17207323,2316
granulosa_10729,chr17,17236099,17237962,1863
granulosa_10730,chr17,17280203,17281736,1533
granulosa_10731,chr17,17302878,17304017,1139
granulosa_10732,chr17,17476286,17477578,1292
granulosa_10733,chr17,17494585,17497164,2579
granulosa_10734,chr17,17522716,17524038,1322
granulosa_10735,chr17,17550567,17551895,1328
granulosa_10736,chr17,17569563,17571575,2012
granulosa_10737,chr17,17590325,17592548,2223
granulosa_10738,chr17,17680960,17683570,2610
granulosa_10739,chr17,17684963,17686835,1872
granulosa_10740,chr17,17693295,17695510,2215
granulosa_10741,chr17,17710563,17711999,1436
granulosa_10742,chr17,17722081,17725840,3759
granulosa_10743,chr17,17737872,17739031,1159
granulosa_10744,chr17,17740588,17742630,2042
granulosa_10745,chr17,17751609,17753558,1949
granulosa_10746,chr17,17768245,17769103,858
granulosa_10747,chr17,17769770,17770994,1224
granulosa_10748,chr17,17778470,17779217,747
granulosa_10749,chr17,17780950,17784488,3538
granulosa_10750,chr17,17791494,17793431,1937
granulosa_10751,chr17,17799390,17800685,1295
granulosa_10752,chr17,17809512,17810914,1402
granulosa_10753,chr17,17811216,17812973,1757
granulosa_10754,chr17,17823138,17825627,2489
granulosa_10755,chr17,17835744,17837277,1533
granulosa_10756,chr17,17839815,17840860,1045
granulosa_10757,chr17,17854655,17856640,1985
granulosa_10758,chr17,17859905,17860955,1050
granulosa_10759,chr17,17868392,17869794,1402
granulosa_10760,chr17,17876841,17878547,1706
granulosa_10761,chr17,17900389,17901457,1068
granulosa_10762,chr17,17920957,17923144,2187
granulosa_10763,chr17,17940235,17941421,1186
granulosa_10764,chr17,17971036,17973175,2139
granulosa_10765,chr17,17989317,17990321,1004
granulosa_10766,chr17,18038445,18040643,2198
granulosa_10767,chr17,18087165,18089199,2034
granulosa_10768,chr17,18153225,18154363,1138
granulosa_10769,chr17,18157694,18158648,954
granulosa_10770,chr17,18182213,18184985,2772
granulosa_10771,chr17,18224133,18226828,2695
granulosa_10772,chr17,18246599,18248854,2255
granulosa_10773,chr17,18257240,18258932,1692
granulosa_10774,chr17,18260149,18261717,1568
granulosa_10775,chr17,18313656,18315904,2248
granulosa_10776,chr17,18362358,18363875,1517
granulosa_10777,chr17,18681792,18682793,1001
granulosa_10778,chr17,18780608,18781582,974
granulosa_10779,chr17,18855683,18856637,954
granulosa_10780,chr17,18857622,18858920,1298
granulosa_10781,chr17,18960648,18962358,1710
granulosa_10782,chr17,18966880,18968969,2089
granulosa_10783,chr17,19000467,19001236,769
granulosa_10784,chr17,19003253,19005128,1875
granulosa_10785,chr17,19063208,19063932,724
granulosa_10786,chr17,19110819,19112370,1551
granulosa_10787,chr17,19237053,19238526,1473
granulosa_10788,chr17,19316595,19317871,1276
granulosa_10789,chr17,19361975,19363228,1253
granulosa_10790,chr17,19376882,19379280,2398
granulosa_10791,chr17,19384443,19385695,1252
granulosa_10792,chr17,19386385,19388205,1820
granulosa_10793,chr17,19507090,19508755,1665
granulosa_10794,chr17,19533290,19534676,1386
granulosa_10795,chr17,19579109,19580644,1535
granulosa_10796,chr17,19647694,19649410,1716
granulosa_10797,chr17,19727276,19728590,1314
granulosa_10798,chr17,19744374,19745704,1330
granulosa_10799,chr17,19866467,19868380,1913
granulosa_10800,chr17,19977060,19978462,1402
granulosa_10801,chr17,19992602,19993333,731
granulosa_10802,chr17,20008370,20010568,2198
granulosa_10803,chr17,20155444,20157296,1852
granulosa_10804,chr17,20226611,20227322,711
granulosa_10805,chr17,20843342,20844397,1055
granulosa_10806,chr17,20851388,20853206,1818
granulosa_10807,chr17,20907561,20909143,1582
granulosa_10808,chr17,21041475,21044086,2611
granulosa_10809,chr17,21098721,21100189,1468
granulosa_10810,chr17,21126471,21127917,1446
granulosa_10811,chr17,21212966,21215547,2581
granulosa_10812,chr17,21252505,21253700,1195
granulosa_10813,chr17,21274895,21276550,1655
granulosa_10814,chr17,21279969,21280341,372
granulosa_10815,chr17,21283598,21286687,3089
granulosa_10816,chr17,21322238,21323898,1660
granulosa_10817,chr17,21375747,21378343,2596
granulosa_10818,chr17,21452130,21453233,1103
granulosa_10819,chr17,21456824,21458182,1358
granulosa_10820,chr17,21463254,21464901,1647
granulosa_10821,chr17,21510782,21512478,1696
granulosa_10822,chr17,21550619,21551972,1353
granulosa_10823,chr17,22521254,22521631,377
granulosa_10824,chr17,27293200,27295357,2157
granulosa_10825,chr17,27332104,27333820,1716
granulosa_10826,chr17,27344930,27345783,853
granulosa_10827,chr17,27348750,27349930,1180
granulosa_10828,chr17,27353417,27354434,1017
granulosa_10829,chr17,27455485,27457462,1977
granulosa_10830,chr17,27559345,27560965,1620
granulosa_10831,chr17,27595818,27597276,1458
granulosa_10832,chr17,27602641,27603834,1193
granulosa_10833,chr17,27793115,27794163,1048
granulosa_10834,chr17,27805128,27806207,1079
granulosa_10835,chr17,27879169,27880370,1201
granulosa_10836,chr17,27892409,27893646,1237
granulosa_10837,chr17,27904021,27907094,3073
granulosa_10838,chr17,27918675,27919627,952
granulosa_10839,chr17,27956389,27957599,1210
granulosa_10840,chr17,28040775,28042295,1520
granulosa_10841,chr17,28226874,28228577,1703
granulosa_10842,chr17,28230007,28231636,1629
granulosa_10843,chr17,28251109,28251961,852
granulosa_10844,chr17,28317990,28319932,1942
granulosa_10845,chr17,28334710,28336815,2105
granulosa_10846,chr17,28345564,28347527,1963
granulosa_10847,chr17,28356444,28357977,1533
granulosa_10848,chr17,28371059,28372580,1521
granulosa_10849,chr17,28373651,28374415,764
granulosa_10850,chr17,28384045,28385414,1369
granulosa_10851,chr17,28404670,28406668,1998
granulosa_10852,chr17,28551661,28553081,1420
granulosa_10853,chr17,28570513,28572007,1494
granulosa_10854,chr17,28576433,28577454,1021
granulosa_10855,chr17,28598104,28600019,1915
granulosa_10856,chr17,28643976,28645685,1709
granulosa_10857,chr17,28646141,28647135,994
granulosa_10858,chr17,28661439,28662822,1383
granulosa_10859,chr17,28667800,28669030,1230
granulosa_10860,chr17,28710377,28712536,2159
granulosa_10861,chr17,28716903,28718617,1714
granulosa_10862,chr17,28719184,28720325,1141
granulosa_10863,chr17,28725556,28727515,1959
granulosa_10864,chr17,28727871,28729223,1352
granulosa_10865,chr17,28743102,28744617,1515
granulosa_10866,chr17,28744824,28746093,1269
granulosa_10867,chr17,28749853,28750405,552
granulosa_10868,chr17,28811521,28813676,2155
granulosa_10869,chr17,28841629,28843111,1482
granulosa_10870,chr17,28854222,28855480,1258
granulosa_10871,chr17,28885626,28887401,1775
granulosa_10872,chr17,28896097,28898064,1967
granulosa_10873,chr17,28902130,28903432,1302
granulosa_10874,chr17,28948847,28952738,3891
granulosa_10875,chr17,29005062,29006398,1336
granulosa_10876,chr17,29084400,29085432,1032
granulosa_10877,chr17,29091385,29092688,1303
granulosa_10878,chr17,29139846,29141656,1810
granulosa_10879,chr17,29148325,29149416,1091
granulosa_10880,chr17,29176248,29177211,963
granulosa_10881,chr17,29178154,29180675,2521
granulosa_10882,chr17,29219160,29219947,787
granulosa_10883,chr17,29292207,29294588,2381
granulosa_10884,chr17,29369626,29370890,1264
granulosa_10885,chr17,29389757,29391694,1937
granulosa_10886,chr17,29566078,29569264,3186
granulosa_10887,chr17,29572272,29573374,1102
granulosa_10888,chr17,29580126,29580688,562
granulosa_10889,chr17,29588538,29589902,1364
granulosa_10890,chr17,29590750,29592219,1469
granulosa_10891,chr17,29592852,29594391,1539
granulosa_10892,chr17,29612578,29613811,1233
granulosa_10893,chr17,29615026,29616266,1240
granulosa_10894,chr17,29622209,29623350,1141
granulosa_10895,chr17,29653872,29654966,1094
granulosa_10896,chr17,29760199,29761742,1543
granulosa_10897,chr17,29929003,29931657,2654
granulosa_10898,chr17,30104305,30105157,852
granulosa_10899,chr17,30116281,30117944,1663
granulosa_10900,chr17,30234921,30236309,1388
granulosa_10901,chr17,30290716,30292735,2019
granulosa_10902,chr17,30378175,30379982,1807
granulosa_10903,chr17,30476619,30478364,1745
granulosa_10904,chr17,30599451,30601502,2051
granulosa_10905,chr17,30667134,30668330,1196
granulosa_10906,chr17,30707529,30710456,2927
granulosa_10907,chr17,30730763,30732138,1375
granulosa_10908,chr17,30823569,30825258,1689
granulosa_10909,chr17,30830963,30833160,2197
granulosa_10910,chr17,30905656,30907124,1468
granulosa_10911,chr17,30921401,30923124,1723
granulosa_10912,chr17,30970058,30972243,2185
granulosa_10913,chr17,31008082,31009435,1353
granulosa_10914,chr17,31094275,31096372,2097
granulosa_10915,chr17,31390584,31392638,2054
granulosa_10916,chr17,31425003,31426237,1234
granulosa_10917,chr17,31487328,31489376,2048
granulosa_10918,chr17,31499498,31500592,1094
granulosa_10919,chr17,31537291,31538448,1157
granulosa_10920,chr17,31548688,31550698,2010
granulosa_10921,chr17,31558375,31560412,2037
granulosa_10922,chr17,31570749,31572019,1270
granulosa_10923,chr17,31842209,31843712,1503
granulosa_10924,chr17,31857958,31859903,1945
granulosa_10925,chr17,31900779,31902168,1389
granulosa_10926,chr17,31907002,31908796,1794
granulosa_10927,chr17,31936212,31937550,1338
granulosa_10928,chr17,32006479,32008450,1971
granulosa_10929,chr17,32079578,32080227,649
granulosa_10930,chr17,32126888,32127923,1035
granulosa_10931,chr17,32141152,32143405,2253
granulosa_10932,chr17,32264872,32267076,2204
granulosa_10933,chr17,32298488,32300086,1598
granulosa_10934,chr17,32302720,32304365,1645
granulosa_10935,chr17,32323610,32324712,1102
granulosa_10936,chr17,32340945,32342527,1582
granulosa_10937,chr17,32349160,32351009,1849
granulosa_10938,chr17,32443738,32445723,1985
granulosa_10939,chr17,32483351,32484030,679
granulosa_10940,chr17,32486007,32487829,1822
granulosa_10941,chr17,32518636,32520628,1992
granulosa_10942,chr17,32875830,32877742,1912
granulosa_10943,chr17,32927233,32929688,2455
granulosa_10944,chr17,32936298,32937580,1282
granulosa_10945,chr17,33291084,33293530,2446
granulosa_10946,chr17,34252047,34252976,929
granulosa_10947,chr17,34254578,34255670,1092
granulosa_10948,chr17,34578857,34580507,1650
granulosa_10949,chr17,34580676,34582355,1679
granulosa_10950,chr17,34612775,34613916,1141
granulosa_10951,chr17,34615658,34616669,1011
granulosa_10952,chr17,34637216,34638580,1364
granulosa_10953,chr17,34960755,34962322,1567
granulosa_10954,chr17,34979819,34982179,2360
granulosa_10955,chr17,35087849,35090102,2253
granulosa_10956,chr17,35118972,35120245,1273
granulosa_10957,chr17,35141505,35142694,1189
granulosa_10958,chr17,35241820,35244785,2965
granulosa_10959,chr17,35372794,35374756,1962
granulosa_10960,chr17,35431634,35433917,2283
granulosa_10961,chr17,35447981,35449889,1908
granulosa_10962,chr17,35460149,35460949,800
granulosa_10963,chr17,35486810,35488506,1696
granulosa_10964,chr17,35567243,35568818,1575
granulosa_10965,chr17,35577708,35579366,1658
granulosa_10966,chr17,35586693,35588075,1382
granulosa_10967,chr17,35731243,35732857,1614
granulosa_10968,chr17,35763759,35765017,1258
granulosa_10969,chr17,35773253,35775396,2143
granulosa_10970,chr17,35794647,35795890,1243
granulosa_10971,chr17,35799682,35800406,724
granulosa_10972,chr17,35804640,35805100,460
granulosa_10973,chr17,35808435,35810652,2217
granulosa_10974,chr17,35929981,35931023,1042
granulosa_10975,chr17,36182414,36183926,1512
granulosa_10976,chr17,36463563,36464673,1110
granulosa_10977,chr17,36482531,36483351,820
granulosa_10978,chr17,36486150,36487332,1182
granulosa_10979,chr17,36533854,36535851,1997
granulosa_10980,chr17,36543886,36546213,2327
granulosa_10981,chr17,36591002,36593448,2446
granulosa_10982,chr17,36600750,36603246,2496
granulosa_10983,chr17,36629064,36630510,1446
granulosa_10984,chr17,36641056,36642728,1672
granulosa_10985,chr17,36703547,36704481,934
granulosa_10986,chr17,36721573,36723125,1552
granulosa_10987,chr17,36856191,36857438,1247
granulosa_10988,chr17,36948190,36949835,1645
granulosa_10989,chr17,37106662,37107999,1337
granulosa_10990,chr17,37209813,37211020,1207
granulosa_10991,chr17,37358068,37360112,2044
granulosa_10992,chr17,37373201,37373913,712
granulosa_10993,chr17,37405922,37407711,1789
granulosa_10994,chr17,37488021,37490714,2693
granulosa_10995,chr17,37608095,37609938,1843
granulosa_10996,chr17,37642137,37644196,2059
granulosa_10997,chr17,37741879,37745780,3901
granulosa_10998,chr17,38255749,38257813,2064
granulosa_10999,chr17,38296409,38297911,1502
granulosa_11000,chr17,38351369,38353119,1750
granulosa_11001,chr17,38414482,38415936,1454
granulosa_11002,chr17,38417445,38418248,803
granulosa_11003,chr17,38418633,38419505,872
granulosa_11004,chr17,38421050,38421954,904
granulosa_11005,chr17,38427652,38429719,2067
granulosa_11006,chr17,38443523,38444687,1164
granulosa_11007,chr17,38453089,38454926,1837
granulosa_11008,chr17,38464162,38466020,1858
granulosa_11009,chr17,38509145,38511181,2036
granulosa_11010,chr17,38557899,38559808,1909
granulosa_11011,chr17,38571814,38573232,1418
granulosa_11012,chr17,38579783,38580477,694
granulosa_11013,chr17,38598544,38598946,402
granulosa_11014,chr17,38600569,38601400,831
granulosa_11015,chr17,38601458,38602404,946
granulosa_11016,chr17,38605352,38606795,1443
granulosa_11017,chr17,38606914,38607679,765
granulosa_11018,chr17,38663095,38663517,422
granulosa_11019,chr17,38673433,38675222,1789
granulosa_11020,chr17,38676898,38677384,486
granulosa_11021,chr17,38701833,38702774,941
granulosa_11022,chr17,38703637,38704223,586
granulosa_11023,chr17,38704517,38706630,2113
granulosa_11024,chr17,38718253,38720502,2249
granulosa_11025,chr17,38724300,38725410,1110
granulosa_11026,chr17,38729622,38731198,1576
granulosa_11027,chr17,38741462,38743061,1599
granulosa_11028,chr17,38747205,38748717,1512
granulosa_11029,chr17,38748924,38750179,1255
granulosa_11030,chr17,38751724,38753162,1438
granulosa_11031,chr17,38798580,38800454,1874
granulosa_11032,chr17,38824553,38825768,1215
granulosa_11033,chr17,38852683,38854414,1731
granulosa_11034,chr17,38868827,38871111,2284
granulosa_11035,chr17,38881323,38882323,1000
granulosa_11036,chr17,38922318,38923331,1013
granulosa_11037,chr17,38966922,38968059,1137
granulosa_11038,chr17,39056593,39057672,1079
granulosa_11039,chr17,39150903,39151901,998
granulosa_11040,chr17,39152486,39154665,2179
granulosa_11041,chr17,39164514,39166046,1532
granulosa_11042,chr17,39173164,39175631,2467
granulosa_11043,chr17,39196418,39198091,1673
granulosa_11044,chr17,39199619,39200745,1126
granulosa_11045,chr17,39209397,39210408,1011
granulosa_11046,chr17,39224234,39226228,1994
granulosa_11047,chr17,39235639,39237355,1716
granulosa_11048,chr17,39243952,39245238,1286
granulosa_11049,chr17,39334247,39336119,1872
granulosa_11050,chr17,39400400,39402796,2396
granulosa_11051,chr17,39450294,39451779,1485
granulosa_11052,chr17,39460697,39463367,2670
granulosa_11053,chr17,39562874,39564671,1797
granulosa_11054,chr17,39572827,39574326,1499
granulosa_11055,chr17,39605459,39607333,1874
granulosa_11056,chr17,39617375,39618702,1327
granulosa_11057,chr17,39621681,39622312,631
granulosa_11058,chr17,39623253,39623708,455
granulosa_11059,chr17,39626542,39627818,1276
granulosa_11060,chr17,39632172,39632934,762
granulosa_11061,chr17,39636492,39638115,1623
granulosa_11062,chr17,39667442,39668691,1249
granulosa_11063,chr17,39687353,39689112,1759
granulosa_11064,chr17,39699602,39701090,1488
granulosa_11065,chr17,39729503,39730952,1449
granulosa_11066,chr17,39737344,39740945,3601
granulosa_11067,chr17,39753639,39756141,2502
granulosa_11068,chr17,39863757,39864594,837
granulosa_11069,chr17,39926325,39928407,2082
granulosa_11070,chr17,39952243,39953700,1457
granulosa_11071,chr17,39979819,39981725,1906
granulosa_11072,chr17,40013523,40014078,555
granulosa_11073,chr17,40017931,40019373,1442
granulosa_11074,chr17,40026564,40027969,1405
granulosa_11075,chr17,40053760,40054871,1111
granulosa_11076,chr17,40062299,40063787,1488
granulosa_11077,chr17,40068411,40070569,2158
granulosa_11078,chr17,40071967,40072556,589
granulosa_11079,chr17,40074920,40075893,973
granulosa_11080,chr17,40088957,40090752,1795
granulosa_11081,chr17,40091509,40092359,850
granulosa_11082,chr17,40098808,40101427,2619
granulosa_11083,chr17,40111082,40112051,969
granulosa_11084,chr17,40112707,40113938,1231
granulosa_11085,chr17,40120946,40123829,2883
granulosa_11086,chr17,40139429,40141185,1756
granulosa_11087,chr17,40167825,40168732,907
granulosa_11088,chr17,40176347,40178967,2620
granulosa_11089,chr17,40190421,40191981,1560
granulosa_11090,chr17,40218504,40220329,1825
granulosa_11091,chr17,40287245,40288573,1328
granulosa_11092,chr17,40306558,40307862,1304
granulosa_11093,chr17,40308965,40309765,800
granulosa_11094,chr17,40316426,40317230,804
granulosa_11095,chr17,40317696,40318937,1241
granulosa_11096,chr17,40320879,40321990,1111
granulosa_11097,chr17,40331334,40332702,1368
granulosa_11098,chr17,40341009,40342575,1566
granulosa_11099,chr17,40344636,40345873,1237
granulosa_11100,chr17,40354602,40355374,772
granulosa_11101,chr17,40362406,40364034,1628
granulosa_11102,chr17,40417012,40418655,1643
granulosa_11103,chr17,40442721,40444936,2215
granulosa_11104,chr17,40457773,40458993,1220
granulosa_11105,chr17,40461490,40463537,2047
granulosa_11106,chr17,40474148,40474959,811
granulosa_11107,chr17,40475518,40476553,1035
granulosa_11108,chr17,40499084,40499970,886
granulosa_11109,chr17,40532269,40533819,1550
granulosa_11110,chr17,40541867,40543875,2008
granulosa_11111,chr17,40560005,40561353,1348
granulosa_11112,chr17,40619617,40620703,1086
granulosa_11113,chr17,40647264,40649147,1883
granulosa_11114,chr17,40697064,40698489,1425
granulosa_11115,chr17,40743265,40744391,1126
granulosa_11116,chr17,40818247,40820002,1755
granulosa_11117,chr17,41526882,41528633,1751
granulosa_11118,chr17,41547196,41548334,1138
granulosa_11119,chr17,41548504,41549930,1426
granulosa_11120,chr17,41634639,41635866,1227
granulosa_11121,chr17,41647385,41648995,1610
granulosa_11122,chr17,41662462,41663051,589
granulosa_11123,chr17,41665391,41667296,1905
granulosa_11124,chr17,41687852,41690049,2197
granulosa_11125,chr17,41690998,41692457,1459
granulosa_11126,chr17,41705074,41706463,1389
granulosa_11127,chr17,41733504,41735144,1640
granulosa_11128,chr17,41737820,41738387,567
granulosa_11129,chr17,41776988,41778288,1300
granulosa_11130,chr17,41785009,41787184,2175
granulosa_11131,chr17,41792570,41794673,2103
granulosa_11132,chr17,41800350,41801939,1589
granulosa_11133,chr17,41810990,41813916,2926
granulosa_11134,chr17,41835232,41836725,1493
granulosa_11135,chr17,41864010,41865740,1730
granulosa_11136,chr17,41917138,41919836,2698
granulosa_11137,chr17,41929781,41931104,1323
granulosa_11138,chr17,41959074,41960003,929
granulosa_11139,chr17,41965632,41967779,2147
granulosa_11140,chr17,42016322,42018283,1961
granulosa_11141,chr17,42019676,42020741,1065
granulosa_11142,chr17,42049825,42051106,1281
granulosa_11143,chr17,42097814,42099469,1655
granulosa_11144,chr17,42107402,42108766,1364
granulosa_11145,chr17,42111802,42112954,1152
granulosa_11146,chr17,42120601,42121702,1101
granulosa_11147,chr17,42135273,42136216,943
granulosa_11148,chr17,42153672,42155966,2294
granulosa_11149,chr17,42179924,42180691,767
granulosa_11150,chr17,42183647,42184685,1038
granulosa_11151,chr17,42193953,42194693,740
granulosa_11152,chr17,42275186,42277497,2311
granulosa_11153,chr17,42287991,42289731,1740
granulosa_11154,chr17,42310267,42313179,2912
granulosa_11155,chr17,42322446,42323369,923
granulosa_11156,chr17,42378048,42379669,1621
granulosa_11157,chr17,42386855,42389279,2424
granulosa_11158,chr17,42406653,42407838,1185
granulosa_11159,chr17,42421376,42423594,2218
granulosa_11160,chr17,42458028,42460204,2176
granulosa_11161,chr17,42518351,42520772,2421
granulosa_11162,chr17,42527049,42527581,532
granulosa_11163,chr17,42535523,42537537,2014
granulosa_11164,chr17,42547889,42548859,970
granulosa_11165,chr17,42552762,42555373,2611
granulosa_11166,chr17,42561336,42562772,1436
granulosa_11167,chr17,42566500,42568000,1500
granulosa_11168,chr17,42577155,42578858,1703
granulosa_11169,chr17,42608242,42610256,2014
granulosa_11170,chr17,42652915,42654463,1548
granulosa_11171,chr17,42658818,42659957,1139
granulosa_11172,chr17,42669133,42671006,1873
granulosa_11173,chr17,42675955,42677399,1444
granulosa_11174,chr17,42677945,42678535,590
granulosa_11175,chr17,42679346,42680227,881
granulosa_11176,chr17,42682303,42683326,1023
granulosa_11177,chr17,42743790,42745337,1547
granulosa_11178,chr17,42760419,42761929,1510
granulosa_11179,chr17,42772870,42774009,1139
granulosa_11180,chr17,42779328,42781140,1812
granulosa_11181,chr17,42797917,42799234,1317
granulosa_11182,chr17,42823517,42824667,1150
granulosa_11183,chr17,42832629,42834073,1444
granulosa_11184,chr17,42963931,42965183,1252
granulosa_11185,chr17,42979625,42981681,2056
granulosa_11186,chr17,42997571,42999048,1477
granulosa_11187,chr17,43006388,43007325,937
granulosa_11188,chr17,43020976,43022535,1559
granulosa_11189,chr17,43024262,43025831,1569
granulosa_11190,chr17,43124308,43127072,2764
granulosa_11191,chr17,43152857,43154019,1162
granulosa_11192,chr17,43168808,43171613,2805
granulosa_11193,chr17,43211156,43212957,1801
granulosa_11194,chr17,43314982,43316949,1967
granulosa_11195,chr17,43341438,43343637,2199
granulosa_11196,chr17,43359772,43362180,2408
granulosa_11197,chr17,43367494,43369508,2014
granulosa_11198,chr17,43372247,43373769,1522
granulosa_11199,chr17,43387997,43389672,1675
granulosa_11200,chr17,43398425,43399471,1046
granulosa_11201,chr17,43406569,43407649,1080
granulosa_11202,chr17,43417088,43418334,1246
granulosa_11203,chr17,43482669,43484680,2011
granulosa_11204,chr17,43529689,43531394,1705
granulosa_11205,chr17,43545010,43546861,1851
granulosa_11206,chr17,43562357,43563820,1463
granulosa_11207,chr17,43645547,43646543,996
granulosa_11208,chr17,43694013,43694827,814
granulosa_11209,chr17,43712226,43714294,2068
granulosa_11210,chr17,43720183,43721192,1009
granulosa_11211,chr17,43722657,43723510,853
granulosa_11212,chr17,43754801,43755800,999
granulosa_11213,chr17,43758566,43759196,630
granulosa_11214,chr17,43760019,43760951,932
granulosa_11215,chr17,43777976,43780028,2052
granulosa_11216,chr17,43832278,43833960,1682
granulosa_11217,chr17,43878349,43879405,1056
granulosa_11218,chr17,43899911,43901270,1359
granulosa_11219,chr17,43905934,43908391,2457
granulosa_11220,chr17,43937511,43939206,1695
granulosa_11221,chr17,43951948,43954123,2175
granulosa_11222,chr17,43993891,43995234,1343
granulosa_11223,chr17,44004250,44005469,1219
granulosa_11224,chr17,44005626,44007986,2360
granulosa_11225,chr17,44013765,44015292,1527
granulosa_11226,chr17,44065518,44066871,1353
granulosa_11227,chr17,44070040,44071337,1297
granulosa_11228,chr17,44095338,44096472,1134
granulosa_11229,chr17,44108120,44109058,938
granulosa_11230,chr17,44110773,44111747,974
granulosa_11231,chr17,44122736,44124304,1568
granulosa_11232,chr17,44137753,44138650,897
granulosa_11233,chr17,44141285,44142721,1436
granulosa_11234,chr17,44168069,44168814,745
granulosa_11235,chr17,44185896,44187504,1608
granulosa_11236,chr17,44198168,44200939,2771
granulosa_11237,chr17,44210007,44211019,1012
granulosa_11238,chr17,44218222,44222787,4565
granulosa_11239,chr17,44279401,44280427,1026
granulosa_11240,chr17,44307501,44309171,1670
granulosa_11241,chr17,44314617,44315728,1111
granulosa_11242,chr17,44323954,44325860,1906
granulosa_11243,chr17,44326543,44327127,584
granulosa_11244,chr17,44344764,44346253,1489
granulosa_11245,chr17,44353177,44355403,2226
granulosa_11246,chr17,44360591,44364144,3553
granulosa_11247,chr17,44374498,44376496,1998
granulosa_11248,chr17,44384322,44386278,1956
granulosa_11249,chr17,44501939,44504099,2160
granulosa_11250,chr17,44533321,44534191,870
granulosa_11251,chr17,44556099,44558653,2554
granulosa_11252,chr17,44626929,44629302,2373
granulosa_11253,chr17,44655266,44657547,2281
granulosa_11254,chr17,44688795,44690601,1806
granulosa_11255,chr17,44707934,44709451,1517
granulosa_11256,chr17,44758277,44759985,1708
granulosa_11257,chr17,44774609,44776249,1640
granulosa_11258,chr17,44778907,44779612,705
granulosa_11259,chr17,44829036,44830875,1839
granulosa_11260,chr17,44898547,44900240,1693
granulosa_11261,chr17,44910940,44911841,901
granulosa_11262,chr17,44946996,44948381,1385
granulosa_11263,chr17,44959424,44960959,1535
granulosa_11264,chr17,44967144,44969613,2469
granulosa_11265,chr17,44970061,44970766,705
granulosa_11266,chr17,44986874,44988783,1909
granulosa_11267,chr17,45006753,45007452,699
granulosa_11268,chr17,45018534,45019653,1119
granulosa_11269,chr17,45021340,45022298,958
granulosa_11270,chr17,45029676,45032390,2714
granulosa_11271,chr17,45050320,45051772,1452
granulosa_11272,chr17,45060324,45061779,1455
granulosa_11273,chr17,45098533,45099569,1036
granulosa_11274,chr17,45110681,45111699,1018
granulosa_11275,chr17,45127281,45128304,1023
granulosa_11276,chr17,45131736,45133450,1714
granulosa_11277,chr17,45135160,45135988,828
granulosa_11278,chr17,45143414,45144798,1384
granulosa_11279,chr17,45146850,45150256,3406
granulosa_11280,chr17,45160296,45162369,2073
granulosa_11281,chr17,45170711,45173216,2505
granulosa_11282,chr17,45175913,45176774,861
granulosa_11283,chr17,45197046,45198203,1157
granulosa_11284,chr17,45220981,45222792,1811
granulosa_11285,chr17,45227934,45229520,1586
granulosa_11286,chr17,45240634,45242256,1622
granulosa_11287,chr17,45243717,45244178,461
granulosa_11288,chr17,45246811,45248513,1702
granulosa_11289,chr17,45261446,45263530,2084
granulosa_11290,chr17,45277192,45278483,1291
granulosa_11291,chr17,45316052,45317858,1806
granulosa_11292,chr17,45371251,45372252,1001
granulosa_11293,chr17,45394723,45396505,1782
granulosa_11294,chr17,45404865,45406121,1256
granulosa_11295,chr17,45424966,45426078,1112
granulosa_11296,chr17,45428045,45428556,511
granulosa_11297,chr17,45430678,45433405,2727
granulosa_11298,chr17,45489923,45491632,1709
granulosa_11299,chr17,45583202,45585504,2302
granulosa_11300,chr17,45783061,45785585,2524
granulosa_11301,chr17,45893891,45896321,2430
granulosa_11302,chr17,46003637,46004608,971
granulosa_11303,chr17,46026219,46029394,3175
granulosa_11304,chr17,46191348,46194359,3011
granulosa_11305,chr17,46224772,46225795,1023
granulosa_11306,chr17,46265981,46267799,1818
granulosa_11307,chr17,46770711,46772799,2088
granulosa_11308,chr17,46818299,46820293,1994
granulosa_11309,chr17,46850764,46852396,1632
granulosa_11310,chr17,46922496,46923723,1227
granulosa_11311,chr17,46978327,46979653,1326
granulosa_11312,chr17,47066687,47067685,998
granulosa_11313,chr17,47099389,47100750,1361
granulosa_11314,chr17,47188168,47189820,1652
granulosa_11315,chr17,47229401,47231351,1950
granulosa_11316,chr17,47253356,47254727,1371
granulosa_11317,chr17,47323279,47325016,1737
granulosa_11318,chr17,47422901,47424539,1638
granulosa_11319,chr17,47491564,47493013,1449
granulosa_11320,chr17,47530409,47531291,882
granulosa_11321,chr17,47531514,47532477,963
granulosa_11322,chr17,47648747,47650959,2212
granulosa_11323,chr17,47692928,47695969,3041
granulosa_11324,chr17,47707974,47709511,1537
granulosa_11325,chr17,47717433,47718950,1517
granulosa_11326,chr17,47726064,47728172,2108
granulosa_11327,chr17,47732879,47734390,1511
granulosa_11328,chr17,47742285,47743004,719
granulosa_11329,chr17,47821003,47822718,1715
granulosa_11330,chr17,47830556,47832211,1655
granulosa_11331,chr17,47840361,47841578,1217
granulosa_11332,chr17,47850318,47851520,1202
granulosa_11333,chr17,47877411,47878140,729
granulosa_11334,chr17,47883304,47886042,2738
granulosa_11335,chr17,47895081,47897374,2293
granulosa_11336,chr17,47940920,47942337,1417
granulosa_11337,chr17,47948934,47950089,1155
granulosa_11338,chr17,47967126,47967987,861
granulosa_11339,chr17,47970419,47971560,1141
granulosa_11340,chr17,47992786,47993711,925
granulosa_11341,chr17,48002211,48004127,1916
granulosa_11342,chr17,48011241,48013019,1778
granulosa_11343,chr17,48023308,48025831,2523
granulosa_11344,chr17,48026054,48026943,889
granulosa_11345,chr17,48036718,48038316,1598
granulosa_11346,chr17,48047258,48049207,1949
granulosa_11347,chr17,48051604,48052247,643
granulosa_11348,chr17,48053954,48055032,1078
granulosa_11349,chr17,48100135,48101943,1808
granulosa_11350,chr17,48106844,48108507,1663
granulosa_11351,chr17,48584741,48586586,1845
granulosa_11352,chr17,48611720,48613570,1850
granulosa_11353,chr17,48618401,48620285,1884
granulosa_11354,chr17,48624801,48626880,2079
granulosa_11355,chr17,48816452,48817649,1197
granulosa_11356,chr17,48830550,48831754,1204
granulosa_11357,chr17,48891908,48893600,1692
granulosa_11358,chr17,48907703,48909539,1836
granulosa_11359,chr17,48943863,48945317,1454
granulosa_11360,chr17,48995271,48998771,3500
granulosa_11361,chr17,49003413,49004433,1020
granulosa_11362,chr17,49013008,49014777,1769
granulosa_11363,chr17,49016375,49017305,930
granulosa_11364,chr17,49031848,49032847,999
granulosa_11365,chr17,49191643,49194282,2639
granulosa_11366,chr17,49223248,49225126,1878
granulosa_11367,chr17,49229875,49231241,1366
granulosa_11368,chr17,49259548,49261288,1740
granulosa_11369,chr17,49360511,49362929,2418
granulosa_11370,chr17,49407814,49408775,961
granulosa_11371,chr17,49414170,49415601,1431
granulosa_11372,chr17,49469700,49471631,1931
granulosa_11373,chr17,49494678,49495633,955
granulosa_11374,chr17,49495665,49496771,1106
granulosa_11375,chr17,49567706,49568539,833
granulosa_11376,chr17,49569642,49570592,950
granulosa_11377,chr17,49575414,49577304,1890
granulosa_11378,chr17,49677053,49678489,1436
granulosa_11379,chr17,49707169,49708577,1408
granulosa_11380,chr17,49762821,49764870,2049
granulosa_11381,chr17,49787680,49789667,1987
granulosa_11382,chr17,49850578,49852149,1571
granulosa_11383,chr17,49880194,49880875,681
granulosa_11384,chr17,49952280,49953556,1276
granulosa_11385,chr17,49968346,49969497,1151
granulosa_11386,chr17,49971378,49972705,1327
granulosa_11387,chr17,49993135,49993966,831
granulosa_11388,chr17,49994800,49995410,610
granulosa_11389,chr17,49996417,49997351,934
granulosa_11390,chr17,50026644,50028841,2197
granulosa_11391,chr17,50055036,50057416,2380
granulosa_11392,chr17,50094087,50096335,2248
granulosa_11393,chr17,50100879,50102517,1638
granulosa_11394,chr17,50111368,50113376,2008
granulosa_11395,chr17,50117017,50117884,867
granulosa_11396,chr17,50128418,50130623,2205
granulosa_11397,chr17,50147816,50149231,1415
granulosa_11398,chr17,50150741,50152529,1788
granulosa_11399,chr17,50153678,50154245,567
granulosa_11400,chr17,50160692,50162113,1421
granulosa_11401,chr17,50177706,50178690,984
granulosa_11402,chr17,50199360,50201902,2542
granulosa_11403,chr17,50209347,50211162,1815
granulosa_11404,chr17,50263159,50264833,1674
granulosa_11405,chr17,50265979,50267811,1832
granulosa_11406,chr17,50272371,50273606,1235
granulosa_11407,chr17,50345329,50347811,2482
granulosa_11408,chr17,50372285,50373506,1221
granulosa_11409,chr17,50396234,50397947,1713
granulosa_11410,chr17,50425314,50427793,2479
granulosa_11411,chr17,50468486,50469681,1195
granulosa_11412,chr17,50478071,50479776,1705
granulosa_11413,chr17,50482308,50482816,508
granulosa_11414,chr17,50507593,50509418,1825
granulosa_11415,chr17,50513225,50514403,1178
granulosa_11416,chr17,50517956,50519334,1378
granulosa_11417,chr17,50532221,50534945,2724
granulosa_11418,chr17,50541277,50542640,1363
granulosa_11419,chr17,50546743,50547561,818
granulosa_11420,chr17,50550515,50551193,678
granulosa_11421,chr17,50559791,50561543,1752
granulosa_11422,chr17,50563992,50565405,1413
granulosa_11423,chr17,50583604,50584998,1394
granulosa_11424,chr17,50588356,50590156,1800
granulosa_11425,chr17,50592795,50594482,1687
granulosa_11426,chr17,50604093,50605265,1172
granulosa_11427,chr17,50608668,50609992,1324
granulosa_11428,chr17,50619685,50621871,2186
granulosa_11429,chr17,50627471,50629259,1788
granulosa_11430,chr17,50638772,50639723,951
granulosa_11431,chr17,50661584,50662436,852
granulosa_11432,chr17,50686085,50687067,982
granulosa_11433,chr17,50706862,50709006,2144
granulosa_11434,chr17,50718804,50720672,1868
granulosa_11435,chr17,50782985,50783518,533
granulosa_11436,chr17,50834587,50835876,1289
granulosa_11437,chr17,50864957,50868074,3117
granulosa_11438,chr17,50903541,50905907,2366
granulosa_11439,chr17,50919304,50920191,887
granulosa_11440,chr17,50930797,50931934,1137
granulosa_11441,chr17,50943391,50945164,1773
granulosa_11442,chr17,51045659,51047345,1686
granulosa_11443,chr17,51119382,51121453,2071
granulosa_11444,chr17,51121647,51122093,446
granulosa_11445,chr17,51152763,51154728,1965
granulosa_11446,chr17,51165357,51167390,2033
granulosa_11447,chr17,51258773,51261439,2666
granulosa_11448,chr17,51354324,51356054,1730
granulosa_11449,chr17,54899637,54901716,2079
granulosa_11450,chr17,54967476,54969450,1974
granulosa_11451,chr17,55209898,55211238,1340
granulosa_11452,chr17,55237707,55239325,1618
granulosa_11453,chr17,55263609,55266459,2850
granulosa_11454,chr17,55273334,55274335,1001
granulosa_11455,chr17,55420337,55422348,2011
granulosa_11456,chr17,55563637,55564581,944
granulosa_11457,chr17,55750438,55751942,1504
granulosa_11458,chr17,56592308,56594822,2514
granulosa_11459,chr17,56678078,56679492,1414
granulosa_11460,chr17,56779350,56780757,1407
granulosa_11461,chr17,56832975,56835191,2216
granulosa_11462,chr17,56913119,56915040,1921
granulosa_11463,chr17,56960320,56961273,953
granulosa_11464,chr17,56977613,56979061,1448
granulosa_11465,chr17,57045341,57046741,1400
granulosa_11466,chr17,57084474,57086711,2237
granulosa_11467,chr17,57255430,57257227,1797
granulosa_11468,chr17,57257678,57258871,1193
granulosa_11469,chr17,57284384,57286025,1641
granulosa_11470,chr17,57440138,57443516,3378
granulosa_11471,chr17,57465571,57467324,1753
granulosa_11472,chr17,57472884,57474038,1154
granulosa_11473,chr17,57475584,57476382,798
granulosa_11474,chr17,57490343,57491499,1156
granulosa_11475,chr17,57505861,57508940,3079
granulosa_11476,chr17,57521346,57522706,1360
granulosa_11477,chr17,57527557,57529198,1641
granulosa_11478,chr17,57534982,57536038,1056
granulosa_11479,chr17,57537275,57539038,1763
granulosa_11480,chr17,57551899,57552647,748
granulosa_11481,chr17,57553439,57554998,1559
granulosa_11482,chr17,57577520,57579062,1542
granulosa_11483,chr17,57604009,57606099,2090
granulosa_11484,chr17,57662459,57663632,1173
granulosa_11485,chr17,57664913,57665847,934
granulosa_11486,chr17,57781728,57783662,1934
granulosa_11487,chr17,57832366,57833624,1258
granulosa_11488,chr17,57849305,57850744,1439
granulosa_11489,chr17,57857733,57858280,547
granulosa_11490,chr17,57860601,57862313,1712
granulosa_11491,chr17,57874184,57875763,1579
granulosa_11492,chr17,57898513,57900137,1624
granulosa_11493,chr17,57934978,57936506,1528
granulosa_11494,chr17,57939450,57941269,1819
granulosa_11495,chr17,57946046,57947342,1296
granulosa_11496,chr17,57954075,57956008,1933
granulosa_11497,chr17,57986730,57989381,2651
granulosa_11498,chr17,58006285,58008233,1948
granulosa_11499,chr17,58060014,58061288,1274
granulosa_11500,chr17,58082620,58085413,2793
granulosa_11501,chr17,58156597,58157846,1249
granulosa_11502,chr17,58218308,58219694,1386
granulosa_11503,chr17,58248935,58250116,1181
granulosa_11504,chr17,58323779,58325648,1869
granulosa_11505,chr17,58351566,58353252,1686
granulosa_11506,chr17,58363832,58365264,1432
granulosa_11507,chr17,58390930,58392179,1249
granulosa_11508,chr17,58416661,58417975,1314
granulosa_11509,chr17,58487085,58488690,1605
granulosa_11510,chr17,58513264,58514856,1592
granulosa_11511,chr17,58517376,58519559,2183
granulosa_11512,chr17,58531230,58532654,1424
granulosa_11513,chr17,58630776,58632952,2176
granulosa_11514,chr17,58658035,58659818,1783
granulosa_11515,chr17,58666298,58667308,1010
granulosa_11516,chr17,58691522,58693460,1938
granulosa_11517,chr17,58755229,58757460,2231
granulosa_11518,chr17,59092962,59094243,1281
granulosa_11519,chr17,59105919,59107417,1498
granulosa_11520,chr17,59153559,59156037,2478
granulosa_11521,chr17,59209318,59210596,1278
granulosa_11522,chr17,59219911,59221464,1553
granulosa_11523,chr17,59330329,59330920,591
granulosa_11524,chr17,59331089,59333107,2018
granulosa_11525,chr17,59365237,59367464,2227
granulosa_11526,chr17,59406094,59407424,1330
granulosa_11527,chr17,59439256,59441483,2227
granulosa_11528,chr17,59521260,59522176,916
granulosa_11529,chr17,59565074,59566347,1273
granulosa_11530,chr17,59618156,59621181,3025
granulosa_11531,chr17,59706622,59708380,1758
granulosa_11532,chr17,59837076,59838617,1541
granulosa_11533,chr17,59845557,59847162,1605
granulosa_11534,chr17,59892176,59893965,1789
granulosa_11535,chr17,59963428,59965224,1796
granulosa_11536,chr17,60077253,60079709,2456
granulosa_11537,chr17,60134282,60135935,1653
granulosa_11538,chr17,60139398,60140126,728
granulosa_11539,chr17,60149392,60151304,1912
granulosa_11540,chr17,60390710,60393322,2612
granulosa_11541,chr17,60420886,60422560,1674
granulosa_11542,chr17,60524289,60527000,2711
granulosa_11543,chr17,60599211,60601485,2274
granulosa_11544,chr17,60601783,60602600,817
granulosa_11545,chr17,60676822,60678538,1716
granulosa_11546,chr17,61157008,61158014,1006
granulosa_11547,chr17,61288929,61290754,1825
granulosa_11548,chr17,61313323,61315262,1939
granulosa_11549,chr17,61322189,61324206,2017
granulosa_11550,chr17,61396621,61397707,1086
granulosa_11551,chr17,61398985,61400718,1733
granulosa_11552,chr17,61409289,61410035,746
granulosa_11553,chr17,61410532,61413065,2533
granulosa_11554,chr17,61416481,61417189,708
granulosa_11555,chr17,61486148,61488024,1876
granulosa_11556,chr17,61862721,61864153,1432
granulosa_11557,chr17,61926341,61928228,1887
granulosa_11558,chr17,62063933,62066259,2326
granulosa_11559,chr17,62137451,62139090,1639
granulosa_11560,chr17,62140620,62141208,588
granulosa_11561,chr17,62423357,62424724,1367
granulosa_11562,chr17,62470552,62471932,1380
granulosa_11563,chr17,62477347,62479926,2579
granulosa_11564,chr17,62617963,62619906,1943
granulosa_11565,chr17,62626544,62629857,3313
granulosa_11566,chr17,62652129,62654614,2485
granulosa_11567,chr17,62657606,62658983,1377
granulosa_11568,chr17,62703121,62704805,1684
granulosa_11569,chr17,62807600,62808955,1355
granulosa_11570,chr17,62965462,62967567,2105
granulosa_11571,chr17,63445482,63447865,2383
granulosa_11572,chr17,63473870,63475321,1451
granulosa_11573,chr17,63476237,63478061,1824
granulosa_11574,chr17,63522588,63523744,1156
granulosa_11575,chr17,63537753,63538674,921
granulosa_11576,chr17,63549632,63552151,2519
granulosa_11577,chr17,63578492,63580123,1631
granulosa_11578,chr17,63600326,63601762,1436
granulosa_11579,chr17,63621458,63623419,1961
granulosa_11580,chr17,63675127,63676789,1662
granulosa_11581,chr17,63698397,63701427,3030
granulosa_11582,chr17,63740328,63743081,2753
granulosa_11583,chr17,63772704,63774748,2044
granulosa_11584,chr17,63826127,63828017,1890
granulosa_11585,chr17,63841387,63843936,2549
granulosa_11586,chr17,63848426,63849988,1562
granulosa_11587,chr17,63997386,63999155,1769
granulosa_11588,chr17,64117974,64119044,1070
granulosa_11589,chr17,64128899,64130990,2091
granulosa_11590,chr17,64144887,64147251,2364
granulosa_11591,chr17,64262035,64263925,1890
granulosa_11592,chr17,64496158,64497947,1789
granulosa_11593,chr17,64498291,64499122,831
granulosa_11594,chr17,64504893,64507821,2928
granulosa_11595,chr17,64660269,64662851,2582
granulosa_11596,chr17,64776506,64777355,849
granulosa_11597,chr17,64777666,64779053,1387
granulosa_11598,chr17,64780116,64781802,1686
granulosa_11599,chr17,64836167,64838102,1935
granulosa_11600,chr17,64918716,64920920,2204
granulosa_11601,chr17,64974722,64976264,1542
granulosa_11602,chr17,65055400,65057334,1934
granulosa_11603,chr17,65074416,65075436,1020
granulosa_11604,chr17,65084883,65086242,1359
granulosa_11605,chr17,65100013,65101516,1503
granulosa_11606,chr17,65105910,65107283,1373
granulosa_11607,chr17,65122641,65123760,1119
granulosa_11608,chr17,65136533,65138179,1646
granulosa_11609,chr17,65433266,65434649,1383
granulosa_11610,chr17,65515515,65517019,1504
granulosa_11611,chr17,65530121,65532862,2741
granulosa_11612,chr17,65553662,65555241,1579
granulosa_11613,chr17,65559794,65562150,2356
granulosa_11614,chr17,65637973,65639100,1127
granulosa_11615,chr17,65749990,65751547,1557
granulosa_11616,chr17,66190727,66192900,2173
granulosa_11617,chr17,66301392,66303717,2325
granulosa_11618,chr17,66828989,66830160,1171
granulosa_11619,chr17,66904440,66905734,1294
granulosa_11620,chr17,66963893,66966310,2417
granulosa_11621,chr17,67019545,67021046,1501
granulosa_11622,chr17,67244150,67246940,2790
granulosa_11623,chr17,67365315,67366903,1588
granulosa_11624,chr17,67374533,67374962,429
granulosa_11625,chr17,67376545,67379259,2714
granulosa_11626,chr17,67474973,67476016,1043
granulosa_11627,chr17,67490429,67491546,1117
granulosa_11628,chr17,67514762,67516327,1565
granulosa_11629,chr17,67528444,67529448,1004
granulosa_11630,chr17,67546264,67547250,986
granulosa_11631,chr17,67557479,67559265,1786
granulosa_11632,chr17,67581989,67583611,1622
granulosa_11633,chr17,67605043,67606129,1086
granulosa_11634,chr17,67637516,67638534,1018
granulosa_11635,chr17,67717184,67718983,1799
granulosa_11636,chr17,67824614,67826638,2024
granulosa_11637,chr17,67992676,67994316,1640
granulosa_11638,chr17,67995171,67996667,1496
granulosa_11639,chr17,68019434,68020844,1410
granulosa_11640,chr17,68035041,68036630,1589
granulosa_11641,chr17,68069070,68071261,2191
granulosa_11642,chr17,68100895,68102973,2078
granulosa_11643,chr17,68195414,68197619,2205
granulosa_11644,chr17,68198874,68199767,893
granulosa_11645,chr17,68200552,68201292,740
granulosa_11646,chr17,68204724,68206856,2132
granulosa_11647,chr17,68246989,68248754,1765
granulosa_11648,chr17,68290061,68292803,2742
granulosa_11649,chr17,68456210,68458567,2357
granulosa_11650,chr17,68462708,68464450,1742
granulosa_11651,chr17,68484444,68485886,1442
granulosa_11652,chr17,68497719,68499274,1555
granulosa_11653,chr17,68511215,68513422,2207
granulosa_11654,chr17,68592477,68593821,1344
granulosa_11655,chr17,68599045,68601524,2479
granulosa_11656,chr17,68733132,68734363,1231
granulosa_11657,chr17,68759060,68760216,1156
granulosa_11658,chr17,69046966,69048030,1064
granulosa_11659,chr17,69326081,69327965,1884
granulosa_11660,chr17,69413814,69416176,2362
granulosa_11661,chr17,69500907,69502828,1921
granulosa_11662,chr17,69960547,69963580,3033
granulosa_11663,chr17,70167914,70170259,2345
granulosa_11664,chr17,70621156,70622704,1548
granulosa_11665,chr17,72029771,72031283,1512
granulosa_11666,chr17,72120122,72122126,2004
granulosa_11667,chr17,72191492,72192886,1394
granulosa_11668,chr17,72407106,72408059,953
granulosa_11669,chr17,72539844,72540741,897
granulosa_11670,chr17,72591289,72593083,1794
granulosa_11671,chr17,72727534,72729260,1726
granulosa_11672,chr17,72951381,72952701,1320
granulosa_11673,chr17,73091673,73093031,1358
granulosa_11674,chr17,73164182,73166590,2408
granulosa_11675,chr17,73191468,73193727,2259
granulosa_11676,chr17,73231203,73233384,2181
granulosa_11677,chr17,73261619,73263584,1965
granulosa_11678,chr17,73277954,73279259,1305
granulosa_11679,chr17,73283469,73284675,1206
granulosa_11680,chr17,73288526,73289462,936
granulosa_11681,chr17,73304481,73305554,1073
granulosa_11682,chr17,73310181,73312582,2401
granulosa_11683,chr17,73320538,73321438,900
granulosa_11684,chr17,73341432,73344022,2590
granulosa_11685,chr17,73429246,73431337,2091
granulosa_11686,chr17,73454906,73456181,1275
granulosa_11687,chr17,73492080,73493588,1508
granulosa_11688,chr17,73532188,73533453,1265
granulosa_11689,chr17,73536670,73537765,1095
granulosa_11690,chr17,73548289,73549166,877
granulosa_11691,chr17,73599632,73600994,1362
granulosa_11692,chr17,73642850,73645748,2898
granulosa_11693,chr17,73683784,73685181,1397
granulosa_11694,chr17,73709797,73710716,919
granulosa_11695,chr17,73756823,73757851,1028
granulosa_11696,chr17,73770227,73771370,1143
granulosa_11697,chr17,73901592,73903240,1648
granulosa_11698,chr17,73951798,73953201,1403
granulosa_11699,chr17,74036925,74037792,867
granulosa_11700,chr17,74202923,74204384,1461
granulosa_11701,chr17,74210094,74211476,1382
granulosa_11702,chr17,74212285,74214388,2103
granulosa_11703,chr17,74273812,74275148,1336
granulosa_11704,chr17,74275674,74277031,1357
granulosa_11705,chr17,74356491,74357678,1187
granulosa_11706,chr17,74379201,74380935,1734
granulosa_11707,chr17,74429717,74432790,3073
granulosa_11708,chr17,74453014,74455305,2291
granulosa_11709,chr17,74670918,74671896,978
granulosa_11710,chr17,74736029,74738801,2772
granulosa_11711,chr17,74747944,74750625,2681
granulosa_11712,chr17,74762770,74764804,2034
granulosa_11713,chr17,74775636,74776985,1349
granulosa_11714,chr17,74791166,74791837,671
granulosa_11715,chr17,74805068,74805862,794
granulosa_11716,chr17,74807365,74808273,908
granulosa_11717,chr17,74811967,74813523,1556
granulosa_11718,chr17,74839925,74843526,3601
granulosa_11719,chr17,74851895,74853329,1434
granulosa_11720,chr17,74859444,74862540,3096
granulosa_11721,chr17,74868181,74868782,601
granulosa_11722,chr17,74870462,74870836,374
granulosa_11723,chr17,74872343,74873735,1392
granulosa_11724,chr17,74892177,74894849,2672
granulosa_11725,chr17,74922334,74924943,2609
granulosa_11726,chr17,74971593,74973171,1578
granulosa_11727,chr17,74981425,74982892,1467
granulosa_11728,chr17,74987129,74989043,1914
granulosa_11729,chr17,75002119,75004262,2143
granulosa_11730,chr17,75010768,75013502,2734
granulosa_11731,chr17,75033252,75035690,2438
granulosa_11732,chr17,75046261,75049001,2740
granulosa_11733,chr17,75077045,75078306,1261
granulosa_11734,chr17,75087252,75088478,1226
granulosa_11735,chr17,75090937,75092119,1182
granulosa_11736,chr17,75108987,75110771,1784
granulosa_11737,chr17,75113836,75114604,768
granulosa_11738,chr17,75130401,75132261,1860
granulosa_11739,chr17,75152738,75155087,2349
granulosa_11740,chr17,75181656,75183389,1733
granulosa_11741,chr17,75204645,75206571,1926
granulosa_11742,chr17,75260710,75262543,1833
granulosa_11743,chr17,75269939,75272022,2083
granulosa_11744,chr17,75288284,75290310,2026
granulosa_11745,chr17,75393222,75394849,1627
granulosa_11746,chr17,75403969,75406556,2587
granulosa_11747,chr17,75426127,75426918,791
granulosa_11748,chr17,75455763,75457663,1900
granulosa_11749,chr17,75474926,75477373,2447
granulosa_11750,chr17,75497876,75500047,2171
granulosa_11751,chr17,75514047,75517555,3508
granulosa_11752,chr17,75524586,75526786,2200
granulosa_11753,chr17,75578518,75579400,882
granulosa_11754,chr17,75587550,75590134,2584
granulosa_11755,chr17,75632739,75634720,1981
granulosa_11756,chr17,75666463,75667811,1348
granulosa_11757,chr17,75720573,75722020,1447
granulosa_11758,chr17,75753411,75754316,905
granulosa_11759,chr17,75763853,75765681,1828
granulosa_11760,chr17,75775522,75777744,2222
granulosa_11761,chr17,75778670,75780148,1478
granulosa_11762,chr17,75784065,75786131,2066
granulosa_11763,chr17,75821559,75822989,1430
granulosa_11764,chr17,75827016,75828314,1298
granulosa_11765,chr17,75843513,75845672,2159
granulosa_11766,chr17,75848262,75849700,1438
granulosa_11767,chr17,75854106,75856577,2471
granulosa_11768,chr17,75872474,75873181,707
granulosa_11769,chr17,75875548,75876577,1029
granulosa_11770,chr17,75876745,75879074,2329
granulosa_11771,chr17,75895371,75897519,2148
granulosa_11772,chr17,75904093,75905443,1350
granulosa_11773,chr17,75909157,75910988,1831
granulosa_11774,chr17,75940295,75941450,1155
granulosa_11775,chr17,75978464,75980192,1728
granulosa_11776,chr17,76004697,76005936,1239
granulosa_11777,chr17,76013669,76014596,927
granulosa_11778,chr17,76026511,76027735,1224
granulosa_11779,chr17,76071901,76073079,1178
granulosa_11780,chr17,76102771,76104361,1590
granulosa_11781,chr17,76120981,76123103,2122
granulosa_11782,chr17,76140924,76142416,1492
granulosa_11783,chr17,76239224,76241452,2228
granulosa_11784,chr17,76264586,76266732,2146
granulosa_11785,chr17,76271611,76273168,1557
granulosa_11786,chr17,76278672,76279854,1182
granulosa_11787,chr17,76352791,76354587,1796
granulosa_11788,chr17,76382028,76386418,4390
granulosa_11789,chr17,76405606,76406740,1134
granulosa_11790,chr17,76414264,76415072,808
granulosa_11791,chr17,76451914,76453637,1723
granulosa_11792,chr17,76458388,76459355,967
granulosa_11793,chr17,76497904,76498616,712
granulosa_11794,chr17,76500344,76501702,1358
granulosa_11795,chr17,76506083,76507122,1039
granulosa_11796,chr17,76522887,76523541,654
granulosa_11797,chr17,76524575,76525222,647
granulosa_11798,chr17,76527298,76528374,1076
granulosa_11799,chr17,76537143,76538676,1533
granulosa_11800,chr17,76540400,76541169,769
granulosa_11801,chr17,76543664,76545253,1589
granulosa_11802,chr17,76545832,76547628,1796
granulosa_11803,chr17,76556887,76558865,1978
granulosa_11804,chr17,76584514,76586421,1907
granulosa_11805,chr17,76639442,76640515,1073
granulosa_11806,chr17,76640697,76641325,628
granulosa_11807,chr17,76670810,76672710,1900
granulosa_11808,chr17,76680954,76682644,1690
granulosa_11809,chr17,76687191,76689199,2008
granulosa_11810,chr17,76700268,76701957,1689
granulosa_11811,chr17,76708917,76711751,2834
granulosa_11812,chr17,76725585,76727369,1784
granulosa_11813,chr17,76736209,76738415,2206
granulosa_11814,chr17,76839282,76840787,1505
granulosa_11815,chr17,76867288,76868993,1705
granulosa_11816,chr17,76909318,76910439,1121
granulosa_11817,chr17,76968524,76970261,1737
granulosa_11818,chr17,77088145,77089564,1419
granulosa_11819,chr17,77096318,77097275,957
granulosa_11820,chr17,77128702,77130177,1475
granulosa_11821,chr17,77139925,77141792,1867
granulosa_11822,chr17,77146755,77149196,2441
granulosa_11823,chr17,77162923,77165118,2195
granulosa_11824,chr17,77175009,77176023,1014
granulosa_11825,chr17,77184457,77185863,1406
granulosa_11826,chr17,77186046,77186809,763
granulosa_11827,chr17,77217122,77218027,905
granulosa_11828,chr17,77246531,77247585,1054
granulosa_11829,chr17,77279991,77282167,2176
granulosa_11830,chr17,77282571,77283381,810
granulosa_11831,chr17,77303965,77305483,1518
granulosa_11832,chr17,77312141,77313738,1597
granulosa_11833,chr17,77331228,77331891,663
granulosa_11834,chr17,77350247,77352148,1901
granulosa_11835,chr17,77372378,77374933,2555
granulosa_11836,chr17,77375825,77376343,518
granulosa_11837,chr17,77376972,77377747,775
granulosa_11838,chr17,77382228,77383563,1335
granulosa_11839,chr17,77391745,77393128,1383
granulosa_11840,chr17,77420970,77421625,655
granulosa_11841,chr17,77424716,77425623,907
granulosa_11842,chr17,77429021,77430608,1587
granulosa_11843,chr17,77449340,77452491,3151
granulosa_11844,chr17,77471055,77473112,2057
granulosa_11845,chr17,77479174,77482232,3058
granulosa_11846,chr17,77527984,77529504,1520
granulosa_11847,chr17,77542008,77543463,1455
granulosa_11848,chr17,77546505,77547399,894
granulosa_11849,chr17,77555230,77557021,1791
granulosa_11850,chr17,77570654,77573108,2454
granulosa_11851,chr17,77675672,77677944,2272
granulosa_11852,chr17,77696104,77697782,1678
granulosa_11853,chr17,77734098,77736532,2434
granulosa_11854,chr17,77778621,77780654,2033
granulosa_11855,chr17,77801942,77803374,1432
granulosa_11856,chr17,77872987,77874538,1551
granulosa_11857,chr17,77882357,77883464,1107
granulosa_11858,chr17,77887246,77888594,1348
granulosa_11859,chr17,77957356,77960525,3169
granulosa_11860,chr17,78039663,78041868,2205
granulosa_11861,chr17,78126952,78129244,2292
granulosa_11862,chr17,78131470,78132635,1165
granulosa_11863,chr17,78139995,78140971,976
granulosa_11864,chr17,78144049,78145786,1737
granulosa_11865,chr17,78168024,78169838,1814
granulosa_11866,chr17,78172280,78173093,813
granulosa_11867,chr17,78186345,78187548,1203
granulosa_11868,chr17,78213282,78214867,1585
granulosa_11869,chr17,78230593,78232938,2345
granulosa_11870,chr17,78237108,78238454,1346
granulosa_11871,chr17,78250596,78251613,1017
granulosa_11872,chr17,78253916,78254951,1035
granulosa_11873,chr17,78257659,78259040,1381
granulosa_11874,chr17,78268840,78269704,864
granulosa_11875,chr17,78271856,78273087,1231
granulosa_11876,chr17,78277715,78278925,1210
granulosa_11877,chr17,78313638,78314607,969
granulosa_11878,chr17,78316537,78318269,1732
granulosa_11879,chr17,78323868,78325616,1748
granulosa_11880,chr17,78341447,78343459,2012
granulosa_11881,chr17,78352302,78353708,1406
granulosa_11882,chr17,78358623,78361070,2447
granulosa_11883,chr17,78377884,78379370,1486
granulosa_11884,chr17,78716706,78718296,1590
granulosa_11885,chr17,78722788,78724184,1396
granulosa_11886,chr17,78758864,78759906,1042
granulosa_11887,chr17,78781106,78783070,1964
granulosa_11888,chr17,78839472,78841608,2136
granulosa_11889,chr17,78865431,78866385,954
granulosa_11890,chr17,78879139,78880224,1085
granulosa_11891,chr17,78882571,78884407,1836
granulosa_11892,chr17,78907697,78909071,1374
granulosa_11893,chr17,78923115,78926379,3264
granulosa_11894,chr17,78933438,78934937,1499
granulosa_11895,chr17,78947028,78947969,941
granulosa_11896,chr17,78977585,78978455,870
granulosa_11897,chr17,78979457,78980571,1114
granulosa_11898,chr17,78985773,78987237,1464
granulosa_11899,chr17,79008765,79010300,1535
granulosa_11900,chr17,79023588,79024932,1344
granulosa_11901,chr17,79074308,79075878,1570
granulosa_11902,chr17,79136625,79138235,1610
granulosa_11903,chr17,79182177,79184218,2041
granulosa_11904,chr17,79304843,79307260,2417
granulosa_11905,chr17,79400594,79401642,1048
granulosa_11906,chr17,79607756,79608338,582
granulosa_11907,chr17,79728160,79729147,987
granulosa_11908,chr17,79741406,79742450,1044
granulosa_11909,chr17,79746171,79748703,2532
granulosa_11910,chr17,79776358,79779535,3177
granulosa_11911,chr17,79789354,79790484,1130
granulosa_11912,chr17,79792911,79794258,1347
granulosa_11913,chr17,79796526,79799307,2781
granulosa_11914,chr17,79809672,79810697,1025
granulosa_11915,chr17,79811051,79811860,809
granulosa_11916,chr17,79812744,79813821,1077
granulosa_11917,chr17,79814779,79816300,1521
granulosa_11918,chr17,79831342,79833138,1796
granulosa_11919,chr17,79835968,79836518,550
granulosa_11920,chr17,79838242,79839967,1725
granulosa_11921,chr17,79843666,79844406,740
granulosa_11922,chr17,79844796,79845890,1094
granulosa_11923,chr17,79859942,79860853,911
granulosa_11924,chr17,79918759,79919772,1013
granulosa_11925,chr17,79951340,79953240,1900
granulosa_11926,chr17,79977520,79979754,2234
granulosa_11927,chr17,79985921,79987215,1294
granulosa_11928,chr17,79987760,79989032,1272
granulosa_11929,chr17,79991204,79992817,1613
granulosa_11930,chr17,79993447,79994267,820
granulosa_11931,chr17,80034738,80037373,2635
granulosa_11932,chr17,80100802,80102440,1638
granulosa_11933,chr17,80104237,80104884,647
granulosa_11934,chr17,80145580,80148168,2588
granulosa_11935,chr17,80219192,80221183,1991
granulosa_11936,chr17,80259787,80261802,2015
granulosa_11937,chr17,80408655,80409201,546
granulosa_11938,chr17,80413761,80415966,2205
granulosa_11939,chr17,80426618,80427356,738
granulosa_11940,chr17,80440911,80441566,655
granulosa_11941,chr17,80454101,80455573,1472
granulosa_11942,chr17,80474516,80477500,2984
granulosa_11943,chr17,80477804,80479002,1198
granulosa_11944,chr17,80499588,80500818,1230
granulosa_11945,chr17,80501254,80502324,1070
granulosa_11946,chr17,80544457,80545921,1464
granulosa_11947,chr17,80663394,80665333,1939
granulosa_11948,chr17,80695082,80696877,1795
granulosa_11949,chr17,80793400,80796182,2782
granulosa_11950,chr17,80832282,80834809,2527
granulosa_11951,chr17,80858704,80859891,1187
granulosa_11952,chr17,80941772,80943274,1502
granulosa_11953,chr17,80958777,80960163,1386
granulosa_11954,chr17,80968456,80969829,1373
granulosa_11955,chr17,80969955,80971500,1545
granulosa_11956,chr17,80980393,80982360,1967
granulosa_11957,chr17,80988650,80989352,702
granulosa_11958,chr17,80991452,80992720,1268
granulosa_11959,chr17,81033967,81036166,2199
granulosa_11960,chr17,81043585,81044415,830
granulosa_11961,chr17,81049254,81050577,1323
granulosa_11962,chr17,81094562,81095662,1100
granulosa_11963,chr17,81096240,81097693,1453
granulosa_11964,chr17,81101518,81102152,634
granulosa_11965,chr17,81118954,81120431,1477
granulosa_11966,chr17,81142325,81143276,951
granulosa_11967,chr17,81164323,81166765,2442
granulosa_11968,chr17,81198692,81200060,1368
granulosa_11969,chr17,81221557,81223967,2410
granulosa_11970,chr17,81238334,81240170,1836
granulosa_11971,chr17,81250251,81252461,2210
granulosa_11972,chr17,81254805,81255694,889
granulosa_11973,chr17,81294363,81295779,1416
granulosa_11974,chr17,81295928,81296381,453
granulosa_11975,chr17,81308865,81310356,1491
granulosa_11976,chr17,81313970,81315522,1552
granulosa_11977,chr17,81328479,81329975,1496
granulosa_11978,chr17,81336977,81337824,847
granulosa_11979,chr17,81340701,81341307,606
granulosa_11980,chr17,81345250,81346838,1588
granulosa_11981,chr17,81364739,81366336,1597
granulosa_11982,chr17,81385074,81387717,2643
granulosa_11983,chr17,81391883,81392374,491
granulosa_11984,chr17,81393040,81394383,1343
granulosa_11985,chr17,81394772,81395537,765
granulosa_11986,chr17,81399204,81400754,1550
granulosa_11987,chr17,81412459,81413939,1480
granulosa_11988,chr17,81418884,81420035,1151
granulosa_11989,chr17,81428625,81430650,2025
granulosa_11990,chr17,81456077,81457302,1225
granulosa_11991,chr17,81481037,81481851,814
granulosa_11992,chr17,81483824,81484738,914
granulosa_11993,chr17,81487517,81488589,1072
granulosa_11994,chr17,81506813,81508145,1332
granulosa_11995,chr17,81508339,81509711,1372
granulosa_11996,chr17,81512329,81514278,1949
granulosa_11997,chr17,81514369,81515436,1067
granulosa_11998,chr17,81518359,81519982,1623
granulosa_11999,chr17,81536100,81538234,2134
granulosa_12000,chr17,81551423,81554263,2840
granulosa_12001,chr17,81566209,81567711,1502
granulosa_12002,chr17,81621329,81622252,923
granulosa_12003,chr17,81636107,81637374,1267
granulosa_12004,chr17,81665484,81667238,1754
granulosa_12005,chr17,81682714,81684584,1870
granulosa_12006,chr17,81702248,81704040,1792
granulosa_12007,chr17,81711145,81713983,2838
granulosa_12008,chr17,81733548,81734248,700
granulosa_12009,chr17,81803300,81805307,2007
granulosa_12010,chr17,81831877,81834121,2244
granulosa_12011,chr17,81859575,81861696,2121
granulosa_12012,chr17,81869089,81869677,588
granulosa_12013,chr17,81869946,81872303,2357
granulosa_12014,chr17,81890744,81892315,1571
granulosa_12015,chr17,81901694,81903338,1644
granulosa_12016,chr17,81910155,81911958,1803
granulosa_12017,chr17,81917114,81918437,1323
granulosa_12018,chr17,81923232,81923963,731
granulosa_12019,chr17,81926307,81929021,2714
granulosa_12020,chr17,81936552,81937748,1196
granulosa_12021,chr17,81959326,81961991,2665
granulosa_12022,chr17,81966369,81968324,1955
granulosa_12023,chr17,81976484,81978215,1731
granulosa_12024,chr17,82012141,82013807,1666
granulosa_12025,chr17,82018444,82019352,908
granulosa_12026,chr17,82022317,82024029,1712
granulosa_12027,chr17,82030101,82032208,2107
granulosa_12028,chr17,82036618,82037987,1369
granulosa_12029,chr17,82050801,82052778,1977
granulosa_12030,chr17,82064497,82066254,1757
granulosa_12031,chr17,82076752,82078384,1632
granulosa_12032,chr17,82097088,82099504,2416
granulosa_12033,chr17,82105809,82106808,999
granulosa_12034,chr17,82171975,82175594,3619
granulosa_12035,chr17,82200678,82202000,1322
granulosa_12036,chr17,82205502,82207009,1507
granulosa_12037,chr17,82212050,82213790,1740
granulosa_12038,chr17,82228228,82229664,1436
granulosa_12039,chr17,82229885,82232226,2341
granulosa_12040,chr17,82235825,82236768,943
granulosa_12041,chr17,82240963,82242618,1655
granulosa_12042,chr17,82272467,82274162,1695
granulosa_12043,chr17,82292220,82293987,1767
granulosa_12044,chr17,82297322,82298597,1275
granulosa_12045,chr17,82330039,82330981,942
granulosa_12046,chr17,82332721,82334235,1514
granulosa_12047,chr17,82348509,82350091,1582
granulosa_12048,chr17,82351111,82352355,1244
granulosa_12049,chr17,82370391,82373101,2710
granulosa_12050,chr17,82384198,82386846,2648
granulosa_12051,chr17,82414505,82415051,546
granulosa_12052,chr17,82417898,82419103,1205
granulosa_12053,chr17,82448905,82451142,2237
granulosa_12054,chr17,82457272,82459516,2244
granulosa_12055,chr17,82494098,82495095,997
granulosa_12056,chr17,82496650,82498206,1556
granulosa_12057,chr17,82518811,82520906,2095
granulosa_12058,chr17,82524452,82524964,512
granulosa_12059,chr17,82527900,82529170,1270
granulosa_12060,chr17,82551636,82552206,570
granulosa_12061,chr17,82592172,82594034,1862
granulosa_12062,chr17,82613032,82614184,1152
granulosa_12063,chr17,82646831,82649701,2870
granulosa_12064,chr17,82696994,82699329,2335
granulosa_12065,chr17,82715870,82717459,1589
granulosa_12066,chr17,82734869,82736101,1232
granulosa_12067,chr17,82737825,82738719,894
granulosa_12068,chr17,82751091,82753016,1925
granulosa_12069,chr17,82754436,82755243,807
granulosa_12070,chr17,83050694,83052376,1682
granulosa_12071,chr17,83053060,83053799,739
granulosa_12072,chr17,83074761,83075752,991
granulosa_12073,chr17,83078755,83081620,2865
granulosa_12074,chr17,83099243,83100608,1365
granulosa_12075,chr17,83109578,83111312,1734
granulosa_12076,chr18,110994,112526,1532
granulosa_12077,chr18,157974,159546,1572
granulosa_12078,chr18,267198,268937,1739
granulosa_12079,chr18,331431,333581,2150
granulosa_12080,chr18,478750,479960,1210
granulosa_12081,chr18,498780,501639,2859
granulosa_12082,chr18,596083,597510,1427
granulosa_12083,chr18,656927,659023,2096
granulosa_12084,chr18,692435,694317,1882
granulosa_12085,chr18,711301,713479,2178
granulosa_12086,chr18,811229,813602,2373
granulosa_12087,chr18,906604,908571,1967
granulosa_12088,chr18,2223210,2224258,1048
granulosa_12089,chr18,2570225,2572102,1877
granulosa_12090,chr18,2654380,2657076,2696
granulosa_12091,chr18,2846004,2848326,2322
granulosa_12092,chr18,2853692,2854808,1116
granulosa_12093,chr18,2857311,2858225,914
granulosa_12094,chr18,2905784,2907481,1697
granulosa_12095,chr18,2947379,2948561,1182
granulosa_12096,chr18,2975779,2977280,1501
granulosa_12097,chr18,3012169,3013915,1746
granulosa_12098,chr18,3044690,3045734,1044
granulosa_12099,chr18,3245621,3246460,839
granulosa_12100,chr18,3246621,3248320,1699
granulosa_12101,chr18,3260873,3263173,2300
granulosa_12102,chr18,3296485,3297783,1298
granulosa_12103,chr18,3305322,3306678,1356
granulosa_12104,chr18,3447441,3448574,1133
granulosa_12105,chr18,3448835,3450818,1983
granulosa_12106,chr18,3451137,3451926,789
granulosa_12107,chr18,3498534,3499843,1309
granulosa_12108,chr18,3593361,3596195,2834
granulosa_12109,chr18,3596550,3598077,1527
granulosa_12110,chr18,3602465,3604263,1798
granulosa_12111,chr18,3604570,3606384,1814
granulosa_12112,chr18,3623469,3625335,1866
granulosa_12113,chr18,3653468,3654956,1488
granulosa_12114,chr18,3664698,3666618,1920
granulosa_12115,chr18,3670326,3672009,1683
granulosa_12116,chr18,3688534,3689785,1251
granulosa_12117,chr18,3691752,3692951,1199
granulosa_12118,chr18,3702944,3704183,1239
granulosa_12119,chr18,3712288,3714044,1756
granulosa_12120,chr18,3770775,3771988,1213
granulosa_12121,chr18,4453555,4455960,2405
granulosa_12122,chr18,5196193,5197782,1589
granulosa_12123,chr18,5236954,5239108,2154
granulosa_12124,chr18,5294253,5297109,2856
granulosa_12125,chr18,5542374,5544302,1928
granulosa_12126,chr18,5628057,5631116,3059
granulosa_12127,chr18,5890031,5891428,1397
granulosa_12128,chr18,5894475,5896385,1910
granulosa_12129,chr18,6370347,6371576,1229
granulosa_12130,chr18,6413743,6415407,1664
granulosa_12131,chr18,6728543,6730180,1637
granulosa_12132,chr18,6740695,6742026,1331
granulosa_12133,chr18,7038081,7039044,963
granulosa_12134,chr18,7069068,7071323,2255
granulosa_12135,chr18,7089998,7091400,1402
granulosa_12136,chr18,7115915,7118348,2433
granulosa_12137,chr18,7259116,7260403,1287
granulosa_12138,chr18,7566230,7568827,2597
granulosa_12139,chr18,7592276,7593916,1640
granulosa_12140,chr18,8366560,8367732,1172
granulosa_12141,chr18,8608285,8610822,2537
granulosa_12142,chr18,8657140,8658421,1281
granulosa_12143,chr18,8661367,8662313,946
granulosa_12144,chr18,8704168,8707522,3354
granulosa_12145,chr18,8778809,8779815,1006
granulosa_12146,chr18,9101601,9103704,2103
granulosa_12147,chr18,9135698,9138039,2341
granulosa_12148,chr18,9333685,9335739,2054
granulosa_12149,chr18,9416512,9417933,1421
granulosa_12150,chr18,9474173,9476796,2623
granulosa_12151,chr18,9613474,9615376,1902
granulosa_12152,chr18,9707394,9709973,2579
granulosa_12153,chr18,9835195,9836852,1657
granulosa_12154,chr18,9876593,9877749,1156
granulosa_12155,chr18,9913219,9915362,2143
granulosa_12156,chr18,10031910,10033358,1448
granulosa_12157,chr18,10131119,10132546,1427
granulosa_12158,chr18,10403629,10406862,3233
granulosa_12159,chr18,10453357,10455553,2196
granulosa_12160,chr18,10475388,10477120,1732
granulosa_12161,chr18,10524687,10527006,2319
granulosa_12162,chr18,11148179,11149999,1820
granulosa_12163,chr18,11688756,11690411,1655
granulosa_12164,chr18,11751020,11752922,1902
granulosa_12165,chr18,11849704,11852229,2525
granulosa_12166,chr18,11907537,11909264,1727
granulosa_12167,chr18,11946827,11948178,1351
granulosa_12168,chr18,11979999,11982296,2297
granulosa_12169,chr18,12038042,12039332,1290
granulosa_12170,chr18,12079481,12080262,781
granulosa_12171,chr18,12253127,12255151,2024
granulosa_12172,chr18,12271024,12272257,1233
granulosa_12173,chr18,12278185,12280317,2132
granulosa_12174,chr18,12287151,12289118,1967
granulosa_12175,chr18,12307163,12309117,1954
granulosa_12176,chr18,12376040,12378119,2079
granulosa_12177,chr18,12407441,12408825,1384
granulosa_12178,chr18,12419659,12421476,1817
granulosa_12179,chr18,12656651,12658869,2218
granulosa_12180,chr18,12701842,12704001,2159
granulosa_12181,chr18,12882493,12884879,2386
granulosa_12182,chr18,12910883,12912601,1718
granulosa_12183,chr18,12946662,12948987,2325
granulosa_12184,chr18,12990218,12992145,1927
granulosa_12185,chr18,12996529,12998230,1701
granulosa_12186,chr18,13112409,13113368,959
granulosa_12187,chr18,13136452,13138562,2110
granulosa_12188,chr18,13216878,13219101,2223
granulosa_12189,chr18,13629743,13630492,749
granulosa_12190,chr18,13641230,13642616,1386
granulosa_12191,chr18,13725392,13727467,2075
granulosa_12192,chr18,13800631,13801595,964
granulosa_12193,chr18,13823723,13824471,748
granulosa_12194,chr18,14130868,14133031,2163
granulosa_12195,chr18,14178362,14179945,1583
granulosa_12196,chr18,14430451,14431532,1081
granulosa_12197,chr18,21110412,21112645,2233
granulosa_12198,chr18,21241201,21243437,2236
granulosa_12199,chr18,21599001,21601476,2475
granulosa_12200,chr18,21611689,21612923,1234
granulosa_12201,chr18,21703285,21705189,1904
granulosa_12202,chr18,21739761,21742276,2515
granulosa_12203,chr18,21912093,21913800,1707
granulosa_12204,chr18,22026054,22027521,1467
granulosa_12205,chr18,22057495,22058503,1008
granulosa_12206,chr18,22164281,22164844,563
granulosa_12207,chr18,22165044,22165771,727
granulosa_12208,chr18,22166208,22166517,309
granulosa_12209,chr18,22168390,22172036,3646
granulosa_12210,chr18,22190493,22192419,1926
granulosa_12211,chr18,22192845,22194586,1741
granulosa_12212,chr18,22206654,22207510,856
granulosa_12213,chr18,22252797,22254348,1551
granulosa_12214,chr18,22346398,22347489,1091
granulosa_12215,chr18,22347999,22350178,2179
granulosa_12216,chr18,22558864,22560526,1662
granulosa_12217,chr18,22682760,22684087,1327
granulosa_12218,chr18,22709456,22710319,863
granulosa_12219,chr18,22712824,22713881,1057
granulosa_12220,chr18,22798658,22799730,1072
granulosa_12221,chr18,22871490,22873467,1977
granulosa_12222,chr18,22932714,22934200,1486
granulosa_12223,chr18,23134779,23137156,2377
granulosa_12224,chr18,23436740,23438120,1380
granulosa_12225,chr18,23452634,23454288,1654
granulosa_12226,chr18,23502575,23504259,1684
granulosa_12227,chr18,23585270,23587194,1924
granulosa_12228,chr18,23618639,23620032,1393
granulosa_12229,chr18,23661836,23663596,1760
granulosa_12230,chr18,23688853,23690729,1876
granulosa_12231,chr18,23992111,23993222,1111
granulosa_12232,chr18,24013821,24015660,1839
granulosa_12233,chr18,24138402,24139922,1520
granulosa_12234,chr18,24270669,24272625,1956
granulosa_12235,chr18,24388576,24389762,1186
granulosa_12236,chr18,24396894,24398306,1412
granulosa_12237,chr18,24426149,24427762,1613
granulosa_12238,chr18,24560223,24561349,1126
granulosa_12239,chr18,24655858,24657759,1901
granulosa_12240,chr18,25348840,25351236,2396
granulosa_12241,chr18,25351518,25352738,1220
granulosa_12242,chr18,26089238,26091409,2171
granulosa_12243,chr18,26225923,26227408,1485
granulosa_12244,chr18,26547088,26551213,4125
granulosa_12245,chr18,26574600,26576187,1587
granulosa_12246,chr18,26654881,26657831,2950
granulosa_12247,chr18,26746356,26748254,1898
granulosa_12248,chr18,26862928,26863887,959
granulosa_12249,chr18,27183771,27185696,1925
granulosa_12250,chr18,28107532,28108569,1037
granulosa_12251,chr18,28175089,28178611,3522
granulosa_12252,chr18,31040882,31043196,2314
granulosa_12253,chr18,31100620,31102633,2013
granulosa_12254,chr18,31496698,31499435,2737
granulosa_12255,chr18,31683840,31686123,2283
granulosa_12256,chr18,31941970,31944603,2633
granulosa_12257,chr18,32017996,32020119,2123
granulosa_12258,chr18,32091473,32093705,2232
granulosa_12259,chr18,32157677,32158695,1018
granulosa_12260,chr18,32308791,32310772,1981
granulosa_12261,chr18,32468957,32471680,2723
granulosa_12262,chr18,32769108,32772490,3382
granulosa_12263,chr18,33200972,33202014,1042
granulosa_12264,chr18,33439896,33441117,1221
granulosa_12265,chr18,33577557,33580310,2753
granulosa_12266,chr18,33676169,33677219,1050
granulosa_12267,chr18,34158493,34159946,1453
granulosa_12268,chr18,34221916,34223810,1894
granulosa_12269,chr18,34224107,34225362,1255
granulosa_12270,chr18,34492716,34494663,1947
granulosa_12271,chr18,34592600,34593511,911
granulosa_12272,chr18,34709153,34711344,2191
granulosa_12273,chr18,34772787,34774637,1850
granulosa_12274,chr18,34976587,34978497,1910
granulosa_12275,chr18,35040806,35043043,2237
granulosa_12276,chr18,35050026,35051363,1337
granulosa_12277,chr18,35240013,35241756,1743
granulosa_12278,chr18,35266920,35268216,1296
granulosa_12279,chr18,35289210,35291220,2010
granulosa_12280,chr18,35343288,35345960,2672
granulosa_12281,chr18,35354844,35355649,805
granulosa_12282,chr18,35376333,35377643,1310
granulosa_12283,chr18,35496891,35498216,1325
granulosa_12284,chr18,35580692,35582328,1636
granulosa_12285,chr18,35729778,35731315,1537
granulosa_12286,chr18,35949113,35950738,1625
granulosa_12287,chr18,35971708,35973136,1428
granulosa_12288,chr18,36065981,36067938,1957
granulosa_12289,chr18,36128105,36130385,2280
granulosa_12290,chr18,36186310,36188258,1948
granulosa_12291,chr18,36296411,36298817,2406
granulosa_12292,chr18,36564390,36565567,1177
granulosa_12293,chr18,36828061,36830062,2001
granulosa_12294,chr18,37253051,37254798,1747
granulosa_12295,chr18,37393584,37394917,1333
granulosa_12296,chr18,37444268,37445641,1373
granulosa_12297,chr18,37564664,37567879,3215
granulosa_12298,chr18,39840562,39842824,2262
granulosa_12299,chr18,40850652,40852159,1507
granulosa_12300,chr18,41391162,41392663,1501
granulosa_12301,chr18,41954673,41955985,1312
granulosa_12302,chr18,42131028,42132131,1103
granulosa_12303,chr18,42889943,42891290,1347
granulosa_12304,chr18,43276953,43277693,740
granulosa_12305,chr18,44050751,44051600,849
granulosa_12306,chr18,44064960,44065720,760
granulosa_12307,chr18,44678825,44681666,2841
granulosa_12308,chr18,44682160,44683157,997
granulosa_12309,chr18,44792276,44794112,1836
granulosa_12310,chr18,44937467,44938998,1531
granulosa_12311,chr18,45569057,45570274,1217
granulosa_12312,chr18,45669883,45670849,966
granulosa_12313,chr18,45774971,45776257,1286
granulosa_12314,chr18,45837301,45838031,730
granulosa_12315,chr18,45966492,45967886,1394
granulosa_12316,chr18,46027481,46028607,1126
granulosa_12317,chr18,46070753,46072634,1881
granulosa_12318,chr18,46096616,46098822,2206
granulosa_12319,chr18,46103786,46105295,1509
granulosa_12320,chr18,46152123,46153985,1862
granulosa_12321,chr18,46173065,46175235,2170
granulosa_12322,chr18,46332914,46336013,3099
granulosa_12323,chr18,46754797,46757219,2422
granulosa_12324,chr18,46915901,46918485,2584
granulosa_12325,chr18,46946177,46947478,1301
granulosa_12326,chr18,47149433,47151454,2021
granulosa_12327,chr18,47175332,47176562,1230
granulosa_12328,chr18,47748519,47749688,1169
granulosa_12329,chr18,47799013,47800560,1547
granulosa_12330,chr18,47929785,47932016,2231
granulosa_12331,chr18,48007631,48008801,1170
granulosa_12332,chr18,48021984,48024229,2245
granulosa_12333,chr18,48030725,48031418,693
granulosa_12334,chr18,48036375,48038437,2062
granulosa_12335,chr18,48099244,48101235,1991
granulosa_12336,chr18,48129217,48130205,988
granulosa_12337,chr18,48135785,48137299,1514
granulosa_12338,chr18,48139049,48140078,1029
granulosa_12339,chr18,48160959,48162365,1406
granulosa_12340,chr18,48165066,48165757,691
granulosa_12341,chr18,48166726,48168372,1646
granulosa_12342,chr18,48185113,48187259,2146
granulosa_12343,chr18,48193395,48194601,1206
granulosa_12344,chr18,48228247,48230825,2578
granulosa_12345,chr18,48319602,48320974,1372
granulosa_12346,chr18,48341815,48342982,1167
granulosa_12347,chr18,48408061,48410931,2870
granulosa_12348,chr18,48446429,48447052,623
granulosa_12349,chr18,48488037,48488902,865
granulosa_12350,chr18,48538412,48541619,3207
granulosa_12351,chr18,48621802,48623854,2052
granulosa_12352,chr18,48675063,48675787,724
granulosa_12353,chr18,48780034,48781906,1872
granulosa_12354,chr18,48802299,48803317,1018
granulosa_12355,chr18,48827240,48830010,2770
granulosa_12356,chr18,48841128,48843604,2476
granulosa_12357,chr18,48848197,48849240,1043
granulosa_12358,chr18,48871908,48873077,1169
granulosa_12359,chr18,48901556,48902740,1184
granulosa_12360,chr18,48923779,48925539,1760
granulosa_12361,chr18,48940672,48941535,863
granulosa_12362,chr18,48942307,48943022,715
granulosa_12363,chr18,48949345,48950393,1048
granulosa_12364,chr18,48951365,48953227,1862
granulosa_12365,chr18,48973698,48976637,2939
granulosa_12366,chr18,48997788,48998860,1072
granulosa_12367,chr18,49459431,49461194,1763
granulosa_12368,chr18,49486377,49487592,1215
granulosa_12369,chr18,49491569,49492688,1119
granulosa_12370,chr18,49560543,49562829,2286
granulosa_12371,chr18,49668311,49669723,1412
granulosa_12372,chr18,49812487,49814589,2102
granulosa_12373,chr18,50161686,50163719,2033
granulosa_12374,chr18,50193014,50195717,2703
granulosa_12375,chr18,50265657,50266780,1123
granulosa_12376,chr18,50280821,50282193,1372
granulosa_12377,chr18,50286531,50288407,1876
granulosa_12378,chr18,50297638,50299069,1431
granulosa_12379,chr18,50306738,50308471,1733
granulosa_12380,chr18,50374079,50375445,1366
granulosa_12381,chr18,50400129,50402323,2194
granulosa_12382,chr18,50407434,50408851,1417
granulosa_12383,chr18,50427809,50429567,1758
granulosa_12384,chr18,50559116,50561274,2158
granulosa_12385,chr18,50638047,50639460,1413
granulosa_12386,chr18,50819157,50820375,1218
granulosa_12387,chr18,50878289,50880301,2012
granulosa_12388,chr18,50967263,50968770,1507
granulosa_12389,chr18,51029460,51031326,1866
granulosa_12390,chr18,51195425,51198539,3114
granulosa_12391,chr18,51446641,51449262,2621
granulosa_12392,chr18,51890367,51891437,1070
granulosa_12393,chr18,51987297,51988709,1412
granulosa_12394,chr18,52339593,52340750,1157
granulosa_12395,chr18,54223103,54225095,1992
granulosa_12396,chr18,54268705,54270594,1889
granulosa_12397,chr18,54356998,54359279,2281
granulosa_12398,chr18,54530647,54532771,2124
granulosa_12399,chr18,54827928,54829246,1318
granulosa_12400,chr18,54957929,54959659,1730
granulosa_12401,chr18,55096981,55098244,1263
granulosa_12402,chr18,55116846,55118162,1316
granulosa_12403,chr18,55198615,55200257,1642
granulosa_12404,chr18,55243272,55245071,1799
granulosa_12405,chr18,55321241,55322829,1588
granulosa_12406,chr18,55400719,55402269,1550
granulosa_12407,chr18,55405297,55406967,1670
granulosa_12408,chr18,55509232,55511343,2111
granulosa_12409,chr18,55586877,55588919,2042
granulosa_12410,chr18,55589595,55590340,745
granulosa_12411,chr18,55778710,55780717,2007
granulosa_12412,chr18,56637138,56639372,2234
granulosa_12413,chr18,56650572,56652340,1768
granulosa_12414,chr18,57352202,57354326,2124
granulosa_12415,chr18,57434484,57435732,1248
granulosa_12416,chr18,57585557,57587441,1884
granulosa_12417,chr18,57620969,57622756,1787
granulosa_12418,chr18,57629527,57630818,1291
granulosa_12419,chr18,57779937,57781355,1418
granulosa_12420,chr18,57801124,57803929,2805
granulosa_12421,chr18,58043137,58046711,3574
granulosa_12422,chr18,58337248,58338475,1227
granulosa_12423,chr18,58344423,58345463,1040
granulosa_12424,chr18,58490643,58492020,1377
granulosa_12425,chr18,58670592,58672403,1811
granulosa_12426,chr18,58767823,58769121,1298
granulosa_12427,chr18,58805011,58806255,1244
granulosa_12428,chr18,58843050,58844159,1109
granulosa_12429,chr18,58862425,58865044,2619
granulosa_12430,chr18,59070043,59070813,770
granulosa_12431,chr18,59139143,59140763,1620
granulosa_12432,chr18,59268670,59269617,947
granulosa_12433,chr18,59272354,59273747,1393
granulosa_12434,chr18,59308052,59309238,1186
granulosa_12435,chr18,59357902,59359824,1922
granulosa_12436,chr18,59402044,59402973,929
granulosa_12437,chr18,59459246,59460469,1223
granulosa_12438,chr18,59501627,59503253,1626
granulosa_12439,chr18,59516005,59517368,1363
granulosa_12440,chr18,59689756,59691334,1578
granulosa_12441,chr18,59696102,59698287,2185
granulosa_12442,chr18,59714524,59715710,1186
granulosa_12443,chr18,59898918,59901147,2229
granulosa_12444,chr18,59950108,59951187,1079
granulosa_12445,chr18,60371917,60373260,1343
granulosa_12446,chr18,61333063,61334761,1698
granulosa_12447,chr18,61581383,61582755,1372
granulosa_12448,chr18,61892606,61895006,2400
granulosa_12449,chr18,62186021,62188496,2475
granulosa_12450,chr18,62199682,62201038,1356
granulosa_12451,chr18,62324710,62326423,1713
granulosa_12452,chr18,62425062,62426223,1161
granulosa_12453,chr18,62522217,62525082,2865
granulosa_12454,chr18,62526134,62527007,873
granulosa_12455,chr18,62583778,62584980,1202
granulosa_12456,chr18,62595926,62597564,1638
granulosa_12457,chr18,62610133,62612481,2348
granulosa_12458,chr18,62714594,62717798,3204
granulosa_12459,chr18,62784364,62785463,1099
granulosa_12460,chr18,63136945,63138794,1849
granulosa_12461,chr18,63237189,63239048,1859
granulosa_12462,chr18,63271799,63274270,2471
granulosa_12463,chr18,63290147,63291560,1413
granulosa_12464,chr18,63317316,63318770,1454
granulosa_12465,chr18,63319357,63321125,1768
granulosa_12466,chr18,63365407,63368054,2647
granulosa_12467,chr18,63421388,63423236,1848
granulosa_12468,chr18,63451718,63453198,1480
granulosa_12469,chr18,63616409,63618102,1693
granulosa_12470,chr18,63935930,63937064,1134
granulosa_12471,chr18,63948838,63949873,1035
granulosa_12472,chr18,63969578,63971406,1828
granulosa_12473,chr18,64919739,64920606,867
granulosa_12474,chr18,65749745,65751875,2130
granulosa_12475,chr18,65858704,65860038,1334
granulosa_12476,chr18,65906134,65907584,1450
granulosa_12477,chr18,66549953,66550862,909
granulosa_12478,chr18,66570676,66572661,1985
granulosa_12479,chr18,67515366,67517666,2300
granulosa_12480,chr18,67613590,67615047,1457
granulosa_12481,chr18,68494575,68495491,916
granulosa_12482,chr18,68714096,68715578,1482
granulosa_12483,chr18,68943154,68945071,1917
granulosa_12484,chr18,69375939,69377185,1246
granulosa_12485,chr18,69400044,69403020,2976
granulosa_12486,chr18,69658784,69659750,966
granulosa_12487,chr18,70205051,70206491,1440
granulosa_12488,chr18,70288174,70290187,2013
granulosa_12489,chr18,72542914,72544606,1692
granulosa_12490,chr18,72675125,72676146,1021
granulosa_12491,chr18,72691132,72693244,2112
granulosa_12492,chr18,72866533,72869514,2981
granulosa_12493,chr18,73714346,73715876,1530
granulosa_12494,chr18,74147028,74148879,1851
granulosa_12495,chr18,74195924,74196965,1041
granulosa_12496,chr18,74224899,74225979,1080
granulosa_12497,chr18,74290542,74292567,2025
granulosa_12498,chr18,74456156,74458407,2251
granulosa_12499,chr18,74495477,74497191,1714
granulosa_12500,chr18,74596714,74599020,2306
granulosa_12501,chr18,74796225,74798042,1817
granulosa_12502,chr18,75203779,75205292,1513
granulosa_12503,chr18,75207975,75209870,1895
granulosa_12504,chr18,75210438,75212719,2281
granulosa_12505,chr18,75454350,75456743,2393
granulosa_12506,chr18,75653250,75655738,2488
granulosa_12507,chr18,75915783,75916933,1150
granulosa_12508,chr18,76050839,76052593,1754
granulosa_12509,chr18,76398174,76399286,1112
granulosa_12510,chr18,76450282,76452687,2405
granulosa_12511,chr18,76459489,76460393,904
granulosa_12512,chr18,76490718,76493387,2669
granulosa_12513,chr18,76493943,76495909,1966
granulosa_12514,chr18,76496068,76496547,479
granulosa_12515,chr18,76517933,76519499,1566
granulosa_12516,chr18,76524974,76525749,775
granulosa_12517,chr18,76528370,76529849,1479
granulosa_12518,chr18,76564593,76566058,1465
granulosa_12519,chr18,76588032,76589606,1574
granulosa_12520,chr18,76618817,76620731,1914
granulosa_12521,chr18,76801443,76802553,1110
granulosa_12522,chr18,76821440,76823449,2009
granulosa_12523,chr18,76952851,76954103,1252
granulosa_12524,chr18,76982483,76984140,1657
granulosa_12525,chr18,77054464,77057268,2804
granulosa_12526,chr18,77062003,77063117,1114
granulosa_12527,chr18,77086499,77088166,1667
granulosa_12528,chr18,77131067,77133903,2836
granulosa_12529,chr18,77167681,77169348,1667
granulosa_12530,chr18,77248976,77252149,3173
granulosa_12531,chr18,77321686,77322873,1187
granulosa_12532,chr18,77379606,77380972,1366
granulosa_12533,chr18,77899744,77900684,940
granulosa_12534,chr18,78240717,78243220,2503
granulosa_12535,chr18,78978442,78981128,2686
granulosa_12536,chr18,79068258,79070166,1908
granulosa_12537,chr18,79208734,79209906,1172
granulosa_12538,chr18,79365908,79366972,1064
granulosa_12539,chr18,79378585,79379337,752
granulosa_12540,chr18,79393132,79396679,3547
granulosa_12541,chr18,79506402,79508497,2095
granulosa_12542,chr18,79575710,79578216,2506
granulosa_12543,chr18,79598220,79600425,2205
granulosa_12544,chr18,79678403,79680668,2265
granulosa_12545,chr18,79796723,79799237,2514
granulosa_12546,chr18,79924736,79925914,1178
granulosa_12547,chr18,79943562,79944738,1176
granulosa_12548,chr18,79950484,79952725,2241
granulosa_12549,chr18,79963981,79965807,1826
granulosa_12550,chr18,79987638,79989292,1654
granulosa_12551,chr18,80033130,80034836,1706
granulosa_12552,chr18,80108084,80110517,2433
granulosa_12553,chr18,80147075,80149036,1961
granulosa_12554,chr18,80245291,80247861,2570
granulosa_12555,chr19,294217,295472,1255
granulosa_12556,chr19,343552,345309,1757
granulosa_12557,chr19,408276,410003,1727
granulosa_12558,chr19,416986,418481,1495
granulosa_12559,chr19,459505,461210,1705
granulosa_12560,chr19,461523,462379,856
granulosa_12561,chr19,488399,489944,1545
granulosa_12562,chr19,506415,508080,1665
granulosa_12563,chr19,510615,511704,1089
granulosa_12564,chr19,517188,519464,2276
granulosa_12565,chr19,530781,533532,2751
granulosa_12566,chr19,566283,567073,790
granulosa_12567,chr19,570860,571886,1026
granulosa_12568,chr19,572026,573671,1645
granulosa_12569,chr19,574724,575767,1043
granulosa_12570,chr19,583887,585022,1135
granulosa_12571,chr19,588092,588757,665
granulosa_12572,chr19,590894,592045,1151
granulosa_12573,chr19,609770,611682,1912
granulosa_12574,chr19,632288,634342,2054
granulosa_12575,chr19,639089,640197,1108
granulosa_12576,chr19,662088,663839,1751
granulosa_12577,chr19,664869,665224,355
granulosa_12578,chr19,679574,681483,1909
granulosa_12579,chr19,708263,710554,2291
granulosa_12580,chr19,718197,721170,2973
granulosa_12581,chr19,781941,783742,1801
granulosa_12582,chr19,796645,798357,1712
granulosa_12583,chr19,801190,802415,1225
granulosa_12584,chr19,821146,822727,1581
granulosa_12585,chr19,843122,844793,1671
granulosa_12586,chr19,860363,860959,596
granulosa_12587,chr19,861623,863170,1547
granulosa_12588,chr19,870851,873515,2664
granulosa_12589,chr19,892004,893876,1872
granulosa_12590,chr19,898459,899293,834
granulosa_12591,chr19,911691,913717,2026
granulosa_12592,chr19,916957,918046,1089
granulosa_12593,chr19,918489,920545,2056
granulosa_12594,chr19,921531,921980,449
granulosa_12595,chr19,925034,926346,1312
granulosa_12596,chr19,934588,935433,845
granulosa_12597,chr19,940295,941288,993
granulosa_12598,chr19,944054,945595,1541
granulosa_12599,chr19,952427,953988,1561
granulosa_12600,chr19,982478,983124,646
granulosa_12601,chr19,983931,985040,1109
granulosa_12602,chr19,989627,990683,1056
granulosa_12603,chr19,1008851,1010382,1531
granulosa_12604,chr19,1019918,1021944,2026
granulosa_12605,chr19,1026137,1028926,2789
granulosa_12606,chr19,1039492,1041374,1882
granulosa_12607,chr19,1081228,1082994,1766
granulosa_12608,chr19,1094283,1095797,1514
granulosa_12609,chr19,1103448,1105464,2016
granulosa_12610,chr19,1112962,1113881,919
granulosa_12611,chr19,1130915,1133923,3008
granulosa_12612,chr19,1154380,1155794,1414
granulosa_12613,chr19,1168772,1170371,1599
granulosa_12614,chr19,1171271,1173619,2348
granulosa_12615,chr19,1173798,1174461,663
granulosa_12616,chr19,1194019,1194927,908
granulosa_12617,chr19,1205071,1208314,3243
granulosa_12618,chr19,1211385,1211946,561
granulosa_12619,chr19,1221366,1221997,631
granulosa_12620,chr19,1231895,1233599,1704
granulosa_12621,chr19,1237635,1238272,637
granulosa_12622,chr19,1239806,1240582,776
granulosa_12623,chr19,1241377,1241927,550
granulosa_12624,chr19,1244235,1244733,498
granulosa_12625,chr19,1248038,1250016,1978
granulosa_12626,chr19,1250512,1251926,1414
granulosa_12627,chr19,1252012,1253602,1590
granulosa_12628,chr19,1258907,1259656,749
granulosa_12629,chr19,1260093,1262916,2823
granulosa_12630,chr19,1265860,1267200,1340
granulosa_12631,chr19,1268879,1270116,1237
granulosa_12632,chr19,1274872,1276450,1578
granulosa_12633,chr19,1295123,1296169,1046
granulosa_12634,chr19,1324641,1325754,1113
granulosa_12635,chr19,1339777,1341388,1611
granulosa_12636,chr19,1354090,1356262,2172
granulosa_12637,chr19,1360302,1362330,2028
granulosa_12638,chr19,1372902,1374346,1444
granulosa_12639,chr19,1383089,1384831,1742
granulosa_12640,chr19,1400623,1401891,1268
granulosa_12641,chr19,1406564,1409279,2715
granulosa_12642,chr19,1414862,1416375,1513
granulosa_12643,chr19,1421810,1423907,2097
granulosa_12644,chr19,1437645,1439320,1675
granulosa_12645,chr19,1444781,1446705,1924
granulosa_12646,chr19,1465163,1466047,884
granulosa_12647,chr19,1470031,1471684,1653
granulosa_12648,chr19,1478524,1479701,1177
granulosa_12649,chr19,1489735,1491956,2221
granulosa_12650,chr19,1492854,1493591,737
granulosa_12651,chr19,1502799,1503841,1042
granulosa_12652,chr19,1507499,1508559,1060
granulosa_12653,chr19,1523454,1524619,1165
granulosa_12654,chr19,1565794,1568926,3132
granulosa_12655,chr19,1590724,1593413,2689
granulosa_12656,chr19,1604766,1606275,1509
granulosa_12657,chr19,1650326,1653314,2988
granulosa_12658,chr19,1671841,1672639,798
granulosa_12659,chr19,1725228,1726293,1065
granulosa_12660,chr19,1733905,1735387,1482
granulosa_12661,chr19,1795588,1796764,1176
granulosa_12662,chr19,1811494,1813362,1868
granulosa_12663,chr19,1825896,1827567,1671
granulosa_12664,chr19,1833048,1834513,1465
granulosa_12665,chr19,1846810,1849040,2230
granulosa_12666,chr19,1851629,1852531,902
granulosa_12667,chr19,1856642,1857645,1003
granulosa_12668,chr19,1859999,1860386,387
granulosa_12669,chr19,1862483,1865585,3102
granulosa_12670,chr19,1874741,1876943,2202
granulosa_12671,chr19,1884242,1885910,1668
granulosa_12672,chr19,1897040,1898329,1289
granulosa_12673,chr19,1904339,1905921,1582
granulosa_12674,chr19,1928998,1930523,1525
granulosa_12675,chr19,1939783,1943083,3300
granulosa_12676,chr19,2014527,2016447,1920
granulosa_12677,chr19,2019424,2019921,497
granulosa_12678,chr19,2031868,2032992,1124
granulosa_12679,chr19,2041644,2042899,1255
granulosa_12680,chr19,2049121,2051635,2514
granulosa_12681,chr19,2055635,2056936,1301
granulosa_12682,chr19,2060514,2062376,1862
granulosa_12683,chr19,2069472,2070062,590
granulosa_12684,chr19,2095850,2097454,1604
granulosa_12685,chr19,2150127,2152166,2039
granulosa_12686,chr19,2163335,2165666,2331
granulosa_12687,chr19,2168305,2169373,1068
granulosa_12688,chr19,2235075,2237159,2084
granulosa_12689,chr19,2250268,2251947,1679
granulosa_12690,chr19,2252829,2254333,1504
granulosa_12691,chr19,2268937,2271353,2416
granulosa_12692,chr19,2273464,2273956,492
granulosa_12693,chr19,2275707,2276441,734
granulosa_12694,chr19,2289591,2291880,2289
granulosa_12695,chr19,2294563,2295418,855
granulosa_12696,chr19,2302173,2303265,1092
granulosa_12697,chr19,2327586,2329720,2134
granulosa_12698,chr19,2422883,2424208,1325
granulosa_12699,chr19,2424708,2425636,928
granulosa_12700,chr19,2426825,2428137,1312
granulosa_12701,chr19,2455417,2457397,1980
granulosa_12702,chr19,2461781,2463458,1677
granulosa_12703,chr19,2474533,2477530,2997
granulosa_12704,chr19,2477705,2479753,2048
granulosa_12705,chr19,2487731,2489631,1900
granulosa_12706,chr19,2493927,2496004,2077
granulosa_12707,chr19,2511466,2513503,2037
granulosa_12708,chr19,2540443,2541214,771
granulosa_12709,chr19,2543182,2544329,1147
granulosa_12710,chr19,2578217,2579926,1709
granulosa_12711,chr19,2598762,2599701,939
granulosa_12712,chr19,2602212,2602882,670
granulosa_12713,chr19,2610747,2611528,781
granulosa_12714,chr19,2636586,2637840,1254
granulosa_12715,chr19,2701587,2703021,1434
granulosa_12716,chr19,2719832,2722109,2277
granulosa_12717,chr19,2739053,2740442,1389
granulosa_12718,chr19,2782455,2783711,1256
granulosa_12719,chr19,2784900,2786137,1237
granulosa_12720,chr19,2819324,2820687,1363
granulosa_12721,chr19,2840539,2842531,1992
granulosa_12722,chr19,2900154,2901649,1495
granulosa_12723,chr19,2944433,2945604,1171
granulosa_12724,chr19,2949732,2951288,1556
granulosa_12725,chr19,2961753,2962599,846
granulosa_12726,chr19,2968455,2969565,1110
granulosa_12727,chr19,2976623,2977803,1180
granulosa_12728,chr19,2982485,2984431,1946
granulosa_12729,chr19,3027983,3029762,1779
granulosa_12730,chr19,3034222,3036995,2773
granulosa_12731,chr19,3045852,3048109,2257
granulosa_12732,chr19,3055216,3057733,2517
granulosa_12733,chr19,3061171,3063240,2069
granulosa_12734,chr19,3093663,3095025,1362
granulosa_12735,chr19,3095286,3096184,898
granulosa_12736,chr19,3103485,3104516,1031
granulosa_12737,chr19,3184951,3186793,1842
granulosa_12738,chr19,3275053,3276935,1882
granulosa_12739,chr19,3284383,3286187,1804
granulosa_12740,chr19,3336362,3337521,1159
granulosa_12741,chr19,3357349,3361757,4408
granulosa_12742,chr19,3365784,3367770,1986
granulosa_12743,chr19,3369367,3370596,1229
granulosa_12744,chr19,3374733,3376342,1609
granulosa_12745,chr19,3387576,3388264,688
granulosa_12746,chr19,3403538,3405321,1783
granulosa_12747,chr19,3428168,3430005,1837
granulosa_12748,chr19,3434484,3435701,1217
granulosa_12749,chr19,3457243,3460123,2880
granulosa_12750,chr19,3478801,3480774,1973
granulosa_12751,chr19,3499895,3501113,1218
granulosa_12752,chr19,3505552,3508147,2595
granulosa_12753,chr19,3515618,3517151,1533
granulosa_12754,chr19,3556725,3558429,1704
granulosa_12755,chr19,3572120,3574420,2300
granulosa_12756,chr19,3576662,3577481,819
granulosa_12757,chr19,3606159,3608021,1862
granulosa_12758,chr19,3625753,3627331,1578
granulosa_12759,chr19,3698588,3700896,2308
granulosa_12760,chr19,3708026,3709161,1135
granulosa_12761,chr19,3721009,3721976,967
granulosa_12762,chr19,3761071,3762090,1019
granulosa_12763,chr19,3762323,3763227,904
granulosa_12764,chr19,3880229,3882101,1872
granulosa_12765,chr19,3949906,3951848,1942
granulosa_12766,chr19,3964581,3965300,719
granulosa_12767,chr19,3968365,3969303,938
granulosa_12768,chr19,3969542,3971615,2073
granulosa_12769,chr19,3984684,3985686,1002
granulosa_12770,chr19,3986261,3986919,658
granulosa_12771,chr19,3987656,3988087,431
granulosa_12772,chr19,3989840,3990519,679
granulosa_12773,chr19,4006919,4008583,1664
granulosa_12774,chr19,4014304,4016482,2178
granulosa_12775,chr19,4061096,4061701,605
granulosa_12776,chr19,4064131,4067904,3773
granulosa_12777,chr19,4077485,4078718,1233
granulosa_12778,chr19,4122936,4124595,1659
granulosa_12779,chr19,4172655,4173574,919
granulosa_12780,chr19,4181867,4182945,1078
granulosa_12781,chr19,4246456,4247884,1428
granulosa_12782,chr19,4278236,4280361,2125
granulosa_12783,chr19,4296200,4296965,765
granulosa_12784,chr19,4326718,4329026,2308
granulosa_12785,chr19,4337797,4338992,1195
granulosa_12786,chr19,4342178,4344109,1931
granulosa_12787,chr19,4360143,4361888,1745
granulosa_12788,chr19,4368043,4368816,773
granulosa_12789,chr19,4371122,4371877,755
granulosa_12790,chr19,4373543,4376134,2591
granulosa_12791,chr19,4379293,4380909,1616
granulosa_12792,chr19,4399182,4400855,1673
granulosa_12793,chr19,4401759,4403022,1263
granulosa_12794,chr19,4414274,4415866,1592
granulosa_12795,chr19,4445831,4447279,1448
granulosa_12796,chr19,4454913,4456160,1247
granulosa_12797,chr19,4456356,4458153,1797
granulosa_12798,chr19,4471051,4472783,1732
granulosa_12799,chr19,4473941,4475016,1075
granulosa_12800,chr19,4503200,4504800,1600
granulosa_12801,chr19,4534569,4535581,1012
granulosa_12802,chr19,4597138,4599102,1964
granulosa_12803,chr19,4606831,4607527,696
granulosa_12804,chr19,4635475,4636719,1244
granulosa_12805,chr19,4638867,4640080,1213
granulosa_12806,chr19,4669394,4671125,1731
granulosa_12807,chr19,4722293,4724911,2618
granulosa_12808,chr19,4759308,4760346,1038
granulosa_12809,chr19,4768870,4769942,1072
granulosa_12810,chr19,4790787,4792661,1874
granulosa_12811,chr19,4814711,4816601,1890
granulosa_12812,chr19,4831205,4831997,792
granulosa_12813,chr19,4854877,4855722,845
granulosa_12814,chr19,4866607,4868201,1594
granulosa_12815,chr19,4909165,4910560,1395
granulosa_12816,chr19,4911517,4912319,802
granulosa_12817,chr19,4967666,4969581,1915
granulosa_12818,chr19,4969765,4971659,1894
granulosa_12819,chr19,5031056,5031920,864
granulosa_12820,chr19,5034978,5036033,1055
granulosa_12821,chr19,5047930,5049613,1683
granulosa_12822,chr19,5057732,5059583,1851
granulosa_12823,chr19,5067131,5069267,2136
granulosa_12824,chr19,5090599,5092298,1699
granulosa_12825,chr19,5092920,5094027,1107
granulosa_12826,chr19,5127934,5129621,1687
granulosa_12827,chr19,5140839,5143015,2176
granulosa_12828,chr19,5228992,5230083,1091
granulosa_12829,chr19,5292194,5294289,2095
granulosa_12830,chr19,5308363,5310006,1643
granulosa_12831,chr19,5339369,5341224,1855
granulosa_12832,chr19,5356663,5357518,855
granulosa_12833,chr19,5403841,5404428,587
granulosa_12834,chr19,5435961,5437144,1183
granulosa_12835,chr19,5536109,5536934,825
granulosa_12836,chr19,5621196,5624946,3750
granulosa_12837,chr19,5679481,5681350,1869
granulosa_12838,chr19,5686291,5687450,1159
granulosa_12839,chr19,5689923,5690771,848
granulosa_12840,chr19,5691053,5692505,1452
granulosa_12841,chr19,5718458,5720962,2504
granulosa_12842,chr19,5790319,5791459,1140
granulosa_12843,chr19,5798948,5799734,786
granulosa_12844,chr19,5802023,5802666,643
granulosa_12845,chr19,5803604,5804388,784
granulosa_12846,chr19,5804752,5806140,1388
granulosa_12847,chr19,5826446,5826984,538
granulosa_12848,chr19,5827465,5829678,2213
granulosa_12849,chr19,5902957,5905227,2270
granulosa_12850,chr19,5934598,5935876,1278
granulosa_12851,chr19,5967742,5969230,1488
granulosa_12852,chr19,5977072,5979084,2012
granulosa_12853,chr19,6021783,6023757,1974
granulosa_12854,chr19,6065487,6067580,2093
granulosa_12855,chr19,6086610,6088272,1662
granulosa_12856,chr19,6091717,6092843,1126
granulosa_12857,chr19,6108521,6109423,902
granulosa_12858,chr19,6110013,6111064,1051
granulosa_12859,chr19,6198839,6200005,1166
granulosa_12860,chr19,6216400,6217610,1210
granulosa_12861,chr19,6223339,6224195,856
granulosa_12862,chr19,6271019,6272712,1693
granulosa_12863,chr19,6278860,6280457,1597
granulosa_12864,chr19,6361021,6362608,1587
granulosa_12865,chr19,6372204,6374034,1830
granulosa_12866,chr19,6392457,6394146,1689
granulosa_12867,chr19,6423379,6425721,2342
granulosa_12868,chr19,6458748,6460842,2094
granulosa_12869,chr19,6475178,6477099,1921
granulosa_12870,chr19,6501448,6502794,1346
granulosa_12871,chr19,6515784,6517258,1474
granulosa_12872,chr19,6530497,6531598,1101
granulosa_12873,chr19,6659560,6662068,2508
granulosa_12874,chr19,6736399,6738371,1972
granulosa_12875,chr19,6738474,6739881,1407
granulosa_12876,chr19,6740536,6741145,609
granulosa_12877,chr19,6744289,6745342,1053
granulosa_12878,chr19,6752387,6754447,2060
granulosa_12879,chr19,6766693,6768222,1529
granulosa_12880,chr19,6862479,6863102,623
granulosa_12881,chr19,7068687,7070170,1483
granulosa_12882,chr19,7098560,7099794,1234
granulosa_12883,chr19,7100051,7101219,1168
granulosa_12884,chr19,7196240,7198660,2420
granulosa_12885,chr19,7207571,7208650,1079
granulosa_12886,chr19,7211058,7212188,1130
granulosa_12887,chr19,7293140,7295201,2061
granulosa_12888,chr19,7394378,7396152,1774
granulosa_12889,chr19,7488331,7489409,1078
granulosa_12890,chr19,7494166,7495108,942
granulosa_12891,chr19,7500663,7501518,855
granulosa_12892,chr19,7505310,7506971,1661
granulosa_12893,chr19,7515040,7517176,2136
granulosa_12894,chr19,7521755,7523315,1560
granulosa_12895,chr19,7533173,7536174,3001
granulosa_12896,chr19,7550573,7551830,1257
granulosa_12897,chr19,7595175,7597445,2270
granulosa_12898,chr19,7602172,7603281,1109
granulosa_12899,chr19,7618017,7620086,2069
granulosa_12900,chr19,7628905,7630277,1372
granulosa_12901,chr19,7636683,7637883,1200
granulosa_12902,chr19,7680229,7682449,2220
granulosa_12903,chr19,7762728,7764745,2017
granulosa_12904,chr19,7787982,7789801,1819
granulosa_12905,chr19,7798581,7800352,1771
granulosa_12906,chr19,7829217,7830993,1776
granulosa_12907,chr19,7849945,7850823,878
granulosa_12908,chr19,7852946,7853797,851
granulosa_12909,chr19,7861763,7863667,1904
granulosa_12910,chr19,7868684,7870876,2192
granulosa_12911,chr19,7871106,7872414,1308
granulosa_12912,chr19,7873700,7874888,1188
granulosa_12913,chr19,7888000,7888922,922
granulosa_12914,chr19,7902665,7904811,2146
granulosa_12915,chr19,7917387,7918122,735
granulosa_12916,chr19,7919987,7921355,1368
granulosa_12917,chr19,7924784,7927255,2471
granulosa_12918,chr19,7928411,7929634,1223
granulosa_12919,chr19,7942928,7944652,1724
granulosa_12920,chr19,8001890,8002729,839
granulosa_12921,chr19,8004293,8006204,1911
granulosa_12922,chr19,8050048,8051045,997
granulosa_12923,chr19,8139336,8140226,890
granulosa_12924,chr19,8148425,8149997,1572
granulosa_12925,chr19,8208085,8210548,2463
granulosa_12926,chr19,8240056,8241364,1308
granulosa_12927,chr19,8268380,8269594,1214
granulosa_12928,chr19,8307219,8308748,1529
granulosa_12929,chr19,8320303,8322258,1955
granulosa_12930,chr19,8334227,8336238,2011
granulosa_12931,chr19,8342198,8343631,1433
granulosa_12932,chr19,8363565,8364798,1233
granulosa_12933,chr19,8366879,8367791,912
granulosa_12934,chr19,8389530,8391117,1587
granulosa_12935,chr19,8396597,8398735,2138
granulosa_12936,chr19,8412700,8413811,1111
granulosa_12937,chr19,8444262,8445890,1628
granulosa_12938,chr19,8505492,8506900,1408
granulosa_12939,chr19,8513118,8514428,1310
granulosa_12940,chr19,8525060,8526953,1893
granulosa_12941,chr19,8580178,8581106,928
granulosa_12942,chr19,8591663,8593095,1432
granulosa_12943,chr19,8608971,8611672,2701
granulosa_12944,chr19,8831441,8833206,1765
granulosa_12945,chr19,9075149,9076053,904
granulosa_12946,chr19,9139714,9140951,1237
granulosa_12947,chr19,9309015,9310342,1327
granulosa_12948,chr19,9323228,9324660,1432
granulosa_12949,chr19,9362587,9363648,1061
granulosa_12950,chr19,9406495,9407595,1100
granulosa_12951,chr19,9434684,9436197,1513
granulosa_12952,chr19,9537482,9539048,1566
granulosa_12953,chr19,9583664,9584970,1306
granulosa_12954,chr19,9620557,9621999,1442
granulosa_12955,chr19,9674387,9675720,1333
granulosa_12956,chr19,9767700,9769125,1425
granulosa_12957,chr19,9784358,9786581,2223
granulosa_12958,chr19,9789630,9789908,278
granulosa_12959,chr19,9791525,9793295,1770
granulosa_12960,chr19,9795994,9796431,437
granulosa_12961,chr19,9818335,9819911,1576
granulosa_12962,chr19,9826898,9828760,1862
granulosa_12963,chr19,9834360,9835851,1491
granulosa_12964,chr19,9913158,9915078,1920
granulosa_12965,chr19,9933999,9934812,813
granulosa_12966,chr19,9935221,9937256,2035
granulosa_12967,chr19,10008269,10009726,1457
granulosa_12968,chr19,10027214,10028048,834
granulosa_12969,chr19,10085566,10087287,1721
granulosa_12970,chr19,10095589,10096927,1338
granulosa_12971,chr19,10104505,10106987,2482
granulosa_12972,chr19,10112099,10114451,2352
granulosa_12973,chr19,10119095,10120154,1059
granulosa_12974,chr19,10193738,10195450,1712
granulosa_12975,chr19,10229827,10231711,1884
granulosa_12976,chr19,10245146,10245993,847
granulosa_12977,chr19,10251481,10252802,1321
granulosa_12978,chr19,10269294,10270167,873
granulosa_12979,chr19,10270229,10271952,1723
granulosa_12980,chr19,10289149,10290131,982
granulosa_12981,chr19,10292158,10292667,509
granulosa_12982,chr19,10315131,10316691,1560
granulosa_12983,chr19,10332560,10334237,1677
granulosa_12984,chr19,10334359,10335220,861
granulosa_12985,chr19,10352359,10354437,2078
granulosa_12986,chr19,10379845,10381200,1355
granulosa_12987,chr19,10401084,10401529,445
granulosa_12988,chr19,10403099,10405268,2169
granulosa_12989,chr19,10416225,10417095,870
granulosa_12990,chr19,10419541,10421228,1687
granulosa_12991,chr19,10424066,10424732,666
granulosa_12992,chr19,10460775,10461957,1182
granulosa_12993,chr19,10478433,10479575,1142
granulosa_12994,chr19,10501821,10503695,1874
granulosa_12995,chr19,10543210,10544568,1358
granulosa_12996,chr19,10565114,10566372,1258
granulosa_12997,chr19,10568228,10569454,1226
granulosa_12998,chr19,10580736,10581548,812
granulosa_12999,chr19,10601888,10603700,1812
granulosa_13000,chr19,10624852,10626294,1442
granulosa_13001,chr19,10642368,10645101,2733
granulosa_13002,chr19,10653107,10655076,1969
granulosa_13003,chr19,10695180,10696279,1099
granulosa_13004,chr19,10700938,10702494,1556
granulosa_13005,chr19,10711919,10713786,1867
granulosa_13006,chr19,10717073,10719967,2894
granulosa_13007,chr19,10766153,10767150,997
granulosa_13008,chr19,10769213,10770376,1163
granulosa_13009,chr19,10835124,10836877,1753
granulosa_13010,chr19,10870380,10872964,2584
granulosa_13011,chr19,10893787,10894702,915
granulosa_13012,chr19,10927937,10929779,1842
granulosa_13013,chr19,10960031,10962122,2091
granulosa_13014,chr19,11063067,11063958,891
granulosa_13015,chr19,11088988,11091281,2293
granulosa_13016,chr19,11137457,11139155,1698
granulosa_13017,chr19,11142129,11143722,1593
granulosa_13018,chr19,11155317,11156281,964
granulosa_13019,chr19,11196568,11198100,1532
granulosa_13020,chr19,11243071,11243863,792
granulosa_13021,chr19,11261408,11262712,1304
granulosa_13022,chr19,11293527,11294458,931
granulosa_13023,chr19,11323621,11325511,1890
granulosa_13024,chr19,11338394,11339994,1600
granulosa_13025,chr19,11345539,11346954,1415
granulosa_13026,chr19,11354696,11356077,1381
granulosa_13027,chr19,11361062,11362157,1095
granulosa_13028,chr19,11374259,11375847,1588
granulosa_13029,chr19,11380659,11382135,1476
granulosa_13030,chr19,11382763,11384481,1718
granulosa_13031,chr19,11405866,11406744,878
granulosa_13032,chr19,11421674,11422950,1276
granulosa_13033,chr19,11434591,11436302,1711
granulosa_13034,chr19,11481648,11482933,1285
granulosa_13035,chr19,11504545,11506440,1895
granulosa_13036,chr19,11528296,11529523,1227
granulosa_13037,chr19,11535721,11536385,664
granulosa_13038,chr19,11558305,11559772,1467
granulosa_13039,chr19,11596567,11598184,1617
granulosa_13040,chr19,11623663,11625415,1752
granulosa_13041,chr19,11639206,11640506,1300
granulosa_13042,chr19,11673340,11674511,1171
granulosa_13043,chr19,11693831,11695419,1588
granulosa_13044,chr19,11737743,11739480,1737
granulosa_13045,chr19,11766467,11768143,1676
granulosa_13046,chr19,11797268,11799241,1973
granulosa_13047,chr19,11813569,11814964,1395
granulosa_13048,chr19,11848211,11849710,1499
granulosa_13049,chr19,11887241,11888981,1740
granulosa_13050,chr19,11921854,11922633,779
granulosa_13051,chr19,11923444,11926123,2679
granulosa_13052,chr19,11963729,11966032,2303
granulosa_13053,chr19,11987013,11989139,2126
granulosa_13054,chr19,12034279,12036265,1986
granulosa_13055,chr19,12051785,12053354,1569
granulosa_13056,chr19,12059289,12059960,671
granulosa_13057,chr19,12064228,12065532,1304
granulosa_13058,chr19,12091852,12092974,1122
granulosa_13059,chr19,12139083,12141464,2381
granulosa_13060,chr19,12155370,12157090,1720
granulosa_13061,chr19,12162597,12164217,1620
granulosa_13062,chr19,12194208,12195936,1728
granulosa_13063,chr19,12293345,12295310,1965
granulosa_13064,chr19,12332039,12334131,2092
granulosa_13065,chr19,12364445,12366158,1713
granulosa_13066,chr19,12399902,12401720,1818
granulosa_13067,chr19,12439580,12441595,2015
granulosa_13068,chr19,12483655,12485299,1644
granulosa_13069,chr19,12494857,12496213,1356
granulosa_13070,chr19,12550454,12552230,1776
granulosa_13071,chr19,12610137,12611809,1672
granulosa_13072,chr19,12639676,12640520,844
granulosa_13073,chr19,12647126,12648608,1482
granulosa_13074,chr19,12666172,12667115,943
granulosa_13075,chr19,12668695,12670198,1503
granulosa_13076,chr19,12680887,12682320,1433
granulosa_13077,chr19,12695898,12697000,1102
granulosa_13078,chr19,12720775,12723109,2334
granulosa_13079,chr19,12723438,12724117,679
granulosa_13080,chr19,12734003,12734932,929
granulosa_13081,chr19,12736583,12737783,1200
granulosa_13082,chr19,12757383,12758274,891
granulosa_13083,chr19,12769462,12770243,781
granulosa_13084,chr19,12774822,12775878,1056
granulosa_13085,chr19,12777378,12779518,2140
granulosa_13086,chr19,12782134,12783268,1134
granulosa_13087,chr19,12789390,12790428,1038
granulosa_13088,chr19,12791087,12791838,751
granulosa_13089,chr19,12792212,12794275,2063
granulosa_13090,chr19,12796518,12796831,313
granulosa_13091,chr19,12800783,12802396,1613
granulosa_13092,chr19,12806015,12807207,1192
granulosa_13093,chr19,12838082,12838930,848
granulosa_13094,chr19,12840299,12841498,1199
granulosa_13095,chr19,12847049,12848172,1123
granulosa_13096,chr19,12866917,12868068,1151
granulosa_13097,chr19,12880483,12881851,1368
granulosa_13098,chr19,12890347,12892032,1685
granulosa_13099,chr19,12912471,12914292,1821
granulosa_13100,chr19,12918763,12919788,1025
granulosa_13101,chr19,12932673,12933998,1325
granulosa_13102,chr19,12937268,12939614,2346
granulosa_13103,chr19,12945043,12946472,1429
granulosa_13104,chr19,12952528,12954727,2199
granulosa_13105,chr19,12956421,12957547,1126
granulosa_13106,chr19,12964823,12965860,1037
granulosa_13107,chr19,12969176,12970006,830
granulosa_13108,chr19,12977651,12978329,678
granulosa_13109,chr19,12983101,12983898,797
granulosa_13110,chr19,12994882,12996996,2114
granulosa_13111,chr19,13022165,13023942,1777
granulosa_13112,chr19,13024387,13025328,941
granulosa_13113,chr19,13051111,13052040,929
granulosa_13114,chr19,13054624,13056378,1754
granulosa_13115,chr19,13057080,13058077,997
granulosa_13116,chr19,13060971,13061684,713
granulosa_13117,chr19,13076461,13077691,1230
granulosa_13118,chr19,13102442,13103381,939
granulosa_13119,chr19,13115971,13117111,1140
granulosa_13120,chr19,13117719,13119310,1591
granulosa_13121,chr19,13149660,13150675,1015
granulosa_13122,chr19,13151347,13152339,992
granulosa_13123,chr19,13152662,13153353,691
granulosa_13124,chr19,13154336,13156332,1996
granulosa_13125,chr19,13162514,13164935,2421
granulosa_13126,chr19,13167407,13168133,726
granulosa_13127,chr19,13207162,13208901,1739
granulosa_13128,chr19,13730911,13732162,1251
granulosa_13129,chr19,13747338,13748981,1643
granulosa_13130,chr19,13763948,13765712,1764
granulosa_13131,chr19,13773843,13775346,1503
granulosa_13132,chr19,13794313,13796024,1711
granulosa_13133,chr19,13817175,13818519,1344
granulosa_13134,chr19,13833017,13834039,1022
granulosa_13135,chr19,13842060,13843109,1049
granulosa_13136,chr19,13846525,13848073,1548
granulosa_13137,chr19,13850106,13850769,663
granulosa_13138,chr19,13861242,13862596,1354
granulosa_13139,chr19,13864093,13866296,2203
granulosa_13140,chr19,13872497,13873446,949
granulosa_13141,chr19,13879884,13880686,802
granulosa_13142,chr19,13884623,13885745,1122
granulosa_13143,chr19,13905470,13906891,1421
granulosa_13144,chr19,13951703,13953554,1851
granulosa_13145,chr19,13962033,13963985,1952
granulosa_13146,chr19,13977950,13979638,1688
granulosa_13147,chr19,14005506,14007322,1816
granulosa_13148,chr19,14031224,14032709,1485
granulosa_13149,chr19,14056457,14058006,1549
granulosa_13150,chr19,14071773,14075373,3600
granulosa_13151,chr19,14080585,14082163,1578
granulosa_13152,chr19,14089427,14092459,3032
granulosa_13153,chr19,14116948,14119071,2123
granulosa_13154,chr19,14135977,14137756,1779
granulosa_13155,chr19,14142286,14143348,1062
granulosa_13156,chr19,14147854,14148691,837
granulosa_13157,chr19,14165614,14168359,2745
granulosa_13158,chr19,14206161,14207839,1678
granulosa_13159,chr19,14247538,14249711,2173
granulosa_13160,chr19,14253647,14254504,857
granulosa_13161,chr19,14363075,14364262,1187
granulosa_13162,chr19,14405436,14406673,1237
granulosa_13163,chr19,14417983,14419789,1806
granulosa_13164,chr19,14432741,14435419,2678
granulosa_13165,chr19,14471969,14472922,953
granulosa_13166,chr19,14495244,14497029,1785
granulosa_13167,chr19,14512258,14514920,2662
granulosa_13168,chr19,14516874,14517345,471
granulosa_13169,chr19,14517494,14519016,1522
granulosa_13170,chr19,14528532,14530175,1643
granulosa_13171,chr19,14536544,14537652,1108
granulosa_13172,chr19,14571361,14572335,974
granulosa_13173,chr19,14689291,14690607,1316
granulosa_13174,chr19,14978963,14980165,1202
granulosa_13175,chr19,15106726,15108565,1839
granulosa_13176,chr19,15124424,15126107,1683
granulosa_13177,chr19,15177275,15178224,949
granulosa_13178,chr19,15194952,15196347,1395
granulosa_13179,chr19,15199464,15201242,1778
granulosa_13180,chr19,15222590,15224241,1651
granulosa_13181,chr19,15231550,15233756,2206
granulosa_13182,chr19,15249584,15252656,3072
granulosa_13183,chr19,15265450,15266480,1030
granulosa_13184,chr19,15293795,15294913,1118
granulosa_13185,chr19,15296823,15297940,1117
granulosa_13186,chr19,15330869,15333090,2221
granulosa_13187,chr19,15377924,15380641,2717
granulosa_13188,chr19,15417411,15419453,2042
granulosa_13189,chr19,15431426,15433702,2276
granulosa_13190,chr19,15448698,15450342,1644
granulosa_13191,chr19,15452013,15453424,1411
granulosa_13192,chr19,15456667,15458360,1693
granulosa_13193,chr19,15555463,15556791,1328
granulosa_13194,chr19,15835743,15837679,1936
granulosa_13195,chr19,16041244,16042033,789
granulosa_13196,chr19,16075790,16077535,1745
granulosa_13197,chr19,16078124,16079523,1399
granulosa_13198,chr19,16087826,16089906,2080
granulosa_13199,chr19,16110585,16112204,1619
granulosa_13200,chr19,16184879,16186249,1370
granulosa_13201,chr19,16197216,16198577,1361
granulosa_13202,chr19,16247266,16248111,845
granulosa_13203,chr19,16261899,16263845,1946
granulosa_13204,chr19,16283084,16284178,1094
granulosa_13205,chr19,16292763,16294257,1494
granulosa_13206,chr19,16324112,16326949,2837
granulosa_13207,chr19,16330227,16331349,1122
granulosa_13208,chr19,16355070,16356212,1142
granulosa_13209,chr19,16381774,16383757,1983
granulosa_13210,chr19,16470340,16472793,2453
granulosa_13211,chr19,16495665,16496960,1295
granulosa_13212,chr19,16541416,16543323,1907
granulosa_13213,chr19,16571229,16573263,2034
granulosa_13214,chr19,16580740,16581907,1167
granulosa_13215,chr19,16587051,16589331,2280
granulosa_13216,chr19,16626670,16629775,3105
granulosa_13217,chr19,16659386,16662005,2619
granulosa_13218,chr19,16824478,16826127,1649
granulosa_13219,chr19,16828829,16830186,1357
granulosa_13220,chr19,16888524,16890290,1766
granulosa_13221,chr19,16895764,16898036,2272
granulosa_13222,chr19,17025731,17027952,2221
granulosa_13223,chr19,17074429,17076900,2471
granulosa_13224,chr19,17134411,17136262,1851
granulosa_13225,chr19,17214593,17216037,1444
granulosa_13226,chr19,17225584,17227113,1529
granulosa_13227,chr19,17234661,17236530,1869
granulosa_13228,chr19,17244808,17246901,2093
granulosa_13229,chr19,17266612,17268455,1843
granulosa_13230,chr19,17281402,17283034,1632
granulosa_13231,chr19,17292096,17293100,1004
granulosa_13232,chr19,17302460,17303706,1246
granulosa_13233,chr19,17305264,17306432,1168
granulosa_13234,chr19,17309037,17310156,1119
granulosa_13235,chr19,17327348,17329399,2051
granulosa_13236,chr19,17333743,17335101,1358
granulosa_13237,chr19,17336511,17338165,1654
granulosa_13238,chr19,17390356,17391882,1526
granulosa_13239,chr19,17403074,17404442,1368
granulosa_13240,chr19,17405022,17405962,940
granulosa_13241,chr19,17412223,17413467,1244
granulosa_13242,chr19,17414972,17415917,945
granulosa_13243,chr19,17419172,17420853,1681
granulosa_13244,chr19,17424650,17425349,699
granulosa_13245,chr19,17447508,17448929,1421
granulosa_13246,chr19,17465924,17466507,583
granulosa_13247,chr19,17468604,17470965,2361
granulosa_13248,chr19,17510994,17512688,1694
granulosa_13249,chr19,17538851,17540458,1607
granulosa_13250,chr19,17555038,17556554,1516
granulosa_13251,chr19,17605471,17606956,1485
granulosa_13252,chr19,17687690,17688682,992
granulosa_13253,chr19,17719036,17720791,1755
granulosa_13254,chr19,17747180,17748594,1414
granulosa_13255,chr19,17766278,17767041,763
granulosa_13256,chr19,17777981,17779977,1996
granulosa_13257,chr19,17829942,17831517,1575
granulosa_13258,chr19,17841241,17843008,1767
granulosa_13259,chr19,17847388,17848296,908
granulosa_13260,chr19,17859255,17860549,1294
granulosa_13261,chr19,17863541,17864204,663
granulosa_13262,chr19,17931517,17933341,1824
granulosa_13263,chr19,17941899,17943630,1731
granulosa_13264,chr19,17947465,17949238,1773
granulosa_13265,chr19,17950021,17951355,1334
granulosa_13266,chr19,17951956,17952953,997
granulosa_13267,chr19,17966480,17968040,1560
granulosa_13268,chr19,18000581,18001986,1405
granulosa_13269,chr19,18006675,18008640,1965
granulosa_13270,chr19,18058063,18058906,843
granulosa_13271,chr19,18103971,18104861,890
granulosa_13272,chr19,18109259,18110823,1564
granulosa_13273,chr19,18117328,18118472,1144
granulosa_13274,chr19,18151996,18154460,2464
granulosa_13275,chr19,18156942,18157992,1050
granulosa_13276,chr19,18160692,18161819,1127
granulosa_13277,chr19,18172947,18174476,1529
granulosa_13278,chr19,18191633,18193973,2340
granulosa_13279,chr19,18202527,18205815,3288
granulosa_13280,chr19,18223622,18226470,2848
granulosa_13281,chr19,18232566,18233864,1298
granulosa_13282,chr19,18272277,18272848,571
granulosa_13283,chr19,18274205,18275293,1088
granulosa_13284,chr19,18278131,18278402,271
granulosa_13285,chr19,18278507,18278843,336
granulosa_13286,chr19,18279272,18282436,3164
granulosa_13287,chr19,18291274,18293988,2714
granulosa_13288,chr19,18303382,18305645,2263
granulosa_13289,chr19,18321758,18324024,2266
granulosa_13290,chr19,18328151,18329289,1138
granulosa_13291,chr19,18339693,18341581,1888
granulosa_13292,chr19,18364277,18365416,1139
granulosa_13293,chr19,18388090,18389051,961
granulosa_13294,chr19,18414611,18415867,1256
granulosa_13295,chr19,18416320,18418032,1712
granulosa_13296,chr19,18418781,18419935,1154
granulosa_13297,chr19,18428521,18429765,1244
granulosa_13298,chr19,18433078,18434248,1170
granulosa_13299,chr19,18436716,18439058,2342
granulosa_13300,chr19,18444354,18445980,1626
granulosa_13301,chr19,18450386,18451808,1422
granulosa_13302,chr19,18456771,18458113,1342
granulosa_13303,chr19,18519947,18522889,2942
granulosa_13304,chr19,18542446,18544299,1853
granulosa_13305,chr19,18556951,18558997,2046
granulosa_13306,chr19,18570992,18572505,1513
granulosa_13307,chr19,18588169,18590950,2781
granulosa_13308,chr19,18593984,18595369,1385
granulosa_13309,chr19,18605220,18607562,2342
granulosa_13310,chr19,18612338,18614182,1844
granulosa_13311,chr19,18635875,18637622,1747
granulosa_13312,chr19,18648961,18651067,2106
granulosa_13313,chr19,18657338,18658438,1100
granulosa_13314,chr19,18682900,18684359,1459
granulosa_13315,chr19,18699970,18701542,1572
granulosa_13316,chr19,18710895,18711891,996
granulosa_13317,chr19,18732940,18733785,845
granulosa_13318,chr19,18742949,18744539,1590
granulosa_13319,chr19,18744737,18745645,908
granulosa_13320,chr19,18761394,18763096,1702
granulosa_13321,chr19,18767953,18769647,1694
granulosa_13322,chr19,18784847,18785959,1112
granulosa_13323,chr19,18789549,18791336,1787
granulosa_13324,chr19,18831367,18834513,3146
granulosa_13325,chr19,18846912,18849742,2830
granulosa_13326,chr19,18866151,18866888,737
granulosa_13327,chr19,18868300,18870692,2392
granulosa_13328,chr19,18893718,18896801,3083
granulosa_13329,chr19,18905452,18907055,1603
granulosa_13330,chr19,18915384,18915946,562
granulosa_13331,chr19,18918526,18919891,1365
granulosa_13332,chr19,18931769,18933029,1260
granulosa_13333,chr19,18939619,18941729,2110
granulosa_13334,chr19,19032179,19034578,2399
granulosa_13335,chr19,19063077,19065497,2420
granulosa_13336,chr19,19104980,19106595,1615
granulosa_13337,chr19,19110231,19110928,697
granulosa_13338,chr19,19119732,19121171,1439
granulosa_13339,chr19,19137516,19138719,1203
granulosa_13340,chr19,19169617,19171064,1447
granulosa_13341,chr19,19191446,19193309,1863
granulosa_13342,chr19,19202558,19203865,1307
granulosa_13343,chr19,19260836,19262400,1564
granulosa_13344,chr19,19272570,19273724,1154
granulosa_13345,chr19,19319836,19322009,2173
granulosa_13346,chr19,19384847,19386829,1982
granulosa_13347,chr19,19404884,19407515,2631
granulosa_13348,chr19,19461576,19462860,1284
granulosa_13349,chr19,19473813,19476216,2403
granulosa_13350,chr19,19488036,19490716,2680
granulosa_13351,chr19,19515609,19516815,1206
granulosa_13352,chr19,19528377,19529383,1006
granulosa_13353,chr19,19537983,19539164,1181
granulosa_13354,chr19,19540050,19541544,1494
granulosa_13355,chr19,19617786,19619587,1801
granulosa_13356,chr19,19627369,19629111,1742
granulosa_13357,chr19,19642652,19644194,1542
granulosa_13358,chr19,19662717,19664318,1601
granulosa_13359,chr19,19668006,19669378,1372
granulosa_13360,chr19,19731975,19733563,1588
granulosa_13361,chr19,19775586,19777128,1542
granulosa_13362,chr19,19820799,19822354,1555
granulosa_13363,chr19,19860481,19861419,938
granulosa_13364,chr19,19865594,19867613,2019
granulosa_13365,chr19,19900182,19902067,1885
granulosa_13366,chr19,19958731,19959485,754
granulosa_13367,chr19,20038474,20039733,1259
granulosa_13368,chr19,20051626,20053041,1415
granulosa_13369,chr19,20067511,20069127,1616
granulosa_13370,chr19,20077674,20079376,1702
granulosa_13371,chr19,20166839,20168211,1372
granulosa_13372,chr19,20208647,20209578,931
granulosa_13373,chr19,20237322,20239678,2356
granulosa_13374,chr19,20371053,20372591,1538
granulosa_13375,chr19,20423133,20425161,2028
granulosa_13376,chr19,20503023,20504060,1037
granulosa_13377,chr19,20564430,20566048,1618
granulosa_13378,chr19,20610835,20612504,1669
granulosa_13379,chr19,20660374,20661844,1470
granulosa_13380,chr19,20775837,20777134,1297
granulosa_13381,chr19,20922870,20924132,1262
granulosa_13382,chr19,20999458,21000467,1009
granulosa_13383,chr19,21020035,21021517,1482
granulosa_13384,chr19,21081852,21082936,1084
granulosa_13385,chr19,21141589,21142573,984
granulosa_13386,chr19,21197040,21198243,1203
granulosa_13387,chr19,21327812,21329650,1838
granulosa_13388,chr19,21358324,21359694,1370
granulosa_13389,chr19,21396467,21398228,1761
granulosa_13390,chr19,21439734,21441545,1811
granulosa_13391,chr19,21462946,21464153,1207
granulosa_13392,chr19,21474069,21475463,1394
granulosa_13393,chr19,21505196,21506445,1249
granulosa_13394,chr19,21568359,21569825,1466
granulosa_13395,chr19,21586144,21587983,1839
granulosa_13396,chr19,21602510,21605484,2974
granulosa_13397,chr19,21610908,21612722,1814
granulosa_13398,chr19,21696639,21698547,1908
granulosa_13399,chr19,21766219,21767816,1597
granulosa_13400,chr19,21835137,21836720,1583
granulosa_13401,chr19,21850705,21852405,1700
granulosa_13402,chr19,22051984,22053421,1437
granulosa_13403,chr19,22421615,22422877,1262
granulosa_13404,chr19,22426772,22428803,2031
granulosa_13405,chr19,22531640,22533330,1690
granulosa_13406,chr19,22621422,22622250,828
granulosa_13407,chr19,22622806,22624155,1349
granulosa_13408,chr19,22633610,22634889,1279
granulosa_13409,chr19,22783470,22784558,1088
granulosa_13410,chr19,23070234,23071554,1320
granulosa_13411,chr19,23074805,23075968,1163
granulosa_13412,chr19,23116442,23117838,1396
granulosa_13413,chr19,23249110,23250668,1558
granulosa_13414,chr19,23272896,23274491,1595
granulosa_13415,chr19,23394356,23395766,1410
granulosa_13416,chr19,23414914,23416293,1379
granulosa_13417,chr19,23686186,23687429,1243
granulosa_13418,chr19,23758058,23759365,1307
granulosa_13419,chr19,23762387,23763960,1573
granulosa_13420,chr19,23914182,23915389,1207
granulosa_13421,chr19,24032915,24034741,1826
granulosa_13422,chr19,24086426,24088035,1609
granulosa_13423,chr19,27792818,27794874,2056
granulosa_13424,chr19,27983808,27985267,1459
granulosa_13425,chr19,28169211,28170561,1350
granulosa_13426,chr19,28288533,28290397,1864
granulosa_13427,chr19,28405301,28406654,1353
granulosa_13428,chr19,28576838,28578044,1206
granulosa_13429,chr19,28863646,28865171,1525
granulosa_13430,chr19,29211775,29213471,1696
granulosa_13431,chr19,29528020,29528911,891
granulosa_13432,chr19,29605333,29606648,1315
granulosa_13433,chr19,29610270,29611052,782
granulosa_13434,chr19,29662165,29663308,1143
granulosa_13435,chr19,29664894,29667147,2253
granulosa_13436,chr19,29714074,29716889,2815
granulosa_13437,chr19,29723703,29725004,1301
granulosa_13438,chr19,29795774,29796795,1021
granulosa_13439,chr19,29811021,29812804,1783
granulosa_13440,chr19,29842915,29845968,3053
granulosa_13441,chr19,29872940,29873986,1046
granulosa_13442,chr19,29941757,29943006,1249
granulosa_13443,chr19,30083259,30084858,1599
granulosa_13444,chr19,30145595,30146623,1028
granulosa_13445,chr19,30224574,30225772,1198
granulosa_13446,chr19,30227183,30229182,1999
granulosa_13447,chr19,30374362,30375794,1432
granulosa_13448,chr19,30449522,30450557,1035
granulosa_13449,chr19,30669119,30670315,1196
granulosa_13450,chr19,30682532,30683534,1002
granulosa_13451,chr19,30690904,30693378,2474
granulosa_13452,chr19,30718447,30720404,1957
granulosa_13453,chr19,31036991,31039187,2196
granulosa_13454,chr19,31092035,31092930,895
granulosa_13455,chr19,31273875,31275396,1521
granulosa_13456,chr19,31331506,31332498,992
granulosa_13457,chr19,31337764,31339125,1361
granulosa_13458,chr19,31339300,31340942,1642
granulosa_13459,chr19,31348523,31352022,3499
granulosa_13460,chr19,31354748,31356224,1476
granulosa_13461,chr19,31545590,31546706,1116
granulosa_13462,chr19,31553279,31554714,1435
granulosa_13463,chr19,31612870,31614317,1447
granulosa_13464,chr19,31961185,31964247,3062
granulosa_13465,chr19,32011729,32013628,1899
granulosa_13466,chr19,32037750,32039810,2060
granulosa_13467,chr19,32041209,32042147,938
granulosa_13468,chr19,32171322,32173104,1782
granulosa_13469,chr19,32223412,32224945,1533
granulosa_13470,chr19,32344950,32346723,1773
granulosa_13471,chr19,32404703,32406488,1785
granulosa_13472,chr19,32406927,32407702,775
granulosa_13473,chr19,32580446,32582158,1712
granulosa_13474,chr19,32674212,32676732,2520
granulosa_13475,chr19,32691258,32692884,1626
granulosa_13476,chr19,32971071,32972467,1396
granulosa_13477,chr19,33063280,33065538,2258
granulosa_13478,chr19,33080435,33081821,1386
granulosa_13479,chr19,33175927,33178375,2448
granulosa_13480,chr19,33193694,33195910,2216
granulosa_13481,chr19,33301065,33304451,3386
granulosa_13482,chr19,33372948,33374711,1763
granulosa_13483,chr19,33392305,33392997,692
granulosa_13484,chr19,33520850,33522557,1707
granulosa_13485,chr19,33621332,33623470,2138
granulosa_13486,chr19,33777612,33778565,953
granulosa_13487,chr19,33795194,33799069,3875
granulosa_13488,chr19,33819582,33821468,1886
granulosa_13489,chr19,34134001,34135382,1381
granulosa_13490,chr19,34171513,34173722,2209
granulosa_13491,chr19,34253604,34255462,1858
granulosa_13492,chr19,34358724,34360244,1520
granulosa_13493,chr19,34364646,34366248,1602
granulosa_13494,chr19,34403935,34405054,1119
granulosa_13495,chr19,34427732,34429295,1563
granulosa_13496,chr19,34480461,34482888,2427
granulosa_13497,chr19,34501215,34501894,679
granulosa_13498,chr19,34557147,34558477,1330
granulosa_13499,chr19,34577077,34578142,1065
granulosa_13500,chr19,34676749,34678465,1716
granulosa_13501,chr19,34721872,34723205,1333
granulosa_13502,chr19,34732608,34735067,2459
granulosa_13503,chr19,34771924,34773485,1561
granulosa_13504,chr19,34837006,34839564,2558
granulosa_13505,chr19,34904163,34905772,1609
granulosa_13506,chr19,34926555,34928052,1497
granulosa_13507,chr19,34962217,34964475,2258
granulosa_13508,chr19,34972818,34973914,1096
granulosa_13509,chr19,34999028,35001395,2367
granulosa_13510,chr19,35003113,35003682,569
granulosa_13511,chr19,35029693,35031844,2151
granulosa_13512,chr19,35038981,35041848,2867
granulosa_13513,chr19,35090168,35091367,1199
granulosa_13514,chr19,35114408,35115632,1224
granulosa_13515,chr19,35123484,35125187,1703
granulosa_13516,chr19,35134635,35135716,1081
granulosa_13517,chr19,35138554,35139780,1226
granulosa_13518,chr19,35141040,35141670,630
granulosa_13519,chr19,35142258,35143764,1506
granulosa_13520,chr19,35153575,35155612,2037
granulosa_13521,chr19,35247551,35249717,2166
granulosa_13522,chr19,35266880,35270078,3198
granulosa_13523,chr19,35309064,35310242,1178
granulosa_13524,chr19,35435980,35437695,1715
granulosa_13525,chr19,35494992,35495868,876
granulosa_13526,chr19,35509026,35510925,1899
granulosa_13527,chr19,35544614,35546284,1670
granulosa_13528,chr19,35557454,35558941,1487
granulosa_13529,chr19,35612040,35613410,1370
granulosa_13530,chr19,35627942,35629540,1598
granulosa_13531,chr19,35643057,35645331,2274
granulosa_13532,chr19,35647958,35648996,1038
granulosa_13533,chr19,35693422,35694297,875
granulosa_13534,chr19,35701912,35703162,1250
granulosa_13535,chr19,35715945,35718982,3037
granulosa_13536,chr19,35739851,35741364,1513
granulosa_13537,chr19,35744633,35746050,1417
granulosa_13538,chr19,35748104,35748994,890
granulosa_13539,chr19,35755280,35758718,3438
granulosa_13540,chr19,35766690,35768454,1764
granulosa_13541,chr19,35774724,35776400,1676
granulosa_13542,chr19,35845142,35846618,1476
granulosa_13543,chr19,35854982,35857218,2236
granulosa_13544,chr19,35867994,35870413,2419
granulosa_13545,chr19,35878937,35880301,1364
granulosa_13546,chr19,35898613,35900743,2130
granulosa_13547,chr19,35903366,35904078,712
granulosa_13548,chr19,35931124,35932029,905
granulosa_13549,chr19,35935679,35936750,1071
granulosa_13550,chr19,35993955,35996002,2047
granulosa_13551,chr19,36008356,36009825,1469
granulosa_13552,chr19,36013578,36014817,1239
granulosa_13553,chr19,36032058,36033262,1204
granulosa_13554,chr19,36053355,36055433,2078
granulosa_13555,chr19,36113857,36116136,2279
granulosa_13556,chr19,36127347,36128705,1358
granulosa_13557,chr19,36139361,36141572,2211
granulosa_13558,chr19,36150645,36153101,2456
granulosa_13559,chr19,36169073,36169933,860
granulosa_13560,chr19,36170268,36171048,780
granulosa_13561,chr19,36213696,36216092,2396
granulosa_13562,chr19,36244835,36247092,2257
granulosa_13563,chr19,36330372,36332616,2244
granulosa_13564,chr19,36377623,36380030,2407
granulosa_13565,chr19,36417419,36419039,1620
granulosa_13566,chr19,36421051,36422029,978
granulosa_13567,chr19,36488729,36490391,1662
granulosa_13568,chr19,36527438,36529341,1903
granulosa_13569,chr19,36572338,36574572,2234
granulosa_13570,chr19,36604182,36606222,2040
granulosa_13571,chr19,36665882,36667665,1783
granulosa_13572,chr19,36686330,36688234,1904
granulosa_13573,chr19,36771062,36773429,2367
granulosa_13574,chr19,36796711,36797962,1251
granulosa_13575,chr19,36837283,36839193,1910
granulosa_13576,chr19,36849565,36851820,2255
granulosa_13577,chr19,36915527,36917331,1804
granulosa_13578,chr19,36972362,36974126,1764
granulosa_13579,chr19,37062772,37064401,1629
granulosa_13580,chr19,37077501,37079170,1669
granulosa_13581,chr19,37172108,37173224,1116
granulosa_13582,chr19,37209667,37211279,1612
granulosa_13583,chr19,37217364,37218939,1575
granulosa_13584,chr19,37251159,37252230,1071
granulosa_13585,chr19,37312073,37313130,1057
granulosa_13586,chr19,37317014,37318233,1219
granulosa_13587,chr19,37333915,37335271,1356
granulosa_13588,chr19,37370325,37371564,1239
granulosa_13589,chr19,37466439,37467775,1336
granulosa_13590,chr19,37468680,37469930,1250
granulosa_13591,chr19,37505752,37507928,2176
granulosa_13592,chr19,37550611,37552009,1398
granulosa_13593,chr19,37593556,37595617,2061
granulosa_13594,chr19,37653891,37656471,2580
granulosa_13595,chr19,37691297,37692603,1306
granulosa_13596,chr19,37718168,37720092,1924
granulosa_13597,chr19,37778556,37780060,1504
granulosa_13598,chr19,37816786,37818209,1423
granulosa_13599,chr19,37905976,37907709,1733
granulosa_13600,chr19,37931646,37932862,1216
granulosa_13601,chr19,38003105,38005317,2212
granulosa_13602,chr19,38182866,38184232,1366
granulosa_13603,chr19,38209352,38211615,2263
granulosa_13604,chr19,38223695,38224793,1098
granulosa_13605,chr19,38227839,38230066,2227
granulosa_13606,chr19,38250734,38252043,1309
granulosa_13607,chr19,38255424,38256791,1367
granulosa_13608,chr19,38263720,38266325,2605
granulosa_13609,chr19,38281737,38282920,1183
granulosa_13610,chr19,38303772,38305619,1847
granulosa_13611,chr19,38315343,38316475,1132
granulosa_13612,chr19,38319573,38320708,1135
granulosa_13613,chr19,38320969,38322182,1213
granulosa_13614,chr19,38335341,38337449,2108
granulosa_13615,chr19,38361355,38363008,1653
granulosa_13616,chr19,38373921,38375666,1745
granulosa_13617,chr19,38385598,38386856,1258
granulosa_13618,chr19,38387405,38389280,1875
granulosa_13619,chr19,38394299,38396134,1835
granulosa_13620,chr19,38402462,38403775,1313
granulosa_13621,chr19,38417390,38418578,1188
granulosa_13622,chr19,38496502,38497696,1194
granulosa_13623,chr19,38617748,38619651,1903
granulosa_13624,chr19,38646970,38650461,3491
granulosa_13625,chr19,38653014,38655285,2271
granulosa_13626,chr19,38657625,38658960,1335
granulosa_13627,chr19,38663895,38665107,1212
granulosa_13628,chr19,38665774,38667469,1695
granulosa_13629,chr19,38674348,38675307,959
granulosa_13630,chr19,38683071,38684048,977
granulosa_13631,chr19,38718520,38720466,1946
granulosa_13632,chr19,38727985,38728890,905
granulosa_13633,chr19,38731765,38732308,543
granulosa_13634,chr19,38735969,38737611,1642
granulosa_13635,chr19,38778586,38779235,649
granulosa_13636,chr19,38780795,38781796,1001
granulosa_13637,chr19,38818893,38819863,970
granulosa_13638,chr19,38830958,38832452,1494
granulosa_13639,chr19,38849087,38851385,2298
granulosa_13640,chr19,38851603,38852698,1095
granulosa_13641,chr19,38869096,38870563,1467
granulosa_13642,chr19,38885423,38886626,1203
granulosa_13643,chr19,38898769,38900532,1763
granulosa_13644,chr19,38929982,38931579,1597
granulosa_13645,chr19,38949418,38950616,1198
granulosa_13646,chr19,38974576,38976868,2292
granulosa_13647,chr19,39031026,39032815,1789
granulosa_13648,chr19,39109995,39110724,729
granulosa_13649,chr19,39125275,39126329,1054
granulosa_13650,chr19,39133169,39134496,1327
granulosa_13651,chr19,39138491,39140964,2473
granulosa_13652,chr19,39144207,39145988,1781
granulosa_13653,chr19,39155989,39157029,1040
granulosa_13654,chr19,39166546,39167835,1289
granulosa_13655,chr19,39198807,39199380,573
granulosa_13656,chr19,39203486,39205284,1798
granulosa_13657,chr19,39246892,39248699,1807
granulosa_13658,chr19,39249218,39250035,817
granulosa_13659,chr19,39306766,39308857,2091
granulosa_13660,chr19,39310421,39311305,884
granulosa_13661,chr19,39319443,39321289,1846
granulosa_13662,chr19,39327049,39328405,1356
granulosa_13663,chr19,39340946,39343301,2355
granulosa_13664,chr19,39390146,39391780,1634
granulosa_13665,chr19,39397027,39398001,974
granulosa_13666,chr19,39402263,39404158,1895
granulosa_13667,chr19,39406401,39407130,729
granulosa_13668,chr19,39409408,39410475,1067
granulosa_13669,chr19,39411842,39414125,2283
granulosa_13670,chr19,39428080,39429102,1022
granulosa_13671,chr19,39435186,39436906,1720
granulosa_13672,chr19,39444567,39446100,1533
granulosa_13673,chr19,39479971,39481674,1703
granulosa_13674,chr19,39497671,39499450,1779
granulosa_13675,chr19,39506742,39507721,979
granulosa_13676,chr19,39514555,39516052,1497
granulosa_13677,chr19,39531880,39533249,1369
granulosa_13678,chr19,39538942,39540459,1517
granulosa_13679,chr19,39792827,39793549,722
granulosa_13680,chr19,39823431,39825099,1668
granulosa_13681,chr19,39832389,39834677,2288
granulosa_13682,chr19,39845494,39847335,1841
granulosa_13683,chr19,39891257,39892328,1071
granulosa_13684,chr19,39970211,39971806,1595
granulosa_13685,chr19,39996292,39997824,1532
granulosa_13686,chr19,40055108,40056657,1549
granulosa_13687,chr19,40089557,40091282,1725
granulosa_13688,chr19,40190462,40192477,2015
granulosa_13689,chr19,40241507,40242509,1002
granulosa_13690,chr19,40278424,40279628,1204
granulosa_13691,chr19,40283735,40285895,2160
granulosa_13692,chr19,40347628,40349420,1792
granulosa_13693,chr19,40365392,40367243,1851
granulosa_13694,chr19,40398424,40399248,824
granulosa_13695,chr19,40403335,40404716,1381
granulosa_13696,chr19,40420544,40421559,1015
granulosa_13697,chr19,40424738,40426605,1867
granulosa_13698,chr19,40433096,40434511,1415
granulosa_13699,chr19,40442675,40445092,2417
granulosa_13700,chr19,40465190,40467444,2254
granulosa_13701,chr19,40528935,40529758,823
granulosa_13702,chr19,40529934,40530895,961
granulosa_13703,chr19,40548897,40549600,703
granulosa_13704,chr19,40570062,40571117,1055
granulosa_13705,chr19,40576010,40577535,1525
granulosa_13706,chr19,40597894,40598848,954
granulosa_13707,chr19,40601067,40601520,453
granulosa_13708,chr19,40603274,40604415,1141
granulosa_13709,chr19,40605313,40605821,508
granulosa_13710,chr19,40609603,40610653,1050
granulosa_13711,chr19,40612901,40615325,2424
granulosa_13712,chr19,40633942,40634972,1030
granulosa_13713,chr19,40662149,40664193,2044
granulosa_13714,chr19,40689368,40691788,2420
granulosa_13715,chr19,40714445,40717461,3016
granulosa_13716,chr19,40749904,40751872,1968
granulosa_13717,chr19,40777156,40779064,1908
granulosa_13718,chr19,40798058,40800100,2042
granulosa_13719,chr19,40806463,40807229,766
granulosa_13720,chr19,40810561,40812732,2171
granulosa_13721,chr19,40822552,40823575,1023
granulosa_13722,chr19,40833233,40834296,1063
granulosa_13723,chr19,40848297,40849167,870
granulosa_13724,chr19,40864175,40865326,1151
granulosa_13725,chr19,40921695,40923424,1729
granulosa_13726,chr19,41127475,41128249,774
granulosa_13727,chr19,41135076,41136165,1089
granulosa_13728,chr19,41192682,41194184,1502
granulosa_13729,chr19,41218470,41220587,2117
granulosa_13730,chr19,41225313,41227063,1750
granulosa_13731,chr19,41262052,41262720,668
granulosa_13732,chr19,41262918,41266095,3177
granulosa_13733,chr19,41308216,41308955,739
granulosa_13734,chr19,41309185,41311000,1815
granulosa_13735,chr19,41324936,41326459,1523
granulosa_13736,chr19,41350922,41352125,1203
granulosa_13737,chr19,41352356,41354271,1915
granulosa_13738,chr19,41363211,41364780,1569
granulosa_13739,chr19,41373661,41374395,734
granulosa_13740,chr19,41376153,41377256,1103
granulosa_13741,chr19,41396751,41398292,1541
granulosa_13742,chr19,41426712,41428812,2100
granulosa_13743,chr19,41439289,41440196,907
granulosa_13744,chr19,41448941,41449939,998
granulosa_13745,chr19,41859243,41861114,1871
granulosa_13746,chr19,41882281,41883593,1312
granulosa_13747,chr19,41883746,41884645,899
granulosa_13748,chr19,41957612,41959761,2149
granulosa_13749,chr19,41993440,41994647,1207
granulosa_13750,chr19,41996972,41997639,667
granulosa_13751,chr19,42068028,42070439,2411
granulosa_13752,chr19,42075082,42076908,1826
granulosa_13753,chr19,42132750,42133742,992
granulosa_13754,chr19,42139766,42140673,907
granulosa_13755,chr19,42175922,42177609,1687
granulosa_13756,chr19,42216511,42218102,1591
granulosa_13757,chr19,42219740,42220948,1208
granulosa_13758,chr19,42242076,42243474,1398
granulosa_13759,chr19,42244182,42245078,896
granulosa_13760,chr19,42252224,42256628,4404
granulosa_13761,chr19,42267693,42270002,2309
granulosa_13762,chr19,42277847,42278740,893
granulosa_13763,chr19,42279624,42282029,2405
granulosa_13764,chr19,42283380,42284953,1573
granulosa_13765,chr19,42286190,42286835,645
granulosa_13766,chr19,42293073,42293949,876
granulosa_13767,chr19,42295371,42296401,1030
granulosa_13768,chr19,42301654,42303280,1626
granulosa_13769,chr19,42313029,42313984,955
granulosa_13770,chr19,42323543,42326568,3025
granulosa_13771,chr19,42386731,42387667,936
granulosa_13772,chr19,42396314,42397515,1201
granulosa_13773,chr19,42401172,42403183,2011
granulosa_13774,chr19,42422751,42425256,2505
granulosa_13775,chr19,43353318,43354817,1499
granulosa_13776,chr19,43462837,43464498,1661
granulosa_13777,chr19,43474796,43475690,894
granulosa_13778,chr19,43503350,43505062,1712
granulosa_13779,chr19,43525231,43527533,2302
granulosa_13780,chr19,43532472,43534546,2074
granulosa_13781,chr19,43574806,43576123,1317
granulosa_13782,chr19,43579958,43580966,1008
granulosa_13783,chr19,43594662,43596850,2188
granulosa_13784,chr19,43618768,43620367,1599
granulosa_13785,chr19,43634514,43635558,1044
granulosa_13786,chr19,43639192,43640618,1426
granulosa_13787,chr19,43667570,43669405,1835
granulosa_13788,chr19,43699053,43700160,1107
granulosa_13789,chr19,43753915,43755775,1860
granulosa_13790,chr19,43773570,43775046,1476
granulosa_13791,chr19,43798288,43799320,1032
granulosa_13792,chr19,43826614,43828035,1421
granulosa_13793,chr19,43901026,43902235,1209
granulosa_13794,chr19,43934148,43935749,1601
granulosa_13795,chr19,43950723,43951867,1144
granulosa_13796,chr19,43983454,43985025,1571
granulosa_13797,chr19,44002068,44004039,1971
granulosa_13798,chr19,44024695,44026227,1532
granulosa_13799,chr19,44050655,44052463,1808
granulosa_13800,chr19,44071075,44073284,2209
granulosa_13801,chr19,44093795,44095493,1698
granulosa_13802,chr19,44111759,44112422,663
granulosa_13803,chr19,44112715,44114255,1540
granulosa_13804,chr19,44140727,44142522,1795
granulosa_13805,chr19,44164405,44166138,1733
granulosa_13806,chr19,44207085,44208141,1056
granulosa_13807,chr19,44211866,44213319,1453
granulosa_13808,chr19,44259465,44260705,1240
granulosa_13809,chr19,44303384,44305260,1876
granulosa_13810,chr19,44355941,44357170,1229
granulosa_13811,chr19,44400710,44401797,1087
granulosa_13812,chr19,44447595,44448726,1131
granulosa_13813,chr19,44499670,44501149,1479
granulosa_13814,chr19,44573433,44574579,1146
granulosa_13815,chr19,44643296,44644865,1569
granulosa_13816,chr19,44717938,44719194,1256
granulosa_13817,chr19,44741470,44742359,889
granulosa_13818,chr19,44747120,44749052,1932
granulosa_13819,chr19,44753092,44754669,1577
granulosa_13820,chr19,44756953,44758630,1677
granulosa_13821,chr19,44770342,44771028,686
granulosa_13822,chr19,44799919,44800823,904
granulosa_13823,chr19,44807722,44810709,2987
granulosa_13824,chr19,44820426,44821657,1231
granulosa_13825,chr19,44844396,44845061,665
granulosa_13826,chr19,44845540,44846604,1064
granulosa_13827,chr19,44846680,44847128,448
granulosa_13828,chr19,44847499,44848083,584
granulosa_13829,chr19,44848185,44849306,1121
granulosa_13830,chr19,44890078,44891888,1810
granulosa_13831,chr19,44905284,44906742,1458
granulosa_13832,chr19,44914114,44915495,1381
granulosa_13833,chr19,44926436,44927478,1042
granulosa_13834,chr19,44954289,44956393,2104
granulosa_13835,chr19,45000879,45002386,1507
granulosa_13836,chr19,45038421,45039875,1454
granulosa_13837,chr19,45074848,45076655,1807
granulosa_13838,chr19,45078848,45080040,1192
granulosa_13839,chr19,45090788,45093646,2858
granulosa_13840,chr19,45103010,45104386,1376
granulosa_13841,chr19,45151927,45154136,2209
granulosa_13842,chr19,45177687,45180274,2587
granulosa_13843,chr19,45250564,45252475,1911
granulosa_13844,chr19,45276009,45276770,761
granulosa_13845,chr19,45321727,45323972,2245
granulosa_13846,chr19,45369839,45371099,1260
granulosa_13847,chr19,45376032,45377222,1190
granulosa_13848,chr19,45397882,45398743,861
granulosa_13849,chr19,45404775,45406916,2141
granulosa_13850,chr19,45423085,45424590,1505
granulosa_13851,chr19,45427563,45429104,1541
granulosa_13852,chr19,45439486,45440363,877
granulosa_13853,chr19,45442809,45444708,1899
granulosa_13854,chr19,45450102,45451683,1581
granulosa_13855,chr19,45455467,45456528,1061
granulosa_13856,chr19,45467269,45468298,1029
granulosa_13857,chr19,45468858,45470437,1579
granulosa_13858,chr19,45473006,45473380,374
granulosa_13859,chr19,45473596,45476026,2430
granulosa_13860,chr19,45477951,45479226,1275
granulosa_13861,chr19,45485044,45486275,1231
granulosa_13862,chr19,45496158,45497362,1204
granulosa_13863,chr19,45498397,45499828,1431
granulosa_13864,chr19,45506125,45509632,3507
granulosa_13865,chr19,45523195,45524068,873
granulosa_13866,chr19,45528094,45529478,1384
granulosa_13867,chr19,45553272,45553950,678
granulosa_13868,chr19,45583704,45585278,1574
granulosa_13869,chr19,45606816,45607798,982
granulosa_13870,chr19,45615530,45616927,1397
granulosa_13871,chr19,45638875,45639598,723
granulosa_13872,chr19,45640869,45642687,1818
granulosa_13873,chr19,45642951,45643857,906
granulosa_13874,chr19,45645201,45646363,1162
granulosa_13875,chr19,45667685,45669680,1995
granulosa_13876,chr19,45676740,45678251,1511
granulosa_13877,chr19,45681302,45682075,773
granulosa_13878,chr19,45691478,45693585,2107
granulosa_13879,chr19,45716191,45718362,2171
granulosa_13880,chr19,45729757,45731275,1518
granulosa_13881,chr19,45766947,45767949,1002
granulosa_13882,chr19,45768026,45771066,3040
granulosa_13883,chr19,45779034,45780938,1904
granulosa_13884,chr19,45791614,45793317,1703
granulosa_13885,chr19,45798706,45800621,1915
granulosa_13886,chr19,45814815,45817500,2685
granulosa_13887,chr19,45862237,45864589,2352
granulosa_13888,chr19,45876172,45877328,1156
granulosa_13889,chr19,45882565,45883631,1066
granulosa_13890,chr19,45885021,45887350,2329
granulosa_13891,chr19,45901116,45903535,2419
granulosa_13892,chr19,45927449,45928144,695
granulosa_13893,chr19,45952337,45953355,1018
granulosa_13894,chr19,45971087,45974265,3178
granulosa_13895,chr19,45994764,45996237,1473
granulosa_13896,chr19,45999477,46001224,1747
granulosa_13897,chr19,46014589,46017090,2501
granulosa_13898,chr19,46030520,46031597,1077
granulosa_13899,chr19,46076751,46077900,1149
granulosa_13900,chr19,46221210,46222766,1556
granulosa_13901,chr19,46288665,46289678,1013
granulosa_13902,chr19,46296479,46297406,927
granulosa_13903,chr19,46297798,46299359,1561
granulosa_13904,chr19,46300603,46301284,681
granulosa_13905,chr19,46346167,46347663,1496
granulosa_13906,chr19,46372835,46374455,1620
granulosa_13907,chr19,46403700,46405322,1622
granulosa_13908,chr19,46413006,46413946,940
granulosa_13909,chr19,46415975,46416953,978
granulosa_13910,chr19,46425752,46427151,1399
granulosa_13911,chr19,46428436,46429109,673
granulosa_13912,chr19,46470689,46472377,1688
granulosa_13913,chr19,46480108,46482370,2262
granulosa_13914,chr19,46487275,46488299,1024
granulosa_13915,chr19,46489320,46490151,831
granulosa_13916,chr19,46492820,46494300,1480
granulosa_13917,chr19,46495099,46496282,1183
granulosa_13918,chr19,46600331,46603224,2893
granulosa_13919,chr19,46616694,46617400,706
granulosa_13920,chr19,46633784,46634623,839
granulosa_13921,chr19,46638328,46639979,1651
granulosa_13922,chr19,46659074,46662309,3235
granulosa_13923,chr19,46696871,46698027,1156
granulosa_13924,chr19,46713664,46714731,1067
granulosa_13925,chr19,46715798,46717644,1846
granulosa_13926,chr19,46745157,46747295,2138
granulosa_13927,chr19,46768154,46769556,1402
granulosa_13928,chr19,46784302,46785073,771
granulosa_13929,chr19,46786010,46787044,1034
granulosa_13930,chr19,46787165,46788907,1742
granulosa_13931,chr19,46849100,46851213,2113
granulosa_13932,chr19,46855853,46856764,911
granulosa_13933,chr19,46859757,46862402,2645
granulosa_13934,chr19,46863744,46864252,508
granulosa_13935,chr19,46975204,46977274,2070
granulosa_13936,chr19,46990764,46991763,999
granulosa_13937,chr19,46992757,46993587,830
granulosa_13938,chr19,47012569,47013451,882
granulosa_13939,chr19,47035143,47036600,1457
granulosa_13940,chr19,47047448,47048991,1543
granulosa_13941,chr19,47111843,47114207,2364
granulosa_13942,chr19,47130196,47131881,1685
granulosa_13943,chr19,47189056,47190878,1822
granulosa_13944,chr19,47225795,47226842,1047
granulosa_13945,chr19,47227061,47228703,1642
granulosa_13946,chr19,47230196,47231650,1454
granulosa_13947,chr19,47239250,47240101,851
granulosa_13948,chr19,47242801,47243464,663
granulosa_13949,chr19,47243924,47244584,660
granulosa_13950,chr19,47256034,47257997,1963
granulosa_13951,chr19,47272726,47275531,2805
granulosa_13952,chr19,47348601,47349872,1271
granulosa_13953,chr19,47406769,47407827,1058
granulosa_13954,chr19,47418328,47421281,2953
granulosa_13955,chr19,47427122,47428649,1527
granulosa_13956,chr19,47429910,47430529,619
granulosa_13957,chr19,47445500,47446480,980
granulosa_13958,chr19,47446996,47448105,1109
granulosa_13959,chr19,47471299,47472438,1139
granulosa_13960,chr19,47483547,47484746,1199
granulosa_13961,chr19,47514111,47515750,1639
granulosa_13962,chr19,47572621,47574031,1410
granulosa_13963,chr19,47599930,47601021,1091
granulosa_13964,chr19,47607844,47610534,2690
granulosa_13965,chr19,47712966,47714077,1111
granulosa_13966,chr19,47718623,47720232,1609
granulosa_13967,chr19,47729012,47730512,1500
granulosa_13968,chr19,47742545,47743907,1362
granulosa_13969,chr19,47744949,47745991,1042
granulosa_13970,chr19,47777730,47779631,1901
granulosa_13971,chr19,48107186,48108016,830
granulosa_13972,chr19,48110219,48111055,836
granulosa_13973,chr19,48169435,48171486,2051
granulosa_13974,chr19,48203374,48204815,1441
granulosa_13975,chr19,48255465,48256116,651
granulosa_13976,chr19,48259621,48260424,803
granulosa_13977,chr19,48270808,48272109,1301
granulosa_13978,chr19,48290146,48291643,1497
granulosa_13979,chr19,48320583,48322370,1787
granulosa_13980,chr19,48325082,48325761,679
granulosa_13981,chr19,48330076,48330613,537
granulosa_13982,chr19,48332131,48334306,2175
granulosa_13983,chr19,48347782,48348579,797
granulosa_13984,chr19,48362913,48364599,1686
granulosa_13985,chr19,48390324,48391750,1426
granulosa_13986,chr19,48398015,48399106,1091
granulosa_13987,chr19,48413796,48415991,2195
granulosa_13988,chr19,48444750,48446504,1754
granulosa_13989,chr19,48468150,48470085,1935
granulosa_13990,chr19,48479597,48481460,1863
granulosa_13991,chr19,48492664,48494116,1452
granulosa_13992,chr19,48501237,48502712,1475
granulosa_13993,chr19,48510275,48512270,1995
granulosa_13994,chr19,48513304,48514128,824
granulosa_13995,chr19,48588692,48589722,1030
granulosa_13996,chr19,48618657,48619714,1057
granulosa_13997,chr19,48623562,48625145,1583
granulosa_13998,chr19,48629406,48631115,1709
granulosa_13999,chr19,48634335,48634782,447
granulosa_14000,chr19,48635389,48636024,635
granulosa_14001,chr19,48636340,48638512,2172
granulosa_14002,chr19,48644487,48647032,2545
granulosa_14003,chr19,48675017,48675871,854
granulosa_14004,chr19,48695686,48697087,1401
granulosa_14005,chr19,48702542,48703348,806
granulosa_14006,chr19,48713090,48714679,1589
granulosa_14007,chr19,48716375,48717220,845
granulosa_14008,chr19,48719528,48720132,604
granulosa_14009,chr19,48720165,48721296,1131
granulosa_14010,chr19,48738284,48740881,2597
granulosa_14011,chr19,48746561,48747564,1003
granulosa_14012,chr19,48751901,48753831,1930
granulosa_14013,chr19,48794922,48796144,1222
granulosa_14014,chr19,48810029,48811327,1298
granulosa_14015,chr19,48812002,48812922,920
granulosa_14016,chr19,48815966,48816383,417
granulosa_14017,chr19,48829832,48830989,1157
granulosa_14018,chr19,48835511,48837564,2053
granulosa_14019,chr19,48866710,48868838,2128
granulosa_14020,chr19,48871966,48873794,1828
granulosa_14021,chr19,48874450,48875986,1536
granulosa_14022,chr19,48877873,48878848,975
granulosa_14023,chr19,48895752,48896692,940
granulosa_14024,chr19,48899726,48901229,1503
granulosa_14025,chr19,48933017,48935061,2044
granulosa_14026,chr19,48954128,48955480,1352
granulosa_14027,chr19,48964756,48966136,1380
granulosa_14028,chr19,48992032,48994319,2287
granulosa_14029,chr19,49017149,49019029,1880
granulosa_14030,chr19,49055598,49058131,2533
granulosa_14031,chr19,49064505,49066463,1958
granulosa_14032,chr19,49084569,49086182,1613
granulosa_14033,chr19,49113731,49115258,1527
granulosa_14034,chr19,49118414,49120361,1947
granulosa_14035,chr19,49127673,49128636,963
granulosa_14036,chr19,49132898,49134275,1377
granulosa_14037,chr19,49142527,49143288,761
granulosa_14038,chr19,49145839,49146371,532
granulosa_14039,chr19,49148731,49150952,2221
granulosa_14040,chr19,49157303,49158479,1176
granulosa_14041,chr19,49209948,49212504,2556
granulosa_14042,chr19,49337915,49340599,2684
granulosa_14043,chr19,49361099,49364084,2985
granulosa_14044,chr19,49412623,49413982,1359
granulosa_14045,chr19,49414811,49416068,1257
granulosa_14046,chr19,49420705,49421449,744
granulosa_14047,chr19,49422327,49423754,1427
granulosa_14048,chr19,49442372,49444021,1649
granulosa_14049,chr19,49451295,49452112,817
granulosa_14050,chr19,49452588,49453879,1291
granulosa_14051,chr19,49473735,49474730,995
granulosa_14052,chr19,49478629,49479165,536
granulosa_14053,chr19,49486867,49488434,1567
granulosa_14054,chr19,49495582,49496600,1018
granulosa_14055,chr19,49511870,49514005,2135
granulosa_14056,chr19,49527422,49528732,1310
granulosa_14057,chr19,49533181,49534497,1316
granulosa_14058,chr19,49546451,49547367,916
granulosa_14059,chr19,49569966,49571645,1679
granulosa_14060,chr19,49579834,49580847,1013
granulosa_14061,chr19,49589764,49592440,2676
granulosa_14062,chr19,49592721,49593763,1042
granulosa_14063,chr19,49639675,49641144,1469
granulosa_14064,chr19,49641479,49642522,1043
granulosa_14065,chr19,49664015,49666395,2380
granulosa_14066,chr19,49672047,49672617,570
granulosa_14067,chr19,49676199,49678657,2458
granulosa_14068,chr19,49680475,49680951,476
granulosa_14069,chr19,49689434,49691846,2412
granulosa_14070,chr19,49726745,49728953,2208
granulosa_14071,chr19,49757877,49758850,973
granulosa_14072,chr19,49765401,49767731,2330
granulosa_14073,chr19,49790435,49791374,939
granulosa_14074,chr19,49801520,49802974,1454
granulosa_14075,chr19,49808464,49809760,1296
granulosa_14076,chr19,49812770,49813831,1061
granulosa_14077,chr19,49817179,49819112,1933
granulosa_14078,chr19,49819266,49820794,1528
granulosa_14079,chr19,49850235,49852732,2497
granulosa_14080,chr19,49859712,49861848,2136
granulosa_14081,chr19,49865328,49865618,290
granulosa_14082,chr19,49866877,49867980,1103
granulosa_14083,chr19,49869038,49870122,1084
granulosa_14084,chr19,49875910,49878578,2668
granulosa_14085,chr19,49889679,49891270,1591
granulosa_14086,chr19,49928464,49930789,2325
granulosa_14087,chr19,49937457,49938233,776
granulosa_14088,chr19,49952312,49953053,741
granulosa_14089,chr19,49953241,49955668,2427
granulosa_14090,chr19,49957103,49957953,850
granulosa_14091,chr19,49971504,49972792,1288
granulosa_14092,chr19,49986885,49987693,808
granulosa_14093,chr19,50024639,50026279,1640
granulosa_14094,chr19,50050127,50051311,1184
granulosa_14095,chr19,50147253,50148470,1217
granulosa_14096,chr19,50202970,50203913,943
granulosa_14097,chr19,50205091,50206099,1008
granulosa_14098,chr19,50314844,50316399,1555
granulosa_14099,chr19,50325364,50325951,587
granulosa_14100,chr19,50328662,50329817,1155
granulosa_14101,chr19,50330573,50331109,536
granulosa_14102,chr19,50333091,50334041,950
granulosa_14103,chr19,50357022,50359054,2032
granulosa_14104,chr19,50368276,50369538,1262
granulosa_14105,chr19,50376049,50377663,1614
granulosa_14106,chr19,50383439,50385515,2076
granulosa_14107,chr19,50427655,50428410,755
granulosa_14108,chr19,50431116,50433034,1918
granulosa_14109,chr19,50475690,50477055,1365
granulosa_14110,chr19,50510350,50511930,1580
granulosa_14111,chr19,50550432,50552177,1745
granulosa_14112,chr19,50555847,50557430,1583
granulosa_14113,chr19,50566984,50568998,2014
granulosa_14114,chr19,50607727,50608600,873
granulosa_14115,chr19,50638567,50640128,1561
granulosa_14116,chr19,50657763,50659509,1746
granulosa_14117,chr19,50666127,50669223,3096
granulosa_14118,chr19,50679052,50679809,757
granulosa_14119,chr19,50694754,50696189,1435
granulosa_14120,chr19,50717942,50719138,1196
granulosa_14121,chr19,50720952,50721777,825
granulosa_14122,chr19,50724271,50725773,1502
granulosa_14123,chr19,50728187,50728725,538
granulosa_14124,chr19,50803246,50805359,2113
granulosa_14125,chr19,50817788,50818749,961
granulosa_14126,chr19,50835362,50837014,1652
granulosa_14127,chr19,51016769,51017659,890
granulosa_14128,chr19,51018597,51020384,1787
granulosa_14129,chr19,51025561,51027689,2128
granulosa_14130,chr19,51098459,51099685,1226
granulosa_14131,chr19,51101060,51101977,917
granulosa_14132,chr19,51107553,51109047,1494
granulosa_14133,chr19,51311232,51313412,2180
granulosa_14134,chr19,51319414,51320778,1364
granulosa_14135,chr19,51326739,51328063,1324
granulosa_14136,chr19,51338574,51340692,2118
granulosa_14137,chr19,51365516,51368856,3340
granulosa_14138,chr19,51393767,51394784,1017
granulosa_14139,chr19,51570740,51571992,1252
granulosa_14140,chr19,51593577,51595041,1464
granulosa_14141,chr19,51687817,51691746,3929
granulosa_14142,chr19,51702089,51704937,2848
granulosa_14143,chr19,51719109,51720260,1151
granulosa_14144,chr19,51887197,51888374,1177
granulosa_14145,chr19,51903677,51905225,1548
granulosa_14146,chr19,51926439,51927999,1560
granulosa_14147,chr19,51985995,51987132,1137
granulosa_14148,chr19,52007288,52008902,1614
granulosa_14149,chr19,52027773,52029007,1234
granulosa_14150,chr19,52047917,52049596,1679
granulosa_14151,chr19,52094335,52096105,1770
granulosa_14152,chr19,52138402,52140514,2112
granulosa_14153,chr19,52170069,52172097,2028
granulosa_14154,chr19,52188710,52191275,2565
granulosa_14155,chr19,52268929,52270937,2008
granulosa_14156,chr19,52296435,52298350,1915
granulosa_14157,chr19,52335807,52337335,1528
granulosa_14158,chr19,52343245,52344254,1009
granulosa_14159,chr19,52369314,52370632,1318
granulosa_14160,chr19,52396751,52398906,2155
granulosa_14161,chr19,52453001,52454171,1170
granulosa_14162,chr19,52492121,52493561,1440
granulosa_14163,chr19,52518553,52521815,3262
granulosa_14164,chr19,52526787,52528743,1956
granulosa_14165,chr19,52535113,52536760,1647
granulosa_14166,chr19,52569387,52570953,1566
granulosa_14167,chr19,52600588,52602335,1747
granulosa_14168,chr19,52637181,52638983,1802
granulosa_14169,chr19,52688750,52691185,2435
granulosa_14170,chr19,52733792,52736102,2310
granulosa_14171,chr19,52741058,52743044,1986
granulosa_14172,chr19,52785546,52787617,2071
granulosa_14173,chr19,52820600,52822216,1616
granulosa_14174,chr19,52846717,52848371,1654
granulosa_14175,chr19,52856611,52858450,1839
granulosa_14176,chr19,52896397,52898864,2467
granulosa_14177,chr19,52922336,52924512,2176
granulosa_14178,chr19,52941469,52943248,1779
granulosa_14179,chr19,52961713,52963648,1935
granulosa_14180,chr19,52992186,52994233,2047
granulosa_14181,chr19,53057502,53058969,1467
granulosa_14182,chr19,53102235,53104057,1822
granulosa_14183,chr19,53131575,53133247,1672
granulosa_14184,chr19,53157425,53159515,2090
granulosa_14185,chr19,53192262,53193605,1343
granulosa_14186,chr19,53196497,53197430,933
granulosa_14187,chr19,53254000,53255551,1551
granulosa_14188,chr19,53333045,53334704,1659
granulosa_14189,chr19,53363931,53366356,2425
granulosa_14190,chr19,53394366,53396788,2422
granulosa_14191,chr19,53431169,53432717,1548
granulosa_14192,chr19,53466816,53469135,2319
granulosa_14193,chr19,53520179,53521711,1532
granulosa_14194,chr19,53537158,53538991,1833
granulosa_14195,chr19,53553356,53555041,1685
granulosa_14196,chr19,53792593,53793360,767
granulosa_14197,chr19,53865806,53866725,919
granulosa_14198,chr19,53866949,53869783,2834
granulosa_14199,chr19,53878929,53879806,877
granulosa_14200,chr19,53881640,53882497,857
granulosa_14201,chr19,53907754,53910429,2675
granulosa_14202,chr19,53979663,53983065,3402
granulosa_14203,chr19,54094632,54096274,1642
granulosa_14204,chr19,54101806,54103746,1940
granulosa_14205,chr19,54114368,54115945,1577
granulosa_14206,chr19,54136070,54139089,3019
granulosa_14207,chr19,54158994,54161161,2167
granulosa_14208,chr19,54162180,54162761,581
granulosa_14209,chr19,54179507,54181205,1698
granulosa_14210,chr19,54186792,54187322,530
granulosa_14211,chr19,54189036,54191841,2805
granulosa_14212,chr19,54200178,54201567,1389
granulosa_14213,chr19,54207290,54210494,3204
granulosa_14214,chr19,54231167,54232203,1036
granulosa_14215,chr19,54429942,54431814,1872
granulosa_14216,chr19,54448066,54450213,2147
granulosa_14217,chr19,54462693,54465537,2844
granulosa_14218,chr19,54472766,54473911,1145
granulosa_14219,chr19,55062152,55063417,1265
granulosa_14220,chr19,55080037,55081869,1832
granulosa_14221,chr19,55086307,55087875,1568
granulosa_14222,chr19,55116060,55119106,3046
granulosa_14223,chr19,55140907,55141633,726
granulosa_14224,chr19,55155988,55157346,1358
granulosa_14225,chr19,55160262,55161168,906
granulosa_14226,chr19,55165864,55167355,1491
granulosa_14227,chr19,55172730,55174387,1657
granulosa_14228,chr19,55178727,55180494,1767
granulosa_14229,chr19,55206406,55207537,1131
granulosa_14230,chr19,55216254,55217319,1065
granulosa_14231,chr19,55257423,55259899,2476
granulosa_14232,chr19,55278777,55280710,1933
granulosa_14233,chr19,55283686,55285839,2153
granulosa_14234,chr19,55300800,55302356,1556
granulosa_14235,chr19,55338470,55340554,2084
granulosa_14236,chr19,55340587,55341489,902
granulosa_14237,chr19,55347677,55348944,1267
granulosa_14238,chr19,55353309,55355781,2472
granulosa_14239,chr19,55358712,55359669,957
granulosa_14240,chr19,55368421,55370867,2446
granulosa_14241,chr19,55383477,55386554,3077
granulosa_14242,chr19,55398490,55401183,2693
granulosa_14243,chr19,55406879,55408740,1861
granulosa_14244,chr19,55451160,55453402,2242
granulosa_14245,chr19,55459474,55462147,2673
granulosa_14246,chr19,55475855,55477300,1445
granulosa_14247,chr19,55481623,55482550,927
granulosa_14248,chr19,55484621,55485670,1049
granulosa_14249,chr19,55503373,55504379,1006
granulosa_14250,chr19,55516687,55517749,1062
granulosa_14251,chr19,55525332,55527436,2104
granulosa_14252,chr19,55552343,55553844,1501
granulosa_14253,chr19,55579595,55581253,1658
granulosa_14254,chr19,55585468,55586340,872
granulosa_14255,chr19,55586752,55587641,889
granulosa_14256,chr19,55598808,55600790,1982
granulosa_14257,chr19,55604528,55606631,2103
granulosa_14258,chr19,55623584,55625131,1547
granulosa_14259,chr19,55634383,55635463,1080
granulosa_14260,chr19,55640031,55643943,3912
granulosa_14261,chr19,55647506,55649165,1659
granulosa_14262,chr19,55653546,55655760,2214
granulosa_14263,chr19,55674262,55675929,1667
granulosa_14264,chr19,55688213,55689594,1381
granulosa_14265,chr19,55701841,55703273,1432
granulosa_14266,chr19,56066107,56067033,926
granulosa_14267,chr19,56080593,56081474,881
granulosa_14268,chr19,56105102,56105661,559
granulosa_14269,chr19,56107708,56109620,1912
granulosa_14270,chr19,56112191,56112918,727
granulosa_14271,chr19,56119680,56121927,2247
granulosa_14272,chr19,56132046,56132937,891
granulosa_14273,chr19,56140107,56142406,2299
granulosa_14274,chr19,56314016,56315698,1682
granulosa_14275,chr19,56367518,56369237,1719
granulosa_14276,chr19,56392729,56393966,1237
granulosa_14277,chr19,56403230,56404827,1597
granulosa_14278,chr19,56476263,56478657,2394
granulosa_14279,chr19,56507125,56508972,1847
granulosa_14280,chr19,56537961,56539572,1611
granulosa_14281,chr19,56566718,56568062,1344
granulosa_14282,chr19,56594465,56596976,2511
granulosa_14283,chr19,56637616,56638449,833
granulosa_14284,chr19,56670476,56672114,1638
granulosa_14285,chr19,56750743,56751591,848
granulosa_14286,chr19,56764356,56765809,1453
granulosa_14287,chr19,56837467,56840997,3530
granulosa_14288,chr19,56965797,56967205,1408
granulosa_14289,chr19,56969630,56970161,531
granulosa_14290,chr19,56973627,56974167,540
granulosa_14291,chr19,56974864,56975704,840
granulosa_14292,chr19,56977871,56978471,600
granulosa_14293,chr19,56980458,56981999,1541
granulosa_14294,chr19,56993944,56995854,1910
granulosa_14295,chr19,57001658,57002633,975
granulosa_14296,chr19,57056556,57058054,1498
granulosa_14297,chr19,57103539,57104390,851
granulosa_14298,chr19,57171349,57172791,1442
granulosa_14299,chr19,57190885,57192763,1878
granulosa_14300,chr19,57239921,57241517,1596
granulosa_14301,chr19,57279465,57281311,1846
granulosa_14302,chr19,57319853,57321461,1608
granulosa_14303,chr19,57350629,57352221,1592
granulosa_14304,chr19,57361513,57362118,605
granulosa_14305,chr19,57362737,57364193,1456
granulosa_14306,chr19,57389287,57390908,1621
granulosa_14307,chr19,57410283,57412110,1827
granulosa_14308,chr19,57434411,57436389,1978
granulosa_14309,chr19,57476860,57477948,1088
granulosa_14310,chr19,57487320,57488076,756
granulosa_14311,chr19,57499415,57500183,768
granulosa_14312,chr19,57526791,57528642,1851
granulosa_14313,chr19,57558034,57560567,2533
granulosa_14314,chr19,57578268,57579215,947
granulosa_14315,chr19,57583321,57584553,1232
granulosa_14316,chr19,57599288,57600565,1277
granulosa_14317,chr19,57613646,57614778,1132
granulosa_14318,chr19,57632703,57634108,1405
granulosa_14319,chr19,57663900,57665403,1503
granulosa_14320,chr19,57681355,57682775,1420
granulosa_14321,chr19,57707897,57709763,1866
granulosa_14322,chr19,57726426,57728009,1583
granulosa_14323,chr19,57746368,57747852,1484
granulosa_14324,chr19,57769064,57770679,1615
granulosa_14325,chr19,57803291,57805222,1931
granulosa_14326,chr19,57813932,57815198,1266
granulosa_14327,chr19,57819154,57820619,1465
granulosa_14328,chr19,57828785,57831450,2665
granulosa_14329,chr19,57849404,57851102,1698
granulosa_14330,chr19,57887061,57889446,2385
granulosa_14331,chr19,57915502,57917127,1625
granulosa_14332,chr19,57934418,57935668,1250
granulosa_14333,chr19,57946794,57948139,1345
granulosa_14334,chr19,58001863,58003558,1695
granulosa_14335,chr19,58009251,58010261,1010
granulosa_14336,chr19,58013481,58014774,1293
granulosa_14337,chr19,58033498,58034946,1448
granulosa_14338,chr19,58058602,58060679,2077
granulosa_14339,chr19,58097252,58099599,2347
granulosa_14340,chr19,58150019,58150967,948
granulosa_14341,chr19,58154233,58155452,1219
granulosa_14342,chr19,58182391,58184028,1637
granulosa_14343,chr19,58227971,58229565,1594
granulosa_14344,chr19,58278023,58279828,1805
granulosa_14345,chr19,58304479,58306215,1736
granulosa_14346,chr19,58326301,58327779,1478
granulosa_14347,chr19,58346719,58348014,1295
granulosa_14348,chr19,58355781,58357548,1767
granulosa_14349,chr19,58361786,58363195,1409
granulosa_14350,chr19,58379992,58381735,1743
granulosa_14351,chr19,58385882,58388112,2230
granulosa_14352,chr19,58395416,58396843,1427
granulosa_14353,chr19,58400375,58402052,1677
granulosa_14354,chr19,58407054,58409533,2479
granulosa_14355,chr19,58439532,58441053,1521
granulosa_14356,chr19,58450823,58452299,1476
granulosa_14357,chr19,58466402,58467850,1448
granulosa_14358,chr19,58475191,58477112,1921
granulosa_14359,chr19,58498632,58499896,1264
granulosa_14360,chr19,58513531,58514546,1015
granulosa_14361,chr19,58518588,58520416,1828
granulosa_14362,chr19,58537870,58539039,1169
granulosa_14363,chr19,58543522,58545914,2392
granulosa_14364,chr19,58554361,58555412,1051
granulosa_14365,chr19,58558109,58559824,1715
granulosa_14366,chr19,58562079,58563434,1355
granulosa_14367,chr19,58572404,58574059,1655
granulosa_14368,chr19,58575131,58576146,1015
granulosa_14369,chr2,44922,47891,2969
granulosa_14370,chr2,85678,87220,1542
granulosa_14371,chr2,263234,265438,2204
granulosa_14372,chr2,286919,290430,3511
granulosa_14373,chr2,676009,677836,1827
granulosa_14374,chr2,739677,741294,1617
granulosa_14375,chr2,949476,951502,2026
granulosa_14376,chr2,974076,975090,1014
granulosa_14377,chr2,1226888,1228422,1534
granulosa_14378,chr2,1281442,1283341,1899
granulosa_14379,chr2,1366244,1367483,1239
granulosa_14380,chr2,1586463,1587451,988
granulosa_14381,chr2,1590531,1592704,2173
granulosa_14382,chr2,1742403,1745243,2840
granulosa_14383,chr2,1750636,1752030,1394
granulosa_14384,chr2,1766255,1767743,1488
granulosa_14385,chr2,2613097,2614748,1651
granulosa_14386,chr2,2646166,2647662,1496
granulosa_14387,chr2,2845936,2847463,1527
granulosa_14388,chr2,2876101,2878121,2020
granulosa_14389,chr2,3281976,3283334,1358
granulosa_14390,chr2,3302739,3303948,1209
granulosa_14391,chr2,3377301,3378319,1018
granulosa_14392,chr2,3379282,3380565,1283
granulosa_14393,chr2,3460067,3462601,2534
granulosa_14394,chr2,3482750,3483775,1025
granulosa_14395,chr2,3492865,3494453,1588
granulosa_14396,chr2,3518085,3519882,1797
granulosa_14397,chr2,3535510,3537058,1548
granulosa_14398,chr2,3557528,3559174,1646
granulosa_14399,chr2,3574549,3576325,1776
granulosa_14400,chr2,3630650,3631635,985
granulosa_14401,chr2,3632939,3633814,875
granulosa_14402,chr2,3650279,3652383,2104
granulosa_14403,chr2,3727435,3728951,1516
granulosa_14404,chr2,3773599,3774709,1110
granulosa_14405,chr2,5074250,5075537,1287
granulosa_14406,chr2,5390891,5391986,1095
granulosa_14407,chr2,5538419,5540482,2063
granulosa_14408,chr2,5672563,5674203,1640
granulosa_14409,chr2,5690201,5693326,3125
granulosa_14410,chr2,5695727,5697592,1865
granulosa_14411,chr2,5725527,5726667,1140
granulosa_14412,chr2,5980409,5982121,1712
granulosa_14413,chr2,6072254,6074549,2295
granulosa_14414,chr2,6164138,6165870,1732
granulosa_14415,chr2,6309849,6312009,2160
granulosa_14416,chr2,6864692,6866699,2007
granulosa_14417,chr2,6916829,6918313,1484
granulosa_14418,chr2,6925899,6927647,1748
granulosa_14419,chr2,7191500,7192454,954
granulosa_14420,chr2,7430522,7431749,1227
granulosa_14421,chr2,8329718,8330619,901
granulosa_14422,chr2,8455833,8458162,2329
granulosa_14423,chr2,8524886,8526451,1565
granulosa_14424,chr2,8573263,8576198,2935
granulosa_14425,chr2,8583223,8584363,1140
granulosa_14426,chr2,8635965,8637561,1596
granulosa_14427,chr2,8659206,8660445,1239
granulosa_14428,chr2,8676160,8677086,926
granulosa_14429,chr2,8677713,8678452,739
granulosa_14430,chr2,8678699,8679427,728
granulosa_14431,chr2,8679803,8680414,611
granulosa_14432,chr2,8681205,8682501,1296
granulosa_14433,chr2,8682951,8683637,686
granulosa_14434,chr2,8684478,8686071,1593
granulosa_14435,chr2,8836166,8838065,1899
granulosa_14436,chr2,9002273,9004549,2276
granulosa_14437,chr2,9105791,9106858,1067
granulosa_14438,chr2,9142363,9143504,1141
granulosa_14439,chr2,9205840,9208242,2402
granulosa_14440,chr2,9246392,9248274,1882
granulosa_14441,chr2,9336184,9337372,1188
granulosa_14442,chr2,9422295,9424507,2212
granulosa_14443,chr2,9473379,9475528,2149
granulosa_14444,chr2,9554767,9556653,1886
granulosa_14445,chr2,9629810,9631491,1681
granulosa_14446,chr2,9652663,9654875,2212
granulosa_14447,chr2,9763118,9764545,1427
granulosa_14448,chr2,9768223,9768777,554
granulosa_14449,chr2,9769029,9770860,1831
granulosa_14450,chr2,9842871,9844531,1660
granulosa_14451,chr2,9950314,9952354,2040
granulosa_14452,chr2,9966796,9968105,1309
granulosa_14453,chr2,10035703,10036881,1178
granulosa_14454,chr2,10042242,10044579,2337
granulosa_14455,chr2,10056501,10058389,1888
granulosa_14456,chr2,10072277,10074177,1900
granulosa_14457,chr2,10078774,10080922,2148
granulosa_14458,chr2,10119928,10120898,970
granulosa_14459,chr2,10121916,10123197,1281
granulosa_14460,chr2,10225067,10226601,1534
granulosa_14461,chr2,10277055,10278845,1790
granulosa_14462,chr2,10301953,10304982,3029
granulosa_14463,chr2,10360543,10361651,1108
granulosa_14464,chr2,10368329,10370581,2252
granulosa_14465,chr2,10381171,10383088,1917
granulosa_14466,chr2,10407962,10409635,1673
granulosa_14467,chr2,10413412,10415306,1894
granulosa_14468,chr2,10431735,10433277,1542
granulosa_14469,chr2,10434309,10435272,963
granulosa_14470,chr2,10447297,10449321,2024
granulosa_14471,chr2,10477266,10478243,977
granulosa_14472,chr2,10689089,10690776,1687
granulosa_14473,chr2,10707457,10709040,1583
granulosa_14474,chr2,10720782,10723003,2221
granulosa_14475,chr2,10773676,10775706,2030
granulosa_14476,chr2,10811645,10813343,1698
granulosa_14477,chr2,10832061,10832830,769
granulosa_14478,chr2,10883390,10885473,2083
granulosa_14479,chr2,10911192,10912555,1363
granulosa_14480,chr2,10918568,10920172,1604
granulosa_14481,chr2,10934007,10935406,1399
granulosa_14482,chr2,11129513,11130335,822
granulosa_14483,chr2,11132254,11134120,1866
granulosa_14484,chr2,11154348,11155873,1525
granulosa_14485,chr2,11342571,11345616,3045
granulosa_14486,chr2,11374209,11375158,949
granulosa_14487,chr2,11465173,11466950,1777
granulosa_14488,chr2,11481760,11484206,2446
granulosa_14489,chr2,11495607,11496618,1011
granulosa_14490,chr2,11498313,11499482,1169
granulosa_14491,chr2,11532097,11532963,866
granulosa_14492,chr2,11539287,11540893,1606
granulosa_14493,chr2,11581918,11583508,1590
granulosa_14494,chr2,11669435,11670358,923
granulosa_14495,chr2,11679450,11680764,1314
granulosa_14496,chr2,11687860,11688772,912
granulosa_14497,chr2,11743948,11744875,927
granulosa_14498,chr2,11746018,11748032,2014
granulosa_14499,chr2,11784336,11785531,1195
granulosa_14500,chr2,11829005,11830743,1738
granulosa_14501,chr2,12492873,12493730,857
granulosa_14502,chr2,12715570,12719394,3824
granulosa_14503,chr2,12931044,12932631,1587
granulosa_14504,chr2,14016326,14017126,800
granulosa_14505,chr2,14292340,14294206,1866
granulosa_14506,chr2,14400729,14402596,1867
granulosa_14507,chr2,14632037,14633837,1800
granulosa_14508,chr2,14634097,14635904,1807
granulosa_14509,chr2,15560284,15562391,2107
granulosa_14510,chr2,15591297,15592583,1286
granulosa_14511,chr2,15630222,15631151,929
granulosa_14512,chr2,15636445,15637849,1404
granulosa_14513,chr2,15730073,15730967,894
granulosa_14514,chr2,15939531,15944215,4684
granulosa_14515,chr2,15983886,15985330,1444
granulosa_14516,chr2,16012450,16014619,2169
granulosa_14517,chr2,16069482,16070895,1413
granulosa_14518,chr2,16154998,16156202,1204
granulosa_14519,chr2,16251481,16252443,962
granulosa_14520,chr2,16406192,16407858,1666
granulosa_14521,chr2,16425219,16426150,931
granulosa_14522,chr2,16500897,16502064,1167
granulosa_14523,chr2,16507437,16508639,1202
granulosa_14524,chr2,16608397,16609403,1006
granulosa_14525,chr2,16665128,16666796,1668
granulosa_14526,chr2,17083357,17085329,1972
granulosa_14527,chr2,17517720,17518985,1265
granulosa_14528,chr2,17537987,17541402,3415
granulosa_14529,chr2,17593632,17595404,1772
granulosa_14530,chr2,17627959,17629229,1270
granulosa_14531,chr2,17752662,17754977,2315
granulosa_14532,chr2,17830162,17831057,895
granulosa_14533,chr2,17877558,17879746,2188
granulosa_14534,chr2,18559336,18560985,1649
granulosa_14535,chr2,18830764,18832594,1830
granulosa_14536,chr2,18949560,18951128,1568
granulosa_14537,chr2,18990987,18992298,1311
granulosa_14538,chr2,19347431,19348801,1370
granulosa_14539,chr2,19357491,19359106,1615
granulosa_14540,chr2,19361180,19361959,779
granulosa_14541,chr2,19362344,19363743,1399
granulosa_14542,chr2,19868369,19870054,1685
granulosa_14543,chr2,19900492,19902690,2198
granulosa_14544,chr2,19989039,19990661,1622
granulosa_14545,chr2,20011889,20013516,1627
granulosa_14546,chr2,20050632,20053158,2526
granulosa_14547,chr2,20071172,20072548,1376
granulosa_14548,chr2,20073314,20074668,1354
granulosa_14549,chr2,20080227,20081503,1276
granulosa_14550,chr2,20097678,20098539,861
granulosa_14551,chr2,20222903,20225833,2930
granulosa_14552,chr2,20282654,20284482,1828
granulosa_14553,chr2,20349872,20351795,1923
granulosa_14554,chr2,20378704,20379546,842
granulosa_14555,chr2,20446310,20451113,4803
granulosa_14556,chr2,20584196,20585707,1511
granulosa_14557,chr2,20616898,20618752,1854
granulosa_14558,chr2,20633715,20636172,2457
granulosa_14559,chr2,20650126,20651801,1675
granulosa_14560,chr2,20666038,20667875,1837
granulosa_14561,chr2,20821978,20823410,1432
granulosa_14562,chr2,21042638,21044147,1509
granulosa_14563,chr2,23350977,23352464,1487
granulosa_14564,chr2,23384450,23387353,2903
granulosa_14565,chr2,23522866,23525060,2194
granulosa_14566,chr2,23532085,23533723,1638
granulosa_14567,chr2,23925724,23927989,2265
granulosa_14568,chr2,23939168,23941616,2448
granulosa_14569,chr2,24009236,24011048,1812
granulosa_14570,chr2,24046870,24047804,934
granulosa_14571,chr2,24049350,24050589,1239
granulosa_14572,chr2,24075781,24077780,1999
granulosa_14573,chr2,24083467,24085504,2037
granulosa_14574,chr2,24122473,24124290,1817
granulosa_14575,chr2,24191098,24192484,1386
granulosa_14576,chr2,24303614,24305094,1480
granulosa_14577,chr2,24359262,24361619,2357
granulosa_14578,chr2,24490011,24493131,3120
granulosa_14579,chr2,24792386,24794190,1804
granulosa_14580,chr2,24918952,24920834,1882
granulosa_14581,chr2,24970822,24972865,2043
granulosa_14582,chr2,25041125,25043502,2377
granulosa_14583,chr2,25131400,25132808,1408
granulosa_14584,chr2,25167733,25169165,1432
granulosa_14585,chr2,25209561,25210659,1098
granulosa_14586,chr2,25214758,25216558,1800
granulosa_14587,chr2,25228566,25231329,2763
granulosa_14588,chr2,25245759,25246590,831
granulosa_14589,chr2,25250253,25253377,3124
granulosa_14590,chr2,25276394,25277609,1215
granulosa_14591,chr2,25290705,25291579,874
granulosa_14592,chr2,25314071,25315560,1489
granulosa_14593,chr2,25338957,25342781,3824
granulosa_14594,chr2,25361506,25363044,1538
granulosa_14595,chr2,25376211,25377647,1436
granulosa_14596,chr2,25672275,25674227,1952
granulosa_14597,chr2,25683578,25685618,2040
granulosa_14598,chr2,25821453,25822921,1468
granulosa_14599,chr2,25877161,25878880,1719
granulosa_14600,chr2,25981585,25983279,1694
granulosa_14601,chr2,26017737,26018739,1002
granulosa_14602,chr2,26033072,26035388,2316
granulosa_14603,chr2,26172199,26174350,2151
granulosa_14604,chr2,26178575,26180061,1486
granulosa_14605,chr2,26184082,26185579,1497
granulosa_14606,chr2,26243094,26246054,2960
granulosa_14607,chr2,26297723,26300731,3008
granulosa_14608,chr2,26344615,26347341,2726
granulosa_14609,chr2,26401510,26402430,920
granulosa_14610,chr2,26502899,26504273,1374
granulosa_14611,chr2,26558270,26559071,801
granulosa_14612,chr2,26562052,26563533,1481
granulosa_14613,chr2,26691716,26693789,2073
granulosa_14614,chr2,26706503,26707544,1041
granulosa_14615,chr2,26709559,26711311,1752
granulosa_14616,chr2,26720122,26722072,1950
granulosa_14617,chr2,26723878,26724885,1007
granulosa_14618,chr2,26763777,26765176,1399
granulosa_14619,chr2,26785266,26786630,1364
granulosa_14620,chr2,26843175,26843740,565
granulosa_14621,chr2,26846287,26846807,520
granulosa_14622,chr2,26847406,26850321,2915
granulosa_14623,chr2,26970082,26971650,1568
granulosa_14624,chr2,27032103,27033990,1887
granulosa_14625,chr2,27049676,27052457,2781
granulosa_14626,chr2,27070955,27073214,2259
granulosa_14627,chr2,27078066,27079261,1195
granulosa_14628,chr2,27080831,27081623,792
granulosa_14629,chr2,27085502,27087468,1966
granulosa_14630,chr2,27118148,27119399,1251
granulosa_14631,chr2,27123257,27124554,1297
granulosa_14632,chr2,27133101,27135334,2233
granulosa_14633,chr2,27148554,27149532,978
granulosa_14634,chr2,27211122,27213066,1944
granulosa_14635,chr2,27216916,27218219,1303
granulosa_14636,chr2,27261869,27263513,1644
granulosa_14637,chr2,27264439,27265398,959
granulosa_14638,chr2,27307581,27308788,1207
granulosa_14639,chr2,27322286,27324146,1860
granulosa_14640,chr2,27355992,27357498,1506
granulosa_14641,chr2,27369503,27371703,2200
granulosa_14642,chr2,27379662,27381520,1858
granulosa_14643,chr2,27408676,27410252,1576
granulosa_14644,chr2,27427882,27430189,2307
granulosa_14645,chr2,27441155,27443478,2323
granulosa_14646,chr2,27488914,27490125,1211
granulosa_14647,chr2,27493989,27495622,1633
granulosa_14648,chr2,27582129,27583845,1716
granulosa_14649,chr2,27627900,27629876,1976
granulosa_14650,chr2,27662907,27664492,1585
granulosa_14651,chr2,27714854,27717385,2531
granulosa_14652,chr2,27735005,27736183,1178
granulosa_14653,chr2,27752107,27753389,1282
granulosa_14654,chr2,27765451,27766598,1147
granulosa_14655,chr2,27771065,27772320,1255
granulosa_14656,chr2,27889727,27891437,1710
granulosa_14657,chr2,28224317,28225739,1422
granulosa_14658,chr2,28345300,28346123,823
granulosa_14659,chr2,28355482,28357191,1709
granulosa_14660,chr2,28389972,28391295,1323
granulosa_14661,chr2,28391591,28393184,1593
granulosa_14662,chr2,28396239,28397026,787
granulosa_14663,chr2,28423278,28424784,1506
granulosa_14664,chr2,28566026,28567499,1473
granulosa_14665,chr2,28593910,28595148,1238
granulosa_14666,chr2,28663977,28665636,1659
granulosa_14667,chr2,28750347,28752631,2284
granulosa_14668,chr2,28752983,28753645,662
granulosa_14669,chr2,28809938,28811352,1414
granulosa_14670,chr2,28869474,28870924,1450
granulosa_14671,chr2,28893911,28895853,1942
granulosa_14672,chr2,28958473,28959197,724
granulosa_14673,chr2,28976405,28977132,727
granulosa_14674,chr2,29010839,29012096,1257
granulosa_14675,chr2,29014737,29017101,2364
granulosa_14676,chr2,29042087,29043068,981
granulosa_14677,chr2,29070100,29072201,2101
granulosa_14678,chr2,29114442,29116826,2384
granulosa_14679,chr2,29579705,29580758,1053
granulosa_14680,chr2,29919940,29921963,2023
granulosa_14681,chr2,30145926,30148162,2236
granulosa_14682,chr2,30164253,30165386,1133
granulosa_14683,chr2,30224770,30225875,1105
granulosa_14684,chr2,30230323,30232967,2644
granulosa_14685,chr2,30334509,30335722,1213
granulosa_14686,chr2,30446026,30448002,1976
granulosa_14687,chr2,30604100,30605519,1419
granulosa_14688,chr2,30979034,30980294,1260
granulosa_14689,chr2,31065970,31067569,1599
granulosa_14690,chr2,31136974,31139051,2077
granulosa_14691,chr2,31233138,31234826,1688
granulosa_14692,chr2,32008838,32011356,2518
granulosa_14693,chr2,32038917,32040342,1425
granulosa_14694,chr2,32062428,32064681,2253
granulosa_14695,chr2,32165103,32166532,1429
granulosa_14696,chr2,32277406,32278930,1524
granulosa_14697,chr2,32356199,32358476,2277
granulosa_14698,chr2,32627153,32628604,1451
granulosa_14699,chr2,32715164,32716226,1062
granulosa_14700,chr2,32946234,32948403,2169
granulosa_14701,chr2,33276729,33277567,838
granulosa_14702,chr2,33475337,33476969,1632
granulosa_14703,chr2,33598267,33599993,1726
granulosa_14704,chr2,35176145,35177130,985
granulosa_14705,chr2,36354937,36358628,3691
granulosa_14706,chr2,36376029,36377378,1349
granulosa_14707,chr2,36388490,36389843,1353
granulosa_14708,chr2,36597030,36598667,1637
granulosa_14709,chr2,36965295,36967336,2041
granulosa_14710,chr2,37083613,37085143,1530
granulosa_14711,chr2,37155773,37157812,2039
granulosa_14712,chr2,37195964,37197351,1387
granulosa_14713,chr2,37230581,37232664,2083
granulosa_14714,chr2,37323667,37325583,1916
granulosa_14715,chr2,37344233,37345369,1136
granulosa_14716,chr2,37670218,37672956,2738
granulosa_14717,chr2,37688639,37690027,1388
granulosa_14718,chr2,37827663,37828582,919
granulosa_14719,chr2,37919478,37920917,1439
granulosa_14720,chr2,37924696,37926019,1323
granulosa_14721,chr2,38074412,38077422,3010
granulosa_14722,chr2,38376152,38378328,2176
granulosa_14723,chr2,38466476,38468024,1548
granulosa_14724,chr2,38514700,38516162,1462
granulosa_14725,chr2,38534862,38536735,1873
granulosa_14726,chr2,38601242,38603713,2471
granulosa_14727,chr2,38665481,38666992,1511
granulosa_14728,chr2,38749812,38752005,2193
granulosa_14729,chr2,38777631,38779000,1369
granulosa_14730,chr2,38875038,38876719,1681
granulosa_14731,chr2,38959448,38961514,2066
granulosa_14732,chr2,39119663,39121536,1873
granulosa_14733,chr2,39123867,39125255,1388
granulosa_14734,chr2,39435671,39438261,2590
granulosa_14735,chr2,39664946,39667043,2097
granulosa_14736,chr2,39778285,39779566,1281
granulosa_14737,chr2,40374598,40375917,1319
granulosa_14738,chr2,40449999,40452557,2558
granulosa_14739,chr2,41720031,41721532,1501
granulosa_14740,chr2,41840428,41841653,1225
granulosa_14741,chr2,41932007,41933159,1152
granulosa_14742,chr2,41937443,41941118,3675
granulosa_14743,chr2,41963056,41964530,1474
granulosa_14744,chr2,42046108,42048942,2834
granulosa_14745,chr2,42100835,42103036,2201
granulosa_14746,chr2,42141058,42143364,2306
granulosa_14747,chr2,42168733,42170616,1883
granulosa_14748,chr2,42359953,42362007,2054
granulosa_14749,chr2,42492574,42495451,2877
granulosa_14750,chr2,42567135,42570157,3022
granulosa_14751,chr2,42721901,42723134,1233
granulosa_14752,chr2,42792109,42793927,1818
granulosa_14753,chr2,42809562,42811770,2208
granulosa_14754,chr2,42906248,42907427,1179
granulosa_14755,chr2,42924151,42925610,1459
granulosa_14756,chr2,42927402,42928809,1407
granulosa_14757,chr2,42959075,42960440,1365
granulosa_14758,chr2,42974408,42975703,1295
granulosa_14759,chr2,43031796,43033116,1320
granulosa_14760,chr2,43217864,43220468,2604
granulosa_14761,chr2,43220877,43222319,1442
granulosa_14762,chr2,43224213,43224963,750
granulosa_14763,chr2,43225559,43227958,2399
granulosa_14764,chr2,43595210,43597038,1828
granulosa_14765,chr2,43636650,43638373,1723
granulosa_14766,chr2,43723328,43725844,2516
granulosa_14767,chr2,43773676,43774960,1284
granulosa_14768,chr2,43831362,43832703,1341
granulosa_14769,chr2,43995099,43996734,1635
granulosa_14770,chr2,44044025,44044744,719
granulosa_14771,chr2,44086397,44088126,1729
granulosa_14772,chr2,44167555,44169832,2277
granulosa_14773,chr2,44360665,44362975,2310
granulosa_14774,chr2,44927815,44930566,2751
granulosa_14775,chr2,44951981,44953272,1291
granulosa_14776,chr2,44954821,44955956,1135
granulosa_14777,chr2,45008516,45010576,2060
granulosa_14778,chr2,45013269,45014759,1490
granulosa_14779,chr2,45168624,45171539,2915
granulosa_14780,chr2,45610088,45611584,1496
granulosa_14781,chr2,45642968,45644198,1230
granulosa_14782,chr2,45649604,45652971,3367
granulosa_14783,chr2,45689712,45691987,2275
granulosa_14784,chr2,45736422,45738054,1632
granulosa_14785,chr2,45793059,45794729,1670
granulosa_14786,chr2,45935823,45936732,909
granulosa_14787,chr2,46090600,46091594,994
granulosa_14788,chr2,46097387,46098316,929
granulosa_14789,chr2,46296438,46300070,3632
granulosa_14790,chr2,46499392,46500562,1170
granulosa_14791,chr2,46541443,46544472,3029
granulosa_14792,chr2,46615674,46617955,2281
granulosa_14793,chr2,46662228,46663275,1047
granulosa_14794,chr2,46698178,46700285,2107
granulosa_14795,chr2,46811987,46813450,1463
granulosa_14796,chr2,46846544,46848274,1730
granulosa_14797,chr2,46848420,46851165,2745
granulosa_14798,chr2,46914622,46916784,2162
granulosa_14799,chr2,46939376,46942457,3081
granulosa_14800,chr2,46986372,46987868,1496
granulosa_14801,chr2,46988135,46989548,1413
granulosa_14802,chr2,47007061,47009619,2558
granulosa_14803,chr2,47032991,47035612,2621
granulosa_14804,chr2,47042699,47044171,1472
granulosa_14805,chr2,47174862,47177256,2394
granulosa_14806,chr2,47205090,47206441,1351
granulosa_14807,chr2,47271721,47272802,1081
granulosa_14808,chr2,47306738,47307526,788
granulosa_14809,chr2,47322874,47323650,776
granulosa_14810,chr2,47344332,47346112,1780
granulosa_14811,chr2,47368835,47370180,1345
granulosa_14812,chr2,47402021,47404013,1992
granulosa_14813,chr2,47520657,47521823,1166
granulosa_14814,chr2,47569617,47572045,2428
granulosa_14815,chr2,47653683,47655703,2020
granulosa_14816,chr2,47776422,47778163,1741
granulosa_14817,chr2,47782259,47784695,2436
granulosa_14818,chr2,47904190,47907183,2993
granulosa_14819,chr2,48105817,48107209,1392
granulosa_14820,chr2,48111009,48112377,1368
granulosa_14821,chr2,48313914,48316189,2275
granulosa_14822,chr2,48439948,48441672,1724
granulosa_14823,chr2,48470623,48471555,932
granulosa_14824,chr2,48529349,48531721,2372
granulosa_14825,chr2,49152642,49155186,2544
granulosa_14826,chr2,49224079,49225670,1591
granulosa_14827,chr2,49973584,49974786,1202
granulosa_14828,chr2,50346050,50348126,2076
granulosa_14829,chr2,50397731,50398982,1251
granulosa_14830,chr2,51031625,51032753,1128
granulosa_14831,chr2,53767167,53768415,1248
granulosa_14832,chr2,53785704,53788118,2414
granulosa_14833,chr2,53859204,53860381,1177
granulosa_14834,chr2,53968698,53971998,3300
granulosa_14835,chr2,54029251,54030767,1516
granulosa_14836,chr2,54114567,54116137,1570
granulosa_14837,chr2,54205958,54206906,948
granulosa_14838,chr2,54329721,54331817,2096
granulosa_14839,chr2,54359747,54360943,1196
granulosa_14840,chr2,54455041,54458049,3008
granulosa_14841,chr2,54557487,54559348,1861
granulosa_14842,chr2,54559530,54560777,1247
granulosa_14843,chr2,54569746,54573248,3502
granulosa_14844,chr2,54708380,54709845,1465
granulosa_14845,chr2,54722619,54725471,2852
granulosa_14846,chr2,54897800,54900155,2355
granulosa_14847,chr2,55048533,55051544,3011
granulosa_14848,chr2,55119655,55121283,1628
granulosa_14849,chr2,55222806,55225953,3147
granulosa_14850,chr2,55231420,55233423,2003
granulosa_14851,chr2,55268210,55270000,1790
granulosa_14852,chr2,55281676,55282834,1158
granulosa_14853,chr2,55418554,55420614,2060
granulosa_14854,chr2,55518778,55520737,1959
granulosa_14855,chr2,55616389,55619004,2615
granulosa_14856,chr2,55692719,55694116,1397
granulosa_14857,chr2,55922222,55924162,1940
granulosa_14858,chr2,56183427,56185976,2549
granulosa_14859,chr2,56248844,56250162,1318
granulosa_14860,chr2,57758626,57760388,1762
granulosa_14861,chr2,58046048,58047760,1712
granulosa_14862,chr2,58240263,58241597,1334
granulosa_14863,chr2,58427366,58429522,2156
granulosa_14864,chr2,59584918,59586376,1458
granulosa_14865,chr2,60215136,60216924,1788
granulosa_14866,chr2,60529327,60531718,2391
granulosa_14867,chr2,60549237,60551021,1784
granulosa_14868,chr2,60553213,60555721,2508
granulosa_14869,chr2,60568077,60570224,2147
granulosa_14870,chr2,60581308,60582154,846
granulosa_14871,chr2,60755671,60757396,1725
granulosa_14872,chr2,60847572,60849041,1469
granulosa_14873,chr2,60880474,60882692,2218
granulosa_14874,chr2,61016130,61018653,2523
granulosa_14875,chr2,61065219,61066662,1443
granulosa_14876,chr2,61143858,61145570,1712
granulosa_14877,chr2,61176432,61178288,1856
granulosa_14878,chr2,61469703,61472249,2546
granulosa_14879,chr2,61536156,61539483,3327
granulosa_14880,chr2,61694029,61695453,1424
granulosa_14881,chr2,61763138,61764831,1693
granulosa_14882,chr2,61853050,61855495,2445
granulosa_14883,chr2,61887168,61889557,2389
granulosa_14884,chr2,61905130,61906254,1124
granulosa_14885,chr2,62194658,62197968,3310
granulosa_14886,chr2,62207738,62209043,1305
granulosa_14887,chr2,62231287,62232276,989
granulosa_14888,chr2,62410716,62412518,1802
granulosa_14889,chr2,62456606,62457859,1253
granulosa_14890,chr2,62505154,62506757,1603
granulosa_14891,chr2,62662344,62665088,2744
granulosa_14892,chr2,62704694,62706748,2054
granulosa_14893,chr2,63047220,63048923,1703
granulosa_14894,chr2,63049885,63051443,1558
granulosa_14895,chr2,63058054,63060040,1986
granulosa_14896,chr2,63587581,63589450,1869
granulosa_14897,chr2,63779968,63781224,1256
granulosa_14898,chr2,63840132,63843115,2983
granulosa_14899,chr2,64017757,64020082,2325
granulosa_14900,chr2,64142920,64144831,1911
granulosa_14901,chr2,64227362,64228816,1454
granulosa_14902,chr2,64272326,64274576,2250
granulosa_14903,chr2,64453062,64455208,2146
granulosa_14904,chr2,64522805,64525401,2596
granulosa_14905,chr2,64608840,64609936,1096
granulosa_14906,chr2,64644007,64645396,1389
granulosa_14907,chr2,64652184,64654815,2631
granulosa_14908,chr2,64749915,64752287,2372
granulosa_14909,chr2,64766657,64768754,2097
granulosa_14910,chr2,64858949,64860438,1489
granulosa_14911,chr2,64864443,64865972,1529
granulosa_14912,chr2,64988203,64990547,2344
granulosa_14913,chr2,65030784,65032650,1866
granulosa_14914,chr2,65040363,65041949,1586
granulosa_14915,chr2,65055448,65057310,1862
granulosa_14916,chr2,65129087,65131032,1945
granulosa_14917,chr2,65226870,65228668,1798
granulosa_14918,chr2,65382192,65384255,2063
granulosa_14919,chr2,65430239,65433108,2869
granulosa_14920,chr2,65435540,65437175,1635
granulosa_14921,chr2,65661765,65663628,1863
granulosa_14922,chr2,66425366,66427638,2272
granulosa_14923,chr2,66432504,66433766,1262
granulosa_14924,chr2,66433936,66435502,1566
granulosa_14925,chr2,66445124,66447073,1949
granulosa_14926,chr2,66507441,66509067,1626
granulosa_14927,chr2,66554271,66556140,1869
granulosa_14928,chr2,66574619,66578710,4091
granulosa_14929,chr2,66581018,66584254,3236
granulosa_14930,chr2,67205220,67206133,913
granulosa_14931,chr2,67235494,67236701,1207
granulosa_14932,chr2,67396840,67398218,1378
granulosa_14933,chr2,67560519,67561988,1469
granulosa_14934,chr2,67845386,67846778,1392
granulosa_14935,chr2,68062142,68063424,1282
granulosa_14936,chr2,68156587,68158449,1862
granulosa_14937,chr2,68250842,68254011,3169
granulosa_14938,chr2,68318324,68320632,2308
granulosa_14939,chr2,68466270,68468023,1753
granulosa_14940,chr2,68642847,68644517,1670
granulosa_14941,chr2,68774225,68775508,1283
granulosa_14942,chr2,68828778,68829793,1015
granulosa_14943,chr2,69012533,69014870,2337
granulosa_14944,chr2,69305993,69307780,1787
granulosa_14945,chr2,69386312,69388114,1802
granulosa_14946,chr2,69436324,69438073,1749
granulosa_14947,chr2,69642368,69644640,2272
granulosa_14948,chr2,69682410,69683979,1569
granulosa_14949,chr2,69741054,69742981,1927
granulosa_14950,chr2,69780759,69782287,1528
granulosa_14951,chr2,69789108,69791330,2222
granulosa_14952,chr2,69797555,69799490,1935
granulosa_14953,chr2,69817681,69819017,1336
granulosa_14954,chr2,69828916,69830778,1862
granulosa_14955,chr2,69893466,69894896,1430
granulosa_14956,chr2,69913913,69915925,2012
granulosa_14957,chr2,70086103,70088589,2486
granulosa_14958,chr2,70089183,70089902,719
granulosa_14959,chr2,70123098,70125524,2426
granulosa_14960,chr2,70141060,70143071,2011
granulosa_14961,chr2,70143241,70143830,589
granulosa_14962,chr2,70189880,70191352,1472
granulosa_14963,chr2,70247008,70249174,2166
granulosa_14964,chr2,70257224,70258917,1693
granulosa_14965,chr2,70292629,70294350,1721
granulosa_14966,chr2,70300992,70302343,1351
granulosa_14967,chr2,70552511,70554495,1984
granulosa_14968,chr2,70557017,70557610,593
granulosa_14969,chr2,70766967,70768656,1689
granulosa_14970,chr2,70789352,70790904,1552
granulosa_14971,chr2,70861549,70862534,985
granulosa_14972,chr2,70870776,70872213,1437
granulosa_14973,chr2,70887293,70889716,2423
granulosa_14974,chr2,70899228,70902001,2773
granulosa_14975,chr2,70931216,70931934,718
granulosa_14976,chr2,70948091,70948970,879
granulosa_14977,chr2,70964523,70965603,1080
granulosa_14978,chr2,70976588,70977658,1070
granulosa_14979,chr2,70977835,70979358,1523
granulosa_14980,chr2,70993519,70995707,2188
granulosa_14981,chr2,71067535,71069429,1894
granulosa_14982,chr2,71129107,71131390,2283
granulosa_14983,chr2,71225815,71227818,2003
granulosa_14984,chr2,71275851,71278112,2261
granulosa_14985,chr2,71331146,71332746,1600
granulosa_14986,chr2,71453072,71454956,1884
granulosa_14987,chr2,71465606,71467369,1763
granulosa_14988,chr2,71630056,71632058,2002
granulosa_14989,chr2,71882348,71883694,1346
granulosa_14990,chr2,72129745,72131831,2086
granulosa_14991,chr2,72138244,72139394,1150
granulosa_14992,chr2,72139650,72140390,740
granulosa_14993,chr2,72142682,72143868,1186
granulosa_14994,chr2,72144322,72145921,1599
granulosa_14995,chr2,72147350,72147837,487
granulosa_14996,chr2,72148428,72149393,965
granulosa_14997,chr2,72149665,72150643,978
granulosa_14998,chr2,72271270,72272746,1476
granulosa_14999,chr2,72825101,72826241,1140
granulosa_15000,chr2,72862147,72863401,1254
granulosa_15001,chr2,72886798,72888198,1400
granulosa_15002,chr2,72915682,72916502,820
granulosa_15003,chr2,72916859,72918818,1959
granulosa_15004,chr2,72919921,72921115,1194
granulosa_15005,chr2,72923912,72925682,1770
granulosa_15006,chr2,72962877,72964397,1520
granulosa_15007,chr2,72985569,72986502,933
granulosa_15008,chr2,73069958,73072330,2372
granulosa_15009,chr2,73111392,73113731,2339
granulosa_15010,chr2,73175107,73178116,3009
granulosa_15011,chr2,73201882,73203686,1804
granulosa_15012,chr2,73213570,73214832,1262
granulosa_15013,chr2,73232706,73235105,2399
granulosa_15014,chr2,73268486,73270113,1627
granulosa_15015,chr2,73283025,73285482,2457
granulosa_15016,chr2,73290911,73292457,1546
granulosa_15017,chr2,73293029,73293907,878
granulosa_15018,chr2,73385202,73386899,1697
granulosa_15019,chr2,73736430,73737924,1494
granulosa_15020,chr2,73758736,73760322,1586
granulosa_15021,chr2,73778951,73780375,1424
granulosa_15022,chr2,73828414,73829872,1458
granulosa_15023,chr2,73926329,73927336,1007
granulosa_15024,chr2,73983390,73986027,2637
granulosa_15025,chr2,73987417,73988411,994
granulosa_15026,chr2,73999814,74000615,801
granulosa_15027,chr2,74002073,74004393,2320
granulosa_15028,chr2,74031982,74033152,1170
granulosa_15029,chr2,74119790,74120748,958
granulosa_15030,chr2,74146755,74148821,2066
granulosa_15031,chr2,74177763,74179402,1639
granulosa_15032,chr2,74197977,74200214,2237
granulosa_15033,chr2,74373898,74375103,1205
granulosa_15034,chr2,74390568,74392566,1998
granulosa_15035,chr2,74414109,74416111,2002
granulosa_15036,chr2,74420954,74422459,1505
granulosa_15037,chr2,74439570,74442503,2933
granulosa_15038,chr2,74454596,74455428,832
granulosa_15039,chr2,74457123,74458824,1701
granulosa_15040,chr2,74464361,74465811,1450
granulosa_15041,chr2,74471471,74473071,1600
granulosa_15042,chr2,74481694,74483653,1959
granulosa_15043,chr2,74497655,74499952,2297
granulosa_15044,chr2,74502496,74503523,1027
granulosa_15045,chr2,74506955,74508796,1841
granulosa_15046,chr2,74513619,74516690,3071
granulosa_15047,chr2,74528988,74531087,2099
granulosa_15048,chr2,74548337,74549782,1445
granulosa_15049,chr2,74553003,74555525,2522
granulosa_15050,chr2,74653483,74654990,1507
granulosa_15051,chr2,74714732,74716114,1382
granulosa_15052,chr2,74777966,74779182,1216
granulosa_15053,chr2,74833458,74836728,3270
granulosa_15054,chr2,74867550,74869030,1480
granulosa_15055,chr2,74919500,74920407,907
granulosa_15056,chr2,74958002,74959125,1123
granulosa_15057,chr2,75019464,75022013,2549
granulosa_15058,chr2,75198878,75201215,2337
granulosa_15059,chr2,75559800,75561570,1770
granulosa_15060,chr2,75646121,75648039,1918
granulosa_15061,chr2,75709867,75711323,1456
granulosa_15062,chr2,76684319,76685708,1389
granulosa_15063,chr2,78778701,78781452,2751
granulosa_15064,chr2,78992428,78993923,1495
granulosa_15065,chr2,79512177,79513481,1304
granulosa_15066,chr2,80302143,80304843,2700
granulosa_15067,chr2,80361396,80362723,1327
granulosa_15068,chr2,84194546,84196121,1575
granulosa_15069,chr2,84458310,84460100,1790
granulosa_15070,chr2,84515748,84516887,1139
granulosa_15071,chr2,84796876,84797946,1070
granulosa_15072,chr2,84879512,84882439,2927
granulosa_15073,chr2,84884640,84885598,958
granulosa_15074,chr2,84904406,84907780,3374
granulosa_15075,chr2,84925496,84927304,1808
granulosa_15076,chr2,84969949,84972343,2394
granulosa_15077,chr2,85050402,85051472,1070
granulosa_15078,chr2,85065793,85067427,1634
granulosa_15079,chr2,85132483,85135321,2838
granulosa_15080,chr2,85255272,85256670,1398
granulosa_15081,chr2,85276683,85278664,1981
granulosa_15082,chr2,85285113,85285808,695
granulosa_15083,chr2,85308676,85310674,1998
granulosa_15084,chr2,85326132,85328576,2444
granulosa_15085,chr2,85353607,85355641,2034
granulosa_15086,chr2,85412898,85414293,1395
granulosa_15087,chr2,85418043,85419221,1178
granulosa_15088,chr2,85420450,85421990,1540
granulosa_15089,chr2,85430403,85431466,1063
granulosa_15090,chr2,85437118,85439248,2130
granulosa_15091,chr2,85445378,85446581,1203
granulosa_15092,chr2,85456504,85457507,1003
granulosa_15093,chr2,85537646,85540405,2759
granulosa_15094,chr2,85545333,85548064,2731
granulosa_15095,chr2,85560627,85562226,1599
granulosa_15096,chr2,85584006,85586076,2070
granulosa_15097,chr2,85594532,85596263,1731
granulosa_15098,chr2,85601717,85603528,1811
granulosa_15099,chr2,85611281,85612568,1287
granulosa_15100,chr2,85615628,85616821,1193
granulosa_15101,chr2,85678450,85679575,1125
granulosa_15102,chr2,85741483,85743048,1565
granulosa_15103,chr2,85750548,85751443,895
granulosa_15104,chr2,85753153,85755541,2388
granulosa_15105,chr2,85763583,85764249,666
granulosa_15106,chr2,85771813,85773453,1640
granulosa_15107,chr2,85813917,85815346,1429
granulosa_15108,chr2,85826986,85828469,1483
granulosa_15109,chr2,85886153,85887012,859
granulosa_15110,chr2,85887455,85889819,2364
granulosa_15111,chr2,85920983,85922687,1704
granulosa_15112,chr2,86035674,86037823,2149
granulosa_15113,chr2,86105088,86106740,1652
granulosa_15114,chr2,86114255,86116143,1888
granulosa_15115,chr2,86194431,86196105,1674
granulosa_15116,chr2,86199158,86199789,631
granulosa_15117,chr2,86222475,86224157,1682
granulosa_15118,chr2,86249089,86250397,1308
granulosa_15119,chr2,86300750,86301436,686
granulosa_15120,chr2,86335853,86338399,2546
granulosa_15121,chr2,86367917,86368682,765
granulosa_15122,chr2,86440451,86443181,2730
granulosa_15123,chr2,86562252,86563801,1549
granulosa_15124,chr2,86622181,86624112,1931
granulosa_15125,chr2,86719535,86721569,2034
granulosa_15126,chr2,86788656,86791926,3270
granulosa_15127,chr2,86807125,86809022,1897
granulosa_15128,chr2,87074973,87077130,2157
granulosa_15129,chr2,88015457,88017721,2264
granulosa_15130,chr2,88054367,88056301,1934
granulosa_15131,chr2,88169644,88171276,1632
granulosa_15132,chr2,88211897,88212817,920
granulosa_15133,chr2,88451463,88453331,1868
granulosa_15134,chr2,88626181,88628415,2234
granulosa_15135,chr2,88690964,88692714,1750
granulosa_15136,chr2,88764508,88766324,1816
granulosa_15137,chr2,94207562,94209521,1959
granulosa_15138,chr2,95024309,95027281,2972
granulosa_15139,chr2,95076515,95077497,982
granulosa_15140,chr2,95121009,95122476,1467
granulosa_15141,chr2,95158601,95160441,1840
granulosa_15142,chr2,95165048,95166317,1269
granulosa_15143,chr2,95205692,95208058,2366
granulosa_15144,chr2,95295865,95298266,2401
granulosa_15145,chr2,95345067,95347430,2363
granulosa_15146,chr2,95391594,95392915,1321
granulosa_15147,chr2,95401657,95403603,1946
granulosa_15148,chr2,95525267,95527387,2120
granulosa_15149,chr2,95681709,95683740,2031
granulosa_15150,chr2,95990933,95993113,2180
granulosa_15151,chr2,96009602,96010632,1030
granulosa_15152,chr2,96089129,96090722,1593
granulosa_15153,chr2,96115762,96117501,1739
granulosa_15154,chr2,96138172,96139013,841
granulosa_15155,chr2,96142394,96143098,704
granulosa_15156,chr2,96144553,96145712,1159
granulosa_15157,chr2,96145963,96147239,1276
granulosa_15158,chr2,96148250,96149037,787
granulosa_15159,chr2,96163334,96164417,1083
granulosa_15160,chr2,96207075,96209330,2255
granulosa_15161,chr2,96260148,96261096,948
granulosa_15162,chr2,96264787,96266869,2082
granulosa_15163,chr2,96304724,96306648,1924
granulosa_15164,chr2,96320974,96322331,1357
granulosa_15165,chr2,96324805,96326161,1356
granulosa_15166,chr2,96334999,96336504,1505
granulosa_15167,chr2,96408278,96410262,1984
granulosa_15168,chr2,96469895,96471086,1191
granulosa_15169,chr2,96502733,96503509,776
granulosa_15170,chr2,96507846,96509948,2102
granulosa_15171,chr2,96527084,96528888,1804
granulosa_15172,chr2,96531719,96532509,790
granulosa_15173,chr2,96536197,96538198,2001
granulosa_15174,chr2,96636594,96638747,2153
granulosa_15175,chr2,96684545,96686441,1896
granulosa_15176,chr2,96739244,96740639,1395
granulosa_15177,chr2,96760296,96761668,1372
granulosa_15178,chr2,96762556,96764562,2006
granulosa_15179,chr2,96800317,96801836,1519
granulosa_15180,chr2,96815268,96817542,2274
granulosa_15181,chr2,96822989,96824794,1805
granulosa_15182,chr2,96832454,96833722,1268
granulosa_15183,chr2,96838849,96840010,1161
granulosa_15184,chr2,96856964,96859948,2984
granulosa_15185,chr2,96867720,96870495,2775
granulosa_15186,chr2,96926867,96928890,2023
granulosa_15187,chr2,96949976,96951515,1539
granulosa_15188,chr2,96960178,96960997,819
granulosa_15189,chr2,97112228,97114159,1931
granulosa_15190,chr2,97589213,97591087,1874
granulosa_15191,chr2,97645051,97646865,1814
granulosa_15192,chr2,97662581,97664731,2150
granulosa_15193,chr2,97711636,97713862,2226
granulosa_15194,chr2,97994919,97996640,1721
granulosa_15195,chr2,98086395,98087515,1120
granulosa_15196,chr2,98346101,98347695,1594
granulosa_15197,chr2,98444215,98446534,2319
granulosa_15198,chr2,98479537,98481294,1757
granulosa_15199,chr2,98607569,98609745,2176
granulosa_15200,chr2,98729907,98731873,1966
granulosa_15201,chr2,98821629,98823882,2253
granulosa_15202,chr2,98908876,98910129,1253
granulosa_15203,chr2,98912190,98912982,792
granulosa_15204,chr2,98934950,98937377,2427
granulosa_15205,chr2,99140249,99142068,1819
granulosa_15206,chr2,99153778,99155931,2153
granulosa_15207,chr2,99180523,99181905,1382
granulosa_15208,chr2,99335551,99338412,2861
granulosa_15209,chr2,99467849,99469074,1225
granulosa_15210,chr2,99488510,99491051,2541
granulosa_15211,chr2,99636171,99637647,1476
granulosa_15212,chr2,99881469,99882847,1378
granulosa_15213,chr2,100104341,100107190,2849
granulosa_15214,chr2,100196810,100199246,2436
granulosa_15215,chr2,100281394,100282393,999
granulosa_15216,chr2,100290650,100292634,1984
granulosa_15217,chr2,100320547,100322842,2295
granulosa_15218,chr2,100416461,100418166,1705
granulosa_15219,chr2,100561828,100563935,2107
granulosa_15220,chr2,100817916,100821079,3163
granulosa_15221,chr2,101001576,101003495,1919
granulosa_15222,chr2,101150502,101153027,2525
granulosa_15223,chr2,101251829,101254074,2245
granulosa_15224,chr2,101307644,101309241,1597
granulosa_15225,chr2,101338527,101340615,2088
granulosa_15226,chr2,101386326,101387861,1535
granulosa_15227,chr2,101473358,101475235,1877
granulosa_15228,chr2,101579753,101580932,1179
granulosa_15229,chr2,101696178,101699787,3609
granulosa_15230,chr2,102057122,102058473,1351
granulosa_15231,chr2,102063403,102064912,1509
granulosa_15232,chr2,102068866,102070823,1957
granulosa_15233,chr2,102141119,102143996,2877
granulosa_15234,chr2,102186711,102188170,1459
granulosa_15235,chr2,102240214,102241235,1021
granulosa_15236,chr2,102249877,102251889,2012
granulosa_15237,chr2,102355391,102356492,1101
granulosa_15238,chr2,102618334,102620102,1768
granulosa_15239,chr2,102735609,102737370,1761
granulosa_15240,chr2,102848185,102849174,989
granulosa_15241,chr2,104852887,104854371,1484
granulosa_15242,chr2,104854635,104855764,1129
granulosa_15243,chr2,104871957,104874093,2136
granulosa_15244,chr2,105037151,105038883,1732
granulosa_15245,chr2,105143290,105144685,1395
granulosa_15246,chr2,105328294,105330345,2051
granulosa_15247,chr2,105336797,105338262,1465
granulosa_15248,chr2,105397976,105399496,1520
granulosa_15249,chr2,105409547,105411001,1454
granulosa_15250,chr2,105425195,105427297,2102
granulosa_15251,chr2,105431441,105433036,1595
granulosa_15252,chr2,105437586,105439344,1758
granulosa_15253,chr2,105697401,105698443,1042
granulosa_15254,chr2,105743818,105746623,2805
granulosa_15255,chr2,105779187,105780018,831
granulosa_15256,chr2,105811342,105813047,1705
granulosa_15257,chr2,106020009,106021817,1808
granulosa_15258,chr2,106064932,106066759,1827
granulosa_15259,chr2,106192809,106194847,2038
granulosa_15260,chr2,106575640,106577142,1502
granulosa_15261,chr2,106581256,106582853,1597
granulosa_15262,chr2,106885115,106887747,2632
granulosa_15263,chr2,108377191,108378971,1780
granulosa_15264,chr2,108448223,108450168,1945
granulosa_15265,chr2,108533290,108535551,2261
granulosa_15266,chr2,108636127,108637993,1866
granulosa_15267,chr2,108718382,108720029,1647
granulosa_15268,chr2,108785895,108787503,1608
granulosa_15269,chr2,108934933,108937270,2337
granulosa_15270,chr2,108957158,108958688,1530
granulosa_15271,chr2,108988525,108989646,1121
granulosa_15272,chr2,109031146,109032827,1681
granulosa_15273,chr2,109127818,109130731,2913
granulosa_15274,chr2,109260891,109261752,861
granulosa_15275,chr2,109305425,109306765,1340
granulosa_15276,chr2,109317500,109320743,3243
granulosa_15277,chr2,109409973,109411505,1532
granulosa_15278,chr2,109612863,109615540,2677
granulosa_15279,chr2,109690239,109691540,1301
granulosa_15280,chr2,109699547,109701733,2186
granulosa_15281,chr2,110100019,110102214,2195
granulosa_15282,chr2,110204100,110205354,1254
granulosa_15283,chr2,110211649,110212883,1234
granulosa_15284,chr2,110674626,110675503,877
granulosa_15285,chr2,110677606,110679726,2120
granulosa_15286,chr2,110694545,110695544,999
granulosa_15287,chr2,110731924,110733557,1633
granulosa_15288,chr2,110770077,110771536,1459
granulosa_15289,chr2,111049068,111050565,1497
granulosa_15290,chr2,111116831,111117339,508
granulosa_15291,chr2,111120178,111121630,1452
granulosa_15292,chr2,111121837,111123415,1578
granulosa_15293,chr2,111883424,111884903,1479
granulosa_15294,chr2,111897344,111899655,2311
granulosa_15295,chr2,111926599,111928286,1687
granulosa_15296,chr2,111945727,111947067,1340
granulosa_15297,chr2,112053925,112056731,2806
granulosa_15298,chr2,112254234,112255438,1204
granulosa_15299,chr2,112275030,112276533,1503
granulosa_15300,chr2,112480613,112483411,2798
granulosa_15301,chr2,112541337,112543547,2210
granulosa_15302,chr2,112583516,112585238,1722
granulosa_15303,chr2,112630309,112631901,1592
granulosa_15304,chr2,112645007,112646990,1983
granulosa_15305,chr2,112726206,112727077,871
granulosa_15306,chr2,112763653,112765345,1692
granulosa_15307,chr2,112851537,112852647,1110
granulosa_15308,chr2,113156319,113158637,2318
granulosa_15309,chr2,113166855,113167849,994
granulosa_15310,chr2,113198436,113199549,1113
granulosa_15311,chr2,113203854,113204623,769
granulosa_15312,chr2,113211270,113213091,1821
granulosa_15313,chr2,113216890,113218736,1846
granulosa_15314,chr2,113234832,113235866,1034
granulosa_15315,chr2,113239958,113241646,1688
granulosa_15316,chr2,113276881,113279200,2319
granulosa_15317,chr2,113323870,113325793,1923
granulosa_15318,chr2,113354710,113356493,1783
granulosa_15319,chr2,113502007,113503921,1914
granulosa_15320,chr2,113540902,113542419,1517
granulosa_15321,chr2,113583292,113584210,918
granulosa_15322,chr2,113601959,113604449,2490
granulosa_15323,chr2,113626554,113627694,1140
granulosa_15324,chr2,113705706,113706707,1001
granulosa_15325,chr2,113754998,113757474,2476
granulosa_15326,chr2,113817676,113819267,1591
granulosa_15327,chr2,113826114,113827342,1228
granulosa_15328,chr2,113889107,113891573,2466
granulosa_15329,chr2,113977399,113978487,1088
granulosa_15330,chr2,114542675,114543925,1250
granulosa_15331,chr2,114661476,114662884,1408
granulosa_15332,chr2,115160453,115163372,2919
granulosa_15333,chr2,115440071,115441706,1635
granulosa_15334,chr2,115773613,115774845,1232
granulosa_15335,chr2,117086638,117088484,1846
granulosa_15336,chr2,117522956,117524203,1247
granulosa_15337,chr2,117814162,117815502,1340
granulosa_15338,chr2,117835627,117836850,1223
granulosa_15339,chr2,117849773,117851151,1378
granulosa_15340,chr2,118012755,118015104,2349
granulosa_15341,chr2,118087771,118089767,1996
granulosa_15342,chr2,118185186,118186835,1649
granulosa_15343,chr2,118223501,118225356,1855
granulosa_15344,chr2,118309429,118311370,1941
granulosa_15345,chr2,118773789,118775190,1401
granulosa_15346,chr2,118834572,118836541,1969
granulosa_15347,chr2,118855381,118856128,747
granulosa_15348,chr2,119222987,119224501,1514
granulosa_15349,chr2,119365705,119368003,2298
granulosa_15350,chr2,119431146,119432727,1581
granulosa_15351,chr2,119439633,119441183,1550
granulosa_15352,chr2,119543877,119545344,1467
granulosa_15353,chr2,119678128,119679633,1505
granulosa_15354,chr2,119683547,119684798,1251
granulosa_15355,chr2,119694265,119696116,1851
granulosa_15356,chr2,119759063,119761245,2182
granulosa_15357,chr2,120012413,120013807,1394
granulosa_15358,chr2,120222415,120223949,1534
granulosa_15359,chr2,120251951,120253896,1945
granulosa_15360,chr2,120312709,120314183,1474
granulosa_15361,chr2,120343151,120343740,589
granulosa_15362,chr2,120344237,120347712,3475
granulosa_15363,chr2,120388336,120389627,1291
granulosa_15364,chr2,120395281,120396510,1229
granulosa_15365,chr2,120441803,120443552,1749
granulosa_15366,chr2,120552220,120553534,1314
granulosa_15367,chr2,120695371,120696220,849
granulosa_15368,chr2,120734933,120738106,3173
granulosa_15369,chr2,120740814,120742373,1559
granulosa_15370,chr2,120757573,120759044,1471
granulosa_15371,chr2,120765243,120766588,1345
granulosa_15372,chr2,120779518,120781049,1531
granulosa_15373,chr2,120797071,120798286,1215
granulosa_15374,chr2,120866923,120868413,1490
granulosa_15375,chr2,120886452,120888516,2064
granulosa_15376,chr2,120911723,120913176,1453
granulosa_15377,chr2,120934329,120936065,1736
granulosa_15378,chr2,121018207,121019519,1312
granulosa_15379,chr2,121038552,121039898,1346
granulosa_15380,chr2,121074231,121076450,2219
granulosa_15381,chr2,121260348,121261438,1090
granulosa_15382,chr2,121284035,121285592,1557
granulosa_15383,chr2,121479782,121481255,1473
granulosa_15384,chr2,121529518,121532130,2612
granulosa_15385,chr2,121595470,121597033,1563
granulosa_15386,chr2,121648104,121650892,2788
granulosa_15387,chr2,121735539,121738152,2613
granulosa_15388,chr2,121754874,121756644,1770
granulosa_15389,chr2,124024492,124025797,1305
granulosa_15390,chr2,126655612,126658362,2750
granulosa_15391,chr2,126776253,126777692,1439
granulosa_15392,chr2,126885437,126887265,1828
granulosa_15393,chr2,126971331,126972522,1191
granulosa_15394,chr2,127024484,127026098,1614
granulosa_15395,chr2,127072405,127074643,2238
granulosa_15396,chr2,127083806,127084569,763
granulosa_15397,chr2,127086820,127088092,1272
granulosa_15398,chr2,127105155,127107947,2792
granulosa_15399,chr2,127218647,127221119,2472
granulosa_15400,chr2,127293271,127294845,1574
granulosa_15401,chr2,127386767,127388644,1877
granulosa_15402,chr2,127407546,127408944,1398
granulosa_15403,chr2,127415639,127416787,1148
granulosa_15404,chr2,127422337,127424113,1776
granulosa_15405,chr2,127525171,127527473,2302
granulosa_15406,chr2,127673978,127676272,2294
granulosa_15407,chr2,127682558,127684395,1837
granulosa_15408,chr2,127695085,127696222,1137
granulosa_15409,chr2,127700546,127702461,1915
granulosa_15410,chr2,127809959,127811840,1881
granulosa_15411,chr2,127857295,127858445,1150
granulosa_15412,chr2,127859682,127860996,1314
granulosa_15413,chr2,127884239,127886800,2561
granulosa_15414,chr2,128026471,128028753,2282
granulosa_15415,chr2,128090010,128092190,2180
granulosa_15416,chr2,128232575,128233873,1298
granulosa_15417,chr2,128304777,128306657,1880
granulosa_15418,chr2,128309238,128309887,649
granulosa_15419,chr2,128313204,128313813,609
granulosa_15420,chr2,128318651,128319469,818
granulosa_15421,chr2,128321571,128323121,1550
granulosa_15422,chr2,128346224,128349395,3171
granulosa_15423,chr2,128378493,128379917,1424
granulosa_15424,chr2,128494039,128495429,1390
granulosa_15425,chr2,128736073,128737630,1557
granulosa_15426,chr2,129876626,129878662,2036
granulosa_15427,chr2,129922621,129924124,1503
granulosa_15428,chr2,129979205,129980129,924
granulosa_15429,chr2,130143351,130145445,2094
granulosa_15430,chr2,130155389,130156406,1017
granulosa_15431,chr2,130180763,130182579,1816
granulosa_15432,chr2,130182865,130184370,1505
granulosa_15433,chr2,130332123,130332917,794
granulosa_15434,chr2,130336791,130337699,908
granulosa_15435,chr2,130341590,130343479,1889
granulosa_15436,chr2,130355214,130356686,1472
granulosa_15437,chr2,130371642,130373159,1517
granulosa_15438,chr2,130390496,130392306,1810
granulosa_15439,chr2,130726716,130728483,1767
granulosa_15440,chr2,130755142,130756796,1654
granulosa_15441,chr2,130797075,130799188,2113
granulosa_15442,chr2,130836172,130837891,1719
granulosa_15443,chr2,130963072,130964840,1768
granulosa_15444,chr2,131033981,131036031,2050
granulosa_15445,chr2,131092391,131094012,1621
granulosa_15446,chr2,131104502,131106690,2188
granulosa_15447,chr2,131153682,131155994,2312
granulosa_15448,chr2,131424448,131425926,1478
granulosa_15449,chr2,131491953,131493968,2015
granulosa_15450,chr2,131527228,131529463,2235
granulosa_15451,chr2,131671994,131674281,2287
granulosa_15452,chr2,131681669,131683306,1637
granulosa_15453,chr2,131721247,131722577,1330
granulosa_15454,chr2,131801224,131803117,1893
granulosa_15455,chr2,132037143,132038958,1815
granulosa_15456,chr2,132256304,132258363,2059
granulosa_15457,chr2,132267112,132268901,1789
granulosa_15458,chr2,132304206,132305297,1091
granulosa_15459,chr2,132346826,132347757,931
granulosa_15460,chr2,132352208,132353835,1627
granulosa_15461,chr2,132415565,132416915,1350
granulosa_15462,chr2,132563265,132564692,1427
granulosa_15463,chr2,132662179,132663452,1273
granulosa_15464,chr2,132667781,132668868,1087
granulosa_15465,chr2,132669006,132671714,2708
granulosa_15466,chr2,133264785,133267527,2742
granulosa_15467,chr2,133673650,133675534,1884
granulosa_15468,chr2,134119490,134121700,2210
granulosa_15469,chr2,134201383,134202059,676
granulosa_15470,chr2,134460197,134461166,969
granulosa_15471,chr2,134717717,134719571,1854
granulosa_15472,chr2,134917471,134919645,2174
granulosa_15473,chr2,135051732,135053549,1817
granulosa_15474,chr2,135530026,135532252,2226
granulosa_15475,chr2,135741144,135743099,1955
granulosa_15476,chr2,135875423,135876762,1339
granulosa_15477,chr2,135984335,135986156,1821
granulosa_15478,chr2,136024623,136026097,1474
granulosa_15479,chr2,136116077,136118697,2620
granulosa_15480,chr2,136118932,136119646,714
granulosa_15481,chr2,136423009,136424085,1076
granulosa_15482,chr2,136764271,136767035,2764
granulosa_15483,chr2,138500948,138502969,2021
granulosa_15484,chr2,138707279,138709262,1983
granulosa_15485,chr2,138777854,138778364,510
granulosa_15486,chr2,138778869,138781154,2285
granulosa_15487,chr2,139513937,139515959,2022
granulosa_15488,chr2,142129811,142131662,1851
granulosa_15489,chr2,143934102,143935547,1445
granulosa_15490,chr2,143936500,143937936,1436
granulosa_15491,chr2,144331070,144333107,2037
granulosa_15492,chr2,144426762,144427743,981
granulosa_15493,chr2,144451994,144453295,1301
granulosa_15494,chr2,144515524,144517810,2286
granulosa_15495,chr2,144519936,144520650,714
granulosa_15496,chr2,144522927,144524810,1883
granulosa_15497,chr2,144834252,144836249,1997
granulosa_15498,chr2,145086609,145087351,742
granulosa_15499,chr2,146315273,146316282,1009
granulosa_15500,chr2,147843292,147845927,2635
granulosa_15501,chr2,148019925,148022081,2156
granulosa_15502,chr2,148643812,148646373,2561
granulosa_15503,chr2,148811769,148812803,1034
granulosa_15504,chr2,148874782,148877282,2500
granulosa_15505,chr2,149037766,149039481,1715
granulosa_15506,chr2,149329504,149331548,2044
granulosa_15507,chr2,149586599,149588187,1588
granulosa_15508,chr2,150484477,150487893,3416
granulosa_15509,chr2,150872480,150873705,1225
granulosa_15510,chr2,151260327,151262273,1946
granulosa_15511,chr2,151288646,151290618,1972
granulosa_15512,chr2,151408384,151410837,2453
granulosa_15513,chr2,151826694,151828942,2248
granulosa_15514,chr2,152097334,152099779,2445
granulosa_15515,chr2,152174635,152176649,2014
granulosa_15516,chr2,152334690,152337476,2786
granulosa_15517,chr2,152463851,152465260,1409
granulosa_15518,chr2,152542426,152543643,1217
granulosa_15519,chr2,152716790,152719232,2442
granulosa_15520,chr2,153100723,153101896,1173
granulosa_15521,chr2,153476506,153480032,3526
granulosa_15522,chr2,153871099,153872853,1754
granulosa_15523,chr2,154697077,154699745,2668
granulosa_15524,chr2,155546255,155547339,1084
granulosa_15525,chr2,156319496,156320913,1417
granulosa_15526,chr2,156322028,156323204,1176
granulosa_15527,chr2,156331897,156333367,1470
granulosa_15528,chr2,156333677,156334972,1295
granulosa_15529,chr2,156340975,156343190,2215
granulosa_15530,chr2,156399472,156401384,1912
granulosa_15531,chr2,156435288,156437121,1833
granulosa_15532,chr2,157257269,157258416,1147
granulosa_15533,chr2,157488119,157489418,1299
granulosa_15534,chr2,157627744,157629426,1682
granulosa_15535,chr2,157837590,157839667,2077
granulosa_15536,chr2,157874865,157876985,2120
granulosa_15537,chr2,158455922,158458692,2770
granulosa_15538,chr2,158685426,158687019,1593
granulosa_15539,chr2,158753416,158754406,990
granulosa_15540,chr2,158953187,158954820,1633
granulosa_15541,chr2,158967309,158970778,3469
granulosa_15542,chr2,159064253,159066099,1846
granulosa_15543,chr2,159098454,159099680,1226
granulosa_15544,chr2,159285583,159287403,1820
granulosa_15545,chr2,159614627,159616743,2116
granulosa_15546,chr2,159711716,159713381,1665
granulosa_15547,chr2,159797037,159798665,1628
granulosa_15548,chr2,159903397,159905293,1896
granulosa_15549,chr2,160061715,160063491,1776
granulosa_15550,chr2,160164348,160166615,2267
granulosa_15551,chr2,160269357,160271827,2470
granulosa_15552,chr2,160316973,160318563,1590
granulosa_15553,chr2,160338738,160339872,1134
granulosa_15554,chr2,160406640,160408313,1673
granulosa_15555,chr2,160491812,160494741,2929
granulosa_15556,chr2,161159839,161161586,1747
granulosa_15557,chr2,161236819,161239742,2923
granulosa_15558,chr2,161307644,161309246,1602
granulosa_15559,chr2,161413954,161415047,1093
granulosa_15560,chr2,161423095,161424326,1231
granulosa_15561,chr2,161426597,161428436,1839
granulosa_15562,chr2,162073113,162074739,1626
granulosa_15563,chr2,162317783,162319155,1372
granulosa_15564,chr2,162343542,162345491,1949
granulosa_15565,chr2,163119628,163120792,1164
granulosa_15566,chr2,163347707,163349332,1625
granulosa_15567,chr2,163492680,163494200,1520
granulosa_15568,chr2,163734819,163737249,2430
granulosa_15569,chr2,164541895,164543275,1380
granulosa_15570,chr2,164620396,164622039,1643
granulosa_15571,chr2,164839914,164842454,2540
granulosa_15572,chr2,165067633,165068607,974
granulosa_15573,chr2,165293353,165294618,1265
granulosa_15574,chr2,165468884,165470180,1296
granulosa_15575,chr2,165573406,165574478,1072
granulosa_15576,chr2,165634065,165635446,1381
granulosa_15577,chr2,165793041,165794986,1945
granulosa_15578,chr2,165802518,165803741,1223
granulosa_15579,chr2,165952642,165954382,1740
granulosa_15580,chr2,166375098,166376714,1616
granulosa_15581,chr2,166493621,166494789,1168
granulosa_15582,chr2,167292120,167295061,2941
granulosa_15583,chr2,168246148,168248362,2214
granulosa_15584,chr2,168346645,168347484,839
granulosa_15585,chr2,168455604,168457801,2197
granulosa_15586,chr2,168849245,168850121,876
granulosa_15587,chr2,168889745,168891039,1294
granulosa_15588,chr2,169361090,169362991,1901
granulosa_15589,chr2,169363441,169365046,1605
granulosa_15590,chr2,169392731,169393795,1064
granulosa_15591,chr2,169460935,169462026,1091
granulosa_15592,chr2,169478909,169480394,1485
granulosa_15593,chr2,169572969,169574103,1134
granulosa_15594,chr2,169583994,169586045,2051
granulosa_15595,chr2,169693163,169694905,1742
granulosa_15596,chr2,169715195,169717522,2327
granulosa_15597,chr2,169732934,169734796,1862
granulosa_15598,chr2,169789621,169790345,724
granulosa_15599,chr2,169798331,169799926,1595
granulosa_15600,chr2,169824115,169825298,1183
granulosa_15601,chr2,169827017,169828825,1808
granulosa_15602,chr2,170529921,170530888,967
granulosa_15603,chr2,170711177,170712641,1464
granulosa_15604,chr2,170713702,170717432,3730
granulosa_15605,chr2,170770027,170771677,1650
granulosa_15606,chr2,170815588,170817791,2203
granulosa_15607,chr2,170822253,170823962,1709
granulosa_15608,chr2,170928320,170930989,2669
granulosa_15609,chr2,170972689,170974392,1703
granulosa_15610,chr2,171158897,171161445,2548
granulosa_15611,chr2,171433098,171434924,1826
granulosa_15612,chr2,171521737,171524294,2557
granulosa_15613,chr2,171687059,171688655,1596
granulosa_15614,chr2,171893157,171895264,2107
granulosa_15615,chr2,171921493,171923583,2090
granulosa_15616,chr2,171999037,172000455,1418
granulosa_15617,chr2,172051715,172053009,1294
granulosa_15618,chr2,172084269,172085968,1699
granulosa_15619,chr2,172094614,172096118,1504
granulosa_15620,chr2,172101904,172103222,1318
granulosa_15621,chr2,172172010,172173521,1511
granulosa_15622,chr2,172230358,172231377,1019
granulosa_15623,chr2,172233924,172235721,1797
granulosa_15624,chr2,172341635,172343302,1667
granulosa_15625,chr2,172427072,172429881,2809
granulosa_15626,chr2,172465184,172466036,852
granulosa_15627,chr2,172555316,172556937,1621
granulosa_15628,chr2,172557913,172558778,865
granulosa_15629,chr2,172600102,172601668,1566
granulosa_15630,chr2,172734517,172736819,2302
granulosa_15631,chr2,172926762,172929155,2393
granulosa_15632,chr2,172930788,172932190,1402
granulosa_15633,chr2,173075229,173077253,2024
granulosa_15634,chr2,173249815,173251102,1287
granulosa_15635,chr2,173354206,173356018,1812
granulosa_15636,chr2,173401458,173403032,1574
granulosa_15637,chr2,173427521,173428790,1269
granulosa_15638,chr2,173890775,173891970,1195
granulosa_15639,chr2,173963321,173966086,2765
granulosa_15640,chr2,174012393,174013765,1372
granulosa_15641,chr2,174051465,174052695,1230
granulosa_15642,chr2,174053077,174054235,1158
granulosa_15643,chr2,174247482,174249093,1611
granulosa_15644,chr2,174325399,174327488,2089
granulosa_15645,chr2,174334422,174335167,745
granulosa_15646,chr2,174335587,174337815,2228
granulosa_15647,chr2,174341342,174342932,1590
granulosa_15648,chr2,174395124,174396535,1411
granulosa_15649,chr2,174485789,174487768,1979
granulosa_15650,chr2,174681586,174683775,2189
granulosa_15651,chr2,174771112,174773539,2427
granulosa_15652,chr2,174846050,174847970,1920
granulosa_15653,chr2,175003811,175005894,2083
granulosa_15654,chr2,175166985,175168846,1861
granulosa_15655,chr2,175180472,175182002,1530
granulosa_15656,chr2,175402296,175403381,1085
granulosa_15657,chr2,176001104,176002974,1870
granulosa_15658,chr2,176066597,176068197,1600
granulosa_15659,chr2,176079400,176081171,1771
granulosa_15660,chr2,176087941,176088628,687
granulosa_15661,chr2,176092239,176093491,1252
granulosa_15662,chr2,176097123,176097944,821
granulosa_15663,chr2,176106524,176108142,1618
granulosa_15664,chr2,176111226,176111565,339
granulosa_15665,chr2,176115954,176116874,920
granulosa_15666,chr2,176121727,176123536,1809
granulosa_15667,chr2,176128602,176131011,2409
granulosa_15668,chr2,176132485,176133677,1192
granulosa_15669,chr2,176135579,176137041,1462
granulosa_15670,chr2,176139655,176141154,1499
granulosa_15671,chr2,176147391,176148578,1187
granulosa_15672,chr2,176151052,176152618,1566
granulosa_15673,chr2,176156595,176158521,1926
granulosa_15674,chr2,176159758,176160982,1224
granulosa_15675,chr2,176164675,176165752,1077
granulosa_15676,chr2,176170455,176172469,2014
granulosa_15677,chr2,176174428,176175908,1480
granulosa_15678,chr2,176177706,176179126,1420
granulosa_15679,chr2,176187485,176190154,2669
granulosa_15680,chr2,176268781,176270339,1558
granulosa_15681,chr2,176454419,176456490,2071
granulosa_15682,chr2,176489858,176491875,2017
granulosa_15683,chr2,176553443,176554720,1277
granulosa_15684,chr2,176589690,176590884,1194
granulosa_15685,chr2,176620682,176622385,1703
granulosa_15686,chr2,176637018,176639002,1984
granulosa_15687,chr2,176643327,176644336,1009
granulosa_15688,chr2,176703645,176705094,1449
granulosa_15689,chr2,176709160,176710530,1370
granulosa_15690,chr2,176811817,176812795,978
granulosa_15691,chr2,177147878,177149246,1368
granulosa_15692,chr2,177164179,177166032,1853
granulosa_15693,chr2,177211213,177213517,2304
granulosa_15694,chr2,177241491,177242987,1496
granulosa_15695,chr2,177263221,177265601,2380
granulosa_15696,chr2,177392144,177393675,1531
granulosa_15697,chr2,177552055,177553735,1680
granulosa_15698,chr2,177618063,177619318,1255
granulosa_15699,chr2,177753416,177755164,1748
granulosa_15700,chr2,178008261,178009573,1312
granulosa_15701,chr2,178071938,178073545,1607
granulosa_15702,chr2,178111864,178113432,1568
granulosa_15703,chr2,178193444,178195569,2125
granulosa_15704,chr2,178281800,178283003,1203
granulosa_15705,chr2,178333503,178334424,921
granulosa_15706,chr2,178413212,178415161,1949
granulosa_15707,chr2,178449812,178451988,2176
granulosa_15708,chr2,178477767,178479309,1542
granulosa_15709,chr2,178479892,178481207,1315
granulosa_15710,chr2,178522204,178524074,1870
granulosa_15711,chr2,179262847,179265385,2538
granulosa_15712,chr2,179859738,179862069,2331
granulosa_15713,chr2,180005934,180007542,1608
granulosa_15714,chr2,180979307,180981868,2561
granulosa_15715,chr2,181456390,181458332,1942
granulosa_15716,chr2,181891119,181893385,2266
granulosa_15717,chr2,182715098,182716921,1823
granulosa_15718,chr2,182763157,182763811,654
granulosa_15719,chr2,182865779,182867604,1825
granulosa_15720,chr2,183037075,183039081,2006
granulosa_15721,chr2,183078163,183079683,1520
granulosa_15722,chr2,183123501,183125313,1812
granulosa_15723,chr2,184596817,184599091,2274
granulosa_15724,chr2,185737990,185739313,1323
granulosa_15725,chr2,186485310,186487518,2208
granulosa_15726,chr2,186589140,186591762,2622
granulosa_15727,chr2,186693315,186695701,2386
granulosa_15728,chr2,186848535,186849813,1278
granulosa_15729,chr2,187446620,187448851,2231
granulosa_15730,chr2,188291102,188294224,3122
granulosa_15731,chr2,188786220,188789121,2901
granulosa_15732,chr2,188975583,188976205,622
granulosa_15733,chr2,188978191,188979260,1069
granulosa_15734,chr2,189178542,189180016,1474
granulosa_15735,chr2,189440266,189442003,1737
granulosa_15736,chr2,189579683,189582156,2473
granulosa_15737,chr2,189612724,189614318,1594
granulosa_15738,chr2,189660752,189662966,2214
granulosa_15739,chr2,189673614,189675341,1727
granulosa_15740,chr2,189762050,189763800,1750
granulosa_15741,chr2,189783265,189785093,1828
granulosa_15742,chr2,190179689,190181542,1853
granulosa_15743,chr2,190318493,190320202,1709
granulosa_15744,chr2,190342645,190344560,1915
granulosa_15745,chr2,190407321,190409191,1870
granulosa_15746,chr2,190468576,190470209,1633
granulosa_15747,chr2,190533628,190535336,1708
granulosa_15748,chr2,190647752,190650254,2502
granulosa_15749,chr2,190678106,190679239,1133
granulosa_15750,chr2,190863329,190864648,1319
granulosa_15751,chr2,190879943,190882365,2422
granulosa_15752,chr2,190946849,190948335,1486
granulosa_15753,chr2,190979711,190981809,2098
granulosa_15754,chr2,191012435,191014662,2227
granulosa_15755,chr2,191019976,191021236,1260
granulosa_15756,chr2,191150163,191151466,1303
granulosa_15757,chr2,191244724,191246578,1854
granulosa_15758,chr2,191478600,191479924,1324
granulosa_15759,chr2,191676908,191679092,2184
granulosa_15760,chr2,192194029,192196182,2153
granulosa_15761,chr2,195321943,195322792,849
granulosa_15762,chr2,195612354,195613472,1118
granulosa_15763,chr2,195656504,195658427,1923
granulosa_15764,chr2,195687158,195688133,975
granulosa_15765,chr2,196067986,196069283,1297
granulosa_15766,chr2,196170169,196172269,2100
granulosa_15767,chr2,196273963,196275315,1352
granulosa_15768,chr2,196592132,196593858,1726
granulosa_15769,chr2,196638909,196640288,1379
granulosa_15770,chr2,196798973,196800108,1135
granulosa_15771,chr2,196925504,196928231,2727
granulosa_15772,chr2,197309427,197311395,1968
granulosa_15773,chr2,197433647,197436146,2499
granulosa_15774,chr2,197452721,197454398,1677
granulosa_15775,chr2,197498716,197501070,2354
granulosa_15776,chr2,197514742,197516783,2041
granulosa_15777,chr2,197704690,197706500,1810
granulosa_15778,chr2,197804089,197805979,1890
granulosa_15779,chr2,198172817,198174191,1374
granulosa_15780,chr2,199455425,199456352,927
granulosa_15781,chr2,199458268,199459913,1645
granulosa_15782,chr2,199463206,199463697,491
granulosa_15783,chr2,199470605,199471789,1184
granulosa_15784,chr2,199658944,199660081,1137
granulosa_15785,chr2,199805703,199807226,1523
granulosa_15786,chr2,199850302,199851655,1353
granulosa_15787,chr2,199910549,199912161,1612
granulosa_15788,chr2,199954557,199956473,1916
granulosa_15789,chr2,200305784,200308254,2470
granulosa_15790,chr2,200509155,200510601,1446
granulosa_15791,chr2,200525571,200526754,1183
granulosa_15792,chr2,200585514,200586899,1385
granulosa_15793,chr2,200712787,200714028,1241
granulosa_15794,chr2,200735528,200737245,1717
granulosa_15795,chr2,200810638,200812934,2296
granulosa_15796,chr2,200862109,200862969,860
granulosa_15797,chr2,200863162,200865501,2339
granulosa_15798,chr2,200887942,200890192,2250
granulosa_15799,chr2,200901267,200901837,570
granulosa_15800,chr2,200962661,200964572,1911
granulosa_15801,chr2,201070686,201072365,1679
granulosa_15802,chr2,201115833,201117783,1950
granulosa_15803,chr2,201118202,201119396,1194
granulosa_15804,chr2,201125396,201127864,2468
granulosa_15805,chr2,201157729,201158676,947
granulosa_15806,chr2,201450668,201452567,1899
granulosa_15807,chr2,201641731,201644393,2662
granulosa_15808,chr2,201779990,201782146,2156
granulosa_15809,chr2,201806228,201808430,2202
granulosa_15810,chr2,201937384,201938392,1008
granulosa_15811,chr2,201938900,201940123,1223
granulosa_15812,chr2,202032311,202035063,2752
granulosa_15813,chr2,202039325,202040620,1295
granulosa_15814,chr2,202148497,202150179,1682
granulosa_15815,chr2,202237190,202239098,1908
granulosa_15816,chr2,202264697,202267094,2397
granulosa_15817,chr2,202316791,202318066,1275
granulosa_15818,chr2,202374901,202377739,2838
granulosa_15819,chr2,202634103,202636554,2451
granulosa_15820,chr2,202870460,202872194,1734
granulosa_15821,chr2,202911095,202912528,1433
granulosa_15822,chr2,203013632,203015676,2044
granulosa_15823,chr2,203238309,203240162,1853
granulosa_15824,chr2,203327480,203329510,2030
granulosa_15825,chr2,203533212,203535925,2713
granulosa_15826,chr2,204345959,204347193,1234
granulosa_15827,chr2,204355952,204357913,1961
granulosa_15828,chr2,204544694,204546519,1825
granulosa_15829,chr2,204664340,204665644,1304
granulosa_15830,chr2,205681840,205682888,1048
granulosa_15831,chr2,205684849,205686961,2112
granulosa_15832,chr2,205902081,205903159,1078
granulosa_15833,chr2,205925349,205926333,984
granulosa_15834,chr2,206084216,206086412,2196
granulosa_15835,chr2,206158659,206160590,1931
granulosa_15836,chr2,206273974,206275833,1859
granulosa_15837,chr2,206442607,206444467,1860
granulosa_15838,chr2,206764653,206766138,1485
granulosa_15839,chr2,206786633,206788355,1722
granulosa_15840,chr2,206935694,206937479,1785
granulosa_15841,chr2,207073511,207076277,2766
granulosa_15842,chr2,207163944,207164740,796
granulosa_15843,chr2,207164969,207167687,2718
granulosa_15844,chr2,207226845,207228771,1926
granulosa_15845,chr2,207230325,207231844,1519
granulosa_15846,chr2,207309763,207311788,2025
granulosa_15847,chr2,207528911,207531480,2569
granulosa_15848,chr2,207624101,207626462,2361
granulosa_15849,chr2,207710627,207712742,2115
granulosa_15850,chr2,207767944,207770365,2421
granulosa_15851,chr2,207847244,207848431,1187
granulosa_15852,chr2,207930546,207931390,844
granulosa_15853,chr2,208024891,208026146,1255
granulosa_15854,chr2,208033303,208034453,1150
granulosa_15855,chr2,208253705,208255671,1966
granulosa_15856,chr2,208265211,208267313,2102
granulosa_15857,chr2,208406339,208408014,1675
granulosa_15858,chr2,208826940,208828297,1357
granulosa_15859,chr2,209423315,209425337,2022
granulosa_15860,chr2,209457597,209458877,1280
granulosa_15861,chr2,209518731,209520105,1374
granulosa_15862,chr2,209771181,209772619,1438
granulosa_15863,chr2,210001805,210003260,1455
granulosa_15864,chr2,210169915,210172457,2542
granulosa_15865,chr2,210194703,210195773,1070
granulosa_15866,chr2,210224457,210225708,1251
granulosa_15867,chr2,210475589,210476985,1396
granulosa_15868,chr2,210502797,210504236,1439
granulosa_15869,chr2,210531693,210532881,1188
granulosa_15870,chr2,211533750,211535089,1339
granulosa_15871,chr2,211591258,211592761,1503
granulosa_15872,chr2,211925461,211926686,1225
granulosa_15873,chr2,212451517,212452593,1076
granulosa_15874,chr2,212535961,212539568,3607
granulosa_15875,chr2,213151201,213152648,1447
granulosa_15876,chr2,213283352,213285141,1789
granulosa_15877,chr2,213451330,213452440,1110
granulosa_15878,chr2,214808696,214810905,2209
granulosa_15879,chr2,214822693,214824457,1764
granulosa_15880,chr2,215311429,215312746,1317
granulosa_15881,chr2,215435096,215437221,2125
granulosa_15882,chr2,215618773,215620250,1477
granulosa_15883,chr2,216012049,216013866,1817
granulosa_15884,chr2,216081121,216082701,1580
granulosa_15885,chr2,216108931,216109820,889
granulosa_15886,chr2,216114244,216115574,1330
granulosa_15887,chr2,216215463,216216302,839
granulosa_15888,chr2,216371128,216372664,1536
granulosa_15889,chr2,216411796,216413282,1486
granulosa_15890,chr2,216498078,216499509,1431
granulosa_15891,chr2,216534686,216535968,1282
granulosa_15892,chr2,216539900,216541382,1482
granulosa_15893,chr2,216606342,216607384,1042
granulosa_15894,chr2,216632816,216634728,1912
granulosa_15895,chr2,216634891,216636998,2107
granulosa_15896,chr2,216664526,216666035,1509
granulosa_15897,chr2,216690814,216693587,2773
granulosa_15898,chr2,216694113,216694686,573
granulosa_15899,chr2,216695325,216695925,600
granulosa_15900,chr2,217433464,217434867,1403
granulosa_15901,chr2,217529787,217531693,1906
granulosa_15902,chr2,217621163,217623077,1914
granulosa_15903,chr2,217756011,217756909,898
granulosa_15904,chr2,217800922,217802560,1638
granulosa_15905,chr2,217857556,217859467,1911
granulosa_15906,chr2,217903574,217904544,970
granulosa_15907,chr2,217920743,217921606,863
granulosa_15908,chr2,217942860,217944626,1766
granulosa_15909,chr2,217952944,217954131,1187
granulosa_15910,chr2,217964045,217965533,1488
granulosa_15911,chr2,217978209,217979744,1535
granulosa_15912,chr2,217987765,217989115,1350
granulosa_15913,chr2,218002189,218004550,2361
granulosa_15914,chr2,218009333,218011675,2342
granulosa_15915,chr2,218033557,218035130,1573
granulosa_15916,chr2,218068460,218069374,914
granulosa_15917,chr2,218216272,218218671,2399
granulosa_15918,chr2,218258826,218260164,1338
granulosa_15919,chr2,218269280,218271212,1932
granulosa_15920,chr2,218286273,218287460,1187
granulosa_15921,chr2,218291599,218292770,1171
granulosa_15922,chr2,218310794,218312498,1704
granulosa_15923,chr2,218322094,218324484,2390
granulosa_15924,chr2,218356369,218358201,1832
granulosa_15925,chr2,218367138,218368219,1081
granulosa_15926,chr2,218368398,218369483,1085
granulosa_15927,chr2,218386937,218388187,1250
granulosa_15928,chr2,218395740,218397101,1361
granulosa_15929,chr2,218397688,218400735,3047
granulosa_15930,chr2,218405557,218407600,2043
granulosa_15931,chr2,218567685,218570156,2471
granulosa_15932,chr2,218658417,218660203,1786
granulosa_15933,chr2,218671051,218672714,1663
granulosa_15934,chr2,218710213,218711855,1642
granulosa_15935,chr2,218780951,218782861,1910
granulosa_15936,chr2,218857366,218857875,509
granulosa_15937,chr2,218858660,218861335,2675
granulosa_15938,chr2,218861720,218862273,553
granulosa_15939,chr2,218867673,218868668,995
granulosa_15940,chr2,218871229,218872963,1734
granulosa_15941,chr2,218879646,218881283,1637
granulosa_15942,chr2,218883403,218884377,974
granulosa_15943,chr2,218886103,218886923,820
granulosa_15944,chr2,218892314,218893306,992
granulosa_15945,chr2,218896339,218897715,1376
granulosa_15946,chr2,218897865,218898743,878
granulosa_15947,chr2,218908511,218909790,1279
granulosa_15948,chr2,218959014,218960456,1442
granulosa_15949,chr2,218962781,218963583,802
granulosa_15950,chr2,218979761,218980399,638
granulosa_15951,chr2,218981580,218982514,934
granulosa_15952,chr2,218995848,218996504,656
granulosa_15953,chr2,219001385,219003489,2104
granulosa_15954,chr2,219057284,219058393,1109
granulosa_15955,chr2,219058894,219061397,2503
granulosa_15956,chr2,219159729,219161122,1393
granulosa_15957,chr2,219176108,219178967,2859
granulosa_15958,chr2,219206097,219207502,1405
granulosa_15959,chr2,219217664,219219643,1979
granulosa_15960,chr2,219228079,219230546,2467
granulosa_15961,chr2,219244826,219246091,1265
granulosa_15962,chr2,219252652,219254738,2086
granulosa_15963,chr2,219277544,219278048,504
granulosa_15964,chr2,219278638,219280237,1599
granulosa_15965,chr2,219285574,219286798,1224
granulosa_15966,chr2,219289321,219290120,799
granulosa_15967,chr2,219294153,219295291,1138
granulosa_15968,chr2,219307949,219309670,1721
granulosa_15969,chr2,219357817,219359222,1405
granulosa_15970,chr2,219386829,219388974,2145
granulosa_15971,chr2,219402373,219403254,881
granulosa_15972,chr2,219417180,219419059,1879
granulosa_15973,chr2,219433824,219435581,1757
granulosa_15974,chr2,219441177,219442942,1765
granulosa_15975,chr2,219452639,219454362,1723
granulosa_15976,chr2,219460119,219461900,1781
granulosa_15977,chr2,219475758,219477335,1577
granulosa_15978,chr2,219483935,219485236,1301
granulosa_15979,chr2,219497675,219499140,1465
granulosa_15980,chr2,219508842,219510575,1733
granulosa_15981,chr2,219520046,219521782,1736
granulosa_15982,chr2,219521998,219523337,1339
granulosa_15983,chr2,219525598,219526263,665
granulosa_15984,chr2,219529745,219530511,766
granulosa_15985,chr2,219541553,219542159,606
granulosa_15986,chr2,219542856,219544571,1715
granulosa_15987,chr2,219551171,219553163,1992
granulosa_15988,chr2,219570014,219572436,2422
granulosa_15989,chr2,219595068,219595727,659
granulosa_15990,chr2,219597062,219598502,1440
granulosa_15991,chr2,219626382,219628254,1872
granulosa_15992,chr2,219642028,219643305,1277
granulosa_15993,chr2,219684716,219685762,1046
granulosa_15994,chr2,219727808,219729808,2000
granulosa_15995,chr2,220508717,220510323,1606
granulosa_15996,chr2,221103915,221105022,1107
granulosa_15997,chr2,221369737,221371854,2117
granulosa_15998,chr2,221569326,221570027,701
granulosa_15999,chr2,221570979,221574228,3249
granulosa_16000,chr2,221809888,221811110,1222
granulosa_16001,chr2,222305194,222306551,1357
granulosa_16002,chr2,222318008,222321132,3124
granulosa_16003,chr2,222423610,222425653,2043
granulosa_16004,chr2,222467362,222468924,1562
granulosa_16005,chr2,222654908,222657134,2226
granulosa_16006,chr2,222670978,222672213,1235
granulosa_16007,chr2,222752407,222754177,1770
granulosa_16008,chr2,222859835,222862503,2668
granulosa_16009,chr2,223051031,223052287,1256
granulosa_16010,chr2,223602001,223602767,766
granulosa_16011,chr2,223612671,223613883,1212
granulosa_16012,chr2,223814872,223816707,1835
granulosa_16013,chr2,223836759,223838409,1650
granulosa_16014,chr2,223943276,223945538,2262
granulosa_16015,chr2,223956788,223958334,1546
granulosa_16016,chr2,224038192,224040314,2122
granulosa_16017,chr2,224240009,224241265,1256
granulosa_16018,chr2,224583705,224586158,2453
granulosa_16019,chr2,225037477,225038480,1003
granulosa_16020,chr2,225040896,225043063,2167
granulosa_16021,chr2,226011575,226012490,915
granulosa_16022,chr2,226030055,226032444,2389
granulosa_16023,chr2,226446181,226447230,1049
granulosa_16024,chr2,226631160,226632668,1508
granulosa_16025,chr2,226754305,226756434,2129
granulosa_16026,chr2,226790964,226792272,1308
granulosa_16027,chr2,226798320,226801666,3346
granulosa_16028,chr2,226835327,226836933,1606
granulosa_16029,chr2,226981244,226982700,1456
granulosa_16030,chr2,227163239,227165293,2054
granulosa_16031,chr2,227324531,227326536,2005
granulosa_16032,chr2,227405680,227406941,1261
granulosa_16033,chr2,227471579,227473324,1745
granulosa_16034,chr2,227717230,227718432,1202
granulosa_16035,chr2,227765742,227766851,1109
granulosa_16036,chr2,228179907,228182146,2239
granulosa_16037,chr2,228506674,228508531,1857
granulosa_16038,chr2,229270604,229271612,1008
granulosa_16039,chr2,229272899,229274041,1142
granulosa_16040,chr2,229713266,229715541,2275
granulosa_16041,chr2,229920062,229923318,3256
granulosa_16042,chr2,230066814,230069104,2290
granulosa_16043,chr2,230219311,230220680,1369
granulosa_16044,chr2,230411040,230412346,1306
granulosa_16045,chr2,230627578,230628961,1383
granulosa_16046,chr2,230712166,230714402,2236
granulosa_16047,chr2,230737679,230739181,1502
granulosa_16048,chr2,230864390,230866414,2024
granulosa_16049,chr2,230866654,230867472,818
granulosa_16050,chr2,230868928,230871200,2272
granulosa_16051,chr2,230877473,230879886,2413
granulosa_16052,chr2,230986700,230987762,1062
granulosa_16053,chr2,231037140,231038961,1821
granulosa_16054,chr2,231052429,231053180,751
granulosa_16055,chr2,231056410,231057890,1480
granulosa_16056,chr2,231138247,231139276,1029
granulosa_16057,chr2,231189666,231191181,1515
granulosa_16058,chr2,231197712,231199561,1849
granulosa_16059,chr2,231227152,231228917,1765
granulosa_16060,chr2,231394463,231396674,2211
granulosa_16061,chr2,231399404,231401447,2043
granulosa_16062,chr2,231411691,231412954,1263
granulosa_16063,chr2,231451632,231452496,864
granulosa_16064,chr2,231452624,231454600,1976
granulosa_16065,chr2,231463530,231465561,2031
granulosa_16066,chr2,231482546,231484327,1781
granulosa_16067,chr2,231513803,231515017,1214
granulosa_16068,chr2,231601135,231601942,807
granulosa_16069,chr2,231603968,231605388,1420
granulosa_16070,chr2,231612230,231612906,676
granulosa_16071,chr2,231613393,231615419,2026
granulosa_16072,chr2,231620732,231621936,1204
granulosa_16073,chr2,231661865,231663040,1175
granulosa_16074,chr2,231665933,231667278,1345
granulosa_16075,chr2,231672478,231673697,1219
granulosa_16076,chr2,231674504,231675332,828
granulosa_16077,chr2,231680301,231681668,1367
granulosa_16078,chr2,231684302,231685133,831
granulosa_16079,chr2,231706248,231709007,2759
granulosa_16080,chr2,231709316,231709836,520
granulosa_16081,chr2,231710037,231710548,511
granulosa_16082,chr2,231713582,231715519,1937
granulosa_16083,chr2,231779935,231781894,1959
granulosa_16084,chr2,231786019,231787214,1195
granulosa_16085,chr2,231924906,231927369,2463
granulosa_16086,chr2,231960931,231962407,1476
granulosa_16087,chr2,232386366,232388826,2460
granulosa_16088,chr2,232418562,232421399,2837
granulosa_16089,chr2,232485479,232488579,3100
granulosa_16090,chr2,232501141,232503842,2701
granulosa_16091,chr2,232519448,232520251,803
granulosa_16092,chr2,232523620,232524486,866
granulosa_16093,chr2,232525456,232526721,1265
granulosa_16094,chr2,232549919,232551458,1539
granulosa_16095,chr2,232605557,232606619,1062
granulosa_16096,chr2,232632675,232635088,2413
granulosa_16097,chr2,232696659,232698254,1595
granulosa_16098,chr2,232779358,232780531,1173
granulosa_16099,chr2,232833319,232834357,1038
granulosa_16100,chr2,232875459,232877301,1842
granulosa_16101,chr2,232890633,232892079,1446
granulosa_16102,chr2,232926464,232929567,3103
granulosa_16103,chr2,232987733,232988866,1133
granulosa_16104,chr2,233251050,233252764,1714
granulosa_16105,chr2,233348470,233349545,1075
granulosa_16106,chr2,233353472,233355612,2140
granulosa_16107,chr2,233386423,233388697,2274
granulosa_16108,chr2,233565432,233566984,1552
granulosa_16109,chr2,233853806,233855039,1233
granulosa_16110,chr2,234090834,234092671,1837
granulosa_16111,chr2,234494798,234497787,2989
granulosa_16112,chr2,234839813,234841307,1494
granulosa_16113,chr2,234880068,234882268,2200
granulosa_16114,chr2,234916914,234918058,1144
granulosa_16115,chr2,234950663,234953097,2434
granulosa_16116,chr2,234979161,234979687,526
granulosa_16117,chr2,234980315,234982055,1740
granulosa_16118,chr2,234988741,234989710,969
granulosa_16119,chr2,234995465,234997109,1644
granulosa_16120,chr2,235000327,235001671,1344
granulosa_16121,chr2,235005502,235006610,1108
granulosa_16122,chr2,235087432,235089056,1624
granulosa_16123,chr2,235324017,235324985,968
granulosa_16124,chr2,235405961,235407063,1102
granulosa_16125,chr2,235457550,235459304,1754
granulosa_16126,chr2,235492942,235495652,2710
granulosa_16127,chr2,235588434,235589220,786
granulosa_16128,chr2,235660582,235661654,1072
granulosa_16129,chr2,235665730,235666764,1034
granulosa_16130,chr2,235669206,235671550,2344
granulosa_16131,chr2,235745929,235746852,923
granulosa_16132,chr2,235858607,235860681,2074
granulosa_16133,chr2,236054128,236056590,2462
granulosa_16134,chr2,236163672,236164854,1182
granulosa_16135,chr2,236168007,236168936,929
granulosa_16136,chr2,236177591,236180480,2889
granulosa_16137,chr2,236317547,236318779,1232
granulosa_16138,chr2,236507033,236508020,987
granulosa_16139,chr2,236567210,236569087,1877
granulosa_16140,chr2,236569218,236570172,954
granulosa_16141,chr2,236898838,236900462,1624
granulosa_16142,chr2,237012088,237013273,1185
granulosa_16143,chr2,237084942,237086464,1522
granulosa_16144,chr2,237290143,237291929,1786
granulosa_16145,chr2,237473909,237475987,2078
granulosa_16146,chr2,237486231,237487683,1452
granulosa_16147,chr2,237512466,237513558,1092
granulosa_16148,chr2,237571716,237573094,1378
granulosa_16149,chr2,237581487,237582799,1312
granulosa_16150,chr2,237626617,237628242,1625
granulosa_16151,chr2,237631098,237631856,758
granulosa_16152,chr2,237661964,237663250,1286
granulosa_16153,chr2,237673016,237674021,1005
granulosa_16154,chr2,237674610,237675589,979
granulosa_16155,chr2,237690881,237693495,2614
granulosa_16156,chr2,237714817,237716033,1216
granulosa_16157,chr2,237732170,237734175,2005
granulosa_16158,chr2,237858207,237860261,2054
granulosa_16159,chr2,237955030,237956825,1795
granulosa_16160,chr2,237966016,237968896,2880
granulosa_16161,chr2,238060082,238061927,1845
granulosa_16162,chr2,238119922,238121144,1222
granulosa_16163,chr2,238157475,238159417,1942
granulosa_16164,chr2,238163362,238164381,1019
granulosa_16165,chr2,238202205,238204320,2115
granulosa_16166,chr2,238230978,238231817,839
granulosa_16167,chr2,238234118,238234759,641
granulosa_16168,chr2,238238943,238241622,2679
granulosa_16169,chr2,238256364,238256918,554
granulosa_16170,chr2,238263073,238264405,1332
granulosa_16171,chr2,238287404,238289739,2335
granulosa_16172,chr2,238319694,238321613,1919
granulosa_16173,chr2,238425577,238427853,2276
granulosa_16174,chr2,238846237,238849828,3591
granulosa_16175,chr2,238984657,238986428,1771
granulosa_16176,chr2,238998414,238999685,1271
granulosa_16177,chr2,239094517,239096006,1489
granulosa_16178,chr2,239105923,239107265,1342
granulosa_16179,chr2,239264149,239265884,1735
granulosa_16180,chr2,239308456,239310059,1603
granulosa_16181,chr2,239327681,239330275,2594
granulosa_16182,chr2,239399292,239402229,2937
granulosa_16183,chr2,239439875,239441936,2061
granulosa_16184,chr2,239745267,239746478,1211
granulosa_16185,chr2,240024742,240026096,1354
granulosa_16186,chr2,240135402,240136888,1486
granulosa_16187,chr2,240143513,240144266,753
granulosa_16188,chr2,240169329,240171152,1823
granulosa_16189,chr2,240232675,240234080,1405
granulosa_16190,chr2,240236442,240238129,1687
granulosa_16191,chr2,240250877,240252366,1489
granulosa_16192,chr2,240255715,240256522,807
granulosa_16193,chr2,240258603,240260042,1439
granulosa_16194,chr2,240325223,240326624,1401
granulosa_16195,chr2,240362766,240365023,2257
granulosa_16196,chr2,240369459,240370570,1111
granulosa_16197,chr2,240373951,240374766,815
granulosa_16198,chr2,240434581,240436945,2364
granulosa_16199,chr2,240437887,240438555,668
granulosa_16200,chr2,240452157,240453232,1075
granulosa_16201,chr2,240455324,240456741,1417
granulosa_16202,chr2,240519258,240520707,1449
granulosa_16203,chr2,240557192,240558172,980
granulosa_16204,chr2,240560082,240561462,1380
granulosa_16205,chr2,240565600,240566837,1237
granulosa_16206,chr2,240567461,240569533,2072
granulosa_16207,chr2,240585711,240587950,2239
granulosa_16208,chr2,240774736,240776498,1762
granulosa_16209,chr2,240791609,240793111,1502
granulosa_16210,chr2,240818520,240821538,3018
granulosa_16211,chr2,240831588,240833218,1630
granulosa_16212,chr2,240840118,240840983,865
granulosa_16213,chr2,240925656,240927333,1677
granulosa_16214,chr2,240960260,240961487,1227
granulosa_16215,chr2,240961772,240962976,1204
granulosa_16216,chr2,240983055,240984517,1462
granulosa_16217,chr2,240997854,240999722,1868
granulosa_16218,chr2,241009305,241010996,1691
granulosa_16219,chr2,241034943,241036992,2049
granulosa_16220,chr2,241063065,241064463,1398
granulosa_16221,chr2,241101190,241103447,2257
granulosa_16222,chr2,241148703,241151467,2764
granulosa_16223,chr2,241215235,241216611,1376
granulosa_16224,chr2,241217104,241219062,1958
granulosa_16225,chr2,241223409,241224974,1565
granulosa_16226,chr2,241271385,241273329,1944
granulosa_16227,chr2,241314475,241316682,2207
granulosa_16228,chr2,241354665,241355559,894
granulosa_16229,chr2,241355864,241357260,1396
granulosa_16230,chr2,241507164,241509557,2393
granulosa_16231,chr2,241540353,241542091,1738
granulosa_16232,chr2,241558397,241560185,1788
granulosa_16233,chr2,241564264,241565752,1488
granulosa_16234,chr2,241609738,241610831,1093
granulosa_16235,chr2,241635873,241638375,2502
granulosa_16236,chr2,241657907,241659651,1744
granulosa_16237,chr2,241686185,241687907,1722
granulosa_16238,chr2,241701012,241703416,2404
granulosa_16239,chr2,241733826,241735750,1924
granulosa_16240,chr2,241774489,241776143,1654
granulosa_16241,chr2,241801817,241805197,3380
granulosa_16242,chr2,241843306,241844553,1247
granulosa_16243,chr2,241858402,241860588,2186
granulosa_16244,chr2,241865836,241866950,1114
granulosa_16245,chr2,241880910,241882647,1737
granulosa_16246,chr2,241901537,241902844,1307
granulosa_16247,chr2,242087690,242089314,1624
granulosa_16248,chr20,266169,267364,1195
granulosa_16249,chr20,289855,291941,2086
granulosa_16250,chr20,297009,298779,1770
granulosa_16251,chr20,300368,301522,1154
granulosa_16252,chr20,309311,310881,1570
granulosa_16253,chr20,323984,327655,3671
granulosa_16254,chr20,330390,330876,486
granulosa_16255,chr20,346305,348845,2540
granulosa_16256,chr20,354111,354986,875
granulosa_16257,chr20,380547,382385,1838
granulosa_16258,chr20,407118,409344,2226
granulosa_16259,chr20,417248,418377,1129
granulosa_16260,chr20,431196,431871,675
granulosa_16261,chr20,435764,436765,1001
granulosa_16262,chr20,461412,463294,1882
granulosa_16263,chr20,483400,484453,1053
granulosa_16264,chr20,542749,544292,1543
granulosa_16265,chr20,609463,610626,1163
granulosa_16266,chr20,611146,612383,1237
granulosa_16267,chr20,652110,653762,1652
granulosa_16268,chr20,674968,676816,1848
granulosa_16269,chr20,727656,728959,1303
granulosa_16270,chr20,738669,739566,897
granulosa_16271,chr20,811659,812767,1108
granulosa_16272,chr20,833003,834543,1540
granulosa_16273,chr20,840943,842496,1553
granulosa_16274,chr20,844175,845345,1170
granulosa_16275,chr20,884809,885506,697
granulosa_16276,chr20,1118108,1119507,1399
granulosa_16277,chr20,1184606,1186101,1495
granulosa_16278,chr20,1225263,1226847,1584
granulosa_16279,chr20,1265876,1267448,1572
granulosa_16280,chr20,1312845,1314062,1217
granulosa_16281,chr20,1324656,1326380,1724
granulosa_16282,chr20,1391344,1393515,2171
granulosa_16283,chr20,1466112,1468004,1892
granulosa_16284,chr20,1776269,1777616,1347
granulosa_16285,chr20,1802126,1804192,2066
granulosa_16286,chr20,1893621,1895548,1927
granulosa_16287,chr20,1900148,1900842,694
granulosa_16288,chr20,1934813,1936197,1384
granulosa_16289,chr20,1946621,1947674,1053
granulosa_16290,chr20,1965070,1966400,1330
granulosa_16291,chr20,2101430,2104035,2605
granulosa_16292,chr20,2177940,2179503,1563
granulosa_16293,chr20,2206748,2208056,1308
granulosa_16294,chr20,2469666,2471278,1612
granulosa_16295,chr20,2507820,2510054,2234
granulosa_16296,chr20,2524152,2525983,1831
granulosa_16297,chr20,2651689,2653668,1979
granulosa_16298,chr20,2663390,2665112,1722
granulosa_16299,chr20,2691857,2694357,2500
granulosa_16300,chr20,2749741,2753045,3304
granulosa_16301,chr20,2798953,2801392,2439
granulosa_16302,chr20,2819848,2822385,2537
granulosa_16303,chr20,2839698,2841658,1960
granulosa_16304,chr20,2872163,2874277,2114
granulosa_16305,chr20,3045191,3047027,1836
granulosa_16306,chr20,3158845,3160258,1413
granulosa_16307,chr20,3172845,3174564,1719
granulosa_16308,chr20,3203140,3204823,1683
granulosa_16309,chr20,3208595,3210430,1835
granulosa_16310,chr20,3237736,3240476,2740
granulosa_16311,chr20,3406345,3409165,2820
granulosa_16312,chr20,3470250,3472099,1849
granulosa_16313,chr20,3680937,3682622,1685
granulosa_16314,chr20,3731787,3733707,1920
granulosa_16315,chr20,3751433,3752582,1149
granulosa_16316,chr20,3766872,3769013,2141
granulosa_16317,chr20,3777497,3778637,1140
granulosa_16318,chr20,3781029,3781695,666
granulosa_16319,chr20,3785389,3787068,1679
granulosa_16320,chr20,3795376,3796749,1373
granulosa_16321,chr20,3799242,3800363,1121
granulosa_16322,chr20,3811156,3812292,1136
granulosa_16323,chr20,3819549,3821049,1500
granulosa_16324,chr20,3845998,3847800,1802
granulosa_16325,chr20,3874970,3876515,1545
granulosa_16326,chr20,3888019,3890677,2658
granulosa_16327,chr20,4013825,4016069,2244
granulosa_16328,chr20,4085054,4085868,814
granulosa_16329,chr20,4148230,4150464,2234
granulosa_16330,chr20,4170878,4172956,2078
granulosa_16331,chr20,4220943,4222808,1865
granulosa_16332,chr20,4248649,4249932,1283
granulosa_16333,chr20,4601407,4602468,1061
granulosa_16334,chr20,4686018,4687722,1704
granulosa_16335,chr20,4719807,4721922,2115
granulosa_16336,chr20,4730362,4731513,1151
granulosa_16337,chr20,4760397,4761408,1011
granulosa_16338,chr20,4822038,4824485,2447
granulosa_16339,chr20,4972631,4974182,1551
granulosa_16340,chr20,5000178,5002261,2083
granulosa_16341,chr20,5112293,5113614,1321
granulosa_16342,chr20,5118781,5120383,1602
granulosa_16343,chr20,5126010,5128065,2055
granulosa_16344,chr20,5528567,5530230,1663
granulosa_16345,chr20,5609724,5611359,1635
granulosa_16346,chr20,5662657,5663872,1215
granulosa_16347,chr20,5749434,5751301,1867
granulosa_16348,chr20,5786738,5788671,1933
granulosa_16349,chr20,5845568,5846817,1249
granulosa_16350,chr20,5910795,5912095,1300
granulosa_16351,chr20,5949513,5951277,1764
granulosa_16352,chr20,6005518,6006914,1396
granulosa_16353,chr20,6040078,6042298,2220
granulosa_16354,chr20,6051523,6052973,1450
granulosa_16355,chr20,6053545,6054670,1125
granulosa_16356,chr20,6075252,6076082,830
granulosa_16357,chr20,6122002,6123601,1599
granulosa_16358,chr20,6767184,6770891,3707
granulosa_16359,chr20,6870067,6871280,1213
granulosa_16360,chr20,7145804,7147973,2169
granulosa_16361,chr20,7360526,7362430,1904
granulosa_16362,chr20,8018254,8020117,1863
granulosa_16363,chr20,8131358,8133340,1982
granulosa_16364,chr20,8214644,8216461,1817
granulosa_16365,chr20,8423144,8425498,2354
granulosa_16366,chr20,8431141,8433564,2423
granulosa_16367,chr20,8523528,8525648,2120
granulosa_16368,chr20,8544961,8546018,1057
granulosa_16369,chr20,8853317,8855709,2392
granulosa_16370,chr20,9067245,9069655,2410
granulosa_16371,chr20,9513964,9516838,2874
granulosa_16372,chr20,9837956,9839578,1622
granulosa_16373,chr20,10034433,10035536,1103
granulosa_16374,chr20,10131399,10132795,1396
granulosa_16375,chr20,10217141,10219825,2684
granulosa_16376,chr20,10433278,10435759,2481
granulosa_16377,chr20,10670905,10675054,4149
granulosa_16378,chr20,11372470,11373918,1448
granulosa_16379,chr20,11686093,11688178,2085
granulosa_16380,chr20,11890142,11892572,2430
granulosa_16381,chr20,11917417,11919872,2455
granulosa_16382,chr20,12236152,12238381,2229
granulosa_16383,chr20,12672913,12674624,1711
granulosa_16384,chr20,12925092,12925714,622
granulosa_16385,chr20,12925960,12927216,1256
granulosa_16386,chr20,13008595,13011031,2436
granulosa_16387,chr20,13219724,13222224,2500
granulosa_16388,chr20,13638159,13639422,1263
granulosa_16389,chr20,13784199,13785675,1476
granulosa_16390,chr20,13799647,13801227,1580
granulosa_16391,chr20,13934479,13935823,1344
granulosa_16392,chr20,13994841,13996761,1920
granulosa_16393,chr20,14141987,14142598,611
granulosa_16394,chr20,14334341,14334751,410
granulosa_16395,chr20,14336467,14337930,1463
granulosa_16396,chr20,14512225,14513574,1349
granulosa_16397,chr20,15061122,15062326,1204
granulosa_16398,chr20,16261722,16263225,1503
granulosa_16399,chr20,16572657,16573810,1153
granulosa_16400,chr20,16574596,16575730,1134
granulosa_16401,chr20,16729380,16730795,1415
granulosa_16402,chr20,17202227,17203464,1237
granulosa_16403,chr20,17225829,17228296,2467
granulosa_16404,chr20,17504335,17505838,1503
granulosa_16405,chr20,17530397,17531796,1399
granulosa_16406,chr20,17568685,17571301,2616
granulosa_16407,chr20,17610717,17612820,2103
granulosa_16408,chr20,17634510,17636977,2467
granulosa_16409,chr20,17643532,17644793,1261
granulosa_16410,chr20,17679930,17682915,2985
granulosa_16411,chr20,17806255,17807520,1265
granulosa_16412,chr20,17859393,17860108,715
granulosa_16413,chr20,17863506,17864269,763
granulosa_16414,chr20,17873576,17874589,1013
granulosa_16415,chr20,17874992,17876465,1473
granulosa_16416,chr20,17894905,17896732,1827
granulosa_16417,chr20,17938731,17939733,1002
granulosa_16418,chr20,17957808,17959283,1475
granulosa_16419,chr20,17967948,17969628,1680
granulosa_16420,chr20,18056104,18058207,2103
granulosa_16421,chr20,18136861,18138629,1768
granulosa_16422,chr20,18287581,18289339,1758
granulosa_16423,chr20,18466284,18467942,1658
granulosa_16424,chr20,18495970,18497435,1465
granulosa_16425,chr20,18506818,18508286,1468
granulosa_16426,chr20,18566722,18568192,1470
granulosa_16427,chr20,18587419,18588868,1449
granulosa_16428,chr20,18739122,18740551,1429
granulosa_16429,chr20,18793544,18794725,1181
granulosa_16430,chr20,19211363,19213587,2224
granulosa_16431,chr20,19274341,19276425,2084
granulosa_16432,chr20,19551656,19553006,1350
granulosa_16433,chr20,19756857,19759332,2475
granulosa_16434,chr20,19783413,19785702,2289
granulosa_16435,chr20,19902834,19903813,979
granulosa_16436,chr20,19922508,19923318,810
granulosa_16437,chr20,19973934,19977359,3425
granulosa_16438,chr20,19992862,19993723,861
granulosa_16439,chr20,20016654,20018186,1532
granulosa_16440,chr20,20051514,20052973,1459
granulosa_16441,chr20,20366921,20369801,2880
granulosa_16442,chr20,20410407,20412157,1750
granulosa_16443,chr20,20711473,20713509,2036
granulosa_16444,chr20,21125148,21126990,1842
granulosa_16445,chr20,21302104,21304652,2548
granulosa_16446,chr20,21395567,21397878,2311
granulosa_16447,chr20,21505025,21506610,1585
granulosa_16448,chr20,21509728,21511016,1288
granulosa_16449,chr20,21702729,21703536,807
granulosa_16450,chr20,23048315,23051579,3264
granulosa_16451,chr20,23349343,23351760,2417
granulosa_16452,chr20,23357360,23358508,1148
granulosa_16453,chr20,23361240,23363180,1940
granulosa_16454,chr20,23419759,23421929,2170
granulosa_16455,chr20,23637041,23638769,1728
granulosa_16456,chr20,24116201,24119544,3343
granulosa_16457,chr20,24468843,24471534,2691
granulosa_16458,chr20,24745596,24747657,2061
granulosa_16459,chr20,24917881,24919717,1836
granulosa_16460,chr20,24991917,24993163,1246
granulosa_16461,chr20,24994674,24995332,658
granulosa_16462,chr20,25032011,25034240,2229
granulosa_16463,chr20,25056846,25059479,2633
granulosa_16464,chr20,25080866,25082128,1262
granulosa_16465,chr20,25147820,25149127,1307
granulosa_16466,chr20,25190958,25192302,1344
granulosa_16467,chr20,25195147,25197423,2276
granulosa_16468,chr20,25247099,25249027,1928
granulosa_16469,chr20,25294112,25294781,669
granulosa_16470,chr20,25389344,25391234,1890
granulosa_16471,chr20,25407044,25408680,1636
granulosa_16472,chr20,25549217,25551010,1793
granulosa_16473,chr20,25584338,25585955,1617
granulosa_16474,chr20,25622574,25624665,2091
granulosa_16475,chr20,25695648,25697196,1548
granulosa_16476,chr20,25750179,25751719,1540
granulosa_16477,chr20,25853041,25854404,1363
granulosa_16478,chr20,25863010,25863907,897
granulosa_16479,chr20,25865424,25866159,735
granulosa_16480,chr20,26009257,26010808,1551
granulosa_16481,chr20,26207903,26209913,2010
granulosa_16482,chr20,28602098,28603407,1309
granulosa_16483,chr20,30288986,30290886,1900
granulosa_16484,chr20,30376443,30377704,1261
granulosa_16485,chr20,30585025,30586517,1492
granulosa_16486,chr20,30723407,30725065,1658
granulosa_16487,chr20,31474234,31476599,2365
granulosa_16488,chr20,31513643,31515301,1658
granulosa_16489,chr20,31546488,31548376,1888
granulosa_16490,chr20,31562522,31563334,812
granulosa_16491,chr20,31572433,31573507,1074
granulosa_16492,chr20,31587304,31588379,1075
granulosa_16493,chr20,31603978,31606304,2326
granulosa_16494,chr20,31608074,31608873,799
granulosa_16495,chr20,31612531,31613432,901
granulosa_16496,chr20,31661232,31662429,1197
granulosa_16497,chr20,31722363,31724128,1765
granulosa_16498,chr20,31738390,31739820,1430
granulosa_16499,chr20,31822224,31824744,2520
granulosa_16500,chr20,31860290,31862226,1936
granulosa_16501,chr20,31869510,31871190,1680
granulosa_16502,chr20,31879196,31880566,1370
granulosa_16503,chr20,31913737,31914928,1191
granulosa_16504,chr20,31917508,31918619,1111
granulosa_16505,chr20,31942610,31943915,1305
granulosa_16506,chr20,31950853,31952334,1481
granulosa_16507,chr20,31967633,31968985,1352
granulosa_16508,chr20,32017679,32019523,1844
granulosa_16509,chr20,32030787,32031818,1031
granulosa_16510,chr20,32109096,32110719,1623
granulosa_16511,chr20,32154838,32155980,1142
granulosa_16512,chr20,32164839,32166273,1434
granulosa_16513,chr20,32189549,32190795,1246
granulosa_16514,chr20,32206625,32208353,1728
granulosa_16515,chr20,32276815,32278500,1685
granulosa_16516,chr20,32357436,32359735,2299
granulosa_16517,chr20,32362559,32363438,879
granulosa_16518,chr20,32456635,32458389,1754
granulosa_16519,chr20,32462834,32463280,446
granulosa_16520,chr20,32474344,32476417,2073
granulosa_16521,chr20,32482180,32485881,3701
granulosa_16522,chr20,32510216,32511623,1407
granulosa_16523,chr20,32521488,32523472,1984
granulosa_16524,chr20,32527197,32528853,1656
granulosa_16525,chr20,32535825,32537459,1634
granulosa_16526,chr20,32562024,32563510,1486
granulosa_16527,chr20,32582775,32585802,3027
granulosa_16528,chr20,32604971,32606373,1402
granulosa_16529,chr20,32610371,32611741,1370
granulosa_16530,chr20,32626807,32628418,1611
granulosa_16531,chr20,32635695,32637155,1460
granulosa_16532,chr20,32649931,32651010,1079
granulosa_16533,chr20,32652389,32653233,844
granulosa_16534,chr20,32742249,32744181,1932
granulosa_16535,chr20,32749517,32750508,991
granulosa_16536,chr20,32761700,32763705,2005
granulosa_16537,chr20,32819391,32820862,1471
granulosa_16538,chr20,32950016,32951185,1169
granulosa_16539,chr20,32974739,32975793,1054
granulosa_16540,chr20,33400570,33402216,1646
granulosa_16541,chr20,33442409,33444646,2237
granulosa_16542,chr20,33489185,33490824,1639
granulosa_16543,chr20,33554240,33555753,1513
granulosa_16544,chr20,33662977,33664054,1077
granulosa_16545,chr20,33666203,33668224,2021
granulosa_16546,chr20,33673584,33675834,2250
granulosa_16547,chr20,33684611,33686871,2260
granulosa_16548,chr20,33719519,33720794,1275
granulosa_16549,chr20,33731327,33733053,1726
granulosa_16550,chr20,33810723,33813404,2681
granulosa_16551,chr20,33862382,33863441,1059
granulosa_16552,chr20,33914848,33916518,1670
granulosa_16553,chr20,33992669,33994737,2068
granulosa_16554,chr20,33994947,33995743,796
granulosa_16555,chr20,34023975,34025272,1297
granulosa_16556,chr20,34068851,34070184,1333
granulosa_16557,chr20,34110650,34113289,2639
granulosa_16558,chr20,34215358,34216479,1121
granulosa_16559,chr20,34268525,34269719,1194
granulosa_16560,chr20,34302311,34303651,1340
granulosa_16561,chr20,34311160,34313205,2045
granulosa_16562,chr20,34362559,34364254,1695
granulosa_16563,chr20,34424450,34426395,1945
granulosa_16564,chr20,34514963,34517186,2223
granulosa_16565,chr20,34522740,34523766,1026
granulosa_16566,chr20,34525434,34526622,1188
granulosa_16567,chr20,34557962,34560325,2363
granulosa_16568,chr20,34639268,34640455,1187
granulosa_16569,chr20,34676046,34677820,1774
granulosa_16570,chr20,34703447,34705335,1888
granulosa_16571,chr20,34708560,34710377,1817
granulosa_16572,chr20,34713001,34713859,858
granulosa_16573,chr20,34824116,34825911,1795
granulosa_16574,chr20,34872359,34873123,764
granulosa_16575,chr20,34874036,34874367,331
granulosa_16576,chr20,34875854,34877210,1356
granulosa_16577,chr20,34938008,34938946,938
granulosa_16578,chr20,34954870,34956648,1778
granulosa_16579,chr20,34968417,34969622,1205
granulosa_16580,chr20,34996811,34997748,937
granulosa_16581,chr20,35091670,35093262,1592
granulosa_16582,chr20,35146230,35148348,2118
granulosa_16583,chr20,35171563,35172927,1364
granulosa_16584,chr20,35191380,35192876,1496
granulosa_16585,chr20,35225153,35227556,2403
granulosa_16586,chr20,35262867,35264338,1471
granulosa_16587,chr20,35277087,35278821,1734
granulosa_16588,chr20,35283753,35285395,1642
granulosa_16589,chr20,35411147,35412521,1374
granulosa_16590,chr20,35437679,35439377,1698
granulosa_16591,chr20,35454250,35455940,1690
granulosa_16592,chr20,35541117,35542701,1584
granulosa_16593,chr20,35600495,35602194,1699
granulosa_16594,chr20,35615508,35617898,2390
granulosa_16595,chr20,35618590,35619807,1217
granulosa_16596,chr20,35663471,35665292,1821
granulosa_16597,chr20,35697951,35699969,2018
granulosa_16598,chr20,35741468,35743467,1999
granulosa_16599,chr20,35771387,35772623,1236
granulosa_16600,chr20,35883723,35884621,898
granulosa_16601,chr20,35952627,35955184,2557
granulosa_16602,chr20,36017014,36018675,1661
granulosa_16603,chr20,36050203,36051693,1490
granulosa_16604,chr20,36064033,36065497,1464
granulosa_16605,chr20,36091464,36094818,3354
granulosa_16606,chr20,36102653,36103565,912
granulosa_16607,chr20,36153783,36155454,1671
granulosa_16608,chr20,36235844,36237565,1721
granulosa_16609,chr20,36305780,36307691,1911
granulosa_16610,chr20,36454405,36455657,1252
granulosa_16611,chr20,36460596,36462032,1436
granulosa_16612,chr20,36462286,36463061,775
granulosa_16613,chr20,36467002,36468885,1883
granulosa_16614,chr20,36486792,36487491,699
granulosa_16615,chr20,36490077,36490756,679
granulosa_16616,chr20,36526538,36528272,1734
granulosa_16617,chr20,36540478,36542851,2373
granulosa_16618,chr20,36556112,36556892,780
granulosa_16619,chr20,36571402,36572036,634
granulosa_16620,chr20,36572718,36575797,3079
granulosa_16621,chr20,36579828,36580624,796
granulosa_16622,chr20,36586688,36587709,1021
granulosa_16623,chr20,36604814,36606888,2074
granulosa_16624,chr20,36719138,36720084,946
granulosa_16625,chr20,36744738,36746505,1767
granulosa_16626,chr20,36773138,36774538,1400
granulosa_16627,chr20,36776908,36778199,1291
granulosa_16628,chr20,36821776,36822643,867
granulosa_16629,chr20,36827664,36828360,696
granulosa_16630,chr20,36835226,36836322,1096
granulosa_16631,chr20,36861672,36864305,2633
granulosa_16632,chr20,36864678,36865086,408
granulosa_16633,chr20,36886652,36888198,1546
granulosa_16634,chr20,36950442,36952396,1954
granulosa_16635,chr20,37095030,37097086,2056
granulosa_16636,chr20,37178009,37180185,2176
granulosa_16637,chr20,37191989,37192681,692
granulosa_16638,chr20,37288958,37290404,1446
granulosa_16639,chr20,37336017,37337022,1005
granulosa_16640,chr20,37345576,37346939,1363
granulosa_16641,chr20,37383871,37385201,1330
granulosa_16642,chr20,37520176,37521679,1503
granulosa_16643,chr20,37526281,37528467,2186
granulosa_16644,chr20,37597787,37599315,1528
granulosa_16645,chr20,37693252,37694790,1538
granulosa_16646,chr20,37844827,37845959,1132
granulosa_16647,chr20,37901111,37902430,1319
granulosa_16648,chr20,37915688,37916595,907
granulosa_16649,chr20,38032682,38034569,1887
granulosa_16650,chr20,38083295,38085388,2093
granulosa_16651,chr20,38164668,38165928,1260
granulosa_16652,chr20,38433924,38435541,1617
granulosa_16653,chr20,38446121,38447649,1528
granulosa_16654,chr20,38471435,38473596,2161
granulosa_16655,chr20,38645794,38647010,1216
granulosa_16656,chr20,38673710,38674931,1221
granulosa_16657,chr20,38747505,38749049,1544
granulosa_16658,chr20,38804602,38807560,2958
granulosa_16659,chr20,38925715,38927332,1617
granulosa_16660,chr20,38961611,38963277,1666
granulosa_16661,chr20,39049473,39050700,1227
granulosa_16662,chr20,39849289,39851388,2099
granulosa_16663,chr20,39876919,39878740,1821
granulosa_16664,chr20,40687377,40688070,693
granulosa_16665,chr20,40688350,40690320,1970
granulosa_16666,chr20,40968407,40969491,1084
granulosa_16667,chr20,41028004,41029899,1895
granulosa_16668,chr20,41136354,41138967,2613
granulosa_16669,chr20,41316543,41318221,1678
granulosa_16670,chr20,41339661,41341623,1962
granulosa_16671,chr20,41365733,41367563,1830
granulosa_16672,chr20,41373408,41374789,1381
granulosa_16673,chr20,41395043,41396361,1318
granulosa_16674,chr20,41408819,41409557,738
granulosa_16675,chr20,41524671,41526206,1535
granulosa_16676,chr20,41617210,41619968,2758
granulosa_16677,chr20,41692508,41694248,1740
granulosa_16678,chr20,43456815,43458957,2142
granulosa_16679,chr20,43506929,43508978,2049
granulosa_16680,chr20,43513480,43515435,1955
granulosa_16681,chr20,43589990,43591614,1624
granulosa_16682,chr20,43656731,43658317,1586
granulosa_16683,chr20,43665533,43668007,2474
granulosa_16684,chr20,43914108,43916994,2886
granulosa_16685,chr20,44186376,44188394,2018
granulosa_16686,chr20,44209704,44211848,2144
granulosa_16687,chr20,44309741,44311499,1758
granulosa_16688,chr20,44410811,44411782,971
granulosa_16689,chr20,44475329,44476795,1466
granulosa_16690,chr20,44494073,44495218,1145
granulosa_16691,chr20,44521278,44522522,1244
granulosa_16692,chr20,44523305,44524263,958
granulosa_16693,chr20,44531190,44533254,2064
granulosa_16694,chr20,44608994,44610360,1366
granulosa_16695,chr20,44650870,44652972,2102
granulosa_16696,chr20,44702555,44704252,1697
granulosa_16697,chr20,44714213,44715168,955
granulosa_16698,chr20,44728685,44729635,950
granulosa_16699,chr20,44745339,44746353,1014
granulosa_16700,chr20,44746803,44747846,1043
granulosa_16701,chr20,44809251,44811197,1946
granulosa_16702,chr20,44862994,44864161,1167
granulosa_16703,chr20,44884743,44887014,2271
granulosa_16704,chr20,44909302,44910940,1638
granulosa_16705,chr20,44959026,44960815,1789
granulosa_16706,chr20,44965903,44967195,1292
granulosa_16707,chr20,45292817,45294097,1280
granulosa_16708,chr20,45341660,45342717,1057
granulosa_16709,chr20,45346891,45348718,1827
granulosa_16710,chr20,45362531,45363716,1185
granulosa_16711,chr20,45372566,45374193,1627
granulosa_16712,chr20,45405509,45407568,2059
granulosa_16713,chr20,45415662,45416798,1136
granulosa_16714,chr20,45436511,45437387,876
granulosa_16715,chr20,45469261,45471433,2172
granulosa_16716,chr20,45791279,45792823,1544
granulosa_16717,chr20,45811790,45813217,1427
granulosa_16718,chr20,45833285,45834693,1408
granulosa_16719,chr20,45856548,45858072,1524
granulosa_16720,chr20,45880573,45881536,963
granulosa_16721,chr20,45889903,45891824,1921
granulosa_16722,chr20,45910422,45912423,2001
granulosa_16723,chr20,45924319,45926011,1692
granulosa_16724,chr20,45933314,45935907,2593
granulosa_16725,chr20,45970814,45972835,2021
granulosa_16726,chr20,46013335,46014623,1288
granulosa_16727,chr20,46021321,46023184,1863
granulosa_16728,chr20,46029067,46029784,717
granulosa_16729,chr20,46056978,46059253,2275
granulosa_16730,chr20,46088398,46090571,2173
granulosa_16731,chr20,46132046,46132968,922
granulosa_16732,chr20,46138773,46140389,1616
granulosa_16733,chr20,46188523,46189586,1063
granulosa_16734,chr20,46192110,46192957,847
granulosa_16735,chr20,46206782,46207700,918
granulosa_16736,chr20,46230539,46231309,770
granulosa_16737,chr20,46292850,46293511,661
granulosa_16738,chr20,46305339,46305977,638
granulosa_16739,chr20,46306893,46308930,2037
granulosa_16740,chr20,46312221,46312847,626
granulosa_16741,chr20,46329623,46330843,1220
granulosa_16742,chr20,46347803,46349451,1648
granulosa_16743,chr20,46356170,46357874,1704
granulosa_16744,chr20,46363577,46364796,1219
granulosa_16745,chr20,46405731,46407352,1621
granulosa_16746,chr20,46410696,46411337,641
granulosa_16747,chr20,46458629,46459642,1013
granulosa_16748,chr20,46512856,46513942,1086
granulosa_16749,chr20,46562091,46563476,1385
granulosa_16750,chr20,46568284,46569200,916
granulosa_16751,chr20,46682750,46684661,1911
granulosa_16752,chr20,46688648,46690324,1676
granulosa_16753,chr20,46708130,46710364,2234
granulosa_16754,chr20,46810481,46811865,1384
granulosa_16755,chr20,46894272,46896157,1885
granulosa_16756,chr20,46897269,46898231,962
granulosa_16757,chr20,47124302,47126591,2289
granulosa_16758,chr20,47253404,47254560,1156
granulosa_16759,chr20,47317995,47320159,2164
granulosa_16760,chr20,47351670,47352945,1275
granulosa_16761,chr20,47356465,47357983,1518
granulosa_16762,chr20,47358566,47359572,1006
granulosa_16763,chr20,47360196,47361305,1109
granulosa_16764,chr20,47383734,47384857,1123
granulosa_16765,chr20,47492888,47494267,1379
granulosa_16766,chr20,47501178,47503267,2089
granulosa_16767,chr20,47576100,47577081,981
granulosa_16768,chr20,47778082,47779209,1127
granulosa_16769,chr20,47784428,47786873,2445
granulosa_16770,chr20,48069603,48071624,2021
granulosa_16771,chr20,48164430,48165681,1251
granulosa_16772,chr20,48295057,48296386,1329
granulosa_16773,chr20,48619409,48621655,2246
granulosa_16774,chr20,48682188,48683471,1283
granulosa_16775,chr20,48697627,48698477,850
granulosa_16776,chr20,48702357,48703928,1571
granulosa_16777,chr20,48826822,48828665,1843
granulosa_16778,chr20,48920669,48922586,1917
granulosa_16779,chr20,49045569,49047360,1791
granulosa_16780,chr20,49186549,49189008,2459
granulosa_16781,chr20,49218761,49220317,1556
granulosa_16782,chr20,49276149,49279111,2962
granulosa_16783,chr20,49317982,49319754,1772
granulosa_16784,chr20,49482247,49484669,2422
granulosa_16785,chr20,49567507,49569083,1576
granulosa_16786,chr20,49610547,49611503,956
granulosa_16787,chr20,49635918,49637486,1568
granulosa_16788,chr20,49641156,49643110,1954
granulosa_16789,chr20,49712382,49714265,1883
granulosa_16790,chr20,49811875,49813373,1498
granulosa_16791,chr20,49914165,49916234,2069
granulosa_16792,chr20,49935773,49937946,2173
granulosa_16793,chr20,49978850,49979591,741
granulosa_16794,chr20,49981884,49983456,1572
granulosa_16795,chr20,50070972,50071668,696
granulosa_16796,chr20,50112012,50113445,1433
granulosa_16797,chr20,50115384,50116215,831
granulosa_16798,chr20,50152344,50154250,1906
granulosa_16799,chr20,50165400,50166517,1117
granulosa_16800,chr20,50171428,50173014,1586
granulosa_16801,chr20,50189916,50193543,3627
granulosa_16802,chr20,50233233,50234357,1124
granulosa_16803,chr20,50284400,50287065,2665
granulosa_16804,chr20,50308221,50309808,1587
granulosa_16805,chr20,50320606,50322338,1732
granulosa_16806,chr20,50509400,50511856,2456
granulosa_16807,chr20,50635521,50637179,1658
granulosa_16808,chr20,50644967,50646110,1143
granulosa_16809,chr20,50654796,50656062,1266
granulosa_16810,chr20,50676704,50677259,555
granulosa_16811,chr20,50678056,50679040,984
granulosa_16812,chr20,50679767,50680790,1023
granulosa_16813,chr20,50689553,50692348,2795
granulosa_16814,chr20,50730248,50732646,2398
granulosa_16815,chr20,50790264,50791145,881
granulosa_16816,chr20,50794204,50795742,1538
granulosa_16817,chr20,50818021,50818854,833
granulosa_16818,chr20,50848038,50849426,1388
granulosa_16819,chr20,50855605,50857187,1582
granulosa_16820,chr20,50870160,50871747,1587
granulosa_16821,chr20,50929112,50929732,620
granulosa_16822,chr20,50929938,50932172,2234
granulosa_16823,chr20,50957152,50959792,2640
granulosa_16824,chr20,51022423,51023884,1461
granulosa_16825,chr20,51426883,51429709,2826
granulosa_16826,chr20,51446518,51447909,1391
granulosa_16827,chr20,51456209,51457753,1544
granulosa_16828,chr20,51491783,51493223,1440
granulosa_16829,chr20,51506635,51507695,1060
granulosa_16830,chr20,51528528,51530054,1526
granulosa_16831,chr20,51540628,51543363,2735
granulosa_16832,chr20,51561531,51564186,2655
granulosa_16833,chr20,51766785,51769141,2356
granulosa_16834,chr20,51799971,51802824,2853
granulosa_16835,chr20,52103457,52106651,3194
granulosa_16836,chr20,52190553,52192661,2108
granulosa_16837,chr20,52382280,52383547,1267
granulosa_16838,chr20,52409824,52411373,1549
granulosa_16839,chr20,52971883,52973869,1986
granulosa_16840,chr20,53216545,53217413,868
granulosa_16841,chr20,53444029,53445841,1812
granulosa_16842,chr20,53578475,53580064,1589
granulosa_16843,chr20,53592498,53594901,2403
granulosa_16844,chr20,53622698,53624296,1598
granulosa_16845,chr20,53736129,53738835,2706
granulosa_16846,chr20,53914299,53916349,2050
granulosa_16847,chr20,54172570,54175038,2468
granulosa_16848,chr20,54207321,54209356,2035
granulosa_16849,chr20,54474463,54476900,2437
granulosa_16850,chr20,55095532,55096788,1256
granulosa_16851,chr20,55253483,55254266,783
granulosa_16852,chr20,56002881,56005854,2973
granulosa_16853,chr20,56186620,56188187,1567
granulosa_16854,chr20,56347546,56349087,1541
granulosa_16855,chr20,56358302,56360246,1944
granulosa_16856,chr20,56382051,56383628,1577
granulosa_16857,chr20,56391064,56393293,2229
granulosa_16858,chr20,56467929,56469025,1096
granulosa_16859,chr20,56628308,56629428,1120
granulosa_16860,chr20,56629662,56631206,1544
granulosa_16861,chr20,56924362,56926146,1784
granulosa_16862,chr20,57265673,57267242,1569
granulosa_16863,chr20,57350363,57351971,1608
granulosa_16864,chr20,57388957,57392296,3339
granulosa_16865,chr20,57397771,57399476,1705
granulosa_16866,chr20,57440527,57441661,1134
granulosa_16867,chr20,57708580,57710793,2213
granulosa_16868,chr20,57718378,57719073,695
granulosa_16869,chr20,57748196,57750203,2007
granulosa_16870,chr20,58209019,58210265,1246
granulosa_16871,chr20,58227845,58229321,1476
granulosa_16872,chr20,58236617,58237411,794
granulosa_16873,chr20,58308648,58310660,2012
granulosa_16874,chr20,58388689,58390022,1333
granulosa_16875,chr20,58514119,58515575,1456
granulosa_16876,chr20,58522505,58524242,1737
granulosa_16877,chr20,58549835,58550983,1148
granulosa_16878,chr20,58557664,58559013,1349
granulosa_16879,chr20,58567851,58570055,2204
granulosa_16880,chr20,58603626,58604939,1313
granulosa_16881,chr20,58649527,58652759,3232
granulosa_16882,chr20,58692154,58694049,1895
granulosa_16883,chr20,58850431,58851314,883
granulosa_16884,chr20,58888515,58889393,878
granulosa_16885,chr20,58890226,58892825,2599
granulosa_16886,chr20,58906868,58908526,1658
granulosa_16887,chr20,58980599,58982170,1571
granulosa_16888,chr20,59006162,59007500,1338
granulosa_16889,chr20,59031588,59033074,1486
granulosa_16890,chr20,59041895,59043427,1532
granulosa_16891,chr20,59221210,59223623,2413
granulosa_16892,chr20,59402200,59404737,2537
granulosa_16893,chr20,59571297,59572389,1092
granulosa_16894,chr20,59603779,59605989,2210
granulosa_16895,chr20,59834955,59836385,1430
granulosa_16896,chr20,59932461,59934510,2049
granulosa_16897,chr20,59939020,59941247,2227
granulosa_16898,chr20,60010112,60012090,1978
granulosa_16899,chr20,60078095,60079475,1380
granulosa_16900,chr20,61202905,61203984,1079
granulosa_16901,chr20,61251758,61254565,2807
granulosa_16902,chr20,61643621,61645103,1482
granulosa_16903,chr20,61672578,61674297,1719
granulosa_16904,chr20,61899850,61901091,1241
granulosa_16905,chr20,61951689,61952474,785
granulosa_16906,chr20,61955902,61957247,1345
granulosa_16907,chr20,62018984,62020509,1525
granulosa_16908,chr20,62042456,62043791,1335
granulosa_16909,chr20,62063205,62064489,1284
granulosa_16910,chr20,62064578,62067359,2781
granulosa_16911,chr20,62121308,62124064,2756
granulosa_16912,chr20,62141780,62144983,3203
granulosa_16913,chr20,62148939,62151233,2294
granulosa_16914,chr20,62156056,62157299,1243
granulosa_16915,chr20,62182272,62183924,1652
granulosa_16916,chr20,62218922,62221576,2654
granulosa_16917,chr20,62237806,62239460,1654
granulosa_16918,chr20,62243936,62245158,1222
granulosa_16919,chr20,62274194,62275173,979
granulosa_16920,chr20,62301785,62304197,2412
granulosa_16921,chr20,62355271,62357988,2717
granulosa_16922,chr20,62365766,62366839,1073
granulosa_16923,chr20,62366949,62367663,714
granulosa_16924,chr20,62367929,62369433,1504
granulosa_16925,chr20,62375147,62376820,1673
granulosa_16926,chr20,62382541,62383018,477
granulosa_16927,chr20,62385798,62387737,1939
granulosa_16928,chr20,62406621,62407831,1210
granulosa_16929,chr20,62409788,62410801,1013
granulosa_16930,chr20,62474977,62476738,1761
granulosa_16931,chr20,62484979,62485960,981
granulosa_16932,chr20,62486629,62488054,1425
granulosa_16933,chr20,62529138,62530963,1825
granulosa_16934,chr20,62549942,62551809,1867
granulosa_16935,chr20,62616615,62617235,620
granulosa_16936,chr20,62623034,62625071,2037
granulosa_16937,chr20,62641769,62643652,1883
granulosa_16938,chr20,62651706,62653025,1319
granulosa_16939,chr20,62704148,62705053,905
granulosa_16940,chr20,62707957,62709338,1381
granulosa_16941,chr20,62766466,62767114,648
granulosa_16942,chr20,62768301,62769226,925
granulosa_16943,chr20,62791292,62791748,456
granulosa_16944,chr20,62793752,62794831,1079
granulosa_16945,chr20,62795055,62795732,677
granulosa_16946,chr20,62796077,62796825,748
granulosa_16947,chr20,62803994,62806269,2275
granulosa_16948,chr20,62815363,62817505,2142
granulosa_16949,chr20,62818415,62819764,1349
granulosa_16950,chr20,62824522,62825715,1193
granulosa_16951,chr20,62860217,62862945,2728
granulosa_16952,chr20,62873509,62874499,990
granulosa_16953,chr20,62899396,62901233,1837
granulosa_16954,chr20,62925563,62927101,1538
granulosa_16955,chr20,62928738,62929558,820
granulosa_16956,chr20,62936805,62939039,2234
granulosa_16957,chr20,62952302,62954827,2525
granulosa_16958,chr20,62972178,62973517,1339
granulosa_16959,chr20,63006152,63007258,1106
granulosa_16960,chr20,63008650,63009517,867
granulosa_16961,chr20,63055710,63057378,1668
granulosa_16962,chr20,63069521,63070201,680
granulosa_16963,chr20,63178505,63179690,1185
granulosa_16964,chr20,63215089,63217041,1952
granulosa_16965,chr20,63224346,63225376,1030
granulosa_16966,chr20,63252999,63255299,2300
granulosa_16967,chr20,63272016,63274053,2037
granulosa_16968,chr20,63315031,63316194,1163
granulosa_16969,chr20,63332962,63333851,889
granulosa_16970,chr20,63351495,63353281,1786
granulosa_16971,chr20,63360058,63362446,2388
granulosa_16972,chr20,63377188,63378990,1802
granulosa_16973,chr20,63393702,63394890,1188
granulosa_16974,chr20,63410416,63411468,1052
granulosa_16975,chr20,63498798,63499903,1105
granulosa_16976,chr20,63519590,63521499,1909
granulosa_16977,chr20,63537556,63538492,936
granulosa_16978,chr20,63541971,63542856,885
granulosa_16979,chr20,63552865,63554839,1974
granulosa_16980,chr20,63572930,63574909,1979
granulosa_16981,chr20,63625890,63627642,1752
granulosa_16982,chr20,63627907,63628612,705
granulosa_16983,chr20,63641215,63643221,2006
granulosa_16984,chr20,63651565,63654030,2465
granulosa_16985,chr20,63657495,63659257,1762
granulosa_16986,chr20,63696149,63697561,1412
granulosa_16987,chr20,63706783,63708876,2093
granulosa_16988,chr20,63738679,63741400,2721
granulosa_16989,chr20,63774942,63776195,1253
granulosa_16990,chr20,63829641,63832579,2938
granulosa_16991,chr20,63834782,63835748,966
granulosa_16992,chr20,63845991,63846898,907
granulosa_16993,chr20,63853927,63855947,2020
granulosa_16994,chr20,63857141,63859216,2075
granulosa_16995,chr20,63863807,63866018,2211
granulosa_16996,chr20,63894120,63896942,2822
granulosa_16997,chr20,63948156,63950198,2042
granulosa_16998,chr20,63955243,63958088,2845
granulosa_16999,chr20,63969101,63970717,1616
granulosa_17000,chr20,63973531,63974212,681
granulosa_17001,chr20,63978504,63980330,1826
granulosa_17002,chr20,63980573,63981665,1092
granulosa_17003,chr20,64038237,64039538,1301
granulosa_17004,chr20,64047820,64050150,2330
granulosa_17005,chr20,64062253,64064320,2067
granulosa_17006,chr20,64079260,64080519,1259
granulosa_17007,chr20,64083306,64085097,1791
granulosa_17008,chr20,64101715,64103010,1295
granulosa_17009,chr20,64119755,64120775,1020
granulosa_17010,chr20,64221092,64224781,3689
granulosa_17011,chr20,64254608,64256772,2164
granulosa_17012,chr21,5154350,5154978,628
granulosa_17013,chr21,8219463,8220254,791
granulosa_17014,chr21,14026840,14027775,935
granulosa_17015,chr21,14215722,14217255,1533
granulosa_17016,chr21,14382350,14384071,1721
granulosa_17017,chr21,14988694,14989795,1101
granulosa_17018,chr21,15003244,15003870,626
granulosa_17019,chr21,15005074,15005974,900
granulosa_17020,chr21,15063818,15066435,2617
granulosa_17021,chr21,15728896,15731010,2114
granulosa_17022,chr21,16193793,16195828,2035
granulosa_17023,chr21,16279466,16281041,1575
granulosa_17024,chr21,16418756,16420562,1806
granulosa_17025,chr21,16533671,16535536,1865
granulosa_17026,chr21,16586991,16588897,1906
granulosa_17027,chr21,17454011,17455208,1197
granulosa_17028,chr21,17511820,17514327,2507
granulosa_17029,chr21,17610558,17613567,3009
granulosa_17030,chr21,17818109,17820195,2086
granulosa_17031,chr21,18244361,18246031,1670
granulosa_17032,chr21,19228016,19228898,882
granulosa_17033,chr21,19607779,19608702,923
granulosa_17034,chr21,20996900,20998892,1992
granulosa_17035,chr21,24903441,24904827,1386
granulosa_17036,chr21,24938571,24939834,1263
granulosa_17037,chr21,24994619,24995937,1318
granulosa_17038,chr21,25606761,25608620,1859
granulosa_17039,chr21,25637902,25640592,2690
granulosa_17040,chr21,25733918,25736546,2628
granulosa_17041,chr21,25856960,25858538,1578
granulosa_17042,chr21,26168889,26171378,2489
granulosa_17043,chr21,26571880,26573410,1530
granulosa_17044,chr21,26842920,26846931,4011
granulosa_17045,chr21,26965137,26967934,2797
granulosa_17046,chr21,28110640,28113265,2625
granulosa_17047,chr21,28256184,28257727,1543
granulosa_17048,chr21,28744725,28746012,1287
granulosa_17049,chr21,28883761,28885561,1800
granulosa_17050,chr21,28991835,28993350,1515
granulosa_17051,chr21,29002293,29003677,1384
granulosa_17052,chr21,29017943,29019564,1621
granulosa_17053,chr21,29023915,29025671,1756
granulosa_17054,chr21,29072873,29074155,1282
granulosa_17055,chr21,29076605,29077951,1346
granulosa_17056,chr21,29297964,29300553,2589
granulosa_17057,chr21,29433327,29434397,1070
granulosa_17058,chr21,29938709,29940629,1920
granulosa_17059,chr21,31151335,31152602,1267
granulosa_17060,chr21,31343245,31344687,1442
granulosa_17061,chr21,31546314,31547519,1205
granulosa_17062,chr21,31557489,31560130,2641
granulosa_17063,chr21,31659133,31660860,1727
granulosa_17064,chr21,31730613,31733177,2564
granulosa_17065,chr21,31865651,31866575,924
granulosa_17066,chr21,31872113,31875135,3022
granulosa_17067,chr21,31888848,31889899,1051
granulosa_17068,chr21,31907937,31910091,2154
granulosa_17069,chr21,32197162,32198917,1755
granulosa_17070,chr21,32256337,32257415,1078
granulosa_17071,chr21,32278000,32280103,2103
granulosa_17072,chr21,32392100,32393737,1637
granulosa_17073,chr21,32411395,32413521,2126
granulosa_17074,chr21,32569018,32570146,1128
granulosa_17075,chr21,32611416,32613489,2073
granulosa_17076,chr21,32726702,32728801,2099
granulosa_17077,chr21,32770632,32772849,2217
granulosa_17078,chr21,32802766,32803998,1232
granulosa_17079,chr21,33069754,33072268,2514
granulosa_17080,chr21,33196691,33197880,1189
granulosa_17081,chr21,33229299,33231222,1923
granulosa_17082,chr21,33265612,33267350,1738
granulosa_17083,chr21,33285705,33287570,1865
granulosa_17084,chr21,33300547,33301780,1233
granulosa_17085,chr21,33324094,33325817,1723
granulosa_17086,chr21,33402084,33404565,2481
granulosa_17087,chr21,33478320,33480670,2350
granulosa_17088,chr21,33490921,33492183,1262
granulosa_17089,chr21,33541469,33543657,2188
granulosa_17090,chr21,33587701,33589370,1669
granulosa_17091,chr21,33641015,33643994,2979
granulosa_17092,chr21,33650238,33652337,2099
granulosa_17093,chr21,33894373,33895349,976
granulosa_17094,chr21,33914976,33916308,1332
granulosa_17095,chr21,33922691,33924981,2290
granulosa_17096,chr21,34072523,34075085,2562
granulosa_17097,chr21,34128298,34130515,2217
granulosa_17098,chr21,34201360,34203242,1882
granulosa_17099,chr21,34613592,34615715,2123
granulosa_17100,chr21,34668805,34670976,2171
granulosa_17101,chr21,34723811,34725143,1332
granulosa_17102,chr21,34744734,34746182,1448
granulosa_17103,chr21,34886366,34887132,766
granulosa_17104,chr21,34887916,34890554,2638
granulosa_17105,chr21,34890825,34891622,797
granulosa_17106,chr21,35026394,35027902,1508
granulosa_17107,chr21,35188768,35190339,1571
granulosa_17108,chr21,35204735,35206581,1846
granulosa_17109,chr21,35256175,35257016,841
granulosa_17110,chr21,35696683,35698236,1553
granulosa_17111,chr21,36028069,36028821,752
granulosa_17112,chr21,36059504,36061060,1556
granulosa_17113,chr21,36069587,36070654,1067
granulosa_17114,chr21,36104285,36106576,2291
granulosa_17115,chr21,36134449,36136520,2071
granulosa_17116,chr21,36141213,36142247,1034
granulosa_17117,chr21,36155587,36157630,2043
granulosa_17118,chr21,36260019,36260881,862
granulosa_17119,chr21,36319542,36321139,1597
granulosa_17120,chr21,36377162,36378386,1224
granulosa_17121,chr21,36384980,36386281,1301
granulosa_17122,chr21,36429671,36430707,1036
granulosa_17123,chr21,36698341,36699800,1459
granulosa_17124,chr21,36747057,36748409,1352
granulosa_17125,chr21,36767976,36769775,1799
granulosa_17126,chr21,36965733,36967628,1895
granulosa_17127,chr21,36980138,36981245,1107
granulosa_17128,chr21,36989203,36990715,1512
granulosa_17129,chr21,37005797,37007245,1448
granulosa_17130,chr21,37009673,37010231,558
granulosa_17131,chr21,37071833,37074499,2666
granulosa_17132,chr21,37219454,37221606,2152
granulosa_17133,chr21,37257193,37258923,1730
granulosa_17134,chr21,37266682,37268396,1714
granulosa_17135,chr21,37365493,37368320,2827
granulosa_17136,chr21,37434695,37436069,1374
granulosa_17137,chr21,37563258,37564984,1726
granulosa_17138,chr21,37566744,37567825,1081
granulosa_17139,chr21,37913792,37914706,914
granulosa_17140,chr21,37915533,37917059,1526
granulosa_17141,chr21,38307983,38309032,1049
granulosa_17142,chr21,38660176,38662367,2191
granulosa_17143,chr21,38733714,38734647,933
granulosa_17144,chr21,38804728,38807788,3060
granulosa_17145,chr21,38912728,38913831,1103
granulosa_17146,chr21,38984442,38986166,1724
granulosa_17147,chr21,38989530,38990685,1155
granulosa_17148,chr21,39022401,39023836,1435
granulosa_17149,chr21,39182188,39184278,2090
granulosa_17150,chr21,39312156,39314868,2712
granulosa_17151,chr21,39348141,39349904,1763
granulosa_17152,chr21,39379445,39381373,1928
granulosa_17153,chr21,39385328,39386530,1202
granulosa_17154,chr21,39387407,39388915,1508
granulosa_17155,chr21,39441560,39442575,1015
granulosa_17156,chr21,39444537,39446172,1635
granulosa_17157,chr21,39527147,39528585,1438
granulosa_17158,chr21,39612223,39613800,1577
granulosa_17159,chr21,39762529,39764323,1794
granulosa_17160,chr21,39788164,39789182,1018
granulosa_17161,chr21,39866893,39868093,1200
granulosa_17162,chr21,40151655,40152976,1321
granulosa_17163,chr21,40840876,40842294,1418
granulosa_17164,chr21,41068432,41069377,945
granulosa_17165,chr21,41112936,41114109,1173
granulosa_17166,chr21,41166719,41169317,2598
granulosa_17167,chr21,41316146,41317406,1260
granulosa_17168,chr21,41368866,41370131,1265
granulosa_17169,chr21,41419757,41420915,1158
granulosa_17170,chr21,41425706,41427384,1678
granulosa_17171,chr21,41612136,41613452,1316
granulosa_17172,chr21,41678034,41679382,1348
granulosa_17173,chr21,41711594,41712956,1362
granulosa_17174,chr21,41765914,41767336,1422
granulosa_17175,chr21,41767857,41769302,1445
granulosa_17176,chr21,41777735,41778609,874
granulosa_17177,chr21,41778941,41779919,978
granulosa_17178,chr21,41816275,41817567,1292
granulosa_17179,chr21,41877849,41879950,2101
granulosa_17180,chr21,41952893,41954710,1817
granulosa_17181,chr21,42008998,42011445,2447
granulosa_17182,chr21,42107444,42108384,940
granulosa_17183,chr21,42218534,42220731,2197
granulosa_17184,chr21,42234144,42235428,1284
granulosa_17185,chr21,42495584,42497291,1707
granulosa_17186,chr21,42513106,42514941,1835
granulosa_17187,chr21,42640460,42641806,1346
granulosa_17188,chr21,42652461,42654773,2312
granulosa_17189,chr21,42673931,42675699,1768
granulosa_17190,chr21,42780808,42782558,1750
granulosa_17191,chr21,42878303,42880172,1869
granulosa_17192,chr21,42892428,42894220,1792
granulosa_17193,chr21,42923606,42924406,800
granulosa_17194,chr21,42973691,42976008,2317
granulosa_17195,chr21,43289893,43291302,1409
granulosa_17196,chr21,43331933,43334111,2178
granulosa_17197,chr21,43364735,43366452,1717
granulosa_17198,chr21,43645209,43645914,705
granulosa_17199,chr21,43646338,43647007,669
granulosa_17200,chr21,43657387,43660735,3348
granulosa_17201,chr21,43702014,43703801,1787
granulosa_17202,chr21,43718302,43720846,2544
granulosa_17203,chr21,43725672,43726343,671
granulosa_17204,chr21,43726846,43729571,2725
granulosa_17205,chr21,43738209,43738842,633
granulosa_17206,chr21,43739910,43741176,1266
granulosa_17207,chr21,43754463,43755734,1271
granulosa_17208,chr21,43757554,43759111,1557
granulosa_17209,chr21,43775591,43776980,1389
granulosa_17210,chr21,43788673,43790262,1589
granulosa_17211,chr21,43859516,43861022,1506
granulosa_17212,chr21,43864142,43866906,2764
granulosa_17213,chr21,43909682,43912132,2450
granulosa_17214,chr21,43921495,43922807,1312
granulosa_17215,chr21,43935467,43936872,1405
granulosa_17216,chr21,43938687,43939448,761
granulosa_17217,chr21,43975079,43975966,887
granulosa_17218,chr21,43991290,43992162,872
granulosa_17219,chr21,44011446,44014011,2565
granulosa_17220,chr21,44091889,44092738,849
granulosa_17221,chr21,44299184,44301294,2110
granulosa_17222,chr21,44337592,44339941,2349
granulosa_17223,chr21,44369881,44370763,882
granulosa_17224,chr21,44454849,44456594,1745
granulosa_17225,chr21,44510082,44511235,1153
granulosa_17226,chr21,44792729,44793700,971
granulosa_17227,chr21,44800876,44802986,2110
granulosa_17228,chr21,44816858,44819099,2241
granulosa_17229,chr21,44845342,44846940,1598
granulosa_17230,chr21,44871566,44875209,3643
granulosa_17231,chr21,44909942,44911912,1970
granulosa_17232,chr21,44930759,44933149,2390
granulosa_17233,chr21,44939384,44940903,1519
granulosa_17234,chr21,44982405,44983305,900
granulosa_17235,chr21,44989304,44990384,1080
granulosa_17236,chr21,45011795,45013486,1691
granulosa_17237,chr21,45072827,45075818,2991
granulosa_17238,chr21,45129400,45130963,1563
granulosa_17239,chr21,45286458,45288788,2330
granulosa_17240,chr21,45292085,45292861,776
granulosa_17241,chr21,45293766,45295307,1541
granulosa_17242,chr21,45306440,45307539,1099
granulosa_17243,chr21,45365440,45366142,702
granulosa_17244,chr21,45366728,45368114,1386
granulosa_17245,chr21,45403774,45406682,2908
granulosa_17246,chr21,45430355,45431337,982
granulosa_17247,chr21,45431647,45433503,1856
granulosa_17248,chr21,45438650,45440282,1632
granulosa_17249,chr21,45533922,45536004,2082
granulosa_17250,chr21,45540421,45543415,2994
granulosa_17251,chr21,45554440,45556444,2004
granulosa_17252,chr21,45589841,45591401,1560
granulosa_17253,chr21,45642173,45644403,2230
granulosa_17254,chr21,45820260,45821166,906
granulosa_17255,chr21,45876248,45877178,930
granulosa_17256,chr21,45949332,45951565,2233
granulosa_17257,chr21,45970047,45970973,926
granulosa_17258,chr21,45971618,45974367,2749
granulosa_17259,chr21,45981036,45983413,2377
granulosa_17260,chr21,46033270,46034341,1071
granulosa_17261,chr21,46038367,46039501,1134
granulosa_17262,chr21,46064814,46067451,2637
granulosa_17263,chr21,46097057,46099824,2767
granulosa_17264,chr21,46127978,46129242,1264
granulosa_17265,chr21,46143501,46144327,826
granulosa_17266,chr21,46152433,46153993,1560
granulosa_17267,chr21,46183859,46185267,1408
granulosa_17268,chr21,46226944,46229853,2909
granulosa_17269,chr21,46285266,46287352,2086
granulosa_17270,chr21,46297093,46298274,1181
granulosa_17271,chr21,46322432,46325506,3074
granulosa_17272,chr21,46457665,46460086,2421
granulosa_17273,chr21,46634645,46636306,1661
granulosa_17274,chr21,46661206,46662151,945
granulosa_17275,chr21,46667026,46668445,1419
granulosa_17276,chr22,16600843,16603148,2305
granulosa_17277,chr22,17083912,17086195,2283
granulosa_17278,chr22,17119540,17121921,2381
granulosa_17279,chr22,17158198,17160184,1986
granulosa_17280,chr22,17171069,17172539,1470
granulosa_17281,chr22,17198148,17199812,1664
granulosa_17282,chr22,17256962,17259048,2086
granulosa_17283,chr22,17264029,17265191,1162
granulosa_17284,chr22,17266023,17267036,1013
granulosa_17285,chr22,17368252,17371196,2944
granulosa_17286,chr22,17580019,17581996,1977
granulosa_17287,chr22,17627809,17629223,1414
granulosa_17288,chr22,17637683,17639915,2232
granulosa_17289,chr22,17772766,17774863,2097
granulosa_17290,chr22,17829781,17830732,951
granulosa_17291,chr22,17910227,17911477,1250
granulosa_17292,chr22,17921763,17923603,1840
granulosa_17293,chr22,17937621,17939013,1392
granulosa_17294,chr22,17945021,17947265,2244
granulosa_17295,chr22,17979912,17981045,1133
granulosa_17296,chr22,17999985,18002077,2092
granulosa_17297,chr22,18022966,18025154,2188
granulosa_17298,chr22,18077325,18078774,1449
granulosa_17299,chr22,18091531,18092600,1069
granulosa_17300,chr22,18109857,18111535,1678
granulosa_17301,chr22,18149347,18150970,1623
granulosa_17302,chr22,18970074,18971320,1246
granulosa_17303,chr22,19121363,19123157,1794
granulosa_17304,chr22,19143802,19144978,1176
granulosa_17305,chr22,19170899,19172262,1363
granulosa_17306,chr22,19177663,19179746,2083
granulosa_17307,chr22,19290813,19292780,1967
granulosa_17308,chr22,19407640,19408816,1176
granulosa_17309,chr22,19430273,19432938,2665
granulosa_17310,chr22,19446695,19448466,1771
granulosa_17311,chr22,19477583,19480362,2779
granulosa_17312,chr22,19522986,19525680,2694
granulosa_17313,chr22,19663160,19664625,1465
granulosa_17314,chr22,19713885,19714957,1072
granulosa_17315,chr22,19717640,19719383,1743
granulosa_17316,chr22,19722580,19724656,2076
granulosa_17317,chr22,19730289,19731332,1043
granulosa_17318,chr22,19765509,19768332,2823
granulosa_17319,chr22,19798739,19799905,1166
granulosa_17320,chr22,19810356,19812532,2176
granulosa_17321,chr22,19841843,19844978,3135
granulosa_17322,chr22,19853824,19856350,2526
granulosa_17323,chr22,19873896,19875164,1268
granulosa_17324,chr22,19880612,19882184,1572
granulosa_17325,chr22,19891239,19892930,1691
granulosa_17326,chr22,19896430,19897892,1462
granulosa_17327,chr22,19932150,19934207,2057
granulosa_17328,chr22,19940839,19943427,2588
granulosa_17329,chr22,19947379,19948048,669
granulosa_17330,chr22,19958568,19960127,1559
granulosa_17331,chr22,19986096,19987526,1430
granulosa_17332,chr22,20013067,20013726,659
granulosa_17333,chr22,20015943,20017295,1352
granulosa_17334,chr22,20020576,20022166,1590
granulosa_17335,chr22,20079445,20081472,2027
granulosa_17336,chr22,20116431,20118317,1886
granulosa_17337,chr22,20130334,20132572,2238
granulosa_17338,chr22,20158869,20159832,963
granulosa_17339,chr22,20238064,20239632,1568
granulosa_17340,chr22,20239852,20240871,1019
granulosa_17341,chr22,20243360,20244096,736
granulosa_17342,chr22,20245877,20246775,898
granulosa_17343,chr22,20249371,20250420,1049
granulosa_17344,chr22,20267034,20268919,1885
granulosa_17345,chr22,20298010,20300164,2154
granulosa_17346,chr22,20319075,20320938,1863
granulosa_17347,chr22,20391847,20395869,4022
granulosa_17348,chr22,20417955,20418712,757
granulosa_17349,chr22,20430548,20432010,1462
granulosa_17350,chr22,20436151,20439342,3191
granulosa_17351,chr22,20456065,20456805,740
granulosa_17352,chr22,20494654,20496959,2305
granulosa_17353,chr22,20507098,20508422,1324
granulosa_17354,chr22,20508732,20509755,1023
granulosa_17355,chr22,20523475,20524745,1270
granulosa_17356,chr22,20550483,20553609,3126
granulosa_17357,chr22,20701981,20704594,2613
granulosa_17358,chr22,20792715,20794600,1885
granulosa_17359,chr22,20857403,20859449,2046
granulosa_17360,chr22,20885148,20886083,935
granulosa_17361,chr22,20916711,20918371,1660
granulosa_17362,chr22,20956298,20958327,2029
granulosa_17363,chr22,20964605,20965913,1308
granulosa_17364,chr22,20979102,20979863,761
granulosa_17365,chr22,20981413,20982789,1376
granulosa_17366,chr22,21000864,21003120,2256
granulosa_17367,chr22,21009423,21009989,566
granulosa_17368,chr22,21013573,21015317,1744
granulosa_17369,chr22,21031945,21033171,1226
granulosa_17370,chr22,21044858,21046572,1714
granulosa_17371,chr22,21467877,21468719,842
granulosa_17372,chr22,21567277,21568992,1715
granulosa_17373,chr22,21628681,21630301,1620
granulosa_17374,chr22,21641321,21643332,2011
granulosa_17375,chr22,21651092,21652933,1841
granulosa_17376,chr22,21657086,21658456,1370
granulosa_17377,chr22,21665260,21666629,1369
granulosa_17378,chr22,21707352,21708225,873
granulosa_17379,chr22,21712883,21713598,715
granulosa_17380,chr22,21734614,21736563,1949
granulosa_17381,chr22,21754322,21756039,1717
granulosa_17382,chr22,21774602,21775546,944
granulosa_17383,chr22,21866195,21868264,2069
granulosa_17384,chr22,21916403,21918003,1600
granulosa_17385,chr22,21921057,21922045,988
granulosa_17386,chr22,21926558,21929183,2625
granulosa_17387,chr22,21937578,21938872,1294
granulosa_17388,chr22,21951768,21953275,1507
granulosa_17389,chr22,21981834,21983027,1193
granulosa_17390,chr22,22297123,22298686,1563
granulosa_17391,chr22,22507704,22509194,1490
granulosa_17392,chr22,22799131,22800155,1024
granulosa_17393,chr22,23069133,23071458,2325
granulosa_17394,chr22,23098343,23099516,1173
granulosa_17395,chr22,23112736,23113717,981
granulosa_17396,chr22,23127529,23128712,1183
granulosa_17397,chr22,23141182,23142384,1202
granulosa_17398,chr22,23144897,23145965,1068
granulosa_17399,chr22,23179807,23181559,1752
granulosa_17400,chr22,23204067,23205998,1931
granulosa_17401,chr22,23236732,23237816,1084
granulosa_17402,chr22,23281271,23282440,1169
granulosa_17403,chr22,23315198,23316126,928
granulosa_17404,chr22,23366832,23368104,1272
granulosa_17405,chr22,23382429,23384616,2187
granulosa_17406,chr22,23385623,23386440,817
granulosa_17407,chr22,23401641,23403014,1373
granulosa_17408,chr22,23404408,23405009,601
granulosa_17409,chr22,23432838,23434602,1764
granulosa_17410,chr22,23520527,23523317,2790
granulosa_17411,chr22,23533211,23534550,1339
granulosa_17412,chr22,23537388,23538934,1546
granulosa_17413,chr22,23539183,23539890,707
granulosa_17414,chr22,23565274,23567775,2501
granulosa_17415,chr22,23716571,23717731,1160
granulosa_17416,chr22,23749701,23751877,2176
granulosa_17417,chr22,23767256,23768684,1428
granulosa_17418,chr22,23772362,23773889,1527
granulosa_17419,chr22,23786193,23787792,1599
granulosa_17420,chr22,23804244,23805416,1172
granulosa_17421,chr22,23838368,23839614,1246
granulosa_17422,chr22,23849105,23849928,823
granulosa_17423,chr22,23856576,23858760,2184
granulosa_17424,chr22,23893655,23895695,2040
granulosa_17425,chr22,23913233,23914369,1136
granulosa_17426,chr22,24010733,24012031,1298
granulosa_17427,chr22,24145651,24147965,2314
granulosa_17428,chr22,24155514,24158066,2552
granulosa_17429,chr22,24189059,24190364,1305
granulosa_17430,chr22,24247014,24247965,951
granulosa_17431,chr22,24270295,24272050,1755
granulosa_17432,chr22,24423435,24424879,1444
granulosa_17433,chr22,24431934,24433183,1249
granulosa_17434,chr22,24544305,24545696,1391
granulosa_17435,chr22,24553933,24556222,2289
granulosa_17436,chr22,24583154,24585292,2138
granulosa_17437,chr22,24592158,24593466,1308
granulosa_17438,chr22,24728714,24729702,988
granulosa_17439,chr22,24805826,24807074,1248
granulosa_17440,chr22,24952056,24954404,2348
granulosa_17441,chr22,25043986,25044831,845
granulosa_17442,chr22,25056900,25057704,804
granulosa_17443,chr22,25110575,25112662,2087
granulosa_17444,chr22,25402879,25405772,2893
granulosa_17445,chr22,25447101,25449035,1934
granulosa_17446,chr22,25475180,25476264,1084
granulosa_17447,chr22,25563343,25565741,2398
granulosa_17448,chr22,26168689,26170111,1422
granulosa_17449,chr22,26428366,26429975,1609
granulosa_17450,chr22,26482695,26484391,1696
granulosa_17451,chr22,26511725,26513246,1521
granulosa_17452,chr22,26589249,26590719,1470
granulosa_17453,chr22,26644693,26645890,1197
granulosa_17454,chr22,26672130,26673684,1554
granulosa_17455,chr22,26756468,26757200,732
granulosa_17456,chr22,26804593,26805485,892
granulosa_17457,chr22,27090373,27091173,800
granulosa_17458,chr22,27202358,27203291,933
granulosa_17459,chr22,27223551,27225535,1984
granulosa_17460,chr22,27238735,27239754,1019
granulosa_17461,chr22,27241575,27242287,712
granulosa_17462,chr22,27247402,27248440,1038
granulosa_17463,chr22,27331472,27332244,772
granulosa_17464,chr22,27415600,27417741,2141
granulosa_17465,chr22,27474789,27476029,1240
granulosa_17466,chr22,27512104,27513252,1148
granulosa_17467,chr22,27590547,27591695,1148
granulosa_17468,chr22,27748371,27750334,1963
granulosa_17469,chr22,27775502,27777035,1533
granulosa_17470,chr22,27799859,27802532,2673
granulosa_17471,chr22,27918262,27920406,2144
granulosa_17472,chr22,28019420,28021454,2034
granulosa_17473,chr22,28028879,28030038,1159
granulosa_17474,chr22,28034000,28035899,1899
granulosa_17475,chr22,28441415,28443798,2383
granulosa_17476,chr22,28678770,28680373,1603
granulosa_17477,chr22,28741309,28743064,1755
granulosa_17478,chr22,28759439,28760671,1232
granulosa_17479,chr22,28772310,28773935,1625
granulosa_17480,chr22,28799043,28801046,2003
granulosa_17481,chr22,28882478,28885332,2854
granulosa_17482,chr22,28902861,28905002,2141
granulosa_17483,chr22,28911004,28912588,1584
granulosa_17484,chr22,28916877,28919152,2275
granulosa_17485,chr22,28923477,28924330,853
granulosa_17486,chr22,28932291,28934209,1918
granulosa_17487,chr22,29003952,29005339,1387
granulosa_17488,chr22,29029495,29032198,2703
granulosa_17489,chr22,29040283,29041872,1589
granulosa_17490,chr22,29071224,29071846,622
granulosa_17491,chr22,29072459,29074283,1824
granulosa_17492,chr22,29151907,29153271,1364
granulosa_17493,chr22,29205406,29206772,1366
granulosa_17494,chr22,29216612,29217606,994
granulosa_17495,chr22,29267248,29269839,2591
granulosa_17496,chr22,29302704,29303874,1170
granulosa_17497,chr22,29305953,29307417,1464
granulosa_17498,chr22,29310592,29311387,795
granulosa_17499,chr22,29314695,29315933,1238
granulosa_17500,chr22,29387578,29389030,1452
granulosa_17501,chr22,29431732,29432694,962
granulosa_17502,chr22,29478036,29478786,750
granulosa_17503,chr22,29479473,29482406,2933
granulosa_17504,chr22,29516857,29518024,1167
granulosa_17505,chr22,29553008,29554377,1369
granulosa_17506,chr22,29579906,29581492,1586
granulosa_17507,chr22,29602725,29604263,1538
granulosa_17508,chr22,29692324,29694235,1911
granulosa_17509,chr22,29700689,29702548,1859
granulosa_17510,chr22,29710699,29711579,880
granulosa_17511,chr22,29719705,29721120,1415
granulosa_17512,chr22,29726691,29727600,909
granulosa_17513,chr22,29733070,29734443,1373
granulosa_17514,chr22,29766255,29768316,2061
granulosa_17515,chr22,29800689,29802186,1497
granulosa_17516,chr22,29831301,29832473,1172
granulosa_17517,chr22,29837639,29838861,1222
granulosa_17518,chr22,29882529,29884128,1599
granulosa_17519,chr22,30201994,30203120,1126
granulosa_17520,chr22,30206748,30207419,671
granulosa_17521,chr22,30238084,30239303,1219
granulosa_17522,chr22,30245350,30247151,1801
granulosa_17523,chr22,30255782,30256477,695
granulosa_17524,chr22,30287816,30288368,552
granulosa_17525,chr22,30288937,30290364,1427
granulosa_17526,chr22,30310955,30311915,960
granulosa_17527,chr22,30325818,30327565,1747
granulosa_17528,chr22,30356073,30357644,1571
granulosa_17529,chr22,30386506,30387818,1312
granulosa_17530,chr22,30396455,30398222,1767
granulosa_17531,chr22,30422846,30424543,1697
granulosa_17532,chr22,30425447,30426833,1386
granulosa_17533,chr22,30541535,30542976,1441
granulosa_17534,chr22,30573502,30575742,2240
granulosa_17535,chr22,30590948,30592561,1613
granulosa_17536,chr22,30606179,30607543,1364
granulosa_17537,chr22,30634273,30636884,2611
granulosa_17538,chr22,30666708,30668563,1855
granulosa_17539,chr22,30693842,30695692,1850
granulosa_17540,chr22,30802226,30803436,1210
granulosa_17541,chr22,30968351,30969948,1597
granulosa_17542,chr22,31080567,31081711,1144
granulosa_17543,chr22,31084330,31085827,1497
granulosa_17544,chr22,31104298,31105288,990
granulosa_17545,chr22,31106841,31108174,1333
granulosa_17546,chr22,31122247,31123332,1085
granulosa_17547,chr22,31159597,31160911,1314
granulosa_17548,chr22,31211596,31213520,1924
granulosa_17549,chr22,31230188,31231642,1454
granulosa_17550,chr22,31247750,31249821,2071
granulosa_17551,chr22,31290211,31292690,2479
granulosa_17552,chr22,31313090,31314043,953
granulosa_17553,chr22,31345034,31347786,2752
granulosa_17554,chr22,31398855,31400770,1915
granulosa_17555,chr22,31488930,31490894,1964
granulosa_17556,chr22,31495771,31497312,1541
granulosa_17557,chr22,31629751,31631491,1740
granulosa_17558,chr22,31661223,31662692,1469
granulosa_17559,chr22,31676200,31677265,1065
granulosa_17560,chr22,31748555,31750395,1840
granulosa_17561,chr22,31752964,31755572,2608
granulosa_17562,chr22,31943604,31945914,2310
granulosa_17563,chr22,31969914,31971428,1514
granulosa_17564,chr22,32202290,32203531,1241
granulosa_17565,chr22,32411121,32412606,1485
granulosa_17566,chr22,32474142,32476060,1918
granulosa_17567,chr22,32801039,32802716,1677
granulosa_17568,chr22,32880562,32881672,1110
granulosa_17569,chr22,32919707,32920886,1179
granulosa_17570,chr22,32949196,32951580,2384
granulosa_17571,chr22,32985675,32987706,2031
granulosa_17572,chr22,33057505,33058869,1364
granulosa_17573,chr22,33163317,33164295,978
granulosa_17574,chr22,33301862,33303063,1201
granulosa_17575,chr22,33656752,33658073,1321
granulosa_17576,chr22,33919365,33922656,3291
granulosa_17577,chr22,34782824,34784627,1803
granulosa_17578,chr22,35065490,35066497,1007
granulosa_17579,chr22,35257046,35258907,1861
granulosa_17580,chr22,35298929,35300854,1925
granulosa_17581,chr22,35313209,35314471,1262
granulosa_17582,chr22,35349222,35350245,1023
granulosa_17583,chr22,35350342,35351834,1492
granulosa_17584,chr22,35380540,35381527,987
granulosa_17585,chr22,35393410,35394420,1010
granulosa_17586,chr22,35397409,35398017,608
granulosa_17587,chr22,35399485,35400679,1194
granulosa_17588,chr22,35430609,35431320,711
granulosa_17589,chr22,35539832,35541530,1698
granulosa_17590,chr22,35582378,35584050,1672
granulosa_17591,chr22,35611587,35612437,850
granulosa_17592,chr22,35622009,35623564,1555
granulosa_17593,chr22,35627111,35628109,998
granulosa_17594,chr22,35647880,35649257,1377
granulosa_17595,chr22,35835892,35836696,804
granulosa_17596,chr22,35838545,35840784,2239
granulosa_17597,chr22,35913919,35916091,2172
granulosa_17598,chr22,36027335,36029391,2056
granulosa_17599,chr22,36065302,36066609,1307
granulosa_17600,chr22,36123255,36124531,1276
granulosa_17601,chr22,36196666,36198222,1556
granulosa_17602,chr22,36238504,36240240,1736
granulosa_17603,chr22,36301014,36301905,891
granulosa_17604,chr22,36327598,36329881,2283
granulosa_17605,chr22,36350699,36351518,819
granulosa_17606,chr22,36351895,36353387,1492
granulosa_17607,chr22,36360791,36361754,963
granulosa_17608,chr22,36368299,36369666,1367
granulosa_17609,chr22,36370033,36371455,1422
granulosa_17610,chr22,36385526,36388572,3046
granulosa_17611,chr22,36409559,36410701,1142
granulosa_17612,chr22,36418879,36420593,1714
granulosa_17613,chr22,36432355,36433946,1591
granulosa_17614,chr22,36454659,36455774,1115
granulosa_17615,chr22,36464872,36466037,1165
granulosa_17616,chr22,36470038,36470614,576
granulosa_17617,chr22,36480740,36482854,2114
granulosa_17618,chr22,36505894,36507592,1698
granulosa_17619,chr22,36528129,36530366,2237
granulosa_17620,chr22,36702897,36704064,1167
granulosa_17621,chr22,36775362,36776706,1344
granulosa_17622,chr22,36816061,36817527,1466
granulosa_17623,chr22,36855887,36856796,909
granulosa_17624,chr22,36976972,36978381,1409
granulosa_17625,chr22,37018343,37020397,2054
granulosa_17626,chr22,37051248,37052510,1262
granulosa_17627,chr22,37060579,37061925,1346
granulosa_17628,chr22,37187034,37189462,2428
granulosa_17629,chr22,37198288,37200090,1802
granulosa_17630,chr22,37211381,37212952,1571
granulosa_17631,chr22,37258559,37260005,1446
granulosa_17632,chr22,37266552,37267579,1027
granulosa_17633,chr22,37345597,37346522,925
granulosa_17634,chr22,37377217,37380255,3038
granulosa_17635,chr22,37418590,37420620,2030
granulosa_17636,chr22,37425645,37428047,2402
granulosa_17637,chr22,37485923,37486810,887
granulosa_17638,chr22,37500973,37502723,1750
granulosa_17639,chr22,37512002,37512938,936
granulosa_17640,chr22,37518365,37520170,1805
granulosa_17641,chr22,37538482,37539237,755
granulosa_17642,chr22,37545123,37547532,2409
granulosa_17643,chr22,37549556,37550068,512
granulosa_17644,chr22,37559878,37562050,2172
granulosa_17645,chr22,37601111,37602325,1214
granulosa_17646,chr22,37606951,37609845,2894
granulosa_17647,chr22,37623089,37624142,1053
granulosa_17648,chr22,37632846,37634883,2037
granulosa_17649,chr22,37638936,37640643,1707
granulosa_17650,chr22,37657676,37659587,1911
granulosa_17651,chr22,37661042,37661690,648
granulosa_17652,chr22,37674799,37677585,2786
granulosa_17653,chr22,37685916,37687135,1219
granulosa_17654,chr22,37696333,37697833,1500
granulosa_17655,chr22,37740538,37741655,1117
granulosa_17656,chr22,37745557,37747053,1496
granulosa_17657,chr22,37801948,37802983,1035
granulosa_17658,chr22,37804576,37805618,1042
granulosa_17659,chr22,37806598,37808407,1809
granulosa_17660,chr22,37817428,37819302,1874
granulosa_17661,chr22,37824480,37825603,1123
granulosa_17662,chr22,37842084,37842735,651
granulosa_17663,chr22,37843494,37844715,1221
granulosa_17664,chr22,37848681,37850122,1441
granulosa_17665,chr22,37854632,37855579,947
granulosa_17666,chr22,37862001,37863877,1876
granulosa_17667,chr22,37905079,37907590,2511
granulosa_17668,chr22,37933051,37934327,1276
granulosa_17669,chr22,37952613,37954285,1672
granulosa_17670,chr22,37972085,37973368,1283
granulosa_17671,chr22,38051989,38052689,700
granulosa_17672,chr22,38056593,38058052,1459
granulosa_17673,chr22,38080636,38082810,2174
granulosa_17674,chr22,38180798,38182297,1499
granulosa_17675,chr22,38201205,38203622,2417
granulosa_17676,chr22,38213951,38215052,1101
granulosa_17677,chr22,38217977,38219109,1132
granulosa_17678,chr22,38238658,38239837,1179
granulosa_17679,chr22,38242894,38243651,757
granulosa_17680,chr22,38256788,38258271,1483
granulosa_17681,chr22,38271760,38273575,1815
granulosa_17682,chr22,38314489,38315844,1355
granulosa_17683,chr22,38316008,38317883,1875
granulosa_17684,chr22,38335698,38336803,1105
granulosa_17685,chr22,38397175,38399652,2477
granulosa_17686,chr22,38412248,38413626,1378
granulosa_17687,chr22,38422373,38424513,2140
granulosa_17688,chr22,38431413,38432704,1291
granulosa_17689,chr22,38454220,38456364,2144
granulosa_17690,chr22,38461130,38461923,793
granulosa_17691,chr22,38467500,38468972,1472
granulosa_17692,chr22,38505439,38506982,1543
granulosa_17693,chr22,38569405,38571105,1700
granulosa_17694,chr22,38655689,38657738,2049
granulosa_17695,chr22,38681116,38682442,1326
granulosa_17696,chr22,38699573,38701555,1982
granulosa_17697,chr22,38705107,38707012,1905
granulosa_17698,chr22,38733122,38735177,2055
granulosa_17699,chr22,38754102,38756511,2409
granulosa_17700,chr22,38760546,38761549,1003
granulosa_17701,chr22,38768644,38769289,645
granulosa_17702,chr22,38787824,38789180,1356
granulosa_17703,chr22,38793340,38794450,1110
granulosa_17704,chr22,38842947,38844508,1561
granulosa_17705,chr22,38871131,38873293,2162
granulosa_17706,chr22,38881230,38883351,2121
granulosa_17707,chr22,38923737,38924827,1090
granulosa_17708,chr22,38927023,38927855,832
granulosa_17709,chr22,38980848,38982606,1758
granulosa_17710,chr22,39002923,39003757,834
granulosa_17711,chr22,39013628,39014939,1311
granulosa_17712,chr22,39039924,39041590,1666
granulosa_17713,chr22,39113713,39115619,1906
granulosa_17714,chr22,39144115,39146319,2204
granulosa_17715,chr22,39152074,39153601,1527
granulosa_17716,chr22,39175821,39176595,774
granulosa_17717,chr22,39240602,39245297,4695
granulosa_17718,chr22,39252810,39253975,1165
granulosa_17719,chr22,39291867,39292987,1120
granulosa_17720,chr22,39296816,39298720,1904
granulosa_17721,chr22,39309696,39311317,1621
granulosa_17722,chr22,39318713,39320475,1762
granulosa_17723,chr22,39332335,39333142,807
granulosa_17724,chr22,39349084,39351005,1921
granulosa_17725,chr22,39387963,39389188,1225
granulosa_17726,chr22,39399128,39400406,1278
granulosa_17727,chr22,39404887,39406136,1249
granulosa_17728,chr22,39437175,39438401,1226
granulosa_17729,chr22,39456108,39458519,2411
granulosa_17730,chr22,39478141,39478944,803
granulosa_17731,chr22,39500643,39503283,2640
granulosa_17732,chr22,39519137,39521249,2112
granulosa_17733,chr22,39522481,39523706,1225
granulosa_17734,chr22,39528750,39529517,767
granulosa_17735,chr22,39532133,39533140,1007
granulosa_17736,chr22,39534453,39535130,677
granulosa_17737,chr22,39557184,39558658,1474
granulosa_17738,chr22,39592212,39593385,1173
granulosa_17739,chr22,39597308,39598590,1282
granulosa_17740,chr22,39685034,39686469,1435
granulosa_17741,chr22,39689815,39691667,1852
granulosa_17742,chr22,39703318,39704757,1439
granulosa_17743,chr22,39994183,39995713,1530
granulosa_17744,chr22,39997830,39998606,776
granulosa_17745,chr22,40008434,40010639,2205
granulosa_17746,chr22,40028165,40029120,955
granulosa_17747,chr22,40043808,40045871,2063
granulosa_17748,chr22,40120764,40121934,1170
granulosa_17749,chr22,40176783,40178222,1439
granulosa_17750,chr22,40178431,40179774,1343
granulosa_17751,chr22,40345668,40347350,1682
granulosa_17752,chr22,40370091,40371450,1359
granulosa_17753,chr22,40508907,40511451,2544
granulosa_17754,chr22,40634510,40637632,3122
granulosa_17755,chr22,40713947,40715031,1084
granulosa_17756,chr22,40818523,40820001,1478
granulosa_17757,chr22,40855678,40857669,1991
granulosa_17758,chr22,40950381,40952495,2114
granulosa_17759,chr22,41021014,41023482,2468
granulosa_17760,chr22,41048406,41049741,1335
granulosa_17761,chr22,41090859,41093290,2431
granulosa_17762,chr22,41196807,41198487,1680
granulosa_17763,chr22,41204702,41205941,1239
granulosa_17764,chr22,41237202,41238790,1588
granulosa_17765,chr22,41285017,41286982,1965
granulosa_17766,chr22,41290423,41291268,845
granulosa_17767,chr22,41300888,41303198,2310
granulosa_17768,chr22,41304342,41304779,437
granulosa_17769,chr22,41366719,41368498,1779
granulosa_17770,chr22,41368857,41370119,1262
granulosa_17771,chr22,41380459,41382885,2426
granulosa_17772,chr22,41401651,41402451,800
granulosa_17773,chr22,41403608,41404303,695
granulosa_17774,chr22,41412936,41414946,2010
granulosa_17775,chr22,41444063,41444815,752
granulosa_17776,chr22,41446266,41448800,2534
granulosa_17777,chr22,41468148,41470027,1879
granulosa_17778,chr22,41543641,41544923,1282
granulosa_17779,chr22,41555122,41555983,861
granulosa_17780,chr22,41560151,41562185,2034
granulosa_17781,chr22,41588726,41590363,1637
granulosa_17782,chr22,41596971,41598421,1450
granulosa_17783,chr22,41619667,41622104,2437
granulosa_17784,chr22,41666140,41667759,1619
granulosa_17785,chr22,41681644,41682886,1242
granulosa_17786,chr22,41687636,41689656,2020
granulosa_17787,chr22,41696732,41697718,986
granulosa_17788,chr22,41799516,41801443,1927
granulosa_17789,chr22,41832140,41834628,2488
granulosa_17790,chr22,41908974,41911228,2254
granulosa_17791,chr22,41914500,41915300,800
granulosa_17792,chr22,41919247,41920364,1117
granulosa_17793,chr22,41925347,41926980,1633
granulosa_17794,chr22,41945941,41947513,1572
granulosa_17795,chr22,41957238,41958322,1084
granulosa_17796,chr22,41976130,41977646,1516
granulosa_17797,chr22,41998186,41999322,1136
granulosa_17798,chr22,42069971,42071368,1397
granulosa_17799,chr22,42073943,42074789,846
granulosa_17800,chr22,42078737,42080745,2008
granulosa_17801,chr22,42089742,42091551,1809
granulosa_17802,chr22,42268842,42271213,2371
granulosa_17803,chr22,42282168,42284273,2105
granulosa_17804,chr22,42289377,42290386,1009
granulosa_17805,chr22,42294098,42294741,643
granulosa_17806,chr22,42296197,42296859,662
granulosa_17807,chr22,42303228,42304580,1352
granulosa_17808,chr22,42313772,42314722,950
granulosa_17809,chr22,42343171,42344962,1791
granulosa_17810,chr22,42347065,42348129,1064
granulosa_17811,chr22,42367774,42369748,1974
granulosa_17812,chr22,42399250,42400025,775
granulosa_17813,chr22,42437333,42438586,1253
granulosa_17814,chr22,42443492,42445113,1621
granulosa_17815,chr22,42458805,42460433,1628
granulosa_17816,chr22,42499662,42501121,1459
granulosa_17817,chr22,42511373,42512969,1596
granulosa_17818,chr22,42515675,42516256,581
granulosa_17819,chr22,42519252,42520405,1153
granulosa_17820,chr22,42553162,42554434,1272
granulosa_17821,chr22,42581427,42582502,1075
granulosa_17822,chr22,42613908,42616150,2242
granulosa_17823,chr22,42621211,42621917,706
granulosa_17824,chr22,42645913,42647346,1433
granulosa_17825,chr22,42648619,42649951,1332
granulosa_17826,chr22,42661740,42663018,1278
granulosa_17827,chr22,42716924,42717978,1054
granulosa_17828,chr22,42719231,42721350,2119
granulosa_17829,chr22,42856020,42857738,1718
granulosa_17830,chr22,42959276,42961193,1917
granulosa_17831,chr22,43013605,43015725,2120
granulosa_17832,chr22,43088785,43089660,875
granulosa_17833,chr22,43109405,43111876,2471
granulosa_17834,chr22,43142461,43143638,1177
granulosa_17835,chr22,43151020,43152967,1947
granulosa_17836,chr22,43185405,43188103,2698
granulosa_17837,chr22,43202771,43204258,1487
granulosa_17838,chr22,43212657,43213644,987
granulosa_17839,chr22,43225903,43227614,1711
granulosa_17840,chr22,43230725,43231885,1160
granulosa_17841,chr22,43236186,43236861,675
granulosa_17842,chr22,43239118,43240903,1785
granulosa_17843,chr22,43263124,43264557,1433
granulosa_17844,chr22,43269104,43270041,937
granulosa_17845,chr22,43341999,43344402,2403
granulosa_17846,chr22,43385319,43386094,775
granulosa_17847,chr22,43388138,43389053,915
granulosa_17848,chr22,43410961,43413108,2147
granulosa_17849,chr22,43811434,43812997,1563
granulosa_17850,chr22,43861072,43862919,1847
granulosa_17851,chr22,43923080,43924561,1481
granulosa_17852,chr22,43954688,43956284,1596
granulosa_17853,chr22,43992551,43994792,2241
granulosa_17854,chr22,44002341,44004638,2297
granulosa_17855,chr22,44023561,44025167,1606
granulosa_17856,chr22,44085595,44087545,1950
granulosa_17857,chr22,44316586,44317557,971
granulosa_17858,chr22,44330401,44332264,1863
granulosa_17859,chr22,44348725,44349818,1093
granulosa_17860,chr22,44351607,44352888,1281
granulosa_17861,chr22,44357160,44359126,1966
granulosa_17862,chr22,44364752,44367178,2426
granulosa_17863,chr22,44496935,44498774,1839
granulosa_17864,chr22,44574016,44575591,1575
granulosa_17865,chr22,44667819,44669437,1618
granulosa_17866,chr22,44684430,44685708,1278
granulosa_17867,chr22,44698591,44699452,861
granulosa_17868,chr22,44701619,44703466,1847
granulosa_17869,chr22,44728624,44730408,1784
granulosa_17870,chr22,44737089,44738712,1623
granulosa_17871,chr22,44745767,44747557,1790
granulosa_17872,chr22,44752220,44754118,1898
granulosa_17873,chr22,44820079,44820980,901
granulosa_17874,chr22,44930193,44932040,1847
granulosa_17875,chr22,44975165,44975987,822
granulosa_17876,chr22,45006054,45008395,2341
granulosa_17877,chr22,45008732,45010572,1840
granulosa_17878,chr22,45035821,45036843,1022
granulosa_17879,chr22,45163053,45165366,2313
granulosa_17880,chr22,45192278,45193484,1206
granulosa_17881,chr22,45202283,45202940,657
granulosa_17882,chr22,45226421,45227985,1564
granulosa_17883,chr22,45239757,45241709,1952
granulosa_17884,chr22,45263371,45264099,728
granulosa_17885,chr22,45267856,45269799,1943
granulosa_17886,chr22,45284374,45285925,1551
granulosa_17887,chr22,45308913,45311462,2549
granulosa_17888,chr22,45412735,45414247,1512
granulosa_17889,chr22,45435251,45436040,789
granulosa_17890,chr22,45502041,45505552,3511
granulosa_17891,chr22,45552029,45554772,2743
granulosa_17892,chr22,45644754,45646187,1433
granulosa_17893,chr22,45670961,45672776,1815
granulosa_17894,chr22,45756571,45757564,993
granulosa_17895,chr22,45866191,45867768,1577
granulosa_17896,chr22,45877882,45879331,1449
granulosa_17897,chr22,45918364,45919876,1512
granulosa_17898,chr22,45934312,45935522,1210
granulosa_17899,chr22,45970571,45972685,2114
granulosa_17900,chr22,45975727,45977384,1657
granulosa_17901,chr22,45978503,45979451,948
granulosa_17902,chr22,46006129,46008286,2157
granulosa_17903,chr22,46013004,46014412,1408
granulosa_17904,chr22,46026964,46028491,1527
granulosa_17905,chr22,46035215,46037166,1951
granulosa_17906,chr22,46043450,46046096,2646
granulosa_17907,chr22,46052753,46054964,2211
granulosa_17908,chr22,46069620,46072796,3176
granulosa_17909,chr22,46087515,46089136,1621
granulosa_17910,chr22,46106691,46107701,1010
granulosa_17911,chr22,46116213,46116992,779
granulosa_17912,chr22,46149310,46151786,2476
granulosa_17913,chr22,46249467,46251299,1832
granulosa_17914,chr22,46267365,46268575,1210
granulosa_17915,chr22,46295766,46297568,1802
granulosa_17916,chr22,46334835,46336982,2147
granulosa_17917,chr22,46536360,46539035,2675
granulosa_17918,chr22,46542073,46542653,580
granulosa_17919,chr22,46563189,46564619,1430
granulosa_17920,chr22,46575167,46578005,2838
granulosa_17921,chr22,46649009,46650298,1289
granulosa_17922,chr22,46660056,46661751,1695
granulosa_17923,chr22,46685381,46687164,1783
granulosa_17924,chr22,46730306,46731973,1667
granulosa_17925,chr22,46737139,46739491,2352
granulosa_17926,chr22,46761960,46763431,1471
granulosa_17927,chr22,46770001,46771066,1065
granulosa_17928,chr22,46773683,46774738,1055
granulosa_17929,chr22,46802664,46803836,1172
granulosa_17930,chr22,46993455,46994095,640
granulosa_17931,chr22,47089847,47091695,1848
granulosa_17932,chr22,47153828,47155591,1763
granulosa_17933,chr22,47191782,47193408,1626
granulosa_17934,chr22,47199747,47200976,1229
granulosa_17935,chr22,48089225,48090864,1639
granulosa_17936,chr22,48185485,48187437,1952
granulosa_17937,chr22,48488727,48491061,2334
granulosa_17938,chr22,48534001,48535123,1122
granulosa_17939,chr22,48574721,48577097,2376
granulosa_17940,chr22,48795392,48796965,1573
granulosa_17941,chr22,48835396,48836545,1149
granulosa_17942,chr22,49481146,49482882,1736
granulosa_17943,chr22,49632126,49633277,1151
granulosa_17944,chr22,49825941,49828430,2489
granulosa_17945,chr22,49852837,49854820,1983
granulosa_17946,chr22,49917461,49919371,1910
granulosa_17947,chr22,49928778,49929886,1108
granulosa_17948,chr22,49934816,49936861,2045
granulosa_17949,chr22,49959893,49963008,3115
granulosa_17950,chr22,49966879,49968165,1286
granulosa_17951,chr22,49970530,49971944,1414
granulosa_17952,chr22,50029434,50030945,1511
granulosa_17953,chr22,50057764,50060369,2605
granulosa_17954,chr22,50085144,50086794,1650
granulosa_17955,chr22,50118438,50119504,1066
granulosa_17956,chr22,50169003,50171170,2167
granulosa_17957,chr22,50183959,50187009,3050
granulosa_17958,chr22,50189874,50191734,1860
granulosa_17959,chr22,50199743,50202449,2706
granulosa_17960,chr22,50208912,50210172,1260
granulosa_17961,chr22,50219018,50219978,960
granulosa_17962,chr22,50241126,50241511,385
granulosa_17963,chr22,50243987,50245712,1725
granulosa_17964,chr22,50250447,50252474,2027
granulosa_17965,chr22,50260405,50262157,1752
granulosa_17966,chr22,50267044,50268020,976
granulosa_17967,chr22,50269297,50271070,1773
granulosa_17968,chr22,50292658,50294613,1955
granulosa_17969,chr22,50299215,50300658,1443
granulosa_17970,chr22,50301045,50302870,1825
granulosa_17971,chr22,50305730,50306581,851
granulosa_17972,chr22,50306911,50308359,1448
granulosa_17973,chr22,50325823,50327857,2034
granulosa_17974,chr22,50341961,50343648,1687
granulosa_17975,chr22,50469558,50470343,785
granulosa_17976,chr22,50473851,50475655,1804
granulosa_17977,chr22,50480989,50482659,1670
granulosa_17978,chr22,50506573,50508824,2251
granulosa_17979,chr22,50524721,50526780,2059
granulosa_17980,chr22,50531527,50532577,1050
granulosa_17981,chr22,50544001,50544525,524
granulosa_17982,chr22,50562476,50564020,1544
granulosa_17983,chr22,50582017,50583768,1751
granulosa_17984,chr22,50599866,50601673,1807
granulosa_17985,chr22,50619936,50622510,2574
granulosa_17986,chr22,50627183,50629123,1940
granulosa_17987,chr22,50640808,50642723,1915
granulosa_17988,chr22,50671727,50675660,3933
granulosa_17989,chr22,50696335,50698032,1697
granulosa_17990,chr22,50704717,50706298,1581
granulosa_17991,chr22,50783049,50784258,1209
granulosa_17992,chr3,196308,198508,2200
granulosa_17993,chr3,480354,482238,1884
granulosa_17994,chr3,1092114,1093741,1627
granulosa_17995,chr3,1446556,1448237,1681
granulosa_17996,chr3,2097571,2100373,2802
granulosa_17997,chr3,2741029,2742500,1471
granulosa_17998,chr3,3125993,3127867,1874
granulosa_17999,chr3,3178995,3179975,980
granulosa_18000,chr3,3798363,3800452,2089
granulosa_18001,chr3,4302674,4304121,1447
granulosa_18002,chr3,4466345,4467697,1352
granulosa_18003,chr3,4492112,4494311,2199
granulosa_18004,chr3,4503520,4505123,1603
granulosa_18005,chr3,4720224,4721148,924
granulosa_18006,chr3,4750106,4751171,1065
granulosa_18007,chr3,4867314,4869111,1797
granulosa_18008,chr3,4976963,4980575,3612
granulosa_18009,chr3,4985398,4987385,1987
granulosa_18010,chr3,5026043,5027474,1431
granulosa_18011,chr3,5095477,5096773,1296
granulosa_18012,chr3,5121723,5123626,1903
granulosa_18013,chr3,5186709,5189095,2386
granulosa_18014,chr3,6860113,6862087,1974
granulosa_18015,chr3,6862303,6863049,746
granulosa_18016,chr3,7173349,7175103,1754
granulosa_18017,chr3,7682449,7683649,1200
granulosa_18018,chr3,7875647,7877318,1671
granulosa_18019,chr3,8443802,8444761,959
granulosa_18020,chr3,8500549,8502019,1470
granulosa_18021,chr3,8741323,8742554,1231
granulosa_18022,chr3,8767272,8769715,2443
granulosa_18023,chr3,8962315,8963899,1584
granulosa_18024,chr3,9018913,9020841,1928
granulosa_18025,chr3,9035778,9038108,2330
granulosa_18026,chr3,9067199,9068666,1467
granulosa_18027,chr3,9247290,9250072,2782
granulosa_18028,chr3,9302032,9302911,879
granulosa_18029,chr3,9362577,9363938,1361
granulosa_18030,chr3,9395765,9398051,2286
granulosa_18031,chr3,9398172,9398944,772
granulosa_18032,chr3,9399770,9400066,296
granulosa_18033,chr3,9422526,9423452,926
granulosa_18034,chr3,9499261,9500962,1701
granulosa_18035,chr3,9599844,9601410,1566
granulosa_18036,chr3,9630209,9631744,1535
granulosa_18037,chr3,9648843,9650427,1584
granulosa_18038,chr3,9703591,9705369,1778
granulosa_18039,chr3,9730591,9732992,2401
granulosa_18040,chr3,9749176,9751045,1869
granulosa_18041,chr3,9768956,9770993,2037
granulosa_18042,chr3,9792105,9793785,1680
granulosa_18043,chr3,9809283,9811011,1728
granulosa_18044,chr3,9843057,9844418,1361
granulosa_18045,chr3,9862326,9863326,1000
granulosa_18046,chr3,9889619,9891247,1628
granulosa_18047,chr3,9914810,9917474,2664
granulosa_18048,chr3,9932503,9934512,2009
granulosa_18049,chr3,9945934,9947592,1658
granulosa_18050,chr3,9951631,9952622,991
granulosa_18051,chr3,9986025,9987605,1580
granulosa_18052,chr3,10008657,10009391,734
granulosa_18053,chr3,10010399,10011748,1349
granulosa_18054,chr3,10025640,10026813,1173
granulosa_18055,chr3,10115087,10116520,1433
granulosa_18056,chr3,10141130,10142408,1278
granulosa_18057,chr3,10164414,10165952,1538
granulosa_18058,chr3,10247710,10250609,2899
granulosa_18059,chr3,10263044,10264449,1405
granulosa_18060,chr3,10319830,10321507,1677
granulosa_18061,chr3,10356233,10357198,965
granulosa_18062,chr3,10459810,10460673,863
granulosa_18063,chr3,10504169,10506264,2095
granulosa_18064,chr3,10594747,10595327,580
granulosa_18065,chr3,10707070,10708898,1828
granulosa_18066,chr3,10991846,10993926,2080
granulosa_18067,chr3,11096064,11097169,1105
granulosa_18068,chr3,11153694,11155773,2079
granulosa_18069,chr3,11171577,11172689,1112
granulosa_18070,chr3,11185491,11186298,807
granulosa_18071,chr3,11271724,11272842,1118
granulosa_18072,chr3,11433432,11434997,1565
granulosa_18073,chr3,11508383,11510706,2323
granulosa_18074,chr3,11548389,11549142,753
granulosa_18075,chr3,11581296,11582993,1697
granulosa_18076,chr3,11590793,11593838,3045
granulosa_18077,chr3,11609626,11611937,2311
granulosa_18078,chr3,11634729,11636616,1887
granulosa_18079,chr3,11637829,11638857,1028
granulosa_18080,chr3,11642405,11644211,1806
granulosa_18081,chr3,11717845,11721215,3370
granulosa_18082,chr3,11770000,11771334,1334
granulosa_18083,chr3,11845651,11847326,1675
granulosa_18084,chr3,11953723,11954930,1207
granulosa_18085,chr3,12003546,12005351,1805
granulosa_18086,chr3,12287293,12289110,1817
granulosa_18087,chr3,12483446,12485266,1820
granulosa_18088,chr3,12556213,12558025,1812
granulosa_18089,chr3,12662565,12664770,2205
granulosa_18090,chr3,12719477,12720773,1296
granulosa_18091,chr3,12780224,12781336,1112
granulosa_18092,chr3,12796240,12797465,1225
granulosa_18093,chr3,12809592,12811012,1420
granulosa_18094,chr3,12840301,12842014,1713
granulosa_18095,chr3,12867965,12869651,1686
granulosa_18096,chr3,12875659,12876830,1171
granulosa_18097,chr3,12878070,12879511,1441
granulosa_18098,chr3,12954800,12955831,1031
granulosa_18099,chr3,12963808,12964710,902
granulosa_18100,chr3,12966228,12968290,2062
granulosa_18101,chr3,12993086,12995347,2261
granulosa_18102,chr3,13072081,13073928,1847
granulosa_18103,chr3,13077366,13078853,1487
granulosa_18104,chr3,13281230,13283431,2201
granulosa_18105,chr3,13419074,13420866,1792
granulosa_18106,chr3,13451196,13452337,1141
granulosa_18107,chr3,13479295,13481170,1875
granulosa_18108,chr3,13546385,13547272,887
granulosa_18109,chr3,13548564,13549971,1407
granulosa_18110,chr3,13559453,13560694,1241
granulosa_18111,chr3,13621613,13623627,2014
granulosa_18112,chr3,13647379,13648613,1234
granulosa_18113,chr3,13650282,13650867,585
granulosa_18114,chr3,13654840,13655725,885
granulosa_18115,chr3,13877918,13881022,3104
granulosa_18116,chr3,13894848,13896207,1359
granulosa_18117,chr3,14123978,14126152,2174
granulosa_18118,chr3,14177638,14179179,1541
granulosa_18119,chr3,14216013,14217073,1060
granulosa_18120,chr3,14266111,14267334,1223
granulosa_18121,chr3,14297253,14298242,989
granulosa_18122,chr3,14358032,14359045,1013
granulosa_18123,chr3,14401871,14404743,2872
granulosa_18124,chr3,14412627,14413860,1233
granulosa_18125,chr3,14438785,14441789,3004
granulosa_18126,chr3,14451768,14453450,1682
granulosa_18127,chr3,14534351,14535224,873
granulosa_18128,chr3,14539302,14540569,1267
granulosa_18129,chr3,14601981,14603464,1483
granulosa_18130,chr3,14651076,14652784,1708
granulosa_18131,chr3,14783513,14784744,1231
granulosa_18132,chr3,14810023,14812428,2405
granulosa_18133,chr3,14920751,14921584,833
granulosa_18134,chr3,14946763,14949107,2344
granulosa_18135,chr3,15064134,15065685,1551
granulosa_18136,chr3,15098336,15099789,1453
granulosa_18137,chr3,15205586,15207448,1862
granulosa_18138,chr3,15324006,15325634,1628
granulosa_18139,chr3,15330958,15333370,2412
granulosa_18140,chr3,15360630,15362995,2365
granulosa_18141,chr3,15367949,15369130,1181
granulosa_18142,chr3,15377846,15378575,729
granulosa_18143,chr3,15426928,15428888,1960
granulosa_18144,chr3,15477486,15479067,1581
granulosa_18145,chr3,15526893,15527635,742
granulosa_18146,chr3,15557093,15557992,899
granulosa_18147,chr3,15600768,15602388,1620
granulosa_18148,chr3,15796850,15798290,1440
granulosa_18149,chr3,15858586,15860915,2329
granulosa_18150,chr3,16264069,16265590,1521
granulosa_18151,chr3,16511565,16514010,2445
granulosa_18152,chr3,16864430,16867244,2814
granulosa_18153,chr3,16875976,16877754,1778
granulosa_18154,chr3,16883624,16885738,2114
granulosa_18155,chr3,16900577,16902027,1450
granulosa_18156,chr3,17741437,17743314,1877
granulosa_18157,chr3,18160954,18162076,1122
granulosa_18158,chr3,18369204,18370330,1126
granulosa_18159,chr3,18423407,18426308,2901
granulosa_18160,chr3,18443544,18445918,2374
granulosa_18161,chr3,19146284,19148890,2606
granulosa_18162,chr3,19946264,19948278,2014
granulosa_18163,chr3,20039653,20041844,2191
granulosa_18164,chr3,20054246,20055566,1320
granulosa_18165,chr3,20064493,20065778,1285
granulosa_18166,chr3,20185048,20187385,2337
granulosa_18167,chr3,21229159,21230807,1648
granulosa_18168,chr3,21241078,21242682,1604
granulosa_18169,chr3,21256569,21257787,1218
granulosa_18170,chr3,21749920,21751700,1780
granulosa_18171,chr3,22371689,22373387,1698
granulosa_18172,chr3,22857610,22859194,1584
granulosa_18173,chr3,22927824,22929132,1308
granulosa_18174,chr3,23173716,23175664,1948
granulosa_18175,chr3,23202140,23204323,2183
granulosa_18176,chr3,23648318,23649707,1389
granulosa_18177,chr3,23755469,23756954,1485
granulosa_18178,chr3,23805396,23807594,2198
granulosa_18179,chr3,23809930,23811441,1511
granulosa_18180,chr3,23916280,23917841,1561
granulosa_18181,chr3,23944480,23946678,2198
granulosa_18182,chr3,24493905,24495907,2002
granulosa_18183,chr3,24520904,24522486,1582
granulosa_18184,chr3,24828644,24830689,2045
granulosa_18185,chr3,25427486,25428935,1449
granulosa_18186,chr3,25593300,25594799,1499
granulosa_18187,chr3,25663012,25665684,2672
granulosa_18188,chr3,25782487,25784113,1626
granulosa_18189,chr3,25789495,25790647,1152
granulosa_18190,chr3,26621953,26624723,2770
granulosa_18191,chr3,27368562,27369729,1167
granulosa_18192,chr3,27482996,27484990,1994
granulosa_18193,chr3,27632297,27633496,1199
granulosa_18194,chr3,27711770,27715521,3751
granulosa_18195,chr3,27720839,27722553,1714
granulosa_18196,chr3,28240491,28242082,1591
granulosa_18197,chr3,28347963,28349693,1730
granulosa_18198,chr3,28574672,28576878,2206
granulosa_18199,chr3,29064880,29065835,955
granulosa_18200,chr3,29280472,29283273,2801
granulosa_18201,chr3,29285426,29286450,1024
granulosa_18202,chr3,29334665,29336173,1508
granulosa_18203,chr3,29582067,29582849,782
granulosa_18204,chr3,30285704,30286573,869
granulosa_18205,chr3,30370171,30371460,1289
granulosa_18206,chr3,30605633,30607506,1873
granulosa_18207,chr3,30893703,30895541,1838
granulosa_18208,chr3,30933216,30934703,1487
granulosa_18209,chr3,31287894,31289850,1956
granulosa_18210,chr3,31531429,31534229,2800
granulosa_18211,chr3,31743228,31744160,932
granulosa_18212,chr3,31747435,31749552,2117
granulosa_18213,chr3,31980176,31982175,1999
granulosa_18214,chr3,32105996,32107672,1676
granulosa_18215,chr3,32237723,32239447,1724
granulosa_18216,chr3,32391260,32392902,1642
granulosa_18217,chr3,32400819,32402263,1444
granulosa_18218,chr3,32467337,32468150,813
granulosa_18219,chr3,32501734,32503159,1425
granulosa_18220,chr3,32569548,32571499,1951
granulosa_18221,chr3,32684379,32686062,1683
granulosa_18222,chr3,32780409,32781831,1422
granulosa_18223,chr3,32815892,32818958,3066
granulosa_18224,chr3,32872354,32873846,1492
granulosa_18225,chr3,33095672,33097942,2270
granulosa_18226,chr3,33113378,33114857,1479
granulosa_18227,chr3,33217566,33219413,1847
granulosa_18228,chr3,33276978,33278720,1742
granulosa_18229,chr3,33439136,33441439,2303
granulosa_18230,chr3,33658523,33660295,1772
granulosa_18231,chr3,33716626,33718945,2319
granulosa_18232,chr3,33797783,33799441,1658
granulosa_18233,chr3,35638785,35640219,1434
granulosa_18234,chr3,35664131,35665230,1099
granulosa_18235,chr3,35769102,35770237,1135
granulosa_18236,chr3,36379843,36381055,1212
granulosa_18237,chr3,36763567,36765509,1942
granulosa_18238,chr3,36923435,36925585,2150
granulosa_18239,chr3,36926972,36927736,764
granulosa_18240,chr3,36932197,36933624,1427
granulosa_18241,chr3,36943426,36945946,2520
granulosa_18242,chr3,36957579,36959089,1510
granulosa_18243,chr3,36992227,36993947,1720
granulosa_18244,chr3,37175215,37177333,2118
granulosa_18245,chr3,37242670,37244587,1917
granulosa_18246,chr3,37451391,37454299,2908
granulosa_18247,chr3,37859948,37863187,3239
granulosa_18248,chr3,37905950,37908273,2323
granulosa_18249,chr3,37993597,37994584,987
granulosa_18250,chr3,37998125,37999466,1341
granulosa_18251,chr3,38017208,38019168,1960
granulosa_18252,chr3,38023855,38025458,1603
granulosa_18253,chr3,38028870,38030060,1190
granulosa_18254,chr3,38038794,38040343,1549
granulosa_18255,chr3,38136182,38137767,1585
granulosa_18256,chr3,38138035,38139330,1295
granulosa_18257,chr3,38164422,38166382,1960
granulosa_18258,chr3,38346218,38347698,1480
granulosa_18259,chr3,38453070,38456121,3051
granulosa_18260,chr3,38459059,38459954,895
granulosa_18261,chr3,38495664,38497228,1564
granulosa_18262,chr3,38579754,38581568,1814
granulosa_18263,chr3,38648700,38650298,1598
granulosa_18264,chr3,39051344,39052954,1610
granulosa_18265,chr3,39106197,39108671,2474
granulosa_18266,chr3,39141000,39142480,1480
granulosa_18267,chr3,39143972,39144527,555
granulosa_18268,chr3,39146725,39147480,755
granulosa_18269,chr3,39150807,39154024,3217
granulosa_18270,chr3,39177063,39178300,1237
granulosa_18271,chr3,39180389,39181292,903
granulosa_18272,chr3,39287959,39288792,833
granulosa_18273,chr3,39346398,39348119,1721
granulosa_18274,chr3,39353350,39354794,1444
granulosa_18275,chr3,39383127,39384650,1523
granulosa_18276,chr3,39385164,39385984,820
granulosa_18277,chr3,39406092,39407573,1481
granulosa_18278,chr3,39501879,39502936,1057
granulosa_18279,chr3,39808476,39810878,2402
granulosa_18280,chr3,40308830,40310568,1738
granulosa_18281,chr3,40452652,40454001,1349
granulosa_18282,chr3,40456719,40457718,999
granulosa_18283,chr3,40476562,40477986,1424
granulosa_18284,chr3,40505439,40506780,1341
granulosa_18285,chr3,40523840,40525784,1944
granulosa_18286,chr3,40593086,40593958,872
granulosa_18287,chr3,40689867,40691861,1994
granulosa_18288,chr3,41198554,41200441,1887
granulosa_18289,chr3,41960820,41962721,1901
granulosa_18290,chr3,42012637,42015482,2845
granulosa_18291,chr3,42024177,42026473,2296
granulosa_18292,chr3,42031474,42033508,2034
granulosa_18293,chr3,42066348,42067682,1334
granulosa_18294,chr3,42071659,42073442,1783
granulosa_18295,chr3,42148838,42149525,687
granulosa_18296,chr3,42501203,42503110,1907
granulosa_18297,chr3,42581254,42582784,1530
granulosa_18298,chr3,42590119,42591857,1738
granulosa_18299,chr3,42599724,42601447,1723
granulosa_18300,chr3,42605449,42606201,752
granulosa_18301,chr3,42653147,42655290,2143
granulosa_18302,chr3,42772301,42773628,1327
granulosa_18303,chr3,42803116,42805504,2388
granulosa_18304,chr3,42830270,42831644,1374
granulosa_18305,chr3,42871447,42872954,1507
granulosa_18306,chr3,42880346,42881570,1224
granulosa_18307,chr3,42905552,42907095,1543
granulosa_18308,chr3,42978837,42979914,1077
granulosa_18309,chr3,43104870,43106522,1652
granulosa_18310,chr3,43152435,43154174,1739
granulosa_18311,chr3,43285637,43287726,2089
granulosa_18312,chr3,43620962,43622794,1832
granulosa_18313,chr3,43689834,43691846,2012
granulosa_18314,chr3,43769162,43770290,1128
granulosa_18315,chr3,43893781,43895030,1249
granulosa_18316,chr3,43922771,43924344,1573
granulosa_18317,chr3,43957713,43958901,1188
granulosa_18318,chr3,43994747,43997284,2537
granulosa_18319,chr3,43997873,43999570,1697
granulosa_18320,chr3,44065177,44066126,949
granulosa_18321,chr3,44337340,44340025,2685
granulosa_18322,chr3,44477070,44478221,1151
granulosa_18323,chr3,44509480,44511334,1854
granulosa_18324,chr3,44554562,44556278,1716
granulosa_18325,chr3,44584180,44585493,1313
granulosa_18326,chr3,44624368,44626081,1713
granulosa_18327,chr3,44648170,44649336,1166
granulosa_18328,chr3,44684845,44685851,1006
granulosa_18329,chr3,44712121,44713140,1019
granulosa_18330,chr3,44728868,44729931,1063
granulosa_18331,chr3,44760665,44762602,1937
granulosa_18332,chr3,44845404,44846402,998
granulosa_18333,chr3,44861172,44862752,1580
granulosa_18334,chr3,44974838,44977341,2503
granulosa_18335,chr3,45035438,45036653,1215
granulosa_18336,chr3,45036854,45038056,1202
granulosa_18337,chr3,45091906,45093822,1916
granulosa_18338,chr3,45145178,45146927,1749
granulosa_18339,chr3,45224757,45227321,2564
granulosa_18340,chr3,45387880,45389585,1705
granulosa_18341,chr3,45592956,45595161,2205
granulosa_18342,chr3,45606971,45608408,1437
granulosa_18343,chr3,45666642,45668396,1754
granulosa_18344,chr3,45688182,45690049,1867
granulosa_18345,chr3,45756168,45757628,1460
granulosa_18346,chr3,45840971,45842523,1552
granulosa_18347,chr3,45994490,45996116,1626
granulosa_18348,chr3,46484485,46485609,1124
granulosa_18349,chr3,46488523,46489293,770
granulosa_18350,chr3,46498394,46499712,1318
granulosa_18351,chr3,46557968,46559538,1570
granulosa_18352,chr3,46565303,46566843,1540
granulosa_18353,chr3,46576591,46577923,1332
granulosa_18354,chr3,46628669,46630365,1696
granulosa_18355,chr3,46692556,46694295,1739
granulosa_18356,chr3,46704814,46705542,728
granulosa_18357,chr3,46811447,46812948,1501
granulosa_18358,chr3,46844664,46846605,1941
granulosa_18359,chr3,46881364,46883726,2362
granulosa_18360,chr3,46892012,46893330,1318
granulosa_18361,chr3,46909098,46909992,894
granulosa_18362,chr3,46959818,46961199,1381
granulosa_18363,chr3,46975958,46977186,1228
granulosa_18364,chr3,46979076,46980146,1070
granulosa_18365,chr3,47008745,47010487,1742
granulosa_18366,chr3,47162742,47165329,2587
granulosa_18367,chr3,47281455,47283951,2496
granulosa_18368,chr3,47323686,47324614,928
granulosa_18369,chr3,47379853,47382071,2218
granulosa_18370,chr3,47420708,47422640,1932
granulosa_18371,chr3,47441815,47442600,785
granulosa_18372,chr3,47474603,47476253,1650
granulosa_18373,chr3,47481266,47482864,1598
granulosa_18374,chr3,47511988,47514041,2053
granulosa_18375,chr3,47514682,47516383,1701
granulosa_18376,chr3,47577486,47579592,2106
granulosa_18377,chr3,47780164,47782538,2374
granulosa_18378,chr3,47788389,47789660,1271
granulosa_18379,chr3,47802145,47804077,1932
granulosa_18380,chr3,47824289,47826211,1922
granulosa_18381,chr3,47835333,47836253,920
granulosa_18382,chr3,47841003,47842977,1974
granulosa_18383,chr3,47891945,47893448,1503
granulosa_18384,chr3,48015235,48016955,1720
granulosa_18385,chr3,48087197,48089499,2302
granulosa_18386,chr3,48115575,48116626,1051
granulosa_18387,chr3,48124877,48125657,780
granulosa_18388,chr3,48150993,48152391,1398
granulosa_18389,chr3,48186832,48189027,2195
granulosa_18390,chr3,48231610,48233135,1525
granulosa_18391,chr3,48240651,48241969,1318
granulosa_18392,chr3,48300444,48302159,1715
granulosa_18393,chr3,48426452,48427837,1385
granulosa_18394,chr3,48428381,48430449,2068
granulosa_18395,chr3,48435814,48436329,515
granulosa_18396,chr3,48439631,48440933,1302
granulosa_18397,chr3,48445992,48447491,1499
granulosa_18398,chr3,48465196,48467285,2089
granulosa_18399,chr3,48472361,48473675,1314
granulosa_18400,chr3,48503406,48505016,1610
granulosa_18401,chr3,48556324,48557535,1211
granulosa_18402,chr3,48558088,48558453,365
granulosa_18403,chr3,48560724,48561373,649
granulosa_18404,chr3,48594388,48596067,1679
granulosa_18405,chr3,48598221,48599272,1051
granulosa_18406,chr3,48608741,48610037,1296
granulosa_18407,chr3,48634449,48636248,1799
granulosa_18408,chr3,48655524,48656955,1431
granulosa_18409,chr3,48661204,48662073,869
granulosa_18410,chr3,48662492,48664397,1905
granulosa_18411,chr3,48683024,48684237,1213
granulosa_18412,chr3,48685263,48686472,1209
granulosa_18413,chr3,48694318,48695729,1411
granulosa_18414,chr3,48716318,48717824,1506
granulosa_18415,chr3,48739593,48740703,1110
granulosa_18416,chr3,48846786,48848284,1498
granulosa_18417,chr3,48898046,48899130,1084
granulosa_18418,chr3,48918015,48920125,2110
granulosa_18419,chr3,48989118,48991319,2201
granulosa_18420,chr3,49006424,49008620,2196
granulosa_18421,chr3,49017662,49018761,1099
granulosa_18422,chr3,49020399,49022556,2157
granulosa_18423,chr3,49028655,49029710,1055
granulosa_18424,chr3,49092692,49094788,2096
granulosa_18425,chr3,49104048,49105386,1338
granulosa_18426,chr3,49119693,49121355,1662
granulosa_18427,chr3,49132133,49134076,1943
granulosa_18428,chr3,49165179,49166517,1338
granulosa_18429,chr3,49170863,49174126,3263
granulosa_18430,chr3,49198799,49200098,1299
granulosa_18431,chr3,49238097,49239220,1123
granulosa_18432,chr3,49276214,49277984,1770
granulosa_18433,chr3,49339092,49340958,1866
granulosa_18434,chr3,49357241,49359367,2126
granulosa_18435,chr3,49410934,49412813,1879
granulosa_18436,chr3,49421889,49423081,1192
granulosa_18437,chr3,49428691,49430210,1519
granulosa_18438,chr3,49458857,49459795,938
granulosa_18439,chr3,49468985,49471333,2348
granulosa_18440,chr3,49539387,49540836,1449
granulosa_18441,chr3,49553567,49555258,1691
granulosa_18442,chr3,49671581,49672012,431
granulosa_18443,chr3,49673160,49674914,1754
granulosa_18444,chr3,49685868,49687288,1420
granulosa_18445,chr3,49688867,49690233,1366
granulosa_18446,chr3,49718050,49719976,1926
granulosa_18447,chr3,49723295,49724839,1544
granulosa_18448,chr3,49785530,49787227,1697
granulosa_18449,chr3,49802388,49804022,1634
granulosa_18450,chr3,49839014,49839964,950
granulosa_18451,chr3,49855895,49857010,1115
granulosa_18452,chr3,49929094,49931197,2103
granulosa_18453,chr3,49939510,49941108,1598
granulosa_18454,chr3,50088178,50090000,1822
granulosa_18455,chr3,50125536,50127117,1581
granulosa_18456,chr3,50137176,50140286,3110
granulosa_18457,chr3,50154382,50156208,1826
granulosa_18458,chr3,50156443,50157445,1002
granulosa_18459,chr3,50189027,50189642,615
granulosa_18460,chr3,50193800,50196115,2315
granulosa_18461,chr3,50204634,50206247,1613
granulosa_18462,chr3,50225871,50226582,711
granulosa_18463,chr3,50226785,50228273,1488
granulosa_18464,chr3,50235512,50236518,1006
granulosa_18465,chr3,50236695,50238426,1731
granulosa_18466,chr3,50245490,50246959,1469
granulosa_18467,chr3,50259419,50260994,1575
granulosa_18468,chr3,50264257,50265170,913
granulosa_18469,chr3,50267074,50267912,838
granulosa_18470,chr3,50268588,50269294,706
granulosa_18471,chr3,50272816,50273580,764
granulosa_18472,chr3,50291515,50293018,1503
granulosa_18473,chr3,50298560,50300008,1448
granulosa_18474,chr3,50320496,50323995,3499
granulosa_18475,chr3,50327622,50328686,1064
granulosa_18476,chr3,50336371,50338233,1862
granulosa_18477,chr3,50345192,50345961,769
granulosa_18478,chr3,50350274,50351422,1148
granulosa_18479,chr3,50358582,50359906,1324
granulosa_18480,chr3,50364433,50365890,1457
granulosa_18481,chr3,50441917,50443537,1620
granulosa_18482,chr3,50502297,50504342,2045
granulosa_18483,chr3,50515405,50517016,1611
granulosa_18484,chr3,50566970,50567969,999
granulosa_18485,chr3,50568605,50569820,1215
granulosa_18486,chr3,50600632,50602886,2254
granulosa_18487,chr3,50611096,50612908,1812
granulosa_18488,chr3,50615961,50617853,1892
granulosa_18489,chr3,50674168,50675646,1478
granulosa_18490,chr3,51384130,51385967,1837
granulosa_18491,chr3,51390482,51392409,1927
granulosa_18492,chr3,51498922,51500705,1783
granulosa_18493,chr3,51537914,51539927,2013
granulosa_18494,chr3,51670420,51672357,1937
granulosa_18495,chr3,51681295,51682426,1131
granulosa_18496,chr3,51686213,51687904,1691
granulosa_18497,chr3,51705952,51707654,1702
granulosa_18498,chr3,51941066,51943300,2234
granulosa_18499,chr3,51955310,51956856,1546
granulosa_18500,chr3,51966933,51968657,1724
granulosa_18501,chr3,51973535,51976258,2723
granulosa_18502,chr3,51982250,51983750,1500
granulosa_18503,chr3,51995106,51996481,1375
granulosa_18504,chr3,52001351,52001877,526
granulosa_18505,chr3,52004048,52006374,2326
granulosa_18506,chr3,52040971,52041756,785
granulosa_18507,chr3,52052684,52053774,1090
granulosa_18508,chr3,52055626,52057786,2160
granulosa_18509,chr3,52108212,52110065,1853
granulosa_18510,chr3,52122555,52123474,919
granulosa_18511,chr3,52153338,52155218,1880
granulosa_18512,chr3,52197479,52198807,1328
granulosa_18513,chr3,52220158,52221024,866
granulosa_18514,chr3,52237499,52239761,2262
granulosa_18515,chr3,52245118,52246551,1433
granulosa_18516,chr3,52277174,52279180,2006
granulosa_18517,chr3,52286972,52288271,1299
granulosa_18518,chr3,52297832,52300959,3127
granulosa_18519,chr3,52307170,52308475,1305
granulosa_18520,chr3,52317207,52318072,865
granulosa_18521,chr3,52409416,52411599,2183
granulosa_18522,chr3,52449619,52450714,1095
granulosa_18523,chr3,52454940,52456983,2043
granulosa_18524,chr3,52483286,52484734,1448
granulosa_18525,chr3,52524718,52526608,1890
granulosa_18526,chr3,52532851,52535048,2197
granulosa_18527,chr3,52536186,52537457,1271
granulosa_18528,chr3,52685184,52686469,1285
granulosa_18529,chr3,52704180,52706816,2636
granulosa_18530,chr3,52769860,52771627,1767
granulosa_18531,chr3,52896295,52897983,1688
granulosa_18532,chr3,53044448,53047057,2609
granulosa_18533,chr3,53072344,53074447,2103
granulosa_18534,chr3,53129756,53131025,1269
granulosa_18535,chr3,53160517,53162502,1985
granulosa_18536,chr3,53254239,53256312,2073
granulosa_18537,chr3,53346337,53348103,1766
granulosa_18538,chr3,53493500,53494837,1337
granulosa_18539,chr3,53495122,53496329,1207
granulosa_18540,chr3,53845364,53846802,1438
granulosa_18541,chr3,53880822,53882803,1981
granulosa_18542,chr3,53890788,53892370,1582
granulosa_18543,chr3,54120705,54124188,3483
granulosa_18544,chr3,54342267,54343342,1075
granulosa_18545,chr3,54348977,54350055,1078
granulosa_18546,chr3,54353464,54354580,1116
granulosa_18547,chr3,55127818,55129090,1272
granulosa_18548,chr3,55337053,55338318,1265
granulosa_18549,chr3,55368373,55370064,1691
granulosa_18550,chr3,55480841,55481768,927
granulosa_18551,chr3,55481889,55483082,1193
granulosa_18552,chr3,55484988,55485456,468
granulosa_18553,chr3,55486099,55486514,415
granulosa_18554,chr3,55486862,55487631,769
granulosa_18555,chr3,55487956,55489299,1343
granulosa_18556,chr3,55489507,55490156,649
granulosa_18557,chr3,55568752,55571021,2269
granulosa_18558,chr3,55630586,55632321,1735
granulosa_18559,chr3,55758344,55760232,1888
granulosa_18560,chr3,56269092,56270506,1414
granulosa_18561,chr3,56319762,56321770,2008
granulosa_18562,chr3,56466675,56468854,2179
granulosa_18563,chr3,56556455,56558268,1813
granulosa_18564,chr3,56682037,56683793,1756
granulosa_18565,chr3,56800296,56802408,2112
granulosa_18566,chr3,56976352,56977630,1278
granulosa_18567,chr3,56988470,56990065,1595
granulosa_18568,chr3,57078166,57079897,1731
granulosa_18569,chr3,57163864,57166080,2216
granulosa_18570,chr3,57169811,57170698,887
granulosa_18571,chr3,57226644,57229004,2360
granulosa_18572,chr3,57543823,57545013,1190
granulosa_18573,chr3,57555350,57557939,2589
granulosa_18574,chr3,57596441,57598284,1843
granulosa_18575,chr3,57691157,57693359,2202
granulosa_18576,chr3,57755255,57758348,3093
granulosa_18577,chr3,57787776,57789364,1588
granulosa_18578,chr3,57821196,57822694,1498
granulosa_18579,chr3,58007916,58010512,2596
granulosa_18580,chr3,58048914,58049900,986
granulosa_18581,chr3,58059106,58060061,955
granulosa_18582,chr3,58062103,58063769,1666
granulosa_18583,chr3,58163064,58165930,2866
granulosa_18584,chr3,58173317,58174780,1463
granulosa_18585,chr3,58175017,58175970,953
granulosa_18586,chr3,58177457,58178387,930
granulosa_18587,chr3,58236851,58238881,2030
granulosa_18588,chr3,58305796,58307924,2128
granulosa_18589,chr3,58332287,58334246,1959
granulosa_18590,chr3,58414137,58414992,855
granulosa_18591,chr3,58432927,58434254,1327
granulosa_18592,chr3,58483952,58485359,1407
granulosa_18593,chr3,58491041,58492887,1846
granulosa_18594,chr3,58528277,58529118,841
granulosa_18595,chr3,58535799,58538109,2310
granulosa_18596,chr3,58560562,58561204,642
granulosa_18597,chr3,58565534,58566801,1267
granulosa_18598,chr3,58580864,58582067,1203
granulosa_18599,chr3,58584608,58585769,1161
granulosa_18600,chr3,58626725,58628211,1486
granulosa_18601,chr3,58628586,58630449,1863
granulosa_18602,chr3,58640350,58641118,768
granulosa_18603,chr3,58723986,58724831,845
granulosa_18604,chr3,58824003,58825229,1226
granulosa_18605,chr3,58899017,58900802,1785
granulosa_18606,chr3,59048570,59050422,1852
granulosa_18607,chr3,59244933,59246763,1830
granulosa_18608,chr3,61154083,61155219,1136
granulosa_18609,chr3,61249802,61252043,2241
granulosa_18610,chr3,61560271,61562525,2254
granulosa_18611,chr3,61562770,61564080,1310
granulosa_18612,chr3,61564271,61564974,703
granulosa_18613,chr3,61592985,61595548,2563
granulosa_18614,chr3,62318419,62319616,1197
granulosa_18615,chr3,62873280,62875534,2254
granulosa_18616,chr3,63862858,63864838,1980
granulosa_18617,chr3,63911533,63913510,1977
granulosa_18618,chr3,64011314,64012033,719
granulosa_18619,chr3,64022409,64023745,1336
granulosa_18620,chr3,64238767,64239699,932
granulosa_18621,chr3,64443632,64445839,2207
granulosa_18622,chr3,64488979,64492586,3607
granulosa_18623,chr3,64533449,64534229,780
granulosa_18624,chr3,64684695,64686898,2203
granulosa_18625,chr3,64687348,64689078,1730
granulosa_18626,chr3,65447652,65448974,1322
granulosa_18627,chr3,65548678,65549859,1181
granulosa_18628,chr3,65596292,65598364,2072
granulosa_18629,chr3,65901681,65902876,1195
granulosa_18630,chr3,65953020,65954778,1758
granulosa_18631,chr3,66036692,66039934,3242
granulosa_18632,chr3,66220001,66221725,1724
granulosa_18633,chr3,66393112,66394409,1297
granulosa_18634,chr3,66499307,66501632,2325
granulosa_18635,chr3,66971377,66972751,1374
granulosa_18636,chr3,66997501,66999208,1707
granulosa_18637,chr3,67550689,67551885,1196
granulosa_18638,chr3,67653636,67656013,2377
granulosa_18639,chr3,68007175,68008304,1129
granulosa_18640,chr3,68931285,68932980,1695
granulosa_18641,chr3,69012181,69014124,1943
granulosa_18642,chr3,69050816,69052822,2006
granulosa_18643,chr3,69078981,69080581,1600
granulosa_18644,chr3,69084252,69086732,2480
granulosa_18645,chr3,69199151,69201124,1973
granulosa_18646,chr3,69236643,69237633,990
granulosa_18647,chr3,69242333,69243674,1341
granulosa_18648,chr3,69249046,69250400,1354
granulosa_18649,chr3,69306191,69307242,1051
granulosa_18650,chr3,69385021,69386850,1829
granulosa_18651,chr3,69505424,69506364,940
granulosa_18652,chr3,69540747,69543095,2348
granulosa_18653,chr3,69738320,69740402,2082
granulosa_18654,chr3,70075918,70077114,1196
granulosa_18655,chr3,70821995,70823300,1305
granulosa_18656,chr3,71050308,71051482,1174
granulosa_18657,chr3,71063668,71065833,2165
granulosa_18658,chr3,71128880,71131003,2123
granulosa_18659,chr3,71167872,71170567,2695
granulosa_18660,chr3,71206255,71209039,2784
granulosa_18661,chr3,71581333,71584926,3593
granulosa_18662,chr3,71689978,71691167,1189
granulosa_18663,chr3,71724174,71725898,1724
granulosa_18664,chr3,71752758,71755438,2680
granulosa_18665,chr3,71784213,71786895,2682
granulosa_18666,chr3,72099680,72101660,1980
granulosa_18667,chr3,72152248,72153579,1331
granulosa_18668,chr3,72254933,72256789,1856
granulosa_18669,chr3,72288478,72289692,1214
granulosa_18670,chr3,72306683,72308021,1338
granulosa_18671,chr3,72445528,72447924,2396
granulosa_18672,chr3,72738338,72739694,1356
granulosa_18673,chr3,72767298,72769031,1733
granulosa_18674,chr3,72847284,72848985,1701
granulosa_18675,chr3,72887277,72889382,2105
granulosa_18676,chr3,72890634,72891633,999
granulosa_18677,chr3,72938153,72939143,990
granulosa_18678,chr3,72960266,72961553,1287
granulosa_18679,chr3,72996017,72997931,1914
granulosa_18680,chr3,73100583,73101781,1198
granulosa_18681,chr3,73147938,73149143,1205
granulosa_18682,chr3,73283704,73285043,1339
granulosa_18683,chr3,73350816,73351973,1157
granulosa_18684,chr3,73455702,73456422,720
granulosa_18685,chr3,73490200,73491594,1394
granulosa_18686,chr3,73509507,73510517,1010
granulosa_18687,chr3,73551855,73553046,1191
granulosa_18688,chr3,73559424,73560155,731
granulosa_18689,chr3,73623335,73625713,2378
granulosa_18690,chr3,74613297,74615129,1832
granulosa_18691,chr3,74917537,74918847,1310
granulosa_18692,chr3,75434270,75436469,2199
granulosa_18693,chr3,75502497,75504049,1552
granulosa_18694,chr3,75579161,75580544,1383
granulosa_18695,chr3,75618483,75620005,1522
granulosa_18696,chr3,75640906,75641944,1038
granulosa_18697,chr3,75658082,75659128,1046
granulosa_18698,chr3,75668336,75670704,2368
granulosa_18699,chr3,75670907,75672744,1837
granulosa_18700,chr3,75784800,75785819,1019
granulosa_18701,chr3,75906217,75907624,1407
granulosa_18702,chr3,76880169,76881493,1324
granulosa_18703,chr3,76912521,76913458,937
granulosa_18704,chr3,77038385,77040602,2217
granulosa_18705,chr3,78756974,78758169,1195
granulosa_18706,chr3,78765449,78766614,1165
granulosa_18707,chr3,79017244,79019875,2631
granulosa_18708,chr3,79765712,79768205,2493
granulosa_18709,chr3,80556009,80557335,1326
granulosa_18710,chr3,81299689,81300807,1118
granulosa_18711,chr3,81490275,81491423,1148
granulosa_18712,chr3,81760473,81762254,1781
granulosa_18713,chr3,81777624,81779370,1746
granulosa_18714,chr3,84958340,84960223,1883
granulosa_18715,chr3,86990140,86992086,1946
granulosa_18716,chr3,87088592,87089913,1321
granulosa_18717,chr3,87226303,87228615,2312
granulosa_18718,chr3,87792149,87793648,1499
granulosa_18719,chr3,88057767,88060135,2368
granulosa_18720,chr3,88148907,88150676,1769
granulosa_18721,chr3,89107083,89108527,1444
granulosa_18722,chr3,89113871,89115081,1210
granulosa_18723,chr3,93470253,93470831,578
granulosa_18724,chr3,93972659,93974212,1553
granulosa_18725,chr3,93979561,93980971,1410
granulosa_18726,chr3,94062099,94063929,1830
granulosa_18727,chr3,94348877,94350125,1248
granulosa_18728,chr3,94480965,94481945,980
granulosa_18729,chr3,94523566,94525737,2171
granulosa_18730,chr3,95210863,95211686,823
granulosa_18731,chr3,96812654,96815566,2912
granulosa_18732,chr3,97763625,97765503,1878
granulosa_18733,chr3,97820993,97822854,1861
granulosa_18734,chr3,97971286,97972822,1536
granulosa_18735,chr3,98038977,98039919,942
granulosa_18736,chr3,98521592,98523267,1675
granulosa_18737,chr3,98592209,98594284,2075
granulosa_18738,chr3,98731659,98734312,2653
granulosa_18739,chr3,98900577,98902480,1903
granulosa_18740,chr3,98906115,98906664,549
granulosa_18741,chr3,99636889,99639080,2191
granulosa_18742,chr3,99816876,99818648,1772
granulosa_18743,chr3,99832662,99834499,1837
granulosa_18744,chr3,99875382,99876786,1404
granulosa_18745,chr3,99910811,99911908,1097
granulosa_18746,chr3,100023211,100025336,2125
granulosa_18747,chr3,100210009,100211452,1443
granulosa_18748,chr3,100259937,100261757,1820
granulosa_18749,chr3,100334056,100335738,1682
granulosa_18750,chr3,100400221,100402635,2414
granulosa_18751,chr3,100491625,100493131,1506
granulosa_18752,chr3,100708887,100710881,1994
granulosa_18753,chr3,101155599,101156637,1038
granulosa_18754,chr3,101512001,101513643,1642
granulosa_18755,chr3,101561222,101562708,1486
granulosa_18756,chr3,101573189,101575189,2000
granulosa_18757,chr3,101675549,101677517,1968
granulosa_18758,chr3,101685775,101687788,2013
granulosa_18759,chr3,101723970,101725876,1906
granulosa_18760,chr3,101778584,101780594,2010
granulosa_18761,chr3,101827100,101828138,1038
granulosa_18762,chr3,101848770,101851519,2749
granulosa_18763,chr3,101861151,101863127,1976
granulosa_18764,chr3,102162551,102163991,1440
granulosa_18765,chr3,104290360,104292280,1920
granulosa_18766,chr3,105365506,105370028,4522
granulosa_18767,chr3,105843911,105845807,1896
granulosa_18768,chr3,105867807,105870105,2298
granulosa_18769,chr3,107063974,107065699,1725
granulosa_18770,chr3,107124460,107125495,1035
granulosa_18771,chr3,107142372,107143906,1534
granulosa_18772,chr3,107207633,107209031,1398
granulosa_18773,chr3,107235244,107236386,1142
granulosa_18774,chr3,107240083,107241647,1564
granulosa_18775,chr3,107429302,107432473,3171
granulosa_18776,chr3,107522486,107526165,3679
granulosa_18777,chr3,107598641,107600156,1515
granulosa_18778,chr3,107926984,107928460,1476
granulosa_18779,chr3,107956353,107958391,2038
granulosa_18780,chr3,108089582,108091898,2316
granulosa_18781,chr3,108221297,108223276,1979
granulosa_18782,chr3,108403387,108404866,1479
granulosa_18783,chr3,108528272,108529348,1076
granulosa_18784,chr3,108588084,108590160,2076
granulosa_18785,chr3,109596779,109598152,1373
granulosa_18786,chr3,110069656,110070886,1230
granulosa_18787,chr3,111069939,111072878,2939
granulosa_18788,chr3,111314013,111316500,2487
granulosa_18789,chr3,111673944,111675462,1518
granulosa_18790,chr3,111717211,111717937,726
granulosa_18791,chr3,111847456,111849066,1610
granulosa_18792,chr3,111858669,111860920,2251
granulosa_18793,chr3,111978369,111979866,1497
granulosa_18794,chr3,111998516,112000243,1727
granulosa_18795,chr3,112085750,112087446,1696
granulosa_18796,chr3,112293158,112294394,1236
granulosa_18797,chr3,112301710,112304361,2651
granulosa_18798,chr3,112307932,112308527,595
granulosa_18799,chr3,112320689,112322501,1812
granulosa_18800,chr3,112332768,112334447,1679
granulosa_18801,chr3,112390619,112391785,1166
granulosa_18802,chr3,112560531,112562693,2162
granulosa_18803,chr3,112639982,112641719,1737
granulosa_18804,chr3,112642887,112643282,395
granulosa_18805,chr3,112990412,112991717,1305
granulosa_18806,chr3,113018321,113019951,1630
granulosa_18807,chr3,113166366,113168828,2462
granulosa_18808,chr3,113173617,113175771,2154
granulosa_18809,chr3,113210259,113213260,3001
granulosa_18810,chr3,113221469,113224270,2801
granulosa_18811,chr3,113240809,113242610,1801
granulosa_18812,chr3,113440784,113442012,1228
granulosa_18813,chr3,113513781,113515643,1862
granulosa_18814,chr3,113531971,113533859,1888
granulosa_18815,chr3,113695034,113697882,2848
granulosa_18816,chr3,113744911,113747876,2965
granulosa_18817,chr3,113838130,113839426,1296
granulosa_18818,chr3,113947199,113948857,1658
granulosa_18819,chr3,114055942,114057586,1644
granulosa_18820,chr3,114152220,114153165,945
granulosa_18821,chr3,114453614,114455803,2189
granulosa_18822,chr3,114847889,114849577,1688
granulosa_18823,chr3,115099193,115101185,1992
granulosa_18824,chr3,115145904,115148532,2628
granulosa_18825,chr3,115387771,115389130,1359
granulosa_18826,chr3,115512159,115513763,1604
granulosa_18827,chr3,115623036,115624875,1839
granulosa_18828,chr3,115657817,115659507,1690
granulosa_18829,chr3,115783787,115785989,2202
granulosa_18830,chr3,116129166,116130375,1209
granulosa_18831,chr3,116443093,116446320,3227
granulosa_18832,chr3,116473980,116475297,1317
granulosa_18833,chr3,116863563,116864733,1170
granulosa_18834,chr3,117035144,117036977,1833
granulosa_18835,chr3,117442325,117443502,1177
granulosa_18836,chr3,117473149,117474628,1479
granulosa_18837,chr3,117872623,117874771,2148
granulosa_18838,chr3,117995326,117997820,2494
granulosa_18839,chr3,118229011,118230370,1359
granulosa_18840,chr3,118435882,118437736,1854
granulosa_18841,chr3,118500564,118502078,1514
granulosa_18842,chr3,118628326,118629265,939
granulosa_18843,chr3,118987121,118988139,1018
granulosa_18844,chr3,119023453,119024579,1126
granulosa_18845,chr3,119033996,119035289,1293
granulosa_18846,chr3,119239499,119241179,1680
granulosa_18847,chr3,119293407,119295686,2279
granulosa_18848,chr3,119322063,119324020,1957
granulosa_18849,chr3,119462749,119464108,1359
granulosa_18850,chr3,119468455,119470054,1599
granulosa_18851,chr3,119497554,119499540,1986
granulosa_18852,chr3,119579139,119580686,1547
granulosa_18853,chr3,119676021,119677812,1791
granulosa_18854,chr3,119702398,119704316,1918
granulosa_18855,chr3,119809494,119810536,1042
granulosa_18856,chr3,120093700,120096147,2447
granulosa_18857,chr3,120284348,120285854,1506
granulosa_18858,chr3,120348002,120350137,2135
granulosa_18859,chr3,120416734,120417911,1177
granulosa_18860,chr3,120449669,120452018,2349
granulosa_18861,chr3,120558326,120560091,1765
granulosa_18862,chr3,120566534,120568315,1781
granulosa_18863,chr3,120595682,120596808,1126
granulosa_18864,chr3,120741842,120743667,1825
granulosa_18865,chr3,120855280,120856471,1191
granulosa_18866,chr3,120907480,120909761,2281
granulosa_18867,chr3,121545041,121547459,2418
granulosa_18868,chr3,121592436,121593741,1305
granulosa_18869,chr3,121748415,121750586,2171
granulosa_18870,chr3,121834112,121835789,1677
granulosa_18871,chr3,122382697,122384793,2096
granulosa_18872,chr3,122414972,122417380,2408
granulosa_18873,chr3,122513485,122515307,1822
granulosa_18874,chr3,122563076,122564958,1882
granulosa_18875,chr3,122679044,122681732,2688
granulosa_18876,chr3,122793108,122795762,2654
granulosa_18877,chr3,122921642,122922660,1018
granulosa_18878,chr3,123026008,123028792,2784
granulosa_18879,chr3,123066550,123067949,1399
granulosa_18880,chr3,123071146,123071677,531
granulosa_18881,chr3,123076234,123077197,963
granulosa_18882,chr3,123081101,123082759,1658
granulosa_18883,chr3,123089466,123090539,1073
granulosa_18884,chr3,123152771,123154173,1402
granulosa_18885,chr3,123155040,123155943,903
granulosa_18886,chr3,123201302,123202851,1549
granulosa_18887,chr3,123447347,123450499,3152
granulosa_18888,chr3,123584117,123586494,2377
granulosa_18889,chr3,123631915,123633028,1113
granulosa_18890,chr3,123652039,123653917,1878
granulosa_18891,chr3,123660108,123661645,1537
granulosa_18892,chr3,123718961,123720943,1982
granulosa_18893,chr3,123807404,123808484,1080
granulosa_18894,chr3,123883279,123884797,1518
granulosa_18895,chr3,123960441,123961801,1360
granulosa_18896,chr3,124032132,124034826,2694
granulosa_18897,chr3,124555684,124556400,716
granulosa_18898,chr3,124557120,124558144,1024
granulosa_18899,chr3,124558855,124560542,1687
granulosa_18900,chr3,124576305,124577395,1090
granulosa_18901,chr3,124584210,124586682,2472
granulosa_18902,chr3,124729852,124731243,1391
granulosa_18903,chr3,124760514,124761751,1237
granulosa_18904,chr3,124771830,124772879,1049
granulosa_18905,chr3,124799777,124801268,1491
granulosa_18906,chr3,124834600,124835731,1131
granulosa_18907,chr3,124885555,124887911,2356
granulosa_18908,chr3,125038755,125040142,1387
granulosa_18909,chr3,125054443,125056670,2227
granulosa_18910,chr3,125062549,125063608,1059
granulosa_18911,chr3,125140828,125142276,1448
granulosa_18912,chr3,125211588,125213672,2084
granulosa_18913,chr3,125356698,125357859,1161
granulosa_18914,chr3,125373618,125375979,2361
granulosa_18915,chr3,125519364,125520795,1431
granulosa_18916,chr3,125593888,125595926,2038
granulosa_18917,chr3,125766051,125767284,1233
granulosa_18918,chr3,125915072,125917444,2372
granulosa_18919,chr3,125971814,125972779,965
granulosa_18920,chr3,125989900,125991248,1348
granulosa_18921,chr3,126083190,126084638,1448
granulosa_18922,chr3,126179425,126181425,2000
granulosa_18923,chr3,126212534,126214129,1595
granulosa_18924,chr3,126266389,126267894,1505
granulosa_18925,chr3,126287131,126288647,1516
granulosa_18926,chr3,126355308,126358008,2700
granulosa_18927,chr3,126388801,126389777,976
granulosa_18928,chr3,126474502,126476845,2343
granulosa_18929,chr3,126523776,126524832,1056
granulosa_18930,chr3,126654212,126655508,1296
granulosa_18931,chr3,126703482,126705120,1638
granulosa_18932,chr3,126745437,126747029,1592
granulosa_18933,chr3,126751808,126753895,2087
granulosa_18934,chr3,126850328,126851278,950
granulosa_18935,chr3,126960058,126961644,1586
granulosa_18936,chr3,126968198,126969836,1638
granulosa_18937,chr3,126982071,126985465,3394
granulosa_18938,chr3,127001675,127002892,1217
granulosa_18939,chr3,127012740,127013975,1235
granulosa_18940,chr3,127135018,127136122,1104
granulosa_18941,chr3,127455091,127456128,1037
granulosa_18942,chr3,127479076,127480727,1651
granulosa_18943,chr3,127526434,127527622,1188
granulosa_18944,chr3,127546941,127548300,1359
granulosa_18945,chr3,127574693,127575853,1160
granulosa_18946,chr3,127588786,127591380,2594
granulosa_18947,chr3,127597621,127599358,1737
granulosa_18948,chr3,127628481,127630396,1915
granulosa_18949,chr3,127671727,127674045,2318
granulosa_18950,chr3,127822147,127823647,1500
granulosa_18951,chr3,128051345,128053308,1963
granulosa_18952,chr3,128075250,128077605,2355
granulosa_18953,chr3,128083126,128084962,1836
granulosa_18954,chr3,128122772,128124326,1554
granulosa_18955,chr3,128152461,128154338,1877
granulosa_18956,chr3,128164844,128165866,1022
granulosa_18957,chr3,128278407,128279463,1056
granulosa_18958,chr3,128426157,128426889,732
granulosa_18959,chr3,128432035,128434165,2130
granulosa_18960,chr3,128487414,128488616,1202
granulosa_18961,chr3,128488809,128490436,1627
granulosa_18962,chr3,128492278,128493129,851
granulosa_18963,chr3,128496312,128498165,1853
granulosa_18964,chr3,128584063,128584791,728
granulosa_18965,chr3,128607696,128608709,1013
granulosa_18966,chr3,128616949,128618558,1609
granulosa_18967,chr3,128649191,128651241,2050
granulosa_18968,chr3,128675173,128676624,1451
granulosa_18969,chr3,128680016,128681739,1723
granulosa_18970,chr3,128697879,128699182,1303
granulosa_18971,chr3,128725553,128727690,2137
granulosa_18972,chr3,128845146,128846769,1623
granulosa_18973,chr3,128878475,128880360,1885
granulosa_18974,chr3,128985342,128986548,1206
granulosa_18975,chr3,128992893,128994417,1524
granulosa_18976,chr3,129000727,129002379,1652
granulosa_18977,chr3,129003551,129004104,553
granulosa_18978,chr3,129026582,129027665,1083
granulosa_18979,chr3,129038582,129040182,1600
granulosa_18980,chr3,129052508,129053982,1474
granulosa_18981,chr3,129058188,129059062,874
granulosa_18982,chr3,129067513,129069121,1608
granulosa_18983,chr3,129119434,129122920,3486
granulosa_18984,chr3,129159907,129162290,2383
granulosa_18985,chr3,129182313,129184593,2280
granulosa_18986,chr3,129245473,129246087,614
granulosa_18987,chr3,129248885,129250027,1142
granulosa_18988,chr3,129277881,129279986,2105
granulosa_18989,chr3,129304680,129306317,1637
granulosa_18990,chr3,129313635,129316925,3290
granulosa_18991,chr3,129343650,129344941,1291
granulosa_18992,chr3,129398204,129400262,2058
granulosa_18993,chr3,129412922,129414247,1325
granulosa_18994,chr3,129427824,129429072,1248
granulosa_18995,chr3,129439232,129441020,1788
granulosa_18996,chr3,129553068,129555598,2530
granulosa_18997,chr3,129560372,129561690,1318
granulosa_18998,chr3,129605228,129607358,2130
granulosa_18999,chr3,129626162,129628300,2138
granulosa_19000,chr3,129793704,129795264,1560
granulosa_19001,chr3,129892338,129894208,1870
granulosa_19002,chr3,129973960,129976125,2165
granulosa_19003,chr3,130002120,130003365,1245
granulosa_19004,chr3,130110645,130112980,2335
granulosa_19005,chr3,130122688,130124088,1400
granulosa_19006,chr3,130745544,130747136,1592
granulosa_19007,chr3,130839021,130840338,1317
granulosa_19008,chr3,130892885,130895167,2282
granulosa_19009,chr3,131025906,131027257,1351
granulosa_19010,chr3,131361090,131362487,1397
granulosa_19011,chr3,131380812,131382370,1558
granulosa_19012,chr3,131501728,131503369,1641
granulosa_19013,chr3,131526374,131527405,1031
granulosa_19014,chr3,132034398,132035318,920
granulosa_19015,chr3,132284110,132286366,2256
granulosa_19016,chr3,132316857,132318126,1269
granulosa_19017,chr3,132416691,132418747,2056
granulosa_19018,chr3,132658843,132661353,2510
granulosa_19019,chr3,132721432,132723383,1951
granulosa_19020,chr3,133037521,133039339,1818
granulosa_19021,chr3,133040938,133041556,618
granulosa_19022,chr3,133096595,133098033,1438
granulosa_19023,chr3,133124359,133125026,667
granulosa_19024,chr3,133384068,133384836,768
granulosa_19025,chr3,133401099,133402017,918
granulosa_19026,chr3,133476629,133477547,918
granulosa_19027,chr3,133572797,133574907,2110
granulosa_19028,chr3,133661143,133662621,1478
granulosa_19029,chr3,133805230,133806954,1724
granulosa_19030,chr3,133867941,133869228,1287
granulosa_19031,chr3,133894014,133896517,2503
granulosa_19032,chr3,133926921,133928004,1083
granulosa_19033,chr3,134028681,134030959,2278
granulosa_19034,chr3,134249381,134251210,1829
granulosa_19035,chr3,134308084,134308932,848
granulosa_19036,chr3,134311839,134313858,2019
granulosa_19037,chr3,134357365,134358716,1351
granulosa_19038,chr3,134363443,134364874,1431
granulosa_19039,chr3,134372595,134375506,2911
granulosa_19040,chr3,134406122,134407616,1494
granulosa_19041,chr3,134463627,134464991,1364
granulosa_19042,chr3,134484745,134487075,2330
granulosa_19043,chr3,134600376,134602888,2512
granulosa_19044,chr3,134650383,134651997,1614
granulosa_19045,chr3,134794730,134797226,2496
granulosa_19046,chr3,135641390,135642515,1125
granulosa_19047,chr3,135738993,135740490,1497
granulosa_19048,chr3,135965028,135966946,1918
granulosa_19049,chr3,136194409,136197299,2890
granulosa_19050,chr3,136249809,136251412,1603
granulosa_19051,chr3,136750900,136753442,2542
granulosa_19052,chr3,136818138,136820466,2328
granulosa_19053,chr3,136861042,136863340,2298
granulosa_19054,chr3,137013656,137014784,1128
granulosa_19055,chr3,137032242,137033250,1008
granulosa_19056,chr3,137763173,137764508,1335
granulosa_19057,chr3,137770232,137772147,1915
granulosa_19058,chr3,138114358,138116141,1783
granulosa_19059,chr3,138173913,138175069,1156
granulosa_19060,chr3,138186759,138188316,1557
granulosa_19061,chr3,138328928,138330189,1261
granulosa_19062,chr3,138347403,138350431,3028
granulosa_19063,chr3,138389316,138390857,1541
granulosa_19064,chr3,138433909,138435800,1891
granulosa_19065,chr3,138593215,138595060,1845
granulosa_19066,chr3,138608188,138609983,1795
granulosa_19067,chr3,138833349,138835494,2145
granulosa_19068,chr3,138914833,138916551,1718
granulosa_19069,chr3,138935744,138937205,1461
granulosa_19070,chr3,138937574,138938688,1114
granulosa_19071,chr3,138944842,138947899,3057
granulosa_19072,chr3,138948650,138949398,748
granulosa_19073,chr3,139226636,139228728,2092
granulosa_19074,chr3,139287791,139289044,1253
granulosa_19075,chr3,139299049,139299985,936
granulosa_19076,chr3,139327820,139329711,1891
granulosa_19077,chr3,139343512,139344671,1159
granulosa_19078,chr3,139388743,139390523,1780
granulosa_19079,chr3,139533375,139535617,2242
granulosa_19080,chr3,139538636,139540642,2006
granulosa_19081,chr3,139677194,139678613,1419
granulosa_19082,chr3,139934337,139936711,2374
granulosa_19083,chr3,140205821,140207032,1211
granulosa_19084,chr3,140385663,140387562,1899
granulosa_19085,chr3,140431784,140433628,1844
granulosa_19086,chr3,140941300,140943367,2067
granulosa_19087,chr3,141050656,141053008,2352
granulosa_19088,chr3,141076127,141077712,1585
granulosa_19089,chr3,141104016,141104884,868
granulosa_19090,chr3,141191879,141192668,789
granulosa_19091,chr3,141230943,141233135,2192
granulosa_19092,chr3,141310969,141312599,1630
granulosa_19093,chr3,141401548,141403177,1629
granulosa_19094,chr3,141409407,141413379,3972
granulosa_19095,chr3,141486025,141488107,2082
granulosa_19096,chr3,141626463,141627542,1079
granulosa_19097,chr3,141659183,141660824,1641
granulosa_19098,chr3,141737700,141739388,1688
granulosa_19099,chr3,141796983,141798982,1999
granulosa_19100,chr3,141875454,141877557,2103
granulosa_19101,chr3,142027262,142028754,1492
granulosa_19102,chr3,142148110,142150098,1988
granulosa_19103,chr3,142224646,142225815,1169
granulosa_19104,chr3,142446956,142448633,1677
granulosa_19105,chr3,142577591,142579743,2152
granulosa_19106,chr3,142595412,142596978,1566
granulosa_19107,chr3,142723600,142725490,1890
granulosa_19108,chr3,142888017,142889510,1493
granulosa_19109,chr3,142962233,142964517,2284
granulosa_19110,chr3,143000494,143002686,2192
granulosa_19111,chr3,143090356,143091562,1206
granulosa_19112,chr3,143118721,143121660,2939
granulosa_19113,chr3,143124537,143125522,985
granulosa_19114,chr3,143329470,143330922,1452
granulosa_19115,chr3,143757565,143758865,1300
granulosa_19116,chr3,143970719,143973948,3229
granulosa_19117,chr3,144894095,144895267,1172
granulosa_19118,chr3,146159731,146161987,2256
granulosa_19119,chr3,146249969,146252359,2390
granulosa_19120,chr3,146468111,146470210,2099
granulosa_19121,chr3,146542997,146545036,2039
granulosa_19122,chr3,148553640,148555240,1600
granulosa_19123,chr3,148697419,148698404,985
granulosa_19124,chr3,148990981,148992412,1431
granulosa_19125,chr3,149085549,149087531,1982
granulosa_19126,chr3,149091694,149092602,908
granulosa_19127,chr3,149128790,149130436,1646
granulosa_19128,chr3,149376601,149378713,2112
granulosa_19129,chr3,149575170,149576637,1467
granulosa_19130,chr3,149656589,149659220,2631
granulosa_19131,chr3,149751326,149752817,1491
granulosa_19132,chr3,149812275,149814459,2184
granulosa_19133,chr3,149969782,149972069,2287
granulosa_19134,chr3,150183578,150184889,1311
granulosa_19135,chr3,150299003,150299728,725
granulosa_19136,chr3,150407615,150411037,3422
granulosa_19137,chr3,150545394,150547344,1950
granulosa_19138,chr3,150602439,150604331,1892
granulosa_19139,chr3,150702683,150704339,1656
granulosa_19140,chr3,150761597,150764255,2658
granulosa_19141,chr3,151084821,151087958,3137
granulosa_19142,chr3,152258267,152259377,1110
granulosa_19143,chr3,152267850,152270578,2728
granulosa_19144,chr3,152298297,152299633,1336
granulosa_19145,chr3,152834374,152836144,1770
granulosa_19146,chr3,153160285,153163554,3269
granulosa_19147,chr3,153304954,153306159,1205
granulosa_19148,chr3,154120592,154123494,2902
granulosa_19149,chr3,154252550,154253378,828
granulosa_19150,chr3,154323429,154324842,1413
granulosa_19151,chr3,155078694,155081085,2391
granulosa_19152,chr3,155743657,155745391,1734
granulosa_19153,chr3,155805497,155806632,1135
granulosa_19154,chr3,155853109,155855218,2109
granulosa_19155,chr3,155869819,155872318,2499
granulosa_19156,chr3,156148616,156150779,2163
granulosa_19157,chr3,156216252,156217817,1565
granulosa_19158,chr3,156290868,156292211,1343
granulosa_19159,chr3,156553919,156555708,1789
granulosa_19160,chr3,156605285,156606653,1368
granulosa_19161,chr3,156673777,156676205,2428
granulosa_19162,chr3,156815726,156817636,1910
granulosa_19163,chr3,156825563,156827496,1933
granulosa_19164,chr3,157081218,157082201,983
granulosa_19165,chr3,157087906,157090120,2214
granulosa_19166,chr3,157146320,157147674,1354
granulosa_19167,chr3,157159190,157161334,2144
granulosa_19168,chr3,157173932,157176492,2560
granulosa_19169,chr3,157436367,157438689,2322
granulosa_19170,chr3,157499003,157500198,1195
granulosa_19171,chr3,157542485,157543588,1103
granulosa_19172,chr3,157718260,157719362,1102
granulosa_19173,chr3,157855559,157857913,2354
granulosa_19174,chr3,157920173,157922137,1964
granulosa_19175,chr3,158094166,158095812,1646
granulosa_19176,chr3,158097582,158098410,828
granulosa_19177,chr3,158106314,158107485,1171
granulosa_19178,chr3,158109525,158110924,1399
granulosa_19179,chr3,158570488,158572985,2497
granulosa_19180,chr3,158643946,158645020,1074
granulosa_19181,chr3,158671683,158673073,1390
granulosa_19182,chr3,158731355,158733199,1844
granulosa_19183,chr3,158768121,158769979,1858
granulosa_19184,chr3,158800793,158802709,1916
granulosa_19185,chr3,159762851,159766004,3153
granulosa_19186,chr3,159839516,159840405,889
granulosa_19187,chr3,159856078,159857123,1045
granulosa_19188,chr3,159882336,159883749,1413
granulosa_19189,chr3,159897154,159898460,1306
granulosa_19190,chr3,159988349,159989361,1012
granulosa_19191,chr3,160224180,160226924,2744
granulosa_19192,chr3,160398579,160401096,2517
granulosa_19193,chr3,160448832,160450495,1663
granulosa_19194,chr3,160564135,160566658,2523
granulosa_19195,chr3,160754262,160756569,2307
granulosa_19196,chr3,161104070,161105607,1537
granulosa_19197,chr3,161220697,161222396,1699
granulosa_19198,chr3,161371347,161373180,1833
granulosa_19199,chr3,165194482,165197355,2873
granulosa_19200,chr3,167379506,167380568,1062
granulosa_19201,chr3,167734048,167736313,2265
granulosa_19202,chr3,168094497,168096727,2230
granulosa_19203,chr3,168248449,168250777,2328
granulosa_19204,chr3,168340988,168343037,2049
granulosa_19205,chr3,168347394,168348597,1203
granulosa_19206,chr3,169146003,169147875,1872
granulosa_19207,chr3,169148553,169149696,1143
granulosa_19208,chr3,169661383,169663450,2067
granulosa_19209,chr3,169667961,169669584,1623
granulosa_19210,chr3,169764183,169765476,1293
granulosa_19211,chr3,169769272,169770025,753
granulosa_19212,chr3,169771553,169773857,2304
granulosa_19213,chr3,169811466,169813353,1887
granulosa_19214,chr3,169922888,169924052,1164
granulosa_19215,chr3,169965976,169967777,1801
granulosa_19216,chr3,170037527,170039087,1560
granulosa_19217,chr3,170180105,170181946,1841
granulosa_19218,chr3,170221798,170223787,1989
granulosa_19219,chr3,170355544,170358582,3038
granulosa_19220,chr3,170418291,170420652,2361
granulosa_19221,chr3,170584328,170586223,1895
granulosa_19222,chr3,170697464,170698528,1064
granulosa_19223,chr3,170869149,170870924,1775
granulosa_19224,chr3,170907607,170909107,1500
granulosa_19225,chr3,171156066,171157803,1737
granulosa_19226,chr3,171320604,171322155,1551
granulosa_19227,chr3,171458664,171461545,2881
granulosa_19228,chr3,171770537,171771696,1159
granulosa_19229,chr3,171809267,171810888,1621
granulosa_19230,chr3,171829233,171830508,1275
granulosa_19231,chr3,171838060,171838914,854
granulosa_19232,chr3,172039145,172041075,1930
granulosa_19233,chr3,172103517,172105133,1616
granulosa_19234,chr3,172709614,172711639,2025
granulosa_19235,chr3,172750056,172751832,1776
granulosa_19236,chr3,173394967,173396960,1993
granulosa_19237,chr3,173397115,173398307,1192
granulosa_19238,chr3,173584029,173585871,1842
granulosa_19239,chr3,174439321,174442513,3192
granulosa_19240,chr3,175648509,175649737,1228
granulosa_19241,chr3,176905946,176907002,1056
granulosa_19242,chr3,177196170,177199315,3145
granulosa_19243,chr3,177358310,177361625,3315
granulosa_19244,chr3,177430866,177432273,1407
granulosa_19245,chr3,177515846,177517143,1297
granulosa_19246,chr3,177780945,177782385,1440
granulosa_19247,chr3,178083729,178085545,1816
granulosa_19248,chr3,178260495,178261851,1356
granulosa_19249,chr3,178319865,178321226,1361
granulosa_19250,chr3,178404644,178406958,2314
granulosa_19251,chr3,178535784,178537335,1551
granulosa_19252,chr3,179070837,179072441,1604
granulosa_19253,chr3,179146998,179149727,2729
granulosa_19254,chr3,179260755,179261827,1072
granulosa_19255,chr3,179322109,179323978,1869
granulosa_19256,chr3,179346334,179348452,2118
granulosa_19257,chr3,179450210,179452615,2405
granulosa_19258,chr3,179562454,179564124,1670
granulosa_19259,chr3,179603909,179605372,1463
granulosa_19260,chr3,179652279,179654747,2468
granulosa_19261,chr3,179680563,179682286,1723
granulosa_19262,chr3,180035999,180037589,1590
granulosa_19263,chr3,180601385,180603123,1738
granulosa_19264,chr3,180678504,180680341,1837
granulosa_19265,chr3,180869445,180870762,1317
granulosa_19266,chr3,180911829,180914293,2464
granulosa_19267,chr3,180988779,180990312,1533
granulosa_19268,chr3,181694770,181696430,1660
granulosa_19269,chr3,181711055,181713279,2224
granulosa_19270,chr3,181725643,181728030,2387
granulosa_19271,chr3,182241432,182242747,1315
granulosa_19272,chr3,182567260,182569306,2046
granulosa_19273,chr3,182682052,182683910,1858
granulosa_19274,chr3,182792605,182794825,2220
granulosa_19275,chr3,182978857,182981295,2438
granulosa_19276,chr3,183098425,183099909,1484
granulosa_19277,chr3,183113786,183115057,1271
granulosa_19278,chr3,183115651,183116594,943
granulosa_19279,chr3,183161625,183163012,1387
granulosa_19280,chr3,183178691,183181193,2502
granulosa_19281,chr3,183252853,183254963,2110
granulosa_19282,chr3,183385296,183387038,1742
granulosa_19283,chr3,183427046,183429255,2209
granulosa_19284,chr3,183433604,183435653,2049
granulosa_19285,chr3,183447053,183448302,1249
granulosa_19286,chr3,183477733,183480633,2900
granulosa_19287,chr3,183579956,183581014,1058
granulosa_19288,chr3,183583689,183584967,1278
granulosa_19289,chr3,183635155,183637472,2317
granulosa_19290,chr3,183697318,183699175,1857
granulosa_19291,chr3,183824529,183826816,2287
granulosa_19292,chr3,183883642,183885326,1684
granulosa_19293,chr3,183907226,183908351,1125
granulosa_19294,chr3,184016802,184018424,1622
granulosa_19295,chr3,184133839,184136224,2385
granulosa_19296,chr3,184154614,184157444,2830
granulosa_19297,chr3,184174168,184175903,1735
granulosa_19298,chr3,184176255,184177363,1108
granulosa_19299,chr3,184185279,184187147,1868
granulosa_19300,chr3,184228723,184231206,2483
granulosa_19301,chr3,184241174,184242228,1054
granulosa_19302,chr3,184248447,184250571,2124
granulosa_19303,chr3,184259581,184262971,3390
granulosa_19304,chr3,184298295,184299969,1674
granulosa_19305,chr3,184313993,184316498,2505
granulosa_19306,chr3,184319285,184320405,1120
granulosa_19307,chr3,184335281,184337667,2386
granulosa_19308,chr3,184338216,184339204,988
granulosa_19309,chr3,184360952,184363746,2794
granulosa_19310,chr3,184371332,184372900,1568
granulosa_19311,chr3,184378670,184380958,2288
granulosa_19312,chr3,184465823,184467005,1182
granulosa_19313,chr3,184513174,184514545,1371
granulosa_19314,chr3,184524971,184526401,1430
granulosa_19315,chr3,184543364,184544672,1308
granulosa_19316,chr3,184560910,184563292,2382
granulosa_19317,chr3,184568131,184569790,1659
granulosa_19318,chr3,184582593,184584934,2341
granulosa_19319,chr3,184592301,184595098,2797
granulosa_19320,chr3,184600954,184604941,3987
granulosa_19321,chr3,184710768,184712631,1863
granulosa_19322,chr3,184716329,184717949,1620
granulosa_19323,chr3,184726500,184727811,1311
granulosa_19324,chr3,184755542,184757743,2201
granulosa_19325,chr3,184760678,184762116,1438
granulosa_19326,chr3,184811750,184813080,1330
granulosa_19327,chr3,184910952,184912735,1783
granulosa_19328,chr3,185151989,185153901,1912
granulosa_19329,chr3,185253544,185254483,939
granulosa_19330,chr3,185282379,185283539,1160
granulosa_19331,chr3,185328185,185329911,1726
granulosa_19332,chr3,185362519,185364287,1768
granulosa_19333,chr3,185402040,185403298,1258
granulosa_19334,chr3,185497081,185499403,2322
granulosa_19335,chr3,185558324,185559384,1060
granulosa_19336,chr3,185560222,185562384,2162
granulosa_19337,chr3,185574501,185575921,1420
granulosa_19338,chr3,185585491,185587026,1535
granulosa_19339,chr3,185749059,185749959,900
granulosa_19340,chr3,185823008,185826508,3500
granulosa_19341,chr3,185912569,185914373,1804
granulosa_19342,chr3,185936741,185938355,1614
granulosa_19343,chr3,185943046,185943851,805
granulosa_19344,chr3,186070127,186071487,1360
granulosa_19345,chr3,186095507,186096719,1212
granulosa_19346,chr3,186097462,186098558,1096
granulosa_19347,chr3,186107143,186110411,3268
granulosa_19348,chr3,186193135,186194657,1522
granulosa_19349,chr3,186209555,186211150,1595
granulosa_19350,chr3,186255539,186256743,1204
granulosa_19351,chr3,186360574,186362605,2031
granulosa_19352,chr3,186413100,186414463,1363
granulosa_19353,chr3,186418236,186419324,1088
granulosa_19354,chr3,186566384,186567909,1525
granulosa_19355,chr3,186570001,186571362,1361
granulosa_19356,chr3,186782484,186784499,2015
granulosa_19357,chr3,186789647,186791603,1956
granulosa_19358,chr3,186805804,186807545,1741
granulosa_19359,chr3,186824509,186825838,1329
granulosa_19360,chr3,186826384,186827856,1472
granulosa_19361,chr3,186929958,186933089,3131
granulosa_19362,chr3,187138694,187139990,1296
granulosa_19363,chr3,187263017,187264934,1917
granulosa_19364,chr3,187318606,187320187,1581
granulosa_19365,chr3,187499868,187500931,1063
granulosa_19366,chr3,187522000,187522862,862
granulosa_19367,chr3,187669473,187670933,1460
granulosa_19368,chr3,187678725,187679956,1231
granulosa_19369,chr3,187737309,187740373,3064
granulosa_19370,chr3,187740942,187741181,239
granulosa_19371,chr3,187743636,187745960,2324
granulosa_19372,chr3,187746452,187746886,434
granulosa_19373,chr3,187748023,187748332,309
granulosa_19374,chr3,188051375,188052953,1578
granulosa_19375,chr3,188152645,188155209,2564
granulosa_19376,chr3,188159109,188159921,812
granulosa_19377,chr3,188348443,188349769,1326
granulosa_19378,chr3,188396340,188397692,1352
granulosa_19379,chr3,188946957,188948838,1881
granulosa_19380,chr3,189340719,189341657,938
granulosa_19381,chr3,190072874,190073959,1085
granulosa_19382,chr3,190119989,190121229,1240
granulosa_19383,chr3,190321697,190323543,1846
granulosa_19384,chr3,190513394,190515406,2012
granulosa_19385,chr3,191328649,191331009,2360
granulosa_19386,chr3,192407856,192410874,3018
granulosa_19387,chr3,192513957,192515761,1804
granulosa_19388,chr3,192726890,192728135,1245
granulosa_19389,chr3,192830019,192830904,885
granulosa_19390,chr3,192851531,192852858,1327
granulosa_19391,chr3,192878842,192880728,1886
granulosa_19392,chr3,192901379,192902842,1463
granulosa_19393,chr3,192916194,192918498,2304
granulosa_19394,chr3,193015988,193016931,943
granulosa_19395,chr3,193229914,193230947,1033
granulosa_19396,chr3,193240382,193242030,1648
granulosa_19397,chr3,193592590,193594295,1705
granulosa_19398,chr3,193780268,193781529,1261
granulosa_19399,chr3,193793989,193795284,1295
granulosa_19400,chr3,193805245,193805948,703
granulosa_19401,chr3,193816473,193817587,1114
granulosa_19402,chr3,194002339,194004011,1672
granulosa_19403,chr3,194057926,194059212,1286
granulosa_19404,chr3,194070343,194071718,1375
granulosa_19405,chr3,194112173,194113158,985
granulosa_19406,chr3,194133625,194135394,1769
granulosa_19407,chr3,194135834,194136239,405
granulosa_19408,chr3,194136853,194138133,1280
granulosa_19409,chr3,194138877,194139878,1001
granulosa_19410,chr3,194140625,194142707,2082
granulosa_19411,chr3,194160666,194161860,1194
granulosa_19412,chr3,194166226,194168569,2343
granulosa_19413,chr3,194189120,194189934,814
granulosa_19414,chr3,194249385,194251280,1895
granulosa_19415,chr3,194269418,194270034,616
granulosa_19416,chr3,194270626,194271739,1113
granulosa_19417,chr3,194276800,194278172,1372
granulosa_19418,chr3,194296221,194297557,1336
granulosa_19419,chr3,194312053,194314150,2097
granulosa_19420,chr3,194314664,194316197,1533
granulosa_19421,chr3,194323637,194324616,979
granulosa_19422,chr3,194333254,194334127,873
granulosa_19423,chr3,194395854,194398400,2546
granulosa_19424,chr3,194485321,194488035,2714
granulosa_19425,chr3,194583384,194584494,1110
granulosa_19426,chr3,194632651,194634015,1364
granulosa_19427,chr3,194671306,194673223,1917
granulosa_19428,chr3,194682412,194683103,691
granulosa_19429,chr3,194685524,194686295,771
granulosa_19430,chr3,194686665,194688781,2116
granulosa_19431,chr3,194760976,194761958,982
granulosa_19432,chr3,194768649,194769733,1084
granulosa_19433,chr3,194984423,194985702,1279
granulosa_19434,chr3,195001790,195003600,1810
granulosa_19435,chr3,195258182,195260887,2705
granulosa_19436,chr3,195270043,195272051,2008
granulosa_19437,chr3,195441571,195443823,2252
granulosa_19438,chr3,195541600,195544254,2654
granulosa_19439,chr3,195747290,195748334,1044
granulosa_19440,chr3,195850542,195851281,739
granulosa_19441,chr3,195891883,195893823,1940
granulosa_19442,chr3,195894556,195897504,2948
granulosa_19443,chr3,195907210,195910463,3253
granulosa_19444,chr3,195914552,195915464,912
granulosa_19445,chr3,195954117,195955794,1677
granulosa_19446,chr3,195989603,195990858,1255
granulosa_19447,chr3,196080772,196082567,1795
granulosa_19448,chr3,196138396,196139490,1094
granulosa_19449,chr3,196168348,196169435,1087
granulosa_19450,chr3,196186333,196187380,1047
granulosa_19451,chr3,196192038,196194434,2396
granulosa_19452,chr3,196206973,196208587,1614
granulosa_19453,chr3,196215701,196217246,1545
granulosa_19454,chr3,196219057,196220317,1260
granulosa_19455,chr3,196226892,196228582,1690
granulosa_19456,chr3,196286850,196288459,1609
granulosa_19457,chr3,196317466,196318654,1188
granulosa_19458,chr3,196431126,196433290,2164
granulosa_19459,chr3,196501776,196504244,2468
granulosa_19460,chr3,196528400,196529298,898
granulosa_19461,chr3,196567801,196569677,1876
granulosa_19462,chr3,196631655,196633257,1602
granulosa_19463,chr3,196638880,196640890,2010
granulosa_19464,chr3,196711433,196713163,1730
granulosa_19465,chr3,196739396,196741524,2128
granulosa_19466,chr3,196867072,196869048,1976
granulosa_19467,chr3,196941275,196943298,2023
granulosa_19468,chr3,196968203,196970182,1979
granulosa_19469,chr3,196987941,196988898,957
granulosa_19470,chr3,197001787,197004070,2283
granulosa_19471,chr3,197028274,197030185,1911
granulosa_19472,chr3,197297042,197299666,2624
granulosa_19473,chr3,197455525,197457047,1522
granulosa_19474,chr3,197509636,197510546,910
granulosa_19475,chr3,197554279,197556311,2032
granulosa_19476,chr3,197626986,197628409,1423
granulosa_19477,chr3,197711858,197712774,916
granulosa_19478,chr3,197735950,197737649,1699
granulosa_19479,chr3,197748894,197751624,2730
granulosa_19480,chr3,197790587,197792352,1765
granulosa_19481,chr3,197905830,197907260,1430
granulosa_19482,chr3,197912477,197913873,1396
granulosa_19483,chr3,197949346,197951260,1914
granulosa_19484,chr3,197959490,197961233,1743
granulosa_19485,chr3,198079937,198081781,1844
granulosa_19486,chr4,123881,125979,2098
granulosa_19487,chr4,212151,213732,1581
granulosa_19488,chr4,304124,305740,1616
granulosa_19489,chr4,336043,338992,2949
granulosa_19490,chr4,472989,474668,1679
granulosa_19491,chr4,498433,500120,1687
granulosa_19492,chr4,574756,576724,1968
granulosa_19493,chr4,656637,659308,2671
granulosa_19494,chr4,663093,664457,1364
granulosa_19495,chr4,673460,675311,1851
granulosa_19496,chr4,676058,676700,642
granulosa_19497,chr4,680534,682024,1490
granulosa_19498,chr4,704134,706287,2153
granulosa_19499,chr4,720811,722347,1536
granulosa_19500,chr4,780764,782601,1837
granulosa_19501,chr4,785061,787907,2846
granulosa_19502,chr4,791682,792811,1129
granulosa_19503,chr4,825261,826272,1011
granulosa_19504,chr4,930975,933035,2060
granulosa_19505,chr4,972628,974299,1671
granulosa_19506,chr4,986342,987837,1495
granulosa_19507,chr4,997004,998408,1404
granulosa_19508,chr4,1001906,1003668,1762
granulosa_19509,chr4,1009210,1012754,3544
granulosa_19510,chr4,1019261,1020368,1107
granulosa_19511,chr4,1030145,1030955,810
granulosa_19512,chr4,1045556,1047895,2339
granulosa_19513,chr4,1166960,1168018,1058
granulosa_19514,chr4,1170862,1173870,3008
granulosa_19515,chr4,1207679,1210282,2603
granulosa_19516,chr4,1232789,1234646,1857
granulosa_19517,chr4,1245755,1246374,619
granulosa_19518,chr4,1247235,1250172,2937
granulosa_19519,chr4,1288912,1291022,2110
granulosa_19520,chr4,1308944,1310399,1455
granulosa_19521,chr4,1345594,1347905,2311
granulosa_19522,chr4,1410058,1410909,851
granulosa_19523,chr4,1462511,1463600,1089
granulosa_19524,chr4,1578892,1580854,1962
granulosa_19525,chr4,1683213,1685501,2288
granulosa_19526,chr4,1709183,1709625,442
granulosa_19527,chr4,1711151,1713221,2070
granulosa_19528,chr4,1719730,1721922,2192
granulosa_19529,chr4,1745908,1746711,803
granulosa_19530,chr4,1766229,1768067,1838
granulosa_19531,chr4,1792532,1795558,3026
granulosa_19532,chr4,1855236,1857464,2228
granulosa_19533,chr4,1870012,1872747,2735
granulosa_19534,chr4,2007666,2010157,2491
granulosa_19535,chr4,2021245,2022388,1143
granulosa_19536,chr4,2040329,2042884,2555
granulosa_19537,chr4,2058128,2060080,1952
granulosa_19538,chr4,2060459,2061490,1031
granulosa_19539,chr4,2071295,2073133,1838
granulosa_19540,chr4,2219731,2220550,819
granulosa_19541,chr4,2222532,2223488,956
granulosa_19542,chr4,2241128,2242669,1541
granulosa_19543,chr4,2255110,2256416,1306
granulosa_19544,chr4,2260715,2263050,2335
granulosa_19545,chr4,2271208,2272915,1707
granulosa_19546,chr4,2273185,2274550,1365
granulosa_19547,chr4,2364198,2365654,1456
granulosa_19548,chr4,2366113,2367259,1146
granulosa_19549,chr4,2392778,2394143,1365
granulosa_19550,chr4,2401316,2403156,1840
granulosa_19551,chr4,2412697,2413713,1016
granulosa_19552,chr4,2416530,2417626,1096
granulosa_19553,chr4,2417786,2419637,1851
granulosa_19554,chr4,2461984,2463236,1252
granulosa_19555,chr4,2468040,2470251,2211
granulosa_19556,chr4,2535255,2537863,2608
granulosa_19557,chr4,2596818,2597809,991
granulosa_19558,chr4,2755304,2756844,1540
granulosa_19559,chr4,2763526,2764559,1033
granulosa_19560,chr4,2792367,2793167,800
granulosa_19561,chr4,2796374,2796853,479
granulosa_19562,chr4,2797707,2799170,1463
granulosa_19563,chr4,2800346,2801584,1238
granulosa_19564,chr4,2805601,2807326,1725
granulosa_19565,chr4,2817593,2819069,1476
granulosa_19566,chr4,2842770,2844516,1746
granulosa_19567,chr4,2867235,2870199,2964
granulosa_19568,chr4,2933446,2935834,2388
granulosa_19569,chr4,2961873,2964399,2526
granulosa_19570,chr4,3040987,3042245,1258
granulosa_19571,chr4,3073174,3076118,2944
granulosa_19572,chr4,3239607,3240553,946
granulosa_19573,chr4,3241134,3243743,2609
granulosa_19574,chr4,3291593,3293834,2241
granulosa_19575,chr4,3320248,3322484,2236
granulosa_19576,chr4,3369635,3370478,843
granulosa_19577,chr4,3371038,3372394,1356
granulosa_19578,chr4,3461126,3462248,1122
granulosa_19579,chr4,3466319,3467376,1057
granulosa_19580,chr4,3480395,3480941,546
granulosa_19581,chr4,3484154,3485787,1633
granulosa_19582,chr4,3497482,3498782,1300
granulosa_19583,chr4,3530811,3533139,2328
granulosa_19584,chr4,3607592,3608515,923
granulosa_19585,chr4,3613849,3614969,1120
granulosa_19586,chr4,3709995,3711446,1451
granulosa_19587,chr4,3765235,3766881,1646
granulosa_19588,chr4,3767035,3768132,1097
granulosa_19589,chr4,3791457,3792488,1031
granulosa_19590,chr4,3817871,3818769,898
granulosa_19591,chr4,3871058,3872408,1350
granulosa_19592,chr4,3879477,3880923,1446
granulosa_19593,chr4,3954504,3956446,1942
granulosa_19594,chr4,4106508,4107806,1298
granulosa_19595,chr4,4247523,4249056,1533
granulosa_19596,chr4,4289349,4291367,2018
granulosa_19597,chr4,4339127,4340162,1035
granulosa_19598,chr4,4356071,4357133,1062
granulosa_19599,chr4,4385643,4388304,2661
granulosa_19600,chr4,4395441,4397551,2110
granulosa_19601,chr4,4541008,4543119,2111
granulosa_19602,chr4,4574116,4575810,1694
granulosa_19603,chr4,4640727,4642935,2208
granulosa_19604,chr4,4666164,4668130,1966
granulosa_19605,chr4,4693710,4694895,1185
granulosa_19606,chr4,4852436,4853676,1240
granulosa_19607,chr4,4856165,4857069,904
granulosa_19608,chr4,4859238,4861491,2253
granulosa_19609,chr4,4867039,4867858,819
granulosa_19610,chr4,5018602,5020331,1729
granulosa_19611,chr4,5050425,5052478,2053
granulosa_19612,chr4,5524389,5526348,1959
granulosa_19613,chr4,5705549,5706300,751
granulosa_19614,chr4,5708035,5709312,1277
granulosa_19615,chr4,5710527,5711929,1402
granulosa_19616,chr4,5886987,5889024,2037
granulosa_19617,chr4,5890026,5890570,544
granulosa_19618,chr4,5892443,5893451,1008
granulosa_19619,chr4,5955014,5957435,2421
granulosa_19620,chr4,6011210,6012045,835
granulosa_19621,chr4,6031360,6032287,927
granulosa_19622,chr4,6093291,6094774,1483
granulosa_19623,chr4,6198429,6201118,2689
granulosa_19624,chr4,6245078,6246146,1068
granulosa_19625,chr4,6250259,6251045,786
granulosa_19626,chr4,6269072,6270903,1831
granulosa_19627,chr4,6276720,6277708,988
granulosa_19628,chr4,6278560,6279170,610
granulosa_19629,chr4,6308094,6309944,1850
granulosa_19630,chr4,6470368,6472989,2621
granulosa_19631,chr4,6562725,6564120,1395
granulosa_19632,chr4,6574347,6576023,1676
granulosa_19633,chr4,6639794,6642207,2413
granulosa_19634,chr4,6673007,6675120,2113
granulosa_19635,chr4,6708946,6710619,1673
granulosa_19636,chr4,6715683,6717225,1542
granulosa_19637,chr4,6720222,6720604,382
granulosa_19638,chr4,6724370,6725189,819
granulosa_19639,chr4,6746501,6748120,1619
granulosa_19640,chr4,6782039,6783986,1947
granulosa_19641,chr4,6891731,6893022,1291
granulosa_19642,chr4,6908332,6910949,2617
granulosa_19643,chr4,6916517,6918715,2198
granulosa_19644,chr4,6926681,6927742,1061
granulosa_19645,chr4,6941486,6943864,2378
granulosa_19646,chr4,6986104,6987996,1892
granulosa_19647,chr4,7041778,7044885,3107
granulosa_19648,chr4,7049798,7051526,1728
granulosa_19649,chr4,7067235,7069131,1896
granulosa_19650,chr4,7101517,7102366,849
granulosa_19651,chr4,7102707,7104194,1487
granulosa_19652,chr4,7160996,7162373,1377
granulosa_19653,chr4,7191863,7193915,2052
granulosa_19654,chr4,7392730,7393579,849
granulosa_19655,chr4,7397671,7398392,721
granulosa_19656,chr4,7462305,7464171,1866
granulosa_19657,chr4,7654941,7656494,1553
granulosa_19658,chr4,7771912,7773315,1403
granulosa_19659,chr4,7805313,7807003,1690
granulosa_19660,chr4,7817509,7819180,1671
granulosa_19661,chr4,7937623,7940151,2528
granulosa_19662,chr4,7948769,7950108,1339
granulosa_19663,chr4,7956227,7957613,1386
granulosa_19664,chr4,7960076,7961375,1299
granulosa_19665,chr4,8009812,8011253,1441
granulosa_19666,chr4,8016247,8017001,754
granulosa_19667,chr4,8038792,8039847,1055
granulosa_19668,chr4,8050214,8051519,1305
granulosa_19669,chr4,8100558,8101721,1163
granulosa_19670,chr4,8123106,8123900,794
granulosa_19671,chr4,8157903,8159723,1820
granulosa_19672,chr4,8176510,8178133,1623
granulosa_19673,chr4,8192524,8193399,875
granulosa_19674,chr4,8198305,8199475,1170
granulosa_19675,chr4,8205387,8206655,1268
granulosa_19676,chr4,8214803,8215664,861
granulosa_19677,chr4,8241982,8242769,787
granulosa_19678,chr4,8266505,8267498,993
granulosa_19679,chr4,8269384,8270326,942
granulosa_19680,chr4,8315130,8317143,2013
granulosa_19681,chr4,8340406,8342045,1639
granulosa_19682,chr4,8346373,8347160,787
granulosa_19683,chr4,8410431,8411306,875
granulosa_19684,chr4,8427555,8429299,1744
granulosa_19685,chr4,8435429,8436316,887
granulosa_19686,chr4,8437185,8437707,522
granulosa_19687,chr4,8440129,8441387,1258
granulosa_19688,chr4,8472292,8474619,2327
granulosa_19689,chr4,8502700,8505039,2339
granulosa_19690,chr4,8580188,8581485,1297
granulosa_19691,chr4,8592188,8593889,1701
granulosa_19692,chr4,8871099,8872344,1245
granulosa_19693,chr4,8939205,8940628,1423
granulosa_19694,chr4,9000323,9001590,1267
granulosa_19695,chr4,9074913,9075982,1069
granulosa_19696,chr4,9122192,9124951,2759
granulosa_19697,chr4,9151830,9153882,2052
granulosa_19698,chr4,9531764,9533107,1343
granulosa_19699,chr4,9690855,9692150,1295
granulosa_19700,chr4,10018418,10020071,1653
granulosa_19701,chr4,10106246,10107543,1297
granulosa_19702,chr4,10115781,10118249,2468
granulosa_19703,chr4,10456340,10457812,1472
granulosa_19704,chr4,10461038,10461942,904
granulosa_19705,chr4,10577068,10578350,1282
granulosa_19706,chr4,10917159,10918443,1284
granulosa_19707,chr4,11009020,11010488,1468
granulosa_19708,chr4,11229114,11230173,1059
granulosa_19709,chr4,11426620,11427939,1319
granulosa_19710,chr4,11428226,11429785,1559
granulosa_19711,chr4,13482924,13485267,2343
granulosa_19712,chr4,13543720,13545248,1528
granulosa_19713,chr4,13546994,13547991,997
granulosa_19714,chr4,13626660,13628484,1824
granulosa_19715,chr4,13653853,13654883,1030
granulosa_19716,chr4,15001224,15005174,3950
granulosa_19717,chr4,15339553,15341942,2389
granulosa_19718,chr4,15469276,15470566,1290
granulosa_19719,chr4,15478666,15480104,1438
granulosa_19720,chr4,15653732,15656363,2631
granulosa_19721,chr4,15681113,15683062,1949
granulosa_19722,chr4,15690047,15690978,931
granulosa_19723,chr4,15702629,15703631,1002
granulosa_19724,chr4,15777921,15780066,2145
granulosa_19725,chr4,16000772,16001863,1091
granulosa_19726,chr4,16002222,16003496,1274
granulosa_19727,chr4,16081949,16084489,2540
granulosa_19728,chr4,16225657,16227844,2187
granulosa_19729,chr4,16703892,16704886,994
granulosa_19730,chr4,17510806,17512728,1922
granulosa_19731,chr4,17576087,17578442,2355
granulosa_19732,chr4,17613555,17615389,1834
granulosa_19733,chr4,17780432,17782185,1753
granulosa_19734,chr4,17809554,17811502,1948
granulosa_19735,chr4,18010906,18013248,2342
granulosa_19736,chr4,18020150,18023021,2871
granulosa_19737,chr4,20251139,20255224,4085
granulosa_19738,chr4,20699551,20701303,1752
granulosa_19739,chr4,20958553,20960738,2185
granulosa_19740,chr4,20983150,20985064,1914
granulosa_19741,chr4,21001112,21002595,1483
granulosa_19742,chr4,21947785,21949563,1778
granulosa_19743,chr4,22514074,22516637,2563
granulosa_19744,chr4,23082972,23084286,1314
granulosa_19745,chr4,23888136,23891026,2890
granulosa_19746,chr4,24469591,24473676,4085
granulosa_19747,chr4,24583204,24585024,1820
granulosa_19748,chr4,24794198,24796064,1866
granulosa_19749,chr4,24911570,24913314,1744
granulosa_19750,chr4,25029903,25031650,1747
granulosa_19751,chr4,25087727,25089555,1828
granulosa_19752,chr4,25099224,25100580,1356
granulosa_19753,chr4,25159331,25161815,2484
granulosa_19754,chr4,25233551,25235381,1830
granulosa_19755,chr4,25312267,25313770,1503
granulosa_19756,chr4,25376134,25378030,1896
granulosa_19757,chr4,25424625,25425811,1186
granulosa_19758,chr4,25439927,25441859,1932
granulosa_19759,chr4,25520493,25521535,1042
granulosa_19760,chr4,25540416,25541601,1185
granulosa_19761,chr4,25654767,25656061,1294
granulosa_19762,chr4,25861556,25864175,2619
granulosa_19763,chr4,25913206,25914917,1711
granulosa_19764,chr4,26318882,26322280,3398
granulosa_19765,chr4,26583386,26584781,1395
granulosa_19766,chr4,26856991,26858078,1087
granulosa_19767,chr4,26859951,26861991,2040
granulosa_19768,chr4,26867541,26868573,1032
granulosa_19769,chr4,26992285,26993878,1593
granulosa_19770,chr4,27084021,27085669,1648
granulosa_19771,chr4,27251505,27252878,1373
granulosa_19772,chr4,28436042,28437266,1224
granulosa_19773,chr4,28523198,28524344,1146
granulosa_19774,chr4,30716806,30718410,1604
granulosa_19775,chr4,30718930,30721508,2578
granulosa_19776,chr4,36242736,36244995,2259
granulosa_19777,chr4,36280133,36281654,1521
granulosa_19778,chr4,37218618,37220505,1887
granulosa_19779,chr4,37243057,37245671,2614
granulosa_19780,chr4,37452784,37454830,2046
granulosa_19781,chr4,37684981,37687346,2365
granulosa_19782,chr4,37696334,37697692,1358
granulosa_19783,chr4,37715521,37716809,1288
granulosa_19784,chr4,37757863,37759179,1316
granulosa_19785,chr4,37825394,37827559,2165
granulosa_19786,chr4,37889746,37891856,2110
granulosa_19787,chr4,37976521,37978275,1754
granulosa_19788,chr4,38023403,38025828,2425
granulosa_19789,chr4,38068828,38070071,1243
granulosa_19790,chr4,38093870,38094865,995
granulosa_19791,chr4,38106150,38107590,1440
granulosa_19792,chr4,38119502,38121452,1950
granulosa_19793,chr4,38318470,38320504,2034
granulosa_19794,chr4,38662984,38665338,2354
granulosa_19795,chr4,38666846,38667524,678
granulosa_19796,chr4,38672110,38675089,2979
granulosa_19797,chr4,38752366,38753759,1393
granulosa_19798,chr4,38867031,38868974,1943
granulosa_19799,chr4,39043162,39045857,2695
granulosa_19800,chr4,39134456,39135676,1220
granulosa_19801,chr4,39181727,39183434,1707
granulosa_19802,chr4,39365191,39367291,2100
granulosa_19803,chr4,39445715,39447588,1873
granulosa_19804,chr4,39458173,39460032,1859
granulosa_19805,chr4,39469069,39469946,877
granulosa_19806,chr4,39526328,39528451,2123
granulosa_19807,chr4,39557930,39558999,1069
granulosa_19808,chr4,39637311,39640539,3228
granulosa_19809,chr4,39697305,39698886,1581
granulosa_19810,chr4,39976198,39978369,2171
granulosa_19811,chr4,40055481,40058429,2948
granulosa_19812,chr4,40130068,40130835,767
granulosa_19813,chr4,40316129,40317632,1503
granulosa_19814,chr4,40550689,40551602,913
granulosa_19815,chr4,40628972,40630993,2021
granulosa_19816,chr4,40749231,40751262,2031
granulosa_19817,chr4,40842002,40843418,1416
granulosa_19818,chr4,40855968,40857449,1481
granulosa_19819,chr4,40933219,40934285,1066
granulosa_19820,chr4,41213331,41214912,1581
granulosa_19821,chr4,41215861,41217076,1215
granulosa_19822,chr4,41256054,41258204,2150
granulosa_19823,chr4,41359929,41362214,2285
granulosa_19824,chr4,41453901,41455800,1899
granulosa_19825,chr4,41643957,41644841,884
granulosa_19826,chr4,41865786,41867726,1940
granulosa_19827,chr4,41880198,41882573,2375
granulosa_19828,chr4,41934568,41936000,1432
granulosa_19829,chr4,41989569,41991216,1647
granulosa_19830,chr4,42150640,42152844,2204
granulosa_19831,chr4,42396466,42399611,3145
granulosa_19832,chr4,42655767,42657856,2089
granulosa_19833,chr4,43180259,43181627,1368
granulosa_19834,chr4,43432856,43434000,1144
granulosa_19835,chr4,43990448,43991870,1422
granulosa_19836,chr4,44029770,44030821,1051
granulosa_19837,chr4,44056458,44057368,910
granulosa_19838,chr4,44446003,44449500,3497
granulosa_19839,chr4,44677627,44679426,1799
granulosa_19840,chr4,44725055,44727143,2088
granulosa_19841,chr4,45662587,45663782,1195
granulosa_19842,chr4,46123017,46125389,2372
granulosa_19843,chr4,46388651,46391303,2652
granulosa_19844,chr4,46992317,46994420,2103
granulosa_19845,chr4,47030908,47033083,2175
granulosa_19846,chr4,47462796,47464056,1260
granulosa_19847,chr4,47484828,47486679,1851
granulosa_19848,chr4,47836165,47838226,2061
granulosa_19849,chr4,47913369,47915151,1782
granulosa_19850,chr4,47926402,47927259,857
granulosa_19851,chr4,48016050,48017703,1653
granulosa_19852,chr4,48268834,48270469,1635
granulosa_19853,chr4,48340316,48342784,2468
granulosa_19854,chr4,48482910,48484538,1628
granulosa_19855,chr4,48489621,48491650,2029
granulosa_19856,chr4,48778451,48781252,2801
granulosa_19857,chr4,48830451,48831928,1477
granulosa_19858,chr4,48905894,48907264,1370
granulosa_19859,chr4,51842099,51845063,2964
granulosa_19860,chr4,52037462,52038926,1464
granulosa_19861,chr4,52050979,52052251,1272
granulosa_19862,chr4,52657316,52658472,1156
granulosa_19863,chr4,52658657,52660325,1668
granulosa_19864,chr4,52711819,52713967,2148
granulosa_19865,chr4,52721697,52722811,1114
granulosa_19866,chr4,52750636,52752025,1389
granulosa_19867,chr4,52861369,52863605,2236
granulosa_19868,chr4,52873099,52874394,1295
granulosa_19869,chr4,52913624,52914684,1060
granulosa_19870,chr4,52954195,52955252,1057
granulosa_19871,chr4,52956886,52958030,1144
granulosa_19872,chr4,53364965,53366363,1398
granulosa_19873,chr4,53376901,53378514,1613
granulosa_19874,chr4,53908217,53909314,1097
granulosa_19875,chr4,54062998,54065174,2176
granulosa_19876,chr4,54066506,54067532,1026
granulosa_19877,chr4,54090907,54092483,1576
granulosa_19878,chr4,54099484,54101004,1520
granulosa_19879,chr4,54103240,54104322,1082
granulosa_19880,chr4,54217223,54218401,1178
granulosa_19881,chr4,54226612,54228381,1769
granulosa_19882,chr4,54232822,54234531,1709
granulosa_19883,chr4,54656959,54659615,2656
granulosa_19884,chr4,55124333,55126430,2097
granulosa_19885,chr4,55157228,55158327,1099
granulosa_19886,chr4,55161112,55162042,930
granulosa_19887,chr4,55345623,55347211,1588
granulosa_19888,chr4,55395251,55397381,2130
granulosa_19889,chr4,55545108,55547719,2611
granulosa_19890,chr4,55635070,55637490,2420
granulosa_19891,chr4,55742335,55744825,2490
granulosa_19892,chr4,55852914,55854681,1767
granulosa_19893,chr4,55947045,55950035,2990
granulosa_19894,chr4,56048360,56050381,2021
granulosa_19895,chr4,56300934,56302665,1731
granulosa_19896,chr4,56386750,56388637,1887
granulosa_19897,chr4,56409244,56410927,1683
granulosa_19898,chr4,56434655,56437735,3080
granulosa_19899,chr4,56466371,56468655,2284
granulosa_19900,chr4,56504883,56506985,2102
granulosa_19901,chr4,56529482,56531442,1960
granulosa_19902,chr4,56544173,56545276,1103
granulosa_19903,chr4,56550429,56551572,1143
granulosa_19904,chr4,56605177,56606674,1497
granulosa_19905,chr4,56653981,56656720,2739
granulosa_19906,chr4,56680832,56682127,1295
granulosa_19907,chr4,56786627,56788172,1545
granulosa_19908,chr4,56799168,56800464,1296
granulosa_19909,chr4,56820949,56822107,1158
granulosa_19910,chr4,56870585,56871917,1332
granulosa_19911,chr4,56907021,56909631,2610
granulosa_19912,chr4,56976186,56978245,2059
granulosa_19913,chr4,56978515,56979899,1384
granulosa_19914,chr4,57100874,57102550,1676
granulosa_19915,chr4,57109521,57111474,1953
granulosa_19916,chr4,57131703,57132952,1249
granulosa_19917,chr4,57163233,57164445,1212
granulosa_19918,chr4,57190406,57191163,757
granulosa_19919,chr4,57193091,57194657,1566
granulosa_19920,chr4,57503745,57505387,1642
granulosa_19921,chr4,58301027,58301930,903
granulosa_19922,chr4,59001376,59002933,1557
granulosa_19923,chr4,60649339,60650522,1183
granulosa_19924,chr4,60934119,60935357,1238
granulosa_19925,chr4,61199865,61203422,3557
granulosa_19926,chr4,61531757,61533013,1256
granulosa_19927,chr4,64642492,64643426,934
granulosa_19928,chr4,65416448,65417395,947
granulosa_19929,chr4,65669055,65671044,1989
granulosa_19930,chr4,66927541,66928561,1020
granulosa_19931,chr4,67150606,67152857,2251
granulosa_19932,chr4,67342628,67343936,1308
granulosa_19933,chr4,67365404,67366977,1573
granulosa_19934,chr4,67544607,67546044,1437
granulosa_19935,chr4,67700088,67701653,1565
granulosa_19936,chr4,67756442,67757975,1533
granulosa_19937,chr4,67803877,67805232,1355
granulosa_19938,chr4,68348541,68350679,2138
granulosa_19939,chr4,68375734,68376582,848
granulosa_19940,chr4,68732661,68733831,1170
granulosa_19941,chr4,70687477,70689277,1800
granulosa_19942,chr4,70703715,70706273,2558
granulosa_19943,chr4,70721519,70722941,1422
granulosa_19944,chr4,70838149,70840491,2342
granulosa_19945,chr4,70895358,70896769,1411
granulosa_19946,chr4,70901579,70903551,1972
granulosa_19947,chr4,70992797,70994217,1420
granulosa_19948,chr4,71186238,71188490,2252
granulosa_19949,chr4,72031314,72032765,1451
granulosa_19950,chr4,72567497,72570079,2582
granulosa_19951,chr4,73068300,73070679,2379
granulosa_19952,chr4,73222491,73223458,967
granulosa_19953,chr4,73257186,73260064,2878
granulosa_19954,chr4,73589274,73590931,1657
granulosa_19955,chr4,73668532,73670798,2266
granulosa_19956,chr4,73868295,73869938,1643
granulosa_19957,chr4,73943929,73945251,1322
granulosa_19958,chr4,74038041,74039554,1513
granulosa_19959,chr4,74098583,74099914,1331
granulosa_19960,chr4,74157036,74159104,2068
granulosa_19961,chr4,74363947,74366169,2222
granulosa_19962,chr4,74422236,74423584,1348
granulosa_19963,chr4,74444612,74445706,1094
granulosa_19964,chr4,74793411,74795168,1757
granulosa_19965,chr4,74932623,74935301,2678
granulosa_19966,chr4,75513574,75515172,1598
granulosa_19967,chr4,75573155,75574001,846
granulosa_19968,chr4,75629962,75631256,1294
granulosa_19969,chr4,75671912,75674337,2425
granulosa_19970,chr4,75723092,75725635,2543
granulosa_19971,chr4,75939608,75941345,1737
granulosa_19972,chr4,75989619,75991501,1882
granulosa_19973,chr4,76147231,76148902,1671
granulosa_19974,chr4,76197432,76199005,1573
granulosa_19975,chr4,76212853,76214368,1515
granulosa_19976,chr4,76223489,76224620,1131
granulosa_19977,chr4,76251009,76252342,1333
granulosa_19978,chr4,76305791,76307589,1798
granulosa_19979,chr4,76420072,76421643,1571
granulosa_19980,chr4,76434591,76436277,1686
granulosa_19981,chr4,76585101,76586462,1361
granulosa_19982,chr4,76589897,76590644,747
granulosa_19983,chr4,76606551,76607740,1189
granulosa_19984,chr4,76610910,76612149,1239
granulosa_19985,chr4,76622311,76624789,2478
granulosa_19986,chr4,76687453,76690588,3135
granulosa_19987,chr4,76723323,76724778,1455
granulosa_19988,chr4,76801337,76803164,1827
granulosa_19989,chr4,76896626,76899321,2695
granulosa_19990,chr4,76948293,76951252,2959
granulosa_19991,chr4,77074508,77076776,2268
granulosa_19992,chr4,77155644,77158692,3048
granulosa_19993,chr4,77817962,77820926,2964
granulosa_19994,chr4,77861570,77863674,2104
granulosa_19995,chr4,78055924,78058192,2268
granulosa_19996,chr4,78058442,78059861,1419
granulosa_19997,chr4,78336118,78337646,1528
granulosa_19998,chr4,78432451,78433702,1251
granulosa_19999,chr4,78551196,78552972,1776
granulosa_20000,chr4,78774796,78777311,2515
granulosa_20001,chr4,78938333,78940442,2109
granulosa_20002,chr4,80042525,80044140,1615
granulosa_20003,chr4,80071277,80073801,2524
granulosa_20004,chr4,80182940,80185203,2263
granulosa_20005,chr4,80201364,80203414,2050
granulosa_20006,chr4,80265458,80267341,1883
granulosa_20007,chr4,80335315,80336930,1615
granulosa_20008,chr4,80425190,80426053,863
granulosa_20009,chr4,80470907,80472973,2066
granulosa_20010,chr4,81030004,81032571,2567
granulosa_20011,chr4,81214219,81215778,1559
granulosa_20012,chr4,81379789,81380968,1179
granulosa_20013,chr4,81470254,81472646,2392
granulosa_20014,chr4,81598730,81600283,1553
granulosa_20015,chr4,82043021,82045020,1999
granulosa_20016,chr4,82284240,82285481,1241
granulosa_20017,chr4,82372507,82375156,2649
granulosa_20018,chr4,82428668,82431535,2867
granulosa_20019,chr4,82560902,82562380,1478
granulosa_20020,chr4,82583431,82585635,2204
granulosa_20021,chr4,82717896,82719113,1217
granulosa_20022,chr4,82730568,82731679,1111
granulosa_20023,chr4,82752999,82754725,1726
granulosa_20024,chr4,82779827,82781126,1299
granulosa_20025,chr4,82796987,82799846,2859
granulosa_20026,chr4,82811701,82812792,1091
granulosa_20027,chr4,82889832,82892129,2297
granulosa_20028,chr4,82899495,82901666,2171
granulosa_20029,chr4,83010158,83011164,1006
granulosa_20030,chr4,83011851,83013671,1820
granulosa_20031,chr4,83034255,83035965,1710
granulosa_20032,chr4,83109285,83110752,1467
granulosa_20033,chr4,83283738,83285555,1817
granulosa_20034,chr4,83333975,83335384,1409
granulosa_20035,chr4,83454387,83456389,2002
granulosa_20036,chr4,83484047,83485547,1500
granulosa_20037,chr4,83535041,83537046,2005
granulosa_20038,chr4,84492761,84493745,984
granulosa_20039,chr4,84496422,84499726,3304
granulosa_20040,chr4,84582102,84584189,2087
granulosa_20041,chr4,84965331,84967510,2179
granulosa_20042,chr4,85474427,85475920,1493
granulosa_20043,chr4,85675121,85677884,2763
granulosa_20044,chr4,85928934,85930956,2022
granulosa_20045,chr4,86593405,86595759,2354
granulosa_20046,chr4,86891321,86892860,1539
granulosa_20047,chr4,86903358,86904985,1627
granulosa_20048,chr4,86934075,86936710,2635
granulosa_20049,chr4,86959507,86962008,2501
granulosa_20050,chr4,87005735,87008124,2389
granulosa_20051,chr4,87030235,87032387,2152
granulosa_20052,chr4,87053760,87056239,2479
granulosa_20053,chr4,87219133,87221263,2130
granulosa_20054,chr4,87257298,87258283,985
granulosa_20055,chr4,87390604,87391865,1261
granulosa_20056,chr4,87421982,87423138,1156
granulosa_20057,chr4,88006914,88009126,2212
granulosa_20058,chr4,88158127,88159370,1243
granulosa_20059,chr4,88282866,88285266,2400
granulosa_20060,chr4,88297037,88298571,1534
granulosa_20061,chr4,88378443,88379596,1153
granulosa_20062,chr4,88455983,88457973,1990
granulosa_20063,chr4,88522670,88524483,1813
granulosa_20064,chr4,88591378,88593677,2299
granulosa_20065,chr4,88696571,88698453,1882
granulosa_20066,chr4,88737184,88738360,1176
granulosa_20067,chr4,88757676,88760260,2584
granulosa_20068,chr4,88822527,88823913,1386
granulosa_20069,chr4,89056392,89057491,1099
granulosa_20070,chr4,89109886,89112518,2632
granulosa_20071,chr4,89307264,89308503,1239
granulosa_20072,chr4,89752799,89754103,1304
granulosa_20073,chr4,89835960,89838381,2421
granulosa_20074,chr4,90126768,90128855,2087
granulosa_20075,chr4,91063988,91065137,1149
granulosa_20076,chr4,92303503,92306385,2882
granulosa_20077,chr4,93827989,93829903,1914
granulosa_20078,chr4,94207087,94208572,1485
granulosa_20079,chr4,94451036,94453303,2267
granulosa_20080,chr4,94757394,94759311,1917
granulosa_20081,chr4,94995496,94996467,971
granulosa_20082,chr4,95016735,95019786,3051
granulosa_20083,chr4,95546880,95550112,3232
granulosa_20084,chr4,98142562,98143962,1400
granulosa_20085,chr4,98259704,98262331,2627
granulosa_20086,chr4,98467202,98468208,1006
granulosa_20087,chr4,98516593,98518864,2271
granulosa_20088,chr4,98657221,98659452,2231
granulosa_20089,chr4,98927704,98930150,2446
granulosa_20090,chr4,98994610,98996842,2232
granulosa_20091,chr4,99087947,99089620,1673
granulosa_20092,chr4,99562933,99564238,1305
granulosa_20093,chr4,99678797,99679690,893
granulosa_20094,chr4,99893565,99894967,1402
granulosa_20095,chr4,99945874,99947225,1351
granulosa_20096,chr4,99948855,99951032,2177
granulosa_20097,chr4,100093044,100093933,889
granulosa_20098,chr4,100189481,100192170,2689
granulosa_20099,chr4,100590337,100591872,1535
granulosa_20100,chr4,101345384,101348754,3370
granulosa_20101,chr4,101790341,101791485,1144
granulosa_20102,chr4,102343815,102346009,2194
granulosa_20103,chr4,102430333,102431685,1352
granulosa_20104,chr4,102500454,102502606,2152
granulosa_20105,chr4,102759802,102762054,2252
granulosa_20106,chr4,102825490,102825999,509
granulosa_20107,chr4,102826503,102828858,2355
granulosa_20108,chr4,102868195,102870057,1862
granulosa_20109,chr4,103011322,103012707,1385
granulosa_20110,chr4,103018570,103020246,1676
granulosa_20111,chr4,103075430,103077034,1604
granulosa_20112,chr4,103098392,103100118,1726
granulosa_20113,chr4,103197406,103199124,1718
granulosa_20114,chr4,103477703,103478993,1290
granulosa_20115,chr4,103718946,103720653,1707
granulosa_20116,chr4,104394082,104395662,1580
granulosa_20117,chr4,104490442,104492706,2264
granulosa_20118,chr4,104494446,104495545,1099
granulosa_20119,chr4,105145123,105148160,3037
granulosa_20120,chr4,105471505,105472327,822
granulosa_20121,chr4,105472928,105474369,1441
granulosa_20122,chr4,105707853,105709525,1672
granulosa_20123,chr4,105894450,105896838,2388
granulosa_20124,chr4,105944205,105945041,836
granulosa_20125,chr4,105965690,105967587,1897
granulosa_20126,chr4,106036507,106037398,891
granulosa_20127,chr4,106315451,106317350,1899
granulosa_20128,chr4,106532553,106533761,1208
granulosa_20129,chr4,107033822,107034582,760
granulosa_20130,chr4,107035064,107037484,2420
granulosa_20131,chr4,107719062,107721901,2839
granulosa_20132,chr4,107823956,107825857,1901
granulosa_20133,chr4,107930709,107932335,1626
granulosa_20134,chr4,107989146,107990775,1629
granulosa_20135,chr4,108044985,108046826,1841
granulosa_20136,chr4,108140995,108142064,1069
granulosa_20137,chr4,108166323,108168230,1907
granulosa_20138,chr4,108168402,108169478,1076
granulosa_20139,chr4,108171394,108173725,2331
granulosa_20140,chr4,108224081,108225041,960
granulosa_20141,chr4,108247359,108248777,1418
granulosa_20142,chr4,108319408,108320612,1204
granulosa_20143,chr4,108370088,108371537,1449
granulosa_20144,chr4,108512431,108513497,1066
granulosa_20145,chr4,108610582,108612721,2139
granulosa_20146,chr4,108619798,108621130,1332
granulosa_20147,chr4,108649766,108651723,1957
granulosa_20148,chr4,108761700,108763513,1813
granulosa_20149,chr4,109046299,109047226,927
granulosa_20150,chr4,109301489,109303512,2023
granulosa_20151,chr4,109419149,109420490,1341
granulosa_20152,chr4,109432661,109435016,2355
granulosa_20153,chr4,109559458,109561486,2028
granulosa_20154,chr4,109701644,109704371,2727
granulosa_20155,chr4,109727925,109730742,2817
granulosa_20156,chr4,109735491,109736596,1105
granulosa_20157,chr4,109800950,109802452,1502
granulosa_20158,chr4,109814666,109816541,1875
granulosa_20159,chr4,110193718,110194168,450
granulosa_20160,chr4,110195968,110199242,3274
granulosa_20161,chr4,110620619,110621530,911
granulosa_20162,chr4,110621981,110623397,1416
granulosa_20163,chr4,110631604,110632979,1375
granulosa_20164,chr4,110636519,110637878,1359
granulosa_20165,chr4,111773385,111774430,1045
granulosa_20166,chr4,111813313,111814499,1186
granulosa_20167,chr4,112144653,112146396,1743
granulosa_20168,chr4,112230682,112232693,2011
granulosa_20169,chr4,112284049,112286372,2323
granulosa_20170,chr4,112296830,112298313,1483
granulosa_20171,chr4,112514534,112516958,2424
granulosa_20172,chr4,112522730,112524525,1795
granulosa_20173,chr4,112636455,112637894,1439
granulosa_20174,chr4,112704941,112707112,2171
granulosa_20175,chr4,112817613,112819011,1398
granulosa_20176,chr4,113760130,113763137,3007
granulosa_20177,chr4,113978468,113980472,2004
granulosa_20178,chr4,114597872,114600150,2278
granulosa_20179,chr4,114879309,114880279,970
granulosa_20180,chr4,115113254,115114288,1034
granulosa_20181,chr4,116925331,116926573,1242
granulosa_20182,chr4,117084219,117085763,1544
granulosa_20183,chr4,118032783,118034547,1764
granulosa_20184,chr4,118265044,118266445,1401
granulosa_20185,chr4,118278109,118279633,1524
granulosa_20186,chr4,118351828,118353660,1832
granulosa_20187,chr4,118591177,118592489,1312
granulosa_20188,chr4,118684834,118686331,1497
granulosa_20189,chr4,118834921,118836926,2005
granulosa_20190,chr4,118888364,118889603,1239
granulosa_20191,chr4,118904158,118905948,1790
granulosa_20192,chr4,119211743,119213472,1729
granulosa_20193,chr4,119299077,119301172,2095
granulosa_20194,chr4,119454012,119455281,1269
granulosa_20195,chr4,119626978,119629407,2429
granulosa_20196,chr4,120065947,120067592,1645
granulosa_20197,chr4,120318176,120319423,1247
granulosa_20198,chr4,120921455,120923319,1864
granulosa_20199,chr4,121070185,121073284,3099
granulosa_20200,chr4,121373897,121375542,1645
granulosa_20201,chr4,121379868,121381244,1376
granulosa_20202,chr4,121675298,121676315,1017
granulosa_20203,chr4,121695730,121697990,2260
granulosa_20204,chr4,121711321,121712203,882
granulosa_20205,chr4,121764110,121765738,1628
granulosa_20206,chr4,121800515,121801760,1245
granulosa_20207,chr4,121822534,121824326,1792
granulosa_20208,chr4,121869479,121871089,1610
granulosa_20209,chr4,121949646,121952190,2544
granulosa_20210,chr4,122151478,122153369,1891
granulosa_20211,chr4,122631937,122633740,1803
granulosa_20212,chr4,122699760,122700763,1003
granulosa_20213,chr4,122731817,122733517,1700
granulosa_20214,chr4,122826068,122828298,2230
granulosa_20215,chr4,122921723,122923942,2219
granulosa_20216,chr4,123348961,123350517,1556
granulosa_20217,chr4,123396528,123400271,3743
granulosa_20218,chr4,123504856,123506739,1883
granulosa_20219,chr4,124711432,124713645,2213
granulosa_20220,chr4,124930519,124931763,1244
granulosa_20221,chr4,125104115,125105820,1705
granulosa_20222,chr4,125305579,125306844,1265
granulosa_20223,chr4,125313377,125313749,372
granulosa_20224,chr4,125314148,125317848,3700
granulosa_20225,chr4,125734456,125735491,1035
granulosa_20226,chr4,127622551,127624323,1772
granulosa_20227,chr4,127632114,127633772,1658
granulosa_20228,chr4,127781417,127783610,2193
granulosa_20229,chr4,127880195,127881981,1786
granulosa_20230,chr4,127963517,127966315,2798
granulosa_20231,chr4,128060311,128062601,2290
granulosa_20232,chr4,128286325,128286826,501
granulosa_20233,chr4,128287049,128289083,2034
granulosa_20234,chr4,128453528,128455245,1717
granulosa_20235,chr4,128552288,128554277,1989
granulosa_20236,chr4,128652841,128654479,1638
granulosa_20237,chr4,128809322,128812831,3509
granulosa_20238,chr4,128862615,128863804,1189
granulosa_20239,chr4,129092543,129094031,1488
granulosa_20240,chr4,133145900,133147174,1274
granulosa_20241,chr4,133147925,133149420,1495
granulosa_20242,chr4,133150466,133153151,2685
granulosa_20243,chr4,134200778,134202233,1455
granulosa_20244,chr4,135548481,135549653,1172
granulosa_20245,chr4,137474151,137475745,1594
granulosa_20246,chr4,137531157,137533321,2164
granulosa_20247,chr4,138851164,138852375,1211
granulosa_20248,chr4,138864941,138866106,1165
granulosa_20249,chr4,139014295,139016506,2211
granulosa_20250,chr4,139082513,139085059,2546
granulosa_20251,chr4,139175803,139178775,2972
granulosa_20252,chr4,139278488,139280678,2190
granulosa_20253,chr4,139294839,139296160,1321
granulosa_20254,chr4,139300534,139302922,2388
granulosa_20255,chr4,139452713,139454839,2126
granulosa_20256,chr4,139554560,139557521,2961
granulosa_20257,chr4,139592693,139593870,1177
granulosa_20258,chr4,139650956,139651923,967
granulosa_20259,chr4,139656559,139657339,780
granulosa_20260,chr4,139665278,139667339,2061
granulosa_20261,chr4,139733034,139733759,725
granulosa_20262,chr4,139734032,139736060,2028
granulosa_20263,chr4,139808251,139809760,1509
granulosa_20264,chr4,139814026,139815159,1133
granulosa_20265,chr4,139865695,139867343,1648
granulosa_20266,chr4,139900876,139903108,2232
granulosa_20267,chr4,139912402,139914462,2060
granulosa_20268,chr4,140003783,140006190,2407
granulosa_20269,chr4,140037321,140038656,1335
granulosa_20270,chr4,140048562,140050556,1994
granulosa_20271,chr4,140092142,140093072,930
granulosa_20272,chr4,140134840,140136407,1567
granulosa_20273,chr4,140149992,140153368,3376
granulosa_20274,chr4,140153696,140154582,886
granulosa_20275,chr4,140185394,140187559,2165
granulosa_20276,chr4,140237265,140238896,1631
granulosa_20277,chr4,140251973,140253775,1802
granulosa_20278,chr4,140372469,140374437,1968
granulosa_20279,chr4,140426464,140427973,1509
granulosa_20280,chr4,140522926,140524890,1964
granulosa_20281,chr4,140566879,140569484,2605
granulosa_20282,chr4,140755191,140757517,2326
granulosa_20283,chr4,141131688,141134329,2641
granulosa_20284,chr4,141153671,141155014,1343
granulosa_20285,chr4,141220133,141221707,1574
granulosa_20286,chr4,141635848,141637481,1633
granulosa_20287,chr4,141651791,141652993,1202
granulosa_20288,chr4,142404931,142406734,1803
granulosa_20289,chr4,142845060,142847611,2551
granulosa_20290,chr4,143183750,143186033,2283
granulosa_20291,chr4,143335562,143338097,2535
granulosa_20292,chr4,143512645,143515029,2384
granulosa_20293,chr4,143558544,143560055,1511
granulosa_20294,chr4,143699617,143701609,1992
granulosa_20295,chr4,144355659,144357897,2238
granulosa_20296,chr4,144381018,144382471,1453
granulosa_20297,chr4,144644919,144647911,2992
granulosa_20298,chr4,145097091,145099235,2144
granulosa_20299,chr4,145178905,145181360,2455
granulosa_20300,chr4,145481112,145483810,2698
granulosa_20301,chr4,145618268,145620139,1871
granulosa_20302,chr4,145732496,145733903,1407
granulosa_20303,chr4,145935648,145939126,3478
granulosa_20304,chr4,146175307,146176511,1204
granulosa_20305,chr4,146520653,146523041,2388
granulosa_20306,chr4,146636685,146639400,2715
granulosa_20307,chr4,146945110,146946362,1252
granulosa_20308,chr4,147157703,147158714,1011
granulosa_20309,chr4,147480467,147482116,1649
granulosa_20310,chr4,147616851,147618358,1507
granulosa_20311,chr4,147682649,147684720,2071
granulosa_20312,chr4,147730966,147733459,2493
granulosa_20313,chr4,147821520,147822998,1478
granulosa_20314,chr4,147968808,147970589,1781
granulosa_20315,chr4,148441576,148443117,1541
granulosa_20316,chr4,148444045,148445994,1949
granulosa_20317,chr4,148565589,148566646,1057
granulosa_20318,chr4,150077696,150079608,1912
granulosa_20319,chr4,150337296,150338289,993
granulosa_20320,chr4,150402766,150403405,639
granulosa_20321,chr4,150578995,150580246,1251
granulosa_20322,chr4,150581613,150584100,2487
granulosa_20323,chr4,150817561,150818659,1098
granulosa_20324,chr4,151014106,151016656,2550
granulosa_20325,chr4,151098619,151100332,1713
granulosa_20326,chr4,151324226,151326050,1824
granulosa_20327,chr4,151407740,151410484,2744
granulosa_20328,chr4,151540657,151542133,1476
granulosa_20329,chr4,151674009,151675796,1787
granulosa_20330,chr4,151759959,151761560,1601
granulosa_20331,chr4,152008970,152011185,2215
granulosa_20332,chr4,152045464,152046841,1377
granulosa_20333,chr4,152072004,152074208,2204
granulosa_20334,chr4,152351848,152353315,1467
granulosa_20335,chr4,152534350,152537057,2707
granulosa_20336,chr4,152778587,152780794,2207
granulosa_20337,chr4,152935267,152938468,3201
granulosa_20338,chr4,152942607,152944165,1558
granulosa_20339,chr4,152956275,152958199,1924
granulosa_20340,chr4,152972849,152974193,1344
granulosa_20341,chr4,153142934,153144304,1370
granulosa_20342,chr4,153151912,153154370,2458
granulosa_20343,chr4,153222021,153224464,2443
granulosa_20344,chr4,153246652,153247433,781
granulosa_20345,chr4,153248407,153250117,1710
granulosa_20346,chr4,153344008,153345998,1990
granulosa_20347,chr4,153465343,153467653,2310
granulosa_20348,chr4,153497136,153499250,2114
granulosa_20349,chr4,153683560,153685309,1749
granulosa_20350,chr4,153741914,153743241,1327
granulosa_20351,chr4,153759123,153760533,1410
granulosa_20352,chr4,153788166,153789442,1276
granulosa_20353,chr4,153791908,153793099,1191
granulosa_20354,chr4,154160310,154161598,1288
granulosa_20355,chr4,154164903,154165868,965
granulosa_20356,chr4,154332466,154333625,1159
granulosa_20357,chr4,154416034,154417564,1530
granulosa_20358,chr4,154489992,154492583,2591
granulosa_20359,chr4,154549443,154550818,1375
granulosa_20360,chr4,154626291,154627646,1355
granulosa_20361,chr4,154727181,154728376,1195
granulosa_20362,chr4,154743367,154744656,1289
granulosa_20363,chr4,155207383,155209216,1833
granulosa_20364,chr4,155376192,155377278,1086
granulosa_20365,chr4,155666389,155668306,1917
granulosa_20366,chr4,155675475,155677041,1566
granulosa_20367,chr4,155758510,155760314,1804
granulosa_20368,chr4,155889070,155890238,1168
granulosa_20369,chr4,155952204,155954291,2087
granulosa_20370,chr4,156062651,156064510,1859
granulosa_20371,chr4,156941673,156942544,871
granulosa_20372,chr4,156970374,156972412,2038
granulosa_20373,chr4,157075501,157076982,1481
granulosa_20374,chr4,157219960,157220949,989
granulosa_20375,chr4,157221523,157222975,1452
granulosa_20376,chr4,158093785,158095397,1612
granulosa_20377,chr4,158172062,158173234,1172
granulosa_20378,chr4,158209765,158210727,962
granulosa_20379,chr4,158670656,158672855,2199
granulosa_20380,chr4,158722183,158723994,1811
granulosa_20381,chr4,158768126,158769769,1643
granulosa_20382,chr4,158870140,158871713,1573
granulosa_20383,chr4,159047486,159048631,1145
granulosa_20384,chr4,159102239,159105041,2802
granulosa_20385,chr4,159227455,159228557,1102
granulosa_20386,chr4,161185783,161187111,1328
granulosa_20387,chr4,162163614,162164719,1105
granulosa_20388,chr4,163165054,163167414,2360
granulosa_20389,chr4,163194645,163196219,1574
granulosa_20390,chr4,163330696,163333409,2713
granulosa_20391,chr4,163343211,163344999,1788
granulosa_20392,chr4,163494084,163495373,1289
granulosa_20393,chr4,164382946,164384418,1472
granulosa_20394,chr4,164956550,164957589,1039
granulosa_20395,chr4,164976867,164978076,1209
granulosa_20396,chr4,165072783,165074346,1563
granulosa_20397,chr4,165111963,165113822,1859
granulosa_20398,chr4,165206332,165208492,2160
granulosa_20399,chr4,165326476,165328448,1972
granulosa_20400,chr4,165378375,165380226,1851
granulosa_20401,chr4,165872243,165875211,2968
granulosa_20402,chr4,167232817,167235081,2264
granulosa_20403,chr4,168317530,168319001,1471
granulosa_20404,chr4,168479679,168481525,1846
granulosa_20405,chr4,168630866,168633337,2471
granulosa_20406,chr4,168634199,168634991,792
granulosa_20407,chr4,168651018,168652151,1133
granulosa_20408,chr4,168815343,168817770,2427
granulosa_20409,chr4,168831429,168833667,2238
granulosa_20410,chr4,168877425,168878545,1120
granulosa_20411,chr4,169009183,169010946,1763
granulosa_20412,chr4,169062235,169063961,1726
granulosa_20413,chr4,169251324,169253553,2229
granulosa_20414,chr4,169269894,169271718,1824
granulosa_20415,chr4,169611820,169613652,1832
granulosa_20416,chr4,169619305,169621220,1915
granulosa_20417,chr4,169659442,169660775,1333
granulosa_20418,chr4,169756731,169758743,2012
granulosa_20419,chr4,170013882,170015122,1240
granulosa_20420,chr4,170025600,170027720,2120
granulosa_20421,chr4,170088886,170090447,1561
granulosa_20422,chr4,170496872,170498026,1154
granulosa_20423,chr4,171157201,171158635,1434
granulosa_20424,chr4,171792894,171794294,1400
granulosa_20425,chr4,171812190,171814754,2564
granulosa_20426,chr4,173039076,173040636,1560
granulosa_20427,chr4,173167883,173170346,2463
granulosa_20428,chr4,173333328,173335663,2335
granulosa_20429,chr4,173369226,173372323,3097
granulosa_20430,chr4,173493952,173494748,796
granulosa_20431,chr4,173509008,173509975,967
granulosa_20432,chr4,173521297,173523127,1830
granulosa_20433,chr4,173528448,173531532,3084
granulosa_20434,chr4,173537687,173539416,1729
granulosa_20435,chr4,173934210,173936237,2027
granulosa_20436,chr4,174217003,174218756,1753
granulosa_20437,chr4,174282854,174284813,1959
granulosa_20438,chr4,174521580,174523302,1722
granulosa_20439,chr4,174828596,174829843,1247
granulosa_20440,chr4,176000986,176002612,1626
granulosa_20441,chr4,176065095,176066375,1280
granulosa_20442,chr4,176194831,176195986,1155
granulosa_20443,chr4,176319180,176321360,2180
granulosa_20444,chr4,176791495,176793519,2024
granulosa_20445,chr4,177309253,177310452,1199
granulosa_20446,chr4,177441088,177443117,2029
granulosa_20447,chr4,180057221,180059945,2724
granulosa_20448,chr4,180197208,180198222,1014
granulosa_20449,chr4,180563648,180565167,1519
granulosa_20450,chr4,180596711,180598858,2147
granulosa_20451,chr4,182142225,182145391,3166
granulosa_20452,chr4,182189183,182190617,1434
granulosa_20453,chr4,182447934,182450435,2501
granulosa_20454,chr4,182806147,182807272,1125
granulosa_20455,chr4,182862169,182863814,1645
granulosa_20456,chr4,182916317,182918209,1892
granulosa_20457,chr4,183097460,183100188,2728
granulosa_20458,chr4,183397994,183399108,1114
granulosa_20459,chr4,183406906,183407634,728
granulosa_20460,chr4,183443576,183445635,2059
granulosa_20461,chr4,183503617,183506555,2938
granulosa_20462,chr4,183540424,183542059,1635
granulosa_20463,chr4,183571024,183571987,963
granulosa_20464,chr4,183618367,183619971,1604
granulosa_20465,chr4,183658202,183660232,2030
granulosa_20466,chr4,183721112,183722004,892
granulosa_20467,chr4,183722391,183723579,1188
granulosa_20468,chr4,183796934,183799201,2267
granulosa_20469,chr4,183875709,183876993,1284
granulosa_20470,chr4,183904890,183907606,2716
granulosa_20471,chr4,183987130,183988692,1562
granulosa_20472,chr4,184065959,184067465,1506
granulosa_20473,chr4,184094367,184095301,934
granulosa_20474,chr4,184168259,184169126,867
granulosa_20475,chr4,184343275,184344158,883
granulosa_20476,chr4,184347210,184349239,2029
granulosa_20477,chr4,184472231,184475439,3208
granulosa_20478,chr4,184536504,184538358,1854
granulosa_20479,chr4,184647784,184650446,2662
granulosa_20480,chr4,184732778,184734658,1880
granulosa_20481,chr4,184814637,184815543,906
granulosa_20482,chr4,184825063,184826902,1839
granulosa_20483,chr4,185004423,185005555,1132
granulosa_20484,chr4,185115721,185116462,741
granulosa_20485,chr4,185127139,185129152,2013
granulosa_20486,chr4,185142500,185143914,1414
granulosa_20487,chr4,185202959,185204387,1428
granulosa_20488,chr4,185208934,185211328,2394
granulosa_20489,chr4,185218922,185220199,1277
granulosa_20490,chr4,185332524,185333532,1008
granulosa_20491,chr4,185395646,185397445,1799
granulosa_20492,chr4,185424967,185426558,1591
granulosa_20493,chr4,185470189,185472124,1935
granulosa_20494,chr4,185534504,185536619,2115
granulosa_20495,chr4,185590827,185592167,1340
granulosa_20496,chr4,185810590,185812552,1962
granulosa_20497,chr4,186067854,186069855,2001
granulosa_20498,chr4,186104240,186106335,2095
granulosa_20499,chr4,186143942,186145635,1693
granulosa_20500,chr4,186190440,186192613,2173
granulosa_20501,chr4,186202825,186204747,1922
granulosa_20502,chr4,186260457,186261625,1168
granulosa_20503,chr4,186554262,186555743,1481
granulosa_20504,chr4,186669034,186670264,1230
granulosa_20505,chr4,186700586,186701863,1277
granulosa_20506,chr4,186722856,186724847,1991
granulosa_20507,chr4,186725284,186727446,2162
granulosa_20508,chr4,187183547,187184890,1343
granulosa_20509,chr4,187357345,187358501,1156
granulosa_20510,chr4,189939980,189942022,2042
granulosa_20511,chr5,52813,54200,1387
granulosa_20512,chr5,90534,93336,2802
granulosa_20513,chr5,170330,171960,1630
granulosa_20514,chr5,187994,189049,1055
granulosa_20515,chr5,190551,191969,1418
granulosa_20516,chr5,217531,219855,2324
granulosa_20517,chr5,270333,271990,1657
granulosa_20518,chr5,320362,322673,2311
granulosa_20519,chr5,343445,344433,988
granulosa_20520,chr5,372668,374728,2060
granulosa_20521,chr5,399440,401203,1763
granulosa_20522,chr5,442336,444088,1752
granulosa_20523,chr5,471961,474172,2211
granulosa_20524,chr5,521703,522460,757
granulosa_20525,chr5,522805,524784,1979
granulosa_20526,chr5,529909,531812,1903
granulosa_20527,chr5,539157,541869,2712
granulosa_20528,chr5,611120,612891,1771
granulosa_20529,chr5,670915,674253,3338
granulosa_20530,chr5,692136,694388,2252
granulosa_20531,chr5,783603,785681,2078
granulosa_20532,chr5,891710,893395,1685
granulosa_20533,chr5,902597,903416,819
granulosa_20534,chr5,926259,927517,1258
granulosa_20535,chr5,956600,958033,1433
granulosa_20536,chr5,963253,964795,1542
granulosa_20537,chr5,1003895,1005321,1426
granulosa_20538,chr5,1007451,1009730,2279
granulosa_20539,chr5,1110267,1112243,1976
granulosa_20540,chr5,1117596,1119471,1875
granulosa_20541,chr5,1130183,1131475,1292
granulosa_20542,chr5,1167465,1168530,1065
granulosa_20543,chr5,1182550,1183476,926
granulosa_20544,chr5,1185637,1186274,637
granulosa_20545,chr5,1204412,1205289,877
granulosa_20546,chr5,1245602,1247303,1701
granulosa_20547,chr5,1344037,1345821,1784
granulosa_20548,chr5,1385440,1387142,1702
granulosa_20549,chr5,1444519,1446785,2266
granulosa_20550,chr5,1522797,1524774,1977
granulosa_20551,chr5,1593638,1594965,1327
granulosa_20552,chr5,1633129,1634817,1688
granulosa_20553,chr5,1641004,1641890,886
granulosa_20554,chr5,1644876,1645527,651
granulosa_20555,chr5,1666872,1668766,1894
granulosa_20556,chr5,1724644,1726286,1642
granulosa_20557,chr5,1798960,1802145,3185
granulosa_20558,chr5,1882527,1883977,1450
granulosa_20559,chr5,1930453,1932061,1608
granulosa_20560,chr5,2038032,2039660,1628
granulosa_20561,chr5,2738982,2741162,2180
granulosa_20562,chr5,2750442,2752306,1864
granulosa_20563,chr5,3197224,3198373,1149
granulosa_20564,chr5,3594377,3596731,2354
granulosa_20565,chr5,3601929,3603203,1274
granulosa_20566,chr5,5139262,5140860,1598
granulosa_20567,chr5,5271058,5272360,1302
granulosa_20568,chr5,5421165,5423562,2397
granulosa_20569,chr5,5494436,5495233,797
granulosa_20570,chr5,5572105,5574305,2200
granulosa_20571,chr5,6377533,6379032,1499
granulosa_20572,chr5,6448537,6451137,2600
granulosa_20573,chr5,6463945,6464852,907
granulosa_20574,chr5,6515816,6517919,2103
granulosa_20575,chr5,6527621,6528425,804
granulosa_20576,chr5,6582520,6584388,1868
granulosa_20577,chr5,6632176,6634277,2101
granulosa_20578,chr5,6686533,6687563,1030
granulosa_20579,chr5,6711920,6714862,2942
granulosa_20580,chr5,6732518,6734117,1599
granulosa_20581,chr5,6812612,6813890,1278
granulosa_20582,chr5,7190366,7191646,1280
granulosa_20583,chr5,7376990,7378514,1524
granulosa_20584,chr5,7394741,7397431,2690
granulosa_20585,chr5,7849561,7851503,1942
granulosa_20586,chr5,7868276,7870034,1758
granulosa_20587,chr5,8456845,8458447,1602
granulosa_20588,chr5,9430948,9432389,1441
granulosa_20589,chr5,9544243,9547991,3748
granulosa_20590,chr5,10248979,10251254,2275
granulosa_20591,chr5,10288211,10289270,1059
granulosa_20592,chr5,10306690,10308133,1443
granulosa_20593,chr5,10332952,10334033,1081
granulosa_20594,chr5,10352526,10354574,2048
granulosa_20595,chr5,10366387,10367357,970
granulosa_20596,chr5,10373588,10374866,1278
granulosa_20597,chr5,10440924,10442459,1535
granulosa_20598,chr5,10562787,10565491,2704
granulosa_20599,chr5,10627026,10628200,1174
granulosa_20600,chr5,10760051,10762032,1981
granulosa_20601,chr5,10856632,10857782,1150
granulosa_20602,chr5,11384271,11385473,1202
granulosa_20603,chr5,11902907,11904766,1859
granulosa_20604,chr5,14010836,14012160,1324
granulosa_20605,chr5,14142425,14145732,3307
granulosa_20606,chr5,14249555,14251007,1452
granulosa_20607,chr5,14264494,14265277,783
granulosa_20608,chr5,14440139,14441464,1325
granulosa_20609,chr5,14581160,14583102,1942
granulosa_20610,chr5,14663720,14665565,1845
granulosa_20611,chr5,14752487,14754480,1993
granulosa_20612,chr5,14849706,14851372,1666
granulosa_20613,chr5,14859616,14860659,1043
granulosa_20614,chr5,14870362,14872955,2593
granulosa_20615,chr5,15499394,15502532,3138
granulosa_20616,chr5,15653513,15654731,1218
granulosa_20617,chr5,16178608,16180714,2106
granulosa_20618,chr5,16464765,16466466,1701
granulosa_20619,chr5,16615716,16617956,2240
granulosa_20620,chr5,16665075,16667534,2459
granulosa_20621,chr5,16669169,16670660,1491
granulosa_20622,chr5,16933649,16934502,853
granulosa_20623,chr5,16935141,16937054,1913
granulosa_20624,chr5,17069396,17071034,1638
granulosa_20625,chr5,17202978,17204654,1676
granulosa_20626,chr5,17216121,17219342,3221
granulosa_20627,chr5,17989608,17990709,1101
granulosa_20628,chr5,19987460,19988866,1406
granulosa_20629,chr5,21458981,21459786,805
granulosa_20630,chr5,22852452,22853754,1302
granulosa_20631,chr5,23457100,23458578,1478
granulosa_20632,chr5,24644434,24645471,1037
granulosa_20633,chr5,31193114,31195355,2241
granulosa_20634,chr5,31531355,31533349,1994
granulosa_20635,chr5,31617856,31619069,1213
granulosa_20636,chr5,31638342,31640626,2284
granulosa_20637,chr5,31677899,31678621,722
granulosa_20638,chr5,31680353,31681010,657
granulosa_20639,chr5,31701221,31703140,1919
granulosa_20640,chr5,31721695,31722819,1124
granulosa_20641,chr5,31823343,31826090,2747
granulosa_20642,chr5,31853325,31855948,2623
granulosa_20643,chr5,31863424,31864473,1049
granulosa_20644,chr5,32172472,32175234,2762
granulosa_20645,chr5,32311481,32313743,2262
granulosa_20646,chr5,32443119,32445431,2312
granulosa_20647,chr5,32504296,32506795,2499
granulosa_20648,chr5,32585082,32586563,1481
granulosa_20649,chr5,32709674,32711338,1664
granulosa_20650,chr5,32711685,32713079,1394
granulosa_20651,chr5,33275855,33277807,1952
granulosa_20652,chr5,33439300,33442165,2865
granulosa_20653,chr5,33890157,33893170,3013
granulosa_20654,chr5,33935713,33937076,1363
granulosa_20655,chr5,34006881,34008922,2041
granulosa_20656,chr5,34191105,34193110,2005
granulosa_20657,chr5,34587270,34588494,1224
granulosa_20658,chr5,34655150,34657841,2691
granulosa_20659,chr5,34838457,34839764,1307
granulosa_20660,chr5,34914638,34916391,1753
granulosa_20661,chr5,34928906,34931024,2118
granulosa_20662,chr5,35229234,35230994,1760
granulosa_20663,chr5,35617329,35618619,1290
granulosa_20664,chr5,35990539,35991768,1229
granulosa_20665,chr5,36066035,36067209,1174
granulosa_20666,chr5,36150603,36153341,2738
granulosa_20667,chr5,36240592,36242598,2006
granulosa_20668,chr5,36301722,36302702,980
granulosa_20669,chr5,36605795,36607587,1792
granulosa_20670,chr5,36689848,36690897,1049
granulosa_20671,chr5,36692763,36693471,708
granulosa_20672,chr5,36744001,36745962,1961
granulosa_20673,chr5,36875049,36877734,2685
granulosa_20674,chr5,36878714,36879067,353
granulosa_20675,chr5,37248488,37250140,1652
granulosa_20676,chr5,37370210,37371970,1760
granulosa_20677,chr5,37378750,37379743,993
granulosa_20678,chr5,37665243,37666318,1075
granulosa_20679,chr5,37717102,37718616,1514
granulosa_20680,chr5,37836389,37837895,1506
granulosa_20681,chr5,37839386,37840704,1318
granulosa_20682,chr5,37885638,37887188,1550
granulosa_20683,chr5,38257169,38259394,2225
granulosa_20684,chr5,38441476,38442116,640
granulosa_20685,chr5,38555797,38557646,1849
granulosa_20686,chr5,38808833,38810288,1455
granulosa_20687,chr5,38845145,38847071,1926
granulosa_20688,chr5,39072933,39075474,2541
granulosa_20689,chr5,39423428,39425451,2023
granulosa_20690,chr5,40678545,40680493,1948
granulosa_20691,chr5,40680568,40682030,1462
granulosa_20692,chr5,40754024,40756372,2348
granulosa_20693,chr5,40797089,40799014,1925
granulosa_20694,chr5,40834149,40836209,2060
granulosa_20695,chr5,41509449,41510905,1456
granulosa_20696,chr5,41868751,41870925,2174
granulosa_20697,chr5,41903471,41905050,1579
granulosa_20698,chr5,41924635,41926007,1372
granulosa_20699,chr5,42119225,42120307,1082
granulosa_20700,chr5,42422914,42425391,2477
granulosa_20701,chr5,42811100,42812440,1340
granulosa_20702,chr5,42908354,42909375,1021
granulosa_20703,chr5,42950406,42952584,2178
granulosa_20704,chr5,42991446,42994071,2625
granulosa_20705,chr5,42994458,42995250,792
granulosa_20706,chr5,43007204,43008887,1683
granulosa_20707,chr5,43017342,43018914,1572
granulosa_20708,chr5,43039457,43040623,1166
granulosa_20709,chr5,43041591,43043410,1819
granulosa_20710,chr5,43064462,43067724,3262
granulosa_20711,chr5,43105148,43106125,977
granulosa_20712,chr5,43120386,43122462,2076
granulosa_20713,chr5,43191632,43194183,2551
granulosa_20714,chr5,43312255,43314388,2133
granulosa_20715,chr5,43482643,43484744,2101
granulosa_20716,chr5,43514068,43515819,1751
granulosa_20717,chr5,43555778,43557721,1943
granulosa_20718,chr5,43602305,43604262,1957
granulosa_20719,chr5,44387972,44390294,2322
granulosa_20720,chr5,44808390,44810011,1621
granulosa_20721,chr5,45694878,45696576,1698
granulosa_20722,chr5,50440319,50441884,1565
granulosa_20723,chr5,50665908,50668479,2571
granulosa_20724,chr5,50962822,50964551,1729
granulosa_20725,chr5,51279894,51281172,1278
granulosa_20726,chr5,51378352,51379379,1027
granulosa_20727,chr5,51382541,51383720,1179
granulosa_20728,chr5,51388721,51390237,1516
granulosa_20729,chr5,52786913,52788901,1988
granulosa_20730,chr5,52798825,52801099,2274
granulosa_20731,chr5,52863610,52865303,1693
granulosa_20732,chr5,52988486,52990430,1944
granulosa_20733,chr5,53108903,53110338,1435
granulosa_20734,chr5,53478300,53481011,2711
granulosa_20735,chr5,53482485,53483239,754
granulosa_20736,chr5,53560097,53561381,1284
granulosa_20737,chr5,54309166,54312218,3052
granulosa_20738,chr5,54455240,54456605,1365
granulosa_20739,chr5,54456820,54457926,1106
granulosa_20740,chr5,54517013,54518766,1753
granulosa_20741,chr5,54745167,54746203,1036
granulosa_20742,chr5,54882913,54884617,1704
granulosa_20743,chr5,55159545,55160364,819
granulosa_20744,chr5,55172797,55173893,1096
granulosa_20745,chr5,55176110,55176877,767
granulosa_20746,chr5,55226293,55227828,1535
granulosa_20747,chr5,55231308,55231974,666
granulosa_20748,chr5,55232220,55234662,2442
granulosa_20749,chr5,55306201,55308496,2295
granulosa_20750,chr5,55533273,55535537,2264
granulosa_20751,chr5,55554345,55555652,1307
granulosa_20752,chr5,55711436,55713100,1664
granulosa_20753,chr5,55993871,55995741,1870
granulosa_20754,chr5,56123118,56124328,1210
granulosa_20755,chr5,56270071,56271122,1051
granulosa_20756,chr5,56358508,56360110,1602
granulosa_20757,chr5,56475664,56476969,1305
granulosa_20758,chr5,56479286,56482213,2927
granulosa_20759,chr5,56614778,56617133,2355
granulosa_20760,chr5,56733510,56735005,1495
granulosa_20761,chr5,56759327,56760433,1106
granulosa_20762,chr5,56814239,56817107,2868
granulosa_20763,chr5,56908886,56910922,2036
granulosa_20764,chr5,56950306,56952755,2449
granulosa_20765,chr5,57172371,57175026,2655
granulosa_20766,chr5,57298001,57299476,1475
granulosa_20767,chr5,57709685,57710721,1036
granulosa_20768,chr5,58076155,58078606,2451
granulosa_20769,chr5,58126848,58128255,1407
granulosa_20770,chr5,58369330,58370200,870
granulosa_20771,chr5,58458602,58461093,2491
granulosa_20772,chr5,58581647,58583646,1999
granulosa_20773,chr5,58849232,58850629,1397
granulosa_20774,chr5,58890495,58892041,1546
granulosa_20775,chr5,59038609,59040108,1499
granulosa_20776,chr5,59126224,59128190,1966
granulosa_20777,chr5,59274987,59276436,1449
granulosa_20778,chr5,59356580,59358912,2332
granulosa_20779,chr5,59542732,59544275,1543
granulosa_20780,chr5,59587116,59588310,1194
granulosa_20781,chr5,59767699,59769234,1535
granulosa_20782,chr5,59892025,59894344,2319
granulosa_20783,chr5,60699060,60700881,1821
granulosa_20784,chr5,60842912,60844833,1921
granulosa_20785,chr5,60944158,60946273,2115
granulosa_20786,chr5,61161563,61163213,1650
granulosa_20787,chr5,61330379,61333941,3562
granulosa_20788,chr5,61408261,61409328,1067
granulosa_20789,chr5,61585849,61587368,1519
granulosa_20790,chr5,61624971,61627016,2045
granulosa_20791,chr5,61658290,61659810,1520
granulosa_20792,chr5,62305401,62307753,2352
granulosa_20793,chr5,62403102,62404596,1494
granulosa_20794,chr5,62411830,62413519,1689
granulosa_20795,chr5,63553708,63555129,1421
granulosa_20796,chr5,63820072,63821506,1434
granulosa_20797,chr5,63958684,63960416,1732
granulosa_20798,chr5,64165103,64166730,1627
granulosa_20799,chr5,64505708,64507399,1691
granulosa_20800,chr5,64690068,64691634,1566
granulosa_20801,chr5,64759603,64761310,1707
granulosa_20802,chr5,64767690,64769504,1814
granulosa_20803,chr5,65034807,65036219,1412
granulosa_20804,chr5,65102220,65104543,2323
granulosa_20805,chr5,65119542,65121254,1712
granulosa_20806,chr5,65480166,65480949,783
granulosa_20807,chr5,65481222,65484034,2812
granulosa_20808,chr5,65562601,65564111,1510
granulosa_20809,chr5,65623368,65625483,2115
granulosa_20810,chr5,65721053,65723411,2358
granulosa_20811,chr5,65827916,65829447,1531
granulosa_20812,chr5,65924627,65927260,2633
granulosa_20813,chr5,66143515,66145333,1818
granulosa_20814,chr5,66595750,66597893,2143
granulosa_20815,chr5,66828041,66829580,1539
granulosa_20816,chr5,67003576,67005330,1754
granulosa_20817,chr5,67165574,67166982,1408
granulosa_20818,chr5,68214594,68217228,2634
granulosa_20819,chr5,68287774,68289155,1381
granulosa_20820,chr5,69042520,69044044,1524
granulosa_20821,chr5,69093451,69095046,1595
granulosa_20822,chr5,69166501,69168152,1651
granulosa_20823,chr5,69188512,69190543,2031
granulosa_20824,chr5,69217221,69218558,1337
granulosa_20825,chr5,69234250,69235804,1554
granulosa_20826,chr5,69331593,69332990,1397
granulosa_20827,chr5,69368437,69370228,1791
granulosa_20828,chr5,69414735,69416526,1791
granulosa_20829,chr5,69491882,69494051,2169
granulosa_20830,chr5,69530353,69531908,1555
granulosa_20831,chr5,71454977,71456675,1698
granulosa_20832,chr5,71586412,71588021,1609
granulosa_20833,chr5,72106797,72109141,2344
granulosa_20834,chr5,72165879,72167224,1345
granulosa_20835,chr5,72307455,72308909,1454
granulosa_20836,chr5,72319410,72320870,1460
granulosa_20837,chr5,72555906,72558183,2277
granulosa_20838,chr5,72720120,72722028,1908
granulosa_20839,chr5,72815610,72817487,1877
granulosa_20840,chr5,72847469,72849334,1865
granulosa_20841,chr5,72955186,72957094,1908
granulosa_20842,chr5,73119377,73121228,1851
granulosa_20843,chr5,73215471,73216667,1196
granulosa_20844,chr5,73232218,73234158,1940
granulosa_20845,chr5,73381121,73382680,1559
granulosa_20846,chr5,73418950,73420356,1406
granulosa_20847,chr5,73435794,73438165,2371
granulosa_20848,chr5,73446759,73448983,2224
granulosa_20849,chr5,73450956,73451840,884
granulosa_20850,chr5,73497617,73499456,1839
granulosa_20851,chr5,73563977,73566290,2313
granulosa_20852,chr5,73625340,73627111,1771
granulosa_20853,chr5,73693265,73694474,1209
granulosa_20854,chr5,73747718,73750552,2834
granulosa_20855,chr5,73791135,73793084,1949
granulosa_20856,chr5,74250319,74251889,1570
granulosa_20857,chr5,74272596,74273619,1023
granulosa_20858,chr5,74296332,74297960,1628
granulosa_20859,chr5,74326423,74327435,1012
granulosa_20860,chr5,74441681,74442908,1227
granulosa_20861,chr5,74498929,74500603,1674
granulosa_20862,chr5,74540298,74541886,1588
granulosa_20863,chr5,74615776,74617623,1847
granulosa_20864,chr5,74638523,74639535,1012
granulosa_20865,chr5,74639771,74642315,2544
granulosa_20866,chr5,74684497,74686337,1840
granulosa_20867,chr5,74766136,74767884,1748
granulosa_20868,chr5,74865024,74867184,2160
granulosa_20869,chr5,75052343,75054475,2132
granulosa_20870,chr5,75236084,75237400,1316
granulosa_20871,chr5,75336115,75338201,2086
granulosa_20872,chr5,75509875,75512279,2404
granulosa_20873,chr5,75716259,75717967,1708
granulosa_20874,chr5,76082702,76085317,2615
granulosa_20875,chr5,76386021,76386770,749
granulosa_20876,chr5,76402047,76404434,2387
granulosa_20877,chr5,76714725,76717050,2325
granulosa_20878,chr5,76818203,76820184,1981
granulosa_20879,chr5,77029889,77031306,1417
granulosa_20880,chr5,77076665,77078009,1344
granulosa_20881,chr5,77085991,77088255,2264
granulosa_20882,chr5,77179973,77182140,2167
granulosa_20883,chr5,77209498,77211755,2257
granulosa_20884,chr5,77390893,77391937,1044
granulosa_20885,chr5,77490950,77492811,1861
granulosa_20886,chr5,77629445,77631101,1656
granulosa_20887,chr5,77775093,77776712,1619
granulosa_20888,chr5,77843715,77845287,1572
granulosa_20889,chr5,77850545,77853220,2675
granulosa_20890,chr5,77971312,77973565,2253
granulosa_20891,chr5,77983598,77985464,1866
granulosa_20892,chr5,78293822,78295955,2133
granulosa_20893,chr5,78359422,78361793,2371
granulosa_20894,chr5,78508985,78510870,1885
granulosa_20895,chr5,78647214,78649655,2441
granulosa_20896,chr5,78983434,78986120,2686
granulosa_20897,chr5,79132752,79134402,1650
granulosa_20898,chr5,79235319,79237985,2666
granulosa_20899,chr5,79512738,79515006,2268
granulosa_20900,chr5,79611639,79613129,1490
granulosa_20901,chr5,79688908,79690534,1626
granulosa_20902,chr5,79694317,79695057,740
granulosa_20903,chr5,79697118,79698099,981
granulosa_20904,chr5,79834120,79835500,1380
granulosa_20905,chr5,79837680,79838582,902
granulosa_20906,chr5,79839899,79840949,1050
granulosa_20907,chr5,79935535,79936898,1363
granulosa_20908,chr5,79990136,79991750,1614
granulosa_20909,chr5,80082285,80083868,1583
granulosa_20910,chr5,80109553,80112515,2962
granulosa_20911,chr5,80141005,80142153,1148
granulosa_20912,chr5,80164717,80167273,2556
granulosa_20913,chr5,80179795,80181424,1629
granulosa_20914,chr5,80191463,80193878,2415
granulosa_20915,chr5,80204239,80205481,1242
granulosa_20916,chr5,80209937,80211104,1167
granulosa_20917,chr5,80238576,80240230,1654
granulosa_20918,chr5,80245591,80247804,2213
granulosa_20919,chr5,80254799,80256840,2041
granulosa_20920,chr5,80406839,80408760,1921
granulosa_20921,chr5,80487345,80488814,1469
granulosa_20922,chr5,80568909,80570697,1788
granulosa_20923,chr5,80654010,80655461,1451
granulosa_20924,chr5,80959996,80961426,1430
granulosa_20925,chr5,81232098,81233914,1816
granulosa_20926,chr5,81300546,81302530,1984
granulosa_20927,chr5,81393418,81394799,1381
granulosa_20928,chr5,81749169,81752041,2872
granulosa_20929,chr5,81850851,81853403,2552
granulosa_20930,chr5,81856943,81857972,1029
granulosa_20931,chr5,81971040,81972716,1676
granulosa_20932,chr5,82163905,82166279,2374
granulosa_20933,chr5,82277646,82279174,1528
granulosa_20934,chr5,82386542,82388676,2134
granulosa_20935,chr5,82706566,82708043,1477
granulosa_20936,chr5,82855133,82856728,1595
granulosa_20937,chr5,83036661,83037999,1338
granulosa_20938,chr5,83076415,83078181,1766
granulosa_20939,chr5,83098776,83100068,1292
granulosa_20940,chr5,83470916,83471938,1022
granulosa_20941,chr5,83472396,83474854,2458
granulosa_20942,chr5,83720807,83722754,1947
granulosa_20943,chr5,84381949,84383352,1403
granulosa_20944,chr5,84383531,84385437,1906
granulosa_20945,chr5,86617324,86618815,1491
granulosa_20946,chr5,87267032,87269324,2292
granulosa_20947,chr5,87411627,87413475,1848
granulosa_20948,chr5,88140364,88142726,2362
granulosa_20949,chr5,88268025,88269719,1694
granulosa_20950,chr5,88659596,88661496,1900
granulosa_20951,chr5,88674072,88676284,2212
granulosa_20952,chr5,88680108,88680754,646
granulosa_20953,chr5,88690455,88691342,887
granulosa_20954,chr5,88784614,88786720,2106
granulosa_20955,chr5,88882243,88884719,2476
granulosa_20956,chr5,88888912,88890250,1338
granulosa_20957,chr5,90408729,90410737,2008
granulosa_20958,chr5,90473015,90475271,2256
granulosa_20959,chr5,90528410,90530644,2234
granulosa_20960,chr5,90557417,90559298,1881
granulosa_20961,chr5,91279320,91281774,2454
granulosa_20962,chr5,91379815,91381244,1429
granulosa_20963,chr5,91383123,91384042,919
granulosa_20964,chr5,92640621,92641941,1320
granulosa_20965,chr5,93571934,93573437,1503
granulosa_20966,chr5,93578898,93582134,3236
granulosa_20967,chr5,93583900,93586245,2345
granulosa_20968,chr5,93611701,93612833,1132
granulosa_20969,chr5,93620397,93621866,1469
granulosa_20970,chr5,94110529,94112023,1494
granulosa_20971,chr5,94209586,94211010,1424
granulosa_20972,chr5,94617432,94619483,2051
granulosa_20973,chr5,95283208,95285693,2485
granulosa_20974,chr5,95554061,95556070,2009
granulosa_20975,chr5,95619599,95621730,2131
granulosa_20976,chr5,95646080,95647445,1365
granulosa_20977,chr5,95730341,95732457,2116
granulosa_20978,chr5,95770609,95771813,1204
granulosa_20979,chr5,95821694,95823175,1481
granulosa_20980,chr5,95857885,95859277,1392
granulosa_20981,chr5,95960054,95962450,2396
granulosa_20982,chr5,96661092,96663662,2570
granulosa_20983,chr5,96702315,96704352,2037
granulosa_20984,chr5,96806946,96808597,1651
granulosa_20985,chr5,96934204,96937030,2826
granulosa_20986,chr5,97142192,97142988,796
granulosa_20987,chr5,97182262,97184018,1756
granulosa_20988,chr5,97420327,97421712,1385
granulosa_20989,chr5,98768802,98770724,1922
granulosa_20990,chr5,98771382,98771772,390
granulosa_20991,chr5,98772925,98774935,2010
granulosa_20992,chr5,98926935,98930220,3285
granulosa_20993,chr5,99369474,99371002,1528
granulosa_20994,chr5,100534672,100536094,1422
granulosa_20995,chr5,100900231,100902327,2096
granulosa_20996,chr5,100902542,100904038,1496
granulosa_20997,chr5,102294950,102296943,1993
granulosa_20998,chr5,102754023,102756308,2285
granulosa_20999,chr5,102865142,102866745,1603
granulosa_21000,chr5,103118942,103121142,2200
granulosa_21001,chr5,103258170,103260205,2035
granulosa_21002,chr5,103561624,103563207,1583
granulosa_21003,chr5,104052500,104053635,1135
granulosa_21004,chr5,104539408,104541067,1659
granulosa_21005,chr5,104793069,104794155,1086
granulosa_21006,chr5,107387678,107390046,2368
granulosa_21007,chr5,107571203,107572574,1371
granulosa_21008,chr5,107668932,107670645,1713
granulosa_21009,chr5,107670829,107673935,3106
granulosa_21010,chr5,108380326,108383095,2769
granulosa_21011,chr5,108727193,108728793,1600
granulosa_21012,chr5,108747190,108749741,2551
granulosa_21013,chr5,109301676,109302818,1142
granulosa_21014,chr5,109408861,109411095,2234
granulosa_21015,chr5,109688704,109691419,2715
granulosa_21016,chr5,110033925,110034930,1005
granulosa_21017,chr5,110726153,110727231,1078
granulosa_21018,chr5,110738100,110739728,1628
granulosa_21019,chr5,111072789,111073678,889
granulosa_21020,chr5,111091941,111093608,1667
granulosa_21021,chr5,111223454,111225274,1820
granulosa_21022,chr5,111453319,111455201,1882
granulosa_21023,chr5,111511569,111513409,1840
granulosa_21024,chr5,111561672,111563855,2183
granulosa_21025,chr5,111741041,111743431,2390
granulosa_21026,chr5,111755699,111756380,681
granulosa_21027,chr5,111756613,111758357,1744
granulosa_21028,chr5,112014124,112015455,1331
granulosa_21029,chr5,112160203,112161823,1620
granulosa_21030,chr5,112228014,112229084,1070
granulosa_21031,chr5,112417854,112420654,2800
granulosa_21032,chr5,112706999,112708964,1965
granulosa_21033,chr5,112737099,112738586,1487
granulosa_21034,chr5,112860640,112862439,1799
granulosa_21035,chr5,112920805,112922692,1887
granulosa_21036,chr5,112976031,112978120,2089
granulosa_21037,chr5,113089733,113091156,1423
granulosa_21038,chr5,113109528,113111067,1539
granulosa_21039,chr5,113292960,113295516,2556
granulosa_21040,chr5,113487196,113489100,1904
granulosa_21041,chr5,113513309,113514692,1383
granulosa_21042,chr5,113892226,113893525,1299
granulosa_21043,chr5,114053955,114056715,2760
granulosa_21044,chr5,114360662,114363600,2938
granulosa_21045,chr5,115168942,115171270,2328
granulosa_21046,chr5,115178246,115181035,2789
granulosa_21047,chr5,115261635,115263208,1573
granulosa_21048,chr5,115295766,115297373,1607
granulosa_21049,chr5,115543204,115545217,2013
granulosa_21050,chr5,115601562,115603153,1591
granulosa_21051,chr5,115624637,115626657,2020
granulosa_21052,chr5,115634161,115635005,844
granulosa_21053,chr5,115815439,115817095,1656
granulosa_21054,chr5,115840998,115842876,1878
granulosa_21055,chr5,115961334,115963855,2521
granulosa_21056,chr5,116083920,116085931,2011
granulosa_21057,chr5,116361066,116362051,985
granulosa_21058,chr5,116377764,116379068,1304
granulosa_21059,chr5,116563349,116564625,1276
granulosa_21060,chr5,116571943,116574340,2397
granulosa_21061,chr5,116574446,116576629,2183
granulosa_21062,chr5,116625749,116627185,1436
granulosa_21063,chr5,116734133,116735533,1400
granulosa_21064,chr5,118371504,118372915,1411
granulosa_21065,chr5,118904721,118906148,1427
granulosa_21066,chr5,118987666,118989062,1396
granulosa_21067,chr5,119070150,119071886,1736
granulosa_21068,chr5,119267826,119269661,1835
granulosa_21069,chr5,119315171,119315964,793
granulosa_21070,chr5,119354925,119357498,2573
granulosa_21071,chr5,119411325,119412398,1073
granulosa_21072,chr5,119452077,119453398,1321
granulosa_21073,chr5,119708426,119710280,1854
granulosa_21074,chr5,120463821,120465943,2122
granulosa_21075,chr5,121960996,121963275,2279
granulosa_21076,chr5,122076652,122078751,2099
granulosa_21077,chr5,122125983,122127358,1375
granulosa_21078,chr5,122310806,122313434,2628
granulosa_21079,chr5,122774476,122776743,2267
granulosa_21080,chr5,122844113,122846550,2437
granulosa_21081,chr5,123035028,123037211,2183
granulosa_21082,chr5,123088274,123090677,2403
granulosa_21083,chr5,123098120,123100175,2055
granulosa_21084,chr5,123284760,123286129,1369
granulosa_21085,chr5,123421988,123424089,2101
granulosa_21086,chr5,123511357,123513485,2128
granulosa_21087,chr5,123813815,123815310,1495
granulosa_21088,chr5,124056439,124058317,1878
granulosa_21089,chr5,124598929,124600409,1480
granulosa_21090,chr5,124650789,124652593,1804
granulosa_21091,chr5,124660649,124661981,1332
granulosa_21092,chr5,124706365,124707633,1268
granulosa_21093,chr5,124741654,124742515,861
granulosa_21094,chr5,124746249,124749502,3253
granulosa_21095,chr5,125004465,125006471,2006
granulosa_21096,chr5,125043504,125044820,1316
granulosa_21097,chr5,125408545,125413426,4881
granulosa_21098,chr5,125699927,125701253,1326
granulosa_21099,chr5,126422756,126423922,1166
granulosa_21100,chr5,126461764,126463249,1485
granulosa_21101,chr5,126519024,126520748,1724
granulosa_21102,chr5,126593522,126595704,2182
granulosa_21103,chr5,126600350,126601691,1341
granulosa_21104,chr5,126775935,126778890,2955
granulosa_21105,chr5,126952869,126954500,1631
granulosa_21106,chr5,127029423,127031605,2182
granulosa_21107,chr5,127040314,127041860,1546
granulosa_21108,chr5,127072755,127074221,1466
granulosa_21109,chr5,127228714,127229932,1218
granulosa_21110,chr5,127289781,127291688,1907
granulosa_21111,chr5,127517042,127518607,1565
granulosa_21112,chr5,127659770,127660787,1017
granulosa_21113,chr5,127665495,127666744,1249
granulosa_21114,chr5,128082514,128085144,2630
granulosa_21115,chr5,128200622,128201931,1309
granulosa_21116,chr5,128536279,128539407,3128
granulosa_21117,chr5,128964786,128966330,1544
granulosa_21118,chr5,129093916,129095778,1862
granulosa_21119,chr5,129459246,129461914,2668
granulosa_21120,chr5,129903653,129906827,3174
granulosa_21121,chr5,131164230,131165763,1533
granulosa_21122,chr5,131170181,131171731,1550
granulosa_21123,chr5,131262937,131264935,1998
granulosa_21124,chr5,131634119,131636404,2285
granulosa_21125,chr5,131795907,131797800,1893
granulosa_21126,chr5,131999304,132000453,1149
granulosa_21127,chr5,132011011,132012896,1885
granulosa_21128,chr5,132224868,132225906,1038
granulosa_21129,chr5,132226932,132228869,1937
granulosa_21130,chr5,132257102,132259821,2719
granulosa_21131,chr5,132293059,132295490,2431
granulosa_21132,chr5,132369084,132370740,1656
granulosa_21133,chr5,132410115,132411892,1777
granulosa_21134,chr5,132418936,132420307,1371
granulosa_21135,chr5,132426484,132428089,1605
granulosa_21136,chr5,132489780,132491479,1699
granulosa_21137,chr5,132495396,132497390,1994
granulosa_21138,chr5,132556268,132558067,1799
granulosa_21139,chr5,132655681,132656974,1293
granulosa_21140,chr5,132736597,132737899,1302
granulosa_21141,chr5,132746876,132748423,1547
granulosa_21142,chr5,132775469,132777962,2493
granulosa_21143,chr5,132812474,132814975,2501
granulosa_21144,chr5,132819271,132820431,1160
granulosa_21145,chr5,132822722,132823644,922
granulosa_21146,chr5,132829449,132831252,1803
granulosa_21147,chr5,132865744,132867310,1566
granulosa_21148,chr5,132962276,132964399,2123
granulosa_21149,chr5,133025444,133027052,1608
granulosa_21150,chr5,133051096,133052993,1897
granulosa_21151,chr5,133610740,133612933,2193
granulosa_21152,chr5,133938055,133939574,1519
granulosa_21153,chr5,133967652,133969010,1358
granulosa_21154,chr5,133994686,133996498,1812
granulosa_21155,chr5,134003597,134006041,2444
granulosa_21156,chr5,134039197,134039966,769
granulosa_21157,chr5,134070474,134071807,1333
granulosa_21158,chr5,134113970,134116081,2111
granulosa_21159,chr5,134140323,134141586,1263
granulosa_21160,chr5,134174976,134178131,3155
granulosa_21161,chr5,134224927,134227525,2598
granulosa_21162,chr5,134244927,134245638,711
granulosa_21163,chr5,134366644,134367373,729
granulosa_21164,chr5,134370516,134372420,1904
granulosa_21165,chr5,134411261,134412472,1211
granulosa_21166,chr5,134465374,134467120,1746
granulosa_21167,chr5,134510950,134512911,1961
granulosa_21168,chr5,134524112,134527852,3740
granulosa_21169,chr5,134553932,134556390,2458
granulosa_21170,chr5,134632082,134633321,1239
granulosa_21171,chr5,134647642,134649828,2186
granulosa_21172,chr5,134737411,134739683,2272
granulosa_21173,chr5,134758163,134759478,1315
granulosa_21174,chr5,134845238,134847283,2045
granulosa_21175,chr5,134873441,134875535,2094
granulosa_21176,chr5,134904305,134906006,1701
granulosa_21177,chr5,135032817,135034924,2107
granulosa_21178,chr5,135038742,135041114,2372
granulosa_21179,chr5,135126373,135127530,1157
granulosa_21180,chr5,135190548,135191894,1346
granulosa_21181,chr5,135246694,135247578,884
granulosa_21182,chr5,135271629,135272610,981
granulosa_21183,chr5,135397853,135400217,2364
granulosa_21184,chr5,135465723,135467291,1568
granulosa_21185,chr5,135488534,135490783,2249
granulosa_21186,chr5,135534265,135536435,2170
granulosa_21187,chr5,135543081,135545536,2455
granulosa_21188,chr5,135743055,135744363,1308
granulosa_21189,chr5,135834234,135835575,1341
granulosa_21190,chr5,135929783,135931241,1458
granulosa_21191,chr5,136028571,136029653,1082
granulosa_21192,chr5,136057327,136058937,1610
granulosa_21193,chr5,136079202,136081185,1983
granulosa_21194,chr5,136103857,136105024,1167
granulosa_21195,chr5,136132128,136134258,2130
granulosa_21196,chr5,136191315,136193689,2374
granulosa_21197,chr5,136809938,136811378,1440
granulosa_21198,chr5,137497410,137499508,2098
granulosa_21199,chr5,137563147,137564888,1741
granulosa_21200,chr5,137734439,137736733,2294
granulosa_21201,chr5,137752857,137755279,2422
granulosa_21202,chr5,137888448,137890142,1694
granulosa_21203,chr5,138031651,138033724,2073
granulosa_21204,chr5,138035888,138036410,522
granulosa_21205,chr5,138138655,138139729,1074
granulosa_21206,chr5,138177607,138179411,1804
granulosa_21207,chr5,138212725,138213931,1206
granulosa_21208,chr5,138241481,138242874,1393
granulosa_21209,chr5,138273911,138276003,2092
granulosa_21210,chr5,138330964,138332390,1426
granulosa_21211,chr5,138337150,138339666,2516
granulosa_21212,chr5,138352132,138354065,1933
granulosa_21213,chr5,138438370,138440413,2043
granulosa_21214,chr5,138448845,138450688,1843
granulosa_21215,chr5,138463501,138465857,2356
granulosa_21216,chr5,138467770,138471444,3674
granulosa_21217,chr5,138489372,138490116,744
granulosa_21218,chr5,138491431,138493402,1971
granulosa_21219,chr5,138503440,138505301,1861
granulosa_21220,chr5,138542017,138543950,1933
granulosa_21221,chr5,138574701,138576222,1521
granulosa_21222,chr5,138610406,138612089,1683
granulosa_21223,chr5,138704693,138705938,1245
granulosa_21224,chr5,138752298,138754555,2257
granulosa_21225,chr5,138870622,138871850,1228
granulosa_21226,chr5,138927702,138928486,784
granulosa_21227,chr5,138952897,138954208,1311
granulosa_21228,chr5,138962059,138963389,1330
granulosa_21229,chr5,138974002,138975649,1647
granulosa_21230,chr5,139104499,139106150,1651
granulosa_21231,chr5,139131067,139132774,1707
granulosa_21232,chr5,139177759,139179544,1785
granulosa_21233,chr5,139197297,139198742,1445
granulosa_21234,chr5,139261974,139263235,1261
granulosa_21235,chr5,139273167,139274739,1572
granulosa_21236,chr5,139292547,139295001,2454
granulosa_21237,chr5,139341043,139343030,1987
granulosa_21238,chr5,139387886,139388752,866
granulosa_21239,chr5,139391887,139393538,1651
granulosa_21240,chr5,139393848,139395271,1423
granulosa_21241,chr5,139403270,139404504,1234
granulosa_21242,chr5,139438437,139439871,1434
granulosa_21243,chr5,139480803,139482966,2163
granulosa_21244,chr5,139517495,139518543,1048
granulosa_21245,chr5,139560524,139562460,1936
granulosa_21246,chr5,139635682,139636806,1124
granulosa_21247,chr5,139637031,139638624,1593
granulosa_21248,chr5,139647781,139649951,2170
granulosa_21249,chr5,139650861,139651497,636
granulosa_21250,chr5,139651871,139652638,767
granulosa_21251,chr5,139664860,139665452,592
granulosa_21252,chr5,139667533,139668794,1261
granulosa_21253,chr5,139669454,139670903,1449
granulosa_21254,chr5,139676417,139678141,1724
granulosa_21255,chr5,139684625,139685432,807
granulosa_21256,chr5,139689544,139690944,1400
granulosa_21257,chr5,139696409,139699088,2679
granulosa_21258,chr5,139708938,139712174,3236
granulosa_21259,chr5,139745200,139748409,3209
granulosa_21260,chr5,139765020,139766200,1180
granulosa_21261,chr5,139774752,139775709,957
granulosa_21262,chr5,139787096,139788995,1899
granulosa_21263,chr5,139794884,139796797,1913
granulosa_21264,chr5,139847756,139848901,1145
granulosa_21265,chr5,139880116,139881405,1289
granulosa_21266,chr5,139902970,139905617,2647
granulosa_21267,chr5,139968069,139969156,1087
granulosa_21268,chr5,140041531,140043854,2323
granulosa_21269,chr5,140106966,140108659,1693
granulosa_21270,chr5,140112897,140115141,2244
granulosa_21271,chr5,140145570,140146720,1150
granulosa_21272,chr5,140156789,140157843,1054
granulosa_21273,chr5,140174485,140176270,1785
granulosa_21274,chr5,140177496,140178342,846
granulosa_21275,chr5,140218941,140220288,1347
granulosa_21276,chr5,140241049,140241761,712
granulosa_21277,chr5,140243808,140245561,1753
granulosa_21278,chr5,140301833,140303584,1751
granulosa_21279,chr5,140345671,140347270,1599
granulosa_21280,chr5,140357249,140358274,1025
granulosa_21281,chr5,140400431,140402871,2440
granulosa_21282,chr5,140546945,140548497,1552
granulosa_21283,chr5,140556347,140557864,1517
granulosa_21284,chr5,140563627,140565513,1886
granulosa_21285,chr5,140631777,140633543,1766
granulosa_21286,chr5,140638750,140640067,1317
granulosa_21287,chr5,140646842,140648417,1575
granulosa_21288,chr5,140664013,140665525,1512
granulosa_21289,chr5,140690552,140691943,1391
granulosa_21290,chr5,140699718,140701328,1610
granulosa_21291,chr5,140710203,140711565,1362
granulosa_21292,chr5,140925782,140927480,1698
granulosa_21293,chr5,140965801,140967477,1676
granulosa_21294,chr5,141001134,141002486,1352
granulosa_21295,chr5,141039853,141041456,1603
granulosa_21296,chr5,141319905,141321249,1344
granulosa_21297,chr5,141475354,141477162,1808
granulosa_21298,chr5,141483898,141485912,2014
granulosa_21299,chr5,141507383,141509382,1999
granulosa_21300,chr5,141512175,141514591,2416
granulosa_21301,chr5,141524170,141525591,1421
granulosa_21302,chr5,141560197,141561182,985
granulosa_21303,chr5,141563969,141564517,548
granulosa_21304,chr5,141617597,141619447,1850
granulosa_21305,chr5,141635964,141638348,2384
granulosa_21306,chr5,141650452,141651871,1419
granulosa_21307,chr5,141681606,141683392,1786
granulosa_21308,chr5,141691880,141692631,751
granulosa_21309,chr5,141701252,141703539,2287
granulosa_21310,chr5,141848606,141851070,2464
granulosa_21311,chr5,141877587,141879534,1947
granulosa_21312,chr5,141883088,141883719,631
granulosa_21313,chr5,141913383,141914671,1288
granulosa_21314,chr5,141923091,141924340,1249
granulosa_21315,chr5,141968450,141969824,1374
granulosa_21316,chr5,142011665,142013449,1784
granulosa_21317,chr5,142024427,142025503,1076
granulosa_21318,chr5,142063582,142064888,1306
granulosa_21319,chr5,142088250,142089873,1623
granulosa_21320,chr5,142108229,142110554,2325
granulosa_21321,chr5,142184753,142185815,1062
granulosa_21322,chr5,142323804,142326566,2762
granulosa_21323,chr5,142355892,142357682,1790
granulosa_21324,chr5,142548563,142549148,585
granulosa_21325,chr5,142624806,142626349,1543
granulosa_21326,chr5,142655256,142656663,1407
granulosa_21327,chr5,142697220,142699441,2221
granulosa_21328,chr5,142712638,142713714,1076
granulosa_21329,chr5,142720682,142721511,829
granulosa_21330,chr5,142769143,142771683,2540
granulosa_21331,chr5,142898910,142901277,2367
granulosa_21332,chr5,143402280,143405714,3434
granulosa_21333,chr5,143914418,143915939,1521
granulosa_21334,chr5,144155792,144157248,1456
granulosa_21335,chr5,144169807,144171200,1393
granulosa_21336,chr5,144204848,144205609,761
granulosa_21337,chr5,144307603,144308618,1015
granulosa_21338,chr5,144308827,144309717,890
granulosa_21339,chr5,144585287,144586349,1062
granulosa_21340,chr5,144598019,144599292,1273
granulosa_21341,chr5,145834684,145836152,1468
granulosa_21342,chr5,145855905,145856892,987
granulosa_21343,chr5,145936221,145937199,978
granulosa_21344,chr5,146181820,146183440,1620
granulosa_21345,chr5,146202597,146205050,2453
granulosa_21346,chr5,146339807,146340845,1038
granulosa_21347,chr5,146344615,146346333,1718
granulosa_21348,chr5,146446666,146448316,1650
granulosa_21349,chr5,146877086,146879130,2044
granulosa_21350,chr5,147233896,147235293,1397
granulosa_21351,chr5,147410336,147411889,1553
granulosa_21352,chr5,147416441,147417922,1481
granulosa_21353,chr5,147451943,147454848,2905
granulosa_21354,chr5,147483797,147484737,940
granulosa_21355,chr5,147508793,147510468,1675
granulosa_21356,chr5,147576721,147578731,2010
granulosa_21357,chr5,147742696,147744359,1663
granulosa_21358,chr5,147782022,147783047,1025
granulosa_21359,chr5,148382985,148384897,1912
granulosa_21360,chr5,148825507,148827023,1516
granulosa_21361,chr5,149001752,149002612,860
granulosa_21362,chr5,149140847,149142439,1592
granulosa_21363,chr5,149271244,149272772,1528
granulosa_21364,chr5,149320425,149321316,891
granulosa_21365,chr5,149344624,149346583,1959
granulosa_21366,chr5,149357293,149358674,1381
granulosa_21367,chr5,149404918,149408177,3259
granulosa_21368,chr5,149416666,149417863,1197
granulosa_21369,chr5,149421996,149423372,1376
granulosa_21370,chr5,149442323,149443189,866
granulosa_21371,chr5,149549363,149550322,959
granulosa_21372,chr5,149550631,149552056,1425
granulosa_21373,chr5,149580805,149582543,1738
granulosa_21374,chr5,149729872,149732818,2946
granulosa_21375,chr5,149857014,149858134,1120
granulosa_21376,chr5,149959412,149961313,1901
granulosa_21377,chr5,149999593,150002051,2458
granulosa_21378,chr5,150138122,150139154,1032
granulosa_21379,chr5,150143360,150145150,1790
granulosa_21380,chr5,150155369,150156228,859
granulosa_21381,chr5,150301915,150303547,1632
granulosa_21382,chr5,150356935,150358478,1543
granulosa_21383,chr5,150409584,150410909,1325
granulosa_21384,chr5,150412248,150413143,895
granulosa_21385,chr5,150448403,150450248,1845
granulosa_21386,chr5,150458543,150459453,910
granulosa_21387,chr5,150464258,150465084,826
granulosa_21388,chr5,150485103,150487153,2050
granulosa_21389,chr5,150515386,150516380,994
granulosa_21390,chr5,150581954,150583102,1148
granulosa_21391,chr5,150589425,150591760,2335
granulosa_21392,chr5,150599912,150601707,1795
granulosa_21393,chr5,150614541,150615694,1153
granulosa_21394,chr5,150615953,150616797,844
granulosa_21395,chr5,150618181,150619928,1747
granulosa_21396,chr5,150624007,150625653,1646
granulosa_21397,chr5,150637280,150637979,699
granulosa_21398,chr5,150639946,150641584,1638
granulosa_21399,chr5,150644042,150645444,1402
granulosa_21400,chr5,150656091,150657200,1109
granulosa_21401,chr5,150671321,150672854,1533
granulosa_21402,chr5,150700059,150701586,1527
granulosa_21403,chr5,150757930,150759429,1499
granulosa_21404,chr5,150763123,150763843,720
granulosa_21405,chr5,150778090,150779472,1382
granulosa_21406,chr5,150800680,150801918,1238
granulosa_21407,chr5,150904216,150905404,1188
granulosa_21408,chr5,150945737,150947316,1579
granulosa_21409,chr5,151020085,151021437,1352
granulosa_21410,chr5,151079933,151081780,1847
granulosa_21411,chr5,151094875,151096343,1468
granulosa_21412,chr5,151150072,151151393,1321
granulosa_21413,chr5,151155468,151158674,3206
granulosa_21414,chr5,151222552,151224297,1745
granulosa_21415,chr5,151234009,151235230,1221
granulosa_21416,chr5,151238065,151239597,1532
granulosa_21417,chr5,151252210,151253921,1711
granulosa_21418,chr5,151447271,151449607,2336
granulosa_21419,chr5,151658621,151659836,1215
granulosa_21420,chr5,151684626,151687323,2697
granulosa_21421,chr5,151739466,151740969,1503
granulosa_21422,chr5,151757584,151759241,1657
granulosa_21423,chr5,151770345,151773318,2973
granulosa_21424,chr5,154037931,154039489,1558
granulosa_21425,chr5,154189246,154191116,1870
granulosa_21426,chr5,154352582,154353654,1072
granulosa_21427,chr5,154384530,154386064,1534
granulosa_21428,chr5,154404773,154405704,931
granulosa_21429,chr5,154417819,154418990,1171
granulosa_21430,chr5,154444687,154447360,2673
granulosa_21431,chr5,154477326,154478523,1197
granulosa_21432,chr5,154610185,154611817,1632
granulosa_21433,chr5,154682039,154683340,1301
granulosa_21434,chr5,154754490,154757526,3036
granulosa_21435,chr5,154849431,154851174,1743
granulosa_21436,chr5,154856972,154858979,2007
granulosa_21437,chr5,154937148,154938886,1738
granulosa_21438,chr5,154940581,154941683,1102
granulosa_21439,chr5,155727639,155730113,2474
granulosa_21440,chr5,155936415,155937708,1293
granulosa_21441,chr5,157142126,157143889,1763
granulosa_21442,chr5,157265365,157266929,1564
granulosa_21443,chr5,157327754,157329222,1468
granulosa_21444,chr5,157574961,157576452,1491
granulosa_21445,chr5,157670556,157672210,1654
granulosa_21446,chr5,157730964,157732134,1170
granulosa_21447,chr5,157743135,157744980,1845
granulosa_21448,chr5,157857622,157859379,1757
granulosa_21449,chr5,157915410,157916185,775
granulosa_21450,chr5,157948395,157949622,1227
granulosa_21451,chr5,158025853,158027139,1286
granulosa_21452,chr5,158161861,158163081,1220
granulosa_21453,chr5,159098964,159099530,566
granulosa_21454,chr5,159099688,159101028,1340
granulosa_21455,chr5,159106202,159107122,920
granulosa_21456,chr5,159207481,159209991,2510
granulosa_21457,chr5,159262185,159263847,1662
granulosa_21458,chr5,159772850,159773965,1115
granulosa_21459,chr5,159915698,159917119,1421
granulosa_21460,chr5,159986619,159987707,1088
granulosa_21461,chr5,160008365,160010010,1645
granulosa_21462,chr5,160118272,160120163,1891
granulosa_21463,chr5,160132993,160134073,1080
granulosa_21464,chr5,160164819,160166500,1681
granulosa_21465,chr5,160174866,160176077,1211
granulosa_21466,chr5,160187750,160189193,1443
granulosa_21467,chr5,160198688,160199954,1266
granulosa_21468,chr5,160240145,160241037,892
granulosa_21469,chr5,160260411,160261782,1371
granulosa_21470,chr5,160287086,160288381,1295
granulosa_21471,chr5,160311480,160313200,1720
granulosa_21472,chr5,160339219,160340463,1244
granulosa_21473,chr5,160344898,160345691,793
granulosa_21474,chr5,160370031,160371275,1244
granulosa_21475,chr5,160399273,160400361,1088
granulosa_21476,chr5,160417919,160419610,1691
granulosa_21477,chr5,160421509,160422377,868
granulosa_21478,chr5,160433654,160434560,906
granulosa_21479,chr5,160438263,160439585,1322
granulosa_21480,chr5,160526612,160527637,1025
granulosa_21481,chr5,160616465,160617435,970
granulosa_21482,chr5,160930202,160930905,703
granulosa_21483,chr5,161399819,161400961,1142
granulosa_21484,chr5,161545935,161549459,3524
granulosa_21485,chr5,163434278,163434872,594
granulosa_21486,chr5,163436919,163438193,1274
granulosa_21487,chr5,163458913,163461846,2933
granulosa_21488,chr5,163502993,163503600,607
granulosa_21489,chr5,163503864,163504900,1036
granulosa_21490,chr5,163505132,163506478,1346
granulosa_21491,chr5,163565328,163566624,1296
granulosa_21492,chr5,165312444,165313448,1004
granulosa_21493,chr5,166977946,166979866,1920
granulosa_21494,chr5,167572991,167574828,1837
granulosa_21495,chr5,167916052,167917044,992
granulosa_21496,chr5,167945221,167946464,1243
granulosa_21497,chr5,168085151,168086717,1566
granulosa_21498,chr5,168268478,168270698,2220
granulosa_21499,chr5,168291083,168293100,2017
granulosa_21500,chr5,168334111,168335321,1210
granulosa_21501,chr5,168485968,168487439,1471
granulosa_21502,chr5,168528390,168530182,1792
granulosa_21503,chr5,168578063,168580145,2082
granulosa_21504,chr5,168916066,168917151,1085
granulosa_21505,chr5,169141918,169142921,1003
granulosa_21506,chr5,169160363,169161842,1479
granulosa_21507,chr5,169279939,169280987,1048
granulosa_21508,chr5,169299268,169301428,2160
granulosa_21509,chr5,169583109,169584808,1699
granulosa_21510,chr5,169742173,169743444,1271
granulosa_21511,chr5,169979622,169981027,1405
granulosa_21512,chr5,170150904,170151926,1022
granulosa_21513,chr5,170503602,170505322,1720
granulosa_21514,chr5,170507345,170508153,808
granulosa_21515,chr5,170536165,170537170,1005
granulosa_21516,chr5,170552239,170553293,1054
granulosa_21517,chr5,170597012,170599091,2079
granulosa_21518,chr5,170632805,170634118,1313
granulosa_21519,chr5,170680782,170681523,741
granulosa_21520,chr5,170743955,170745073,1118
granulosa_21521,chr5,170861423,170863039,1616
granulosa_21522,chr5,171294882,171296184,1302
granulosa_21523,chr5,171308416,171310338,1922
granulosa_21524,chr5,171336291,171337440,1149
granulosa_21525,chr5,171386891,171389071,2180
granulosa_21526,chr5,171418414,171421358,2944
granulosa_21527,chr5,171427525,171428556,1031
granulosa_21528,chr5,171494090,171495716,1626
granulosa_21529,chr5,171629672,171631009,1337
granulosa_21530,chr5,172004973,172007732,2759
granulosa_21531,chr5,172110187,172112164,1977
granulosa_21532,chr5,172187055,172188985,1930
granulosa_21533,chr5,172282761,172285009,2248
granulosa_21534,chr5,172418036,172419174,1138
granulosa_21535,chr5,172452677,172455288,2611
granulosa_21536,chr5,172478602,172479894,1292
granulosa_21537,chr5,172597425,172598993,1568
granulosa_21538,chr5,172640678,172642395,1717
granulosa_21539,chr5,172658590,172660660,2070
granulosa_21540,chr5,172696355,172697950,1595
granulosa_21541,chr5,172699869,172701573,1704
granulosa_21542,chr5,172706596,172708674,2078
granulosa_21543,chr5,172716654,172717260,606
granulosa_21544,chr5,172749632,172750793,1161
granulosa_21545,chr5,172764997,172766031,1034
granulosa_21546,chr5,172766121,172767099,978
granulosa_21547,chr5,172767350,172767989,639
granulosa_21548,chr5,172770306,172772913,2607
granulosa_21549,chr5,172833673,172835296,1623
granulosa_21550,chr5,172837464,172838042,578
granulosa_21551,chr5,172872643,172873625,982
granulosa_21552,chr5,172886803,172888181,1378
granulosa_21553,chr5,172902172,172903405,1233
granulosa_21554,chr5,172904441,172905406,965
granulosa_21555,chr5,172958284,172960143,1859
granulosa_21556,chr5,172983191,172984820,1629
granulosa_21557,chr5,173055667,173057879,2212
granulosa_21558,chr5,173144031,173145292,1261
granulosa_21559,chr5,173228476,173229107,631
granulosa_21560,chr5,173232549,173233318,769
granulosa_21561,chr5,173268486,173269544,1058
granulosa_21562,chr5,173283344,173284202,858
granulosa_21563,chr5,173293708,173294500,792
granulosa_21564,chr5,173315439,173317579,2140
granulosa_21565,chr5,173323663,173325024,1361
granulosa_21566,chr5,173327064,173328708,1644
granulosa_21567,chr5,173329020,173330246,1226
granulosa_21568,chr5,173497799,173499621,1822
granulosa_21569,chr5,173615151,173617045,1894
granulosa_21570,chr5,173832758,173834530,1772
granulosa_21571,chr5,173887378,173888546,1168
granulosa_21572,chr5,173890172,173890858,686
granulosa_21573,chr5,173917399,173918823,1424
granulosa_21574,chr5,173972673,173974040,1367
granulosa_21575,chr5,174045067,174045939,872
granulosa_21576,chr5,174189479,174190533,1054
granulosa_21577,chr5,174204154,174205341,1187
granulosa_21578,chr5,174311316,174312478,1162
granulosa_21579,chr5,174337094,174338881,1787
granulosa_21580,chr5,174419024,174419914,890
granulosa_21581,chr5,174522868,174524702,1834
granulosa_21582,chr5,174723891,174725272,1381
granulosa_21583,chr5,174735282,174736512,1230
granulosa_21584,chr5,174750700,174752115,1415
granulosa_21585,chr5,175443247,175445245,1998
granulosa_21586,chr5,175477948,175479741,1793
granulosa_21587,chr5,175533859,175534787,928
granulosa_21588,chr5,175657081,175659016,1935
granulosa_21589,chr5,175728813,175730212,1399
granulosa_21590,chr5,175778484,175779472,988
granulosa_21591,chr5,175796253,175798030,1777
granulosa_21592,chr5,175871189,175872872,1683
granulosa_21593,chr5,176131596,176135069,3473
granulosa_21594,chr5,176169710,176171481,1771
granulosa_21595,chr5,176171970,176172884,914
granulosa_21596,chr5,176179993,176181793,1800
granulosa_21597,chr5,176198684,176200695,2011
granulosa_21598,chr5,176360908,176362101,1193
granulosa_21599,chr5,176364967,176366569,1602
granulosa_21600,chr5,176387774,176389570,1796
granulosa_21601,chr5,176415644,176416997,1353
granulosa_21602,chr5,176446988,176449246,2258
granulosa_21603,chr5,176530720,176531577,857
granulosa_21604,chr5,176533859,176534408,549
granulosa_21605,chr5,176535495,176538252,2757
granulosa_21606,chr5,176542309,176544238,1929
granulosa_21607,chr5,176596263,176597836,1573
granulosa_21608,chr5,176609306,176610602,1296
granulosa_21609,chr5,176618876,176620863,1987
granulosa_21610,chr5,176629418,176631064,1646
granulosa_21611,chr5,176646744,176648518,1774
granulosa_21612,chr5,176692783,176693958,1175
granulosa_21613,chr5,176738807,176740324,1517
granulosa_21614,chr5,176743089,176743826,737
granulosa_21615,chr5,176809144,176811671,2527
granulosa_21616,chr5,176816816,176818366,1550
granulosa_21617,chr5,176837234,176838156,922
granulosa_21618,chr5,176874768,176876374,1606
granulosa_21619,chr5,176994358,176995316,958
granulosa_21620,chr5,177005191,177007197,2006
granulosa_21621,chr5,177021890,177023740,1850
granulosa_21622,chr5,177086087,177087657,1570
granulosa_21623,chr5,177109646,177110577,931
granulosa_21624,chr5,177116383,177117683,1300
granulosa_21625,chr5,177131682,177134708,3026
granulosa_21626,chr5,177302533,177304680,2147
granulosa_21627,chr5,177310759,177312800,2041
granulosa_21628,chr5,177350957,177352293,1336
granulosa_21629,chr5,177362364,177363475,1111
granulosa_21630,chr5,177366234,177367636,1402
granulosa_21631,chr5,177370592,177371341,749
granulosa_21632,chr5,177389255,177391068,1813
granulosa_21633,chr5,177399927,177400847,920
granulosa_21634,chr5,177402319,177402967,648
granulosa_21635,chr5,177403385,177405076,1691
granulosa_21636,chr5,177425564,177427583,2019
granulosa_21637,chr5,177445978,177448165,2187
granulosa_21638,chr5,177453931,177456679,2748
granulosa_21639,chr5,177457124,177458018,894
granulosa_21640,chr5,177471947,177474480,2533
granulosa_21641,chr5,177496153,177498727,2574
granulosa_21642,chr5,177500666,177501244,578
granulosa_21643,chr5,177516251,177517671,1420
granulosa_21644,chr5,177552970,177554874,1904
granulosa_21645,chr5,177591803,177592825,1022
granulosa_21646,chr5,177599241,177600958,1717
granulosa_21647,chr5,177607131,177608042,911
granulosa_21648,chr5,177938313,177939761,1448
granulosa_21649,chr5,178075535,178076520,985
granulosa_21650,chr5,178113061,178114859,1798
granulosa_21651,chr5,178120596,178121962,1366
granulosa_21652,chr5,178129977,178131871,1894
granulosa_21653,chr5,178153018,178154826,1808
granulosa_21654,chr5,178163922,178164944,1022
granulosa_21655,chr5,178203869,178205637,1768
granulosa_21656,chr5,178231582,178233104,1522
granulosa_21657,chr5,178279622,178280441,819
granulosa_21658,chr5,178336522,178337778,1256
granulosa_21659,chr5,178589311,178591074,1763
granulosa_21660,chr5,178625022,178627700,2678
granulosa_21661,chr5,178729525,178731077,1552
granulosa_21662,chr5,178859533,178860568,1035
granulosa_21663,chr5,178895456,178897020,1564
granulosa_21664,chr5,178940379,178941903,1524
granulosa_21665,chr5,179023139,179024414,1275
granulosa_21666,chr5,179059811,179061038,1227
granulosa_21667,chr5,179166582,179167764,1182
granulosa_21668,chr5,179185090,179187073,1983
granulosa_21669,chr5,179264836,179266072,1236
granulosa_21670,chr5,179313942,179315267,1325
granulosa_21671,chr5,179317850,179318547,697
granulosa_21672,chr5,179343486,179345964,2478
granulosa_21673,chr5,179530032,179530963,931
granulosa_21674,chr5,179549631,179551536,1905
granulosa_21675,chr5,179558857,179560308,1451
granulosa_21676,chr5,179612475,179614076,1601
granulosa_21677,chr5,179622472,179625176,2704
granulosa_21678,chr5,179677797,179679437,1640
granulosa_21679,chr5,179698004,179700204,2200
granulosa_21680,chr5,179731868,179733859,1991
granulosa_21681,chr5,179761970,179764116,2146
granulosa_21682,chr5,179793139,179794136,997
granulosa_21683,chr5,179795025,179796847,1822
granulosa_21684,chr5,179803176,179803985,809
granulosa_21685,chr5,179805366,179807588,2222
granulosa_21686,chr5,179818633,179819778,1145
granulosa_21687,chr5,179820372,179821967,1595
granulosa_21688,chr5,179857889,179859641,1752
granulosa_21689,chr5,179870182,179871809,1627
granulosa_21690,chr5,179906585,179908257,1672
granulosa_21691,chr5,180070776,180073122,2346
granulosa_21692,chr5,180089711,180090761,1050
granulosa_21693,chr5,180177049,180177767,718
granulosa_21694,chr5,180178756,180180388,1632
granulosa_21695,chr5,180207361,180209567,2206
granulosa_21696,chr5,180291166,180293819,2653
granulosa_21697,chr5,180352087,180354897,2810
granulosa_21698,chr5,180493865,180495635,1770
granulosa_21699,chr5,180525910,180526729,819
granulosa_21700,chr5,180589709,180591916,2207
granulosa_21701,chr5,180618421,180619491,1070
granulosa_21702,chr5,180648542,180650516,1974
granulosa_21703,chr5,180785058,180787369,2311
granulosa_21704,chr5,180801833,180804044,2211
granulosa_21705,chr5,180809369,180811221,1852
granulosa_21706,chr5,180830569,180832175,1606
granulosa_21707,chr5,180860322,180861913,1591
granulosa_21708,chr5,181052338,181054147,1809
granulosa_21709,chr5,181159130,181160746,1616
granulosa_21710,chr5,181183778,181184490,712
granulosa_21711,chr5,181187505,181192323,4818
granulosa_21712,chr5,181203859,181208014,4155
granulosa_21713,chr5,181216913,181218546,1633
granulosa_21714,chr5,181221581,181224285,2704
granulosa_21715,chr5,181243228,181244557,1329
granulosa_21716,chr5,181245747,181247219,1472
granulosa_21717,chr5,181259757,181262296,2539
granulosa_21718,chr6,291222,293585,2363
granulosa_21719,chr6,391042,393989,2947
granulosa_21720,chr6,683538,684430,892
granulosa_21721,chr6,692261,693859,1598
granulosa_21722,chr6,710453,712201,1748
granulosa_21723,chr6,1310775,1312433,1658
granulosa_21724,chr6,1381257,1382470,1213
granulosa_21725,chr6,1389013,1391158,2145
granulosa_21726,chr6,1603759,1605425,1666
granulosa_21727,chr6,1608943,1610724,1781
granulosa_21728,chr6,1613906,1615566,1660
granulosa_21729,chr6,1623943,1625483,1540
granulosa_21730,chr6,1849802,1851548,1746
granulosa_21731,chr6,1871639,1873575,1936
granulosa_21732,chr6,1903220,1904907,1687
granulosa_21733,chr6,2132269,2135406,3137
granulosa_21734,chr6,2244431,2246656,2225
granulosa_21735,chr6,2632890,2634874,1984
granulosa_21736,chr6,2743777,2744723,946
granulosa_21737,chr6,2764358,2766647,2289
granulosa_21738,chr6,2840983,2842123,1140
granulosa_21739,chr6,2846198,2846908,710
granulosa_21740,chr6,2857487,2859099,1612
granulosa_21741,chr6,2875000,2877643,2643
granulosa_21742,chr6,2900407,2903525,3118
granulosa_21743,chr6,2925588,2926656,1068
granulosa_21744,chr6,2931596,2932716,1120
granulosa_21745,chr6,2952366,2953146,780
granulosa_21746,chr6,2969938,2972053,2115
granulosa_21747,chr6,2988154,2991231,3077
granulosa_21748,chr6,2998105,3000501,2396
granulosa_21749,chr6,3053259,3054741,1482
granulosa_21750,chr6,3063412,3064657,1245
granulosa_21751,chr6,3068098,3069534,1436
granulosa_21752,chr6,3117986,3119518,1532
granulosa_21753,chr6,3156195,3158338,2143
granulosa_21754,chr6,3160104,3160634,530
granulosa_21755,chr6,3162412,3163429,1017
granulosa_21756,chr6,3226535,3229250,2715
granulosa_21757,chr6,3230740,3232303,1563
granulosa_21758,chr6,3247063,3248286,1223
granulosa_21759,chr6,3258368,3259980,1612
granulosa_21760,chr6,3355411,3357385,1974
granulosa_21761,chr6,3455088,3458072,2984
granulosa_21762,chr6,3612062,3613059,997
granulosa_21763,chr6,3749776,3752717,2941
granulosa_21764,chr6,3848460,3850565,2105
granulosa_21765,chr6,3911586,3913552,1966
granulosa_21766,chr6,3990416,3991558,1142
granulosa_21767,chr6,4017841,4019013,1172
granulosa_21768,chr6,4020882,4022636,1754
granulosa_21769,chr6,4134855,4136425,1570
granulosa_21770,chr6,4224023,4225377,1354
granulosa_21771,chr6,4280613,4282542,1929
granulosa_21772,chr6,4358305,4359356,1051
granulosa_21773,chr6,4774666,4777512,2846
granulosa_21774,chr6,5003207,5004682,1475
granulosa_21775,chr6,5025686,5026846,1160
granulosa_21776,chr6,5084195,5086675,2480
granulosa_21777,chr6,5259942,5262427,2485
granulosa_21778,chr6,5827175,5828853,1678
granulosa_21779,chr6,5850473,5851802,1329
granulosa_21780,chr6,5995904,5997782,1878
granulosa_21781,chr6,6006744,6009417,2673
granulosa_21782,chr6,6545790,6547665,1875
granulosa_21783,chr6,6686705,6687672,967
granulosa_21784,chr6,6694434,6695900,1466
granulosa_21785,chr6,6699781,6700903,1122
granulosa_21786,chr6,6723584,6725459,1875
granulosa_21787,chr6,6747991,6748975,984
granulosa_21788,chr6,6758433,6759684,1251
granulosa_21789,chr6,6810832,6812038,1206
granulosa_21790,chr6,7050836,7053061,2225
granulosa_21791,chr6,7106622,7109808,3186
granulosa_21792,chr6,7140583,7141897,1314
granulosa_21793,chr6,7219878,7221182,1304
granulosa_21794,chr6,7238714,7239509,795
granulosa_21795,chr6,7242873,7243781,908
granulosa_21796,chr6,7260471,7262213,1742
granulosa_21797,chr6,7311919,7313725,1806
granulosa_21798,chr6,7388787,7390555,1768
granulosa_21799,chr6,7468024,7469074,1050
granulosa_21800,chr6,7541075,7543318,2243
granulosa_21801,chr6,7589733,7591179,1446
granulosa_21802,chr6,7725644,7728841,3197
granulosa_21803,chr6,7909228,7911711,2483
granulosa_21804,chr6,8063534,8064783,1249
granulosa_21805,chr6,8101635,8102866,1231
granulosa_21806,chr6,8434325,8436184,1859
granulosa_21807,chr6,9139573,9141493,1920
granulosa_21808,chr6,10403631,10405051,1420
granulosa_21809,chr6,10411545,10413185,1640
granulosa_21810,chr6,10425274,10426928,1654
granulosa_21811,chr6,10555290,10556367,1077
granulosa_21812,chr6,10582578,10583893,1315
granulosa_21813,chr6,10693677,10695636,1959
granulosa_21814,chr6,10719627,10721681,2054
granulosa_21815,chr6,10722363,10723723,1360
granulosa_21816,chr6,10746642,10748364,1722
granulosa_21817,chr6,10749656,10750775,1119
granulosa_21818,chr6,10837010,10839025,2015
granulosa_21819,chr6,10886301,10887839,1538
granulosa_21820,chr6,11042945,11045023,2078
granulosa_21821,chr6,11092893,11094973,2080
granulosa_21822,chr6,11231587,11233438,1851
granulosa_21823,chr6,11269783,11270903,1120
granulosa_21824,chr6,11536683,11538990,2307
granulosa_21825,chr6,11686725,11688606,1881
granulosa_21826,chr6,11769829,11771237,1408
granulosa_21827,chr6,11809576,11811409,1833
granulosa_21828,chr6,11829898,11830584,686
granulosa_21829,chr6,11833695,11834558,863
granulosa_21830,chr6,12008258,12009332,1074
granulosa_21831,chr6,12010729,12013575,2846
granulosa_21832,chr6,12149239,12150508,1269
granulosa_21833,chr6,12289294,12290790,1496
granulosa_21834,chr6,12748797,12750333,1536
granulosa_21835,chr6,12956840,12958459,1619
granulosa_21836,chr6,13013045,13015181,2136
granulosa_21837,chr6,13079069,13079991,922
granulosa_21838,chr6,13327524,13329073,1549
granulosa_21839,chr6,13485892,13488593,2701
granulosa_21840,chr6,13573558,13575440,1882
granulosa_21841,chr6,13614200,13616243,2043
granulosa_21842,chr6,13709614,13712838,3224
granulosa_21843,chr6,13767065,13767856,791
granulosa_21844,chr6,13813128,13815141,2013
granulosa_21845,chr6,13848348,13849406,1058
granulosa_21846,chr6,13873119,13874305,1186
granulosa_21847,chr6,13923752,13925870,2118
granulosa_21848,chr6,14074447,14075560,1113
granulosa_21849,chr6,14117042,14118786,1744
granulosa_21850,chr6,14129265,14130216,951
granulosa_21851,chr6,14209947,14211980,2033
granulosa_21852,chr6,14339207,14340553,1346
granulosa_21853,chr6,14621315,14623608,2293
granulosa_21854,chr6,14670070,14671930,1860
granulosa_21855,chr6,14854282,14855895,1613
granulosa_21856,chr6,15244314,15246132,1818
granulosa_21857,chr6,15247896,15249345,1449
granulosa_21858,chr6,15303115,15304969,1854
granulosa_21859,chr6,15399623,15401078,1455
granulosa_21860,chr6,15480689,15482231,1542
granulosa_21861,chr6,15490890,15492445,1555
granulosa_21862,chr6,15501769,15502884,1115
granulosa_21863,chr6,15504006,15505638,1632
granulosa_21864,chr6,15661800,15663312,1512
granulosa_21865,chr6,15674409,15676126,1717
granulosa_21866,chr6,15690244,15691836,1592
granulosa_21867,chr6,16128458,16131319,2861
granulosa_21868,chr6,16222617,16224106,1489
granulosa_21869,chr6,16228601,16230456,1855
granulosa_21870,chr6,16238068,16239912,1844
granulosa_21871,chr6,16331181,16332693,1512
granulosa_21872,chr6,16430081,16431432,1351
granulosa_21873,chr6,16511649,16514681,3032
granulosa_21874,chr6,16724860,16726067,1207
granulosa_21875,chr6,16759650,16762773,3123
granulosa_21876,chr6,16762876,16763312,436
granulosa_21877,chr6,16803093,16804203,1110
granulosa_21878,chr6,17101339,17102525,1186
granulosa_21879,chr6,17280240,17282466,2226
granulosa_21880,chr6,17393032,17394669,1637
granulosa_21881,chr6,17506414,17507661,1247
granulosa_21882,chr6,17579798,17582139,2341
granulosa_21883,chr6,17599797,17601604,1807
granulosa_21884,chr6,17705341,17707243,1902
granulosa_21885,chr6,17986510,17988697,2187
granulosa_21886,chr6,18122010,18122925,915
granulosa_21887,chr6,18154367,18156451,2084
granulosa_21888,chr6,18263329,18265297,1968
granulosa_21889,chr6,18386836,18388659,1823
granulosa_21890,chr6,18892604,18894656,2052
granulosa_21891,chr6,19690951,19692820,1869
granulosa_21892,chr6,19803110,19805453,2343
granulosa_21893,chr6,19836597,19839356,2759
granulosa_21894,chr6,19851124,19852216,1092
granulosa_21895,chr6,20210991,20213078,2087
granulosa_21896,chr6,20400543,20404839,4296
granulosa_21897,chr6,20533893,20535290,1397
granulosa_21898,chr6,20867891,20869084,1193
granulosa_21899,chr6,21478502,21480004,1502
granulosa_21900,chr6,21500017,21501486,1469
granulosa_21901,chr6,21536902,21538800,1898
granulosa_21902,chr6,21586791,21589514,2723
granulosa_21903,chr6,21593249,21595749,2500
granulosa_21904,chr6,21596111,21597222,1111
granulosa_21905,chr6,21664119,21667701,3582
granulosa_21906,chr6,21739463,21741915,2452
granulosa_21907,chr6,21769108,21770270,1162
granulosa_21908,chr6,21779927,21782011,2084
granulosa_21909,chr6,21831064,21832354,1290
granulosa_21910,chr6,21845962,21847676,1714
granulosa_21911,chr6,21907945,21909549,1604
granulosa_21912,chr6,21953406,21955343,1937
granulosa_21913,chr6,21986640,21987971,1331
granulosa_21914,chr6,22132736,22133897,1161
granulosa_21915,chr6,22146615,22149460,2845
granulosa_21916,chr6,23736033,23736958,925
granulosa_21917,chr6,24032377,24033648,1271
granulosa_21918,chr6,24034712,24035522,810
granulosa_21919,chr6,24098673,24099524,851
granulosa_21920,chr6,24125629,24127128,1499
granulosa_21921,chr6,24282797,24284301,1504
granulosa_21922,chr6,24313024,24314067,1043
granulosa_21923,chr6,24357235,24358568,1333
granulosa_21924,chr6,24359593,24360432,839
granulosa_21925,chr6,24402549,24403953,1404
granulosa_21926,chr6,24494344,24495893,1549
granulosa_21927,chr6,24645336,24646777,1441
granulosa_21928,chr6,24665952,24667731,1779
granulosa_21929,chr6,24719119,24721820,2701
granulosa_21930,chr6,24774364,24775984,1620
granulosa_21931,chr6,24909860,24911619,1759
granulosa_21932,chr6,25238389,25240071,1682
granulosa_21933,chr6,25278354,25281326,2972
granulosa_21934,chr6,25523703,25525092,1389
granulosa_21935,chr6,25651643,25652614,971
granulosa_21936,chr6,25674463,25675866,1403
granulosa_21937,chr6,25748140,25749263,1123
granulosa_21938,chr6,25961988,25963884,1896
granulosa_21939,chr6,25991653,25993213,1560
granulosa_21940,chr6,26016101,26017111,1010
granulosa_21941,chr6,26017382,26018003,621
granulosa_21942,chr6,26020084,26022388,2304
granulosa_21943,chr6,26026053,26027531,1478
granulosa_21944,chr6,26031668,26034307,2639
granulosa_21945,chr6,26042957,26045823,2866
granulosa_21946,chr6,26054230,26057091,2861
granulosa_21947,chr6,26087145,26088605,1460
granulosa_21948,chr6,26103059,26105041,1982
granulosa_21949,chr6,26122461,26124640,2179
granulosa_21950,chr6,26125196,26126437,1241
granulosa_21951,chr6,26156133,26159631,3498
granulosa_21952,chr6,26171414,26173150,1736
granulosa_21953,chr6,26183071,26184319,1248
granulosa_21954,chr6,26188063,26189514,1451
granulosa_21955,chr6,26195295,26195870,575
granulosa_21956,chr6,26196704,26197609,905
granulosa_21957,chr6,26198790,26200024,1234
granulosa_21958,chr6,26203892,26206489,2597
granulosa_21959,chr6,26214899,26218137,3238
granulosa_21960,chr6,26223249,26226205,2956
granulosa_21961,chr6,26232561,26235166,2605
granulosa_21962,chr6,26239823,26241664,1841
granulosa_21963,chr6,26249389,26251003,1614
granulosa_21964,chr6,26251258,26252064,806
granulosa_21965,chr6,26270589,26271739,1150
granulosa_21966,chr6,26272100,26274443,2343
granulosa_21967,chr6,26283824,26286685,2861
granulosa_21968,chr6,26304565,26305953,1388
granulosa_21969,chr6,26310990,26313738,2748
granulosa_21970,chr6,26321839,26323240,1401
granulosa_21971,chr6,26330842,26332755,1913
granulosa_21972,chr6,26340987,26342239,1252
granulosa_21973,chr6,26364078,26365712,1634
granulosa_21974,chr6,26382826,26384323,1497
granulosa_21975,chr6,26401497,26402669,1172
granulosa_21976,chr6,26420466,26422237,1771
granulosa_21977,chr6,26439854,26441230,1376
granulosa_21978,chr6,26457166,26458758,1592
granulosa_21979,chr6,26473475,26474897,1422
granulosa_21980,chr6,26501043,26503239,2196
granulosa_21981,chr6,26520313,26522472,2159
granulosa_21982,chr6,26532585,26533497,912
granulosa_21983,chr6,26536602,26538878,2276
granulosa_21984,chr6,26550232,26550937,705
granulosa_21985,chr6,26552938,26555531,2593
granulosa_21986,chr6,26568053,26569393,1340
granulosa_21987,chr6,26571511,26572857,1346
granulosa_21988,chr6,26595317,26596250,933
granulosa_21989,chr6,26596448,26597496,1048
granulosa_21990,chr6,26613141,26614767,1626
granulosa_21991,chr6,26658728,26660567,1839
granulosa_21992,chr6,26955898,26957176,1278
granulosa_21993,chr6,27018863,27020547,1684
granulosa_21994,chr6,27126822,27127492,670
granulosa_21995,chr6,27131402,27134131,2729
granulosa_21996,chr6,27138935,27140218,1283
granulosa_21997,chr6,27145207,27147934,2727
granulosa_21998,chr6,27157031,27158422,1391
granulosa_21999,chr6,27176578,27178697,2119
granulosa_22000,chr6,27187379,27189190,1811
granulosa_22001,chr6,27250573,27252158,1585
granulosa_22002,chr6,27311433,27313059,1626
granulosa_22003,chr6,27332627,27333729,1102
granulosa_22004,chr6,27374220,27376047,1827
granulosa_22005,chr6,27388042,27389716,1674
granulosa_22006,chr6,27471534,27473567,2033
granulosa_22007,chr6,27478035,27480065,2030
granulosa_22008,chr6,27502324,27503954,1630
granulosa_22009,chr6,27518295,27519833,1538
granulosa_22010,chr6,27616687,27618531,1844
granulosa_22011,chr6,27630405,27631832,1427
granulosa_22012,chr6,27687194,27688583,1389
granulosa_22013,chr6,27693387,27694837,1450
granulosa_22014,chr6,27752014,27753628,1614
granulosa_22015,chr6,27753941,27754403,462
granulosa_22016,chr6,27772089,27772854,765
granulosa_22017,chr6,27791170,27793247,2077
granulosa_22018,chr6,27806682,27808644,1962
granulosa_22019,chr6,27809799,27810644,845
granulosa_22020,chr6,27813964,27815906,1942
granulosa_22021,chr6,27823460,27825411,1951
granulosa_22022,chr6,27830114,27831807,1693
granulosa_22023,chr6,27836733,27840017,3284
granulosa_22024,chr6,27863760,27865753,1993
granulosa_22025,chr6,27865996,27867733,1737
granulosa_22026,chr6,27871588,27873925,2337
granulosa_22027,chr6,27890203,27891080,877
granulosa_22028,chr6,27892524,27893869,1345
granulosa_22029,chr6,27894250,27895848,1598
granulosa_22030,chr6,27902167,27903729,1562
granulosa_22031,chr6,28079819,28081698,1879
granulosa_22032,chr6,28089978,28092961,2983
granulosa_22033,chr6,28104264,28105692,1428
granulosa_22034,chr6,28123940,28125139,1199
granulosa_22035,chr6,28136176,28137851,1675
granulosa_22036,chr6,28141371,28142340,969
granulosa_22037,chr6,28161334,28162073,739
granulosa_22038,chr6,28218340,28219187,847
granulosa_22039,chr6,28224670,28226288,1618
granulosa_22040,chr6,28251409,28252947,1538
granulosa_22041,chr6,28266572,28267789,1217
granulosa_22042,chr6,28281160,28282270,1110
granulosa_22043,chr6,28335009,28337520,2511
granulosa_22044,chr6,28349526,28350462,936
granulosa_22045,chr6,28355340,28356686,1346
granulosa_22046,chr6,28382984,28383906,922
granulosa_22047,chr6,28399082,28400222,1140
granulosa_22048,chr6,28442460,28443679,1219
granulosa_22049,chr6,28488740,28490696,1956
granulosa_22050,chr6,28522716,28524009,1293
granulosa_22051,chr6,28542302,28544662,2360
granulosa_22052,chr6,28553127,28554835,1708
granulosa_22053,chr6,28586246,28588009,1763
granulosa_22054,chr6,28588776,28590263,1487
granulosa_22055,chr6,28606304,28608460,2156
granulosa_22056,chr6,28634357,28636127,1770
granulosa_22057,chr6,28647906,28649396,1490
granulosa_22058,chr6,28657068,28659386,2318
granulosa_22059,chr6,28673424,28674766,1342
granulosa_22060,chr6,28728371,28729630,1259
granulosa_22061,chr6,28752303,28753108,805
granulosa_22062,chr6,28765450,28767062,1612
granulosa_22063,chr6,28772786,28773590,804
granulosa_22064,chr6,28775138,28776790,1652
granulosa_22065,chr6,28837274,28839553,2279
granulosa_22066,chr6,28863394,28864503,1109
granulosa_22067,chr6,28865475,28867335,1860
granulosa_22068,chr6,28880307,28881619,1312
granulosa_22069,chr6,28895261,28897339,2078
granulosa_22070,chr6,28922157,28924576,2419
granulosa_22071,chr6,28939963,28941872,1909
granulosa_22072,chr6,28952840,28954586,1746
granulosa_22073,chr6,28980662,28982863,2201
granulosa_22074,chr6,28984565,28985919,1354
granulosa_22075,chr6,29005006,29005833,827
granulosa_22076,chr6,29010988,29011835,847
granulosa_22077,chr6,29016322,29017373,1051
granulosa_22078,chr6,29552330,29554046,1716
granulosa_22079,chr6,29627106,29629033,1927
granulosa_22080,chr6,29632113,29633902,1789
granulosa_22081,chr6,29649449,29650383,934
granulosa_22082,chr6,29722924,29724487,1563
granulosa_22083,chr6,29748253,29749477,1224
granulosa_22084,chr6,29752335,29753378,1043
granulosa_22085,chr6,29791788,29793261,1473
granulosa_22086,chr6,29887209,29888716,1507
granulosa_22087,chr6,29925345,29927510,2165
granulosa_22088,chr6,29941418,29943564,2146
granulosa_22089,chr6,29964495,29966444,1949
granulosa_22090,chr6,29976154,29977462,1308
granulosa_22091,chr6,30005898,30007645,1747
granulosa_22092,chr6,30060055,30062014,1959
granulosa_22093,chr6,30066377,30067659,1282
granulosa_22094,chr6,30071152,30071718,566
granulosa_22095,chr6,30073803,30076232,2429
granulosa_22096,chr6,30101523,30102376,853
granulosa_22097,chr6,30171417,30172599,1182
granulosa_22098,chr6,30212683,30214720,2037
granulosa_22099,chr6,30259005,30260614,1609
granulosa_22100,chr6,30325014,30327625,2611
granulosa_22101,chr6,30344537,30345789,1252
granulosa_22102,chr6,30357165,30358510,1345
granulosa_22103,chr6,30465999,30466990,991
granulosa_22104,chr6,30481079,30482398,1319
granulosa_22105,chr6,30489012,30490521,1509
granulosa_22106,chr6,30493442,30495376,1934
granulosa_22107,chr6,30515454,30516817,1363
granulosa_22108,chr6,30541435,30542673,1238
granulosa_22109,chr6,30555185,30557715,2530
granulosa_22110,chr6,30570509,30572005,1496
granulosa_22111,chr6,30614443,30616339,1896
granulosa_22112,chr6,30616558,30618158,1600
granulosa_22113,chr6,30626153,30627589,1436
granulosa_22114,chr6,30646128,30648200,2072
granulosa_22115,chr6,30671952,30673285,1333
granulosa_22116,chr6,30678815,30680016,1201
granulosa_22117,chr6,30686249,30688038,1789
granulosa_22118,chr6,30690396,30691269,873
granulosa_22119,chr6,30716864,30717813,949
granulosa_22120,chr6,30719737,30720446,709
granulosa_22121,chr6,30720798,30721793,995
granulosa_22122,chr6,30730560,30731363,803
granulosa_22123,chr6,30741839,30744770,2931
granulosa_22124,chr6,30778647,30779910,1263
granulosa_22125,chr6,30781463,30782331,868
granulosa_22126,chr6,30877334,30878052,718
granulosa_22127,chr6,30882334,30883447,1113
granulosa_22128,chr6,30883603,30885365,1762
granulosa_22129,chr6,30886007,30886749,742
granulosa_22130,chr6,30907345,30908706,1361
granulosa_22131,chr6,30913370,30915936,2566
granulosa_22132,chr6,30954663,30956195,1532
granulosa_22133,chr6,31070399,31071089,690
granulosa_22134,chr6,31122654,31123648,994
granulosa_22135,chr6,31157445,31159598,2153
granulosa_22136,chr6,31195356,31198350,2994
granulosa_22137,chr6,31270881,31272694,1813
granulosa_22138,chr6,31355973,31357724,1751
granulosa_22139,chr6,31366524,31367423,899
granulosa_22140,chr6,31399369,31400844,1475
granulosa_22141,chr6,31402786,31404231,1445
granulosa_22142,chr6,31462330,31463777,1447
granulosa_22143,chr6,31493765,31495023,1258
granulosa_22144,chr6,31497383,31498437,1054
granulosa_22145,chr6,31528100,31530125,2025
granulosa_22146,chr6,31541017,31542683,1666
granulosa_22147,chr6,31546211,31547786,1575
granulosa_22148,chr6,31580326,31581842,1516
granulosa_22149,chr6,31619694,31621410,1716
granulosa_22150,chr6,31651431,31653426,1995
granulosa_22151,chr6,31659558,31661064,1506
granulosa_22152,chr6,31664563,31666816,2253
granulosa_22153,chr6,31680415,31681773,1358
granulosa_22154,chr6,31682793,31683917,1124
granulosa_22155,chr6,31701604,31704029,2425
granulosa_22156,chr6,31713501,31714682,1181
granulosa_22157,chr6,31728281,31730505,2224
granulosa_22158,chr6,31734633,31736680,2047
granulosa_22159,chr6,31737419,31738554,1135
granulosa_22160,chr6,31739206,31740639,1433
granulosa_22161,chr6,31776414,31777668,1254
granulosa_22162,chr6,31794345,31796358,2013
granulosa_22163,chr6,31806044,31807625,1581
granulosa_22164,chr6,31813953,31815745,1792
granulosa_22165,chr6,31817969,31819625,1656
granulosa_22166,chr6,31821202,31822565,1363
granulosa_22167,chr6,31826537,31827960,1423
granulosa_22168,chr6,31830305,31832143,1838
granulosa_22169,chr6,31834259,31835381,1122
granulosa_22170,chr6,31862018,31864199,2181
granulosa_22171,chr6,31896751,31897995,1244
granulosa_22172,chr6,31900902,31902769,1867
granulosa_22173,chr6,31958155,31959661,1506
granulosa_22174,chr6,31971224,31973087,1863
granulosa_22175,chr6,32086152,32088749,2597
granulosa_22176,chr6,32092697,32093813,1116
granulosa_22177,chr6,32095321,32097201,1880
granulosa_22178,chr6,32107957,32109862,1905
granulosa_22179,chr6,32113709,32114434,725
granulosa_22180,chr6,32118562,32119603,1041
granulosa_22181,chr6,32127030,32128561,1531
granulosa_22182,chr6,32129474,32130768,1294
granulosa_22183,chr6,32139512,32140937,1425
granulosa_22184,chr6,32152771,32154934,2163
granulosa_22185,chr6,32175624,32176363,739
granulosa_22186,chr6,32177067,32178921,1854
granulosa_22187,chr6,32188289,32190926,2637
granulosa_22188,chr6,32195047,32197081,2034
granulosa_22189,chr6,32244022,32245591,1569
granulosa_22190,chr6,32254404,32255975,1571
granulosa_22191,chr6,32521327,32522823,1496
granulosa_22192,chr6,32583486,32584915,1429
granulosa_22193,chr6,32609412,32610310,898
granulosa_22194,chr6,32837610,32839143,1533
granulosa_22195,chr6,32843440,32845040,1600
granulosa_22196,chr6,32852434,32854690,2256
granulosa_22197,chr6,32860792,32861786,994
granulosa_22198,chr6,32867015,32868519,1504
granulosa_22199,chr6,32893376,32895484,2108
granulosa_22200,chr6,32968033,32970465,2432
granulosa_22201,chr6,32970706,32971074,368
granulosa_22202,chr6,32971507,32972511,1004
granulosa_22203,chr6,32981614,32983561,1947
granulosa_22204,chr6,32984352,32985150,798
granulosa_22205,chr6,33008990,33009910,920
granulosa_22206,chr6,33080154,33081313,1159
granulosa_22207,chr6,33160684,33162157,1473
granulosa_22208,chr6,33191327,33193637,2310
granulosa_22209,chr6,33199768,33201291,1523
granulosa_22210,chr6,33204329,33205127,798
granulosa_22211,chr6,33207476,33208908,1432
granulosa_22212,chr6,33212964,33214399,1435
granulosa_22213,chr6,33247795,33250104,2309
granulosa_22214,chr6,33271175,33272475,1300
granulosa_22215,chr6,33276649,33278246,1597
granulosa_22216,chr6,33288491,33290074,1583
granulosa_22217,chr6,33297381,33300265,2884
granulosa_22218,chr6,33312017,33314827,2810
granulosa_22219,chr6,33317213,33318335,1122
granulosa_22220,chr6,33322502,33323929,1427
granulosa_22221,chr6,33344701,33345775,1074
granulosa_22222,chr6,33390844,33392671,1827
granulosa_22223,chr6,33409448,33411426,1978
granulosa_22224,chr6,33417102,33418745,1643
granulosa_22225,chr6,33419712,33420601,889
granulosa_22226,chr6,33425045,33426886,1841
granulosa_22227,chr6,33427520,33428499,979
granulosa_22228,chr6,33453384,33455246,1862
granulosa_22229,chr6,33570679,33572045,1366
granulosa_22230,chr6,33579287,33580613,1326
granulosa_22231,chr6,33585264,33586145,881
granulosa_22232,chr6,33619884,33622424,2540
granulosa_22233,chr6,33632553,33634776,2223
granulosa_22234,chr6,33710792,33712180,1388
granulosa_22235,chr6,33742169,33743293,1124
granulosa_22236,chr6,33771016,33772244,1228
granulosa_22237,chr6,33787409,33789381,1972
granulosa_22238,chr6,33837692,33839295,1603
granulosa_22239,chr6,33877772,33879186,1414
granulosa_22240,chr6,33924962,33926756,1794
granulosa_22241,chr6,33978150,33979283,1133
granulosa_22242,chr6,33994774,33995925,1151
granulosa_22243,chr6,34039739,34040594,855
granulosa_22244,chr6,34143750,34146216,2466
granulosa_22245,chr6,34154188,34155406,1218
granulosa_22246,chr6,34195819,34196917,1098
granulosa_22247,chr6,34223336,34224675,1339
granulosa_22248,chr6,34234790,34238358,3568
granulosa_22249,chr6,34248303,34249630,1327
granulosa_22250,chr6,34390795,34393224,2429
granulosa_22251,chr6,34424853,34426542,1689
granulosa_22252,chr6,34465246,34466672,1426
granulosa_22253,chr6,34514432,34515492,1060
granulosa_22254,chr6,34526248,34527597,1349
granulosa_22255,chr6,34531372,34532764,1392
granulosa_22256,chr6,34695119,34697454,2335
granulosa_22257,chr6,34708940,34710299,1359
granulosa_22258,chr6,34756216,34757825,1609
granulosa_22259,chr6,34791195,34793433,2238
granulosa_22260,chr6,34887170,34890164,2994
granulosa_22261,chr6,34956664,34958278,1614
granulosa_22262,chr6,35139325,35142170,2845
granulosa_22263,chr6,35213152,35214803,1651
granulosa_22264,chr6,35258395,35260672,2277
granulosa_22265,chr6,35297407,35298133,726
granulosa_22266,chr6,35317510,35318972,1462
granulosa_22267,chr6,35341531,35344454,2923
granulosa_22268,chr6,35414591,35415581,990
granulosa_22269,chr6,35451197,35453530,2333
granulosa_22270,chr6,35467717,35469925,2208
granulosa_22271,chr6,35484902,35486769,1867
granulosa_22272,chr6,35489978,35490822,844
granulosa_22273,chr6,35495776,35498427,2651
granulosa_22274,chr6,35687275,35689432,2157
granulosa_22275,chr6,35718243,35720753,2510
granulosa_22276,chr6,35725709,35728451,2742
granulosa_22277,chr6,35731190,35732629,1439
granulosa_22278,chr6,35776299,35777320,1021
granulosa_22279,chr6,35804822,35805798,976
granulosa_22280,chr6,35919223,35921385,2162
granulosa_22281,chr6,36027102,36029118,2016
granulosa_22282,chr6,36053630,36055313,1683
granulosa_22283,chr6,36064969,36066443,1474
granulosa_22284,chr6,36129921,36132569,2648
granulosa_22285,chr6,36195613,36197672,2059
granulosa_22286,chr6,36227432,36228400,968
granulosa_22287,chr6,36241428,36242854,1426
granulosa_22288,chr6,36332965,36334992,2027
granulosa_22289,chr6,36360104,36361036,932
granulosa_22290,chr6,36386300,36388436,2136
granulosa_22291,chr6,36422760,36424193,1433
granulosa_22292,chr6,36442377,36444885,2508
granulosa_22293,chr6,36545978,36547725,1747
granulosa_22294,chr6,36593400,36594812,1412
granulosa_22295,chr6,36595052,36596140,1088
granulosa_22296,chr6,36608827,36609910,1083
granulosa_22297,chr6,36623057,36624198,1141
granulosa_22298,chr6,36666637,36667543,906
granulosa_22299,chr6,36678241,36680999,2758
granulosa_22300,chr6,36734874,36736124,1250
granulosa_22301,chr6,36765050,36766505,1455
granulosa_22302,chr6,36768722,36770275,1553
granulosa_22303,chr6,36793154,36794878,1724
granulosa_22304,chr6,36838950,36841356,2406
granulosa_22305,chr6,36844116,36845030,914
granulosa_22306,chr6,36848459,36849492,1033
granulosa_22307,chr6,36873604,36875616,2012
granulosa_22308,chr6,36885140,36886707,1567
granulosa_22309,chr6,36984592,36987287,2695
granulosa_22310,chr6,36997415,36999551,2136
granulosa_22311,chr6,37017563,37019536,1973
granulosa_22312,chr6,37050924,37051932,1008
granulosa_22313,chr6,37077273,37078365,1092
granulosa_22314,chr6,37083064,37083950,886
granulosa_22315,chr6,37101930,37103931,2001
granulosa_22316,chr6,37125385,37126820,1435
granulosa_22317,chr6,37136984,37138466,1482
granulosa_22318,chr6,37168876,37171062,2186
granulosa_22319,chr6,37171955,37172527,572
granulosa_22320,chr6,37221699,37222984,1285
granulosa_22321,chr6,37257180,37258774,1594
granulosa_22322,chr6,37352932,37355301,2369
granulosa_22323,chr6,37361530,37363143,1613
granulosa_22324,chr6,37381051,37382022,971
granulosa_22325,chr6,37432470,37434335,1865
granulosa_22326,chr6,37483908,37484621,713
granulosa_22327,chr6,37487189,37488192,1003
granulosa_22328,chr6,37492275,37493923,1648
granulosa_22329,chr6,37499188,37500393,1205
granulosa_22330,chr6,37534946,37537176,2230
granulosa_22331,chr6,37559187,37560792,1605
granulosa_22332,chr6,37565105,37566651,1546
granulosa_22333,chr6,37569347,37570255,908
granulosa_22334,chr6,37624108,37625905,1797
granulosa_22335,chr6,37695846,37699278,3432
granulosa_22336,chr6,37704909,37706185,1276
granulosa_22337,chr6,37783018,37785299,2281
granulosa_22338,chr6,37790387,37791761,1374
granulosa_22339,chr6,37807365,37809495,2130
granulosa_22340,chr6,37818328,37820591,2263
granulosa_22341,chr6,38176722,38177879,1157
granulosa_22342,chr6,38638791,38640816,2025
granulosa_22343,chr6,38702154,38703453,1299
granulosa_22344,chr6,39088095,39088903,808
granulosa_22345,chr6,39114069,39115550,1481
granulosa_22346,chr6,39156514,39158582,2068
granulosa_22347,chr6,39228077,39230046,1969
granulosa_22348,chr6,39361688,39362773,1085
granulosa_22349,chr6,39381226,39382109,883
granulosa_22350,chr6,39724510,39725858,1348
granulosa_22351,chr6,39791382,39793750,2368
granulosa_22352,chr6,39823649,39824927,1278
granulosa_22353,chr6,39933651,39934709,1058
granulosa_22354,chr6,40275401,40276847,1446
granulosa_22355,chr6,40285221,40287015,1794
granulosa_22356,chr6,40307765,40309037,1272
granulosa_22357,chr6,40416768,40417913,1145
granulosa_22358,chr6,40471965,40473358,1393
granulosa_22359,chr6,40485105,40486191,1086
granulosa_22360,chr6,40585634,40588152,2518
granulosa_22361,chr6,40599166,40600172,1006
granulosa_22362,chr6,40670896,40672477,1581
granulosa_22363,chr6,40754294,40756035,1741
granulosa_22364,chr6,41027189,41029224,2035
granulosa_22365,chr6,41071576,41074623,3047
granulosa_22366,chr6,41256461,41258127,1666
granulosa_22367,chr6,41318130,41319507,1377
granulosa_22368,chr6,41367660,41368058,398
granulosa_22369,chr6,41368721,41369397,676
granulosa_22370,chr6,41371271,41372401,1130
granulosa_22371,chr6,41427419,41429384,1965
granulosa_22372,chr6,41442125,41444424,2299
granulosa_22373,chr6,41444737,41445649,912
granulosa_22374,chr6,41449060,41450011,951
granulosa_22375,chr6,41469278,41471101,1823
granulosa_22376,chr6,41487910,41489976,2066
granulosa_22377,chr6,41502816,41505757,2941
granulosa_22378,chr6,41509108,41510559,1451
granulosa_22379,chr6,41545482,41548263,2781
granulosa_22380,chr6,41560059,41561719,1660
granulosa_22381,chr6,41576066,41577239,1173
granulosa_22382,chr6,41586368,41587794,1426
granulosa_22383,chr6,41602747,41603379,632
granulosa_22384,chr6,41637615,41640630,3015
granulosa_22385,chr6,41653853,41656766,2913
granulosa_22386,chr6,41681910,41684082,2172
granulosa_22387,chr6,41728004,41728917,913
granulosa_22388,chr6,41733482,41735865,2383
granulosa_22389,chr6,41779284,41781627,2343
granulosa_22390,chr6,41786021,41788039,2018
granulosa_22391,chr6,41894216,41896204,1988
granulosa_22392,chr6,41920376,41922385,2009
granulosa_22393,chr6,41934978,41936646,1668
granulosa_22394,chr6,41939005,41940166,1161
granulosa_22395,chr6,41940349,41942289,1940
granulosa_22396,chr6,42043779,42044531,752
granulosa_22397,chr6,42045432,42046365,933
granulosa_22398,chr6,42048098,42049054,956
granulosa_22399,chr6,42049978,42051104,1126
granulosa_22400,chr6,42103922,42105417,1495
granulosa_22401,chr6,42105712,42106993,1281
granulosa_22402,chr6,42136227,42137889,1662
granulosa_22403,chr6,42141459,42143226,1767
granulosa_22404,chr6,42166229,42167212,983
granulosa_22405,chr6,42217179,42218296,1117
granulosa_22406,chr6,42250171,42251144,973
granulosa_22407,chr6,42251350,42252603,1253
granulosa_22408,chr6,42440523,42442254,1731
granulosa_22409,chr6,42450863,42454191,3328
granulosa_22410,chr6,42547019,42548367,1348
granulosa_22411,chr6,42563367,42565561,2194
granulosa_22412,chr6,42726020,42727998,1978
granulosa_22413,chr6,42744679,42747762,3083
granulosa_22414,chr6,42770462,42771700,1238
granulosa_22415,chr6,42781532,42784010,2478
granulosa_22416,chr6,42879010,42880428,1418
granulosa_22417,chr6,42889945,42891365,1420
granulosa_22418,chr6,42901308,42903151,1843
granulosa_22419,chr6,42907170,42907950,780
granulosa_22420,chr6,42911116,42912056,940
granulosa_22421,chr6,42928485,42930650,2165
granulosa_22422,chr6,42959977,42961458,1481
granulosa_22423,chr6,42978249,42979745,1496
granulosa_22424,chr6,42983758,42985380,1622
granulosa_22425,chr6,43013109,43015387,2278
granulosa_22426,chr6,43020774,43022273,1499
granulosa_22427,chr6,43052631,43054380,1749
granulosa_22428,chr6,43058956,43060731,1775
granulosa_22429,chr6,43074793,43077592,2799
granulosa_22430,chr6,43089206,43091232,2026
granulosa_22431,chr6,43142869,43144009,1140
granulosa_22432,chr6,43170181,43172747,2566
granulosa_22433,chr6,43173945,43174913,968
granulosa_22434,chr6,43180769,43182687,1918
granulosa_22435,chr6,43228698,43229910,1212
granulosa_22436,chr6,43246402,43247852,1450
granulosa_22437,chr6,43269318,43270856,1538
granulosa_22438,chr6,43274795,43276694,1899
granulosa_22439,chr6,43307602,43309271,1669
granulosa_22440,chr6,43368166,43370476,2310
granulosa_22441,chr6,43426873,43428337,1464
granulosa_22442,chr6,43454324,43456243,1919
granulosa_22443,chr6,43476770,43478358,1588
granulosa_22444,chr6,43509210,43510924,1714
granulosa_22445,chr6,43515934,43517768,1834
granulosa_22446,chr6,43574903,43576783,1880
granulosa_22447,chr6,43628376,43630451,2075
granulosa_22448,chr6,43635149,43636685,1536
granulosa_22449,chr6,43644607,43645898,1291
granulosa_22450,chr6,43666997,43668720,1723
granulosa_22451,chr6,43673314,43674947,1633
granulosa_22452,chr6,43686969,43688279,1310
granulosa_22453,chr6,43702348,43703319,971
granulosa_22454,chr6,43714048,43715173,1125
granulosa_22455,chr6,43715548,43716854,1306
granulosa_22456,chr6,43768761,43772149,3388
granulosa_22457,chr6,43772623,43773560,937
granulosa_22458,chr6,43774608,43775110,502
granulosa_22459,chr6,43779507,43780634,1127
granulosa_22460,chr6,43823815,43825888,2073
granulosa_22461,chr6,43858568,43860744,2176
granulosa_22462,chr6,43950940,43952275,1335
granulosa_22463,chr6,43989848,43991413,1565
granulosa_22464,chr6,43993565,43994596,1031
granulosa_22465,chr6,44001188,44003585,2397
granulosa_22466,chr6,44056448,44057528,1080
granulosa_22467,chr6,44072724,44074867,2143
granulosa_22468,chr6,44076340,44077210,870
granulosa_22469,chr6,44109000,44110482,1482
granulosa_22470,chr6,44126027,44128655,2628
granulosa_22471,chr6,44151502,44152375,873
granulosa_22472,chr6,44218919,44219901,982
granulosa_22473,chr6,44221248,44221969,721
granulosa_22474,chr6,44223075,44224281,1206
granulosa_22475,chr6,44233756,44235310,1554
granulosa_22476,chr6,44237150,44238302,1152
granulosa_22477,chr6,44245681,44248074,2393
granulosa_22478,chr6,44254226,44255539,1313
granulosa_22479,chr6,44256014,44257974,1960
granulosa_22480,chr6,44264267,44265823,1556
granulosa_22481,chr6,44270218,44271325,1107
granulosa_22482,chr6,44275225,44276657,1432
granulosa_22483,chr6,44296713,44298571,1858
granulosa_22484,chr6,44312293,44313639,1346
granulosa_22485,chr6,44386512,44388474,1962
granulosa_22486,chr6,44463604,44465458,1854
granulosa_22487,chr6,44475485,44476340,855
granulosa_22488,chr6,44799885,44801386,1501
granulosa_22489,chr6,45376520,45378651,2131
granulosa_22490,chr6,45421410,45424231,2821
granulosa_22491,chr6,45590132,45592498,2366
granulosa_22492,chr6,45663087,45664177,1090
granulosa_22493,chr6,45951047,45952452,1405
granulosa_22494,chr6,46014278,46016067,1789
granulosa_22495,chr6,46129128,46130527,1399
granulosa_22496,chr6,46169989,46171554,1565
granulosa_22497,chr6,46490405,46492364,1959
granulosa_22498,chr6,46651823,46653569,1746
granulosa_22499,chr6,46734019,46735811,1792
granulosa_22500,chr6,46848512,46849528,1016
granulosa_22501,chr6,47308594,47310211,1617
granulosa_22502,chr6,47476693,47479434,2741
granulosa_22503,chr6,48067958,48069721,1763
granulosa_22504,chr6,48073958,48074840,882
granulosa_22505,chr6,49461934,49463885,1951
granulosa_22506,chr6,49550012,49551969,1957
granulosa_22507,chr6,50277143,50279019,1876
granulosa_22508,chr6,50819421,50820672,1251
granulosa_22509,chr6,50849030,50851538,2508
granulosa_22510,chr6,52283967,52285483,1516
granulosa_22511,chr6,52361326,52363526,2200
granulosa_22512,chr6,52419222,52421250,2028
granulosa_22513,chr6,52551076,52552759,1683
granulosa_22514,chr6,52576144,52577702,1558
granulosa_22515,chr6,52594809,52596146,1337
granulosa_22516,chr6,52663233,52665011,1778
granulosa_22517,chr6,52670304,52671614,1310
granulosa_22518,chr6,52993945,52996927,2982
granulosa_22519,chr6,53060846,53062052,1206
granulosa_22520,chr6,53064500,53066411,1911
granulosa_22521,chr6,53281472,53283214,1742
granulosa_22522,chr6,53347315,53349438,2123
granulosa_22523,chr6,53358481,53360479,1998
granulosa_22524,chr6,53543319,53545321,2002
granulosa_22525,chr6,53547326,53548538,1212
granulosa_22526,chr6,53651139,53652742,1603
granulosa_22527,chr6,53793249,53796257,3008
granulosa_22528,chr6,54845982,54847779,1797
granulosa_22529,chr6,55578418,55579514,1096
granulosa_22530,chr6,56245816,56248224,2408
granulosa_22531,chr6,56510954,56511694,740
granulosa_22532,chr6,56541808,56543374,1566
granulosa_22533,chr6,56842620,56844608,1988
granulosa_22534,chr6,56849907,56852487,2580
granulosa_22535,chr6,56953474,56956146,2672
granulosa_22536,chr6,57045988,57046809,821
granulosa_22537,chr6,57089058,57090303,1245
granulosa_22538,chr6,57171722,57173853,2131
granulosa_22539,chr6,57221143,57222960,1817
granulosa_22540,chr6,57316274,57318078,1804
granulosa_22541,chr6,57960900,57961761,861
granulosa_22542,chr6,61585699,61587642,1943
granulosa_22543,chr6,62285227,62286830,1603
granulosa_22544,chr6,63571579,63574559,2980
granulosa_22545,chr6,63597584,63599048,1464
granulosa_22546,chr6,63635141,63637006,1865
granulosa_22547,chr6,64077483,64079167,1684
granulosa_22548,chr6,68633933,68636284,2351
granulosa_22549,chr6,69232364,69233473,1109
granulosa_22550,chr6,69795503,69797444,1941
granulosa_22551,chr6,69866242,69867973,1731
granulosa_22552,chr6,69973815,69975339,1524
granulosa_22553,chr6,70162700,70163514,814
granulosa_22554,chr6,70412637,70414518,1881
granulosa_22555,chr6,70566326,70567472,1146
granulosa_22556,chr6,70667102,70668752,1650
granulosa_22557,chr6,70955346,70957760,2414
granulosa_22558,chr6,71106757,71108544,1787
granulosa_22559,chr6,71287956,71289743,1787
granulosa_22560,chr6,71419318,71421293,1975
granulosa_22561,chr6,71886156,71887689,1533
granulosa_22562,chr6,71940331,71941080,749
granulosa_22563,chr6,72181867,72183375,1508
granulosa_22564,chr6,72619847,72620729,882
granulosa_22565,chr6,72620938,72623382,2444
granulosa_22566,chr6,72954060,72956337,2277
granulosa_22567,chr6,72973808,72974906,1098
granulosa_22568,chr6,73262231,73263853,1622
granulosa_22569,chr6,73308941,73310562,1621
granulosa_22570,chr6,73450946,73452508,1562
granulosa_22571,chr6,73461132,73462476,1344
granulosa_22572,chr6,73515286,73516493,1207
granulosa_22573,chr6,73520069,73521946,1877
granulosa_22574,chr6,73523378,73523959,581
granulosa_22575,chr6,73584858,73586876,2018
granulosa_22576,chr6,73638383,73639580,1197
granulosa_22577,chr6,73652617,73654659,2042
granulosa_22578,chr6,73695049,73696576,1527
granulosa_22579,chr6,73769651,73770478,827
granulosa_22580,chr6,73800828,73802174,1346
granulosa_22581,chr6,75203842,75206427,2585
granulosa_22582,chr6,75243084,75244523,1439
granulosa_22583,chr6,75283825,75285589,1764
granulosa_22584,chr6,75601322,75603040,1718
granulosa_22585,chr6,75748266,75750237,1971
granulosa_22586,chr6,75934685,75935691,1006
granulosa_22587,chr6,77462571,77464571,2000
granulosa_22588,chr6,77465772,77467271,1499
granulosa_22589,chr6,78482223,78484990,2767
granulosa_22590,chr6,78867013,78868606,1593
granulosa_22591,chr6,79076703,79078971,2268
granulosa_22592,chr6,79233405,79234981,1576
granulosa_22593,chr6,79384434,79386502,2068
granulosa_22594,chr6,79435760,79437032,1272
granulosa_22595,chr6,79525028,79526455,1427
granulosa_22596,chr6,79536233,79538093,1860
granulosa_22597,chr6,79544151,79545436,1285
granulosa_22598,chr6,79569887,79571305,1418
granulosa_22599,chr6,79599477,79601275,1798
granulosa_22600,chr6,79630316,79632059,1743
granulosa_22601,chr6,79777578,79778601,1023
granulosa_22602,chr6,79867776,79868916,1140
granulosa_22603,chr6,79869160,79870006,846
granulosa_22604,chr6,79946235,79948029,1794
granulosa_22605,chr6,80003462,80005042,1580
granulosa_22606,chr6,80105959,80107262,1303
granulosa_22607,chr6,81751491,81754215,2724
granulosa_22608,chr6,82071464,82072671,1207
granulosa_22609,chr6,82246711,82248591,1880
granulosa_22610,chr6,82362865,82365673,2808
granulosa_22611,chr6,83064861,83066074,1213
granulosa_22612,chr6,83067407,83068465,1058
granulosa_22613,chr6,83192476,83194519,2043
granulosa_22614,chr6,83429732,83431881,2149
granulosa_22615,chr6,83462004,83463040,1036
granulosa_22616,chr6,83504143,83505699,1556
granulosa_22617,chr6,83511691,83513208,1517
granulosa_22618,chr6,83707604,83709732,2128
granulosa_22619,chr6,83852925,83854299,1374
granulosa_22620,chr6,83859148,83860441,1293
granulosa_22621,chr6,84032909,84034670,1761
granulosa_22622,chr6,84051698,84052936,1238
granulosa_22623,chr6,84074283,84075723,1440
granulosa_22624,chr6,84226761,84228344,1583
granulosa_22625,chr6,84762305,84765045,2740
granulosa_22626,chr6,84772853,84775185,2332
granulosa_22627,chr6,85449211,85450785,1574
granulosa_22628,chr6,85592872,85594865,1993
granulosa_22629,chr6,85641578,85644316,2738
granulosa_22630,chr6,85677238,85679460,2222
granulosa_22631,chr6,85864478,85867895,3417
granulosa_22632,chr6,86330787,86332312,1525
granulosa_22633,chr6,86936746,86938698,1952
granulosa_22634,chr6,87151525,87152664,1139
granulosa_22635,chr6,87154687,87156579,1892
granulosa_22636,chr6,87321930,87323237,1307
granulosa_22637,chr6,87407257,87408978,1721
granulosa_22638,chr6,87472290,87473937,1647
granulosa_22639,chr6,87588897,87590841,1944
granulosa_22640,chr6,87700441,87703019,2578
granulosa_22641,chr6,87731479,87732648,1169
granulosa_22642,chr6,87796319,87797073,754
granulosa_22643,chr6,87798521,87799731,1210
granulosa_22644,chr6,88165401,88167904,2503
granulosa_22645,chr6,88262008,88262822,814
granulosa_22646,chr6,88518835,88520285,1450
granulosa_22647,chr6,88962751,88964198,1447
granulosa_22648,chr6,89034533,89036290,1757
granulosa_22649,chr6,89079584,89082123,2539
granulosa_22650,chr6,89116919,89118628,1709
granulosa_22651,chr6,89145416,89147197,1781
granulosa_22652,chr6,89351602,89353479,1877
granulosa_22653,chr6,89410684,89413349,2665
granulosa_22654,chr6,89432706,89434184,1478
granulosa_22655,chr6,89499860,89501675,1815
granulosa_22656,chr6,89637944,89639175,1231
granulosa_22657,chr6,89675461,89676764,1303
granulosa_22658,chr6,89818582,89820485,1903
granulosa_22659,chr6,89828868,89830728,1860
granulosa_22660,chr6,90183348,90185276,1928
granulosa_22661,chr6,90217928,90219928,2000
granulosa_22662,chr6,90294621,90297660,3039
granulosa_22663,chr6,90343302,90343980,678
granulosa_22664,chr6,90355375,90356628,1253
granulosa_22665,chr6,90362041,90363055,1014
granulosa_22666,chr6,90396611,90398508,1897
granulosa_22667,chr6,90413192,90414293,1101
granulosa_22668,chr6,90478895,90479654,759
granulosa_22669,chr6,90586310,90587687,1377
granulosa_22670,chr6,90610162,90611727,1565
granulosa_22671,chr6,90729404,90730677,1273
granulosa_22672,chr6,91018919,91019955,1036
granulosa_22673,chr6,91028491,91030332,1841
granulosa_22674,chr6,91081216,91082855,1639
granulosa_22675,chr6,91087543,91088797,1254
granulosa_22676,chr6,91149070,91150702,1632
granulosa_22677,chr6,93416378,93417744,1366
granulosa_22678,chr6,93418153,93420414,2261
granulosa_22679,chr6,95576582,95578311,1729
granulosa_22680,chr6,96014855,96016911,2056
granulosa_22681,chr6,96520789,96522762,1973
granulosa_22682,chr6,96836185,96838012,1827
granulosa_22683,chr6,96896902,96898868,1966
granulosa_22684,chr6,96923627,96925384,1757
granulosa_22685,chr6,97281964,97283729,1765
granulosa_22686,chr6,98823774,98825754,1980
granulosa_22687,chr6,98832338,98835592,3254
granulosa_22688,chr6,98844821,98846067,1246
granulosa_22689,chr6,98946768,98948435,1667
granulosa_22690,chr6,99348799,99350737,1938
granulosa_22691,chr6,99393329,99394425,1096
granulosa_22692,chr6,99424481,99426598,2117
granulosa_22693,chr6,99513902,99516201,2299
granulosa_22694,chr6,99520587,99522067,1480
granulosa_22695,chr6,99567719,99569565,1846
granulosa_22696,chr6,99588332,99589653,1321
granulosa_22697,chr6,99602426,99604073,1647
granulosa_22698,chr6,99612845,99615023,2178
granulosa_22699,chr6,99993189,99994349,1160
granulosa_22700,chr6,100228464,100229497,1033
granulosa_22701,chr6,100446318,100449588,3270
granulosa_22702,chr6,100464108,100465580,1472
granulosa_22703,chr6,100708656,100709633,977
granulosa_22704,chr6,100880376,100882141,1765
granulosa_22705,chr6,101391559,101394351,2792
granulosa_22706,chr6,101398818,101399816,998
granulosa_22707,chr6,101401303,101403121,1818
granulosa_22708,chr6,101403235,101404315,1080
granulosa_22709,chr6,104858494,104860182,1688
granulosa_22710,chr6,104940167,104941767,1600
granulosa_22711,chr6,105136088,105137785,1697
granulosa_22712,chr6,105179177,105180402,1225
granulosa_22713,chr6,105401967,105403766,1799
granulosa_22714,chr6,105452438,105454367,1929
granulosa_22715,chr6,105483416,105485831,2415
granulosa_22716,chr6,105499072,105501609,2537
granulosa_22717,chr6,105991700,105993546,1846
granulosa_22718,chr6,105993958,105995338,1380
granulosa_22719,chr6,106085160,106086614,1454
granulosa_22720,chr6,106324486,106326433,1947
granulosa_22721,chr6,106360187,106361511,1324
granulosa_22722,chr6,106509940,106510910,970
granulosa_22723,chr6,106511394,106513110,1716
granulosa_22724,chr6,106628696,106630684,1988
granulosa_22725,chr6,106973303,106975853,2550
granulosa_22726,chr6,107027468,107029076,1608
granulosa_22727,chr6,107113724,107117044,3320
granulosa_22728,chr6,107314081,107314958,877
granulosa_22729,chr6,107458517,107460329,1812
granulosa_22730,chr6,107488728,107491568,2840
granulosa_22731,chr6,107628750,107630142,1392
granulosa_22732,chr6,107674876,107676492,1616
granulosa_22733,chr6,107847621,107849119,1498
granulosa_22734,chr6,107956659,107958896,2237
granulosa_22735,chr6,107972232,107973364,1132
granulosa_22736,chr6,108073852,108075586,1734
granulosa_22737,chr6,108114723,108115335,612
granulosa_22738,chr6,108117522,108119709,2187
granulosa_22739,chr6,108133350,108134875,1525
granulosa_22740,chr6,108156173,108158561,2388
granulosa_22741,chr6,108164706,108166366,1660
granulosa_22742,chr6,108260051,108261871,1820
granulosa_22743,chr6,108293990,108295748,1758
granulosa_22744,chr6,108483508,108484573,1065
granulosa_22745,chr6,108557457,108558737,1280
granulosa_22746,chr6,108559055,108561113,2058
granulosa_22747,chr6,108562554,108562875,321
granulosa_22748,chr6,108574110,108575134,1024
granulosa_22749,chr6,108690707,108691680,973
granulosa_22750,chr6,108751839,108753463,1624
granulosa_22751,chr6,108781219,108782690,1471
granulosa_22752,chr6,108837546,108839053,1507
granulosa_22753,chr6,108847685,108849086,1401
granulosa_22754,chr6,108944169,108947168,2999
granulosa_22755,chr6,109008575,109010113,1538
granulosa_22756,chr6,109093559,109095926,2367
granulosa_22757,chr6,109381049,109383465,2416
granulosa_22758,chr6,109439480,109441747,2267
granulosa_22759,chr6,109454025,109456545,2520
granulosa_22760,chr6,109482182,109484019,1837
granulosa_22761,chr6,109690073,109691847,1774
granulosa_22762,chr6,109739501,109740550,1049
granulosa_22763,chr6,109876469,109878580,2111
granulosa_22764,chr6,109977899,109979939,2040
granulosa_22765,chr6,110039126,110040435,1309
granulosa_22766,chr6,110178502,110180801,2299
granulosa_22767,chr6,110329144,110330471,1327
granulosa_22768,chr6,110356573,110359093,2520
granulosa_22769,chr6,110619310,110621722,2412
granulosa_22770,chr6,110813396,110816321,2925
granulosa_22771,chr6,110864367,110865531,1164
granulosa_22772,chr6,110873907,110876699,2792
granulosa_22773,chr6,110958012,110959224,1212
granulosa_22774,chr6,110981334,110983223,1889
granulosa_22775,chr6,111086841,111088916,2075
granulosa_22776,chr6,111095791,111097035,1244
granulosa_22777,chr6,111128983,111129765,782
granulosa_22778,chr6,111258631,111259981,1350
granulosa_22779,chr6,111481942,111484421,2479
granulosa_22780,chr6,111551063,111553019,1956
granulosa_22781,chr6,111604065,111606619,2554
granulosa_22782,chr6,111661391,111664961,3570
granulosa_22783,chr6,111692385,111693333,948
granulosa_22784,chr6,111710824,111712852,2028
granulosa_22785,chr6,111730458,111732211,1753
granulosa_22786,chr6,111788357,111790095,1738
granulosa_22787,chr6,111871281,111874314,3033
granulosa_22788,chr6,111887872,111889702,1830
granulosa_22789,chr6,111996062,111998214,2152
granulosa_22790,chr6,112007110,112009056,1946
granulosa_22791,chr6,112042874,112043991,1117
granulosa_22792,chr6,112086528,112088206,1678
granulosa_22793,chr6,112162906,112164233,1327
granulosa_22794,chr6,112253107,112255311,2204
granulosa_22795,chr6,112561985,112563783,1798
granulosa_22796,chr6,112690272,112691604,1332
granulosa_22797,chr6,112886186,112887687,1501
granulosa_22798,chr6,113584446,113585384,938
granulosa_22799,chr6,113854536,113855768,1232
granulosa_22800,chr6,113856680,113857449,769
granulosa_22801,chr6,113857969,113860564,2595
granulosa_22802,chr6,113878949,113879900,951
granulosa_22803,chr6,113969513,113971702,2189
granulosa_22804,chr6,114341069,114343943,2874
granulosa_22805,chr6,116100224,116101857,1633
granulosa_22806,chr6,116228750,116229932,1182
granulosa_22807,chr6,116253134,116254443,1309
granulosa_22808,chr6,116278925,116280266,1341
granulosa_22809,chr6,116369955,116371911,1956
granulosa_22810,chr6,116461302,116462759,1457
granulosa_22811,chr6,116570565,116572492,1927
granulosa_22812,chr6,116615763,116617449,1686
granulosa_22813,chr6,116630967,116632070,1103
granulosa_22814,chr6,116667626,116669278,1652
granulosa_22815,chr6,116680533,116681963,1430
granulosa_22816,chr6,116764484,116766354,1870
granulosa_22817,chr6,116876273,116878046,1773
granulosa_22818,chr6,117264253,117266203,1950
granulosa_22819,chr6,117270056,117271176,1120
granulosa_22820,chr6,117481243,117483918,2675
granulosa_22821,chr6,117547428,117549058,1630
granulosa_22822,chr6,117601358,117603169,1811
granulosa_22823,chr6,117674725,117676246,1521
granulosa_22824,chr6,117906534,117908683,2149
granulosa_22825,chr6,117919084,117920725,1641
granulosa_22826,chr6,118650048,118652268,2220
granulosa_22827,chr6,118667697,118669796,2099
granulosa_22828,chr6,118708872,118710318,1446
granulosa_22829,chr6,118800073,118801183,1110
granulosa_22830,chr6,118892879,118895356,2477
granulosa_22831,chr6,118933942,118935576,1634
granulosa_22832,chr6,119077155,119079524,2369
granulosa_22833,chr6,119240337,119241850,1513
granulosa_22834,chr6,119277778,119278959,1181
granulosa_22835,chr6,119347896,119350834,2938
granulosa_22836,chr6,120588447,120590212,1765
granulosa_22837,chr6,120699650,120700462,812
granulosa_22838,chr6,121334115,121335475,1360
granulosa_22839,chr6,121395613,121396396,783
granulosa_22840,chr6,121435302,121435783,481
granulosa_22841,chr6,121436178,121438642,2464
granulosa_22842,chr6,121590383,121591488,1105
granulosa_22843,chr6,122399061,122401249,2188
granulosa_22844,chr6,122470770,122472588,1818
granulosa_22845,chr6,122609688,122611451,1763
granulosa_22846,chr6,122788585,122790667,2082
granulosa_22847,chr6,122995725,122997147,1422
granulosa_22848,chr6,123042103,123042869,766
granulosa_22849,chr6,123802371,123804622,2251
granulosa_22850,chr6,124075909,124077190,1281
granulosa_22851,chr6,124146819,124148038,1219
granulosa_22852,chr6,124764457,124765892,1435
granulosa_22853,chr6,124961216,124964990,3774
granulosa_22854,chr6,125001624,125003453,1829
granulosa_22855,chr6,125099213,125100084,871
granulosa_22856,chr6,125153374,125155188,1814
granulosa_22857,chr6,125197543,125198788,1245
granulosa_22858,chr6,125300520,125302341,1821
granulosa_22859,chr6,125362678,125364133,1455
granulosa_22860,chr6,125533460,125534963,1503
granulosa_22861,chr6,125611425,125612753,1328
granulosa_22862,chr6,125746551,125747320,769
granulosa_22863,chr6,125747453,125750172,2719
granulosa_22864,chr6,125779970,125781881,1911
granulosa_22865,chr6,125789648,125791890,2242
granulosa_22866,chr6,125956192,125958267,2075
granulosa_22867,chr6,125985633,125987266,1633
granulosa_22868,chr6,126227645,126228890,1245
granulosa_22869,chr6,126339504,126340972,1468
granulosa_22870,chr6,127118008,127120557,2549
granulosa_22871,chr6,127120717,127121725,1008
granulosa_22872,chr6,127266126,127268570,2444
granulosa_22873,chr6,127342081,127344584,2503
granulosa_22874,chr6,127514328,127516937,2609
granulosa_22875,chr6,128518523,128521337,2814
granulosa_22876,chr6,128882483,128883711,1228
granulosa_22877,chr6,129637869,129639096,1227
granulosa_22878,chr6,129643913,129646084,2171
granulosa_22879,chr6,129708845,129710757,1912
granulosa_22880,chr6,129766898,129768376,1478
granulosa_22881,chr6,130017819,130021381,3562
granulosa_22882,chr6,130365034,130367185,2151
granulosa_22883,chr6,131061966,131063934,1968
granulosa_22884,chr6,131106343,131108387,2044
granulosa_22885,chr6,131134876,131136718,1842
granulosa_22886,chr6,131249906,131251436,1530
granulosa_22887,chr6,131412748,131413802,1054
granulosa_22888,chr6,131627459,131628606,1147
granulosa_22889,chr6,131807184,131808805,1621
granulosa_22890,chr6,131946867,131951618,4751
granulosa_22891,chr6,131954445,131955524,1079
granulosa_22892,chr6,132364225,132365863,1638
granulosa_22893,chr6,132400568,132402130,1562
granulosa_22894,chr6,132512418,132513591,1173
granulosa_22895,chr6,132797880,132799346,1466
granulosa_22896,chr6,132812313,132814908,2595
granulosa_22897,chr6,133240369,133243449,3080
granulosa_22898,chr6,133644637,133646734,2097
granulosa_22899,chr6,133854078,133856229,2151
granulosa_22900,chr6,133888671,133890234,1563
granulosa_22901,chr6,133891174,133891879,705
granulosa_22902,chr6,133894574,133896395,1821
granulosa_22903,chr6,133951469,133953885,2416
granulosa_22904,chr6,134051783,134052940,1157
granulosa_22905,chr6,134174457,134176572,2115
granulosa_22906,chr6,134177943,134178808,865
granulosa_22907,chr6,134249002,134250566,1564
granulosa_22908,chr6,134316627,134318337,1710
granulosa_22909,chr6,134468204,134469383,1179
granulosa_22910,chr6,134722537,134724062,1525
granulosa_22911,chr6,134821143,134823294,2151
granulosa_22912,chr6,135053678,135055464,1786
granulosa_22913,chr6,135180350,135183453,3103
granulosa_22914,chr6,135496881,135498753,1872
granulosa_22915,chr6,136158305,136160592,2287
granulosa_22916,chr6,136249708,136251716,2008
granulosa_22917,chr6,136288604,136290667,2063
granulosa_22918,chr6,136549098,136551440,2342
granulosa_22919,chr6,136643821,136644691,870
granulosa_22920,chr6,136791031,136793330,2299
granulosa_22921,chr6,136821925,136823524,1599
granulosa_22922,chr6,136920420,136924054,3634
granulosa_22923,chr6,136988804,136990340,1536
granulosa_22924,chr6,137043639,137045188,1549
granulosa_22925,chr6,137088904,137090003,1099
granulosa_22926,chr6,137217936,137219958,2022
granulosa_22927,chr6,137414702,137415938,1236
granulosa_22928,chr6,137487913,137489894,1981
granulosa_22929,chr6,137496935,137498244,1309
granulosa_22930,chr6,137848437,137850270,1833
granulosa_22931,chr6,137866150,137868300,2150
granulosa_22932,chr6,138106861,138108140,1279
granulosa_22933,chr6,138161067,138162849,1782
granulosa_22934,chr6,138403132,138405254,2122
granulosa_22935,chr6,138571171,138573226,2055
granulosa_22936,chr6,138691479,138693760,2281
granulosa_22937,chr6,138772722,138774278,1556
granulosa_22938,chr6,138795385,138796478,1093
granulosa_22939,chr6,138833461,138835389,1928
granulosa_22940,chr6,138986670,138988806,2136
granulosa_22941,chr6,138990601,138991611,1010
granulosa_22942,chr6,139028180,139030179,1999
granulosa_22943,chr6,139134523,139136636,2113
granulosa_22944,chr6,139218954,139219819,865
granulosa_22945,chr6,139368739,139369987,1248
granulosa_22946,chr6,139373216,139376485,3269
granulosa_22947,chr6,139472381,139475751,3370
granulosa_22948,chr6,139587508,139590116,2608
granulosa_22949,chr6,140345474,140347168,1694
granulosa_22950,chr6,140956462,140957796,1334
granulosa_22951,chr6,141049491,141051024,1533
granulosa_22952,chr6,141163994,141165424,1430
granulosa_22953,chr6,141359516,141360902,1386
granulosa_22954,chr6,142088126,142089326,1200
granulosa_22955,chr6,142146712,142147842,1130
granulosa_22956,chr6,142300712,142302767,2055
granulosa_22957,chr6,142819414,142821332,1918
granulosa_22958,chr6,142845284,142846712,1428
granulosa_22959,chr6,142884449,142885784,1335
granulosa_22960,chr6,142926282,142927506,1224
granulosa_22961,chr6,142944010,142947919,3909
granulosa_22962,chr6,143059611,143061525,1914
granulosa_22963,chr6,143396477,143398159,1682
granulosa_22964,chr6,143448975,143451402,2427
granulosa_22965,chr6,143510810,143512079,1269
granulosa_22966,chr6,143536220,143537847,1627
granulosa_22967,chr6,143677541,143679394,1853
granulosa_22968,chr6,143744485,143746167,1682
granulosa_22969,chr6,143747136,143747825,689
granulosa_22970,chr6,143842381,143844196,1815
granulosa_22971,chr6,143962061,143963577,1516
granulosa_22972,chr6,143967530,143968396,866
granulosa_22973,chr6,144006164,144008855,2691
granulosa_22974,chr6,144063187,144065221,2034
granulosa_22975,chr6,144094673,144096529,1856
granulosa_22976,chr6,144149523,144151606,2083
granulosa_22977,chr6,144157645,144158984,1339
granulosa_22978,chr6,144215318,144217097,1779
granulosa_22979,chr6,144284043,144287417,3374
granulosa_22980,chr6,144330366,144332044,1678
granulosa_22981,chr6,145734310,145736242,1932
granulosa_22982,chr6,145813752,145815809,2057
granulosa_22983,chr6,145963071,145964904,1833
granulosa_22984,chr6,146543015,146544911,1896
granulosa_22985,chr6,146857128,146858282,1154
granulosa_22986,chr6,147201963,147204730,2767
granulosa_22987,chr6,147506655,147509755,3100
granulosa_22988,chr6,148199825,148201049,1224
granulosa_22989,chr6,148341837,148343838,2001
granulosa_22990,chr6,148440844,148441975,1131
granulosa_22991,chr6,148559356,148560566,1210
granulosa_22992,chr6,148746163,148748829,2666
granulosa_22993,chr6,148760312,148762507,2195
granulosa_22994,chr6,148971548,148972923,1375
granulosa_22995,chr6,148979021,148980678,1657
granulosa_22996,chr6,149093349,149095325,1976
granulosa_22997,chr6,149223128,149224916,1788
granulosa_22998,chr6,149316385,149319052,2667
granulosa_22999,chr6,149450523,149451788,1265
granulosa_23000,chr6,149453971,149454922,951
granulosa_23001,chr6,149472943,149474567,1624
granulosa_23002,chr6,149544329,149547131,2802
granulosa_23003,chr6,149564979,149567302,2323
granulosa_23004,chr6,149647006,149649068,2062
granulosa_23005,chr6,149717118,149718774,1656
granulosa_23006,chr6,149745866,149746741,875
granulosa_23007,chr6,149749312,149750695,1383
granulosa_23008,chr6,149862891,149865236,2345
granulosa_23009,chr6,149922375,149923685,1310
granulosa_23010,chr6,149925362,149926496,1134
granulosa_23011,chr6,149941401,149942658,1257
granulosa_23012,chr6,149963064,149965672,2608
granulosa_23013,chr6,149989579,149991673,2094
granulosa_23014,chr6,150004326,150005871,1545
granulosa_23015,chr6,150068122,150069902,1780
granulosa_23016,chr6,150142043,150144264,2221
granulosa_23017,chr6,150354397,150355896,1499
granulosa_23018,chr6,150408175,150410174,1999
granulosa_23019,chr6,150599097,150601111,2014
granulosa_23020,chr6,150634348,150636421,2073
granulosa_23021,chr6,150667402,150669429,2027
granulosa_23022,chr6,150787216,150788913,1697
granulosa_23023,chr6,150865209,150867353,2144
granulosa_23024,chr6,151239531,151241622,2091
granulosa_23025,chr6,151324995,151326232,1237
granulosa_23026,chr6,151389357,151392237,2880
granulosa_23027,chr6,151451475,151453370,1895
granulosa_23028,chr6,151493168,151495101,1933
granulosa_23029,chr6,151500948,151502321,1373
granulosa_23030,chr6,151689899,151691677,1778
granulosa_23031,chr6,151763112,151764706,1594
granulosa_23032,chr6,151806661,151809544,2883
granulosa_23033,chr6,151978971,151980841,1870
granulosa_23034,chr6,152062529,152063943,1414
granulosa_23035,chr6,152301167,152302585,1418
granulosa_23036,chr6,152379908,152381888,1980
granulosa_23037,chr6,152635727,152637486,1759
granulosa_23038,chr6,152982008,152984386,2378
granulosa_23039,chr6,153001839,153003990,2151
granulosa_23040,chr6,153129664,153132120,2456
granulosa_23041,chr6,153865306,153866443,1137
granulosa_23042,chr6,154039018,154039882,864
granulosa_23043,chr6,154056171,154057353,1182
granulosa_23044,chr6,154092562,154094119,1557
granulosa_23045,chr6,154509297,154511800,2503
granulosa_23046,chr6,154652952,154654468,1516
granulosa_23047,chr6,154675325,154675989,664
granulosa_23048,chr6,154732522,154734875,2353
granulosa_23049,chr6,154994774,154996499,1725
granulosa_23050,chr6,155099688,155100467,779
granulosa_23051,chr6,155153858,155154880,1022
granulosa_23052,chr6,155313569,155315345,1776
granulosa_23053,chr6,155448166,155450638,2472
granulosa_23054,chr6,156062009,156062846,837
granulosa_23055,chr6,156125625,156126908,1283
granulosa_23056,chr6,156685941,156688251,2310
granulosa_23057,chr6,156719270,156721672,2402
granulosa_23058,chr6,156776449,156780633,4184
granulosa_23059,chr6,156790725,156791823,1098
granulosa_23060,chr6,156883199,156884880,1681
granulosa_23061,chr6,156952982,156954435,1453
granulosa_23062,chr6,157020491,157022656,2165
granulosa_23063,chr6,157050404,157051386,982
granulosa_23064,chr6,157235137,157237413,2276
granulosa_23065,chr6,157273348,157275439,2091
granulosa_23066,chr6,157322877,157324398,1521
granulosa_23067,chr6,157379710,157382767,3057
granulosa_23068,chr6,157756460,157757227,767
granulosa_23069,chr6,157822264,157824443,2179
granulosa_23070,chr6,157980903,157982454,1551
granulosa_23071,chr6,157989430,157990836,1406
granulosa_23072,chr6,158039842,158041050,1208
granulosa_23073,chr6,158167111,158168914,1803
granulosa_23074,chr6,158231267,158233739,2472
granulosa_23075,chr6,158279216,158280276,1060
granulosa_23076,chr6,158535832,158537875,2043
granulosa_23077,chr6,158559436,158562403,2967
granulosa_23078,chr6,158611163,158612756,1593
granulosa_23079,chr6,158643833,158645252,1419
granulosa_23080,chr6,158703986,158704699,713
granulosa_23081,chr6,158707087,158708717,1630
granulosa_23082,chr6,158798434,158799834,1400
granulosa_23083,chr6,158816972,158817678,706
granulosa_23084,chr6,158817835,158819766,1931
granulosa_23085,chr6,158852890,158853963,1073
granulosa_23086,chr6,158869066,158870484,1418
granulosa_23087,chr6,158998914,159000798,1884
granulosa_23088,chr6,159042098,159042910,812
granulosa_23089,chr6,159168384,159170488,2104
granulosa_23090,chr6,159692298,159694561,2263
granulosa_23091,chr6,159726270,159728180,1910
granulosa_23092,chr6,159760677,159762994,2317
granulosa_23093,chr6,159788409,159791261,2852
granulosa_23094,chr6,159968395,159970238,1843
granulosa_23095,chr6,160005702,160006734,1032
granulosa_23096,chr6,160029589,160031080,1491
granulosa_23097,chr6,160347642,160349363,1721
granulosa_23098,chr6,160430239,160432041,1802
granulosa_23099,chr6,160454916,160456355,1439
granulosa_23100,chr6,160519633,160521045,1412
granulosa_23101,chr6,160678380,160679713,1333
granulosa_23102,chr6,160766510,160767897,1387
granulosa_23103,chr6,160930428,160931736,1308
granulosa_23104,chr6,160973168,160974962,1794
granulosa_23105,chr6,160990887,160993069,2182
granulosa_23106,chr6,161272607,161274734,2127
granulosa_23107,chr6,161417550,161419128,1578
granulosa_23108,chr6,162573193,162574818,1625
granulosa_23109,chr6,162726737,162728594,1857
granulosa_23110,chr6,162909721,162911002,1281
granulosa_23111,chr6,163412904,163416264,3360
granulosa_23112,chr6,163416737,163416988,251
granulosa_23113,chr6,163964873,163966353,1480
granulosa_23114,chr6,164531729,164533425,1696
granulosa_23115,chr6,165308579,165309811,1232
granulosa_23116,chr6,165660276,165664045,3769
granulosa_23117,chr6,165834366,165835918,1552
granulosa_23118,chr6,165849495,165850743,1248
granulosa_23119,chr6,165986433,165989206,2773
granulosa_23120,chr6,166005248,166006800,1552
granulosa_23121,chr6,166008297,166009351,1054
granulosa_23122,chr6,166252223,166254268,2045
granulosa_23123,chr6,166306802,166308820,2018
granulosa_23124,chr6,166317920,166319567,1647
granulosa_23125,chr6,166341692,166343213,1521
granulosa_23126,chr6,166381558,166384033,2475
granulosa_23127,chr6,166501933,166503353,1420
granulosa_23128,chr6,166626211,166628691,2480
granulosa_23129,chr6,166639553,166641145,1592
granulosa_23130,chr6,166655793,166657781,1988
granulosa_23131,chr6,166671155,166673721,2566
granulosa_23132,chr6,166749722,166751749,2027
granulosa_23133,chr6,166757203,166758773,1570
granulosa_23134,chr6,166861793,166863332,1539
granulosa_23135,chr6,166955437,166957683,2246
granulosa_23136,chr6,166968850,166970191,1341
granulosa_23137,chr6,166997603,166999985,2382
granulosa_23138,chr6,167350060,167351707,1647
granulosa_23139,chr6,167565425,167567708,2283
granulosa_23140,chr6,167572522,167574210,1688
granulosa_23141,chr6,167678020,167679142,1122
granulosa_23142,chr6,167795960,167797825,1865
granulosa_23143,chr6,167825148,167828152,3004
granulosa_23144,chr6,167840469,167841831,1362
granulosa_23145,chr6,167933913,167935487,1574
granulosa_23146,chr6,168087497,168089050,1553
granulosa_23147,chr6,168100783,168102926,2143
granulosa_23148,chr6,168157062,168158898,1836
granulosa_23149,chr6,168252965,168254087,1122
granulosa_23150,chr6,168318118,168320228,2110
granulosa_23151,chr6,168376827,168378225,1398
granulosa_23152,chr6,168440047,168442536,2489
granulosa_23153,chr6,168620191,168621330,1139
granulosa_23154,chr6,168847839,168849198,1359
granulosa_23155,chr6,169212570,169213954,1384
granulosa_23156,chr6,169251419,169254244,2825
granulosa_23157,chr6,169450802,169453049,2247
granulosa_23158,chr6,169701254,169702953,1699
granulosa_23159,chr6,169722553,169726019,3466
granulosa_23160,chr6,169750902,169752564,1662
granulosa_23161,chr6,169789507,169791036,1529
granulosa_23162,chr6,169961582,169962540,958
granulosa_23163,chr6,170006622,170008439,1817
granulosa_23164,chr6,170066799,170067778,979
granulosa_23165,chr6,170129522,170131503,1981
granulosa_23166,chr6,170151197,170153777,2580
granulosa_23167,chr6,170243299,170245837,2538
granulosa_23168,chr6,170279702,170280964,1262
granulosa_23169,chr6,170286160,170287147,987
granulosa_23170,chr6,170289711,170291026,1315
granulosa_23171,chr6,170291194,170292157,963
granulosa_23172,chr6,170295368,170297923,2555
granulosa_23173,chr6,170305710,170307399,1689
granulosa_23174,chr6,170437977,170439132,1155
granulosa_23175,chr6,170552559,170554779,2220
granulosa_23176,chr6,170583533,170585364,1831
granulosa_23177,chr7,118989,121894,2905
granulosa_23178,chr7,148860,150493,1633
granulosa_23179,chr7,191150,195001,3851
granulosa_23180,chr7,321065,322781,1716
granulosa_23181,chr7,326413,328055,1642
granulosa_23182,chr7,332278,333748,1470
granulosa_23183,chr7,372685,373832,1147
granulosa_23184,chr7,464480,465558,1078
granulosa_23185,chr7,491231,493047,1816
granulosa_23186,chr7,512455,513631,1176
granulosa_23187,chr7,516031,517358,1327
granulosa_23188,chr7,518742,520338,1596
granulosa_23189,chr7,521579,522891,1312
granulosa_23190,chr7,523453,524034,581
granulosa_23191,chr7,537825,540134,2309
granulosa_23192,chr7,561107,562422,1315
granulosa_23193,chr7,664888,666460,1572
granulosa_23194,chr7,711132,713078,1946
granulosa_23195,chr7,726111,728386,2275
granulosa_23196,chr7,767590,769572,1982
granulosa_23197,chr7,812684,813655,971
granulosa_23198,chr7,815368,817672,2304
granulosa_23199,chr7,873318,874546,1228
granulosa_23200,chr7,875708,878251,2543
granulosa_23201,chr7,900588,902096,1508
granulosa_23202,chr7,908284,909808,1524
granulosa_23203,chr7,928469,929062,593
granulosa_23204,chr7,953245,954906,1661
granulosa_23205,chr7,974679,976066,1387
granulosa_23206,chr7,985929,986759,830
granulosa_23207,chr7,988310,989365,1055
granulosa_23208,chr7,992806,993598,792
granulosa_23209,chr7,997062,998274,1212
granulosa_23210,chr7,1027202,1029156,1954
granulosa_23211,chr7,1043536,1045085,1549
granulosa_23212,chr7,1053854,1055512,1658
granulosa_23213,chr7,1059284,1060957,1673
granulosa_23214,chr7,1064681,1066413,1732
granulosa_23215,chr7,1086615,1088680,2065
granulosa_23216,chr7,1136743,1138805,2062
granulosa_23217,chr7,1159759,1160959,1200
granulosa_23218,chr7,1175687,1176603,916
granulosa_23219,chr7,1193481,1194483,1002
granulosa_23220,chr7,1246795,1249095,2300
granulosa_23221,chr7,1289678,1291234,1556
granulosa_23222,chr7,1412331,1413239,908
granulosa_23223,chr7,1458588,1460171,1583
granulosa_23224,chr7,1473756,1475083,1327
granulosa_23225,chr7,1503561,1504792,1231
granulosa_23226,chr7,1530242,1533251,3009
granulosa_23227,chr7,1536726,1538625,1899
granulosa_23228,chr7,1544744,1546566,1822
granulosa_23229,chr7,1555038,1556585,1547
granulosa_23230,chr7,1569459,1570863,1404
granulosa_23231,chr7,1664459,1666107,1648
granulosa_23232,chr7,1669662,1670941,1279
granulosa_23233,chr7,1693380,1695044,1664
granulosa_23234,chr7,1912457,1913915,1458
granulosa_23235,chr7,1950092,1951629,1537
granulosa_23236,chr7,2017882,2019211,1329
granulosa_23237,chr7,2081562,2082861,1299
granulosa_23238,chr7,2100173,2101044,871
granulosa_23239,chr7,2103514,2105173,1659
granulosa_23240,chr7,2118271,2119215,944
granulosa_23241,chr7,2195079,2196627,1548
granulosa_23242,chr7,2231836,2233442,1606
granulosa_23243,chr7,2241503,2243003,1500
granulosa_23244,chr7,2281210,2282804,1594
granulosa_23245,chr7,2313722,2314904,1182
granulosa_23246,chr7,2353607,2355889,2282
granulosa_23247,chr7,2399664,2401243,1579
granulosa_23248,chr7,2402962,2404569,1607
granulosa_23249,chr7,2408493,2409339,846
granulosa_23250,chr7,2451133,2452454,1321
granulosa_23251,chr7,2508185,2509350,1165
granulosa_23252,chr7,2518683,2520172,1489
granulosa_23253,chr7,2522875,2524444,1569
granulosa_23254,chr7,2554791,2556066,1275
granulosa_23255,chr7,2558541,2559911,1370
granulosa_23256,chr7,2631240,2634159,2919
granulosa_23257,chr7,2687179,2689506,2327
granulosa_23258,chr7,2716533,2718335,1802
granulosa_23259,chr7,2843356,2844848,1492
granulosa_23260,chr7,2911040,2912147,1107
granulosa_23261,chr7,2928454,2929761,1307
granulosa_23262,chr7,2978133,2979478,1345
granulosa_23263,chr7,3163967,3165939,1972
granulosa_23264,chr7,3181037,3182035,998
granulosa_23265,chr7,3193420,3195301,1881
granulosa_23266,chr7,3218199,3219418,1219
granulosa_23267,chr7,3300144,3302920,2776
granulosa_23268,chr7,4135896,4136889,993
granulosa_23269,chr7,4143900,4145569,1669
granulosa_23270,chr7,4631283,4632316,1033
granulosa_23271,chr7,4641095,4642698,1603
granulosa_23272,chr7,4681773,4684542,2769
granulosa_23273,chr7,4738457,4739907,1450
granulosa_23274,chr7,4744276,4746419,2143
granulosa_23275,chr7,4753412,4754389,977
granulosa_23276,chr7,4774615,4776374,1759
granulosa_23277,chr7,4791817,4793130,1313
granulosa_23278,chr7,4881855,4884321,2466
granulosa_23279,chr7,4957540,4959651,2111
granulosa_23280,chr7,4973367,4974983,1616
granulosa_23281,chr7,5045145,5046741,1596
granulosa_23282,chr7,5189506,5190947,1441
granulosa_23283,chr7,5239996,5241487,1491
granulosa_23284,chr7,5282065,5283964,1899
granulosa_23285,chr7,5284397,5285284,887
granulosa_23286,chr7,5295863,5297180,1317
granulosa_23287,chr7,5312686,5314384,1698
granulosa_23288,chr7,5354342,5355288,946
granulosa_23289,chr7,5417360,5419042,1682
granulosa_23290,chr7,5423225,5424675,1450
granulosa_23291,chr7,5425573,5426133,560
granulosa_23292,chr7,5426544,5427154,610
granulosa_23293,chr7,5427767,5428321,554
granulosa_23294,chr7,5428525,5430381,1856
granulosa_23295,chr7,5450485,5451216,731
granulosa_23296,chr7,5477433,5479522,2089
granulosa_23297,chr7,5486525,5487252,727
granulosa_23298,chr7,5491072,5492588,1516
granulosa_23299,chr7,5494572,5495505,933
granulosa_23300,chr7,5512814,5514871,2057
granulosa_23301,chr7,5523089,5523614,525
granulosa_23302,chr7,5523980,5524779,799
granulosa_23303,chr7,5525041,5527032,1991
granulosa_23304,chr7,5529291,5531193,1902
granulosa_23305,chr7,5554711,5557032,2321
granulosa_23306,chr7,5558653,5559207,554
granulosa_23307,chr7,5561828,5563893,2065
granulosa_23308,chr7,5569171,5570870,1699
granulosa_23309,chr7,5591298,5591945,647
granulosa_23310,chr7,5592381,5593192,811
granulosa_23311,chr7,5593489,5595205,1716
granulosa_23312,chr7,5595587,5596366,779
granulosa_23313,chr7,5597780,5598169,389
granulosa_23314,chr7,5598387,5599341,954
granulosa_23315,chr7,5606764,5609021,2257
granulosa_23316,chr7,5633341,5634743,1402
granulosa_23317,chr7,5699348,5700352,1004
granulosa_23318,chr7,5702895,5704810,1915
granulosa_23319,chr7,5780478,5782097,1619
granulosa_23320,chr7,5822516,5823736,1220
granulosa_23321,chr7,6008238,6009746,1508
granulosa_23322,chr7,6057402,6059496,2094
granulosa_23323,chr7,6080364,6081868,1504
granulosa_23324,chr7,6103905,6106694,2789
granulosa_23325,chr7,6159515,6160596,1081
granulosa_23326,chr7,6171129,6173220,2091
granulosa_23327,chr7,6227184,6229472,2288
granulosa_23328,chr7,6270627,6273657,3030
granulosa_23329,chr7,6347970,6349409,1439
granulosa_23330,chr7,6373250,6375136,1886
granulosa_23331,chr7,6376792,6377361,569
granulosa_23332,chr7,6446809,6448719,1910
granulosa_23333,chr7,6482811,6484570,1759
granulosa_23334,chr7,6503149,6504945,1796
granulosa_23335,chr7,6516184,6516897,713
granulosa_23336,chr7,6526038,6527086,1048
granulosa_23337,chr7,6530745,6531615,870
granulosa_23338,chr7,6536107,6537234,1127
granulosa_23339,chr7,6576676,6578275,1599
granulosa_23340,chr7,6589212,6591054,1842
granulosa_23341,chr7,6614677,6616476,1799
granulosa_23342,chr7,6636454,6638537,2083
granulosa_23343,chr7,6663578,6664726,1148
granulosa_23344,chr7,6705842,6707393,1551
granulosa_23345,chr7,6729005,6730623,1618
granulosa_23346,chr7,7099249,7100324,1075
granulosa_23347,chr7,7181575,7183544,1969
granulosa_23348,chr7,7498289,7500035,1746
granulosa_23349,chr7,7565725,7568135,2410
granulosa_23350,chr7,7639516,7641605,2089
granulosa_23351,chr7,7967964,7971148,3184
granulosa_23352,chr7,8260865,8262755,1890
granulosa_23353,chr7,8433188,8434791,1603
granulosa_23354,chr7,8441989,8443499,1510
granulosa_23355,chr7,10643585,10645505,1920
granulosa_23356,chr7,10707141,10708754,1613
granulosa_23357,chr7,10939268,10941240,1972
granulosa_23358,chr7,10972814,10974942,2128
granulosa_23359,chr7,11211940,11213366,1426
granulosa_23360,chr7,11698174,11699253,1079
granulosa_23361,chr7,11703511,11704597,1086
granulosa_23362,chr7,11830636,11832549,1913
granulosa_23363,chr7,12111146,12112215,1069
granulosa_23364,chr7,12120337,12121588,1251
granulosa_23365,chr7,12210165,12212346,2181
granulosa_23366,chr7,12402881,12404412,1531
granulosa_23367,chr7,12569661,12571446,1785
granulosa_23368,chr7,12686267,12687893,1626
granulosa_23369,chr7,12769535,12772120,2585
granulosa_23370,chr7,13016605,13018204,1599
granulosa_23371,chr7,13466412,13467598,1186
granulosa_23372,chr7,13919786,13920881,1095
granulosa_23373,chr7,13988729,13991806,3077
granulosa_23374,chr7,14902100,14903729,1629
granulosa_23375,chr7,15015283,15016402,1119
granulosa_23376,chr7,15684963,15687917,2954
granulosa_23377,chr7,16420024,16422207,2183
granulosa_23378,chr7,16465152,16466371,1219
granulosa_23379,chr7,16554223,16555243,1020
granulosa_23380,chr7,16644291,16647042,2751
granulosa_23381,chr7,16739655,16741218,1563
granulosa_23382,chr7,16753176,16755588,2412
granulosa_23383,chr7,16982503,16983637,1134
granulosa_23384,chr7,17015249,17016096,847
granulosa_23385,chr7,17298144,17300026,1882
granulosa_23386,chr7,17939000,17941438,2438
granulosa_23387,chr7,18085840,18088025,2185
granulosa_23388,chr7,18289539,18291121,1582
granulosa_23389,chr7,18540764,18541993,1229
granulosa_23390,chr7,19106007,19108761,2754
granulosa_23391,chr7,19115882,19118581,2699
granulosa_23392,chr7,19707825,19709356,1531
granulosa_23393,chr7,19772301,19773890,1589
granulosa_23394,chr7,20329372,20332102,2730
granulosa_23395,chr7,20387184,20388775,1591
granulosa_23396,chr7,20513987,20514819,832
granulosa_23397,chr7,20777579,20778794,1215
granulosa_23398,chr7,20783600,20785773,2173
granulosa_23399,chr7,20786611,20787573,962
granulosa_23400,chr7,20797201,20799206,2005
granulosa_23401,chr7,21169103,21170558,1455
granulosa_23402,chr7,21426346,21428797,2451
granulosa_23403,chr7,21542659,21544300,1641
granulosa_23404,chr7,21944486,21946383,1897
granulosa_23405,chr7,21948120,21949388,1268
granulosa_23406,chr7,22025961,22027307,1346
granulosa_23407,chr7,22082368,22083948,1580
granulosa_23408,chr7,22192485,22194072,1587
granulosa_23409,chr7,22251184,22252481,1297
granulosa_23410,chr7,22328899,22330478,1579
granulosa_23411,chr7,22350399,22351675,1276
granulosa_23412,chr7,22355975,22357974,1999
granulosa_23413,chr7,22444284,22446086,1802
granulosa_23414,chr7,22499653,22500558,905
granulosa_23415,chr7,22549184,22550884,1700
granulosa_23416,chr7,22561220,22562123,903
granulosa_23417,chr7,22726229,22727804,1575
granulosa_23418,chr7,22821293,22823139,1846
granulosa_23419,chr7,22853492,22855247,1755
granulosa_23420,chr7,23012422,23014472,2050
granulosa_23421,chr7,23105151,23107535,2384
granulosa_23422,chr7,23181110,23182762,1652
granulosa_23423,chr7,23205452,23206968,1516
granulosa_23424,chr7,23272719,23273616,897
granulosa_23425,chr7,23297896,23300183,2287
granulosa_23426,chr7,23332043,23335321,3278
granulosa_23427,chr7,23468335,23470031,1696
granulosa_23428,chr7,23470268,23471554,1286
granulosa_23429,chr7,23473397,23475071,1674
granulosa_23430,chr7,23489768,23491841,2073
granulosa_23431,chr7,23530376,23532803,2427
granulosa_23432,chr7,23546560,23547548,988
granulosa_23433,chr7,23596639,23598189,1550
granulosa_23434,chr7,23679703,23681313,1610
granulosa_23435,chr7,23698243,23699296,1053
granulosa_23436,chr7,23723541,23724787,1246
granulosa_23437,chr7,23759068,23760959,1891
granulosa_23438,chr7,24283372,24285757,2385
granulosa_23439,chr7,24572357,24574785,2428
granulosa_23440,chr7,24576229,24576915,686
granulosa_23441,chr7,24740977,24742476,1499
granulosa_23442,chr7,24756432,24758384,1952
granulosa_23443,chr7,24978840,24980915,2075
granulosa_23444,chr7,24981148,24982142,994
granulosa_23445,chr7,25124331,25125949,1618
granulosa_23446,chr7,25179446,25181212,1766
granulosa_23447,chr7,25358876,25361017,2141
granulosa_23448,chr7,25456222,25457803,1581
granulosa_23449,chr7,25494919,25496205,1286
granulosa_23450,chr7,25854471,25855352,881
granulosa_23451,chr7,25856518,25857937,1419
granulosa_23452,chr7,25861968,25862929,961
granulosa_23453,chr7,25894995,25895916,921
granulosa_23454,chr7,25896893,25897842,949
granulosa_23455,chr7,25949612,25952234,2622
granulosa_23456,chr7,26078613,26079301,688
granulosa_23457,chr7,26151737,26153407,1670
granulosa_23458,chr7,26187239,26189294,2055
granulosa_23459,chr7,26199586,26202548,2962
granulosa_23460,chr7,26291476,26292608,1132
granulosa_23461,chr7,26375740,26377436,1696
granulosa_23462,chr7,26397272,26399535,2263
granulosa_23463,chr7,26667277,26667924,647
granulosa_23464,chr7,26863785,26865224,1439
granulosa_23465,chr7,27095440,27097295,1855
granulosa_23466,chr7,27129695,27131465,1770
granulosa_23467,chr7,27142379,27144050,1671
granulosa_23468,chr7,27150487,27151536,1049
granulosa_23469,chr7,27155739,27157208,1469
granulosa_23470,chr7,27160405,27161348,943
granulosa_23471,chr7,27172694,27174609,1915
granulosa_23472,chr7,27183875,27185652,1777
granulosa_23473,chr7,27191825,27193374,1549
granulosa_23474,chr7,27198688,27200753,2065
granulosa_23475,chr7,27215480,27216474,994
granulosa_23476,chr7,27235140,27236135,995
granulosa_23477,chr7,27239142,27240053,911
granulosa_23478,chr7,27251299,27252994,1695
granulosa_23479,chr7,27661753,27663364,1611
granulosa_23480,chr7,27739062,27741115,2053
granulosa_23481,chr7,27744835,27745490,655
granulosa_23482,chr7,27873642,27874758,1116
granulosa_23483,chr7,28069470,28070852,1382
granulosa_23484,chr7,28085808,28086641,833
granulosa_23485,chr7,28134922,28136287,1365
granulosa_23486,chr7,28179055,28181137,2082
granulosa_23487,chr7,28224864,28226386,1522
granulosa_23488,chr7,28389276,28390851,1575
granulosa_23489,chr7,28408352,28411349,2997
granulosa_23490,chr7,28630037,28631704,1667
granulosa_23491,chr7,28685022,28686908,1886
granulosa_23492,chr7,28853626,28854838,1212
granulosa_23493,chr7,28921625,28922984,1359
granulosa_23494,chr7,28926435,28927531,1096
granulosa_23495,chr7,28955383,28958950,3567
granulosa_23496,chr7,29145686,29147601,1915
granulosa_23497,chr7,29189532,29190959,1427
granulosa_23498,chr7,29193742,29195683,1941
granulosa_23499,chr7,29277705,29279458,1753
granulosa_23500,chr7,29452250,29453975,1725
granulosa_23501,chr7,29479281,29481124,1843
granulosa_23502,chr7,29562880,29565430,2550
granulosa_23503,chr7,29565698,29566719,1021
granulosa_23504,chr7,29634908,29636044,1136
granulosa_23505,chr7,29645544,29646785,1241
granulosa_23506,chr7,29684310,29686283,1973
granulosa_23507,chr7,29769801,29771779,1978
granulosa_23508,chr7,29805951,29807886,1935
granulosa_23509,chr7,29842053,29844095,2042
granulosa_23510,chr7,29866362,29868265,1903
granulosa_23511,chr7,29883397,29885367,1970
granulosa_23512,chr7,29987721,29990209,2488
granulosa_23513,chr7,30026190,30027367,1177
granulosa_23514,chr7,30027886,30030135,2249
granulosa_23515,chr7,30134104,30136714,2610
granulosa_23516,chr7,30252934,30253958,1024
granulosa_23517,chr7,30283811,30286201,2390
granulosa_23518,chr7,30468944,30469928,984
granulosa_23519,chr7,30469966,30471452,1486
granulosa_23520,chr7,30477565,30479644,2079
granulosa_23521,chr7,30503816,30505380,1564
granulosa_23522,chr7,30593701,30596454,2753
granulosa_23523,chr7,30681366,30682941,1575
granulosa_23524,chr7,30770830,30772385,1555
granulosa_23525,chr7,31026680,31027856,1176
granulosa_23526,chr7,31051740,31053439,1699
granulosa_23527,chr7,31133453,31134868,1415
granulosa_23528,chr7,31335176,31337561,2385
granulosa_23529,chr7,31337882,31338731,849
granulosa_23530,chr7,32070065,32071544,1479
granulosa_23531,chr7,32204041,32204733,692
granulosa_23532,chr7,32298098,32299503,1405
granulosa_23533,chr7,32427453,32428886,1433
granulosa_23534,chr7,32481206,32482508,1302
granulosa_23535,chr7,32489497,32491117,1620
granulosa_23536,chr7,32494736,32496597,1861
granulosa_23537,chr7,32727311,32729147,1836
granulosa_23538,chr7,32761160,32763448,2288
granulosa_23539,chr7,32890033,32893113,3080
granulosa_23540,chr7,32937214,32938122,908
granulosa_23541,chr7,32941645,32943417,1772
granulosa_23542,chr7,32956798,32958889,2091
granulosa_23543,chr7,32997727,32999889,2162
granulosa_23544,chr7,33061995,33063567,1572
granulosa_23545,chr7,33107261,33108079,818
granulosa_23546,chr7,33108224,33110073,1849
granulosa_23547,chr7,33128743,33130436,1693
granulosa_23548,chr7,33903716,33905917,2201
granulosa_23549,chr7,34353916,34355537,1621
granulosa_23550,chr7,34747297,34748927,1630
granulosa_23551,chr7,35036297,35038684,2387
granulosa_23552,chr7,35046701,35048569,1868
granulosa_23553,chr7,35185357,35187199,1842
granulosa_23554,chr7,35253415,35254562,1147
granulosa_23555,chr7,35257281,35258502,1221
granulosa_23556,chr7,35465335,35466695,1360
granulosa_23557,chr7,35504807,35505768,961
granulosa_23558,chr7,35536743,35537901,1158
granulosa_23559,chr7,35694007,35695626,1619
granulosa_23560,chr7,35715707,35717801,2094
granulosa_23561,chr7,35799975,35802369,2394
granulosa_23562,chr7,35906209,35906918,709
granulosa_23563,chr7,36152274,36153995,1721
granulosa_23564,chr7,36258038,36259203,1165
granulosa_23565,chr7,36291292,36292637,1345
granulosa_23566,chr7,36347647,36349855,2208
granulosa_23567,chr7,36366088,36367662,1574
granulosa_23568,chr7,36388987,36390763,1776
granulosa_23569,chr7,36689848,36691336,1488
granulosa_23570,chr7,36941923,36943328,1405
granulosa_23571,chr7,36984797,36987438,2641
granulosa_23572,chr7,37100567,37102011,1444
granulosa_23573,chr7,37108801,37110468,1667
granulosa_23574,chr7,37181488,37182558,1070
granulosa_23575,chr7,37285921,37287943,2022
granulosa_23576,chr7,37447219,37449842,2623
granulosa_23577,chr7,37832008,37832768,760
granulosa_23578,chr7,37915918,37917427,1509
granulosa_23579,chr7,37920450,37921646,1196
granulosa_23580,chr7,37942749,37944700,1951
granulosa_23581,chr7,38177625,38179330,1705
granulosa_23582,chr7,38215099,38216552,1453
granulosa_23583,chr7,38331850,38332866,1016
granulosa_23584,chr7,38334418,38336365,1947
granulosa_23585,chr7,38341039,38342427,1388
granulosa_23586,chr7,38630314,38631924,1610
granulosa_23587,chr7,38908392,38909369,977
granulosa_23588,chr7,38975726,38976551,825
granulosa_23589,chr7,39413646,39414944,1298
granulosa_23590,chr7,39565645,39567121,1476
granulosa_23591,chr7,39622747,39624776,2029
granulosa_23592,chr7,39732706,39734464,1758
granulosa_23593,chr7,39833073,39834288,1215
granulosa_23594,chr7,39948757,39952009,3252
granulosa_23595,chr7,40133601,40135537,1936
granulosa_23596,chr7,40779248,40781691,2443
granulosa_23597,chr7,40911528,40913011,1483
granulosa_23598,chr7,41507406,41509160,1754
granulosa_23599,chr7,41699424,41701016,1592
granulosa_23600,chr7,41704827,41706334,1507
granulosa_23601,chr7,41942426,41943568,1142
granulosa_23602,chr7,41954743,41956958,2215
granulosa_23603,chr7,42152143,42153652,1509
granulosa_23604,chr7,42227420,42228604,1184
granulosa_23605,chr7,42235957,42238617,2660
granulosa_23606,chr7,42492917,42494464,1547
granulosa_23607,chr7,42611350,42612546,1196
granulosa_23608,chr7,42830641,42834040,3399
granulosa_23609,chr7,42856400,42857950,1550
granulosa_23610,chr7,42887649,42889432,1783
granulosa_23611,chr7,42910917,42912384,1467
granulosa_23612,chr7,42913491,42914286,795
granulosa_23613,chr7,42930880,42933603,2723
granulosa_23614,chr7,42972437,42973731,1294
granulosa_23615,chr7,43112269,43114100,1831
granulosa_23616,chr7,43302000,43304266,2266
granulosa_23617,chr7,43377107,43378049,942
granulosa_23618,chr7,43582318,43584545,2227
granulosa_23619,chr7,43639446,43640649,1203
granulosa_23620,chr7,43728550,43730087,1537
granulosa_23621,chr7,43734399,43735297,898
granulosa_23622,chr7,43757930,43759296,1366
granulosa_23623,chr7,43763172,43764731,1559
granulosa_23624,chr7,43838234,43839249,1015
granulosa_23625,chr7,43868119,43870151,2032
granulosa_23626,chr7,43905134,43907112,1978
granulosa_23627,chr7,43925688,43927120,1432
granulosa_23628,chr7,44018628,44019655,1027
granulosa_23629,chr7,44038641,44039511,870
granulosa_23630,chr7,44043844,44045394,1550
granulosa_23631,chr7,44063657,44066292,2635
granulosa_23632,chr7,44082022,44083190,1168
granulosa_23633,chr7,44103720,44105826,2106
granulosa_23634,chr7,44122601,44124447,1846
granulosa_23635,chr7,44145019,44146848,1829
granulosa_23636,chr7,44200589,44202132,1543
granulosa_23637,chr7,44308817,44310152,1335
granulosa_23638,chr7,44324651,44326383,1732
granulosa_23639,chr7,44489693,44491207,1514
granulosa_23640,chr7,44573010,44574767,1757
granulosa_23641,chr7,44581131,44583037,1906
granulosa_23642,chr7,44605747,44607539,1792
granulosa_23643,chr7,44747816,44749810,1994
granulosa_23644,chr7,44767611,44770133,2522
granulosa_23645,chr7,44795418,44798104,2686
granulosa_23646,chr7,44846894,44848850,1956
granulosa_23647,chr7,44884230,44886172,1942
granulosa_23648,chr7,44961837,44963425,1588
granulosa_23649,chr7,44985389,44987144,1755
granulosa_23650,chr7,44999060,45000857,1797
granulosa_23651,chr7,45088103,45089876,1773
granulosa_23652,chr7,45110772,45112410,1638
granulosa_23653,chr7,45573238,45575732,2494
granulosa_23654,chr7,45768076,45769471,1395
granulosa_23655,chr7,45888083,45889840,1757
granulosa_23656,chr7,45919985,45922616,2631
granulosa_23657,chr7,46953470,46955231,1761
granulosa_23658,chr7,47074244,47075734,1490
granulosa_23659,chr7,47238849,47241939,3090
granulosa_23660,chr7,47253432,47254947,1515
granulosa_23661,chr7,47292538,47293437,899
granulosa_23662,chr7,47326718,47328808,2090
granulosa_23663,chr7,47370410,47372595,2185
granulosa_23664,chr7,47379659,47381397,1738
granulosa_23665,chr7,47391585,47393061,1476
granulosa_23666,chr7,47405677,47407532,1855
granulosa_23667,chr7,47475057,47475695,638
granulosa_23668,chr7,47481892,47483148,1256
granulosa_23669,chr7,47506411,47508012,1601
granulosa_23670,chr7,47536543,47537955,1412
granulosa_23671,chr7,47570240,47572278,2038
granulosa_23672,chr7,47576047,47577628,1581
granulosa_23673,chr7,47580884,47582705,1821
granulosa_23674,chr7,47582923,47583980,1057
granulosa_23675,chr7,47634892,47635864,972
granulosa_23676,chr7,47719693,47721164,1471
granulosa_23677,chr7,47978397,47980133,1736
granulosa_23678,chr7,47991214,47992355,1141
granulosa_23679,chr7,48035082,48036491,1409
granulosa_23680,chr7,48088255,48090459,2204
granulosa_23681,chr7,49772688,49776111,3423
granulosa_23682,chr7,50037073,50038664,1591
granulosa_23683,chr7,50092494,50093512,1018
granulosa_23684,chr7,50303343,50305176,1833
granulosa_23685,chr7,50449417,50451112,1695
granulosa_23686,chr7,50781294,50783456,2162
granulosa_23687,chr7,50791640,50794092,2452
granulosa_23688,chr7,51246064,51247049,985
granulosa_23689,chr7,51315305,51317595,2290
granulosa_23690,chr7,52146463,52147610,1147
granulosa_23691,chr7,54541740,54542836,1096
granulosa_23692,chr7,54663808,54665579,1771
granulosa_23693,chr7,54758256,54759985,1729
granulosa_23694,chr7,54773568,54774652,1084
granulosa_23695,chr7,54788267,54789055,788
granulosa_23696,chr7,54799545,54800404,859
granulosa_23697,chr7,54932855,54934151,1296
granulosa_23698,chr7,55018222,55020481,2259
granulosa_23699,chr7,55177108,55178653,1545
granulosa_23700,chr7,55254222,55256033,1811
granulosa_23701,chr7,55364654,55367091,2437
granulosa_23702,chr7,55405442,55407204,1762
granulosa_23703,chr7,55484086,55485335,1249
granulosa_23704,chr7,55570985,55573554,2569
granulosa_23705,chr7,55687873,55689969,2096
granulosa_23706,chr7,55886783,55888626,1843
granulosa_23707,chr7,55951331,55952453,1122
granulosa_23708,chr7,55964014,55965413,1399
granulosa_23709,chr7,56033612,56034726,1114
granulosa_23710,chr7,56046511,56047359,848
granulosa_23711,chr7,56050970,56052586,1616
granulosa_23712,chr7,56063621,56065403,1782
granulosa_23713,chr7,56105351,56106834,1483
granulosa_23714,chr7,63925290,63927089,1799
granulosa_23715,chr7,64306375,64308191,1816
granulosa_23716,chr7,64313360,64315697,2337
granulosa_23717,chr7,64463480,64464519,1039
granulosa_23718,chr7,64557657,64559479,1822
granulosa_23719,chr7,64562324,64563398,1074
granulosa_23720,chr7,64568899,64570490,1591
granulosa_23721,chr7,64665665,64667160,1495
granulosa_23722,chr7,64793842,64795471,1629
granulosa_23723,chr7,64876901,64877876,975
granulosa_23724,chr7,64882141,64883227,1086
granulosa_23725,chr7,64887767,64890217,2450
granulosa_23726,chr7,64902446,64903831,1385
granulosa_23727,chr7,64946604,64948040,1436
granulosa_23728,chr7,65005634,65006976,1342
granulosa_23729,chr7,65037443,65039420,1977
granulosa_23730,chr7,65080537,65081610,1073
granulosa_23731,chr7,65238822,65240394,1572
granulosa_23732,chr7,65251579,65252906,1327
granulosa_23733,chr7,65268736,65270115,1379
granulosa_23734,chr7,65373265,65374941,1676
granulosa_23735,chr7,65731251,65732079,828
granulosa_23736,chr7,65750172,65751965,1793
granulosa_23737,chr7,65770174,65771381,1207
granulosa_23738,chr7,65872355,65874151,1796
granulosa_23739,chr7,65981467,65982740,1273
granulosa_23740,chr7,66043428,66044810,1382
granulosa_23741,chr7,66075165,66076568,1403
granulosa_23742,chr7,66099024,66100764,1740
granulosa_23743,chr7,66114246,66115706,1460
granulosa_23744,chr7,66204468,66206027,1559
granulosa_23745,chr7,66412629,66414128,1499
granulosa_23746,chr7,66492475,66494405,1930
granulosa_23747,chr7,66591150,66592649,1499
granulosa_23748,chr7,66627857,66629840,1983
granulosa_23749,chr7,66653654,66655453,1799
granulosa_23750,chr7,66681425,66683012,1587
granulosa_23751,chr7,66739794,66741976,2182
granulosa_23752,chr7,66843616,66846040,2424
granulosa_23753,chr7,66920632,66922566,1934
granulosa_23754,chr7,66994510,66995842,1332
granulosa_23755,chr7,66996196,66997164,968
granulosa_23756,chr7,67100340,67101503,1163
granulosa_23757,chr7,67301618,67303405,1787
granulosa_23758,chr7,67371461,67372371,910
granulosa_23759,chr7,67483876,67485350,1474
granulosa_23760,chr7,67624949,67625846,897
granulosa_23761,chr7,68245459,68246753,1294
granulosa_23762,chr7,68470540,68471743,1203
granulosa_23763,chr7,69232235,69233450,1215
granulosa_23764,chr7,69422064,69423250,1186
granulosa_23765,chr7,69597032,69600433,3401
granulosa_23766,chr7,69708838,69710597,1759
granulosa_23767,chr7,69737521,69738927,1406
granulosa_23768,chr7,69966874,69968123,1249
granulosa_23769,chr7,70091940,70093245,1305
granulosa_23770,chr7,70582640,70584975,2335
granulosa_23771,chr7,70595234,70596775,1541
granulosa_23772,chr7,70693087,70695999,2912
granulosa_23773,chr7,70776339,70777375,1036
granulosa_23774,chr7,71131094,71133578,2484
granulosa_23775,chr7,71236158,71237244,1086
granulosa_23776,chr7,71237639,71238497,858
granulosa_23777,chr7,71303201,71304652,1451
granulosa_23778,chr7,71611689,71613698,2009
granulosa_23779,chr7,71732898,71733625,727
granulosa_23780,chr7,72335549,72338081,2532
granulosa_23781,chr7,72710599,72711609,1010
granulosa_23782,chr7,72827667,72828818,1151
granulosa_23783,chr7,72828914,72830357,1443
granulosa_23784,chr7,72878842,72880255,1413
granulosa_23785,chr7,72924379,72926015,1636
granulosa_23786,chr7,73005388,73006300,912
granulosa_23787,chr7,73154252,73155094,842
granulosa_23788,chr7,73308024,73309009,985
granulosa_23789,chr7,73323895,73325026,1131
granulosa_23790,chr7,73428386,73429576,1190
granulosa_23791,chr7,73433349,73434615,1266
granulosa_23792,chr7,73521071,73522914,1843
granulosa_23793,chr7,73556477,73558091,1614
granulosa_23794,chr7,73577574,73579376,1802
granulosa_23795,chr7,73587206,73588299,1093
granulosa_23796,chr7,73622609,73624774,2165
granulosa_23797,chr7,73647292,73648426,1134
granulosa_23798,chr7,73667347,73669087,1740
granulosa_23799,chr7,73682008,73684265,2257
granulosa_23800,chr7,73703551,73705581,2030
granulosa_23801,chr7,73718835,73720065,1230
granulosa_23802,chr7,73721163,73721968,805
granulosa_23803,chr7,73725502,73726231,729
granulosa_23804,chr7,73738015,73739639,1624
granulosa_23805,chr7,73742319,73743582,1263
granulosa_23806,chr7,73768653,73771036,2383
granulosa_23807,chr7,73827200,73828510,1310
granulosa_23808,chr7,73841763,73842986,1223
granulosa_23809,chr7,73855192,73856091,899
granulosa_23810,chr7,74026627,74028909,2282
granulosa_23811,chr7,74082967,74084763,1796
granulosa_23812,chr7,74092335,74095191,2856
granulosa_23813,chr7,74164736,74165574,838
granulosa_23814,chr7,74173122,74175607,2485
granulosa_23815,chr7,74253317,74255141,1824
granulosa_23816,chr7,74288636,74291243,2607
granulosa_23817,chr7,74371048,74373110,2062
granulosa_23818,chr7,74443391,74444562,1171
granulosa_23819,chr7,74452652,74455647,2995
granulosa_23820,chr7,74477652,74478484,832
granulosa_23821,chr7,74479960,74481465,1505
granulosa_23822,chr7,74627315,74628527,1212
granulosa_23823,chr7,74656110,74658942,2832
granulosa_23824,chr7,75014194,75015443,1249
granulosa_23825,chr7,75072510,75074178,1668
granulosa_23826,chr7,75485308,75486663,1355
granulosa_23827,chr7,75526969,75528521,1552
granulosa_23828,chr7,75598759,75599872,1113
granulosa_23829,chr7,75638109,75640142,2033
granulosa_23830,chr7,75687786,75689066,1280
granulosa_23831,chr7,75737948,75739935,1987
granulosa_23832,chr7,75842232,75843982,1750
granulosa_23833,chr7,75878349,75880255,1906
granulosa_23834,chr7,75914235,75916191,1956
granulosa_23835,chr7,75989056,75989895,839
granulosa_23836,chr7,75990832,75991365,533
granulosa_23837,chr7,75993450,75995318,1868
granulosa_23838,chr7,76047074,76049001,1927
granulosa_23839,chr7,76068586,76069690,1104
granulosa_23840,chr7,76137078,76138954,1876
granulosa_23841,chr7,76166083,76167217,1134
granulosa_23842,chr7,76177786,76178718,932
granulosa_23843,chr7,76201294,76202246,952
granulosa_23844,chr7,76234752,76235556,804
granulosa_23845,chr7,76259702,76260838,1136
granulosa_23846,chr7,76266712,76268954,2242
granulosa_23847,chr7,76281242,76283120,1878
granulosa_23848,chr7,76291211,76292561,1350
granulosa_23849,chr7,76294254,76295113,859
granulosa_23850,chr7,76302100,76305700,3600
granulosa_23851,chr7,76314011,76314594,583
granulosa_23852,chr7,76317281,76319554,2273
granulosa_23853,chr7,76357532,76359956,2424
granulosa_23854,chr7,76379518,76380665,1147
granulosa_23855,chr7,76392678,76393957,1279
granulosa_23856,chr7,76397024,76397821,797
granulosa_23857,chr7,76423039,76424328,1289
granulosa_23858,chr7,76548802,76550227,1425
granulosa_23859,chr7,77121698,77122821,1123
granulosa_23860,chr7,77415245,77417086,1841
granulosa_23861,chr7,77536176,77538954,2778
granulosa_23862,chr7,77695675,77697883,2208
granulosa_23863,chr7,77797476,77799756,2280
granulosa_23864,chr7,78018569,78021198,2629
granulosa_23865,chr7,78072894,78074541,1647
granulosa_23866,chr7,78089747,78091147,1400
granulosa_23867,chr7,78768742,78770133,1391
granulosa_23868,chr7,78770345,78771478,1133
granulosa_23869,chr7,79055635,79057032,1397
granulosa_23870,chr7,79114451,79115169,718
granulosa_23871,chr7,79117999,79120077,2078
granulosa_23872,chr7,79271005,79272545,1540
granulosa_23873,chr7,79451724,79454927,3203
granulosa_23874,chr7,79506219,79507791,1572
granulosa_23875,chr7,80134284,80136199,1915
granulosa_23876,chr7,80279134,80280205,1071
granulosa_23877,chr7,80918024,80919604,1580
granulosa_23878,chr7,81234773,81236853,2080
granulosa_23879,chr7,81845366,81846833,1467
granulosa_23880,chr7,82442646,82444943,2297
granulosa_23881,chr7,83161734,83163298,1564
granulosa_23882,chr7,83647980,83649378,1398
granulosa_23883,chr7,84194263,84196471,2208
granulosa_23884,chr7,85184661,85187339,2678
granulosa_23885,chr7,86643257,86645382,2125
granulosa_23886,chr7,86773384,86774730,1346
granulosa_23887,chr7,87058622,87060146,1524
granulosa_23888,chr7,87151449,87153540,2091
granulosa_23889,chr7,87218538,87221175,2637
granulosa_23890,chr7,87344535,87346411,1876
granulosa_23891,chr7,87474494,87476411,1917
granulosa_23892,chr7,87599328,87601169,1841
granulosa_23893,chr7,87627479,87629338,1859
granulosa_23894,chr7,87875295,87877385,2090
granulosa_23895,chr7,87933550,87935493,1943
granulosa_23896,chr7,88200315,88201622,1307
granulosa_23897,chr7,88218690,88220755,2065
granulosa_23898,chr7,88758354,88760153,1799
granulosa_23899,chr7,89240225,89241785,1560
granulosa_23900,chr7,90118327,90120052,1725
granulosa_23901,chr7,90153791,90154873,1082
granulosa_23902,chr7,90210944,90212535,1591
granulosa_23903,chr7,90244400,90245948,1548
granulosa_23904,chr7,90345421,90347122,1701
granulosa_23905,chr7,90402920,90404474,1554
granulosa_23906,chr7,90594685,90597627,2942
granulosa_23907,chr7,90766339,90767602,1263
granulosa_23908,chr7,91263370,91265995,2625
granulosa_23909,chr7,91293837,91295724,1887
granulosa_23910,chr7,91879881,91881252,1371
granulosa_23911,chr7,91939851,91941895,2044
granulosa_23912,chr7,92133300,92135776,2476
granulosa_23913,chr7,92178701,92179891,1190
granulosa_23914,chr7,92244911,92247129,2218
granulosa_23915,chr7,92424002,92424892,890
granulosa_23916,chr7,92446874,92448830,1956
granulosa_23917,chr7,92527275,92529169,1894
granulosa_23918,chr7,92589301,92590837,1536
granulosa_23919,chr7,92608139,92609262,1123
granulosa_23920,chr7,92695240,92696293,1053
granulosa_23921,chr7,92698019,92698848,829
granulosa_23922,chr7,92832747,92837479,4732
granulosa_23923,chr7,92916356,92917495,1139
granulosa_23924,chr7,93116990,93118617,1627
granulosa_23925,chr7,93231432,93232889,1457
granulosa_23926,chr7,93574158,93575913,1755
granulosa_23927,chr7,93889768,93891090,1322
granulosa_23928,chr7,93894863,93896836,1973
granulosa_23929,chr7,93920875,93922513,1638
granulosa_23930,chr7,94003430,94005201,1771
granulosa_23931,chr7,94275566,94277788,2222
granulosa_23932,chr7,94300579,94302232,1653
granulosa_23933,chr7,94373967,94376284,2317
granulosa_23934,chr7,94393205,94395800,2595
granulosa_23935,chr7,94406166,94407117,951
granulosa_23936,chr7,94509080,94511047,1967
granulosa_23937,chr7,94655003,94656663,1660
granulosa_23938,chr7,94656911,94658693,1782
granulosa_23939,chr7,94907134,94909208,2074
granulosa_23940,chr7,95434242,95435668,1426
granulosa_23941,chr7,95478047,95479067,1020
granulosa_23942,chr7,95595591,95597172,1581
granulosa_23943,chr7,95772186,95773613,1427
granulosa_23944,chr7,96075252,96076499,1247
granulosa_23945,chr7,96320587,96322560,1973
granulosa_23946,chr7,96709002,96710267,1265
granulosa_23947,chr7,97005059,97007428,2369
granulosa_23948,chr7,97023807,97025001,1194
granulosa_23949,chr7,97027157,97027944,787
granulosa_23950,chr7,97087368,97088656,1288
granulosa_23951,chr7,97117023,97118801,1778
granulosa_23952,chr7,97731243,97734149,2906
granulosa_23953,chr7,97871487,97872884,1397
granulosa_23954,chr7,97927444,97928612,1168
granulosa_23955,chr7,97971399,97972678,1279
granulosa_23956,chr7,98106220,98107762,1542
granulosa_23957,chr7,98210353,98211876,1523
granulosa_23958,chr7,98250795,98252820,2025
granulosa_23959,chr7,98280509,98282586,2077
granulosa_23960,chr7,98399720,98401620,1900
granulosa_23961,chr7,98616390,98618087,1697
granulosa_23962,chr7,98867199,98867852,653
granulosa_23963,chr7,98869175,98870640,1465
granulosa_23964,chr7,98877836,98880074,2238
granulosa_23965,chr7,99137277,99137933,656
granulosa_23966,chr7,99141788,99144667,2879
granulosa_23967,chr7,99324968,99326989,2021
granulosa_23968,chr7,99373903,99375709,1806
granulosa_23969,chr7,99392366,99393899,1533
granulosa_23970,chr7,99407682,99409886,2204
granulosa_23971,chr7,99438267,99439810,1543
granulosa_23972,chr7,99465336,99466608,1272
granulosa_23973,chr7,99471645,99473608,1963
granulosa_23974,chr7,99499389,99500565,1176
granulosa_23975,chr7,99504192,99505625,1433
granulosa_23976,chr7,99551134,99552517,1383
granulosa_23977,chr7,99557859,99559501,1642
granulosa_23978,chr7,99579771,99581045,1274
granulosa_23979,chr7,99616246,99617545,1299
granulosa_23980,chr7,99832903,99834220,1317
granulosa_23981,chr7,99918719,99919894,1175
granulosa_23982,chr7,99928792,99929989,1197
granulosa_23983,chr7,99990299,99991277,978
granulosa_23984,chr7,99997249,99998135,886
granulosa_23985,chr7,100015063,100016886,1823
granulosa_23986,chr7,100049183,100050457,1274
granulosa_23987,chr7,100080658,100083009,2351
granulosa_23988,chr7,100086382,100087507,1125
granulosa_23989,chr7,100088395,100089476,1081
granulosa_23990,chr7,100099534,100102455,2921
granulosa_23991,chr7,100118818,100120646,1828
granulosa_23992,chr7,100126398,100128468,2070
granulosa_23993,chr7,100147940,100149704,1764
granulosa_23994,chr7,100156881,100159179,2298
granulosa_23995,chr7,100167021,100169029,2008
granulosa_23996,chr7,100171097,100172049,952
granulosa_23997,chr7,100176522,100178209,1687
granulosa_23998,chr7,100269681,100272566,2885
granulosa_23999,chr7,100335175,100336544,1369
granulosa_24000,chr7,100427833,100430925,3092
granulosa_24001,chr7,100435398,100436928,1530
granulosa_24002,chr7,100450110,100451080,970
granulosa_24003,chr7,100465621,100466440,819
granulosa_24004,chr7,100469158,100469783,625
granulosa_24005,chr7,100477310,100479666,2356
granulosa_24006,chr7,100483093,100484846,1753
granulosa_24007,chr7,100538343,100540129,1786
granulosa_24008,chr7,100545048,100548299,3251
granulosa_24009,chr7,100559232,100560162,930
granulosa_24010,chr7,100569324,100570534,1210
granulosa_24011,chr7,100582967,100583676,709
granulosa_24012,chr7,100584278,100587072,2794
granulosa_24013,chr7,100601968,100605943,3975
granulosa_24014,chr7,100611571,100613382,1811
granulosa_24015,chr7,100626307,100627482,1175
granulosa_24016,chr7,100632555,100634298,1743
granulosa_24017,chr7,100655632,100656693,1061
granulosa_24018,chr7,100673010,100676431,3421
granulosa_24019,chr7,100686166,100687284,1118
granulosa_24020,chr7,100691366,100692253,887
granulosa_24021,chr7,100693014,100694751,1737
granulosa_24022,chr7,100705034,100707275,2241
granulosa_24023,chr7,100744856,100745804,948
granulosa_24024,chr7,100801401,100802622,1221
granulosa_24025,chr7,100802995,100803993,998
granulosa_24026,chr7,100825781,100828251,2470
granulosa_24027,chr7,100835640,100837682,2042
granulosa_24028,chr7,100851852,100853563,1711
granulosa_24029,chr7,100865527,100868632,3105
granulosa_24030,chr7,100874146,100875842,1696
granulosa_24031,chr7,100888979,100891508,2529
granulosa_24032,chr7,100894609,100897500,2891
granulosa_24033,chr7,100965276,100967130,1854
granulosa_24034,chr7,101016616,101017787,1171
granulosa_24035,chr7,101084845,101086173,1328
granulosa_24036,chr7,101126143,101127516,1373
granulosa_24037,chr7,101153759,101155391,1632
granulosa_24038,chr7,101162507,101164003,1496
granulosa_24039,chr7,101165268,101166006,738
granulosa_24040,chr7,101169587,101170113,526
granulosa_24041,chr7,101172012,101172934,922
granulosa_24042,chr7,101200610,101202415,1805
granulosa_24043,chr7,101216559,101218916,2357
granulosa_24044,chr7,101231570,101232965,1395
granulosa_24045,chr7,101243793,101245475,1682
granulosa_24046,chr7,101251638,101252782,1144
granulosa_24047,chr7,101282475,101283318,843
granulosa_24048,chr7,101307901,101309462,1561
granulosa_24049,chr7,101320979,101322649,1670
granulosa_24050,chr7,101362278,101364286,2008
granulosa_24051,chr7,101486101,101487434,1333
granulosa_24052,chr7,101507241,101508147,906
granulosa_24053,chr7,101670894,101671960,1066
granulosa_24054,chr7,101680868,101681917,1049
granulosa_24055,chr7,101687884,101688891,1007
granulosa_24056,chr7,101743139,101744299,1160
granulosa_24057,chr7,101782945,101785232,2287
granulosa_24058,chr7,101814011,101814474,463
granulosa_24059,chr7,101814793,101817881,3088
granulosa_24060,chr7,101856139,101857601,1462
granulosa_24061,chr7,101880670,101881809,1139
granulosa_24062,chr7,101911745,101914237,2492
granulosa_24063,chr7,101935628,101937002,1374
granulosa_24064,chr7,101947407,101948664,1257
granulosa_24065,chr7,102285871,102288130,2259
granulosa_24066,chr7,102310327,102311238,911
granulosa_24067,chr7,102363252,102364762,1510
granulosa_24068,chr7,102395429,102397364,1935
granulosa_24069,chr7,102432648,102434300,1652
granulosa_24070,chr7,102463967,102465688,1721
granulosa_24071,chr7,102512280,102513246,966
granulosa_24072,chr7,102572158,102572850,692
granulosa_24073,chr7,102748181,102749419,1238
granulosa_24074,chr7,102811521,102813714,2193
granulosa_24075,chr7,102912428,102913338,910
granulosa_24076,chr7,102913734,102915102,1368
granulosa_24077,chr7,103073799,103075982,2183
granulosa_24078,chr7,103105818,103107097,1279
granulosa_24079,chr7,103148168,103149788,1620
granulosa_24080,chr7,103279248,103281201,1953
granulosa_24081,chr7,103296919,103298142,1223
granulosa_24082,chr7,103343672,103344989,1317
granulosa_24083,chr7,103347291,103348203,912
granulosa_24084,chr7,103444931,103446472,1541
granulosa_24085,chr7,103540269,103541376,1107
granulosa_24086,chr7,103888682,103890366,1684
granulosa_24087,chr7,103894065,103895776,1711
granulosa_24088,chr7,103988473,103990810,2337
granulosa_24089,chr7,104206704,104208663,1959
granulosa_24090,chr7,104230296,104231952,1656
granulosa_24091,chr7,104327932,104329841,1909
granulosa_24092,chr7,104943412,104945626,2214
granulosa_24093,chr7,104977009,104977707,698
granulosa_24094,chr7,104978991,104979699,708
granulosa_24095,chr7,104983176,104984975,1799
granulosa_24096,chr7,105012343,105015227,2884
granulosa_24097,chr7,105268102,105269786,1684
granulosa_24098,chr7,105387477,105389595,2118
granulosa_24099,chr7,105521029,105522800,1771
granulosa_24100,chr7,105531459,105533079,1620
granulosa_24101,chr7,105580916,105581790,874
granulosa_24102,chr7,105654842,105656294,1452
granulosa_24103,chr7,105788087,105789214,1127
granulosa_24104,chr7,105875701,105877656,1955
granulosa_24105,chr7,106064326,106066199,1873
granulosa_24106,chr7,106111026,106112936,1910
granulosa_24107,chr7,106262169,106263892,1723
granulosa_24108,chr7,106283850,106286068,2218
granulosa_24109,chr7,106659588,106661624,2036
granulosa_24110,chr7,106979080,106980655,1575
granulosa_24111,chr7,106982142,106982906,764
granulosa_24112,chr7,106989303,106990932,1629
granulosa_24113,chr7,107044011,107045683,1672
granulosa_24114,chr7,107078194,107079155,961
granulosa_24115,chr7,107167625,107170313,2688
granulosa_24116,chr7,107563143,107565030,1887
granulosa_24117,chr7,107579570,107580813,1243
granulosa_24118,chr7,107660437,107662077,1640
granulosa_24119,chr7,107742913,107744767,1854
granulosa_24120,chr7,107890331,107891944,1613
granulosa_24121,chr7,108001005,108003725,2720
granulosa_24122,chr7,108454511,108456852,2341
granulosa_24123,chr7,108525210,108526831,1621
granulosa_24124,chr7,108568816,108570869,2053
granulosa_24125,chr7,110719176,110720818,1642
granulosa_24126,chr7,111090624,111092395,1771
granulosa_24127,chr7,111560736,111563198,2462
granulosa_24128,chr7,111734783,111736849,2066
granulosa_24129,chr7,112204868,112207371,2503
granulosa_24130,chr7,112449400,112451626,2226
granulosa_24131,chr7,112452112,112452751,639
granulosa_24132,chr7,112789389,112790844,1455
granulosa_24133,chr7,112938550,112940612,2062
granulosa_24134,chr7,113085565,113087991,2426
granulosa_24135,chr7,113117704,113119127,1423
granulosa_24136,chr7,114084372,114087884,3512
granulosa_24137,chr7,114921610,114923580,1970
granulosa_24138,chr7,115475882,115477797,1915
granulosa_24139,chr7,115677680,115678599,919
granulosa_24140,chr7,116210098,116211644,1546
granulosa_24141,chr7,116353682,116356749,3067
granulosa_24142,chr7,116499015,116501016,2001
granulosa_24143,chr7,116501317,116502218,901
granulosa_24144,chr7,116524327,116527124,2797
granulosa_24145,chr7,116671431,116673505,2074
granulosa_24146,chr7,116762425,116764562,2137
granulosa_24147,chr7,116861974,116864328,2354
granulosa_24148,chr7,116952655,116955113,2458
granulosa_24149,chr7,117019684,117020943,1259
granulosa_24150,chr7,117322265,117324899,2634
granulosa_24151,chr7,117478634,117480197,1563
granulosa_24152,chr7,117871859,117873993,2134
granulosa_24153,chr7,118183091,118184877,1786
granulosa_24154,chr7,118213916,118215021,1105
granulosa_24155,chr7,120052601,120054112,1511
granulosa_24156,chr7,120272163,120274448,2285
granulosa_24157,chr7,120856064,120858586,2522
granulosa_24158,chr7,120949617,120951500,1883
granulosa_24159,chr7,120987476,120990146,2670
granulosa_24160,chr7,121328541,121330909,2368
granulosa_24161,chr7,121395410,121396682,1272
granulosa_24162,chr7,121872394,121874661,2267
granulosa_24163,chr7,122142957,122144907,1950
granulosa_24164,chr7,122310057,122310974,917
granulosa_24165,chr7,122687983,122689116,1133
granulosa_24166,chr7,122885439,122887695,2256
granulosa_24167,chr7,123410227,123411119,892
granulosa_24168,chr7,123533920,123535398,1478
granulosa_24169,chr7,123556939,123558373,1434
granulosa_24170,chr7,123747183,123749787,2604
granulosa_24171,chr7,123797559,123798746,1187
granulosa_24172,chr7,124013239,124014265,1026
granulosa_24173,chr7,124031849,124033826,1977
granulosa_24174,chr7,124763943,124766540,2597
granulosa_24175,chr7,124929107,124930282,1175
granulosa_24176,chr7,126803105,126804855,1750
granulosa_24177,chr7,127251145,127254223,3078
granulosa_24178,chr7,127347433,127348325,892
granulosa_24179,chr7,127391354,127394023,2669
granulosa_24180,chr7,127584910,127585832,922
granulosa_24181,chr7,127587671,127589202,1531
granulosa_24182,chr7,127650930,127652658,1728
granulosa_24183,chr7,127755164,127756711,1547
granulosa_24184,chr7,127840341,127842127,1786
granulosa_24185,chr7,127844190,127846143,1953
granulosa_24186,chr7,127948834,127950395,1561
granulosa_24187,chr7,128030415,128033519,3104
granulosa_24188,chr7,128084743,128085650,907
granulosa_24189,chr7,128103177,128104727,1550
granulosa_24190,chr7,128134404,128136606,2202
granulosa_24191,chr7,128166399,128169055,2656
granulosa_24192,chr7,128200811,128202047,1236
granulosa_24193,chr7,128208969,128210134,1165
granulosa_24194,chr7,128266628,128267776,1148
granulosa_24195,chr7,128270791,128272410,1619
granulosa_24196,chr7,128342541,128344116,1575
granulosa_24197,chr7,128350960,128352515,1555
granulosa_24198,chr7,128360237,128362376,2139
granulosa_24199,chr7,128387064,128388260,1196
granulosa_24200,chr7,128404855,128406301,1446
granulosa_24201,chr7,128408605,128410651,2046
granulosa_24202,chr7,128453910,128454948,1038
granulosa_24203,chr7,128455218,128456387,1169
granulosa_24204,chr7,128476185,128477565,1380
granulosa_24205,chr7,128529931,128532423,2492
granulosa_24206,chr7,128738186,128740330,2144
granulosa_24207,chr7,128790209,128792342,2133
granulosa_24208,chr7,128829772,128830870,1098
granulosa_24209,chr7,128830978,128831967,989
granulosa_24210,chr7,128862155,128863808,1653
granulosa_24211,chr7,128868765,128870173,1408
granulosa_24212,chr7,128879703,128880562,859
granulosa_24213,chr7,128890426,128891642,1216
granulosa_24214,chr7,128909435,128910873,1438
granulosa_24215,chr7,128937406,128939188,1782
granulosa_24216,chr7,129053881,129055578,1697
granulosa_24217,chr7,129066436,129067854,1418
granulosa_24218,chr7,129143919,129145347,1428
granulosa_24219,chr7,129167892,129170620,2728
granulosa_24220,chr7,129187766,129190464,2698
granulosa_24221,chr7,129224232,129226341,2109
granulosa_24222,chr7,129433310,129435286,1976
granulosa_24223,chr7,129501754,129503573,1819
granulosa_24224,chr7,129610853,129613131,2278
granulosa_24225,chr7,129779262,129780636,1374
granulosa_24226,chr7,129824658,129826241,1583
granulosa_24227,chr7,129829858,129831847,1989
granulosa_24228,chr7,129948800,129949934,1134
granulosa_24229,chr7,129951263,129953342,2079
granulosa_24230,chr7,130009862,130011288,1426
granulosa_24231,chr7,130050626,130051621,995
granulosa_24232,chr7,130069689,130071366,1677
granulosa_24233,chr7,130072077,130072495,418
granulosa_24234,chr7,130140502,130142710,2208
granulosa_24235,chr7,130152550,130154989,2439
granulosa_24236,chr7,130204711,130206426,1715
granulosa_24237,chr7,130227578,130229206,1628
granulosa_24238,chr7,130272488,130274211,1723
granulosa_24239,chr7,130365080,130366505,1425
granulosa_24240,chr7,130372898,130374272,1374
granulosa_24241,chr7,130379345,130382008,2663
granulosa_24242,chr7,130392141,130394230,2089
granulosa_24243,chr7,130440275,130441828,1553
granulosa_24244,chr7,130485677,130487172,1495
granulosa_24245,chr7,130490278,130492565,2287
granulosa_24246,chr7,130494137,130495496,1359
granulosa_24247,chr7,130667387,130669337,1950
granulosa_24248,chr7,130733056,130735159,2103
granulosa_24249,chr7,130901062,130901926,864
granulosa_24250,chr7,130994273,130997301,3028
granulosa_24251,chr7,131105449,131108359,2910
granulosa_24252,chr7,131326930,131328742,1812
granulosa_24253,chr7,131513189,131513895,706
granulosa_24254,chr7,131555615,131557238,1623
granulosa_24255,chr7,131648291,131649600,1309
granulosa_24256,chr7,132029301,132030483,1182
granulosa_24257,chr7,132318040,132319918,1878
granulosa_24258,chr7,132402393,132404075,1682
granulosa_24259,chr7,132424779,132426249,1470
granulosa_24260,chr7,132473926,132476119,2193
granulosa_24261,chr7,132504555,132505602,1047
granulosa_24262,chr7,132575227,132577816,2589
granulosa_24263,chr7,132755940,132757456,1516
granulosa_24264,chr7,132825652,132826778,1126
granulosa_24265,chr7,133080927,133082596,1669
granulosa_24266,chr7,133139172,133140207,1035
granulosa_24267,chr7,133252572,133253919,1347
granulosa_24268,chr7,133501281,133503189,1908
granulosa_24269,chr7,133529783,133531045,1262
granulosa_24270,chr7,133835809,133837974,2165
granulosa_24271,chr7,134126450,134128035,1585
granulosa_24272,chr7,134315752,134317477,1725
granulosa_24273,chr7,134431917,134433214,1297
granulosa_24274,chr7,134458133,134459441,1308
granulosa_24275,chr7,134547033,134549198,2165
granulosa_24276,chr7,134556918,134558093,1175
granulosa_24277,chr7,134645660,134647718,2058
granulosa_24278,chr7,134742011,134743689,1678
granulosa_24279,chr7,134778765,134780867,2102
granulosa_24280,chr7,134890556,134892663,2107
granulosa_24281,chr7,134986053,134987263,1210
granulosa_24282,chr7,135169764,135171172,1408
granulosa_24283,chr7,135200366,135201403,1037
granulosa_24284,chr7,135210523,135212446,1923
granulosa_24285,chr7,135334616,135336112,1496
granulosa_24286,chr7,135508770,135511098,2328
granulosa_24287,chr7,135557256,135558852,1596
granulosa_24288,chr7,135661865,135663258,1393
granulosa_24289,chr7,135928757,135931403,2646
granulosa_24290,chr7,135976197,135977850,1653
granulosa_24291,chr7,136032886,136034367,1481
granulosa_24292,chr7,136086526,136087176,650
granulosa_24293,chr7,136172958,136175195,2237
granulosa_24294,chr7,136868385,136871863,3478
granulosa_24295,chr7,137169035,137169701,666
granulosa_24296,chr7,137342075,137343984,1909
granulosa_24297,chr7,137759775,137760757,982
granulosa_24298,chr7,137846094,137847798,1704
granulosa_24299,chr7,137999938,138002760,2822
granulosa_24300,chr7,138257255,138258535,1280
granulosa_24301,chr7,138459566,138461485,1919
granulosa_24302,chr7,138662479,138664898,2419
granulosa_24303,chr7,138738183,138739218,1035
granulosa_24304,chr7,138980001,138982510,2509
granulosa_24305,chr7,139034715,139036499,1784
granulosa_24306,chr7,139090724,139092574,1850
granulosa_24307,chr7,139108004,139110128,2124
granulosa_24308,chr7,139132376,139134293,1917
granulosa_24309,chr7,139230377,139232526,2149
granulosa_24310,chr7,139339782,139342235,2453
granulosa_24311,chr7,139358643,139360985,2342
granulosa_24312,chr7,139482280,139484710,2430
granulosa_24313,chr7,139522857,139524804,1947
granulosa_24314,chr7,139588205,139589235,1030
granulosa_24315,chr7,139679547,139682154,2607
granulosa_24316,chr7,139701831,139703637,1806
granulosa_24317,chr7,139775656,139778866,3210
granulosa_24318,chr7,140061882,140063634,1752
granulosa_24319,chr7,140175162,140178098,2936
granulosa_24320,chr7,140229630,140231852,2222
granulosa_24321,chr7,140397517,140398770,1253
granulosa_24322,chr7,140403544,140405020,1476
granulosa_24323,chr7,140477918,140479877,1959
granulosa_24324,chr7,140506556,140508624,2068
granulosa_24325,chr7,140517408,140518651,1243
granulosa_24326,chr7,140541096,140542628,1532
granulosa_24327,chr7,140595518,140597942,2424
granulosa_24328,chr7,140626063,140626998,935
granulosa_24329,chr7,140639301,140642015,2714
granulosa_24330,chr7,140672159,140674162,2003
granulosa_24331,chr7,140696040,140697671,1631
granulosa_24332,chr7,140923499,140925396,1897
granulosa_24333,chr7,141013876,141015504,1628
granulosa_24334,chr7,141071207,141074844,3637
granulosa_24335,chr7,141550462,141552109,1647
granulosa_24336,chr7,141649388,141650493,1105
granulosa_24337,chr7,141700743,141702614,1871
granulosa_24338,chr7,141737198,141738953,1755
granulosa_24339,chr7,142853710,142856236,2526
granulosa_24340,chr7,143262907,143264244,1337
granulosa_24341,chr7,143287386,143289537,2151
granulosa_24342,chr7,143345192,143346224,1032
granulosa_24343,chr7,143361029,143363282,2253
granulosa_24344,chr7,143380005,143382402,2397
granulosa_24345,chr7,143385943,143386677,734
granulosa_24346,chr7,143519167,143520199,1032
granulosa_24347,chr7,143881714,143883142,1428
granulosa_24348,chr7,143884842,143885557,715
granulosa_24349,chr7,143901180,143902392,1212
granulosa_24350,chr7,143904495,143905888,1393
granulosa_24351,chr7,144834844,144836492,1648
granulosa_24352,chr7,146115509,146117294,1785
granulosa_24353,chr7,146635005,146636875,1870
granulosa_24354,chr7,148083363,148084892,1529
granulosa_24355,chr7,148153014,148154504,1490
granulosa_24356,chr7,148262087,148263424,1337
granulosa_24357,chr7,148338809,148340009,1200
granulosa_24358,chr7,148500922,148502286,1364
granulosa_24359,chr7,148606759,148608286,1527
granulosa_24360,chr7,148624649,148625910,1261
granulosa_24361,chr7,148628555,148629745,1190
granulosa_24362,chr7,148651118,148652620,1502
granulosa_24363,chr7,148697459,148700372,2913
granulosa_24364,chr7,148722392,148723475,1083
granulosa_24365,chr7,148763191,148764661,1470
granulosa_24366,chr7,148882828,148885264,2436
granulosa_24367,chr7,148940449,148942617,2168
granulosa_24368,chr7,148962527,148964868,2341
granulosa_24369,chr7,148982602,148984312,1710
granulosa_24370,chr7,148986896,148988320,1424
granulosa_24371,chr7,149027297,149029339,2042
granulosa_24372,chr7,149064783,149066183,1400
granulosa_24373,chr7,149090042,149091846,1804
granulosa_24374,chr7,149125067,149127961,2894
granulosa_24375,chr7,149146753,149148787,2034
granulosa_24376,chr7,149194964,149196999,2035
granulosa_24377,chr7,149238893,149240545,1652
granulosa_24378,chr7,149261277,149262787,1510
granulosa_24379,chr7,149284594,149286053,1459
granulosa_24380,chr7,149421700,149424238,2538
granulosa_24381,chr7,149459234,149461195,1961
granulosa_24382,chr7,149495985,149498290,2305
granulosa_24383,chr7,149623063,149625307,2244
granulosa_24384,chr7,149713571,149715647,2076
granulosa_24385,chr7,149741612,149742787,1175
granulosa_24386,chr7,149764319,149766465,2146
granulosa_24387,chr7,149771065,149774593,3528
granulosa_24388,chr7,149837762,149839313,1551
granulosa_24389,chr7,149854408,149856277,1869
granulosa_24390,chr7,149872659,149874359,1700
granulosa_24391,chr7,150046953,150049642,2689
granulosa_24392,chr7,150322408,150324721,2313
granulosa_24393,chr7,150339636,150342231,2595
granulosa_24394,chr7,150367850,150370196,2346
granulosa_24395,chr7,150378121,150380112,1991
granulosa_24396,chr7,150404409,150406158,1749
granulosa_24397,chr7,150787313,150788826,1513
granulosa_24398,chr7,150799551,150801884,2333
granulosa_24399,chr7,150876613,150877800,1187
granulosa_24400,chr7,150900957,150902431,1474
granulosa_24401,chr7,150945031,150946770,1739
granulosa_24402,chr7,150954477,150956449,1972
granulosa_24403,chr7,150961732,150963904,2172
granulosa_24404,chr7,150971099,150972501,1402
granulosa_24405,chr7,150974003,150975316,1313
granulosa_24406,chr7,150977638,150979649,2011
granulosa_24407,chr7,150988328,150989920,1592
granulosa_24408,chr7,151012812,151014477,1665
granulosa_24409,chr7,151017841,151019398,1557
granulosa_24410,chr7,151027153,151029120,1967
granulosa_24411,chr7,151038838,151040591,1753
granulosa_24412,chr7,151050694,151051477,783
granulosa_24413,chr7,151057274,151058619,1345
granulosa_24414,chr7,151059107,151060325,1218
granulosa_24415,chr7,151060505,151061604,1099
granulosa_24416,chr7,151062288,151063509,1221
granulosa_24417,chr7,151080046,151081538,1492
granulosa_24418,chr7,151083017,151083738,721
granulosa_24419,chr7,151085602,151088117,2515
granulosa_24420,chr7,151088539,151089765,1226
granulosa_24421,chr7,151110718,151111381,663
granulosa_24422,chr7,151114287,151116427,2140
granulosa_24423,chr7,151119597,151120315,718
granulosa_24424,chr7,151123596,151124265,669
granulosa_24425,chr7,151125424,151126983,1559
granulosa_24426,chr7,151166795,151168520,1725
granulosa_24427,chr7,151172366,151172918,552
granulosa_24428,chr7,151226460,151227982,1522
granulosa_24429,chr7,151231947,151233462,1515
granulosa_24430,chr7,151245082,151245914,832
granulosa_24431,chr7,151247973,151249914,1941
granulosa_24432,chr7,151251214,151252527,1313
granulosa_24433,chr7,151256447,151257099,652
granulosa_24434,chr7,151261205,151262177,972
granulosa_24435,chr7,151275758,151277557,1799
granulosa_24436,chr7,151303126,151304010,884
granulosa_24437,chr7,151340887,151342683,1796
granulosa_24438,chr7,151349512,151350564,1052
granulosa_24439,chr7,151367860,151368831,971
granulosa_24440,chr7,151380954,151382895,1941
granulosa_24441,chr7,151408616,151410962,2346
granulosa_24442,chr7,151426280,151427129,849
granulosa_24443,chr7,151439608,151442262,2654
granulosa_24444,chr7,151447962,151448969,1007
granulosa_24445,chr7,151459460,151460825,1365
granulosa_24446,chr7,151517904,151520980,3076
granulosa_24447,chr7,151630917,151633239,2322
granulosa_24448,chr7,151735199,151736900,1701
granulosa_24449,chr7,151782536,151783315,779
granulosa_24450,chr7,151875080,151878241,3161
granulosa_24451,chr7,152025002,152026745,1743
granulosa_24452,chr7,152434287,152437076,2789
granulosa_24453,chr7,152459740,152460918,1178
granulosa_24454,chr7,152462993,152465077,2084
granulosa_24455,chr7,152522009,152523215,1206
granulosa_24456,chr7,152587979,152588775,796
granulosa_24457,chr7,152674835,152676559,1724
granulosa_24458,chr7,152759168,152761053,1885
granulosa_24459,chr7,152908746,152911223,2477
granulosa_24460,chr7,152924432,152926238,1806
granulosa_24461,chr7,153431196,153432642,1446
granulosa_24462,chr7,153523078,153524721,1643
granulosa_24463,chr7,153886085,153888601,2516
granulosa_24464,chr7,154050968,154053706,2738
granulosa_24465,chr7,154913426,154915221,1795
granulosa_24466,chr7,154927521,154929402,1881
granulosa_24467,chr7,155001988,155004568,2580
granulosa_24468,chr7,155069731,155070984,1253
granulosa_24469,chr7,155213835,155215296,1461
granulosa_24470,chr7,155256666,155258450,1784
granulosa_24471,chr7,155296674,155299428,2754
granulosa_24472,chr7,155344277,155345485,1208
granulosa_24473,chr7,155456732,155459198,2466
granulosa_24474,chr7,155532824,155534735,1911
granulosa_24475,chr7,155643489,155645360,1871
granulosa_24476,chr7,155802864,155804329,1465
granulosa_24477,chr7,155804682,155805923,1241
granulosa_24478,chr7,155961140,155962604,1464
granulosa_24479,chr7,156080049,156081540,1491
granulosa_24480,chr7,156639563,156641440,1877
granulosa_24481,chr7,156841472,156843095,1623
granulosa_24482,chr7,156891559,156893837,2278
granulosa_24483,chr7,156948500,156951867,3367
granulosa_24484,chr7,156992964,156994186,1222
granulosa_24485,chr7,157009497,157011496,1999
granulosa_24486,chr7,157138157,157140188,2031
granulosa_24487,chr7,157336142,157339045,2903
granulosa_24488,chr7,157397636,157398797,1161
granulosa_24489,chr7,157432057,157433391,1334
granulosa_24490,chr7,157567731,157569629,1898
granulosa_24491,chr7,157612549,157614186,1637
granulosa_24492,chr7,157614874,157615934,1060
granulosa_24493,chr7,157662776,157663832,1056
granulosa_24494,chr7,157683745,157685755,2010
granulosa_24495,chr7,157690359,157691334,975
granulosa_24496,chr7,157737280,157738730,1450
granulosa_24497,chr7,157768809,157769840,1031
granulosa_24498,chr7,157851346,157852229,883
granulosa_24499,chr7,157989498,157991185,1687
granulosa_24500,chr7,158015371,158017800,2429
granulosa_24501,chr7,158031281,158032435,1154
granulosa_24502,chr7,158325392,158326407,1015
granulosa_24503,chr7,158431698,158433456,1758
granulosa_24504,chr7,158446801,158447983,1182
granulosa_24505,chr7,158494197,158496200,2003
granulosa_24506,chr7,158587187,158588942,1755
granulosa_24507,chr7,158695727,158696647,920
granulosa_24508,chr7,158704297,158706505,2208
granulosa_24509,chr7,158818195,158819254,1059
granulosa_24510,chr7,158827954,158830485,2531
granulosa_24511,chr7,158855893,158857118,1225
granulosa_24512,chr7,158862960,158864450,1490
granulosa_24513,chr7,159030267,159031604,1337
granulosa_24514,chr7,159143752,159145848,2096
granulosa_24515,chr8,231962,233193,1231
granulosa_24516,chr8,273967,274812,845
granulosa_24517,chr8,406099,407569,1470
granulosa_24518,chr8,543940,546591,2651
granulosa_24519,chr8,686632,688582,1950
granulosa_24520,chr8,730036,732084,2048
granulosa_24521,chr8,736812,739357,2545
granulosa_24522,chr8,1363861,1365116,1255
granulosa_24523,chr8,1372549,1373885,1336
granulosa_24524,chr8,1478661,1480191,1530
granulosa_24525,chr8,1700790,1702148,1358
granulosa_24526,chr8,1762694,1765112,2418
granulosa_24527,chr8,1816641,1818234,1593
granulosa_24528,chr8,1823079,1824762,1683
granulosa_24529,chr8,1972856,1975304,2448
granulosa_24530,chr8,2000211,2002419,2208
granulosa_24531,chr8,2126125,2127991,1866
granulosa_24532,chr8,2726880,2728672,1792
granulosa_24533,chr8,2733332,2734423,1091
granulosa_24534,chr8,3079569,3080672,1103
granulosa_24535,chr8,4060328,4062432,2104
granulosa_24536,chr8,4122634,4124869,2235
granulosa_24537,chr8,4142975,4144331,1356
granulosa_24538,chr8,4991387,4993109,1722
granulosa_24539,chr8,4993357,4995201,1844
granulosa_24540,chr8,6365952,6367263,1311
granulosa_24541,chr8,6405636,6407589,1953
granulosa_24542,chr8,6463444,6464447,1003
granulosa_24543,chr8,6707547,6709438,1891
granulosa_24544,chr8,6811809,6813279,1470
granulosa_24545,chr8,6834045,6835949,1904
granulosa_24546,chr8,6840434,6841798,1364
granulosa_24547,chr8,7091451,7092765,1314
granulosa_24548,chr8,7354665,7355546,881
granulosa_24549,chr8,8227128,8229296,2168
granulosa_24550,chr8,8323957,8325477,1520
granulosa_24551,chr8,8385189,8387263,2074
granulosa_24552,chr8,8530230,8531509,1279
granulosa_24553,chr8,8669540,8670957,1417
granulosa_24554,chr8,8701183,8702750,1567
granulosa_24555,chr8,8763578,8765338,1760
granulosa_24556,chr8,8809124,8810006,882
granulosa_24557,chr8,8891935,8894281,2346
granulosa_24558,chr8,9001725,9004077,2352
granulosa_24559,chr8,9149725,9151861,2136
granulosa_24560,chr8,9386451,9387578,1127
granulosa_24561,chr8,9555263,9556926,1663
granulosa_24562,chr8,10053546,10055695,2149
granulosa_24563,chr8,10333721,10335635,1914
granulosa_24564,chr8,10729485,10731557,2072
granulosa_24565,chr8,10838723,10840272,1549
granulosa_24566,chr8,10850227,10851211,984
granulosa_24567,chr8,10927870,10928929,1059
granulosa_24568,chr8,10989958,10990658,700
granulosa_24569,chr8,11014834,11016875,2041
granulosa_24570,chr8,11058961,11060427,1466
granulosa_24571,chr8,11199707,11202002,2295
granulosa_24572,chr8,11283752,11285322,1570
granulosa_24573,chr8,11346484,11348880,2396
granulosa_24574,chr8,11465911,11467910,1999
granulosa_24575,chr8,11563681,11564982,1301
granulosa_24576,chr8,11566833,11567573,740
granulosa_24577,chr8,11592640,11594783,2143
granulosa_24578,chr8,11597241,11597980,739
granulosa_24579,chr8,11624886,11626141,1255
granulosa_24580,chr8,11631138,11633278,2140
granulosa_24581,chr8,11641607,11643135,1528
granulosa_24582,chr8,11676382,11677806,1424
granulosa_24583,chr8,11682669,11683442,773
granulosa_24584,chr8,11685255,11686644,1389
granulosa_24585,chr8,11692029,11693355,1326
granulosa_24586,chr8,11697111,11698168,1057
granulosa_24587,chr8,11701297,11704359,3062
granulosa_24588,chr8,11707591,11708109,518
granulosa_24589,chr8,11732616,11733875,1259
granulosa_24590,chr8,11735877,11736778,901
granulosa_24591,chr8,11746176,11747459,1283
granulosa_24592,chr8,11765243,11765771,528
granulosa_24593,chr8,11769092,11770968,1876
granulosa_24594,chr8,11789034,11790397,1363
granulosa_24595,chr8,11801953,11803458,1505
granulosa_24596,chr8,11807743,11809264,1521
granulosa_24597,chr8,11866770,11868892,2122
granulosa_24598,chr8,11901959,11902803,844
granulosa_24599,chr8,11941521,11943973,2452
granulosa_24600,chr8,11955131,11956268,1137
granulosa_24601,chr8,11967580,11968899,1319
granulosa_24602,chr8,11985880,11987296,1416
granulosa_24603,chr8,12014283,12015395,1112
granulosa_24604,chr8,12194016,12195117,1101
granulosa_24605,chr8,12600925,12601578,653
granulosa_24606,chr8,12658460,12659692,1232
granulosa_24607,chr8,12664649,12665830,1181
granulosa_24608,chr8,12753481,12756330,2849
granulosa_24609,chr8,12951068,12952675,1607
granulosa_24610,chr8,13130848,13134387,3539
granulosa_24611,chr8,13156161,13159758,3597
granulosa_24612,chr8,13238593,13240402,1809
granulosa_24613,chr8,13275352,13277115,1763
granulosa_24614,chr8,13565932,13567180,1248
granulosa_24615,chr8,14595104,14596261,1157
granulosa_24616,chr8,15214233,15216221,1988
granulosa_24617,chr8,15236652,15238551,1899
granulosa_24618,chr8,15539710,15541430,1720
granulosa_24619,chr8,17000676,17002850,2174
granulosa_24620,chr8,17026429,17028728,2299
granulosa_24621,chr8,17155548,17157379,1831
granulosa_24622,chr8,17158723,17160768,2045
granulosa_24623,chr8,17245953,17247962,2009
granulosa_24624,chr8,17412373,17413947,1574
granulosa_24625,chr8,17496100,17498998,2898
granulosa_24626,chr8,17575785,17578285,2500
granulosa_24627,chr8,17601942,17602927,985
granulosa_24628,chr8,17605059,17606142,1083
granulosa_24629,chr8,17607890,17609102,1212
granulosa_24630,chr8,17614027,17615338,1311
granulosa_24631,chr8,17660972,17662483,1511
granulosa_24632,chr8,17662572,17663736,1164
granulosa_24633,chr8,17674389,17675509,1120
granulosa_24634,chr8,17675805,17676742,937
granulosa_24635,chr8,17695420,17696521,1101
granulosa_24636,chr8,17696923,17697836,913
granulosa_24637,chr8,17799891,17801947,2056
granulosa_24638,chr8,17849449,17851623,2174
granulosa_24639,chr8,17922258,17924310,2052
granulosa_24640,chr8,18083088,18085767,2679
granulosa_24641,chr8,18665773,18668232,2459
granulosa_24642,chr8,19012390,19014902,2512
granulosa_24643,chr8,19046526,19048674,2148
granulosa_24644,chr8,19267203,19268152,949
granulosa_24645,chr8,19312449,19314717,2268
granulosa_24646,chr8,19346146,19347971,1825
granulosa_24647,chr8,19399511,19400738,1227
granulosa_24648,chr8,19405271,19406280,1009
granulosa_24649,chr8,19408284,19409384,1100
granulosa_24650,chr8,19681675,19683194,1519
granulosa_24651,chr8,19690540,19691855,1315
granulosa_24652,chr8,19756320,19758054,1734
granulosa_24653,chr8,19816523,19818434,1911
granulosa_24654,chr8,19939015,19940752,1737
granulosa_24655,chr8,20196553,20198811,2258
granulosa_24656,chr8,20268001,20269310,1309
granulosa_24657,chr8,20287607,20288696,1089
granulosa_24658,chr8,20289000,20291088,2088
granulosa_24659,chr8,20302216,20304248,2032
granulosa_24660,chr8,20312534,20313573,1039
granulosa_24661,chr8,20542305,20543534,1229
granulosa_24662,chr8,20589254,20590876,1622
granulosa_24663,chr8,20818499,20820533,2034
granulosa_24664,chr8,21027870,21029184,1314
granulosa_24665,chr8,21040856,21041680,824
granulosa_24666,chr8,21743731,21745362,1631
granulosa_24667,chr8,21786867,21790780,3913
granulosa_24668,chr8,21918806,21920902,2096
granulosa_24669,chr8,22009528,22010964,1436
granulosa_24670,chr8,22023720,22025580,1860
granulosa_24671,chr8,22043801,22045528,1727
granulosa_24672,chr8,22053339,22054540,1201
granulosa_24673,chr8,22066033,22067337,1304
granulosa_24674,chr8,22088668,22090527,1859
granulosa_24675,chr8,22108160,22110442,2282
granulosa_24676,chr8,22116083,22117586,1503
granulosa_24677,chr8,22129523,22131482,1959
granulosa_24678,chr8,22140860,22142813,1953
granulosa_24679,chr8,22155913,22157315,1402
granulosa_24680,chr8,22164130,22166142,2012
granulosa_24681,chr8,22188150,22189240,1090
granulosa_24682,chr8,22210225,22212956,2731
granulosa_24683,chr8,22231410,22232418,1008
granulosa_24684,chr8,22244307,22246172,1865
granulosa_24685,chr8,22318300,22319722,1422
granulosa_24686,chr8,22366639,22368099,1460
granulosa_24687,chr8,22382820,22384400,1580
granulosa_24688,chr8,22388273,22389748,1475
granulosa_24689,chr8,22440214,22441869,1655
granulosa_24690,chr8,22548823,22549699,876
granulosa_24691,chr8,22550491,22553142,2651
granulosa_24692,chr8,22553657,22555291,1634
granulosa_24693,chr8,22560969,22562576,1607
granulosa_24694,chr8,22564799,22566324,1525
granulosa_24695,chr8,22573979,22574792,813
granulosa_24696,chr8,22577929,22580609,2680
granulosa_24697,chr8,22588708,22589648,940
granulosa_24698,chr8,22594873,22595496,623
granulosa_24699,chr8,22596943,22597828,885
granulosa_24700,chr8,22598063,22600257,2194
granulosa_24701,chr8,22604252,22605593,1341
granulosa_24702,chr8,22622538,22623603,1065
granulosa_24703,chr8,22627498,22629753,2255
granulosa_24704,chr8,22668042,22669407,1365
granulosa_24705,chr8,22672980,22673696,716
granulosa_24706,chr8,22685102,22685915,813
granulosa_24707,chr8,22686097,22686816,719
granulosa_24708,chr8,22693017,22693744,727
granulosa_24709,chr8,22693940,22696024,2084
granulosa_24710,chr8,22756827,22758033,1206
granulosa_24711,chr8,22775195,22776012,817
granulosa_24712,chr8,22864322,22866118,1796
granulosa_24713,chr8,22877225,22878775,1550
granulosa_24714,chr8,22918066,22918779,713
granulosa_24715,chr8,22950109,22951053,944
granulosa_24716,chr8,22973530,22974851,1321
granulosa_24717,chr8,22980581,22981976,1395
granulosa_24718,chr8,22985025,22986234,1209
granulosa_24719,chr8,22986744,22987493,749
granulosa_24720,chr8,22998920,23000420,1500
granulosa_24721,chr8,23018018,23020344,2326
granulosa_24722,chr8,23067491,23069469,1978
granulosa_24723,chr8,23162696,23164311,1615
granulosa_24724,chr8,23223574,23225490,1916
granulosa_24725,chr8,23246142,23247645,1503
granulosa_24726,chr8,23287392,23289061,1669
granulosa_24727,chr8,23335562,23336858,1296
granulosa_24728,chr8,23402626,23404600,1974
granulosa_24729,chr8,23452157,23452987,830
granulosa_24730,chr8,23456848,23458174,1326
granulosa_24731,chr8,23523028,23524118,1090
granulosa_24732,chr8,23528251,23530608,2357
granulosa_24733,chr8,23540402,23541968,1566
granulosa_24734,chr8,23546619,23547340,721
granulosa_24735,chr8,23572049,23573945,1896
granulosa_24736,chr8,23681485,23683402,1917
granulosa_24737,chr8,23714158,23715561,1403
granulosa_24738,chr8,23852788,23855194,2406
granulosa_24739,chr8,23910148,23911590,1442
granulosa_24740,chr8,23978798,23980607,1809
granulosa_24741,chr8,23991008,23992123,1115
granulosa_24742,chr8,24913357,24915838,2481
granulosa_24743,chr8,24941490,24942824,1334
granulosa_24744,chr8,24955095,24956855,1760
granulosa_24745,chr8,24999877,25002005,2128
granulosa_24746,chr8,25108396,25109581,1185
granulosa_24747,chr8,25146457,25147238,781
granulosa_24748,chr8,25183410,25185986,2576
granulosa_24749,chr8,25269410,25270301,891
granulosa_24750,chr8,25283023,25284131,1108
granulosa_24751,chr8,25382179,25383680,1501
granulosa_24752,chr8,25457172,25459552,2380
granulosa_24753,chr8,26009487,26010944,1457
granulosa_24754,chr8,26045032,26046797,1765
granulosa_24755,chr8,26290915,26293720,2805
granulosa_24756,chr8,26382314,26384348,2034
granulosa_24757,chr8,26448093,26450539,2446
granulosa_24758,chr8,26512553,26515377,2824
granulosa_24759,chr8,26576287,26579729,3442
granulosa_24760,chr8,26640419,26642294,1875
granulosa_24761,chr8,26658091,26659447,1356
granulosa_24762,chr8,26661269,26662103,834
granulosa_24763,chr8,26864973,26867479,2506
granulosa_24764,chr8,27274169,27275037,868
granulosa_24765,chr8,27310143,27311855,1712
granulosa_24766,chr8,27489751,27491779,2028
granulosa_24767,chr8,27613919,27615288,1369
granulosa_24768,chr8,27633229,27634511,1282
granulosa_24769,chr8,27771806,27773002,1196
granulosa_24770,chr8,27774025,27775175,1150
granulosa_24771,chr8,27836260,27838244,1984
granulosa_24772,chr8,27991411,27993122,1711
granulosa_24773,chr8,28092354,28093609,1255
granulosa_24774,chr8,28258584,28259676,1092
granulosa_24775,chr8,28384826,28387342,2516
granulosa_24776,chr8,28400597,28402891,2294
granulosa_24777,chr8,28411327,28412675,1348
granulosa_24778,chr8,28414912,28415996,1084
granulosa_24779,chr8,28489944,28490914,970
granulosa_24780,chr8,28493451,28495444,1993
granulosa_24781,chr8,28561149,28562458,1309
granulosa_24782,chr8,28621758,28623618,1860
granulosa_24783,chr8,28657050,28658413,1363
granulosa_24784,chr8,28700308,28703033,2725
granulosa_24785,chr8,28889182,28891786,2604
granulosa_24786,chr8,29092005,29093339,1334
granulosa_24787,chr8,29230116,29231038,922
granulosa_24788,chr8,29261748,29263619,1871
granulosa_24789,chr8,29314377,29315936,1559
granulosa_24790,chr8,29319376,29320687,1311
granulosa_24791,chr8,29348007,29349321,1314
granulosa_24792,chr8,29349693,29351595,1902
granulosa_24793,chr8,29529238,29530799,1561
granulosa_24794,chr8,29736631,29738204,1573
granulosa_24795,chr8,29797878,29799005,1127
granulosa_24796,chr8,29904690,29906007,1317
granulosa_24797,chr8,30019651,30020900,1249
granulosa_24798,chr8,30081512,30083583,2071
granulosa_24799,chr8,30094064,30096129,2065
granulosa_24800,chr8,30155327,30157316,1989
granulosa_24801,chr8,30168661,30170539,1878
granulosa_24802,chr8,30173597,30174359,762
granulosa_24803,chr8,30215256,30216251,995
granulosa_24804,chr8,30383592,30385971,2379
granulosa_24805,chr8,30531234,30532428,1194
granulosa_24806,chr8,30554844,30556790,1946
granulosa_24807,chr8,30656911,30658980,2069
granulosa_24808,chr8,30726653,30728462,1809
granulosa_24809,chr8,30743297,30744612,1315
granulosa_24810,chr8,30811355,30813099,1744
granulosa_24811,chr8,30911371,30913211,1840
granulosa_24812,chr8,31032192,31034939,2747
granulosa_24813,chr8,31638850,31641250,2400
granulosa_24814,chr8,32219660,32220986,1326
granulosa_24815,chr8,32547059,32549368,2309
granulosa_24816,chr8,32553930,32555083,1153
granulosa_24817,chr8,32648801,32651030,2229
granulosa_24818,chr8,32984845,32986125,1280
granulosa_24819,chr8,32999253,33000357,1104
granulosa_24820,chr8,33075285,33076803,1518
granulosa_24821,chr8,33343941,33344911,970
granulosa_24822,chr8,33471335,33473551,2216
granulosa_24823,chr8,33484246,33485902,1656
granulosa_24824,chr8,33512030,33514959,2929
granulosa_24825,chr8,33564739,33567473,2734
granulosa_24826,chr8,33598724,33600176,1452
granulosa_24827,chr8,34486876,34488170,1294
granulosa_24828,chr8,35234849,35237639,2790
granulosa_24829,chr8,35736330,35738070,1740
granulosa_24830,chr8,35868849,35869924,1075
granulosa_24831,chr8,35906151,35907187,1036
granulosa_24832,chr8,36833364,36834725,1361
granulosa_24833,chr8,37099344,37101229,1885
granulosa_24834,chr8,37325013,37326353,1340
granulosa_24835,chr8,37330570,37332029,1459
granulosa_24836,chr8,37352356,37354151,1795
granulosa_24837,chr8,37373943,37375699,1756
granulosa_24838,chr8,37389924,37391726,1802
granulosa_24839,chr8,37478532,37480169,1637
granulosa_24840,chr8,37492753,37494133,1380
granulosa_24841,chr8,37512383,37513485,1102
granulosa_24842,chr8,37516677,37517964,1287
granulosa_24843,chr8,37538078,37540468,2390
granulosa_24844,chr8,37544987,37547615,2628
granulosa_24845,chr8,37674809,37675930,1121
granulosa_24846,chr8,37693334,37694070,736
granulosa_24847,chr8,37694402,37696150,1748
granulosa_24848,chr8,37696490,37697179,689
granulosa_24849,chr8,37699850,37701303,1453
granulosa_24850,chr8,37716179,37717702,1523
granulosa_24851,chr8,37735910,37737957,2047
granulosa_24852,chr8,37747098,37749458,2360
granulosa_24853,chr8,37761987,37763883,1896
granulosa_24854,chr8,37781182,37784204,3022
granulosa_24855,chr8,37796288,37797564,1276
granulosa_24856,chr8,37798054,37799021,967
granulosa_24857,chr8,37800632,37804041,3409
granulosa_24858,chr8,37813468,37815958,2490
granulosa_24859,chr8,37820980,37822707,1727
granulosa_24860,chr8,37841005,37844274,3269
granulosa_24861,chr8,37849207,37850167,960
granulosa_24862,chr8,37890105,37891053,948
granulosa_24863,chr8,37898520,37899905,1385
granulosa_24864,chr8,37915193,37916586,1393
granulosa_24865,chr8,37961489,37962928,1439
granulosa_24866,chr8,37965060,37967377,2317
granulosa_24867,chr8,38029559,38031984,2425
granulosa_24868,chr8,38071147,38072085,938
granulosa_24869,chr8,38080983,38082484,1501
granulosa_24870,chr8,38090945,38093212,2267
granulosa_24871,chr8,38104319,38106632,2313
granulosa_24872,chr8,38150553,38151286,733
granulosa_24873,chr8,38175613,38177971,2358
granulosa_24874,chr8,38230696,38232519,1823
granulosa_24875,chr8,38267618,38269782,2164
granulosa_24876,chr8,38380677,38383285,2608
granulosa_24877,chr8,38385027,38385338,311
granulosa_24878,chr8,38385924,38387208,1284
granulosa_24879,chr8,38449602,38451103,1501
granulosa_24880,chr8,38451314,38452441,1127
granulosa_24881,chr8,38458670,38459474,804
granulosa_24882,chr8,38465087,38468874,3787
granulosa_24883,chr8,38471837,38472981,1144
granulosa_24884,chr8,38521321,38522426,1105
granulosa_24885,chr8,38527298,38529138,1840
granulosa_24886,chr8,38553095,38554709,1614
granulosa_24887,chr8,38564584,38567491,2907
granulosa_24888,chr8,38582924,38584394,1470
granulosa_24889,chr8,38734303,38735257,954
granulosa_24890,chr8,38756581,38757955,1374
granulosa_24891,chr8,38769547,38771065,1518
granulosa_24892,chr8,38777687,38779845,2158
granulosa_24893,chr8,38784786,38785878,1092
granulosa_24894,chr8,38786563,38788496,1933
granulosa_24895,chr8,38899901,38902530,2629
granulosa_24896,chr8,38936453,38937983,1530
granulosa_24897,chr8,38973414,38975222,1808
granulosa_24898,chr8,38995744,38998036,2292
granulosa_24899,chr8,39534812,39536265,1453
granulosa_24900,chr8,39581234,39582359,1125
granulosa_24901,chr8,39646486,39647889,1403
granulosa_24902,chr8,40896476,40898407,1931
granulosa_24903,chr8,40980925,40982011,1086
granulosa_24904,chr8,40992489,40994140,1651
granulosa_24905,chr8,41307830,41309827,1997
granulosa_24906,chr8,41360474,41361859,1385
granulosa_24907,chr8,41489804,41491974,2170
granulosa_24908,chr8,41528285,41530105,1820
granulosa_24909,chr8,41542376,41543784,1408
granulosa_24910,chr8,41577387,41578929,1542
granulosa_24911,chr8,41645018,41647257,2239
granulosa_24912,chr8,41653133,41654524,1391
granulosa_24913,chr8,41701330,41702250,920
granulosa_24914,chr8,41712273,41713463,1190
granulosa_24915,chr8,41766483,41768180,1697
granulosa_24916,chr8,41796697,41798581,1884
granulosa_24917,chr8,41827720,41829139,1419
granulosa_24918,chr8,41895681,41898078,2397
granulosa_24919,chr8,41983503,41984850,1347
granulosa_24920,chr8,42004884,42006041,1157
granulosa_24921,chr8,42050482,42052802,2320
granulosa_24922,chr8,42139496,42141050,1554
granulosa_24923,chr8,42152006,42153856,1850
granulosa_24924,chr8,42171378,42172326,948
granulosa_24925,chr8,42179582,42181152,1570
granulosa_24926,chr8,42202402,42203425,1023
granulosa_24927,chr8,42206527,42208095,1568
granulosa_24928,chr8,42270425,42271965,1540
granulosa_24929,chr8,42337678,42339247,1569
granulosa_24930,chr8,42376534,42377817,1283
granulosa_24931,chr8,42391038,42392601,1563
granulosa_24932,chr8,42461978,42463613,1635
granulosa_24933,chr8,42498312,42499520,1208
granulosa_24934,chr8,42540642,42542390,1748
granulosa_24935,chr8,42554148,42555479,1331
granulosa_24936,chr8,42719895,42721211,1316
granulosa_24937,chr8,42789297,42790793,1496
granulosa_24938,chr8,42803735,42805829,2094
granulosa_24939,chr8,42842142,42843686,1544
granulosa_24940,chr8,42895578,42898498,2920
granulosa_24941,chr8,43055416,43057575,2159
granulosa_24942,chr8,43092328,43094182,1854
granulosa_24943,chr8,43139118,43142041,2923
granulosa_24944,chr8,47188326,47189526,1200
granulosa_24945,chr8,47260064,47261622,1558
granulosa_24946,chr8,47479231,47480937,1706
granulosa_24947,chr8,47511973,47514015,2042
granulosa_24948,chr8,47658817,47660579,1762
granulosa_24949,chr8,47734849,47736956,2107
granulosa_24950,chr8,47737135,47739156,2021
granulosa_24951,chr8,47959531,47961849,2318
granulosa_24952,chr8,48007765,48009394,1629
granulosa_24953,chr8,48318106,48319343,1237
granulosa_24954,chr8,48379365,48381307,1942
granulosa_24955,chr8,48396147,48399214,3067
granulosa_24956,chr8,48513852,48515510,1658
granulosa_24957,chr8,48521932,48524378,2446
granulosa_24958,chr8,48542144,48544251,2107
granulosa_24959,chr8,48553816,48556977,3161
granulosa_24960,chr8,48580449,48583781,3332
granulosa_24961,chr8,48648915,48650810,1895
granulosa_24962,chr8,48734515,48735920,1405
granulosa_24963,chr8,48869743,48872018,2275
granulosa_24964,chr8,48911040,48912590,1550
granulosa_24965,chr8,48919599,48922188,2589
granulosa_24966,chr8,49909388,49912018,2630
granulosa_24967,chr8,51808879,51809880,1001
granulosa_24968,chr8,51897537,51900179,2642
granulosa_24969,chr8,51947711,51949519,1808
granulosa_24970,chr8,52007393,52008810,1417
granulosa_24971,chr8,52564210,52566132,1922
granulosa_24972,chr8,52712951,52715433,2482
granulosa_24973,chr8,52939086,52941960,2874
granulosa_24974,chr8,53250417,53252113,1696
granulosa_24975,chr8,53482350,53485055,2705
granulosa_24976,chr8,53617873,53619458,1585
granulosa_24977,chr8,53656479,53658913,2434
granulosa_24978,chr8,53692541,53693458,917
granulosa_24979,chr8,53842296,53843686,1390
granulosa_24980,chr8,53877679,53878177,498
granulosa_24981,chr8,53879399,53882534,3135
granulosa_24982,chr8,54021080,54023066,1986
granulosa_24983,chr8,54100196,54102360,2164
granulosa_24984,chr8,54134489,54135933,1444
granulosa_24985,chr8,54452810,54455056,2246
granulosa_24986,chr8,54457566,54459973,2407
granulosa_24987,chr8,54469797,54470682,885
granulosa_24988,chr8,55100984,55103232,2248
granulosa_24989,chr8,55772032,55774009,1977
granulosa_24990,chr8,55878727,55880895,2168
granulosa_24991,chr8,56073402,56075323,1921
granulosa_24992,chr8,56209347,56212736,3389
granulosa_24993,chr8,56445196,56447631,2435
granulosa_24994,chr8,56584996,56586208,1212
granulosa_24995,chr8,56881704,56882922,1218
granulosa_24996,chr8,56992549,56994550,2001
granulosa_24997,chr8,57854859,57855943,1084
granulosa_24998,chr8,57993812,57995742,1930
granulosa_24999,chr8,58145191,58146866,1675
granulosa_25000,chr8,58410768,58412658,1890
granulosa_25001,chr8,58552495,58554217,1722
granulosa_25002,chr8,58657966,58660301,2335
granulosa_25003,chr8,59117242,59120156,2914
granulosa_25004,chr8,60280444,60282188,1744
granulosa_25005,chr8,60403570,60404540,970
granulosa_25006,chr8,60516227,60517686,1459
granulosa_25007,chr8,60650955,60652830,1875
granulosa_25008,chr8,60653048,60654101,1053
granulosa_25009,chr8,60677892,60680785,2893
granulosa_25010,chr8,60713582,60715030,1448
granulosa_25011,chr8,60792363,60793308,945
granulosa_25012,chr8,60847861,60849952,2091
granulosa_25013,chr8,60908633,60910549,1916
granulosa_25014,chr8,60921755,60923849,2094
granulosa_25015,chr8,60985722,60986891,1169
granulosa_25016,chr8,61005293,61006539,1246
granulosa_25017,chr8,61023103,61024188,1085
granulosa_25018,chr8,61077587,61078772,1185
granulosa_25019,chr8,61138602,61140107,1505
granulosa_25020,chr8,61713294,61715100,1806
granulosa_25021,chr8,62247116,62250138,3022
granulosa_25022,chr8,63038075,63039685,1610
granulosa_25023,chr8,63085060,63086674,1614
granulosa_25024,chr8,63167284,63169320,2036
granulosa_25025,chr8,64020627,64021803,1176
granulosa_25026,chr8,64579864,64581904,2040
granulosa_25027,chr8,64798031,64799360,1329
granulosa_25028,chr8,65633414,65634708,1294
granulosa_25029,chr8,65643507,65645569,2062
granulosa_25030,chr8,65840557,65843135,2578
granulosa_25031,chr8,66112515,66114973,2458
granulosa_25032,chr8,66176583,66178178,1595
granulosa_25033,chr8,66428159,66430327,2168
granulosa_25034,chr8,66432126,66433204,1078
granulosa_25035,chr8,66438516,66439862,1346
granulosa_25036,chr8,66506941,66508016,1075
granulosa_25037,chr8,66512146,66513096,950
granulosa_25038,chr8,66521654,66523322,1668
granulosa_25039,chr8,66541527,66542829,1302
granulosa_25040,chr8,66612258,66614536,2278
granulosa_25041,chr8,66665969,66667906,1937
granulosa_25042,chr8,66711935,66713579,1644
granulosa_25043,chr8,66774274,66776216,1942
granulosa_25044,chr8,66870204,66871307,1103
granulosa_25045,chr8,66924408,66925933,1525
granulosa_25046,chr8,66961071,66963374,2303
granulosa_25047,chr8,67027769,67029026,1257
granulosa_25048,chr8,67061310,67062766,1456
granulosa_25049,chr8,67063914,67065621,1707
granulosa_25050,chr8,67109139,67110653,1514
granulosa_25051,chr8,67339173,67339801,628
granulosa_25052,chr8,67342126,67344630,2504
granulosa_25053,chr8,67951375,67953711,2336
granulosa_25054,chr8,68330089,68332533,2444
granulosa_25055,chr8,68915722,68918056,2334
granulosa_25056,chr8,69465933,69467609,1676
granulosa_25057,chr8,69492205,69493934,1729
granulosa_25058,chr8,69832206,69835277,3071
granulosa_25059,chr8,69942067,69943002,935
granulosa_25060,chr8,69994141,69995037,896
granulosa_25061,chr8,70070090,70072626,2536
granulosa_25062,chr8,70401557,70404677,3120
granulosa_25063,chr8,70606942,70608754,1812
granulosa_25064,chr8,70668197,70669857,1660
granulosa_25065,chr8,71361314,71362621,1307
granulosa_25066,chr8,71547095,71548355,1260
granulosa_25067,chr8,71832500,71833459,959
granulosa_25068,chr8,71842737,71844688,1951
granulosa_25069,chr8,72004309,72005687,1378
granulosa_25070,chr8,72074802,72076211,1409
granulosa_25071,chr8,72250807,72252254,1447
granulosa_25072,chr8,72536142,72538403,2261
granulosa_25073,chr8,73008183,73010054,1871
granulosa_25074,chr8,73092349,73093747,1398
granulosa_25075,chr8,73173912,73175023,1111
granulosa_25076,chr8,73293158,73296102,2944
granulosa_25077,chr8,73370137,73371916,1779
granulosa_25078,chr8,73430124,73432085,1961
granulosa_25079,chr8,73482780,73484341,1561
granulosa_25080,chr8,73745442,73748155,2713
granulosa_25081,chr8,73877590,73879862,2272
granulosa_25082,chr8,73971033,73972992,1959
granulosa_25083,chr8,73975822,73976739,917
granulosa_25084,chr8,74320174,74322100,1926
granulosa_25085,chr8,74349835,74351440,1605
granulosa_25086,chr8,74984020,74985465,1445
granulosa_25087,chr8,75406690,75408278,1588
granulosa_25088,chr8,76672415,76674466,2051
granulosa_25089,chr8,76677724,76678314,590
granulosa_25090,chr8,76680536,76684000,3464
granulosa_25091,chr8,76774932,76775958,1026
granulosa_25092,chr8,76799583,76801230,1647
granulosa_25093,chr8,76999089,77001057,1968
granulosa_25094,chr8,78124691,78126305,1614
granulosa_25095,chr8,78515486,78517388,1902
granulosa_25096,chr8,78665341,78667159,1818
granulosa_25097,chr8,78803935,78805599,1664
granulosa_25098,chr8,79765103,79765751,648
granulosa_25099,chr8,79767277,79769058,1781
granulosa_25100,chr8,79783131,79784451,1320
granulosa_25101,chr8,79890520,79892728,2208
granulosa_25102,chr8,80029437,80030622,1185
granulosa_25103,chr8,80170650,80171847,1197
granulosa_25104,chr8,80240161,80241150,989
granulosa_25105,chr8,80330312,80332836,2524
granulosa_25106,chr8,80366647,80367692,1045
granulosa_25107,chr8,80485244,80487947,2703
granulosa_25108,chr8,80564952,80566861,1909
granulosa_25109,chr8,80577351,80580127,2776
granulosa_25110,chr8,80686961,80687606,645
granulosa_25111,chr8,80726760,80728281,1521
granulosa_25112,chr8,80752782,80754351,1569
granulosa_25113,chr8,80767278,80768677,1399
granulosa_25114,chr8,80820495,80821736,1241
granulosa_25115,chr8,80872163,80874869,2706
granulosa_25116,chr8,80893421,80894330,909
granulosa_25117,chr8,81094523,81095396,873
granulosa_25118,chr8,81110482,81112464,1982
granulosa_25119,chr8,81193573,81194680,1107
granulosa_25120,chr8,81279906,81281963,2057
granulosa_25121,chr8,81337242,81338934,1692
granulosa_25122,chr8,81423824,81425759,1935
granulosa_25123,chr8,81630331,81631307,976
granulosa_25124,chr8,81685642,81686591,949
granulosa_25125,chr8,81720058,81721731,1673
granulosa_25126,chr8,81731429,81733001,1572
granulosa_25127,chr8,81841284,81842963,1679
granulosa_25128,chr8,83125759,83127153,1394
granulosa_25129,chr8,84025508,84026887,1379
granulosa_25130,chr8,84181584,84183868,2284
granulosa_25131,chr8,84184288,84185146,858
granulosa_25132,chr8,84288795,84290330,1535
granulosa_25133,chr8,85106472,85107910,1438
granulosa_25134,chr8,85176611,85179081,2470
granulosa_25135,chr8,85219840,85221852,2012
granulosa_25136,chr8,85244971,85246436,1465
granulosa_25137,chr8,85437803,85439141,1338
granulosa_25138,chr8,85462952,85464858,1906
granulosa_25139,chr8,86341782,86343687,1905
granulosa_25140,chr8,86507627,86509230,1603
granulosa_25141,chr8,86513867,86515308,1441
granulosa_25142,chr8,86922519,86924043,1524
granulosa_25143,chr8,87043530,87045178,1648
granulosa_25144,chr8,88326201,88329051,2850
granulosa_25145,chr8,89756793,89758670,1877
granulosa_25146,chr8,89901640,89903258,1618
granulosa_25147,chr8,89983135,89984828,1693
granulosa_25148,chr8,90000586,90002527,1941
granulosa_25149,chr8,90081949,90083089,1140
granulosa_25150,chr8,90361368,90362983,1615
granulosa_25151,chr8,90644661,90646832,2171
granulosa_25152,chr8,90791155,90792956,1801
granulosa_25153,chr8,90803218,90804280,1062
granulosa_25154,chr8,90942643,90943369,726
granulosa_25155,chr8,90984272,90985889,1617
granulosa_25156,chr8,91039999,91041406,1407
granulosa_25157,chr8,91069059,91071074,2015
granulosa_25158,chr8,91248270,91250789,2519
granulosa_25159,chr8,92061383,92063185,1802
granulosa_25160,chr8,92071225,92071939,714
granulosa_25161,chr8,92094559,92096528,1969
granulosa_25162,chr8,92100908,92103916,3008
granulosa_25163,chr8,92358463,92359682,1219
granulosa_25164,chr8,92437128,92438326,1198
granulosa_25165,chr8,92605343,92606900,1557
granulosa_25166,chr8,92619041,92619986,945
granulosa_25167,chr8,92627022,92628609,1587
granulosa_25168,chr8,92964564,92966347,1783
granulosa_25169,chr8,93109654,93110700,1046
granulosa_25170,chr8,93287027,93288037,1010
granulosa_25171,chr8,93403922,93405343,1421
granulosa_25172,chr8,93420282,93421466,1184
granulosa_25173,chr8,93444225,93445708,1483
granulosa_25174,chr8,93699724,93701478,1754
granulosa_25175,chr8,93739789,93741442,1653
granulosa_25176,chr8,93753928,93755582,1654
granulosa_25177,chr8,93897625,93899098,1473
granulosa_25178,chr8,93915898,93918541,2643
granulosa_25179,chr8,93935014,93936445,1431
granulosa_25180,chr8,93990885,93992073,1188
granulosa_25181,chr8,94079462,94081461,1999
granulosa_25182,chr8,94119416,94120640,1224
granulosa_25183,chr8,94233920,94235143,1223
granulosa_25184,chr8,94261460,94263595,2135
granulosa_25185,chr8,94356956,94358019,1063
granulosa_25186,chr8,94360302,94361382,1080
granulosa_25187,chr8,94474013,94475651,1638
granulosa_25188,chr8,94552647,94554606,1959
granulosa_25189,chr8,94604914,94606019,1105
granulosa_25190,chr8,94639876,94641611,1735
granulosa_25191,chr8,94718855,94720642,1787
granulosa_25192,chr8,94822404,94824322,1918
granulosa_25193,chr8,94894244,94897003,2759
granulosa_25194,chr8,94947891,94950322,2431
granulosa_25195,chr8,95024216,95025988,1772
granulosa_25196,chr8,95133032,95135072,2040
granulosa_25197,chr8,95207547,95208588,1041
granulosa_25198,chr8,95268154,95270413,2259
granulosa_25199,chr8,95430187,95432093,1906
granulosa_25200,chr8,95503034,95504184,1150
granulosa_25201,chr8,96132591,96133539,948
granulosa_25202,chr8,96144291,96145897,1606
granulosa_25203,chr8,96153136,96155354,2218
granulosa_25204,chr8,96159681,96162017,2336
granulosa_25205,chr8,96234010,96236128,2118
granulosa_25206,chr8,96260576,96263143,2567
granulosa_25207,chr8,96493028,96495983,2955
granulosa_25208,chr8,96522737,96524789,2052
granulosa_25209,chr8,96644509,96646902,2393
granulosa_25210,chr8,96927847,96929824,1977
granulosa_25211,chr8,97184643,97186068,1425
granulosa_25212,chr8,97231921,97233057,1136
granulosa_25213,chr8,97277070,97278331,1261
granulosa_25214,chr8,97643135,97645739,2604
granulosa_25215,chr8,97762801,97764096,1295
granulosa_25216,chr8,97774871,97776764,1893
granulosa_25217,chr8,97777488,97779127,1639
granulosa_25218,chr8,97785308,97786267,959
granulosa_25219,chr8,97868443,97869884,1441
granulosa_25220,chr8,97879180,97881832,2652
granulosa_25221,chr8,97896958,97898156,1198
granulosa_25222,chr8,97950288,97952898,2610
granulosa_25223,chr8,98044755,98046593,1838
granulosa_25224,chr8,98064092,98065232,1140
granulosa_25225,chr8,98116227,98118328,2101
granulosa_25226,chr8,98169843,98170711,868
granulosa_25227,chr8,98293087,98294849,1762
granulosa_25228,chr8,98382034,98383470,1436
granulosa_25229,chr8,98426245,98428097,1852
granulosa_25230,chr8,98824203,98826401,2198
granulosa_25231,chr8,98939755,98942355,2600
granulosa_25232,chr8,98944063,98944705,642
granulosa_25233,chr8,98947605,98949039,1434
granulosa_25234,chr8,99012266,99014148,1882
granulosa_25235,chr8,99859247,99860892,1645
granulosa_25236,chr8,99892195,99894005,1810
granulosa_25237,chr8,100105391,100106780,1389
granulosa_25238,chr8,100144979,100146091,1112
granulosa_25239,chr8,100149823,100151310,1487
granulosa_25240,chr8,100157618,100158728,1110
granulosa_25241,chr8,100177120,100178592,1472
granulosa_25242,chr8,100212600,100213822,1222
granulosa_25243,chr8,100308764,100311229,2465
granulosa_25244,chr8,100414949,100417310,2361
granulosa_25245,chr8,100508981,100511199,2218
granulosa_25246,chr8,100558622,100559987,1365
granulosa_25247,chr8,100720602,100723030,2428
granulosa_25248,chr8,100846903,100847945,1042
granulosa_25249,chr8,100907380,100909361,1981
granulosa_25250,chr8,100950207,100953514,3307
granulosa_25251,chr8,101051118,101052365,1247
granulosa_25252,chr8,101077489,101078514,1025
granulosa_25253,chr8,101079915,101081300,1385
granulosa_25254,chr8,101126006,101127833,1827
granulosa_25255,chr8,101204483,101207194,2711
granulosa_25256,chr8,101491382,101494413,3031
granulosa_25257,chr8,101638227,101639119,892
granulosa_25258,chr8,101689709,101691477,1768
granulosa_25259,chr8,102122447,102124660,2213
granulosa_25260,chr8,102238067,102240111,2044
granulosa_25261,chr8,102410610,102413153,2543
granulosa_25262,chr8,102576215,102577572,1357
granulosa_25263,chr8,102584993,102586349,1356
granulosa_25264,chr8,102600219,102601859,1640
granulosa_25265,chr8,102653601,102656914,3313
granulosa_25266,chr8,102727935,102729024,1089
granulosa_25267,chr8,102787396,102789558,2162
granulosa_25268,chr8,102790678,102791545,867
granulosa_25269,chr8,102806014,102808073,2059
granulosa_25270,chr8,102808242,102808733,491
granulosa_25271,chr8,102810248,102811093,845
granulosa_25272,chr8,102862513,102865415,2902
granulosa_25273,chr8,102960653,102962190,1537
granulosa_25274,chr8,103020416,103022111,1695
granulosa_25275,chr8,103140316,103141606,1290
granulosa_25276,chr8,103298260,103299719,1459
granulosa_25277,chr8,103370983,103373510,2527
granulosa_25278,chr8,103414255,103416656,2401
granulosa_25279,chr8,103498507,103502004,3497
granulosa_25280,chr8,104222940,104224310,1370
granulosa_25281,chr8,104587442,104589956,2514
granulosa_25282,chr8,105089047,105091824,2777
granulosa_25283,chr8,105317668,105319976,2308
granulosa_25284,chr8,105779131,105780261,1130
granulosa_25285,chr8,106085517,106087463,1946
granulosa_25286,chr8,106269181,106272059,2878
granulosa_25287,chr8,106399049,106400348,1299
granulosa_25288,chr8,106657025,106658871,1846
granulosa_25289,chr8,106725565,106726353,788
granulosa_25290,chr8,107489291,107490633,1342
granulosa_25291,chr8,108081727,108083860,2133
granulosa_25292,chr8,108247946,108249407,1461
granulosa_25293,chr8,108442518,108444451,1933
granulosa_25294,chr8,108710128,108711130,1002
granulosa_25295,chr8,108785462,108787812,2350
granulosa_25296,chr8,109333150,109334912,1762
granulosa_25297,chr8,109361793,109363428,1635
granulosa_25298,chr8,109538911,109540707,1796
granulosa_25299,chr8,109643895,109645671,1776
granulosa_25300,chr8,109690937,109692225,1288
granulosa_25301,chr8,109973743,109975986,2243
granulosa_25302,chr8,110060139,110061519,1380
granulosa_25303,chr8,112808056,112810139,2083
granulosa_25304,chr8,113432043,113433015,972
granulosa_25305,chr8,113434702,113435739,1037
granulosa_25306,chr8,113437507,113438570,1063
granulosa_25307,chr8,115451272,115452857,1585
granulosa_25308,chr8,115550754,115552353,1599
granulosa_25309,chr8,115647909,115650469,2560
granulosa_25310,chr8,115667173,115669716,2543
granulosa_25311,chr8,115930780,115932152,1372
granulosa_25312,chr8,116053649,116055030,1381
granulosa_25313,chr8,116755097,116756266,1169
granulosa_25314,chr8,116765564,116767497,1933
granulosa_25315,chr8,116873248,116875154,1906
granulosa_25316,chr8,116937689,116938898,1209
granulosa_25317,chr8,117520018,117521427,1409
granulosa_25318,chr8,117946372,117949097,2725
granulosa_25319,chr8,118024972,118026286,1314
granulosa_25320,chr8,118073765,118075464,1699
granulosa_25321,chr8,118108626,118109313,687
granulosa_25322,chr8,118109549,118112381,2832
granulosa_25323,chr8,118201663,118203020,1357
granulosa_25324,chr8,118229464,118230508,1044
granulosa_25325,chr8,118620505,118622577,2072
granulosa_25326,chr8,118951358,118952752,1394
granulosa_25327,chr8,119207699,119209116,1417
granulosa_25328,chr8,119415746,119417248,1502
granulosa_25329,chr8,119638389,119640196,1807
granulosa_25330,chr8,119832195,119833440,1245
granulosa_25331,chr8,119855037,119856582,1545
granulosa_25332,chr8,119873221,119874979,1758
granulosa_25333,chr8,120035810,120037071,1261
granulosa_25334,chr8,120123490,120126279,2789
granulosa_25335,chr8,120242117,120244076,1959
granulosa_25336,chr8,120444198,120445712,1514
granulosa_25337,chr8,120592498,120593541,1043
granulosa_25338,chr8,120653839,120655092,1253
granulosa_25339,chr8,120809550,120812656,3106
granulosa_25340,chr8,120861128,120862020,892
granulosa_25341,chr8,120905920,120907162,1242
granulosa_25342,chr8,121454246,121455354,1108
granulosa_25343,chr8,121638966,121640659,1693
granulosa_25344,chr8,121641222,121642584,1362
granulosa_25345,chr8,122680608,122681760,1152
granulosa_25346,chr8,122685919,122687384,1465
granulosa_25347,chr8,122779999,122783490,3491
granulosa_25348,chr8,123021503,123022715,1212
granulosa_25349,chr8,123034986,123035803,817
granulosa_25350,chr8,123041371,123042946,1575
granulosa_25351,chr8,123071977,123073612,1635
granulosa_25352,chr8,123156555,123158996,2441
granulosa_25353,chr8,123160411,123161452,1041
granulosa_25354,chr8,123240086,123241638,1552
granulosa_25355,chr8,123272910,123275593,2683
granulosa_25356,chr8,123394856,123396961,2105
granulosa_25357,chr8,123412652,123413628,976
granulosa_25358,chr8,123415961,123417723,1762
granulosa_25359,chr8,123539784,123542041,2257
granulosa_25360,chr8,123643518,123644926,1408
granulosa_25361,chr8,123767590,123769451,1861
granulosa_25362,chr8,123831814,123833751,1937
granulosa_25363,chr8,123921717,123922809,1092
granulosa_25364,chr8,124222301,124223777,1476
granulosa_25365,chr8,124225651,124226426,775
granulosa_25366,chr8,124371239,124373376,2137
granulosa_25367,chr8,124425149,124426782,1633
granulosa_25368,chr8,124439956,124440707,751
granulosa_25369,chr8,124449931,124451838,1907
granulosa_25370,chr8,124473632,124475619,1987
granulosa_25371,chr8,124538097,124539879,1782
granulosa_25372,chr8,124582820,124583873,1053
granulosa_25373,chr8,124627595,124628655,1060
granulosa_25374,chr8,124726136,124729042,2906
granulosa_25375,chr8,124841784,124843598,1814
granulosa_25376,chr8,124972802,124973871,1069
granulosa_25377,chr8,124997552,124999670,2118
granulosa_25378,chr8,125090703,125092535,1832
granulosa_25379,chr8,125388092,125389290,1198
granulosa_25380,chr8,125429050,125432599,3549
granulosa_25381,chr8,125465578,125467400,1822
granulosa_25382,chr8,125658420,125659960,1540
granulosa_25383,chr8,126374497,126375906,1409
granulosa_25384,chr8,126434375,126435503,1128
granulosa_25385,chr8,126471751,126473200,1449
granulosa_25386,chr8,126555389,126558747,3358
granulosa_25387,chr8,126588095,126589186,1091
granulosa_25388,chr8,126824349,126825425,1076
granulosa_25389,chr8,126832668,126834350,1682
granulosa_25390,chr8,126876317,126877228,911
granulosa_25391,chr8,127647014,127648027,1013
granulosa_25392,chr8,127733950,127734318,368
granulosa_25393,chr8,127734665,127736568,1903
granulosa_25394,chr8,127736760,127739027,2267
granulosa_25395,chr8,127753598,127754826,1228
granulosa_25396,chr8,127793661,127795954,2293
granulosa_25397,chr8,127817607,127818821,1214
granulosa_25398,chr8,127819441,127820660,1219
granulosa_25399,chr8,127853780,127854939,1159
granulosa_25400,chr8,127866239,127867700,1461
granulosa_25401,chr8,127927972,127929495,1523
granulosa_25402,chr8,127944423,127945874,1451
granulosa_25403,chr8,128013930,128014978,1048
granulosa_25404,chr8,128048070,128049704,1634
granulosa_25405,chr8,128353124,128354437,1313
granulosa_25406,chr8,128793898,128795361,1463
granulosa_25407,chr8,129938362,129940495,2133
granulosa_25408,chr8,129983444,129984667,1223
granulosa_25409,chr8,130015194,130017163,1969
granulosa_25410,chr8,130357141,130359194,2053
granulosa_25411,chr8,130442481,130444223,1742
granulosa_25412,chr8,131039670,131042609,2939
granulosa_25413,chr8,131841117,131842553,1436
granulosa_25414,chr8,131903410,131905204,1794
granulosa_25415,chr8,131912871,131914338,1467
granulosa_25416,chr8,131973694,131974528,834
granulosa_25417,chr8,132479646,132481581,1935
granulosa_25418,chr8,132674553,132676191,1638
granulosa_25419,chr8,132774685,132776403,1718
granulosa_25420,chr8,133102214,133103405,1191
granulosa_25421,chr8,133237028,133238845,1817
granulosa_25422,chr8,133295230,133298423,3193
granulosa_25423,chr8,133375028,133376006,978
granulosa_25424,chr8,133449301,133450059,758
granulosa_25425,chr8,133453107,133453855,748
granulosa_25426,chr8,133455233,133456057,824
granulosa_25427,chr8,133539709,133540687,978
granulosa_25428,chr8,133559259,133560713,1454
granulosa_25429,chr8,133569503,133573168,3665
granulosa_25430,chr8,134456666,134458020,1354
granulosa_25431,chr8,134712024,134713694,1670
granulosa_25432,chr8,134830932,134833172,2240
granulosa_25433,chr8,135456466,135459077,2611
granulosa_25434,chr8,136177256,136178375,1119
granulosa_25435,chr8,137145545,137147277,1732
granulosa_25436,chr8,137505362,137506500,1138
granulosa_25437,chr8,138193244,138194682,1438
granulosa_25438,chr8,138766649,138768171,1522
granulosa_25439,chr8,138913205,138914767,1562
granulosa_25440,chr8,138952822,138953895,1073
granulosa_25441,chr8,138964649,138965687,1038
granulosa_25442,chr8,139705062,139706243,1181
granulosa_25443,chr8,139719881,139720682,801
granulosa_25444,chr8,139854760,139857319,2559
granulosa_25445,chr8,139862198,139864689,2491
granulosa_25446,chr8,140097536,140099907,2371
granulosa_25447,chr8,140348359,140350012,1653
granulosa_25448,chr8,140456563,140458655,2092
granulosa_25449,chr8,140463652,140465279,1627
granulosa_25450,chr8,140469228,140469783,555
granulosa_25451,chr8,140510330,140512483,2153
granulosa_25452,chr8,140539912,140540833,921
granulosa_25453,chr8,140596689,140599098,2409
granulosa_25454,chr8,140608023,140609718,1695
granulosa_25455,chr8,140618633,140620031,1398
granulosa_25456,chr8,140633657,140636546,2889
granulosa_25457,chr8,140920817,140922480,1663
granulosa_25458,chr8,140999626,141002450,2824
granulosa_25459,chr8,141116535,141118424,1889
granulosa_25460,chr8,141127338,141130145,2807
granulosa_25461,chr8,141205188,141206945,1757
granulosa_25462,chr8,141264097,141266830,2733
granulosa_25463,chr8,141276369,141277119,750
granulosa_25464,chr8,141278214,141280241,2027
granulosa_25465,chr8,141298709,141299787,1078
granulosa_25466,chr8,141305402,141306484,1082
granulosa_25467,chr8,141307724,141309056,1332
granulosa_25468,chr8,141346564,141347343,779
granulosa_25469,chr8,141358099,141360797,2698
granulosa_25470,chr8,141386448,141387138,690
granulosa_25471,chr8,141391286,141392893,1607
granulosa_25472,chr8,141398779,141399691,912
granulosa_25473,chr8,141409421,141410414,993
granulosa_25474,chr8,141414480,141416161,1681
granulosa_25475,chr8,141417327,141418235,908
granulosa_25476,chr8,141430498,141431969,1471
granulosa_25477,chr8,141595698,141597307,1609
granulosa_25478,chr8,141629063,141630450,1387
granulosa_25479,chr8,141680864,141682472,1608
granulosa_25480,chr8,141715602,141716429,827
granulosa_25481,chr8,141726797,141728066,1269
granulosa_25482,chr8,141795866,141797224,1358
granulosa_25483,chr8,141879162,141880433,1271
granulosa_25484,chr8,141962083,141962913,830
granulosa_25485,chr8,141971338,141972577,1239
granulosa_25486,chr8,142043429,142044896,1467
granulosa_25487,chr8,142124505,142125715,1210
granulosa_25488,chr8,142173490,142174588,1098
granulosa_25489,chr8,142209828,142211215,1387
granulosa_25490,chr8,142401872,142404300,2428
granulosa_25491,chr8,142451845,142453318,1473
granulosa_25492,chr8,142475040,142476205,1165
granulosa_25493,chr8,142509708,142511735,2027
granulosa_25494,chr8,142530270,142531984,1714
granulosa_25495,chr8,142600881,142602033,1152
granulosa_25496,chr8,142608723,142609487,764
granulosa_25497,chr8,142613971,142615811,1840
granulosa_25498,chr8,142661349,142663017,1668
granulosa_25499,chr8,142668704,142670412,1708
granulosa_25500,chr8,142726153,142728132,1979
granulosa_25501,chr8,142738199,142740004,1805
granulosa_25502,chr8,142776753,142778064,1311
granulosa_25503,chr8,142815809,142816982,1173
granulosa_25504,chr8,142991414,142992856,1442
granulosa_25505,chr8,143000666,143001983,1317
granulosa_25506,chr8,143017296,143019858,2562
granulosa_25507,chr8,143023719,143025183,1464
granulosa_25508,chr8,143025900,143026728,828
granulosa_25509,chr8,143038364,143040015,1651
granulosa_25510,chr8,143047472,143048632,1160
granulosa_25511,chr8,143068576,143069901,1325
granulosa_25512,chr8,143150464,143152626,2162
granulosa_25513,chr8,143159224,143160910,1686
granulosa_25514,chr8,143218279,143219191,912
granulosa_25515,chr8,143245638,143247826,2188
granulosa_25516,chr8,143266206,143268310,2104
granulosa_25517,chr8,143275683,143276943,1260
granulosa_25518,chr8,143278488,143279286,798
granulosa_25519,chr8,143281216,143281942,726
granulosa_25520,chr8,143290367,143292083,1716
granulosa_25521,chr8,143333766,143335426,1660
granulosa_25522,chr8,143344515,143346313,1798
granulosa_25523,chr8,143367797,143370140,2343
granulosa_25524,chr8,143384850,143386183,1333
granulosa_25525,chr8,143407510,143408408,898
granulosa_25526,chr8,143430217,143431712,1495
granulosa_25527,chr8,143466127,143467918,1791
granulosa_25528,chr8,143478861,143480298,1437
granulosa_25529,chr8,143488961,143490323,1362
granulosa_25530,chr8,143499352,143500894,1542
granulosa_25531,chr8,143502001,143503236,1235
granulosa_25532,chr8,143511981,143513259,1278
granulosa_25533,chr8,143531329,143533125,1796
granulosa_25534,chr8,143540639,143541982,1343
granulosa_25535,chr8,143552896,143554149,1253
granulosa_25536,chr8,143558001,143559145,1144
granulosa_25537,chr8,143568357,143569785,1428
granulosa_25538,chr8,143571371,143572007,636
granulosa_25539,chr8,143577478,143578863,1385
granulosa_25540,chr8,143596079,143596559,480
granulosa_25541,chr8,143596693,143599339,2646
granulosa_25542,chr8,143608070,143610133,2063
granulosa_25543,chr8,143616261,143618346,2085
granulosa_25544,chr8,143635117,143637396,2279
granulosa_25545,chr8,143683779,143685269,1490
granulosa_25546,chr8,143715979,143717963,1984
granulosa_25547,chr8,143732951,143734300,1349
granulosa_25548,chr8,143739118,143741052,1934
granulosa_25549,chr8,143770327,143772420,2093
granulosa_25550,chr8,143790252,143791338,1086
granulosa_25551,chr8,143814302,143816457,2155
granulosa_25552,chr8,143828337,143829908,1571
granulosa_25553,chr8,143840175,143842076,1901
granulosa_25554,chr8,143876707,143878918,2211
granulosa_25555,chr8,143884917,143886623,1706
granulosa_25556,chr8,143902317,143904216,1899
granulosa_25557,chr8,143939513,143940750,1237
granulosa_25558,chr8,143941504,143944349,2845
granulosa_25559,chr8,143950753,143954065,3312
granulosa_25560,chr8,143956406,143957292,886
granulosa_25561,chr8,143973097,143973933,836
granulosa_25562,chr8,143974370,143975165,795
granulosa_25563,chr8,143976022,143977656,1634
granulosa_25564,chr8,143982431,143983756,1325
granulosa_25565,chr8,143985727,143986595,868
granulosa_25566,chr8,143989621,143991162,1541
granulosa_25567,chr8,144048329,144050201,1872
granulosa_25568,chr8,144051807,144052569,762
granulosa_25569,chr8,144060116,144061163,1047
granulosa_25570,chr8,144078026,144079569,1543
granulosa_25571,chr8,144082123,144083300,1177
granulosa_25572,chr8,144094272,144096304,2032
granulosa_25573,chr8,144103104,144105065,1961
granulosa_25574,chr8,144136927,144138707,1780
granulosa_25575,chr8,144146701,144148852,2151
granulosa_25576,chr8,144203205,144203718,513
granulosa_25577,chr8,144265164,144267121,1957
granulosa_25578,chr8,144270349,144271559,1210
granulosa_25579,chr8,144272764,144273476,712
granulosa_25580,chr8,144273581,144275354,1773
granulosa_25581,chr8,144290501,144292727,2226
granulosa_25582,chr8,144306548,144307469,921
granulosa_25583,chr8,144313167,144315300,2133
granulosa_25584,chr8,144315560,144316523,963
granulosa_25585,chr8,144325567,144327606,2039
granulosa_25586,chr8,144336418,144338923,2505
granulosa_25587,chr8,144354207,144354829,622
granulosa_25588,chr8,144357454,144359479,2025
granulosa_25589,chr8,144372478,144375818,3340
granulosa_25590,chr8,144408479,144409942,1463
granulosa_25591,chr8,144412751,144414109,1358
granulosa_25592,chr8,144414323,144415873,1550
granulosa_25593,chr8,144427313,144429007,1694
granulosa_25594,chr8,144443218,144445304,2086
granulosa_25595,chr8,144462237,144463168,931
granulosa_25596,chr8,144464911,144467146,2235
granulosa_25597,chr8,144472044,144473172,1128
granulosa_25598,chr8,144477483,144479379,1896
granulosa_25599,chr8,144500145,144502892,2747
granulosa_25600,chr8,144508147,144510012,1865
granulosa_25601,chr8,144516852,144518467,1615
granulosa_25602,chr8,144522051,144523347,1296
granulosa_25603,chr8,144524382,144524957,575
granulosa_25604,chr8,144526593,144527930,1337
granulosa_25605,chr8,144528336,144529618,1282
granulosa_25606,chr8,144670930,144672634,1704
granulosa_25607,chr8,144683984,144686671,2687
granulosa_25608,chr8,144699268,144701144,1876
granulosa_25609,chr8,144754151,144756195,2044
granulosa_25610,chr8,144785696,144787743,2047
granulosa_25611,chr8,144791532,144793634,2102
granulosa_25612,chr8,144798273,144800098,1825
granulosa_25613,chr8,144826058,144828035,1977
granulosa_25614,chr8,144852031,144853656,1625
granulosa_25615,chr8,144900055,144902902,2847
granulosa_25616,chr8,144949664,144951088,1424
granulosa_25617,chr8,145001398,145003758,2360
granulosa_25618,chr8,145004336,145005691,1355
granulosa_25619,chr8,145026555,145028409,1854
granulosa_25620,chr8,145050316,145052842,2526
granulosa_25621,chr8,145061007,145063501,2494
granulosa_25622,chr8,145069100,145071125,2025
granulosa_25623,chr9,72353,74357,2004
granulosa_25624,chr9,113060,115189,2129
granulosa_25625,chr9,213987,215523,1536
granulosa_25626,chr9,345883,347018,1135
granulosa_25627,chr9,468940,471147,2207
granulosa_25628,chr9,503333,505921,2588
granulosa_25629,chr9,546084,547510,1426
granulosa_25630,chr9,613630,614292,662
granulosa_25631,chr9,626140,628212,2072
granulosa_25632,chr9,706503,707480,977
granulosa_25633,chr9,840963,842295,1332
granulosa_25634,chr9,877659,878782,1123
granulosa_25635,chr9,971240,972827,1587
granulosa_25636,chr9,976108,977936,1828
granulosa_25637,chr9,1042116,1043042,926
granulosa_25638,chr9,1049690,1050585,895
granulosa_25639,chr9,1051425,1052355,930
granulosa_25640,chr9,1979482,1981034,1552
granulosa_25641,chr9,2014219,2018163,3944
granulosa_25642,chr9,2022895,2024571,1676
granulosa_25643,chr9,2157290,2158992,1702
granulosa_25644,chr9,2233729,2234993,1264
granulosa_25645,chr9,2241086,2243323,2237
granulosa_25646,chr9,2354245,2356027,1782
granulosa_25647,chr9,2424323,2425200,877
granulosa_25648,chr9,2489572,2490508,936
granulosa_25649,chr9,2492774,2494045,1271
granulosa_25650,chr9,2620805,2623893,3088
granulosa_25651,chr9,2809448,2810534,1086
granulosa_25652,chr9,2843033,2844663,1630
granulosa_25653,chr9,3180592,3181989,1397
granulosa_25654,chr9,3524431,3527487,3056
granulosa_25655,chr9,4297088,4300318,3230
granulosa_25656,chr9,4489408,4491871,2463
granulosa_25657,chr9,4661239,4663109,1870
granulosa_25658,chr9,4666015,4666731,716
granulosa_25659,chr9,4678142,4680845,2703
granulosa_25660,chr9,4740280,4742189,1909
granulosa_25661,chr9,4791859,4794161,2302
granulosa_25662,chr9,4855223,4856722,1499
granulosa_25663,chr9,4984188,4986478,2290
granulosa_25664,chr9,5436933,5438649,1716
granulosa_25665,chr9,5449712,5451082,1370
granulosa_25666,chr9,5628084,5630492,2408
granulosa_25667,chr9,5799224,5800202,978
granulosa_25668,chr9,5831371,5833798,2427
granulosa_25669,chr9,6006812,6008811,1999
granulosa_25670,chr9,6014616,6016117,1501
granulosa_25671,chr9,6079824,6080845,1021
granulosa_25672,chr9,6411920,6414552,2632
granulosa_25673,chr9,6530024,6530993,969
granulosa_25674,chr9,6644138,6646471,2333
granulosa_25675,chr9,6680500,6682249,1749
granulosa_25676,chr9,6703518,6704766,1248
granulosa_25677,chr9,6756707,6759541,2834
granulosa_25678,chr9,7058212,7059301,1089
granulosa_25679,chr9,7790517,7792198,1681
granulosa_25680,chr9,7798836,7800235,1399
granulosa_25681,chr9,8348638,8350382,1744
granulosa_25682,chr9,8732311,8734238,1927
granulosa_25683,chr9,8856941,8859073,2132
granulosa_25684,chr9,8894775,8896120,1345
granulosa_25685,chr9,10611629,10613862,2233
granulosa_25686,chr9,11135395,11136394,999
granulosa_25687,chr9,12413893,12415435,1542
granulosa_25688,chr9,12774791,12776816,2025
granulosa_25689,chr9,13277705,13279866,2161
granulosa_25690,chr9,13971430,13972782,1352
granulosa_25691,chr9,14029753,14031455,1702
granulosa_25692,chr9,14198497,14199566,1069
granulosa_25693,chr9,14203038,14203734,696
granulosa_25694,chr9,14250914,14252256,1342
granulosa_25695,chr9,14270036,14271929,1893
granulosa_25696,chr9,14312872,14316468,3596
granulosa_25697,chr9,14321852,14323232,1380
granulosa_25698,chr9,14346476,14349143,2667
granulosa_25699,chr9,14692238,14693929,1691
granulosa_25700,chr9,14992430,14994277,1847
granulosa_25701,chr9,15099795,15100780,985
granulosa_25702,chr9,15305709,15307878,2169
granulosa_25703,chr9,15422030,15423952,1922
granulosa_25704,chr9,15509808,15511618,1810
granulosa_25705,chr9,15551871,15553770,1899
granulosa_25706,chr9,15842931,15844120,1189
granulosa_25707,chr9,15867341,15868477,1136
granulosa_25708,chr9,16308729,16311092,2363
granulosa_25709,chr9,16514957,16516517,1560
granulosa_25710,chr9,16543035,16544115,1080
granulosa_25711,chr9,16570999,16572617,1618
granulosa_25712,chr9,16624481,16626218,1737
granulosa_25713,chr9,16653197,16654488,1291
granulosa_25714,chr9,16704143,16705637,1494
granulosa_25715,chr9,16721588,16722386,798
granulosa_25716,chr9,16726582,16728579,1997
granulosa_25717,chr9,16828349,16829412,1063
granulosa_25718,chr9,16869345,16872327,2982
granulosa_25719,chr9,17134244,17136040,1796
granulosa_25720,chr9,17235412,17236589,1177
granulosa_25721,chr9,17323020,17324178,1158
granulosa_25722,chr9,17578463,17579826,1363
granulosa_25723,chr9,17905275,17908353,3078
granulosa_25724,chr9,18393075,18394252,1177
granulosa_25725,chr9,18437338,18438939,1601
granulosa_25726,chr9,18472667,18475183,2516
granulosa_25727,chr9,18854978,18856593,1615
granulosa_25728,chr9,18947351,18948344,993
granulosa_25729,chr9,19048458,19050817,2359
granulosa_25730,chr9,19101791,19103623,1832
granulosa_25731,chr9,19126586,19129103,2517
granulosa_25732,chr9,19201609,19202865,1256
granulosa_25733,chr9,19223490,19224898,1408
granulosa_25734,chr9,19229696,19231954,2258
granulosa_25735,chr9,19379134,19380685,1551
granulosa_25736,chr9,19408106,19410011,1905
granulosa_25737,chr9,19464212,19465402,1190
granulosa_25738,chr9,19492875,19494114,1239
granulosa_25739,chr9,19925668,19927015,1347
granulosa_25740,chr9,20354830,20357426,2596
granulosa_25741,chr9,20620308,20623631,3323
granulosa_25742,chr9,20682989,20685476,2487
granulosa_25743,chr9,20940278,20941416,1138
granulosa_25744,chr9,20980526,20982030,1504
granulosa_25745,chr9,21030249,21032212,1963
granulosa_25746,chr9,21334322,21335679,1357
granulosa_25747,chr9,21395787,21396662,875
granulosa_25748,chr9,21558603,21560441,1838
granulosa_25749,chr9,21801567,21803976,2409
granulosa_25750,chr9,21974333,21975900,1567
granulosa_25751,chr9,21993896,21996206,2310
granulosa_25752,chr9,22008525,22009640,1115
granulosa_25753,chr9,22446312,22448156,1844
granulosa_25754,chr9,23555323,23556835,1512
granulosa_25755,chr9,23596042,23597552,1510
granulosa_25756,chr9,23820487,23822067,1580
granulosa_25757,chr9,23824305,23825335,1030
granulosa_25758,chr9,23825767,23826812,1045
granulosa_25759,chr9,23829566,23830509,943
granulosa_25760,chr9,23849458,23851668,2210
granulosa_25761,chr9,25677018,25678987,1969
granulosa_25762,chr9,26522951,26525100,2149
granulosa_25763,chr9,26891412,26893632,2220
granulosa_25764,chr9,26945590,26947915,2325
granulosa_25765,chr9,26955169,26957147,1978
granulosa_25766,chr9,27048264,27049508,1244
granulosa_25767,chr9,27353141,27354269,1128
granulosa_25768,chr9,27367416,27369144,1728
granulosa_25769,chr9,27527578,27529982,2404
granulosa_25770,chr9,27572080,27574497,2417
granulosa_25771,chr9,29211549,29215318,3769
granulosa_25772,chr9,31393654,31394518,864
granulosa_25773,chr9,32243672,32244973,1301
granulosa_25774,chr9,32378349,32379619,1270
granulosa_25775,chr9,32383882,32385291,1409
granulosa_25776,chr9,32524812,32526798,1986
granulosa_25777,chr9,32550110,32552814,2704
granulosa_25778,chr9,32571924,32573536,1612
granulosa_25779,chr9,32580646,32581904,1258
granulosa_25780,chr9,32705864,32706972,1108
granulosa_25781,chr9,32782479,32784110,1631
granulosa_25782,chr9,32954460,32956993,2533
granulosa_25783,chr9,32991882,32993357,1475
granulosa_25784,chr9,33000494,33002086,1592
granulosa_25785,chr9,33024200,33026249,2049
granulosa_25786,chr9,33043542,33045011,1469
granulosa_25787,chr9,33075852,33077389,1537
granulosa_25788,chr9,33081099,33081638,539
granulosa_25789,chr9,33139266,33140267,1001
granulosa_25790,chr9,33158636,33160080,1444
granulosa_25791,chr9,33160857,33161908,1051
granulosa_25792,chr9,33166260,33168352,2092
granulosa_25793,chr9,33263231,33265512,2281
granulosa_25794,chr9,33289045,33291184,2139
granulosa_25795,chr9,33354269,33355550,1281
granulosa_25796,chr9,33374708,33376552,1844
granulosa_25797,chr9,33390941,33392097,1156
granulosa_25798,chr9,33445200,33448042,2842
granulosa_25799,chr9,33473101,33474753,1652
granulosa_25800,chr9,33510262,33511308,1046
granulosa_25801,chr9,33523146,33524954,1808
granulosa_25802,chr9,33676311,33677574,1263
granulosa_25803,chr9,33721605,33722458,853
granulosa_25804,chr9,33750228,33751690,1462
granulosa_25805,chr9,33816346,33818893,2547
granulosa_25806,chr9,34048028,34050662,2634
granulosa_25807,chr9,34125494,34127377,1883
granulosa_25808,chr9,34178175,34180490,2315
granulosa_25809,chr9,34328132,34330063,1931
granulosa_25810,chr9,34376088,34377672,1584
granulosa_25811,chr9,34379365,34380187,822
granulosa_25812,chr9,34380401,34381619,1218
granulosa_25813,chr9,34456950,34459186,2236
granulosa_25814,chr9,34501590,34503256,1666
granulosa_25815,chr9,34521937,34523648,1711
granulosa_25816,chr9,34554217,34555362,1145
granulosa_25817,chr9,34557885,34561324,3439
granulosa_25818,chr9,34575857,34578841,2984
granulosa_25819,chr9,34588488,34590798,2310
granulosa_25820,chr9,34591195,34592456,1261
granulosa_25821,chr9,34611037,34613138,2101
granulosa_25822,chr9,34619749,34620738,989
granulosa_25823,chr9,34628541,34629381,840
granulosa_25824,chr9,34636896,34638393,1497
granulosa_25825,chr9,34646088,34647372,1284
granulosa_25826,chr9,34651748,34652444,696
granulosa_25827,chr9,34653003,34655200,2197
granulosa_25828,chr9,34664310,34666545,2235
granulosa_25829,chr9,34700861,34702462,1601
granulosa_25830,chr9,34708914,34710529,1615
granulosa_25831,chr9,34933822,34934918,1096
granulosa_25832,chr9,34939494,34940980,1486
granulosa_25833,chr9,34957418,34959081,1663
granulosa_25834,chr9,34988438,34990516,2078
granulosa_25835,chr9,34993493,34994696,1203
granulosa_25836,chr9,35071304,35073096,1792
granulosa_25837,chr9,35078966,35080688,1722
granulosa_25838,chr9,35095790,35096951,1161
granulosa_25839,chr9,35102243,35103798,1555
granulosa_25840,chr9,35110453,35111933,1480
granulosa_25841,chr9,35115503,35117335,1832
granulosa_25842,chr9,35161302,35163014,1712
granulosa_25843,chr9,35488551,35491322,2771
granulosa_25844,chr9,35537823,35539401,1578
granulosa_25845,chr9,35552547,35554307,1760
granulosa_25846,chr9,35603493,35606334,2841
granulosa_25847,chr9,35616014,35617625,1611
granulosa_25848,chr9,35645752,35647558,1806
granulosa_25849,chr9,35656941,35659078,2137
granulosa_25850,chr9,35664440,35665609,1169
granulosa_25851,chr9,35675111,35676394,1283
granulosa_25852,chr9,35689160,35691491,2331
granulosa_25853,chr9,35727658,35728527,869
granulosa_25854,chr9,35731632,35733484,1852
granulosa_25855,chr9,35748122,35750070,1948
granulosa_25856,chr9,35756355,35757860,1505
granulosa_25857,chr9,35790107,35792347,2240
granulosa_25858,chr9,35811474,35812418,944
granulosa_25859,chr9,35814361,35815742,1381
granulosa_25860,chr9,35825860,35826546,686
granulosa_25861,chr9,35828499,35830040,1541
granulosa_25862,chr9,35844023,35846894,2871
granulosa_25863,chr9,35905628,35906522,894
granulosa_25864,chr9,35906660,35908710,2050
granulosa_25865,chr9,36036145,36038038,1893
granulosa_25866,chr9,36134732,36137925,3193
granulosa_25867,chr9,36154086,36155097,1011
granulosa_25868,chr9,36162932,36164122,1190
granulosa_25869,chr9,36165815,36166867,1052
granulosa_25870,chr9,36189975,36191937,1962
granulosa_25871,chr9,36210317,36211188,871
granulosa_25872,chr9,36257676,36259073,1397
granulosa_25873,chr9,36276349,36277498,1149
granulosa_25874,chr9,36399623,36401500,1877
granulosa_25875,chr9,36485688,36488671,2983
granulosa_25876,chr9,36571787,36573873,2086
granulosa_25877,chr9,36818015,36819549,1534
granulosa_25878,chr9,36985488,36988141,2653
granulosa_25879,chr9,37027070,37028037,967
granulosa_25880,chr9,37036352,37038169,1817
granulosa_25881,chr9,37079199,37080643,1444
granulosa_25882,chr9,37119740,37121403,1663
granulosa_25883,chr9,37414784,37415566,782
granulosa_25884,chr9,37421922,37423400,1478
granulosa_25885,chr9,37464498,37466739,2241
granulosa_25886,chr9,37471931,37472915,984
granulosa_25887,chr9,37485275,37486984,1709
granulosa_25888,chr9,37575376,37576793,1417
granulosa_25889,chr9,37591734,37592967,1233
granulosa_25890,chr9,37649922,37651758,1836
granulosa_25891,chr9,37676041,37676949,908
granulosa_25892,chr9,37753304,37754403,1099
granulosa_25893,chr9,37784239,37785779,1540
granulosa_25894,chr9,37800058,37801933,1875
granulosa_25895,chr9,37902842,37905054,2212
granulosa_25896,chr9,38023694,38024889,1195
granulosa_25897,chr9,38046338,38048148,1810
granulosa_25898,chr9,38066478,38069998,3520
granulosa_25899,chr9,38226249,38227925,1676
granulosa_25900,chr9,38380365,38381619,1254
granulosa_25901,chr9,38392225,38394067,1842
granulosa_25902,chr9,38423409,38424803,1394
granulosa_25903,chr9,38619708,38622673,2965
granulosa_25904,chr9,38689399,38690504,1105
granulosa_25905,chr9,39463751,39464827,1076
granulosa_25906,chr9,39809265,39810133,868
granulosa_25907,chr9,40991397,40992805,1408
granulosa_25908,chr9,41073805,41075476,1671
granulosa_25909,chr9,41272844,41274353,1509
granulosa_25910,chr9,41357991,41359444,1453
granulosa_25911,chr9,62798830,62802771,3941
granulosa_25912,chr9,62837274,62838740,1466
granulosa_25913,chr9,63816536,63818363,1827
granulosa_25914,chr9,66900061,66901421,1360
granulosa_25915,chr9,68355898,68357585,1687
granulosa_25916,chr9,68704378,68706774,2396
granulosa_25917,chr9,68779315,68781000,1685
granulosa_25918,chr9,69035314,69036978,1664
granulosa_25919,chr9,69120222,69122871,2649
granulosa_25920,chr9,69173559,69175713,2154
granulosa_25921,chr9,69324410,69326017,1607
granulosa_25922,chr9,69499059,69500109,1050
granulosa_25923,chr9,69671146,69673403,2257
granulosa_25924,chr9,69758099,69760454,2355
granulosa_25925,chr9,69812027,69813592,1565
granulosa_25926,chr9,70043089,70044978,1889
granulosa_25927,chr9,70228004,70229914,1910
granulosa_25928,chr9,70255912,70256778,866
granulosa_25929,chr9,70257900,70259713,1813
granulosa_25930,chr9,70406009,70407663,1654
granulosa_25931,chr9,70411746,70414563,2817
granulosa_25932,chr9,70418093,70421287,3194
granulosa_25933,chr9,70600512,70602799,2287
granulosa_25934,chr9,70867846,70869596,1750
granulosa_25935,chr9,70954135,70956136,2001
granulosa_25936,chr9,71254888,71256604,1716
granulosa_25937,chr9,71346144,71347446,1302
granulosa_25938,chr9,71363654,71364915,1261
granulosa_25939,chr9,71446019,71447487,1468
granulosa_25940,chr9,71551994,71552963,969
granulosa_25941,chr9,71741831,71743703,1872
granulosa_25942,chr9,71758184,71759480,1296
granulosa_25943,chr9,71767296,71770145,2849
granulosa_25944,chr9,71909817,71912228,2411
granulosa_25945,chr9,72314573,72316385,1812
granulosa_25946,chr9,72363895,72366095,2200
granulosa_25947,chr9,72526567,72527975,1408
granulosa_25948,chr9,72872500,72874313,1813
granulosa_25949,chr9,72917800,72919127,1327
granulosa_25950,chr9,72951716,72953561,1845
granulosa_25951,chr9,73131719,73133326,1607
granulosa_25952,chr9,74496532,74498998,2466
granulosa_25953,chr9,74886754,74888050,1296
granulosa_25954,chr9,74951552,74953807,2255
granulosa_25955,chr9,75026974,75029251,2277
granulosa_25956,chr9,75087237,75089695,2458
granulosa_25957,chr9,75148202,75149261,1059
granulosa_25958,chr9,75889663,75892975,3312
granulosa_25959,chr9,76269451,76270745,1294
granulosa_25960,chr9,76393446,76395234,1788
granulosa_25961,chr9,76455966,76456780,814
granulosa_25962,chr9,76458818,76460649,1831
granulosa_25963,chr9,76585519,76587242,1723
granulosa_25964,chr9,76904804,76907009,2205
granulosa_25965,chr9,77176610,77178722,2112
granulosa_25966,chr9,77647297,77649346,2049
granulosa_25967,chr9,78030098,78032752,2654
granulosa_25968,chr9,78234722,78236840,2118
granulosa_25969,chr9,78295575,78298522,2947
granulosa_25970,chr9,78324806,78326110,1304
granulosa_25971,chr9,78856950,78858486,1536
granulosa_25972,chr9,79256523,79258243,1720
granulosa_25973,chr9,79570211,79572061,1850
granulosa_25974,chr9,79572259,79573653,1394
granulosa_25975,chr9,79579859,79580756,897
granulosa_25976,chr9,79581031,79582412,1381
granulosa_25977,chr9,79667681,79668538,857
granulosa_25978,chr9,79681443,79682937,1494
granulosa_25979,chr9,79687765,79690108,2343
granulosa_25980,chr9,79709832,79710958,1126
granulosa_25981,chr9,81111889,81113869,1980
granulosa_25982,chr9,81394027,81397020,2993
granulosa_25983,chr9,81686903,81690642,3739
granulosa_25984,chr9,81693485,81694704,1219
granulosa_25985,chr9,81819739,81820882,1143
granulosa_25986,chr9,82781271,82782891,1620
granulosa_25987,chr9,83061587,83063461,1874
granulosa_25988,chr9,83197129,83199597,2468
granulosa_25989,chr9,83218480,83221365,2885
granulosa_25990,chr9,83537044,83538975,1931
granulosa_25991,chr9,83622374,83623963,1589
granulosa_25992,chr9,83706811,83709118,2307
granulosa_25993,chr9,83816899,83818439,1540
granulosa_25994,chr9,83920155,83921921,1766
granulosa_25995,chr9,83955996,83957233,1237
granulosa_25996,chr9,83979086,83981688,2602
granulosa_25997,chr9,84271073,84272415,1342
granulosa_25998,chr9,84667553,84670962,3409
granulosa_25999,chr9,85038629,85039620,991
granulosa_26000,chr9,85040383,85041982,1599
granulosa_26001,chr9,85401685,85402949,1264
granulosa_26002,chr9,85740819,85742837,2018
granulosa_26003,chr9,85804501,85806081,1580
granulosa_26004,chr9,85940490,85941950,1460
granulosa_26005,chr9,86079144,86080496,1352
granulosa_26006,chr9,86098729,86100390,1661
granulosa_26007,chr9,86126430,86127820,1390
granulosa_26008,chr9,86175824,86176952,1128
granulosa_26009,chr9,86281496,86283308,1812
granulosa_26010,chr9,86353434,86355251,1817
granulosa_26011,chr9,86575882,86578668,2786
granulosa_26012,chr9,86585190,86586593,1403
granulosa_26013,chr9,86589338,86590508,1170
granulosa_26014,chr9,86633352,86634449,1097
granulosa_26015,chr9,86700017,86701218,1201
granulosa_26016,chr9,86731300,86732808,1508
granulosa_26017,chr9,86753940,86755917,1977
granulosa_26018,chr9,86793713,86796248,2535
granulosa_26019,chr9,86854541,86855533,992
granulosa_26020,chr9,86943020,86944015,995
granulosa_26021,chr9,86945392,86948959,3567
granulosa_26022,chr9,87033947,87035250,1303
granulosa_26023,chr9,87147911,87149306,1395
granulosa_26024,chr9,87336452,87338925,2473
granulosa_26025,chr9,87497129,87499379,2250
granulosa_26026,chr9,87568403,87571201,2798
granulosa_26027,chr9,87639984,87641050,1066
granulosa_26028,chr9,87725237,87726836,1599
granulosa_26029,chr9,87973173,87975067,1894
granulosa_26030,chr9,87983700,87984746,1046
granulosa_26031,chr9,88075735,88077434,1699
granulosa_26032,chr9,88089517,88090681,1164
granulosa_26033,chr9,88312035,88314162,2127
granulosa_26034,chr9,88387118,88389701,2583
granulosa_26035,chr9,88533884,88536269,2385
granulosa_26036,chr9,88990082,88992011,1929
granulosa_26037,chr9,88994521,88995542,1021
granulosa_26038,chr9,89000356,89001364,1008
granulosa_26039,chr9,89179504,89180720,1216
granulosa_26040,chr9,89310188,89312584,2396
granulosa_26041,chr9,89317986,89319782,1796
granulosa_26042,chr9,89496723,89498558,1835
granulosa_26043,chr9,89602998,89607220,4222
granulosa_26044,chr9,89661347,89662707,1360
granulosa_26045,chr9,89684171,89685489,1318
granulosa_26046,chr9,89731699,89733373,1674
granulosa_26047,chr9,89749750,89750877,1127
granulosa_26048,chr9,89807755,89809183,1428
granulosa_26049,chr9,89816998,89818092,1094
granulosa_26050,chr9,89923228,89924504,1276
granulosa_26051,chr9,89999206,90001317,2111
granulosa_26052,chr9,90102075,90102651,576
granulosa_26053,chr9,90641854,90643245,1391
granulosa_26054,chr9,91117399,91118925,1526
granulosa_26055,chr9,91192653,91194283,1630
granulosa_26056,chr9,91360302,91362298,1996
granulosa_26057,chr9,91420990,91421732,742
granulosa_26058,chr9,91422237,91425202,2965
granulosa_26059,chr9,91714203,91715538,1335
granulosa_26060,chr9,91817003,91818580,1577
granulosa_26061,chr9,91948113,91950799,2686
granulosa_26062,chr9,92114628,92115858,1230
granulosa_26063,chr9,92133719,92134740,1021
granulosa_26064,chr9,92140131,92141751,1620
granulosa_26065,chr9,92293341,92294728,1387
granulosa_26066,chr9,92324647,92326385,1738
granulosa_26067,chr9,92669002,92670833,1831
granulosa_26068,chr9,92763608,92765812,2204
granulosa_26069,chr9,92807079,92809992,2913
granulosa_26070,chr9,92877430,92878346,916
granulosa_26071,chr9,92946875,92948272,1397
granulosa_26072,chr9,93052886,93053677,791
granulosa_26073,chr9,93057840,93059331,1491
granulosa_26074,chr9,93061605,93062595,990
granulosa_26075,chr9,93094788,93097073,2285
granulosa_26076,chr9,93119499,93120572,1073
granulosa_26077,chr9,93126500,93127342,842
granulosa_26078,chr9,93132378,93134966,2588
granulosa_26079,chr9,93159506,93160339,833
granulosa_26080,chr9,93183645,93185989,2344
granulosa_26081,chr9,93204965,93205851,886
granulosa_26082,chr9,93345616,93346873,1257
granulosa_26083,chr9,93450479,93453883,3404
granulosa_26084,chr9,93566177,93567774,1597
granulosa_26085,chr9,93575069,93578659,3590
granulosa_26086,chr9,93827097,93828319,1222
granulosa_26087,chr9,93954269,93955882,1613
granulosa_26088,chr9,94030101,94031305,1204
granulosa_26089,chr9,94165522,94167431,1909
granulosa_26090,chr9,94258819,94259848,1029
granulosa_26091,chr9,94373877,94375541,1664
granulosa_26092,chr9,94638697,94640279,1582
granulosa_26093,chr9,94668481,94669864,1383
granulosa_26094,chr9,94704988,94706561,1573
granulosa_26095,chr9,94726049,94727339,1290
granulosa_26096,chr9,94919876,94921436,1560
granulosa_26097,chr9,94921707,94923506,1799
granulosa_26098,chr9,94950296,94951372,1076
granulosa_26099,chr9,94995103,94996975,1872
granulosa_26100,chr9,95003671,95005718,2047
granulosa_26101,chr9,95047510,95049150,1640
granulosa_26102,chr9,95127152,95127930,778
granulosa_26103,chr9,95312876,95313495,619
granulosa_26104,chr9,95316387,95317981,1594
granulosa_26105,chr9,95425930,95427208,1278
granulosa_26106,chr9,95462040,95463674,1634
granulosa_26107,chr9,95486012,95487458,1446
granulosa_26108,chr9,95505626,95508210,2584
granulosa_26109,chr9,95508911,95509715,804
granulosa_26110,chr9,95510356,95511612,1256
granulosa_26111,chr9,95515628,95517782,2154
granulosa_26112,chr9,95552703,95553757,1054
granulosa_26113,chr9,95753473,95755408,1935
granulosa_26114,chr9,95770615,95773063,2448
granulosa_26115,chr9,95874555,95876433,1878
granulosa_26116,chr9,96020545,96022367,1822
granulosa_26117,chr9,96027085,96028129,1044
granulosa_26118,chr9,96139284,96141486,2202
granulosa_26119,chr9,96186195,96187616,1421
granulosa_26120,chr9,96217242,96219925,2683
granulosa_26121,chr9,96382687,96384122,1435
granulosa_26122,chr9,96416848,96419515,2667
granulosa_26123,chr9,96449304,96451520,2216
granulosa_26124,chr9,96565855,96567609,1754
granulosa_26125,chr9,96617606,96620287,2681
granulosa_26126,chr9,96654040,96655691,1651
granulosa_26127,chr9,96686422,96687384,962
granulosa_26128,chr9,96719300,96721009,1709
granulosa_26129,chr9,96777057,96778436,1379
granulosa_26130,chr9,96853182,96854797,1615
granulosa_26131,chr9,96874891,96876210,1319
granulosa_26132,chr9,97012502,97014064,1562
granulosa_26133,chr9,97038219,97039831,1612
granulosa_26134,chr9,97051153,97053145,1992
granulosa_26135,chr9,97220706,97222784,2078
granulosa_26136,chr9,97237276,97239656,2380
granulosa_26137,chr9,97306265,97308166,1901
granulosa_26138,chr9,97386751,97387947,1196
granulosa_26139,chr9,97411472,97413236,1764
granulosa_26140,chr9,97501032,97503319,2287
granulosa_26141,chr9,97556506,97558145,1639
granulosa_26142,chr9,97631973,97634558,2585
granulosa_26143,chr9,97696000,97697721,1721
granulosa_26144,chr9,97740829,97741755,926
granulosa_26145,chr9,97803162,97804040,878
granulosa_26146,chr9,97853001,97854998,1997
granulosa_26147,chr9,97921740,97923987,2247
granulosa_26148,chr9,97982492,97985438,2946
granulosa_26149,chr9,98056064,98057723,1659
granulosa_26150,chr9,98087139,98088224,1085
granulosa_26151,chr9,98117906,98119790,1884
granulosa_26152,chr9,98170799,98171944,1145
granulosa_26153,chr9,98191650,98193481,1831
granulosa_26154,chr9,98254908,98257117,2209
granulosa_26155,chr9,98706788,98707964,1176
granulosa_26156,chr9,98790488,98791920,1432
granulosa_26157,chr9,98795463,98797053,1590
granulosa_26158,chr9,98807117,98809158,2041
granulosa_26159,chr9,98916295,98918610,2315
granulosa_26160,chr9,98943097,98944761,1664
granulosa_26161,chr9,98974590,98975834,1244
granulosa_26162,chr9,99103653,99106268,2615
granulosa_26163,chr9,99169676,99171120,1444
granulosa_26164,chr9,99184100,99185423,1323
granulosa_26165,chr9,99221029,99223126,2097
granulosa_26166,chr9,99259019,99260156,1137
granulosa_26167,chr9,99265983,99267245,1262
granulosa_26168,chr9,99367917,99369227,1310
granulosa_26169,chr9,99464569,99466446,1877
granulosa_26170,chr9,99819221,99820392,1171
granulosa_26171,chr9,99820857,99822338,1481
granulosa_26172,chr9,99828244,99829099,855
granulosa_26173,chr9,99906012,99907474,1462
granulosa_26174,chr9,100097962,100100022,2060
granulosa_26175,chr9,100351578,100353345,1767
granulosa_26176,chr9,100410898,100412212,1314
granulosa_26177,chr9,100425954,100428353,2399
granulosa_26178,chr9,100443624,100444688,1064
granulosa_26179,chr9,100472577,100474941,2364
granulosa_26180,chr9,100598286,100599123,837
granulosa_26181,chr9,101027814,101030236,2422
granulosa_26182,chr9,101140018,101141363,1345
granulosa_26183,chr9,101397791,101399720,1929
granulosa_26184,chr9,101437600,101438269,669
granulosa_26185,chr9,101449017,101449712,695
granulosa_26186,chr9,101485852,101487587,1735
granulosa_26187,chr9,101532913,101534358,1445
granulosa_26188,chr9,101736607,101738932,2325
granulosa_26189,chr9,104092910,104095039,2129
granulosa_26190,chr9,104746950,104748937,1987
granulosa_26191,chr9,104763024,104764699,1675
granulosa_26192,chr9,104868390,104869762,1372
granulosa_26193,chr9,104926094,104926959,865
granulosa_26194,chr9,104927154,104928721,1567
granulosa_26195,chr9,104967714,104969197,1483
granulosa_26196,chr9,104990788,104992160,1372
granulosa_26197,chr9,105063609,105065210,1601
granulosa_26198,chr9,105244057,105246110,2053
granulosa_26199,chr9,105447313,105449112,1799
granulosa_26200,chr9,105557430,105558639,1209
granulosa_26201,chr9,105655518,105656984,1466
granulosa_26202,chr9,105693377,105695535,2158
granulosa_26203,chr9,106859820,106861560,1740
granulosa_26204,chr9,106861984,106864735,2751
granulosa_26205,chr9,106920828,106922304,1476
granulosa_26206,chr9,107251325,107252691,1366
granulosa_26207,chr9,107282302,107284412,2110
granulosa_26208,chr9,107465083,107466496,1413
granulosa_26209,chr9,107487237,107489163,1926
granulosa_26210,chr9,107489397,107490562,1165
granulosa_26211,chr9,107491096,107491898,802
granulosa_26212,chr9,107636773,107638369,1596
granulosa_26213,chr9,107819511,107821859,2348
granulosa_26214,chr9,108932960,108934980,2020
granulosa_26215,chr9,108971924,108973190,1266
granulosa_26216,chr9,109011904,109014659,2755
granulosa_26217,chr9,109026582,109027727,1145
granulosa_26218,chr9,109035735,109037182,1447
granulosa_26219,chr9,109071717,109072648,931
granulosa_26220,chr9,109072683,109073906,1223
granulosa_26221,chr9,109097970,109099462,1492
granulosa_26222,chr9,109118225,109120312,2087
granulosa_26223,chr9,109166407,109167668,1261
granulosa_26224,chr9,109318328,109321435,3107
granulosa_26225,chr9,109497094,109498842,1748
granulosa_26226,chr9,109499303,109500181,878
granulosa_26227,chr9,109639705,109641695,1990
granulosa_26228,chr9,109779580,109781291,1711
granulosa_26229,chr9,109817200,109818315,1115
granulosa_26230,chr9,110047389,110050288,2899
granulosa_26231,chr9,110103967,110105855,1888
granulosa_26232,chr9,110192195,110193676,1481
granulosa_26233,chr9,110255082,110257738,2656
granulosa_26234,chr9,110578686,110580245,1559
granulosa_26235,chr9,111036970,111039663,2693
granulosa_26236,chr9,111482068,111484624,2556
granulosa_26237,chr9,111524701,111526467,1766
granulosa_26238,chr9,111597779,111600251,2472
granulosa_26239,chr9,111630316,111631999,1683
granulosa_26240,chr9,111660967,111662877,1910
granulosa_26241,chr9,111783323,111784512,1189
granulosa_26242,chr9,111895999,111897949,1950
granulosa_26243,chr9,112174230,112176035,1805
granulosa_26244,chr9,112332384,112334698,2314
granulosa_26245,chr9,112378391,112381349,2958
granulosa_26246,chr9,112486111,112488232,2121
granulosa_26247,chr9,112655282,112656215,933
granulosa_26248,chr9,112717105,112718765,1660
granulosa_26249,chr9,112749940,112752007,2067
granulosa_26250,chr9,112764160,112765516,1356
granulosa_26251,chr9,113055812,113057133,1321
granulosa_26252,chr9,113150477,113152114,1637
granulosa_26253,chr9,113220538,113222631,2093
granulosa_26254,chr9,113274419,113276289,1870
granulosa_26255,chr9,113339617,113340805,1188
granulosa_26256,chr9,113349107,113351549,2442
granulosa_26257,chr9,113376337,113377677,1340
granulosa_26258,chr9,113400625,113401797,1172
granulosa_26259,chr9,113406751,113407225,474
granulosa_26260,chr9,113409581,113411531,1950
granulosa_26261,chr9,113462897,113464386,1489
granulosa_26262,chr9,113483534,113484771,1237
granulosa_26263,chr9,113564365,113566427,2062
granulosa_26264,chr9,113568369,113569307,938
granulosa_26265,chr9,113593484,113595272,1788
granulosa_26266,chr9,113600994,113603354,2360
granulosa_26267,chr9,113619920,113621779,1859
granulosa_26268,chr9,113682222,113682960,738
granulosa_26269,chr9,113687421,113688582,1161
granulosa_26270,chr9,113787869,113789322,1453
granulosa_26271,chr9,113875490,113877021,1531
granulosa_26272,chr9,114097623,114099722,2099
granulosa_26273,chr9,114107611,114108876,1265
granulosa_26274,chr9,114153641,114157358,3717
granulosa_26275,chr9,114180418,114182127,1709
granulosa_26276,chr9,114249741,114250675,934
granulosa_26277,chr9,114258801,114260371,1570
granulosa_26278,chr9,114281231,114282120,889
granulosa_26279,chr9,114304874,114306510,1636
granulosa_26280,chr9,114385298,114388357,3059
granulosa_26281,chr9,114394733,114395542,809
granulosa_26282,chr9,114397606,114398873,1267
granulosa_26283,chr9,114441331,114442374,1043
granulosa_26284,chr9,114450902,114451775,873
granulosa_26285,chr9,114451986,114452974,988
granulosa_26286,chr9,114465553,114466786,1233
granulosa_26287,chr9,114504226,114505997,1771
granulosa_26288,chr9,114587012,114589071,2059
granulosa_26289,chr9,114610843,114612552,1709
granulosa_26290,chr9,114968139,114969260,1121
granulosa_26291,chr9,115117806,115119209,1403
granulosa_26292,chr9,116153904,116154787,883
granulosa_26293,chr9,116154941,116156028,1087
granulosa_26294,chr9,116364688,116365914,1226
granulosa_26295,chr9,116470745,116472074,1329
granulosa_26296,chr9,116482378,116483883,1505
granulosa_26297,chr9,116686240,116688262,2022
granulosa_26298,chr9,116786649,116787769,1120
granulosa_26299,chr9,116794792,116796183,1391
granulosa_26300,chr9,116800690,116801464,774
granulosa_26301,chr9,116836177,116838266,2089
granulosa_26302,chr9,117027423,117028823,1400
granulosa_26303,chr9,117412783,117415914,3131
granulosa_26304,chr9,117487286,117488801,1515
granulosa_26305,chr9,119368254,119369831,1577
granulosa_26306,chr9,119587991,119589705,1714
granulosa_26307,chr9,120320527,120321791,1264
granulosa_26308,chr9,120353218,120354041,823
granulosa_26309,chr9,120386065,120387850,1785
granulosa_26310,chr9,120579379,120580754,1375
granulosa_26311,chr9,120713201,120715947,2746
granulosa_26312,chr9,120792615,120794205,1590
granulosa_26313,chr9,120841948,120843592,1644
granulosa_26314,chr9,120868231,120869456,1225
granulosa_26315,chr9,120875679,120877860,2181
granulosa_26316,chr9,120893264,120894954,1690
granulosa_26317,chr9,120896828,120897562,734
granulosa_26318,chr9,120928198,120929474,1276
granulosa_26319,chr9,120935263,120936860,1597
granulosa_26320,chr9,121073990,121075617,1627
granulosa_26321,chr9,121121146,121122881,1735
granulosa_26322,chr9,121200440,121202439,1999
granulosa_26323,chr9,121267500,121269839,2339
granulosa_26324,chr9,121288750,121289941,1191
granulosa_26325,chr9,121298141,121300298,2157
granulosa_26326,chr9,121319676,121320459,783
granulosa_26327,chr9,121349744,121351760,2016
granulosa_26328,chr9,121369300,121371340,2040
granulosa_26329,chr9,121371579,121372073,494
granulosa_26330,chr9,121498089,121500466,2377
granulosa_26331,chr9,121545490,121546413,923
granulosa_26332,chr9,121550258,121551056,798
granulosa_26333,chr9,121557375,121558771,1396
granulosa_26334,chr9,121566434,121569235,2801
granulosa_26335,chr9,121597793,121600491,2698
granulosa_26336,chr9,121649765,121650601,836
granulosa_26337,chr9,121651131,121652810,1679
granulosa_26338,chr9,121698514,121701109,2595
granulosa_26339,chr9,121717630,121718958,1328
granulosa_26340,chr9,121735042,121737274,2232
granulosa_26341,chr9,121743135,121745323,2188
granulosa_26342,chr9,121751732,121752508,776
granulosa_26343,chr9,121783049,121784512,1463
granulosa_26344,chr9,121818936,121820197,1261
granulosa_26345,chr9,121851334,121853591,2257
granulosa_26346,chr9,121886533,121887418,885
granulosa_26347,chr9,121920786,121922710,1924
granulosa_26348,chr9,122092295,122093800,1505
granulosa_26349,chr9,122158848,122160225,1377
granulosa_26350,chr9,122213417,122214467,1050
granulosa_26351,chr9,122218950,122220591,1641
granulosa_26352,chr9,122228032,122229406,1374
granulosa_26353,chr9,122263964,122265557,1593
granulosa_26354,chr9,122346393,122347575,1182
granulosa_26355,chr9,122370663,122371678,1015
granulosa_26356,chr9,122374686,122375470,784
granulosa_26357,chr9,122827027,122828954,1927
granulosa_26358,chr9,122904248,122905781,1533
granulosa_26359,chr9,122912356,122914201,1845
granulosa_26360,chr9,122930597,122932692,2095
granulosa_26361,chr9,122940431,122941975,1544
granulosa_26362,chr9,123090182,123091244,1062
granulosa_26363,chr9,123267194,123269164,1970
granulosa_26364,chr9,123349600,123351315,1715
granulosa_26365,chr9,123355711,123356339,628
granulosa_26366,chr9,123367830,123369032,1202
granulosa_26367,chr9,123373179,123374388,1209
granulosa_26368,chr9,123375493,123376687,1194
granulosa_26369,chr9,123394729,123396489,1760
granulosa_26370,chr9,123406421,123408223,1802
granulosa_26371,chr9,123641936,123643144,1208
granulosa_26372,chr9,123738575,123740246,1671
granulosa_26373,chr9,123756648,123758369,1721
granulosa_26374,chr9,123833921,123835547,1626
granulosa_26375,chr9,123928543,123930718,2175
granulosa_26376,chr9,123998976,124000531,1555
granulosa_26377,chr9,124008295,124009373,1078
granulosa_26378,chr9,124010939,124012317,1378
granulosa_26379,chr9,124017312,124019265,1953
granulosa_26380,chr9,124040401,124041684,1283
granulosa_26381,chr9,124045125,124046244,1119
granulosa_26382,chr9,124257222,124259961,2739
granulosa_26383,chr9,124282423,124283483,1060
granulosa_26384,chr9,124331636,124333586,1950
granulosa_26385,chr9,124342613,124343744,1131
granulosa_26386,chr9,124414690,124416559,1869
granulosa_26387,chr9,124449993,124451098,1105
granulosa_26388,chr9,124477245,124478687,1442
granulosa_26389,chr9,124503834,124505290,1456
granulosa_26390,chr9,124506383,124507843,1460
granulosa_26391,chr9,124511490,124513858,2368
granulosa_26392,chr9,124657965,124659686,1721
granulosa_26393,chr9,124711551,124712434,883
granulosa_26394,chr9,124720466,124721768,1302
granulosa_26395,chr9,124755003,124756941,1938
granulosa_26396,chr9,124769436,124772333,2897
granulosa_26397,chr9,124776660,124778014,1354
granulosa_26398,chr9,124834468,124835702,1234
granulosa_26399,chr9,124852553,124853858,1305
granulosa_26400,chr9,124861114,124862649,1535
granulosa_26401,chr9,124868352,124870940,2588
granulosa_26402,chr9,124940287,124942439,2152
granulosa_26403,chr9,125142478,125143994,1516
granulosa_26404,chr9,125188912,125190574,1662
granulosa_26405,chr9,125198971,125201067,2096
granulosa_26406,chr9,125234741,125236448,1707
granulosa_26407,chr9,125240591,125242182,1591
granulosa_26408,chr9,125261252,125262647,1395
granulosa_26409,chr9,125374002,125375074,1072
granulosa_26410,chr9,125407573,125408883,1310
granulosa_26411,chr9,125424754,125426333,1579
granulosa_26412,chr9,125472549,125473857,1308
granulosa_26413,chr9,125549079,125550908,1829
granulosa_26414,chr9,125706419,125707506,1087
granulosa_26415,chr9,125745745,125748989,3244
granulosa_26416,chr9,125889016,125891046,2030
granulosa_26417,chr9,126056512,126059023,2511
granulosa_26418,chr9,126325807,126328064,2257
granulosa_26419,chr9,126481881,126483089,1208
granulosa_26420,chr9,126498868,126500255,1387
granulosa_26421,chr9,126500592,126501266,674
granulosa_26422,chr9,126513591,126514663,1072
granulosa_26423,chr9,126550593,126551649,1056
granulosa_26424,chr9,126556695,126558430,1735
granulosa_26425,chr9,126609629,126611911,2282
granulosa_26426,chr9,126625502,126627097,1595
granulosa_26427,chr9,126650239,126652736,2497
granulosa_26428,chr9,126704381,126706770,2389
granulosa_26429,chr9,126722087,126724116,2029
granulosa_26430,chr9,126781283,126782126,843
granulosa_26431,chr9,126804455,126806227,1772
granulosa_26432,chr9,126860031,126861932,1901
granulosa_26433,chr9,126901423,126902841,1418
granulosa_26434,chr9,126914193,126916034,1841
granulosa_26435,chr9,127121433,127123811,2378
granulosa_26436,chr9,127185797,127188012,2215
granulosa_26437,chr9,127223943,127226050,2107
granulosa_26438,chr9,127244642,127245736,1094
granulosa_26439,chr9,127396215,127398334,2119
granulosa_26440,chr9,127423162,127425345,2183
granulosa_26441,chr9,127450204,127452535,2331
granulosa_26442,chr9,127566540,127569994,3454
granulosa_26443,chr9,127578617,127580092,1475
granulosa_26444,chr9,127588841,127590246,1405
granulosa_26445,chr9,127607390,127608777,1387
granulosa_26446,chr9,127611679,127613864,2185
granulosa_26447,chr9,127628694,127630129,1435
granulosa_26448,chr9,127698676,127699703,1027
granulosa_26449,chr9,127714642,127716439,1797
granulosa_26450,chr9,127734166,127735692,1526
granulosa_26451,chr9,127741607,127743151,1544
granulosa_26452,chr9,127753774,127755731,1957
granulosa_26453,chr9,127769901,127771913,2012
granulosa_26454,chr9,127784615,127787016,2401
granulosa_26455,chr9,127795736,127797321,1585
granulosa_26456,chr9,127801956,127804123,2167
granulosa_26457,chr9,127808470,127810226,1756
granulosa_26458,chr9,127824723,127826002,1279
granulosa_26459,chr9,127827995,127829292,1297
granulosa_26460,chr9,127877011,127878545,1534
granulosa_26461,chr9,127896485,127897845,1360
granulosa_26462,chr9,127898381,127899876,1495
granulosa_26463,chr9,127904230,127905232,1002
granulosa_26464,chr9,127910608,127911558,950
granulosa_26465,chr9,127915605,127917375,1770
granulosa_26466,chr9,127926891,127928289,1398
granulosa_26467,chr9,127930262,127931813,1551
granulosa_26468,chr9,127937125,127938667,1542
granulosa_26469,chr9,127949911,127951228,1317
granulosa_26470,chr9,127965101,127966280,1179
granulosa_26471,chr9,127979131,127981617,2486
granulosa_26472,chr9,128066776,128069528,2752
granulosa_26473,chr9,128080525,128081660,1135
granulosa_26474,chr9,128090947,128091849,902
granulosa_26475,chr9,128093818,128094753,935
granulosa_26476,chr9,128097820,128100327,2507
granulosa_26477,chr9,128104081,128104701,620
granulosa_26478,chr9,128107962,128110154,2192
granulosa_26479,chr9,128117249,128118320,1071
granulosa_26480,chr9,128127167,128128835,1668
granulosa_26481,chr9,128159325,128160959,1634
granulosa_26482,chr9,128190696,128192347,1651
granulosa_26483,chr9,128192531,128193291,760
granulosa_26484,chr9,128202953,128204580,1627
granulosa_26485,chr9,128218253,128219267,1014
granulosa_26486,chr9,128242893,128246157,3264
granulosa_26487,chr9,128249930,128251354,1424
granulosa_26488,chr9,128274901,128277184,2283
granulosa_26489,chr9,128295096,128295874,778
granulosa_26490,chr9,128321790,128323439,1649
granulosa_26491,chr9,128339844,128341725,1881
granulosa_26492,chr9,128361661,128362526,865
granulosa_26493,chr9,128364629,128365476,847
granulosa_26494,chr9,128370306,128371883,1577
granulosa_26495,chr9,128418996,128421817,2821
granulosa_26496,chr9,128438339,128439596,1257
granulosa_26497,chr9,128455420,128457741,2321
granulosa_26498,chr9,128503785,128505731,1946
granulosa_26499,chr9,128551709,128553532,1823
granulosa_26500,chr9,128553738,128554843,1105
granulosa_26501,chr9,128558046,128559342,1296
granulosa_26502,chr9,128625304,128626691,1387
granulosa_26503,chr9,128634951,128636809,1858
granulosa_26504,chr9,128655466,128657225,1759
granulosa_26505,chr9,128683202,128684666,1464
granulosa_26506,chr9,128688415,128690756,2341
granulosa_26507,chr9,128702132,128704031,1899
granulosa_26508,chr9,128723419,128725256,1837
granulosa_26509,chr9,128733048,128733650,602
granulosa_26510,chr9,128770692,128772544,1852
granulosa_26511,chr9,128786320,128788607,2287
granulosa_26512,chr9,128817955,128820034,2079
granulosa_26513,chr9,128828824,128830247,1423
granulosa_26514,chr9,128880907,128883486,2579
granulosa_26515,chr9,128921511,128922936,1425
granulosa_26516,chr9,128946851,128948732,1881
granulosa_26517,chr9,129006217,129008541,2324
granulosa_26518,chr9,129027428,129028727,1299
granulosa_26519,chr9,129035897,129038582,2685
granulosa_26520,chr9,129080289,129081926,1637
granulosa_26521,chr9,129101092,129103394,2302
granulosa_26522,chr9,129109661,129112232,2571
granulosa_26523,chr9,129138689,129141096,2407
granulosa_26524,chr9,129142966,129143961,995
granulosa_26525,chr9,129173815,129175480,1665
granulosa_26526,chr9,129175710,129176553,843
granulosa_26527,chr9,129177040,129178705,1665
granulosa_26528,chr9,129202563,129203748,1185
granulosa_26529,chr9,129252975,129254514,1539
granulosa_26530,chr9,129257975,129259530,1555
granulosa_26531,chr9,129319987,129321436,1449
granulosa_26532,chr9,129333696,129334873,1177
granulosa_26533,chr9,129336442,129337303,861
granulosa_26534,chr9,129350888,129353855,2967
granulosa_26535,chr9,129382603,129384137,1534
granulosa_26536,chr9,129412747,129415430,2683
granulosa_26537,chr9,129427834,129429009,1175
granulosa_26538,chr9,129436490,129438236,1746
granulosa_26539,chr9,129458816,129461251,2435
granulosa_26540,chr9,129481854,129483937,2083
granulosa_26541,chr9,129487782,129489229,1447
granulosa_26542,chr9,129495207,129497817,2610
granulosa_26543,chr9,129549430,129550717,1287
granulosa_26544,chr9,129567773,129570983,3210
granulosa_26545,chr9,129596344,129598219,1875
granulosa_26546,chr9,129609649,129611374,1725
granulosa_26547,chr9,129619660,129620933,1273
granulosa_26548,chr9,129625646,129627299,1653
granulosa_26549,chr9,129639877,129640691,814
granulosa_26550,chr9,129641154,129642694,1540
granulosa_26551,chr9,129653593,129655113,1520
granulosa_26552,chr9,129664653,129666568,1915
granulosa_26553,chr9,129696196,129698411,2215
granulosa_26554,chr9,129725561,129727073,1512
granulosa_26555,chr9,129737377,129738313,936
granulosa_26556,chr9,129751692,129753768,2076
granulosa_26557,chr9,129789904,129790781,877
granulosa_26558,chr9,129802589,129804076,1487
granulosa_26559,chr9,129822850,129824506,1656
granulosa_26560,chr9,129834530,129836634,2104
granulosa_26561,chr9,129884083,129886138,2055
granulosa_26562,chr9,130041788,130044141,2353
granulosa_26563,chr9,130053241,130054766,1525
granulosa_26564,chr9,130123638,130125037,1399
granulosa_26565,chr9,130171496,130173736,2240
granulosa_26566,chr9,130192403,130194516,2113
granulosa_26567,chr9,130219314,130221017,1703
granulosa_26568,chr9,130265320,130266983,1663
granulosa_26569,chr9,130287546,130291057,3511
granulosa_26570,chr9,130320372,130321938,1566
granulosa_26571,chr9,130432565,130434104,1539
granulosa_26572,chr9,130444273,130446873,2600
granulosa_26573,chr9,130451007,130452457,1450
granulosa_26574,chr9,130453192,130454368,1176
granulosa_26575,chr9,130466942,130467962,1020
granulosa_26576,chr9,130535387,130536537,1150
granulosa_26577,chr9,130578731,130580421,1690
granulosa_26578,chr9,130589814,130591015,1201
granulosa_26579,chr9,130680974,130682779,1805
granulosa_26580,chr9,130689703,130690613,910
granulosa_26581,chr9,130693006,130694236,1230
granulosa_26582,chr9,130712231,130713928,1697
granulosa_26583,chr9,130823518,130825506,1988
granulosa_26584,chr9,130833368,130836276,2908
granulosa_26585,chr9,130845572,130846954,1382
granulosa_26586,chr9,130890546,130891738,1192
granulosa_26587,chr9,130936154,130936820,666
granulosa_26588,chr9,130938351,130939938,1587
granulosa_26589,chr9,130940748,130941616,868
granulosa_26590,chr9,131008639,131009598,959
granulosa_26591,chr9,131096071,131097753,1682
granulosa_26592,chr9,131102279,131103307,1028
granulosa_26593,chr9,131124625,131126291,1666
granulosa_26594,chr9,131276194,131278366,2172
granulosa_26595,chr9,131282573,131283375,802
granulosa_26596,chr9,131349582,131351252,1670
granulosa_26597,chr9,131366449,131367338,889
granulosa_26598,chr9,131372657,131374200,1543
granulosa_26599,chr9,131382825,131383757,932
granulosa_26600,chr9,131393016,131395780,2764
granulosa_26601,chr9,131404632,131405811,1179
granulosa_26602,chr9,131407646,131408230,584
granulosa_26603,chr9,131417532,131418978,1446
granulosa_26604,chr9,131422368,131423813,1445
granulosa_26605,chr9,131428987,131430196,1209
granulosa_26606,chr9,131502073,131504422,2349
granulosa_26607,chr9,131530147,131531848,1701
granulosa_26608,chr9,131545156,131547120,1964
granulosa_26609,chr9,131608055,131610819,2764
granulosa_26610,chr9,131696757,131697671,914
granulosa_26611,chr9,131738772,131740498,1726
granulosa_26612,chr9,131762065,131762835,770
granulosa_26613,chr9,132077865,132080088,2223
granulosa_26614,chr9,132113836,132114636,800
granulosa_26615,chr9,132161343,132163829,2486
granulosa_26616,chr9,132181718,132183370,1652
granulosa_26617,chr9,132213553,132214701,1148
granulosa_26618,chr9,132240044,132242999,2955
granulosa_26619,chr9,132288036,132289568,1532
granulosa_26620,chr9,132353837,132355640,1803
granulosa_26621,chr9,132405964,132407011,1047
granulosa_26622,chr9,132409624,132410536,912
granulosa_26623,chr9,132410776,132411641,865
granulosa_26624,chr9,132545969,132546930,961
granulosa_26625,chr9,132581263,132582596,1333
granulosa_26626,chr9,132589177,132591202,2025
granulosa_26627,chr9,132669328,132671407,2079
granulosa_26628,chr9,132698904,132700365,1461
granulosa_26629,chr9,132768712,132770751,2039
granulosa_26630,chr9,132799464,132800517,1053
granulosa_26631,chr9,132877578,132879360,1782
granulosa_26632,chr9,132901661,132902501,840
granulosa_26633,chr9,132943674,132945297,1623
granulosa_26634,chr9,132983634,132985348,1714
granulosa_26635,chr9,132994225,132995122,897
granulosa_26636,chr9,133022145,133022869,724
granulosa_26637,chr9,133029829,133031311,1482
granulosa_26638,chr9,133075618,133077676,2058
granulosa_26639,chr9,133117510,133118145,635
granulosa_26640,chr9,133118913,133122217,3304
granulosa_26641,chr9,133132983,133134312,1329
granulosa_26642,chr9,133135003,133135888,885
granulosa_26643,chr9,133143954,133144763,809
granulosa_26644,chr9,133147412,133147847,435
granulosa_26645,chr9,133148014,133149898,1884
granulosa_26646,chr9,133162807,133164215,1408
granulosa_26647,chr9,133236489,133239402,2913
granulosa_26648,chr9,133256464,133258709,2245
granulosa_26649,chr9,133268509,133269902,1393
granulosa_26650,chr9,133274115,133276200,2085
granulosa_26651,chr9,133335374,133336729,1355
granulosa_26652,chr9,133346642,133348851,2209
granulosa_26653,chr9,133355802,133357226,1424
granulosa_26654,chr9,133374773,133376748,1975
granulosa_26655,chr9,133416765,133418767,2002
granulosa_26656,chr9,133427990,133430104,2114
granulosa_26657,chr9,133459137,133461152,2015
granulosa_26658,chr9,133478272,133479723,1451
granulosa_26659,chr9,133509027,133510051,1024
granulosa_26660,chr9,133514407,133515506,1099
granulosa_26661,chr9,133533837,133535530,1693
granulosa_26662,chr9,133545214,133546323,1109
granulosa_26663,chr9,133608825,133609702,877
granulosa_26664,chr9,133658385,133659517,1132
granulosa_26665,chr9,133664082,133665155,1073
granulosa_26666,chr9,133700693,133703846,3153
granulosa_26667,chr9,133708938,133709725,787
granulosa_26668,chr9,133714688,133716950,2262
granulosa_26669,chr9,133737299,133738628,1329
granulosa_26670,chr9,133792809,133793511,702
granulosa_26671,chr9,133810294,133811968,1674
granulosa_26672,chr9,133842043,133843277,1234
granulosa_26673,chr9,133843713,133844625,912
granulosa_26674,chr9,133881004,133882074,1070
granulosa_26675,chr9,133884263,133885541,1278
granulosa_26676,chr9,133892126,133893788,1662
granulosa_26677,chr9,133955014,133957001,1987
granulosa_26678,chr9,133959744,133961108,1364
granulosa_26679,chr9,133978027,133978757,730
granulosa_26680,chr9,133978992,133980803,1811
granulosa_26681,chr9,133990209,133993702,3493
granulosa_26682,chr9,133994196,133994673,477
granulosa_26683,chr9,134024492,134026411,1919
granulosa_26684,chr9,134055488,134056834,1346
granulosa_26685,chr9,134066592,134068912,2320
granulosa_26686,chr9,134130790,134131446,656
granulosa_26687,chr9,134134720,134137178,2458
granulosa_26688,chr9,134162991,134165568,2577
granulosa_26689,chr9,134214771,134216904,2133
granulosa_26690,chr9,134325026,134327405,2379
granulosa_26691,chr9,134333031,134334444,1413
granulosa_26692,chr9,134350399,134352081,1682
granulosa_26693,chr9,134358529,134360405,1876
granulosa_26694,chr9,134365680,134367143,1463
granulosa_26695,chr9,134367689,134368481,792
granulosa_26696,chr9,134375095,134376765,1670
granulosa_26697,chr9,134407060,134407683,623
granulosa_26698,chr9,134411426,134412638,1212
granulosa_26699,chr9,134413599,134414524,925
granulosa_26700,chr9,134418735,134419574,839
granulosa_26701,chr9,134421778,134423083,1305
granulosa_26702,chr9,134434545,134435858,1313
granulosa_26703,chr9,134437398,134438718,1320
granulosa_26704,chr9,134442037,134444085,2048
granulosa_26705,chr9,134449174,134450195,1021
granulosa_26706,chr9,134455548,134457074,1526
granulosa_26707,chr9,134640889,134643655,2766
granulosa_26708,chr9,134644510,134645655,1145
granulosa_26709,chr9,134895468,134898023,2555
granulosa_26710,chr9,134946970,134947936,966
granulosa_26711,chr9,135075017,135075878,861
granulosa_26712,chr9,135085835,135086579,744
granulosa_26713,chr9,135086760,135088297,1537
granulosa_26714,chr9,135144162,135145105,943
granulosa_26715,chr9,135281382,135282557,1175
granulosa_26716,chr9,135412336,135412930,594
granulosa_26717,chr9,135440563,135442879,2316
granulosa_26718,chr9,135463071,135464679,1608
granulosa_26719,chr9,135478748,135481286,2538
granulosa_26720,chr9,135499073,135501380,2307
granulosa_26721,chr9,135603596,135605597,2001
granulosa_26722,chr9,135701136,135702337,1201
granulosa_26723,chr9,135705268,135705781,513
granulosa_26724,chr9,135712404,135713384,980
granulosa_26725,chr9,135713957,135715019,1062
granulosa_26726,chr9,135905492,135908518,3026
granulosa_26727,chr9,135959815,135961645,1830
granulosa_26728,chr9,135967251,135968068,817
granulosa_26729,chr9,135971672,135972353,681
granulosa_26730,chr9,135992370,135993430,1060
granulosa_26731,chr9,136010744,136012958,2214
granulosa_26732,chr9,136050235,136052795,2560
granulosa_26733,chr9,136093821,136095991,2170
granulosa_26734,chr9,136109128,136111241,2113
granulosa_26735,chr9,136117459,136119892,2433
granulosa_26736,chr9,136132588,136133981,1393
granulosa_26737,chr9,136244215,136246205,1990
granulosa_26738,chr9,136249812,136250745,933
granulosa_26739,chr9,136263570,136264467,897
granulosa_26740,chr9,136266963,136267904,941
granulosa_26741,chr9,136283239,136284161,922
granulosa_26742,chr9,136325833,136329634,3801
granulosa_26743,chr9,136342024,136343412,1388
granulosa_26744,chr9,136352394,136353159,765
granulosa_26745,chr9,136353482,136354960,1478
granulosa_26746,chr9,136362893,136364486,1593
granulosa_26747,chr9,136398895,136400715,1820
granulosa_26748,chr9,136409444,136411378,1934
granulosa_26749,chr9,136438148,136440069,1921
granulosa_26750,chr9,136482130,136484588,2458
granulosa_26751,chr9,136544444,136547644,3200
granulosa_26752,chr9,136586824,136589410,2586
granulosa_26753,chr9,136624868,136625655,787
granulosa_26754,chr9,136644114,136645322,1208
granulosa_26755,chr9,136665180,136666571,1391
granulosa_26756,chr9,136686000,136688106,2106
granulosa_26757,chr9,136711068,136713894,2826
granulosa_26758,chr9,136727273,136729084,1811
granulosa_26759,chr9,136740765,136743381,2616
granulosa_26760,chr9,136762868,136763501,633
granulosa_26761,chr9,136766447,136767178,731
granulosa_26762,chr9,136787630,136787955,325
granulosa_26763,chr9,136788591,136789448,857
granulosa_26764,chr9,136790440,136792024,1584
granulosa_26765,chr9,136795932,136797456,1524
granulosa_26766,chr9,136798883,136801428,2545
granulosa_26767,chr9,136807064,136809412,2348
granulosa_26768,chr9,136820846,136822493,1647
granulosa_26769,chr9,136840266,136841631,1365
granulosa_26770,chr9,136842255,136842767,512
granulosa_26771,chr9,136847015,136849857,2842
granulosa_26772,chr9,136865366,136866833,1467
granulosa_26773,chr9,136885787,136887605,1818
granulosa_26774,chr9,136898644,136899623,979
granulosa_26775,chr9,136943529,136944997,1468
granulosa_26776,chr9,136949366,136950861,1495
granulosa_26777,chr9,136977107,136979041,1934
granulosa_26778,chr9,136991729,136992914,1185
granulosa_26779,chr9,136995717,136997320,1603
granulosa_26780,chr9,137005985,137008059,2074
granulosa_26781,chr9,137027462,137029648,2186
granulosa_26782,chr9,137034266,137035771,1505
granulosa_26783,chr9,137045262,137046842,1580
granulosa_26784,chr9,137053477,137054655,1178
granulosa_26785,chr9,137069625,137071298,1673
granulosa_26786,chr9,137076782,137079456,2674
granulosa_26787,chr9,137085652,137087749,2097
granulosa_26788,chr9,137114172,137115265,1093
granulosa_26789,chr9,137128956,137130499,1543
granulosa_26790,chr9,137138653,137139658,1005
granulosa_26791,chr9,137161240,137163585,2345
granulosa_26792,chr9,137167380,137170067,2687
granulosa_26793,chr9,137187904,137189465,1561
granulosa_26794,chr9,137197795,137198672,877
granulosa_26795,chr9,137199344,137201246,1902
granulosa_26796,chr9,137204978,137206037,1059
granulosa_26797,chr9,137221639,137223992,2353
granulosa_26798,chr9,137226793,137228940,2147
granulosa_26799,chr9,137236250,137236913,663
granulosa_26800,chr9,137240222,137242320,2098
granulosa_26801,chr9,137243753,137245309,1556
granulosa_26802,chr9,137254167,137256017,1850
granulosa_26803,chr9,137276534,137278812,2278
granulosa_26804,chr9,137294634,137297045,2411
granulosa_26805,chr9,137300588,137302815,2227
granulosa_26806,chr9,137304819,137306714,1895
granulosa_26807,chr9,137315660,137316957,1297
granulosa_26808,chr9,137369551,137371322,1771
granulosa_26809,chr9,137406458,137408222,1764
granulosa_26810,chr9,137422124,137424262,2138
granulosa_26811,chr9,137441195,137442097,902
granulosa_26812,chr9,137453345,137455289,1944
granulosa_26813,chr9,137457967,137459743,1776
granulosa_26814,chr9,137549841,137550643,802
granulosa_26815,chr9,137551047,137552577,1530
granulosa_26816,chr9,137577906,137579546,1640
granulosa_26817,chr9,137589333,137591369,2036
granulosa_26818,chr9,137604524,137607473,2949
granulosa_26819,chr9,137617865,137619985,2120
granulosa_26820,chr9,137664616,137667597,2981
granulosa_26821,chr9,137672745,137674889,2144
granulosa_26822,chr9,137878058,137879120,1062
granulosa_26823,chrX,274843,277044,2201
granulosa_26824,chrX,281045,281781,736
granulosa_26825,chrX,282987,283883,896
granulosa_26826,chrX,317530,319748,2218
granulosa_26827,chrX,320082,321052,970
granulosa_26828,chrX,372932,374967,2035
granulosa_26829,chrX,386143,387769,1626
granulosa_26830,chrX,989570,990704,1134
granulosa_26831,chrX,1205079,1206592,1513
granulosa_26832,chrX,1391166,1393168,2002
granulosa_26833,chrX,1451962,1453753,1791
granulosa_26834,chrX,1453957,1454468,511
granulosa_26835,chrX,1591186,1593503,2317
granulosa_26836,chrX,2187941,2189023,1082
granulosa_26837,chrX,2324550,2326194,1644
granulosa_26838,chrX,2397167,2398286,1119
granulosa_26839,chrX,2500025,2501724,1699
granulosa_26840,chrX,2562141,2563170,1029
granulosa_26841,chrX,2582393,2585138,2745
granulosa_26842,chrX,2608126,2610280,2154
granulosa_26843,chrX,2690164,2692724,2560
granulosa_26844,chrX,2828384,2830330,1946
granulosa_26845,chrX,2927465,2929605,2140
granulosa_26846,chrX,3231608,3233636,2028
granulosa_26847,chrX,3344999,3347332,2333
granulosa_26848,chrX,3424563,3425638,1075
granulosa_26849,chrX,3711985,3714478,2493
granulosa_26850,chrX,3814304,3816687,2383
granulosa_26851,chrX,6225315,6227834,2519
granulosa_26852,chrX,7147022,7148820,1798
granulosa_26853,chrX,7926691,7927928,1237
granulosa_26854,chrX,8586815,8587734,919
granulosa_26855,chrX,8729949,8732922,2973
granulosa_26856,chrX,9340995,9343304,2309
granulosa_26857,chrX,9462690,9463912,1222
granulosa_26858,chrX,9464523,9466446,1923
granulosa_26859,chrX,9646505,9648000,1495
granulosa_26860,chrX,9785302,9787629,2327
granulosa_26861,chrX,9824508,9826102,1594
granulosa_26862,chrX,9842269,9843174,905
granulosa_26863,chrX,10014237,10016720,2483
granulosa_26864,chrX,10082749,10083703,954
granulosa_26865,chrX,10158091,10159500,1409
granulosa_26866,chrX,10172679,10173984,1305
granulosa_26867,chrX,10618711,10620856,2145
granulosa_26868,chrX,11110676,11112154,1478
granulosa_26869,chrX,11664004,11666590,2586
granulosa_26870,chrX,11757303,11760191,2888
granulosa_26871,chrX,12137395,12139311,1916
granulosa_26872,chrX,12790867,12792413,1546
granulosa_26873,chrX,12974336,12976518,2182
granulosa_26874,chrX,13652220,13653802,1582
granulosa_26875,chrX,13688370,13690283,1913
granulosa_26876,chrX,13733586,13735417,1831
granulosa_26877,chrX,13937322,13939250,1928
granulosa_26878,chrX,14029060,14030443,1383
granulosa_26879,chrX,14872454,14874020,1566
granulosa_26880,chrX,15334580,15336375,1795
granulosa_26881,chrX,15492781,15493975,1194
granulosa_26882,chrX,15674286,15676416,2130
granulosa_26883,chrX,15737544,15739342,1798
granulosa_26884,chrX,15789626,15791281,1655
granulosa_26885,chrX,15853771,15855676,1905
granulosa_26886,chrX,16122920,16123735,815
granulosa_26887,chrX,16591759,16593071,1312
granulosa_26888,chrX,16711282,16713144,1862
granulosa_26889,chrX,16718988,16720462,1474
granulosa_26890,chrX,16785465,16787408,1943
granulosa_26891,chrX,16831895,16833397,1502
granulosa_26892,chrX,16869206,16871524,2318
granulosa_26893,chrX,16881814,16883838,2024
granulosa_26894,chrX,16929511,16931050,1539
granulosa_26895,chrX,16946097,16947599,1502
granulosa_26896,chrX,17368900,17369943,1043
granulosa_26897,chrX,17374500,17377712,3212
granulosa_26898,chrX,17655044,17656839,1795
granulosa_26899,chrX,17736468,17738709,2241
granulosa_26900,chrX,17859032,17861896,2864
granulosa_26901,chrX,18353656,18355512,1856
granulosa_26902,chrX,18424562,18426436,1874
granulosa_26903,chrX,18674199,18675842,1643
granulosa_26904,chrX,18885569,18887487,1918
granulosa_26905,chrX,18983414,18985334,1920
granulosa_26906,chrX,19121345,19123069,1724
granulosa_26907,chrX,19343168,19345053,1885
granulosa_26908,chrX,19372132,19373740,1608
granulosa_26909,chrX,19886565,19888788,2223
granulosa_26910,chrX,19989997,19991477,1480
granulosa_26911,chrX,20140885,20142569,1684
granulosa_26912,chrX,20265109,20268625,3516
granulosa_26913,chrX,21373567,21375956,2389
granulosa_26914,chrX,21838978,21840553,1575
granulosa_26915,chrX,21939892,21942233,2341
granulosa_26916,chrX,23227769,23230285,2516
granulosa_26917,chrX,23332727,23335479,2752
granulosa_26918,chrX,23666661,23668832,2171
granulosa_26919,chrX,23742102,23744053,1951
granulosa_26920,chrX,23782570,23784026,1456
granulosa_26921,chrX,23887216,23888386,1170
granulosa_26922,chrX,23901627,23902786,1159
granulosa_26923,chrX,23907112,23908279,1167
granulosa_26924,chrX,24024699,24026271,1572
granulosa_26925,chrX,24053505,24055418,1913
granulosa_26926,chrX,24148587,24150769,2182
granulosa_26927,chrX,24190071,24191048,977
granulosa_26928,chrX,24464393,24465851,1458
granulosa_26929,chrX,24645711,24647948,2237
granulosa_26930,chrX,24693187,24694470,1283
granulosa_26931,chrX,24759668,24761221,1553
granulosa_26932,chrX,24841971,24843475,1504
granulosa_26933,chrX,25001871,25003718,1847
granulosa_26934,chrX,25004073,25005959,1886
granulosa_26935,chrX,25011775,25013827,2052
granulosa_26936,chrX,25015452,25016375,923
granulosa_26937,chrX,25020273,25021409,1136
granulosa_26938,chrX,25382600,25383830,1230
granulosa_26939,chrX,28585676,28587572,1896
granulosa_26940,chrX,30307910,30309693,1783
granulosa_26941,chrX,30652396,30654139,1743
granulosa_26942,chrX,30888297,30890035,1738
granulosa_26943,chrX,31265730,31267155,1425
granulosa_26944,chrX,31287090,31288306,1216
granulosa_26945,chrX,33036802,33037776,974
granulosa_26946,chrX,33183157,33184179,1022
granulosa_26947,chrX,33211133,33212201,1068
granulosa_26948,chrX,33725307,33727571,2264
granulosa_26949,chrX,34655720,34658027,2307
granulosa_26950,chrX,35919244,35920272,1028
granulosa_26951,chrX,36957170,36958528,1358
granulosa_26952,chrX,37348692,37350407,1715
granulosa_26953,chrX,37846648,37847949,1301
granulosa_26954,chrX,38219673,38221369,1696
granulosa_26955,chrX,38326572,38327978,1406
granulosa_26956,chrX,38560841,38563333,2492
granulosa_26957,chrX,38800741,38801779,1038
granulosa_26958,chrX,38803378,38805253,1875
granulosa_26959,chrX,39064899,39066121,1222
granulosa_26960,chrX,39418179,39420131,1952
granulosa_26961,chrX,39613120,39614817,1697
granulosa_26962,chrX,39688161,39690008,1847
granulosa_26963,chrX,39729823,39732000,2177
granulosa_26964,chrX,39820032,39822378,2346
granulosa_26965,chrX,40005054,40006522,1468
granulosa_26966,chrX,40011922,40015303,3381
granulosa_26967,chrX,40082858,40083909,1051
granulosa_26968,chrX,40089904,40090697,793
granulosa_26969,chrX,40094069,40094827,758
granulosa_26970,chrX,40097170,40098771,1601
granulosa_26971,chrX,40104610,40105843,1233
granulosa_26972,chrX,40105967,40106872,905
granulosa_26973,chrX,40108278,40110044,1766
granulosa_26974,chrX,40145031,40147009,1978
granulosa_26975,chrX,40153459,40156024,2565
granulosa_26976,chrX,40169202,40170149,947
granulosa_26977,chrX,40171699,40172970,1271
granulosa_26978,chrX,40174914,40177336,2422
granulosa_26979,chrX,40266605,40267969,1364
granulosa_26980,chrX,40271938,40273933,1995
granulosa_26981,chrX,40580049,40581613,1564
granulosa_26982,chrX,40646404,40648125,1721
granulosa_26983,chrX,40734816,40736703,1887
granulosa_26984,chrX,41009875,41010943,1068
granulosa_26985,chrX,41084124,41086732,2608
granulosa_26986,chrX,41252845,41254136,1291
granulosa_26987,chrX,41275530,41277256,1726
granulosa_26988,chrX,41332647,41335563,2916
granulosa_26989,chrX,41350005,41351634,1629
granulosa_26990,chrX,41441927,41442888,961
granulosa_26991,chrX,41921990,41924626,2636
granulosa_26992,chrX,43654144,43656371,2227
granulosa_26993,chrX,43971906,43973999,2093
granulosa_26994,chrX,44541758,44543338,1580
granulosa_26995,chrX,44674955,44676003,1048
granulosa_26996,chrX,44872030,44875040,3010
granulosa_26997,chrX,44950345,44951265,920
granulosa_26998,chrX,45290321,45291489,1168
granulosa_26999,chrX,45850242,45851970,1728
granulosa_27000,chrX,46446314,46448038,1724
granulosa_27001,chrX,46544792,46546428,1636
granulosa_27002,chrX,46573238,46575454,2216
granulosa_27003,chrX,46758033,46759695,1662
granulosa_27004,chrX,46836388,46838351,1963
granulosa_27005,chrX,46903319,46904943,1624
granulosa_27006,chrX,46911762,46914035,2273
granulosa_27007,chrX,47128833,47130209,1376
granulosa_27008,chrX,47144070,47145852,1782
granulosa_27009,chrX,47190434,47191073,639
granulosa_27010,chrX,47193178,47194518,1340
granulosa_27011,chrX,47217092,47219339,2247
granulosa_27012,chrX,47232298,47233952,1654
granulosa_27013,chrX,47361480,47362503,1023
granulosa_27014,chrX,47365832,47366604,772
granulosa_27015,chrX,47481991,47484180,2189
granulosa_27016,chrX,47523146,47524174,1028
granulosa_27017,chrX,47540327,47541586,1259
granulosa_27018,chrX,47555815,47556673,858
granulosa_27019,chrX,47560619,47562061,1442
granulosa_27020,chrX,47573100,47574895,1795
granulosa_27021,chrX,47581880,47582672,792
granulosa_27022,chrX,47619342,47620443,1101
granulosa_27023,chrX,47623493,47624536,1043
granulosa_27024,chrX,47650030,47651377,1347
granulosa_27025,chrX,47658361,47659542,1181
granulosa_27026,chrX,47706676,47707973,1297
granulosa_27027,chrX,47712362,47713175,813
granulosa_27028,chrX,47835888,47837083,1195
granulosa_27029,chrX,47935608,47937080,1472
granulosa_27030,chrX,48003327,48004371,1044
granulosa_27031,chrX,48020620,48021939,1319
granulosa_27032,chrX,48070712,48072155,1443
granulosa_27033,chrX,48475419,48476648,1229
granulosa_27034,chrX,48508093,48509909,1816
granulosa_27035,chrX,48520987,48522628,1641
granulosa_27036,chrX,48538854,48540332,1478
granulosa_27037,chrX,48573592,48575072,1480
granulosa_27038,chrX,48597046,48598553,1507
granulosa_27039,chrX,48675771,48677393,1622
granulosa_27040,chrX,48694998,48697608,2610
granulosa_27041,chrX,48736481,48738009,1528
granulosa_27042,chrX,48800820,48802894,2074
granulosa_27043,chrX,48890486,48892088,1602
granulosa_27044,chrX,48896768,48898658,1890
granulosa_27045,chrX,48910763,48912476,1713
granulosa_27046,chrX,48917042,48917888,846
granulosa_27047,chrX,48918283,48919636,1353
granulosa_27048,chrX,48956857,48959037,2180
granulosa_27049,chrX,49001473,49002843,1370
granulosa_27050,chrX,49042209,49044129,1920
granulosa_27051,chrX,49053072,49054211,1139
granulosa_27052,chrX,49071793,49074380,2587
granulosa_27053,chrX,49079365,49080604,1239
granulosa_27054,chrX,49100530,49102019,1489
granulosa_27055,chrX,49122933,49124510,1577
granulosa_27056,chrX,49155012,49156702,1690
granulosa_27057,chrX,49163477,49164436,959
granulosa_27058,chrX,49166003,49167585,1582
granulosa_27059,chrX,49171454,49172892,1438
granulosa_27060,chrX,49183970,49185185,1215
granulosa_27061,chrX,49190567,49191934,1367
granulosa_27062,chrX,49199501,49200645,1144
granulosa_27063,chrX,49235175,49235979,804
granulosa_27064,chrX,49268647,49270720,2073
granulosa_27065,chrX,49878114,49880136,2022
granulosa_27066,chrX,49900092,49902276,2184
granulosa_27067,chrX,49920787,49921770,983
granulosa_27068,chrX,49922085,49923413,1328
granulosa_27069,chrX,50066178,50068365,2187
granulosa_27070,chrX,50203546,50204998,1452
granulosa_27071,chrX,50470124,50471140,1016
granulosa_27072,chrX,50812871,50814743,1872
granulosa_27073,chrX,51331992,51333607,1615
granulosa_27074,chrX,51395508,51396797,1289
granulosa_27075,chrX,51495323,51497306,1983
granulosa_27076,chrX,51742946,51744537,1591
granulosa_27077,chrX,51802683,51803993,1310
granulosa_27078,chrX,51892834,51895231,2397
granulosa_27079,chrX,52261104,52262535,1431
granulosa_27080,chrX,52920149,52921929,1780
granulosa_27081,chrX,52934065,52935706,1641
granulosa_27082,chrX,52994751,52996151,1400
granulosa_27083,chrX,53047906,53049519,1613
granulosa_27084,chrX,53081555,53083238,1683
granulosa_27085,chrX,53087813,53089500,1687
granulosa_27086,chrX,53093117,53094657,1540
granulosa_27087,chrX,53223845,53225826,1981
granulosa_27088,chrX,53280476,53282715,2239
granulosa_27089,chrX,53287315,53288613,1298
granulosa_27090,chrX,53320047,53322011,1964
granulosa_27091,chrX,53421679,53423453,1774
granulosa_27092,chrX,53433527,53434704,1177
granulosa_27093,chrX,53440353,53442355,2002
granulosa_27094,chrX,53682622,53684631,2009
granulosa_27095,chrX,53686055,53686921,866
granulosa_27096,chrX,54042483,54043380,897
granulosa_27097,chrX,54043563,54045664,2101
granulosa_27098,chrX,54182150,54183796,1646
granulosa_27099,chrX,54356999,54359231,2232
granulosa_27100,chrX,54439675,54440913,1238
granulosa_27101,chrX,54494728,54496579,1851
granulosa_27102,chrX,54529287,54531087,1800
granulosa_27103,chrX,54639047,54640244,1197
granulosa_27104,chrX,54807486,54809437,1951
granulosa_27105,chrX,54920426,54922300,1874
granulosa_27106,chrX,54999294,55000670,1376
granulosa_27107,chrX,55160123,55161904,1781
granulosa_27108,chrX,55451120,55453119,1999
granulosa_27109,chrX,55488113,55490302,2189
granulosa_27110,chrX,55717124,55718702,1578
granulosa_27111,chrX,55907690,55909297,1607
granulosa_27112,chrX,56231624,56234076,2452
granulosa_27113,chrX,56562906,56565448,2542
granulosa_27114,chrX,56728334,56729612,1278
granulosa_27115,chrX,56763512,56765010,1498
granulosa_27116,chrX,56787963,56789355,1392
granulosa_27117,chrX,56798042,56799234,1192
granulosa_27118,chrX,56802611,56804123,1512
granulosa_27119,chrX,56994622,56996034,1412
granulosa_27120,chrX,57120707,57121994,1287
granulosa_27121,chrX,57285928,57287383,1455
granulosa_27122,chrX,57591266,57593190,1924
granulosa_27123,chrX,57909127,57911016,1889
granulosa_27124,chrX,63350163,63351714,1551
granulosa_27125,chrX,63560375,63562079,1704
granulosa_27126,chrX,63754027,63755573,1546
granulosa_27127,chrX,63784164,63785903,1739
granulosa_27128,chrX,64204167,64206532,2365
granulosa_27129,chrX,64394412,64395651,1239
granulosa_27130,chrX,64975222,64976905,1683
granulosa_27131,chrX,65034037,65035811,1774
granulosa_27132,chrX,65533794,65535308,1514
granulosa_27133,chrX,65587263,65589445,2182
granulosa_27134,chrX,65667197,65669276,2079
granulosa_27135,chrX,67543411,67544677,1266
granulosa_27136,chrX,68432570,68434262,1692
granulosa_27137,chrX,68498040,68499413,1373
granulosa_27138,chrX,68693217,68694397,1180
granulosa_27139,chrX,68827812,68830661,2849
granulosa_27140,chrX,69106954,69107997,1043
granulosa_27141,chrX,69133549,69134292,743
granulosa_27142,chrX,69163950,69165875,1925
granulosa_27143,chrX,69179064,69180116,1052
granulosa_27144,chrX,69196533,69197698,1165
granulosa_27145,chrX,69285128,69286481,1353
granulosa_27146,chrX,69503472,69506120,2648
granulosa_27147,chrX,69614927,69617332,2405
granulosa_27148,chrX,70132842,70134470,1628
granulosa_27149,chrX,70289254,70290684,1430
granulosa_27150,chrX,70422719,70425166,2447
granulosa_27151,chrX,70433426,70435557,2131
granulosa_27152,chrX,70451902,70452829,927
granulosa_27153,chrX,70454340,70456076,1736
granulosa_27154,chrX,70929766,70931580,1814
granulosa_27155,chrX,71067099,71068977,1878
granulosa_27156,chrX,71095232,71096956,1724
granulosa_27157,chrX,71117989,71119536,1547
granulosa_27158,chrX,71144636,71146675,2039
granulosa_27159,chrX,71181431,71182966,1535
granulosa_27160,chrX,71224263,71225428,1165
granulosa_27161,chrX,71253160,71255956,2796
granulosa_27162,chrX,71282622,71284219,1597
granulosa_27163,chrX,71365503,71367655,2152
granulosa_27164,chrX,71532097,71534629,2532
granulosa_27165,chrX,71909998,71912317,2319
granulosa_27166,chrX,72018145,72019133,988
granulosa_27167,chrX,72130970,72132407,1437
granulosa_27168,chrX,72180764,72182101,1337
granulosa_27169,chrX,72238475,72239507,1032
granulosa_27170,chrX,72276119,72277543,1424
granulosa_27171,chrX,72304767,72307384,2617
granulosa_27172,chrX,72571997,72573449,1452
granulosa_27173,chrX,72713523,72715075,1552
granulosa_27174,chrX,73213751,73215295,1544
granulosa_27175,chrX,73562368,73564213,1845
granulosa_27176,chrX,73850448,73851896,1448
granulosa_27177,chrX,73943379,73945074,1695
granulosa_27178,chrX,74291715,74293829,2114
granulosa_27179,chrX,74419803,74421739,1936
granulosa_27180,chrX,74422094,74423268,1174
granulosa_27181,chrX,74535150,74537660,2510
granulosa_27182,chrX,74612938,74615036,2098
granulosa_27183,chrX,74923928,74925916,1988
granulosa_27184,chrX,75155373,75157074,1701
granulosa_27185,chrX,75273398,75275083,1685
granulosa_27186,chrX,75522123,75523964,1841
granulosa_27187,chrX,76172390,76174310,1920
granulosa_27188,chrX,76427330,76429181,1851
granulosa_27189,chrX,77784497,77786471,1974
granulosa_27190,chrX,77894396,77895858,1462
granulosa_27191,chrX,77898854,77900426,1572
granulosa_27192,chrX,77910080,77911232,1152
granulosa_27193,chrX,78103384,78105307,1923
granulosa_27194,chrX,78138887,78140671,1784
granulosa_27195,chrX,80511843,80513960,2117
granulosa_27196,chrX,80807799,80810573,2774
granulosa_27197,chrX,81120211,81122555,2344
granulosa_27198,chrX,81201011,81203098,2087
granulosa_27199,chrX,84186842,84188726,1884
granulosa_27200,chrX,84501531,84502767,1236
granulosa_27201,chrX,85003013,85004793,1780
granulosa_27202,chrX,85243242,85245453,2211
granulosa_27203,chrX,86046435,86048524,2089
granulosa_27204,chrX,86147355,86149370,2015
granulosa_27205,chrX,87516803,87518910,2107
granulosa_27206,chrX,87805789,87806711,922
granulosa_27207,chrX,91434375,91435800,1425
granulosa_27208,chrX,93672667,93674433,1766
granulosa_27209,chrX,96684091,96686060,1969
granulosa_27210,chrX,97050310,97051846,1536
granulosa_27211,chrX,100409576,100410555,979
granulosa_27212,chrX,100635479,100637298,1819
granulosa_27213,chrX,100819345,100820871,1526
granulosa_27214,chrX,100928362,100929673,1311
granulosa_27215,chrX,101051064,101052334,1270
granulosa_27216,chrX,101078536,101080441,1905
granulosa_27217,chrX,101097308,101098662,1354
granulosa_27218,chrX,101347585,101349205,1620
granulosa_27219,chrX,101390285,101391930,1645
granulosa_27220,chrX,101407073,101408760,1687
granulosa_27221,chrX,101417173,101418857,1684
granulosa_27222,chrX,101484779,101486213,1434
granulosa_27223,chrX,101549738,101552351,2613
granulosa_27224,chrX,101616904,101618188,1284
granulosa_27225,chrX,101622723,101624391,1668
granulosa_27226,chrX,101657931,101660108,2177
granulosa_27227,chrX,101930833,101932558,1725
granulosa_27228,chrX,102125123,102126789,1666
granulosa_27229,chrX,102154260,102156257,1997
granulosa_27230,chrX,102515704,102517578,1874
granulosa_27231,chrX,102598764,102600597,1833
granulosa_27232,chrX,102650666,102652820,2154
granulosa_27233,chrX,102659505,102660582,1077
granulosa_27234,chrX,102711740,102713741,2001
granulosa_27235,chrX,102745097,102746803,1706
granulosa_27236,chrX,102768471,102769565,1094
granulosa_27237,chrX,103062851,103064580,1729
granulosa_27238,chrX,103100974,103102566,1592
granulosa_27239,chrX,103214547,103216042,1495
granulosa_27240,chrX,103253654,103255544,1890
granulosa_27241,chrX,103275622,103277168,1546
granulosa_27242,chrX,103309930,103311317,1387
granulosa_27243,chrX,103329716,103331527,1811
granulosa_27244,chrX,103355987,103357646,1659
granulosa_27245,chrX,103375952,103377714,1762
granulosa_27246,chrX,103404160,103405289,1129
granulosa_27247,chrX,103553985,103555413,1428
granulosa_27248,chrX,103585154,103586596,1442
granulosa_27249,chrX,103607317,103608901,1584
granulosa_27250,chrX,103628529,103630299,1770
granulosa_27251,chrX,103686349,103688272,1923
granulosa_27252,chrX,103831334,103832579,1245
granulosa_27253,chrX,103917987,103919673,1686
granulosa_27254,chrX,104111929,104113900,1971
granulosa_27255,chrX,104156029,104157410,1381
granulosa_27256,chrX,104165711,104167770,2059
granulosa_27257,chrX,104564976,104567699,2723
granulosa_27258,chrX,105821033,105823301,2268
granulosa_27259,chrX,106611319,106613067,1748
granulosa_27260,chrX,106725860,106727634,1774
granulosa_27261,chrX,106801903,106803536,1633
granulosa_27262,chrX,106998374,107000615,2241
granulosa_27263,chrX,107117702,107119236,1534
granulosa_27264,chrX,107205497,107206777,1280
granulosa_27265,chrX,107627692,107629798,2106
granulosa_27266,chrX,107669238,107670649,1411
granulosa_27267,chrX,107715296,107717237,1941
granulosa_27268,chrX,107731529,107732676,1147
granulosa_27269,chrX,107740962,107743007,2045
granulosa_27270,chrX,107774863,107776727,1864
granulosa_27271,chrX,107776963,107777669,706
granulosa_27272,chrX,107825415,107827697,2282
granulosa_27273,chrX,108090520,108092283,1763
granulosa_27274,chrX,108437441,108438627,1186
granulosa_27275,chrX,108439358,108440713,1355
granulosa_27276,chrX,108735121,108737434,2313
granulosa_27277,chrX,109474847,109475781,934
granulosa_27278,chrX,109536294,109538060,1766
granulosa_27279,chrX,109732037,109733877,1840
granulosa_27280,chrX,110001765,110003783,2018
granulosa_27281,chrX,110160325,110161382,1057
granulosa_27282,chrX,110316758,110318784,2026
granulosa_27283,chrX,110412736,110413653,917
granulosa_27284,chrX,110794671,110796541,1870
granulosa_27285,chrX,110943985,110945508,1523
granulosa_27286,chrX,111095548,111096930,1382
granulosa_27287,chrX,111680627,111682167,1540
granulosa_27288,chrX,112081668,112083574,1906
granulosa_27289,chrX,112839927,112841833,1906
granulosa_27290,chrX,112851046,112852861,1815
granulosa_27291,chrX,114583835,114585601,1766
granulosa_27292,chrX,115233082,115234780,1698
granulosa_27293,chrX,115560295,115562825,2530
granulosa_27294,chrX,115892506,115893542,1036
granulosa_27295,chrX,115940416,115941403,987
granulosa_27296,chrX,115949650,115950605,955
granulosa_27297,chrX,115968224,115969828,1604
granulosa_27298,chrX,118115548,118117584,2036
granulosa_27299,chrX,118345108,118347683,2575
granulosa_27300,chrX,118495022,118496994,1972
granulosa_27301,chrX,118726767,118728330,1563
granulosa_27302,chrX,118823322,118825014,1692
granulosa_27303,chrX,118973532,118977098,3566
granulosa_27304,chrX,119040124,119041649,1525
granulosa_27305,chrX,119150550,119151350,800
granulosa_27306,chrX,119234916,119237822,2906
granulosa_27307,chrX,119398657,119400215,1558
granulosa_27308,chrX,119467935,119469568,1633
granulosa_27309,chrX,119564584,119565634,1050
granulosa_27310,chrX,119573379,119575425,2046
granulosa_27311,chrX,119604796,119607195,2399
granulosa_27312,chrX,119653855,119655501,1646
granulosa_27313,chrX,119692111,119694427,2316
granulosa_27314,chrX,119757745,119759594,1849
granulosa_27315,chrX,119790710,119792654,1944
granulosa_27316,chrX,119852080,119853729,1649
granulosa_27317,chrX,119870372,119872387,2015
granulosa_27318,chrX,119942418,119944368,1950
granulosa_27319,chrX,119989952,119991907,1955
granulosa_27320,chrX,119999319,120002167,2848
granulosa_27321,chrX,120014463,120016507,2044
granulosa_27322,chrX,120243964,120245478,1514
granulosa_27323,chrX,120250093,120251979,1886
granulosa_27324,chrX,120308548,120309900,1352
granulosa_27325,chrX,120467962,120469552,1590
granulosa_27326,chrX,120485215,120486507,1292
granulosa_27327,chrX,120559874,120562113,2239
granulosa_27328,chrX,120603187,120604857,1670
granulosa_27329,chrX,120629429,120630654,1225
granulosa_27330,chrX,123183031,123185958,2927
granulosa_27331,chrX,123731218,123733580,2362
granulosa_27332,chrX,123764582,123765608,1026
granulosa_27333,chrX,123859140,123861374,2234
granulosa_27334,chrX,123959273,123962162,2889
granulosa_27335,chrX,123962740,123963371,631
granulosa_27336,chrX,125202959,125206468,3509
granulosa_27337,chrX,126164875,126166706,1831
granulosa_27338,chrX,127029535,127030889,1354
granulosa_27339,chrX,129522037,129524029,1992
granulosa_27340,chrX,129539870,129541122,1252
granulosa_27341,chrX,129653251,129655454,2203
granulosa_27342,chrX,129677534,129679176,1642
granulosa_27343,chrX,129842534,129844367,1833
granulosa_27344,chrX,129905492,129906645,1153
granulosa_27345,chrX,129930962,129933095,2133
granulosa_27346,chrX,129981891,129983137,1246
granulosa_27347,chrX,129983515,129984761,1246
granulosa_27348,chrX,130059768,130061137,1369
granulosa_27349,chrX,130108946,130112032,3086
granulosa_27350,chrX,130120275,130121297,1022
granulosa_27351,chrX,130164934,130166585,1651
granulosa_27352,chrX,130170633,130172698,2065
granulosa_27353,chrX,130267434,130269118,1684
granulosa_27354,chrX,130339221,130340761,1540
granulosa_27355,chrX,130401199,130402686,1487
granulosa_27356,chrX,130901998,130903615,1617
granulosa_27357,chrX,131703137,131705299,2162
granulosa_27358,chrX,131727808,131729874,2066
granulosa_27359,chrX,131734318,131735394,1076
granulosa_27360,chrX,131740825,131742376,1551
granulosa_27361,chrX,131746052,131747685,1633
granulosa_27362,chrX,131752219,131753752,1533
granulosa_27363,chrX,131762275,131764435,2160
granulosa_27364,chrX,131777936,131779503,1567
granulosa_27365,chrX,131791761,131793675,1914
granulosa_27366,chrX,131802432,131803537,1105
granulosa_27367,chrX,131812783,131813541,758
granulosa_27368,chrX,131816408,131817389,981
granulosa_27369,chrX,131821705,131822907,1202
granulosa_27370,chrX,131830236,131831407,1171
granulosa_27371,chrX,132022147,132024319,2172
granulosa_27372,chrX,132216823,132218737,1914
granulosa_27373,chrX,132488339,132490364,2025
granulosa_27374,chrX,132614346,132615657,1311
granulosa_27375,chrX,132875013,132877255,2242
granulosa_27376,chrX,132955747,132958712,2965
granulosa_27377,chrX,133414297,133416093,1796
granulosa_27378,chrX,133983865,133986311,2446
granulosa_27379,chrX,134171590,134173317,1727
granulosa_27380,chrX,134372734,134374547,1813
granulosa_27381,chrX,134459456,134461159,1703
granulosa_27382,chrX,134542096,134543424,1328
granulosa_27383,chrX,134549109,134550358,1249
granulosa_27384,chrX,134731831,134733025,1194
granulosa_27385,chrX,134734016,134735444,1428
granulosa_27386,chrX,134795865,134797486,1621
granulosa_27387,chrX,134806655,134807970,1315
granulosa_27388,chrX,134914052,134915702,1650
granulosa_27389,chrX,135003693,135004691,998
granulosa_27390,chrX,135021402,135022882,1480
granulosa_27391,chrX,135031693,135033281,1588
granulosa_27392,chrX,135051046,135052600,1554
granulosa_27393,chrX,135096988,135099322,2334
granulosa_27394,chrX,135343322,135345568,2246
granulosa_27395,chrX,135421272,135423424,2152
granulosa_27396,chrX,135519894,135522491,2597
granulosa_27397,chrX,135973073,135974785,1712
granulosa_27398,chrX,135984632,135986411,1779
granulosa_27399,chrX,136146679,136148724,2045
granulosa_27400,chrX,136250370,136251797,1427
granulosa_27401,chrX,136496291,136498306,2015
granulosa_27402,chrX,136766601,136768033,1432
granulosa_27403,chrX,136879287,136881030,1743
granulosa_27404,chrX,136908534,136910579,2045
granulosa_27405,chrX,137051797,137053449,1652
granulosa_27406,chrX,137565286,137567455,2169
granulosa_27407,chrX,138709800,138712390,2590
granulosa_27408,chrX,139202768,139205707,2939
granulosa_27409,chrX,139931038,139933771,2733
granulosa_27410,chrX,140090647,140091932,1285
granulosa_27411,chrX,140503053,140505090,2037
granulosa_27412,chrX,140712441,140713589,1148
granulosa_27413,chrX,140764266,140765741,1475
granulosa_27414,chrX,141175859,141177493,1634
granulosa_27415,chrX,143632978,143636339,3361
granulosa_27416,chrX,145816603,145819013,2410
granulosa_27417,chrX,147911044,147913247,2203
granulosa_27418,chrX,148499654,148501744,2090
granulosa_27419,chrX,149504762,149505594,832
granulosa_27420,chrX,149539026,149541831,2805
granulosa_27421,chrX,149626225,149627236,1011
granulosa_27422,chrX,149630335,149632218,1883
granulosa_27423,chrX,149937809,149940821,3012
granulosa_27424,chrX,150361042,150362081,1039
granulosa_27425,chrX,150362659,150363468,809
granulosa_27426,chrX,150364957,150367255,2298
granulosa_27427,chrX,150508110,150509418,1308
granulosa_27428,chrX,150567965,150569391,1426
granulosa_27429,chrX,150692402,150694643,2241
granulosa_27430,chrX,150897359,150899816,2457
granulosa_27431,chrX,150982633,150984953,2320
granulosa_27432,chrX,151080737,151082834,2097
granulosa_27433,chrX,151359271,151360592,1321
granulosa_27434,chrX,151396101,151397958,1857
granulosa_27435,chrX,151694257,151696288,2031
granulosa_27436,chrX,151973731,151975261,1530
granulosa_27437,chrX,152829979,152831818,1839
granulosa_27438,chrX,152897398,152898389,991
granulosa_27439,chrX,152906724,152907612,888
granulosa_27440,chrX,152940884,152942303,1419
granulosa_27441,chrX,152958067,152959398,1331
granulosa_27442,chrX,153055910,153058195,2285
granulosa_27443,chrX,153225995,153227122,1127
granulosa_27444,chrX,153320525,153322141,1616
granulosa_27445,chrX,153333535,153335449,1914
granulosa_27446,chrX,153370655,153371768,1113
granulosa_27447,chrX,153381319,153382602,1283
granulosa_27448,chrX,153469665,153471202,1537
granulosa_27449,chrX,153494407,153495713,1306
granulosa_27450,chrX,153507185,153507909,724
granulosa_27451,chrX,153517254,153518666,1412
granulosa_27452,chrX,153520719,153521463,744
granulosa_27453,chrX,153537020,153539825,2805
granulosa_27454,chrX,153598306,153600162,1856
granulosa_27455,chrX,153609648,153611502,1854
granulosa_27456,chrX,153643159,153644930,1771
granulosa_27457,chrX,153646740,153648204,1464
granulosa_27458,chrX,153672499,153674077,1578
granulosa_27459,chrX,153686723,153688297,1574
granulosa_27460,chrX,153723104,153725341,2237
granulosa_27461,chrX,153726328,153727461,1133
granulosa_27462,chrX,153742516,153744871,2355
granulosa_27463,chrX,153793424,153795723,2299
granulosa_27464,chrX,153818466,153819777,1311
granulosa_27465,chrX,153828274,153831332,3058
granulosa_27466,chrX,153875068,153876075,1007
granulosa_27467,chrX,153925999,153928730,2731
granulosa_27468,chrX,153934054,153935739,1685
granulosa_27469,chrX,153970065,153973090,3025
granulosa_27470,chrX,154018707,154020511,1804
granulosa_27471,chrX,154045873,154046991,1118
granulosa_27472,chrX,154096551,154098186,1635
granulosa_27473,chrX,154136436,154137268,832
granulosa_27474,chrX,154368560,154369892,1332
granulosa_27475,chrX,154370159,154372069,1910
granulosa_27476,chrX,154377983,154379988,2005
granulosa_27477,chrX,154396897,154399017,2120
granulosa_27478,chrX,154411048,154412604,1556
granulosa_27479,chrX,154428156,154429328,1172
granulosa_27480,chrX,154436151,154438612,2461
granulosa_27481,chrX,154443425,154444854,1429
granulosa_27482,chrX,154457521,154460280,2759
granulosa_27483,chrX,154478135,154479640,1505
granulosa_27484,chrX,154485716,154487157,1441
granulosa_27485,chrX,154490008,154491230,1222
granulosa_27486,chrX,154515328,154517884,2556
granulosa_27487,chrX,154526832,154527860,1028
granulosa_27488,chrX,154534291,154535362,1071
granulosa_27489,chrX,154546264,154548429,2165
granulosa_27490,chrX,154761864,154763851,1987
granulosa_27491,chrX,154804634,154806116,1482
granulosa_27492,chrX,154986697,154988527,1830
granulosa_27493,chrX,155026448,155028034,1586
granulosa_27494,chrX,155056634,155057994,1360
granulosa_27495,chrX,155070025,155072206,2181
granulosa_27496,chrX,155215721,155217344,1623
granulosa_27497,chrX,155263741,155264704,963
granulosa_27498,chrX,155611833,155613208,1375
granulosa_27499,chrX,155766690,155768771,2081
granulosa_27500,chrX,155880185,155882020,1835
