ID,Chromosome,Start,End,Length
pre_xx_1,chr1,633869,634519,650
pre_xx_2,chr1,778146,779332,1186
pre_xx_3,chr1,826595,827807,1212
pre_xx_4,chr1,869452,870256,804
pre_xx_5,chr1,903756,905651,1895
pre_xx_6,chr1,909894,911513,1619
pre_xx_7,chr1,916176,917500,1324
pre_xx_8,chr1,920457,921385,928
pre_xx_9,chr1,923465,925996,2531
pre_xx_10,chr1,939767,941055,1288
pre_xx_11,chr1,941260,942736,1476
pre_xx_12,chr1,958473,959698,1225
pre_xx_13,chr1,959935,961447,1512
pre_xx_14,chr1,966167,967356,1189
pre_xx_15,chr1,975552,976758,1206
pre_xx_16,chr1,998250,1001266,3016
pre_xx_17,chr1,1001452,1002077,625
pre_xx_18,chr1,1004920,1005708,788
pre_xx_19,chr1,1012820,1014668,1848
pre_xx_20,chr1,1019135,1021475,2340
pre_xx_21,chr1,1024575,1025576,1001
pre_xx_22,chr1,1032441,1034716,2275
pre_xx_23,chr1,1039714,1041493,1779
pre_xx_24,chr1,1058690,1059965,1275
pre_xx_25,chr1,1063686,1064527,841
pre_xx_26,chr1,1067694,1070005,2311
pre_xx_27,chr1,1079356,1080683,1327
pre_xx_28,chr1,1115641,1117002,1361
pre_xx_29,chr1,1121743,1122641,898
pre_xx_30,chr1,1127993,1129726,1733
pre_xx_31,chr1,1135853,1138123,2270
pre_xx_32,chr1,1143857,1146501,2644
pre_xx_33,chr1,1156950,1158666,1716
pre_xx_34,chr1,1173468,1174308,840
pre_xx_35,chr1,1200587,1201799,1212
pre_xx_36,chr1,1206099,1206782,683
pre_xx_37,chr1,1230766,1233226,2460
pre_xx_38,chr1,1246253,1247300,1047
pre_xx_39,chr1,1249630,1250486,856
pre_xx_40,chr1,1272831,1274771,1940
pre_xx_41,chr1,1290813,1292349,1536
pre_xx_42,chr1,1298824,1300302,1478
pre_xx_43,chr1,1304315,1305192,877
pre_xx_44,chr1,1307387,1309611,2224
pre_xx_45,chr1,1317914,1318666,752
pre_xx_46,chr1,1322250,1323168,918
pre_xx_47,chr1,1324183,1325425,1242
pre_xx_48,chr1,1334540,1335428,888
pre_xx_49,chr1,1347241,1348316,1075
pre_xx_50,chr1,1348495,1350014,1519
pre_xx_51,chr1,1354718,1356541,1823
pre_xx_52,chr1,1357747,1359016,1269
pre_xx_53,chr1,1359214,1360220,1006
pre_xx_54,chr1,1371655,1372352,697
pre_xx_55,chr1,1374381,1375734,1353
pre_xx_56,chr1,1398285,1400276,1991
pre_xx_57,chr1,1406318,1408067,1749
pre_xx_58,chr1,1419579,1420700,1121
pre_xx_59,chr1,1426617,1427936,1319
pre_xx_60,chr1,1430095,1431003,908
pre_xx_61,chr1,1433054,1434767,1713
pre_xx_62,chr1,1435251,1435934,683
pre_xx_63,chr1,1440624,1442665,2041
pre_xx_64,chr1,1461770,1463007,1237
pre_xx_65,chr1,1470591,1471962,1371
pre_xx_66,chr1,1504548,1506055,1507
pre_xx_67,chr1,1510927,1512616,1689
pre_xx_68,chr1,1535993,1537084,1091
pre_xx_69,chr1,1539221,1541126,1905
pre_xx_70,chr1,1541970,1542561,591
pre_xx_71,chr1,1573572,1575537,1965
pre_xx_72,chr1,1596782,1597939,1157
pre_xx_73,chr1,1599066,1600801,1735
pre_xx_74,chr1,1614073,1616670,2597
pre_xx_75,chr1,1628790,1632419,3629
pre_xx_76,chr1,1658526,1659525,999
pre_xx_77,chr1,1683064,1684265,1201
pre_xx_78,chr1,1692179,1693280,1101
pre_xx_79,chr1,1723834,1724777,943
pre_xx_80,chr1,1777111,1779448,2337
pre_xx_81,chr1,1782036,1783213,1177
pre_xx_82,chr1,1889781,1892330,2549
pre_xx_83,chr1,1906082,1906554,472
pre_xx_84,chr1,1908313,1909910,1597
pre_xx_85,chr1,1918392,1920158,1766
pre_xx_86,chr1,1942567,1944583,2016
pre_xx_87,chr1,1955349,1956419,1070
pre_xx_88,chr1,1959621,1960936,1315
pre_xx_89,chr1,1988344,1990735,2391
pre_xx_90,chr1,2003112,2004195,1083
pre_xx_91,chr1,2018377,2020040,1663
pre_xx_92,chr1,2025289,2026268,979
pre_xx_93,chr1,2031943,2033142,1199
pre_xx_94,chr1,2044472,2045218,746
pre_xx_95,chr1,2049298,2051620,2322
pre_xx_96,chr1,2073028,2074251,1223
pre_xx_97,chr1,2103163,2105324,2161
pre_xx_98,chr1,2132231,2134090,1859
pre_xx_99,chr1,2135092,2135892,800
pre_xx_100,chr1,2173785,2174968,1183
pre_xx_101,chr1,2189132,2190360,1228
pre_xx_102,chr1,2194358,2195512,1154
pre_xx_103,chr1,2198719,2199733,1014
pre_xx_104,chr1,2204216,2205846,1630
pre_xx_105,chr1,2207228,2207993,765
pre_xx_106,chr1,2212125,2215185,3060
pre_xx_107,chr1,2226677,2229602,2925
pre_xx_108,chr1,2229973,2230891,918
pre_xx_109,chr1,2231519,2232193,674
pre_xx_110,chr1,2237122,2237933,811
pre_xx_111,chr1,2239693,2240830,1137
pre_xx_112,chr1,2251480,2252634,1154
pre_xx_113,chr1,2278690,2279964,1274
pre_xx_114,chr1,2306408,2306944,536
pre_xx_115,chr1,2311373,2311801,428
pre_xx_116,chr1,2312276,2313449,1173
pre_xx_117,chr1,2313865,2315581,1716
pre_xx_118,chr1,2321817,2323350,1533
pre_xx_119,chr1,2330136,2331539,1403
pre_xx_120,chr1,2334588,2336460,1872
pre_xx_121,chr1,2380964,2382236,1272
pre_xx_122,chr1,2390983,2393012,2029
pre_xx_123,chr1,2404036,2405551,1515
pre_xx_124,chr1,2411838,2413681,1843
pre_xx_125,chr1,2414198,2414718,520
pre_xx_126,chr1,2430895,2431888,993
pre_xx_127,chr1,2433962,2434849,887
pre_xx_128,chr1,2441723,2444217,2494
pre_xx_129,chr1,2467761,2468378,617
pre_xx_130,chr1,2525654,2527010,1356
pre_xx_131,chr1,2529060,2529712,652
pre_xx_132,chr1,2534384,2535891,1507
pre_xx_133,chr1,2545805,2547341,1536
pre_xx_134,chr1,2547827,2549045,1218
pre_xx_135,chr1,2555368,2557633,2265
pre_xx_136,chr1,2584704,2587680,2976
pre_xx_137,chr1,2592661,2594702,2041
pre_xx_138,chr1,2610322,2611703,1381
pre_xx_139,chr1,2627847,2629641,1794
pre_xx_140,chr1,2642098,2643801,1703
pre_xx_141,chr1,2821294,2822463,1169
pre_xx_142,chr1,2855277,2857013,1736
pre_xx_143,chr1,2874446,2876573,2127
pre_xx_144,chr1,2905429,2906907,1478
pre_xx_145,chr1,2975365,2976400,1035
pre_xx_146,chr1,2984816,2985698,882
pre_xx_147,chr1,3011725,3013026,1301
pre_xx_148,chr1,3062162,3064102,1940
pre_xx_149,chr1,3068265,3070932,2667
pre_xx_150,chr1,3105033,3106110,1077
pre_xx_151,chr1,3111260,3112058,798
pre_xx_152,chr1,3119341,3120539,1198
pre_xx_153,chr1,3139386,3140923,1537
pre_xx_154,chr1,3145405,3146396,991
pre_xx_155,chr1,3169184,3171565,2381
pre_xx_156,chr1,3186056,3187073,1017
pre_xx_157,chr1,3218986,3219985,999
pre_xx_158,chr1,3221349,3222669,1320
pre_xx_159,chr1,3228858,3230055,1197
pre_xx_160,chr1,3283666,3284312,646
pre_xx_161,chr1,3291639,3292611,972
pre_xx_162,chr1,3312432,3315912,3480
pre_xx_163,chr1,3348850,3350061,1211
pre_xx_164,chr1,3351444,3353291,1847
pre_xx_165,chr1,3392910,3394488,1578
pre_xx_166,chr1,3409841,3410495,654
pre_xx_167,chr1,3423899,3425037,1138
pre_xx_168,chr1,3453120,3453628,508
pre_xx_169,chr1,3453834,3455320,1486
pre_xx_170,chr1,3460026,3460982,956
pre_xx_171,chr1,3471152,3472269,1117
pre_xx_172,chr1,3490767,3492175,1408
pre_xx_173,chr1,3501938,3502593,655
pre_xx_174,chr1,3530036,3532223,2187
pre_xx_175,chr1,3547139,3548723,1584
pre_xx_176,chr1,3590000,3591344,1344
pre_xx_177,chr1,3596654,3599121,2467
pre_xx_178,chr1,3609791,3612116,2325
pre_xx_179,chr1,3618479,3619640,1161
pre_xx_180,chr1,3623762,3625901,2139
pre_xx_181,chr1,3649462,3650274,812
pre_xx_182,chr1,3650963,3653208,2245
pre_xx_183,chr1,3668565,3669365,800
pre_xx_184,chr1,3673666,3675006,1340
pre_xx_185,chr1,3683679,3684685,1006
pre_xx_186,chr1,3695167,3696146,979
pre_xx_187,chr1,3702400,3704228,1828
pre_xx_188,chr1,3717004,3718602,1598
pre_xx_189,chr1,3745874,3747627,1753
pre_xx_190,chr1,3771120,3773656,2536
pre_xx_191,chr1,3774419,3776229,1810
pre_xx_192,chr1,3783449,3784410,961
pre_xx_193,chr1,3784931,3785761,830
pre_xx_194,chr1,3795239,3797108,1869
pre_xx_195,chr1,3800988,3801692,704
pre_xx_196,chr1,3856285,3858845,2560
pre_xx_197,chr1,3899556,3901592,2036
pre_xx_198,chr1,3910637,3911988,1351
pre_xx_199,chr1,3924099,3925319,1220
pre_xx_200,chr1,4604955,4605919,964
pre_xx_201,chr1,4637669,4638625,956
pre_xx_202,chr1,4654002,4656721,2719
pre_xx_203,chr1,4710701,4712477,1776
pre_xx_204,chr1,5620727,5621512,785
pre_xx_205,chr1,5652004,5653107,1103
pre_xx_206,chr1,5691825,5693571,1746
pre_xx_207,chr1,5704083,5705247,1164
pre_xx_208,chr1,5744311,5746169,1858
pre_xx_209,chr1,5770715,5771755,1040
pre_xx_210,chr1,5810753,5812007,1254
pre_xx_211,chr1,5846901,5847669,768
pre_xx_212,chr1,5966421,5968046,1625
pre_xx_213,chr1,5980020,5981284,1264
pre_xx_214,chr1,5990916,5993574,2658
pre_xx_215,chr1,6001796,6003567,1771
pre_xx_216,chr1,6006696,6007958,1262
pre_xx_217,chr1,6033818,6036033,2215
pre_xx_218,chr1,6052152,6053413,1261
pre_xx_219,chr1,6058393,6059221,828
pre_xx_220,chr1,6092032,6093409,1377
pre_xx_221,chr1,6148301,6149204,903
pre_xx_222,chr1,6161014,6162039,1025
pre_xx_223,chr1,6178942,6181694,2752
pre_xx_224,chr1,6198213,6200158,1945
pre_xx_225,chr1,6204688,6206585,1897
pre_xx_226,chr1,6208634,6209531,897
pre_xx_227,chr1,6234485,6236690,2205
pre_xx_228,chr1,6244879,6245668,789
pre_xx_229,chr1,6246588,6247091,503
pre_xx_230,chr1,6248859,6249993,1134
pre_xx_231,chr1,6259594,6262060,2466
pre_xx_232,chr1,6267942,6270368,2426
pre_xx_233,chr1,6275838,6277087,1249
pre_xx_234,chr1,6328926,6331227,2301
pre_xx_235,chr1,6343116,6343952,836
pre_xx_236,chr1,6350246,6350821,575
pre_xx_237,chr1,6351692,6352518,826
pre_xx_238,chr1,6358463,6360272,1809
pre_xx_239,chr1,6363078,6363750,672
pre_xx_240,chr1,6384756,6386220,1464
pre_xx_241,chr1,6392041,6394231,2190
pre_xx_242,chr1,6418838,6420949,2111
pre_xx_243,chr1,6423262,6424337,1075
pre_xx_244,chr1,6439948,6441009,1061
pre_xx_245,chr1,6446952,6449498,2546
pre_xx_246,chr1,6454234,6456371,2137
pre_xx_247,chr1,6459799,6461760,1961
pre_xx_248,chr1,6484909,6486781,1872
pre_xx_249,chr1,6489748,6492141,2393
pre_xx_250,chr1,6496296,6498123,1827
pre_xx_251,chr1,6501724,6502911,1187
pre_xx_252,chr1,6508735,6509608,873
pre_xx_253,chr1,6510947,6512634,1687
pre_xx_254,chr1,6519350,6520557,1207
pre_xx_255,chr1,6553588,6554810,1222
pre_xx_256,chr1,6579196,6581224,2028
pre_xx_257,chr1,6586432,6587754,1322
pre_xx_258,chr1,6600823,6604393,3570
pre_xx_259,chr1,6612581,6615750,3169
pre_xx_260,chr1,6624539,6626104,1565
pre_xx_261,chr1,6634285,6635311,1026
pre_xx_262,chr1,6645989,6646927,938
pre_xx_263,chr1,6650871,6652416,1545
pre_xx_264,chr1,6700707,6702286,1579
pre_xx_265,chr1,6724252,6725397,1145
pre_xx_266,chr1,6783911,6786580,2669
pre_xx_267,chr1,6911896,6913081,1185
pre_xx_268,chr1,6934543,6936614,2071
pre_xx_269,chr1,6954220,6955209,989
pre_xx_270,chr1,6960147,6961305,1158
pre_xx_271,chr1,6961794,6963829,2035
pre_xx_272,chr1,7042288,7043161,873
pre_xx_273,chr1,7046058,7046697,639
pre_xx_274,chr1,7069625,7071214,1589
pre_xx_275,chr1,7185070,7187368,2298
pre_xx_276,chr1,7333310,7335628,2318
pre_xx_277,chr1,7340948,7342055,1107
pre_xx_278,chr1,7378912,7380095,1183
pre_xx_279,chr1,7387398,7390111,2713
pre_xx_280,chr1,7454675,7455980,1305
pre_xx_281,chr1,7469217,7470065,848
pre_xx_282,chr1,7500392,7502636,2244
pre_xx_283,chr1,7529839,7530440,601
pre_xx_284,chr1,7536146,7537740,1594
pre_xx_285,chr1,7557130,7559632,2502
pre_xx_286,chr1,7585675,7586797,1122
pre_xx_287,chr1,7586836,7588119,1283
pre_xx_288,chr1,7616112,7617535,1423
pre_xx_289,chr1,7645250,7645868,618
pre_xx_290,chr1,7667373,7667945,572
pre_xx_291,chr1,7668261,7670471,2210
pre_xx_292,chr1,7679577,7681308,1731
pre_xx_293,chr1,7703726,7705966,2240
pre_xx_294,chr1,7752190,7753368,1178
pre_xx_295,chr1,7770696,7772062,1366
pre_xx_296,chr1,7783160,7784898,1738
pre_xx_297,chr1,7942076,7942756,680
pre_xx_298,chr1,7953604,7954680,1076
pre_xx_299,chr1,7960518,7962266,1748
pre_xx_300,chr1,7974915,7975626,711
pre_xx_301,chr1,8004063,8005505,1442
pre_xx_302,chr1,8025189,8027181,1992
pre_xx_303,chr1,8166376,8167635,1259
pre_xx_304,chr1,8197509,8198335,826
pre_xx_305,chr1,8201901,8202919,1018
pre_xx_306,chr1,8216721,8217859,1138
pre_xx_307,chr1,8231680,8232856,1176
pre_xx_308,chr1,8314062,8314795,733
pre_xx_309,chr1,8317584,8318800,1216
pre_xx_310,chr1,8351403,8353692,2289
pre_xx_311,chr1,8371977,8373399,1422
pre_xx_312,chr1,8395347,8397877,2530
pre_xx_313,chr1,8407582,8409547,1965
pre_xx_314,chr1,8422279,8424981,2702
pre_xx_315,chr1,8438483,8439789,1306
pre_xx_316,chr1,8462957,8463917,960
pre_xx_317,chr1,8509905,8510983,1078
pre_xx_318,chr1,8524853,8526314,1461
pre_xx_319,chr1,8625907,8627253,1346
pre_xx_320,chr1,8660114,8662086,1972
pre_xx_321,chr1,8700947,8702409,1462
pre_xx_322,chr1,8702796,8703823,1027
pre_xx_323,chr1,8763628,8765398,1770
pre_xx_324,chr1,8816615,8818261,1646
pre_xx_325,chr1,8822434,8823157,723
pre_xx_326,chr1,8828906,8830068,1162
pre_xx_327,chr1,8848556,8849384,828
pre_xx_328,chr1,8856971,8858587,1616
pre_xx_329,chr1,8877418,8879621,2203
pre_xx_330,chr1,8889303,8890763,1460
pre_xx_331,chr1,8938298,8940000,1702
pre_xx_332,chr1,9017407,9018754,1347
pre_xx_333,chr1,9038832,9040263,1431
pre_xx_334,chr1,9101270,9101909,639
pre_xx_335,chr1,9110491,9111211,720
pre_xx_336,chr1,9127495,9129967,2472
pre_xx_337,chr1,9181150,9183810,2660
pre_xx_338,chr1,9195879,9197074,1195
pre_xx_339,chr1,9198431,9199039,608
pre_xx_340,chr1,9201184,9202201,1017
pre_xx_341,chr1,9234063,9235497,1434
pre_xx_342,chr1,9241947,9243083,1136
pre_xx_343,chr1,9249085,9251132,2047
pre_xx_344,chr1,9252677,9253444,767
pre_xx_345,chr1,9266787,9267488,701
pre_xx_346,chr1,9270019,9270881,862
pre_xx_347,chr1,9291786,9294004,2218
pre_xx_348,chr1,9317614,9318384,770
pre_xx_349,chr1,9320399,9321832,1433
pre_xx_350,chr1,9340057,9341460,1403
pre_xx_351,chr1,9351975,9353333,1358
pre_xx_352,chr1,9363760,9364551,791
pre_xx_353,chr1,9371078,9372154,1076
pre_xx_354,chr1,9384331,9385258,927
pre_xx_355,chr1,9399237,9400840,1603
pre_xx_356,chr1,9412374,9414403,2029
pre_xx_357,chr1,9428432,9430230,1798
pre_xx_358,chr1,9441091,9442848,1757
pre_xx_359,chr1,9443716,9444412,696
pre_xx_360,chr1,9538764,9540460,1696
pre_xx_361,chr1,9588183,9589876,1693
pre_xx_362,chr1,9593298,9594196,898
pre_xx_363,chr1,9626777,9627528,751
pre_xx_364,chr1,9651284,9652964,1680
pre_xx_365,chr1,9687091,9688117,1026
pre_xx_366,chr1,9688937,9690439,1502
pre_xx_367,chr1,9717132,9718128,996
pre_xx_368,chr1,9792059,9792975,916
pre_xx_369,chr1,9822569,9824816,2247
pre_xx_370,chr1,9825098,9825902,804
pre_xx_371,chr1,9835174,9836897,1723
pre_xx_372,chr1,9849822,9851178,1356
pre_xx_373,chr1,9874531,9875896,1365
pre_xx_374,chr1,9909146,9911212,2066
pre_xx_375,chr1,9942305,9943984,1679
pre_xx_376,chr1,9996390,9998165,1775
pre_xx_377,chr1,10032256,10033894,1638
pre_xx_378,chr1,10196513,10197578,1065
pre_xx_379,chr1,10209608,10212187,2579
pre_xx_380,chr1,10377151,10379152,2001
pre_xx_381,chr1,10398184,10400082,1898
pre_xx_382,chr1,10429846,10431400,1554
pre_xx_383,chr1,10471739,10472886,1147
pre_xx_384,chr1,10474549,10475755,1206
pre_xx_385,chr1,10494198,10496441,2243
pre_xx_386,chr1,10518600,10519599,999
pre_xx_387,chr1,10529812,10531480,1668
pre_xx_388,chr1,10638164,10639737,1573
pre_xx_389,chr1,10662813,10664606,1793
pre_xx_390,chr1,10670756,10672569,1813
pre_xx_391,chr1,10685545,10688219,2674
pre_xx_392,chr1,10693574,10695342,1768
pre_xx_393,chr1,10704147,10704985,838
pre_xx_394,chr1,10724036,10726055,2019
pre_xx_395,chr1,10736501,10737827,1326
pre_xx_396,chr1,10755118,10756515,1397
pre_xx_397,chr1,10793675,10796957,3282
pre_xx_398,chr1,10834800,10836321,1521
pre_xx_399,chr1,10866052,10868215,2163
pre_xx_400,chr1,10888178,10891437,3259
pre_xx_401,chr1,10900168,10901995,1827
pre_xx_402,chr1,10937004,10937913,909
pre_xx_403,chr1,10939723,10940480,757
pre_xx_404,chr1,10941856,10942592,736
pre_xx_405,chr1,10943840,10944751,911
pre_xx_406,chr1,10960448,10961495,1047
pre_xx_407,chr1,10967948,10968852,904
pre_xx_408,chr1,10979367,10980751,1384
pre_xx_409,chr1,11011643,11013430,1787
pre_xx_410,chr1,11052592,11054163,1571
pre_xx_411,chr1,11059054,11061169,2115
pre_xx_412,chr1,11099105,11100451,1346
pre_xx_413,chr1,11261755,11263022,1267
pre_xx_414,chr1,11272503,11274080,1577
pre_xx_415,chr1,11337418,11338862,1444
pre_xx_416,chr1,11339277,11340303,1026
pre_xx_417,chr1,11354934,11356539,1605
pre_xx_418,chr1,11376651,11377516,865
pre_xx_419,chr1,11394508,11395943,1435
pre_xx_420,chr1,11458594,11459728,1134
pre_xx_421,chr1,11478361,11480621,2260
pre_xx_422,chr1,11550345,11551071,726
pre_xx_423,chr1,11635633,11636362,729
pre_xx_424,chr1,11649979,11650810,831
pre_xx_425,chr1,11653793,11655514,1721
pre_xx_426,chr1,11663801,11665110,1309
pre_xx_427,chr1,11680303,11681942,1639
pre_xx_428,chr1,11690336,11692687,2351
pre_xx_429,chr1,11714491,11715950,1459
pre_xx_430,chr1,11719137,11720086,949
pre_xx_431,chr1,11731304,11732272,968
pre_xx_432,chr1,11735535,11737537,2002
pre_xx_433,chr1,11784396,11785466,1070
pre_xx_434,chr1,11787001,11787965,964
pre_xx_435,chr1,11802694,11803967,1273
pre_xx_436,chr1,11804680,11806654,1974
pre_xx_437,chr1,11838109,11838994,885
pre_xx_438,chr1,11841849,11842674,825
pre_xx_439,chr1,11858584,11859864,1280
pre_xx_440,chr1,11882727,11883537,810
pre_xx_441,chr1,11898164,11899424,1260
pre_xx_442,chr1,11907232,11910013,2781
pre_xx_443,chr1,11925606,11926728,1122
pre_xx_444,chr1,11933919,11935125,1206
pre_xx_445,chr1,11979540,11980938,1398
pre_xx_446,chr1,12018815,12020175,1360
pre_xx_447,chr1,12062886,12064078,1192
pre_xx_448,chr1,12066913,12068808,1895
pre_xx_449,chr1,12075303,12076237,934
pre_xx_450,chr1,12078762,12079918,1156
pre_xx_451,chr1,12124652,12126661,2009
pre_xx_452,chr1,12143163,12144166,1003
pre_xx_453,chr1,12147769,12148820,1051
pre_xx_454,chr1,12157392,12159164,1772
pre_xx_455,chr1,12166614,12168006,1392
pre_xx_456,chr1,12174579,12175792,1213
pre_xx_457,chr1,12177973,12179451,1478
pre_xx_458,chr1,12183867,12184991,1124
pre_xx_459,chr1,12208182,12209498,1316
pre_xx_460,chr1,12229499,12231679,2180
pre_xx_461,chr1,12338858,12340963,2105
pre_xx_462,chr1,12433084,12435073,1989
pre_xx_463,chr1,12447697,12449723,2026
pre_xx_464,chr1,12477542,12479297,1755
pre_xx_465,chr1,12548687,12550444,1757
pre_xx_466,chr1,12591032,12591640,608
pre_xx_467,chr1,12594823,12596735,1912
pre_xx_468,chr1,12615832,12617396,1564
pre_xx_469,chr1,12617636,12618637,1001
pre_xx_470,chr1,12618831,12620148,1317
pre_xx_471,chr1,13512893,13514291,1398
pre_xx_472,chr1,13583101,13584777,1676
pre_xx_473,chr1,13699479,13701227,1748
pre_xx_474,chr1,13748587,13750321,1734
pre_xx_475,chr1,13892191,13893625,1434
pre_xx_476,chr1,13965563,13966310,747
pre_xx_477,chr1,14136171,14136847,676
pre_xx_478,chr1,14140524,14141436,912
pre_xx_479,chr1,14436774,14437959,1185
pre_xx_480,chr1,14546055,14547210,1155
pre_xx_481,chr1,14597623,14599779,2156
pre_xx_482,chr1,14602093,14602552,459
pre_xx_483,chr1,14731589,14732319,730
pre_xx_484,chr1,14779164,14780762,1598
pre_xx_485,chr1,14852070,14852845,775
pre_xx_486,chr1,14923433,14925514,2081
pre_xx_487,chr1,14928341,14928807,466
pre_xx_488,chr1,14929351,14930870,1519
pre_xx_489,chr1,14942558,14943496,938
pre_xx_490,chr1,14944257,14945930,1673
pre_xx_491,chr1,15088048,15090792,2744
pre_xx_492,chr1,15099663,15100716,1053
pre_xx_493,chr1,15152252,15154985,2733
pre_xx_494,chr1,15212286,15213822,1536
pre_xx_495,chr1,15246810,15247969,1159
pre_xx_496,chr1,15272147,15273024,877
pre_xx_497,chr1,15355946,15356655,709
pre_xx_498,chr1,15370541,15372341,1800
pre_xx_499,chr1,15408956,15411101,2145
pre_xx_500,chr1,15418800,15419464,664
pre_xx_501,chr1,15424035,15424712,677
pre_xx_502,chr1,15426586,15427730,1144
pre_xx_503,chr1,15523811,15525531,1720
pre_xx_504,chr1,15526148,15527386,1238
pre_xx_505,chr1,15584335,15585354,1019
pre_xx_506,chr1,15602814,15603998,1184
pre_xx_507,chr1,15616550,15618698,2148
pre_xx_508,chr1,15683422,15685281,1859
pre_xx_509,chr1,15703034,15704156,1122
pre_xx_510,chr1,15740921,15741776,855
pre_xx_511,chr1,15757175,15759634,2459
pre_xx_512,chr1,15798881,15800808,1927
pre_xx_513,chr1,15834004,15836404,2400
pre_xx_514,chr1,15846999,15850279,3280
pre_xx_515,chr1,15885342,15886888,1546
pre_xx_516,chr1,15924231,15925281,1050
pre_xx_517,chr1,15939115,15939942,827
pre_xx_518,chr1,15948907,15950246,1339
pre_xx_519,chr1,15957367,15959179,1812
pre_xx_520,chr1,15974881,15976294,1413
pre_xx_521,chr1,16012602,16013629,1027
pre_xx_522,chr1,16017347,16018576,1229
pre_xx_523,chr1,16021452,16022323,871
pre_xx_524,chr1,16026287,16027420,1133
pre_xx_525,chr1,16032339,16033353,1014
pre_xx_526,chr1,16043257,16043962,705
pre_xx_527,chr1,16048097,16049147,1050
pre_xx_528,chr1,16055603,16056565,962
pre_xx_529,chr1,16072817,16074125,1308
pre_xx_530,chr1,16078690,16079409,719
pre_xx_531,chr1,16115519,16116466,947
pre_xx_532,chr1,16133103,16134457,1354
pre_xx_533,chr1,16140900,16141946,1046
pre_xx_534,chr1,16143757,16144245,488
pre_xx_535,chr1,16144913,16147254,2341
pre_xx_536,chr1,16154592,16156384,1792
pre_xx_537,chr1,16162091,16162830,739
pre_xx_538,chr1,16167215,16168380,1165
pre_xx_539,chr1,16175393,16176762,1369
pre_xx_540,chr1,16181451,16182364,913
pre_xx_541,chr1,16187561,16188220,659
pre_xx_542,chr1,16205890,16207588,1698
pre_xx_543,chr1,16216890,16218138,1248
pre_xx_544,chr1,16226432,16227314,882
pre_xx_545,chr1,16227504,16228980,1476
pre_xx_546,chr1,16236059,16237490,1431
pre_xx_547,chr1,16244034,16244703,669
pre_xx_548,chr1,16248188,16249363,1175
pre_xx_549,chr1,16350815,16352939,2124
pre_xx_550,chr1,16366662,16368729,2067
pre_xx_551,chr1,16440037,16441589,1552
pre_xx_552,chr1,16498488,16500051,1563
pre_xx_553,chr1,16512884,16514783,1899
pre_xx_554,chr1,16533997,16535732,1735
pre_xx_555,chr1,16611983,16614029,2046
pre_xx_556,chr1,16620651,16621520,869
pre_xx_557,chr1,16643685,16645369,1684
pre_xx_558,chr1,16717375,16718001,626
pre_xx_559,chr1,16872145,16873657,1512
pre_xx_560,chr1,16888567,16889967,1400
pre_xx_561,chr1,16895278,16897446,2168
pre_xx_562,chr1,16903696,16905949,2253
pre_xx_563,chr1,16913297,16915090,1793
pre_xx_564,chr1,16921144,16922243,1099
pre_xx_565,chr1,16938500,16940156,1656
pre_xx_566,chr1,16951363,16952043,680
pre_xx_567,chr1,16960293,16962113,1820
pre_xx_568,chr1,16966877,16967670,793
pre_xx_569,chr1,16971081,16972249,1168
pre_xx_570,chr1,16978486,16980845,2359
pre_xx_571,chr1,17010306,17012309,2003
pre_xx_572,chr1,17013025,17014295,1270
pre_xx_573,chr1,17045166,17046432,1266
pre_xx_574,chr1,17053171,17054823,1652
pre_xx_575,chr1,17059486,17060361,875
pre_xx_576,chr1,17118594,17119993,1399
pre_xx_577,chr1,17125437,17126281,844
pre_xx_578,chr1,17199629,17201098,1469
pre_xx_579,chr1,17211919,17213709,1790
pre_xx_580,chr1,17422147,17424439,2292
pre_xx_581,chr1,17437274,17440053,2779
pre_xx_582,chr1,17537955,17541005,3050
pre_xx_583,chr1,17550506,17551563,1057
pre_xx_584,chr1,17581418,17582911,1493
pre_xx_585,chr1,17587334,17588836,1502
pre_xx_586,chr1,17696231,17697781,1550
pre_xx_587,chr1,17728641,17730755,2114
pre_xx_588,chr1,17742369,17743907,1538
pre_xx_589,chr1,18107358,18108348,990
pre_xx_590,chr1,18109853,18111379,1526
pre_xx_591,chr1,18256095,18256703,608
pre_xx_592,chr1,18288468,18289430,962
pre_xx_593,chr1,18319190,18320588,1398
pre_xx_594,chr1,18325651,18326987,1336
pre_xx_595,chr1,18352463,18353269,806
pre_xx_596,chr1,18384023,18386077,2054
pre_xx_597,chr1,18442770,18443893,1123
pre_xx_598,chr1,18630705,18632011,1306
pre_xx_599,chr1,18643117,18644104,987
pre_xx_600,chr1,18715769,18717524,1755
pre_xx_601,chr1,18793846,18794929,1083
pre_xx_602,chr1,18820269,18821264,995
pre_xx_603,chr1,18883706,18884481,775
pre_xx_604,chr1,18901863,18903528,1665
pre_xx_605,chr1,18906951,18907785,834
pre_xx_606,chr1,18921672,18922826,1154
pre_xx_607,chr1,18923662,18924410,748
pre_xx_608,chr1,18944789,18945804,1015
pre_xx_609,chr1,18949081,18950333,1252
pre_xx_610,chr1,18955399,18957513,2114
pre_xx_611,chr1,19035311,19036823,1512
pre_xx_612,chr1,19209124,19211164,2040
pre_xx_613,chr1,19250865,19252689,1824
pre_xx_614,chr1,19288138,19289301,1163
pre_xx_615,chr1,19310840,19313158,2318
pre_xx_616,chr1,19338216,19338774,558
pre_xx_617,chr1,19389879,19391645,1766
pre_xx_618,chr1,19425903,19427790,1887
pre_xx_619,chr1,19437550,19439026,1476
pre_xx_620,chr1,19465820,19466605,785
pre_xx_621,chr1,19484185,19486307,2122
pre_xx_622,chr1,19596119,19597833,1714
pre_xx_623,chr1,19640350,19641043,693
pre_xx_624,chr1,19643596,19646000,2404
pre_xx_625,chr1,19650328,19651448,1120
pre_xx_626,chr1,19653495,19654149,654
pre_xx_627,chr1,19659273,19660137,864
pre_xx_628,chr1,19664551,19666330,1779
pre_xx_629,chr1,19676207,19676979,772
pre_xx_630,chr1,19704240,19704950,710
pre_xx_631,chr1,19708357,19709658,1301
pre_xx_632,chr1,19715211,19716007,796
pre_xx_633,chr1,19736893,19738507,1614
pre_xx_634,chr1,19754209,19755078,869
pre_xx_635,chr1,19799180,19800602,1422
pre_xx_636,chr1,19814617,19816247,1630
pre_xx_637,chr1,19844573,19845589,1016
pre_xx_638,chr1,19848032,19848747,715
pre_xx_639,chr1,19881855,19883245,1390
pre_xx_640,chr1,19921235,19922629,1394
pre_xx_641,chr1,19926610,19927786,1176
pre_xx_642,chr1,19974651,19976101,1450
pre_xx_643,chr1,19981191,19982632,1441
pre_xx_644,chr1,20100421,20101867,1446
pre_xx_645,chr1,20107980,20109355,1375
pre_xx_646,chr1,20151774,20152868,1094
pre_xx_647,chr1,20165507,20166692,1185
pre_xx_648,chr1,20185373,20186819,1446
pre_xx_649,chr1,20211873,20213350,1477
pre_xx_650,chr1,20223413,20224305,892
pre_xx_651,chr1,20290243,20292064,1821
pre_xx_652,chr1,20342904,20344394,1490
pre_xx_653,chr1,20358437,20359233,796
pre_xx_654,chr1,20365727,20367509,1782
pre_xx_655,chr1,20472996,20473705,709
pre_xx_656,chr1,20483515,20484903,1388
pre_xx_657,chr1,20485152,20487519,2367
pre_xx_658,chr1,20493441,20494727,1286
pre_xx_659,chr1,20507070,20508442,1372
pre_xx_660,chr1,20522074,20522864,790
pre_xx_661,chr1,20551848,20554615,2767
pre_xx_662,chr1,20588739,20590189,1450
pre_xx_663,chr1,20633037,20634939,1902
pre_xx_664,chr1,20660464,20662133,1669
pre_xx_665,chr1,20679485,20680582,1097
pre_xx_666,chr1,20696114,20697463,1349
pre_xx_667,chr1,20717209,20718408,1199
pre_xx_668,chr1,20731300,20733449,2149
pre_xx_669,chr1,20785954,20788212,2258
pre_xx_670,chr1,21175319,21177446,2127
pre_xx_671,chr1,21251733,21252523,790
pre_xx_672,chr1,21253936,21255580,1644
pre_xx_673,chr1,21261615,21263242,1627
pre_xx_674,chr1,21268159,21270060,1901
pre_xx_675,chr1,21271120,21271912,792
pre_xx_676,chr1,21289263,21291190,1927
pre_xx_677,chr1,21307725,21309316,1591
pre_xx_678,chr1,21318525,21319884,1359
pre_xx_679,chr1,21322346,21323383,1037
pre_xx_680,chr1,21324191,21325166,975
pre_xx_681,chr1,21334078,21335241,1163
pre_xx_682,chr1,21338477,21339319,842
pre_xx_683,chr1,21343942,21346314,2372
pre_xx_684,chr1,21368148,21369015,867
pre_xx_685,chr1,21436467,21437449,982
pre_xx_686,chr1,21439604,21440981,1377
pre_xx_687,chr1,21508613,21510422,1809
pre_xx_688,chr1,21534157,21535173,1016
pre_xx_689,chr1,21537390,21538672,1282
pre_xx_690,chr1,21558485,21560349,1864
pre_xx_691,chr1,21573931,21575122,1191
pre_xx_692,chr1,21586510,21587442,932
pre_xx_693,chr1,21618344,21619652,1308
pre_xx_694,chr1,21620037,21620939,902
pre_xx_695,chr1,21622012,21622837,825
pre_xx_696,chr1,21651098,21653082,1984
pre_xx_697,chr1,21658905,21660013,1108
pre_xx_698,chr1,21668376,21670045,1669
pre_xx_699,chr1,21672896,21673842,946
pre_xx_700,chr1,21675417,21676716,1299
pre_xx_701,chr1,21725519,21726770,1251
pre_xx_702,chr1,21781533,21784159,2626
pre_xx_703,chr1,21814197,21814925,728
pre_xx_704,chr1,21914064,21915591,1527
pre_xx_705,chr1,21920177,21921972,1795
pre_xx_706,chr1,21929684,21930515,831
pre_xx_707,chr1,21936040,21937975,1935
pre_xx_708,chr1,21939565,21940151,586
pre_xx_709,chr1,21956371,21957549,1178
pre_xx_710,chr1,22024432,22026352,1920
pre_xx_711,chr1,22052165,22054041,1876
pre_xx_712,chr1,22114174,22115641,1467
pre_xx_713,chr1,22120884,22122048,1164
pre_xx_714,chr1,22131202,22132384,1182
pre_xx_715,chr1,22133267,22134325,1058
pre_xx_716,chr1,22136691,22137761,1070
pre_xx_717,chr1,22141467,22143814,2347
pre_xx_718,chr1,22176068,22176704,636
pre_xx_719,chr1,22207082,22208526,1444
pre_xx_720,chr1,22262390,22262994,604
pre_xx_721,chr1,22267341,22268337,996
pre_xx_722,chr1,22272327,22273077,750
pre_xx_723,chr1,22289166,22289951,785
pre_xx_724,chr1,22318249,22319079,830
pre_xx_725,chr1,22328188,22329491,1303
pre_xx_726,chr1,22341771,22343241,1470
pre_xx_727,chr1,22349217,22351964,2747
pre_xx_728,chr1,22414028,22414885,857
pre_xx_729,chr1,22416380,22416944,564
pre_xx_730,chr1,22420253,22420823,570
pre_xx_731,chr1,22451102,22452898,1796
pre_xx_732,chr1,22508155,22509307,1152
pre_xx_733,chr1,22529752,22531735,1983
pre_xx_734,chr1,22562368,22564027,1659
pre_xx_735,chr1,22641624,22642395,771
pre_xx_736,chr1,22684906,22686174,1268
pre_xx_737,chr1,22709833,22712071,2238
pre_xx_738,chr1,22790159,22791082,923
pre_xx_739,chr1,22791691,22793165,1474
pre_xx_740,chr1,22870032,22871170,1138
pre_xx_741,chr1,22875887,22877200,1313
pre_xx_742,chr1,22952854,22954182,1328
pre_xx_743,chr1,22968841,22969900,1059
pre_xx_744,chr1,22976244,22976961,717
pre_xx_745,chr1,23018753,23020492,1739
pre_xx_746,chr1,23167141,23169088,1947
pre_xx_747,chr1,23169427,23170191,764
pre_xx_748,chr1,23177105,23178504,1399
pre_xx_749,chr1,23216606,23217901,1295
pre_xx_750,chr1,23343221,23345284,2063
pre_xx_751,chr1,23367753,23370170,2417
pre_xx_752,chr1,23370849,23371519,670
pre_xx_753,chr1,23402908,23404380,1472
pre_xx_754,chr1,23411313,23412440,1127
pre_xx_755,chr1,23421759,23425369,3610
pre_xx_756,chr1,23482843,23484962,2119
pre_xx_757,chr1,23528031,23528960,929
pre_xx_758,chr1,23530470,23531778,1308
pre_xx_759,chr1,23539516,23540294,778
pre_xx_760,chr1,23544159,23545425,1266
pre_xx_761,chr1,23553940,23555276,1336
pre_xx_762,chr1,23558086,23558662,576
pre_xx_763,chr1,23558966,23560155,1189
pre_xx_764,chr1,23561870,23562739,869
pre_xx_765,chr1,23567675,23569370,1695
pre_xx_766,chr1,23619145,23620203,1058
pre_xx_767,chr1,23637209,23639884,2675
pre_xx_768,chr1,23691241,23692769,1528
pre_xx_769,chr1,23742723,23745280,2557
pre_xx_770,chr1,23771269,23772588,1319
pre_xx_771,chr1,23777662,23778974,1312
pre_xx_772,chr1,23790730,23792243,1513
pre_xx_773,chr1,23799394,23801682,2288
pre_xx_774,chr1,23824426,23825879,1453
pre_xx_775,chr1,23837830,23839283,1453
pre_xx_776,chr1,23867079,23868948,1869
pre_xx_777,chr1,23902396,23903472,1076
pre_xx_778,chr1,23916170,23917217,1047
pre_xx_779,chr1,23955013,23955577,564
pre_xx_780,chr1,23958733,23960266,1533
pre_xx_781,chr1,23979472,23981006,1534
pre_xx_782,chr1,24018489,24019462,973
pre_xx_783,chr1,24022287,24023039,752
pre_xx_784,chr1,24045619,24047094,1475
pre_xx_785,chr1,24070602,24071874,1272
pre_xx_786,chr1,24101965,24102594,629
pre_xx_787,chr1,24102727,24103973,1246
pre_xx_788,chr1,24107595,24109102,1507
pre_xx_789,chr1,24110610,24112877,2267
pre_xx_790,chr1,24119890,24120970,1080
pre_xx_791,chr1,24142497,24143733,1236
pre_xx_792,chr1,24150144,24152050,1906
pre_xx_793,chr1,24186467,24188055,1588
pre_xx_794,chr1,24202787,24203985,1198
pre_xx_795,chr1,24216016,24216995,979
pre_xx_796,chr1,24321286,24323050,1764
pre_xx_797,chr1,24390844,24392660,1816
pre_xx_798,chr1,24413072,24413981,909
pre_xx_799,chr1,24415193,24416421,1228
pre_xx_800,chr1,24418954,24419684,730
pre_xx_801,chr1,24501815,24503616,1801
pre_xx_802,chr1,24551394,24552672,1278
pre_xx_803,chr1,24555256,24556357,1101
pre_xx_804,chr1,24641563,24644279,2716
pre_xx_805,chr1,24664015,24665143,1128
pre_xx_806,chr1,24704416,24705983,1567
pre_xx_807,chr1,24724306,24725650,1344
pre_xx_808,chr1,24735196,24736851,1655
pre_xx_809,chr1,24744623,24746960,2337
pre_xx_810,chr1,24847721,24848864,1143
pre_xx_811,chr1,24861823,24862858,1035
pre_xx_812,chr1,24914051,24915153,1102
pre_xx_813,chr1,24929351,24930764,1413
pre_xx_814,chr1,24931831,24932565,734
pre_xx_815,chr1,24936416,24937242,826
pre_xx_816,chr1,25167221,25169099,1878
pre_xx_817,chr1,25231834,25233561,1727
pre_xx_818,chr1,25239295,25241024,1729
pre_xx_819,chr1,25245891,25248056,2165
pre_xx_820,chr1,25249933,25250410,477
pre_xx_821,chr1,25267434,25268930,1496
pre_xx_822,chr1,25337779,25339481,1702
pre_xx_823,chr1,25429807,25432246,2439
pre_xx_824,chr1,25543137,25545154,2017
pre_xx_825,chr1,25566203,25567383,1180
pre_xx_826,chr1,25615420,25618278,2858
pre_xx_827,chr1,25683162,25684556,1394
pre_xx_828,chr1,25726914,25728467,1553
pre_xx_829,chr1,25743176,25744883,1707
pre_xx_830,chr1,25770627,25772137,1510
pre_xx_831,chr1,25774681,25775804,1123
pre_xx_832,chr1,25782217,25783179,962
pre_xx_833,chr1,25799405,25800985,1580
pre_xx_834,chr1,25810028,25811205,1177
pre_xx_835,chr1,25818977,25821168,2191
pre_xx_836,chr1,25858561,25860176,1615
pre_xx_837,chr1,25874667,25876355,1688
pre_xx_838,chr1,25892225,25892833,608
pre_xx_839,chr1,25895031,25895884,853
pre_xx_840,chr1,25904966,25907229,2263
pre_xx_841,chr1,25922258,25923967,1709
pre_xx_842,chr1,25932728,25934508,1780
pre_xx_843,chr1,25970983,25972008,1025
pre_xx_844,chr1,25990381,25991321,940
pre_xx_845,chr1,25996598,25999014,2416
pre_xx_846,chr1,26020938,26022433,1495
pre_xx_847,chr1,26034753,26036851,2098
pre_xx_848,chr1,26045122,26046970,1848
pre_xx_849,chr1,26093504,26095158,1654
pre_xx_850,chr1,26110262,26112633,2371
pre_xx_851,chr1,26114258,26114866,608
pre_xx_852,chr1,26144774,26145884,1110
pre_xx_853,chr1,26154689,26157002,2313
pre_xx_854,chr1,26161188,26162264,1076
pre_xx_855,chr1,26164048,26164997,949
pre_xx_856,chr1,26168886,26170655,1769
pre_xx_857,chr1,26176907,26177700,793
pre_xx_858,chr1,26188218,26190830,2612
pre_xx_859,chr1,26200435,26201731,1296
pre_xx_860,chr1,26216438,26217274,836
pre_xx_861,chr1,26224631,26225942,1311
pre_xx_862,chr1,26233577,26235315,1738
pre_xx_863,chr1,26275563,26276491,928
pre_xx_864,chr1,26279312,26280611,1299
pre_xx_865,chr1,26305752,26307274,1522
pre_xx_866,chr1,26320885,26321914,1029
pre_xx_867,chr1,26335925,26337217,1292
pre_xx_868,chr1,26359797,26361010,1213
pre_xx_869,chr1,26408331,26408948,617
pre_xx_870,chr1,26431434,26432881,1447
pre_xx_871,chr1,26471372,26473380,2008
pre_xx_872,chr1,26499987,26501784,1797
pre_xx_873,chr1,26529174,26530804,1630
pre_xx_874,chr1,26619890,26621906,2016
pre_xx_875,chr1,26677006,26678041,1035
pre_xx_876,chr1,26692168,26693480,1312
pre_xx_877,chr1,26695240,26697639,2399
pre_xx_878,chr1,26697888,26698541,653
pre_xx_879,chr1,26722946,26724349,1403
pre_xx_880,chr1,26786627,26788602,1975
pre_xx_881,chr1,26788784,26789446,662
pre_xx_882,chr1,26798813,26800631,1818
pre_xx_883,chr1,26826029,26828017,1988
pre_xx_884,chr1,26863816,26865976,2160
pre_xx_885,chr1,26889511,26891048,1537
pre_xx_886,chr1,26899381,26900855,1474
pre_xx_887,chr1,26913230,26914665,1435
pre_xx_888,chr1,26921066,26922682,1616
pre_xx_889,chr1,26959371,26960892,1521
pre_xx_890,chr1,26992933,26995227,2294
pre_xx_891,chr1,26997644,26998047,403
pre_xx_892,chr1,27004222,27005233,1011
pre_xx_893,chr1,27011866,27013387,1521
pre_xx_894,chr1,27031094,27032220,1126
pre_xx_895,chr1,27070085,27071545,1460
pre_xx_896,chr1,27098951,27100331,1380
pre_xx_897,chr1,27102523,27103046,523
pre_xx_898,chr1,27111697,27112622,925
pre_xx_899,chr1,27135997,27137482,1485
pre_xx_900,chr1,27154240,27155745,1505
pre_xx_901,chr1,27233797,27235835,2038
pre_xx_902,chr1,27272050,27272808,758
pre_xx_903,chr1,27283941,27285025,1084
pre_xx_904,chr1,27299310,27301392,2082
pre_xx_905,chr1,27306719,27308410,1691
pre_xx_906,chr1,27321550,27323122,1572
pre_xx_907,chr1,27341462,27343775,2313
pre_xx_908,chr1,27348815,27351778,2963
pre_xx_909,chr1,27356432,27357870,1438
pre_xx_910,chr1,27360112,27360954,842
pre_xx_911,chr1,27365259,27367228,1969
pre_xx_912,chr1,27382426,27383573,1147
pre_xx_913,chr1,27391361,27393400,2039
pre_xx_914,chr1,27395253,27395699,446
pre_xx_915,chr1,27402294,27402833,539
pre_xx_916,chr1,27402920,27404056,1136
pre_xx_917,chr1,27427397,27429003,1606
pre_xx_918,chr1,27489519,27490942,1423
pre_xx_919,chr1,27496275,27497535,1260
pre_xx_920,chr1,27503850,27505446,1596
pre_xx_921,chr1,27509256,27510160,904
pre_xx_922,chr1,27517950,27518725,775
pre_xx_923,chr1,27519091,27519939,848
pre_xx_924,chr1,27526888,27529566,2678
pre_xx_925,chr1,27535855,27537320,1465
pre_xx_926,chr1,27556706,27558227,1521
pre_xx_927,chr1,27560806,27562816,2010
pre_xx_928,chr1,27568153,27569218,1065
pre_xx_929,chr1,27571361,27572078,717
pre_xx_930,chr1,27572395,27572723,328
pre_xx_931,chr1,27574811,27576370,1559
pre_xx_932,chr1,27593868,27595147,1279
pre_xx_933,chr1,27597147,27598642,1495
pre_xx_934,chr1,27599092,27599573,481
pre_xx_935,chr1,27599795,27600716,921
pre_xx_936,chr1,27601797,27604474,2677
pre_xx_937,chr1,27606233,27606685,452
pre_xx_938,chr1,27607094,27607697,603
pre_xx_939,chr1,27624425,27625474,1049
pre_xx_940,chr1,27633672,27634715,1043
pre_xx_941,chr1,27654823,27655889,1066
pre_xx_942,chr1,27659261,27660338,1077
pre_xx_943,chr1,27662748,27663487,739
pre_xx_944,chr1,27669136,27669717,581
pre_xx_945,chr1,27671108,27672649,1541
pre_xx_946,chr1,27713065,27714244,1179
pre_xx_947,chr1,27724968,27726830,1862
pre_xx_948,chr1,27769887,27770682,795
pre_xx_949,chr1,27772021,27774284,2263
pre_xx_950,chr1,27830145,27831873,1728
pre_xx_951,chr1,27857784,27859035,1251
pre_xx_952,chr1,27871993,27873254,1261
pre_xx_953,chr1,27913957,27915211,1254
pre_xx_954,chr1,27934618,27936014,1396
pre_xx_955,chr1,27959247,27961289,2042
pre_xx_956,chr1,28087485,28089099,1614
pre_xx_957,chr1,28232344,28233458,1114
pre_xx_958,chr1,28235377,28236999,1622
pre_xx_959,chr1,28246316,28247614,1298
pre_xx_960,chr1,28247990,28249254,1264
pre_xx_961,chr1,28258643,28260846,2203
pre_xx_962,chr1,28296157,28297353,1196
pre_xx_963,chr1,28328281,28329757,1476
pre_xx_964,chr1,28364644,28365597,953
pre_xx_965,chr1,28369137,28370688,1551
pre_xx_966,chr1,28400245,28402224,1979
pre_xx_967,chr1,28437247,28438485,1238
pre_xx_968,chr1,28505387,28506880,1493
pre_xx_969,chr1,28517330,28519310,1980
pre_xx_970,chr1,28552303,28553856,1553
pre_xx_971,chr1,28580795,28583262,2467
pre_xx_972,chr1,28591612,28593164,1552
pre_xx_973,chr1,28641965,28643760,1795
pre_xx_974,chr1,28647956,28649576,1620
pre_xx_975,chr1,28668137,28670091,1954
pre_xx_976,chr1,28735776,28738069,2293
pre_xx_977,chr1,28774752,28776212,1460
pre_xx_978,chr1,28784802,28785781,979
pre_xx_979,chr1,28811716,28812860,1144
pre_xx_980,chr1,28830657,28831283,626
pre_xx_981,chr1,28834873,28835777,904
pre_xx_982,chr1,28855233,28856092,859
pre_xx_983,chr1,28876640,28877529,889
pre_xx_984,chr1,28881867,28882445,578
pre_xx_985,chr1,28884781,28885289,508
pre_xx_986,chr1,28886670,28888527,1857
pre_xx_987,chr1,28898029,28899731,1702
pre_xx_988,chr1,28913862,28915607,1745
pre_xx_989,chr1,28926768,28929039,2271
pre_xx_990,chr1,29095914,29097519,1605
pre_xx_991,chr1,29121208,29125668,4460
pre_xx_992,chr1,29156186,29157897,1711
pre_xx_993,chr1,29180553,29182580,2027
pre_xx_994,chr1,29202435,29203361,926
pre_xx_995,chr1,29215906,29216880,974
pre_xx_996,chr1,29230422,29231256,834
pre_xx_997,chr1,29235948,29238620,2672
pre_xx_998,chr1,29256462,29257680,1218
pre_xx_999,chr1,29258401,29260811,2410
pre_xx_1000,chr1,29271363,29272534,1171
pre_xx_1001,chr1,29385590,29386487,897
pre_xx_1002,chr1,29413846,29414563,717
pre_xx_1003,chr1,29415088,29416112,1024
pre_xx_1004,chr1,29452193,29454208,2015
pre_xx_1005,chr1,29460063,29462086,2023
pre_xx_1006,chr1,29477945,29478880,935
pre_xx_1007,chr1,29682305,29683314,1009
pre_xx_1008,chr1,29706676,29707351,675
pre_xx_1009,chr1,29792654,29793427,773
pre_xx_1010,chr1,29803657,29806032,2375
pre_xx_1011,chr1,29900119,29901108,989
pre_xx_1012,chr1,29901362,29902368,1006
pre_xx_1013,chr1,29923896,29924949,1053
pre_xx_1014,chr1,30008026,30009220,1194
pre_xx_1015,chr1,30085482,30086445,963
pre_xx_1016,chr1,30204937,30206530,1593
pre_xx_1017,chr1,30290142,30291149,1007
pre_xx_1018,chr1,30378876,30380668,1792
pre_xx_1019,chr1,30570507,30571827,1320
pre_xx_1020,chr1,30651954,30652769,815
pre_xx_1021,chr1,30684795,30686936,2141
pre_xx_1022,chr1,30707708,30708440,732
pre_xx_1023,chr1,30717763,30719682,1919
pre_xx_1024,chr1,30782169,30783561,1392
pre_xx_1025,chr1,30801341,30802216,875
pre_xx_1026,chr1,30823265,30824995,1730
pre_xx_1027,chr1,30895349,30896518,1169
pre_xx_1028,chr1,30907378,30909240,1862
pre_xx_1029,chr1,30911162,30911669,507
pre_xx_1030,chr1,30928803,30931795,2992
pre_xx_1031,chr1,30965785,30967312,1527
pre_xx_1032,chr1,31064688,31066270,1582
pre_xx_1033,chr1,31154283,31155849,1566
pre_xx_1034,chr1,31170437,31171342,905
pre_xx_1035,chr1,31181273,31182769,1496
pre_xx_1036,chr1,31214487,31216575,2088
pre_xx_1037,chr1,31238661,31240187,1526
pre_xx_1038,chr1,31296177,31298109,1932
pre_xx_1039,chr1,31372350,31374103,1753
pre_xx_1040,chr1,31394425,31395207,782
pre_xx_1041,chr1,31412794,31414812,2018
pre_xx_1042,chr1,31510862,31511707,845
pre_xx_1043,chr1,31530441,31532670,2229
pre_xx_1044,chr1,31548249,31549994,1745
pre_xx_1045,chr1,31568543,31569796,1253
pre_xx_1046,chr1,31573730,31574893,1163
pre_xx_1047,chr1,31575377,31576646,1269
pre_xx_1048,chr1,31587758,31589485,1727
pre_xx_1049,chr1,31593822,31594360,538
pre_xx_1050,chr1,31617212,31618523,1311
pre_xx_1051,chr1,31626074,31628543,2469
pre_xx_1052,chr1,31643964,31645651,1687
pre_xx_1053,chr1,31650385,31651831,1446
pre_xx_1054,chr1,31666176,31666851,675
pre_xx_1055,chr1,31669419,31670922,1503
pre_xx_1056,chr1,31700815,31701868,1053
pre_xx_1057,chr1,31703476,31705558,2082
pre_xx_1058,chr1,31712125,31713071,946
pre_xx_1059,chr1,31714280,31715984,1704
pre_xx_1060,chr1,31723752,31724288,536
pre_xx_1061,chr1,31725755,31726592,837
pre_xx_1062,chr1,31733417,31734995,1578
pre_xx_1063,chr1,31745247,31746090,843
pre_xx_1064,chr1,31751811,31752660,849
pre_xx_1065,chr1,31760390,31761240,850
pre_xx_1066,chr1,31762512,31763203,691
pre_xx_1067,chr1,31763702,31764746,1044
pre_xx_1068,chr1,31769496,31770457,961
pre_xx_1069,chr1,31771726,31773042,1316
pre_xx_1070,chr1,31781063,31783425,2362
pre_xx_1071,chr1,31788022,31789664,1642
pre_xx_1072,chr1,31831732,31832919,1187
pre_xx_1073,chr1,31937274,31938934,1660
pre_xx_1074,chr1,31939587,31940177,590
pre_xx_1075,chr1,31943921,31945110,1189
pre_xx_1076,chr1,31954390,31955480,1090
pre_xx_1077,chr1,31963887,31964660,773
pre_xx_1078,chr1,31986632,31987839,1207
pre_xx_1079,chr1,32013038,32015218,2180
pre_xx_1080,chr1,32062145,32063836,1691
pre_xx_1081,chr1,32072240,32073766,1526
pre_xx_1082,chr1,32107279,32109620,2341
pre_xx_1083,chr1,32132758,32134010,1252
pre_xx_1084,chr1,32142160,32143224,1064
pre_xx_1085,chr1,32179176,32180853,1677
pre_xx_1086,chr1,32199645,32201761,2116
pre_xx_1087,chr1,32204942,32206355,1413
pre_xx_1088,chr1,32211857,32212853,996
pre_xx_1089,chr1,32214718,32216003,1285
pre_xx_1090,chr1,32221709,32223081,1372
pre_xx_1091,chr1,32239111,32241818,2707
pre_xx_1092,chr1,32248011,32248879,868
pre_xx_1093,chr1,32272622,32274189,1567
pre_xx_1094,chr1,32291211,32293003,1792
pre_xx_1095,chr1,32334341,32336799,2458
pre_xx_1096,chr1,32345087,32345884,797
pre_xx_1097,chr1,32350824,32352429,1605
pre_xx_1098,chr1,32353539,32354490,951
pre_xx_1099,chr1,32360977,32362740,1763
pre_xx_1100,chr1,32392214,32392730,516
pre_xx_1101,chr1,32393841,32395347,1506
pre_xx_1102,chr1,32400518,32401442,924
pre_xx_1103,chr1,32426366,32427786,1420
pre_xx_1104,chr1,32447649,32449360,1711
pre_xx_1105,chr1,32463994,32465672,1678
pre_xx_1106,chr1,32499930,32501190,1260
pre_xx_1107,chr1,32538895,32540656,1761
pre_xx_1108,chr1,32611885,32612840,955
pre_xx_1109,chr1,32649974,32651818,1844
pre_xx_1110,chr1,32701281,32704267,2986
pre_xx_1111,chr1,32711902,32712688,786
pre_xx_1112,chr1,32716237,32717170,933
pre_xx_1113,chr1,32741039,32742809,1770
pre_xx_1114,chr1,32753493,32755556,2063
pre_xx_1115,chr1,32759460,32760671,1211
pre_xx_1116,chr1,32760857,32761832,975
pre_xx_1117,chr1,32764848,32766318,1470
pre_xx_1118,chr1,32766479,32768030,1551
pre_xx_1119,chr1,32770304,32772086,1782
pre_xx_1120,chr1,32772696,32773304,608
pre_xx_1121,chr1,32775087,32775843,756
pre_xx_1122,chr1,32810969,32811760,791
pre_xx_1123,chr1,32816565,32818951,2386
pre_xx_1124,chr1,32869919,32872975,3056
pre_xx_1125,chr1,32885755,32887020,1265
pre_xx_1126,chr1,32892607,32894489,1882
pre_xx_1127,chr1,32900346,32901831,1485
pre_xx_1128,chr1,32924740,32926907,2167
pre_xx_1129,chr1,32939399,32940590,1191
pre_xx_1130,chr1,32963153,32965210,2057
pre_xx_1131,chr1,32972443,32973476,1033
pre_xx_1132,chr1,33036008,33037248,1240
pre_xx_1133,chr1,33054856,33056004,1148
pre_xx_1134,chr1,33080537,33082682,2145
pre_xx_1135,chr1,33126577,33127921,1344
pre_xx_1136,chr1,33160718,33161900,1182
pre_xx_1137,chr1,33180437,33182865,2428
pre_xx_1138,chr1,33255328,33257639,2311
pre_xx_1139,chr1,33306003,33307470,1467
pre_xx_1140,chr1,33338030,33339684,1654
pre_xx_1141,chr1,33348623,33350703,2080
pre_xx_1142,chr1,33363441,33364871,1430
pre_xx_1143,chr1,33429911,33431478,1567
pre_xx_1144,chr1,33455469,33456623,1154
pre_xx_1145,chr1,33470302,33470946,644
pre_xx_1146,chr1,33471537,33473082,1545
pre_xx_1147,chr1,33514879,33516233,1354
pre_xx_1148,chr1,34056889,34058158,1269
pre_xx_1149,chr1,34129607,34130804,1197
pre_xx_1150,chr1,34162834,34165544,2710
pre_xx_1151,chr1,34166159,34167247,1088
pre_xx_1152,chr1,34406092,34407655,1563
pre_xx_1153,chr1,34529381,34531013,1632
pre_xx_1154,chr1,34589895,34590717,822
pre_xx_1155,chr1,34697579,34698322,743
pre_xx_1156,chr1,34780933,34782478,1545
pre_xx_1157,chr1,34786291,34786914,623
pre_xx_1158,chr1,34792420,34793569,1149
pre_xx_1159,chr1,34842722,34844599,1877
pre_xx_1160,chr1,34852394,34853270,876
pre_xx_1161,chr1,34858656,34860170,1514
pre_xx_1162,chr1,34865304,34866845,1541
pre_xx_1163,chr1,34884928,34886301,1373
pre_xx_1164,chr1,34918059,34919402,1343
pre_xx_1165,chr1,34924677,34925368,691
pre_xx_1166,chr1,34928733,34930721,1988
pre_xx_1167,chr1,34983731,34985661,1930
pre_xx_1168,chr1,35030249,35032285,2036
pre_xx_1169,chr1,35078568,35080039,1471
pre_xx_1170,chr1,35141492,35143031,1539
pre_xx_1171,chr1,35143560,35145581,2021
pre_xx_1172,chr1,35173835,35175282,1447
pre_xx_1173,chr1,35191757,35193832,2075
pre_xx_1174,chr1,35201918,35202626,708
pre_xx_1175,chr1,35210083,35211337,1254
pre_xx_1176,chr1,35268274,35269791,1517
pre_xx_1177,chr1,35556806,35559195,2389
pre_xx_1178,chr1,35568749,35569264,515
pre_xx_1179,chr1,35572924,35573707,783
pre_xx_1180,chr1,35576617,35577988,1371
pre_xx_1181,chr1,35640810,35642237,1427
pre_xx_1182,chr1,35706978,35709019,2041
pre_xx_1183,chr1,35717710,35719345,1635
pre_xx_1184,chr1,35725101,35727206,2105
pre_xx_1185,chr1,35768966,35770376,1410
pre_xx_1186,chr1,35807346,35809179,1833
pre_xx_1187,chr1,35882633,35884434,1801
pre_xx_1188,chr1,35930091,35932068,1977
pre_xx_1189,chr1,36083685,36085028,1343
pre_xx_1190,chr1,36088290,36090095,1805
pre_xx_1191,chr1,36098984,36100265,1281
pre_xx_1192,chr1,36124592,36126167,1575
pre_xx_1193,chr1,36148634,36150071,1437
pre_xx_1194,chr1,36150369,36151159,790
pre_xx_1195,chr1,36155139,36157784,2645
pre_xx_1196,chr1,36160727,36161442,715
pre_xx_1197,chr1,36174903,36176636,1733
pre_xx_1198,chr1,36177832,36179436,1604
pre_xx_1199,chr1,36187651,36188521,870
pre_xx_1200,chr1,36203302,36204606,1304
pre_xx_1201,chr1,36223172,36225348,2176
pre_xx_1202,chr1,36278945,36280726,1781
pre_xx_1203,chr1,36305603,36307903,2300
pre_xx_1204,chr1,36320248,36321893,1645
pre_xx_1205,chr1,36322222,36324671,2449
pre_xx_1206,chr1,36368780,36369371,591
pre_xx_1207,chr1,36373428,36374966,1538
pre_xx_1208,chr1,36379908,36380957,1049
pre_xx_1209,chr1,36384681,36386987,2306
pre_xx_1210,chr1,36396986,36398181,1195
pre_xx_1211,chr1,36449790,36451238,1448
pre_xx_1212,chr1,36463461,36465387,1926
pre_xx_1213,chr1,36471467,36472702,1235
pre_xx_1214,chr1,36703384,36704102,718
pre_xx_1215,chr1,36923894,36924896,1002
pre_xx_1216,chr1,36981635,36983143,1508
pre_xx_1217,chr1,36988177,36989801,1624
pre_xx_1218,chr1,37033801,37035242,1441
pre_xx_1219,chr1,37255003,37255794,791
pre_xx_1220,chr1,37294023,37295168,1145
pre_xx_1221,chr1,37473708,37475084,1376
pre_xx_1222,chr1,37476405,37477684,1279
pre_xx_1223,chr1,37513569,37515496,1927
pre_xx_1224,chr1,37553725,37554771,1046
pre_xx_1225,chr1,37556558,37557457,899
pre_xx_1226,chr1,37595164,37596467,1303
pre_xx_1227,chr1,37630508,37631584,1076
pre_xx_1228,chr1,37633259,37635129,1870
pre_xx_1229,chr1,37649704,37650825,1121
pre_xx_1230,chr1,37689489,37690849,1360
pre_xx_1231,chr1,37691455,37692872,1417
pre_xx_1232,chr1,37752453,37753518,1065
pre_xx_1233,chr1,37763983,37765505,1522
pre_xx_1234,chr1,37793342,37795729,2387
pre_xx_1235,chr1,37807269,37809396,2127
pre_xx_1236,chr1,37858743,37860406,1663
pre_xx_1237,chr1,37930793,37932261,1468
pre_xx_1238,chr1,37945665,37947259,1594
pre_xx_1239,chr1,37989071,37990687,1616
pre_xx_1240,chr1,37995390,37996926,1536
pre_xx_1241,chr1,37999316,38001637,2321
pre_xx_1242,chr1,38003818,38006481,2663
pre_xx_1243,chr1,38012008,38013349,1341
pre_xx_1244,chr1,38026619,38027186,567
pre_xx_1245,chr1,38028680,38031182,2502
pre_xx_1246,chr1,38045962,38048057,2095
pre_xx_1247,chr1,38062674,38063317,643
pre_xx_1248,chr1,38075872,38077016,1144
pre_xx_1249,chr1,38133430,38134637,1207
pre_xx_1250,chr1,38138330,38139032,702
pre_xx_1251,chr1,38153880,38154667,787
pre_xx_1252,chr1,38474722,38477337,2615
pre_xx_1253,chr1,38558105,38560083,1978
pre_xx_1254,chr1,38577794,38578929,1135
pre_xx_1255,chr1,38727543,38728828,1285
pre_xx_1256,chr1,38746199,38747906,1707
pre_xx_1257,chr1,38803421,38805124,1703
pre_xx_1258,chr1,38815810,38816818,1008
pre_xx_1259,chr1,38817712,38819263,1551
pre_xx_1260,chr1,38858577,38860620,2043
pre_xx_1261,chr1,38872155,38874138,1983
pre_xx_1262,chr1,38941114,38942133,1019
pre_xx_1263,chr1,38968810,38969843,1033
pre_xx_1264,chr1,38990433,38992649,2216
pre_xx_1265,chr1,38996656,38998158,1502
pre_xx_1266,chr1,39025459,39027510,2051
pre_xx_1267,chr1,39076050,39077021,971
pre_xx_1268,chr1,39080505,39082689,2184
pre_xx_1269,chr1,39098006,39098991,985
pre_xx_1270,chr1,39104683,39106888,2205
pre_xx_1271,chr1,39204171,39206011,1840
pre_xx_1272,chr1,39213502,39214884,1382
pre_xx_1273,chr1,39267842,39269344,1502
pre_xx_1274,chr1,39394398,39395904,1506
pre_xx_1275,chr1,39397982,39399117,1135
pre_xx_1276,chr1,39408122,39409830,1708
pre_xx_1277,chr1,39410865,39411196,331
pre_xx_1278,chr1,39490648,39492375,1727
pre_xx_1279,chr1,39558735,39560100,1365
pre_xx_1280,chr1,39573915,39574948,1033
pre_xx_1281,chr1,39575089,39577300,2211
pre_xx_1282,chr1,39632323,39633697,1374
pre_xx_1283,chr1,39639128,39640161,1033
pre_xx_1284,chr1,39646032,39647170,1138
pre_xx_1285,chr1,39653278,39654063,785
pre_xx_1286,chr1,39671202,39672948,1746
pre_xx_1287,chr1,39690888,39692863,1975
pre_xx_1288,chr1,39700591,39702181,1590
pre_xx_1289,chr1,39738384,39739723,1339
pre_xx_1290,chr1,39788041,39789710,1669
pre_xx_1291,chr1,39845259,39846746,1487
pre_xx_1292,chr1,39882252,39883918,1666
pre_xx_1293,chr1,39892286,39893509,1223
pre_xx_1294,chr1,39900694,39902754,2060
pre_xx_1295,chr1,39919275,39919876,601
pre_xx_1296,chr1,39921676,39922900,1224
pre_xx_1297,chr1,39954612,39956533,1921
pre_xx_1298,chr1,39957314,39957964,650
pre_xx_1299,chr1,39960101,39961370,1269
pre_xx_1300,chr1,40039177,40041522,2345
pre_xx_1301,chr1,40084569,40085402,833
pre_xx_1302,chr1,40096660,40097804,1144
pre_xx_1303,chr1,40132613,40133613,1000
pre_xx_1304,chr1,40143616,40144475,859
pre_xx_1305,chr1,40160869,40163337,2468
pre_xx_1306,chr1,40256694,40258698,2004
pre_xx_1307,chr1,40314741,40317723,2982
pre_xx_1308,chr1,40337997,40339257,1260
pre_xx_1309,chr1,40373074,40374963,1889
pre_xx_1310,chr1,40383992,40385198,1206
pre_xx_1311,chr1,40449493,40451263,1770
pre_xx_1312,chr1,40476760,40478254,1494
pre_xx_1313,chr1,40508265,40509586,1321
pre_xx_1314,chr1,40530949,40532319,1370
pre_xx_1315,chr1,40633582,40634568,986
pre_xx_1316,chr1,40653537,40654588,1051
pre_xx_1317,chr1,40664695,40666055,1360
pre_xx_1318,chr1,40668699,40669170,471
pre_xx_1319,chr1,40690754,40692794,2040
pre_xx_1320,chr1,40708595,40710107,1512
pre_xx_1321,chr1,40783186,40785081,1895
pre_xx_1322,chr1,40798728,40799933,1205
pre_xx_1323,chr1,40802006,40802843,837
pre_xx_1324,chr1,40817619,40819231,1612
pre_xx_1325,chr1,40860883,40862847,1964
pre_xx_1326,chr1,40952141,40952829,688
pre_xx_1327,chr1,40978916,40981096,2180
pre_xx_1328,chr1,41003072,41004458,1386
pre_xx_1329,chr1,41101809,41103045,1236
pre_xx_1330,chr1,41240231,41242840,2609
pre_xx_1331,chr1,41282451,41284091,1640
pre_xx_1332,chr1,41319226,41321329,2103
pre_xx_1333,chr1,41357489,41358564,1075
pre_xx_1334,chr1,41360719,41362278,1559
pre_xx_1335,chr1,41365718,41367178,1460
pre_xx_1336,chr1,41371659,41372641,982
pre_xx_1337,chr1,41380617,41383714,3097
pre_xx_1338,chr1,41387491,41388138,647
pre_xx_1339,chr1,41394733,41395663,930
pre_xx_1340,chr1,41404030,41404979,949
pre_xx_1341,chr1,41416060,41417404,1344
pre_xx_1342,chr1,41431736,41433429,1693
pre_xx_1343,chr1,41474422,41475449,1027
pre_xx_1344,chr1,41482074,41482814,740
pre_xx_1345,chr1,41484138,41485117,979
pre_xx_1346,chr1,41486200,41487621,1421
pre_xx_1347,chr1,41494989,41497230,2241
pre_xx_1348,chr1,41515718,41517727,2009
pre_xx_1349,chr1,41535911,41538888,2977
pre_xx_1350,chr1,41573742,41574581,839
pre_xx_1351,chr1,41661301,41663182,1881
pre_xx_1352,chr1,41856308,41857439,1131
pre_xx_1353,chr1,41874280,41875722,1442
pre_xx_1354,chr1,41876574,41877402,828
pre_xx_1355,chr1,41917218,41919022,1804
pre_xx_1356,chr1,42034613,42036582,1969
pre_xx_1357,chr1,42145415,42147224,1809
pre_xx_1358,chr1,42165211,42166361,1150
pre_xx_1359,chr1,42171883,42173672,1789
pre_xx_1360,chr1,42333656,42336267,2611
pre_xx_1361,chr1,42379689,42381358,1669
pre_xx_1362,chr1,42420147,42422142,1995
pre_xx_1363,chr1,42432722,42433880,1158
pre_xx_1364,chr1,42455560,42457130,1570
pre_xx_1365,chr1,42462683,42464288,1605
pre_xx_1366,chr1,42657700,42659390,1690
pre_xx_1367,chr1,42681010,42683581,2571
pre_xx_1368,chr1,42739601,42741591,1990
pre_xx_1369,chr1,42764848,42767816,2968
pre_xx_1370,chr1,42784602,42785961,1359
pre_xx_1371,chr1,42805876,42806957,1081
pre_xx_1372,chr1,42815859,42817630,1771
pre_xx_1373,chr1,42845861,42847450,1589
pre_xx_1374,chr1,42923762,42925698,1936
pre_xx_1375,chr1,42957134,42959511,2377
pre_xx_1376,chr1,42962530,42963939,1409
pre_xx_1377,chr1,43006589,43009284,2695
pre_xx_1378,chr1,43058145,43058979,834
pre_xx_1379,chr1,43067742,43068993,1251
pre_xx_1380,chr1,43147154,43148245,1091
pre_xx_1381,chr1,43171329,43172883,1554
pre_xx_1382,chr1,43206395,43207910,1515
pre_xx_1383,chr1,43270242,43271424,1182
pre_xx_1384,chr1,43284810,43286045,1235
pre_xx_1385,chr1,43348299,43350295,1996
pre_xx_1386,chr1,43357943,43359494,1551
pre_xx_1387,chr1,43366762,43368866,2104
pre_xx_1388,chr1,43389129,43390571,1442
pre_xx_1389,chr1,43452753,43454875,2122
pre_xx_1390,chr1,43529118,43529464,346
pre_xx_1391,chr1,43530520,43532044,1524
pre_xx_1392,chr1,43540286,43541125,839
pre_xx_1393,chr1,43549759,43550782,1023
pre_xx_1394,chr1,43557676,43559356,1680
pre_xx_1395,chr1,43563527,43564759,1232
pre_xx_1396,chr1,43565291,43566841,1550
pre_xx_1397,chr1,43621521,43623132,1611
pre_xx_1398,chr1,43649115,43651641,2526
pre_xx_1399,chr1,43706287,43708435,2148
pre_xx_1400,chr1,43762725,43763823,1098
pre_xx_1401,chr1,43836325,43837687,1362
pre_xx_1402,chr1,43858066,43858838,772
pre_xx_1403,chr1,43912498,43913597,1099
pre_xx_1404,chr1,43933084,43935088,2004
pre_xx_1405,chr1,43935601,43936965,1364
pre_xx_1406,chr1,43945780,43948333,2553
pre_xx_1407,chr1,43952710,43954346,1636
pre_xx_1408,chr1,43969341,43970354,1013
pre_xx_1409,chr1,43974190,43975947,1757
pre_xx_1410,chr1,43978638,43980199,1561
pre_xx_1411,chr1,43990902,43992852,1950
pre_xx_1412,chr1,44005475,44006230,755
pre_xx_1413,chr1,44029320,44031981,2661
pre_xx_1414,chr1,44035633,44037623,1990
pre_xx_1415,chr1,44212406,44214038,1632
pre_xx_1416,chr1,44237724,44238772,1048
pre_xx_1417,chr1,44249228,44251011,1783
pre_xx_1418,chr1,44354404,44355681,1277
pre_xx_1419,chr1,44404919,44408146,3227
pre_xx_1420,chr1,44416986,44418591,1605
pre_xx_1421,chr1,44423340,44424337,997
pre_xx_1422,chr1,44523676,44525832,2156
pre_xx_1423,chr1,44559044,44560249,1205
pre_xx_1424,chr1,44602516,44604454,1938
pre_xx_1425,chr1,44609283,44611022,1739
pre_xx_1426,chr1,44616523,44617703,1180
pre_xx_1427,chr1,44621559,44622451,892
pre_xx_1428,chr1,44631295,44632918,1623
pre_xx_1429,chr1,44636675,44638498,1823
pre_xx_1430,chr1,44652189,44653218,1029
pre_xx_1431,chr1,44661620,44662987,1367
pre_xx_1432,chr1,44673368,44675057,1689
pre_xx_1433,chr1,44730156,44731562,1406
pre_xx_1434,chr1,44739067,44740439,1372
pre_xx_1435,chr1,44774913,44776806,1893
pre_xx_1436,chr1,44783712,44784951,1239
pre_xx_1437,chr1,44785993,44786882,889
pre_xx_1438,chr1,44799431,44801053,1622
pre_xx_1439,chr1,44807058,44808835,1777
pre_xx_1440,chr1,44812914,44814093,1179
pre_xx_1441,chr1,44818966,44820978,2012
pre_xx_1442,chr1,44835708,44836338,630
pre_xx_1443,chr1,44842449,44843756,1307
pre_xx_1444,chr1,44847759,44849694,1935
pre_xx_1445,chr1,44985731,44987198,1467
pre_xx_1446,chr1,45010252,45011508,1256
pre_xx_1447,chr1,45011751,45013097,1346
pre_xx_1448,chr1,45014467,45014954,487
pre_xx_1449,chr1,45205013,45207109,2096
pre_xx_1450,chr1,45265362,45266797,1435
pre_xx_1451,chr1,45302997,45304823,1826
pre_xx_1452,chr1,45326282,45328405,2123
pre_xx_1453,chr1,45339166,45341125,1959
pre_xx_1454,chr1,45348474,45349657,1183
pre_xx_1455,chr1,45489928,45491731,1803
pre_xx_1456,chr1,45499138,45500608,1470
pre_xx_1457,chr1,45518620,45519593,973
pre_xx_1458,chr1,45520690,45522332,1642
pre_xx_1459,chr1,45550145,45551762,1617
pre_xx_1460,chr1,45552142,45552629,487
pre_xx_1461,chr1,45569576,45570617,1041
pre_xx_1462,chr1,45582956,45585259,2303
pre_xx_1463,chr1,45622232,45623534,1302
pre_xx_1464,chr1,45633308,45634299,991
pre_xx_1465,chr1,45685434,45687675,2241
pre_xx_1466,chr1,45687829,45688528,699
pre_xx_1467,chr1,45749823,45751133,1310
pre_xx_1468,chr1,45802660,45804893,2233
pre_xx_1469,chr1,45881318,45881970,652
pre_xx_1470,chr1,45912995,45914352,1357
pre_xx_1471,chr1,45978701,45979663,962
pre_xx_1472,chr1,46036617,46037635,1018
pre_xx_1473,chr1,46131237,46133833,2596
pre_xx_1474,chr1,46179248,46180038,790
pre_xx_1475,chr1,46183026,46183879,853
pre_xx_1476,chr1,46197621,46198920,1299
pre_xx_1477,chr1,46202712,46204768,2056
pre_xx_1478,chr1,46246600,46248516,1916
pre_xx_1479,chr1,46300706,46304392,3686
pre_xx_1480,chr1,46339207,46342271,3064
pre_xx_1481,chr1,46347845,46348610,765
pre_xx_1482,chr1,46393623,46395582,1959
pre_xx_1483,chr1,46401767,46402589,822
pre_xx_1484,chr1,46405829,46407638,1809
pre_xx_1485,chr1,46442136,46443258,1122
pre_xx_1486,chr1,46446685,46447177,492
pre_xx_1487,chr1,46447812,46448910,1098
pre_xx_1488,chr1,46466000,46467528,1528
pre_xx_1489,chr1,46478767,46480460,1693
pre_xx_1490,chr1,46488905,46490987,2082
pre_xx_1491,chr1,46516478,46517519,1041
pre_xx_1492,chr1,46520005,46520881,876
pre_xx_1493,chr1,46522328,46523198,870
pre_xx_1494,chr1,46527838,46528814,976
pre_xx_1495,chr1,46532651,46533761,1110
pre_xx_1496,chr1,46543490,46545015,1525
pre_xx_1497,chr1,46549427,46551241,1814
pre_xx_1498,chr1,46582697,46584140,1443
pre_xx_1499,chr1,46601143,46601706,563
pre_xx_1500,chr1,46603463,46604589,1126
pre_xx_1501,chr1,46612715,46614198,1483
pre_xx_1502,chr1,46615856,46617217,1361
pre_xx_1503,chr1,46667374,46668764,1390
pre_xx_1504,chr1,46689138,46689815,677
pre_xx_1505,chr1,46718127,46719576,1449
pre_xx_1506,chr1,46735424,46736112,688
pre_xx_1507,chr1,46756135,46758494,2359
pre_xx_1508,chr1,47022961,47024867,1906
pre_xx_1509,chr1,47178894,47179921,1027
pre_xx_1510,chr1,47180714,47181777,1063
pre_xx_1511,chr1,47189579,47190613,1034
pre_xx_1512,chr1,47192477,47193278,801
pre_xx_1513,chr1,47224506,47226648,2142
pre_xx_1514,chr1,47230782,47232758,1976
pre_xx_1515,chr1,47313093,47314950,1857
pre_xx_1516,chr1,47332870,47335089,2219
pre_xx_1517,chr1,47415800,47417437,1637
pre_xx_1518,chr1,47432162,47432926,764
pre_xx_1519,chr1,47433621,47434669,1048
pre_xx_1520,chr1,47437020,47438260,1240
pre_xx_1521,chr1,47443189,47445415,2226
pre_xx_1522,chr1,47507701,47509407,1706
pre_xx_1523,chr1,47532300,47534279,1979
pre_xx_1524,chr1,47569666,47570735,1069
pre_xx_1525,chr1,47577596,47579298,1702
pre_xx_1526,chr1,47592218,47593605,1387
pre_xx_1527,chr1,47708581,47710981,2400
pre_xx_1528,chr1,47724786,47726576,1790
pre_xx_1529,chr1,47766458,47767268,810
pre_xx_1530,chr1,47776450,47777248,798
pre_xx_1531,chr1,47805611,47806619,1008
pre_xx_1532,chr1,47813974,47815352,1378
pre_xx_1533,chr1,47865904,47867777,1873
pre_xx_1534,chr1,47934077,47935038,961
pre_xx_1535,chr1,47983359,47984633,1274
pre_xx_1536,chr1,47986395,47987363,968
pre_xx_1537,chr1,47996136,47997954,1818
pre_xx_1538,chr1,48051454,48052973,1519
pre_xx_1539,chr1,48471108,48472700,1592
pre_xx_1540,chr1,48493935,48494800,865
pre_xx_1541,chr1,48775642,48777880,2238
pre_xx_1542,chr1,50022997,50024604,1607
pre_xx_1543,chr1,50332659,50334030,1371
pre_xx_1544,chr1,50368084,50368975,891
pre_xx_1545,chr1,50418465,50419559,1094
pre_xx_1546,chr1,50420872,50421327,455
pre_xx_1547,chr1,50422944,50423845,901
pre_xx_1548,chr1,50426521,50428114,1593
pre_xx_1549,chr1,50959198,50960844,1646
pre_xx_1550,chr1,50967930,50970389,2459
pre_xx_1551,chr1,50976378,50979096,2718
pre_xx_1552,chr1,51235108,51237542,2434
pre_xx_1553,chr1,51237713,51238347,634
pre_xx_1554,chr1,51283987,51285192,1205
pre_xx_1555,chr1,51295873,51297612,1739
pre_xx_1556,chr1,51316081,51317113,1032
pre_xx_1557,chr1,51325718,51327059,1341
pre_xx_1558,chr1,51329395,51330960,1565
pre_xx_1559,chr1,51344349,51345605,1256
pre_xx_1560,chr1,51421603,51423855,2252
pre_xx_1561,chr1,51517476,51519616,2140
pre_xx_1562,chr1,51616683,51617978,1295
pre_xx_1563,chr1,51728732,51730425,1693
pre_xx_1564,chr1,51877446,51879614,2168
pre_xx_1565,chr1,51989480,51991083,1603
pre_xx_1566,chr1,52001975,52002632,657
pre_xx_1567,chr1,52005264,52006185,921
pre_xx_1568,chr1,52032205,52034055,1850
pre_xx_1569,chr1,52054414,52057145,2731
pre_xx_1570,chr1,52140880,52143139,2259
pre_xx_1571,chr1,52189905,52191147,1242
pre_xx_1572,chr1,52364980,52366683,1703
pre_xx_1573,chr1,52368337,52368983,646
pre_xx_1574,chr1,52403475,52405242,1767
pre_xx_1575,chr1,52435046,52436177,1131
pre_xx_1576,chr1,52552139,52554088,1949
pre_xx_1577,chr1,52579172,52580129,957
pre_xx_1578,chr1,52601777,52603572,1795
pre_xx_1579,chr1,52631371,52633671,2300
pre_xx_1580,chr1,52659643,52660782,1139
pre_xx_1581,chr1,52697667,52698709,1042
pre_xx_1582,chr1,52702743,52703715,972
pre_xx_1583,chr1,52725944,52727473,1529
pre_xx_1584,chr1,52751406,52752686,1280
pre_xx_1585,chr1,52842356,52843817,1461
pre_xx_1586,chr1,52920546,52921929,1383
pre_xx_1587,chr1,52926685,52928322,1637
pre_xx_1588,chr1,52955115,52955929,814
pre_xx_1589,chr1,53014530,53015866,1336
pre_xx_1590,chr1,53047646,53049258,1612
pre_xx_1591,chr1,53061311,53064177,2866
pre_xx_1592,chr1,53115060,53116409,1349
pre_xx_1593,chr1,53121359,53122103,744
pre_xx_1594,chr1,53145637,53146713,1076
pre_xx_1595,chr1,53195978,53197685,1707
pre_xx_1596,chr1,53219533,53221033,1500
pre_xx_1597,chr1,53237684,53239244,1560
pre_xx_1598,chr1,53298373,53299561,1188
pre_xx_1599,chr1,53315981,53317886,1905
pre_xx_1600,chr1,53325746,53328989,3243
pre_xx_1601,chr1,53365321,53366098,777
pre_xx_1602,chr1,53370501,53371725,1224
pre_xx_1603,chr1,53375240,53376465,1225
pre_xx_1604,chr1,53379386,53380878,1492
pre_xx_1605,chr1,53392344,53393798,1454
pre_xx_1606,chr1,53469934,53470876,942
pre_xx_1607,chr1,53477224,53478586,1362
pre_xx_1608,chr1,53485130,53486332,1202
pre_xx_1609,chr1,53524387,53525318,931
pre_xx_1610,chr1,53526370,53527281,911
pre_xx_1611,chr1,53592225,53593064,839
pre_xx_1612,chr1,53593915,53594915,1000
pre_xx_1613,chr1,53681262,53682413,1151
pre_xx_1614,chr1,53685081,53686285,1204
pre_xx_1615,chr1,53737679,53739692,2013
pre_xx_1616,chr1,53837054,53838828,1774
pre_xx_1617,chr1,53889192,53890742,1550
pre_xx_1618,chr1,53944907,53946751,1844
pre_xx_1619,chr1,53949517,53949972,455
pre_xx_1620,chr1,53981980,53983124,1144
pre_xx_1621,chr1,54051878,54054146,2268
pre_xx_1622,chr1,54121204,54122509,1305
pre_xx_1623,chr1,54199278,54200907,1629
pre_xx_1624,chr1,54219755,54220854,1099
pre_xx_1625,chr1,54259339,54261254,1915
pre_xx_1626,chr1,54272286,54274169,1883
pre_xx_1627,chr1,54277214,54278706,1492
pre_xx_1628,chr1,54297636,54299377,1741
pre_xx_1629,chr1,54323995,54325463,1468
pre_xx_1630,chr1,54332448,54333370,922
pre_xx_1631,chr1,54334909,54336078,1169
pre_xx_1632,chr1,54342125,54343630,1505
pre_xx_1633,chr1,54355651,54357222,1571
pre_xx_1634,chr1,54371241,54371979,738
pre_xx_1635,chr1,54396176,54397850,1674
pre_xx_1636,chr1,54402955,54403649,694
pre_xx_1637,chr1,54404881,54408149,3268
pre_xx_1638,chr1,54459138,54460293,1155
pre_xx_1639,chr1,54474249,54476953,2704
pre_xx_1640,chr1,54479203,54479730,527
pre_xx_1641,chr1,54487485,54489735,2250
pre_xx_1642,chr1,54498846,54500404,1558
pre_xx_1643,chr1,54541672,54543380,1708
pre_xx_1644,chr1,54547451,54549465,2014
pre_xx_1645,chr1,54571160,54572501,1341
pre_xx_1646,chr1,54581259,54582102,843
pre_xx_1647,chr1,54715124,54716390,1266
pre_xx_1648,chr1,54763574,54765146,1572
pre_xx_1649,chr1,54780762,54781880,1118
pre_xx_1650,chr1,54800102,54801742,1640
pre_xx_1651,chr1,54810126,54810795,669
pre_xx_1652,chr1,54885704,54888129,2425
pre_xx_1653,chr1,54905175,54906348,1173
pre_xx_1654,chr1,54922579,54923387,808
pre_xx_1655,chr1,54926930,54929140,2210
pre_xx_1656,chr1,54949900,54951163,1263
pre_xx_1657,chr1,54979918,54981208,1290
pre_xx_1658,chr1,54987464,54988408,944
pre_xx_1659,chr1,54996246,54997838,1592
pre_xx_1660,chr1,54998513,54999206,693
pre_xx_1661,chr1,55021753,55022574,821
pre_xx_1662,chr1,55039093,55040915,1822
pre_xx_1663,chr1,55049015,55050731,1716
pre_xx_1664,chr1,55213730,55216287,2557
pre_xx_1665,chr1,55509229,55509909,680
pre_xx_1666,chr1,55522184,55523342,1158
pre_xx_1667,chr1,55694019,55696817,2798
pre_xx_1668,chr1,56476890,56478118,1228
pre_xx_1669,chr1,56527442,56528367,925
pre_xx_1670,chr1,56576859,56579877,3018
pre_xx_1671,chr1,56644153,56646374,2221
pre_xx_1672,chr1,56797100,56798894,1794
pre_xx_1673,chr1,56810625,56811786,1161
pre_xx_1674,chr1,56817643,56819791,2148
pre_xx_1675,chr1,56820869,56821730,861
pre_xx_1676,chr1,57421993,57425140,3147
pre_xx_1677,chr1,57620382,57621460,1078
pre_xx_1678,chr1,58089292,58090861,1569
pre_xx_1679,chr1,58113012,58113928,916
pre_xx_1680,chr1,58248668,58250709,2041
pre_xx_1681,chr1,58545341,58547067,1726
pre_xx_1682,chr1,58548992,58549854,862
pre_xx_1683,chr1,58576062,58577630,1568
pre_xx_1684,chr1,58699114,58700427,1313
pre_xx_1685,chr1,58779303,58781262,1959
pre_xx_1686,chr1,58781491,58781977,486
pre_xx_1687,chr1,58782693,58785957,3264
pre_xx_1688,chr1,58813932,58816762,2830
pre_xx_1689,chr1,58874247,58875652,1405
pre_xx_1690,chr1,58884598,58885804,1206
pre_xx_1691,chr1,58903179,58904332,1153
pre_xx_1692,chr1,59012828,59014374,1546
pre_xx_1693,chr1,59146417,59147609,1192
pre_xx_1694,chr1,59219914,59221165,1251
pre_xx_1695,chr1,59295622,59297416,1794
pre_xx_1696,chr1,59378033,59379409,1376
pre_xx_1697,chr1,59392757,59394133,1376
pre_xx_1698,chr1,59498422,59500305,1883
pre_xx_1699,chr1,59747081,59748369,1288
pre_xx_1700,chr1,59759069,59759788,719
pre_xx_1701,chr1,59814114,59816258,2144
pre_xx_1702,chr1,59926250,59927373,1123
pre_xx_1703,chr1,59966489,59968257,1768
pre_xx_1704,chr1,59970951,59971785,834
pre_xx_1705,chr1,59976124,59977141,1017
pre_xx_1706,chr1,60279933,60281982,2049
pre_xx_1707,chr1,61011023,61012325,1302
pre_xx_1708,chr1,61012730,61013830,1100
pre_xx_1709,chr1,61042537,61043942,1405
pre_xx_1710,chr1,61049627,61051289,1662
pre_xx_1711,chr1,61056299,61058006,1707
pre_xx_1712,chr1,61076518,61077561,1043
pre_xx_1713,chr1,61077706,61078261,555
pre_xx_1714,chr1,61079414,61080216,802
pre_xx_1715,chr1,61081595,61083882,2287
pre_xx_1716,chr1,61131144,61133333,2189
pre_xx_1717,chr1,61168465,61169571,1106
pre_xx_1718,chr1,61178387,61179397,1010
pre_xx_1719,chr1,61183183,61185005,1822
pre_xx_1720,chr1,61337130,61338501,1371
pre_xx_1721,chr1,61425991,61427850,1859
pre_xx_1722,chr1,61452450,61453838,1388
pre_xx_1723,chr1,61724315,61725750,1435
pre_xx_1724,chr1,61741512,61743591,2079
pre_xx_1725,chr1,61951657,61952941,1284
pre_xx_1726,chr1,61960752,61961410,658
pre_xx_1727,chr1,62170383,62171654,1271
pre_xx_1728,chr1,62181781,62184084,2303
pre_xx_1729,chr1,62194318,62195563,1245
pre_xx_1730,chr1,62262837,62264123,1286
pre_xx_1731,chr1,62285424,62287496,2072
pre_xx_1732,chr1,62318036,62319749,1713
pre_xx_1733,chr1,62376585,62378234,1649
pre_xx_1734,chr1,62435656,62438470,2814
pre_xx_1735,chr1,62687257,62688975,1718
pre_xx_1736,chr1,62689615,62690785,1170
pre_xx_1737,chr1,62782852,62785103,2251
pre_xx_1738,chr1,63073420,63074694,1274
pre_xx_1739,chr1,63316543,63317793,1250
pre_xx_1740,chr1,63322116,63324134,2018
pre_xx_1741,chr1,63366960,63368458,1498
pre_xx_1742,chr1,63522455,63524467,2012
pre_xx_1743,chr1,63589962,63590709,747
pre_xx_1744,chr1,63592801,63594627,1826
pre_xx_1745,chr1,63623583,63624551,968
pre_xx_1746,chr1,63643552,63644382,830
pre_xx_1747,chr1,63773569,63775586,2017
pre_xx_1748,chr1,63833233,63834239,1006
pre_xx_1749,chr1,64183130,64184446,1316
pre_xx_1750,chr1,64469155,64471889,2734
pre_xx_1751,chr1,64474535,64475037,502
pre_xx_1752,chr1,64480814,64481728,914
pre_xx_1753,chr1,64501914,64503677,1763
pre_xx_1754,chr1,64505125,64506604,1479
pre_xx_1755,chr1,64513632,64514726,1094
pre_xx_1756,chr1,64519557,64520589,1032
pre_xx_1757,chr1,64526866,64527528,662
pre_xx_1758,chr1,64536034,64537640,1606
pre_xx_1759,chr1,64567539,64568466,927
pre_xx_1760,chr1,64744090,64746504,2414
pre_xx_1761,chr1,64912288,64913272,984
pre_xx_1762,chr1,64965206,64967666,2460
pre_xx_1763,chr1,65002207,65003566,1359
pre_xx_1764,chr1,65021570,65022453,883
pre_xx_1765,chr1,65065902,65068979,3077
pre_xx_1766,chr1,65147248,65149673,2425
pre_xx_1767,chr1,65253950,65255951,2001
pre_xx_1768,chr1,65264282,65265050,768
pre_xx_1769,chr1,65265253,65266488,1235
pre_xx_1770,chr1,65308758,65310563,1805
pre_xx_1771,chr1,65419552,65421709,2157
pre_xx_1772,chr1,65524865,65526284,1419
pre_xx_1773,chr1,65687323,65688540,1217
pre_xx_1774,chr1,65791826,65793736,1910
pre_xx_1775,chr1,66271035,66272229,1194
pre_xx_1776,chr1,66331369,66332809,1440
pre_xx_1777,chr1,66412510,66414388,1878
pre_xx_1778,chr1,66532778,66534388,1610
pre_xx_1779,chr1,66562989,66564089,1100
pre_xx_1780,chr1,66923919,66925709,1790
pre_xx_1781,chr1,66929732,66931142,1410
pre_xx_1782,chr1,67052530,67054709,2179
pre_xx_1783,chr1,67134189,67135665,1476
pre_xx_1784,chr1,67141298,67142172,874
pre_xx_1785,chr1,67147561,67149509,1948
pre_xx_1786,chr1,67306940,67308408,1468
pre_xx_1787,chr1,67428895,67431296,2401
pre_xx_1788,chr1,67478744,67480068,1324
pre_xx_1789,chr1,67500290,67500832,542
pre_xx_1790,chr1,67645457,67647621,2164
pre_xx_1791,chr1,67684237,67687219,2982
pre_xx_1792,chr1,67735202,67736714,1512
pre_xx_1793,chr1,67747701,67749184,1483
pre_xx_1794,chr1,67759715,67760647,932
pre_xx_1795,chr1,67765693,67766989,1296
pre_xx_1796,chr1,67831289,67833898,2609
pre_xx_1797,chr1,67937054,67938137,1083
pre_xx_1798,chr1,68049663,68050893,1230
pre_xx_1799,chr1,68051295,68052083,788
pre_xx_1800,chr1,68111544,68112323,779
pre_xx_1801,chr1,68140466,68142747,2281
pre_xx_1802,chr1,68173112,68174681,1569
pre_xx_1803,chr1,68230095,68233180,3085
pre_xx_1804,chr1,68291586,68292654,1068
pre_xx_1805,chr1,68293012,68294597,1585
pre_xx_1806,chr1,68322824,68323804,980
pre_xx_1807,chr1,68329011,68330129,1118
pre_xx_1808,chr1,68496014,68497666,1652
pre_xx_1809,chr1,68808112,68809092,980
pre_xx_1810,chr1,69566754,69568951,2197
pre_xx_1811,chr1,69569248,69570552,1304
pre_xx_1812,chr1,70204644,70206725,2081
pre_xx_1813,chr1,70220968,70222070,1102
pre_xx_1814,chr1,70353384,70355174,1790
pre_xx_1815,chr1,70410090,70411830,1740
pre_xx_1816,chr1,70705804,70707471,1667
pre_xx_1817,chr1,71046484,71048197,1713
pre_xx_1818,chr1,71080128,71082059,1931
pre_xx_1819,chr1,72281896,72285304,3408
pre_xx_1820,chr1,74197454,74199212,1758
pre_xx_1821,chr1,74245131,74246789,1658
pre_xx_1822,chr1,74342941,74343856,915
pre_xx_1823,chr1,74395280,74397478,2198
pre_xx_1824,chr1,74419659,74421390,1731
pre_xx_1825,chr1,74673056,74674370,1314
pre_xx_1826,chr1,74732056,74734012,1956
pre_xx_1827,chr1,75134853,75135979,1126
pre_xx_1828,chr1,75136110,75137522,1412
pre_xx_1829,chr1,75614431,75617119,2688
pre_xx_1830,chr1,75723657,75725611,1954
pre_xx_1831,chr1,75785565,75786826,1261
pre_xx_1832,chr1,76073985,76075468,1483
pre_xx_1833,chr1,76153885,76155203,1318
pre_xx_1834,chr1,76441639,76442330,691
pre_xx_1835,chr1,76867232,76869302,2070
pre_xx_1836,chr1,77218350,77220130,1780
pre_xx_1837,chr1,77281445,77283281,1836
pre_xx_1838,chr1,77513842,77515825,1983
pre_xx_1839,chr1,77681691,77683999,2308
pre_xx_1840,chr1,77758615,77760101,1486
pre_xx_1841,chr1,77779000,77780357,1357
pre_xx_1842,chr1,77888018,77890001,1983
pre_xx_1843,chr1,77977906,77980237,2331
pre_xx_1844,chr1,78003873,78005451,1578
pre_xx_1845,chr1,78005667,78006226,559
pre_xx_1846,chr1,78045266,78048058,2792
pre_xx_1847,chr1,78113668,78114704,1036
pre_xx_1848,chr1,78490461,78492086,1625
pre_xx_1849,chr1,78619134,78621001,1867
pre_xx_1850,chr1,78649215,78650759,1544
pre_xx_1851,chr1,79716011,79716856,845
pre_xx_1852,chr1,80891330,80893583,2253
pre_xx_1853,chr1,81237236,81239373,2137
pre_xx_1854,chr1,81305732,81306741,1009
pre_xx_1855,chr1,81477493,81478842,1349
pre_xx_1856,chr1,81669946,81671491,1545
pre_xx_1857,chr1,81680888,81682794,1906
pre_xx_1858,chr1,81799959,81803757,3798
pre_xx_1859,chr1,81833585,81834596,1011
pre_xx_1860,chr1,81852727,81853446,719
pre_xx_1861,chr1,81919902,81920784,882
pre_xx_1862,chr1,82160999,82162762,1763
pre_xx_1863,chr1,82485094,82486979,1885
pre_xx_1864,chr1,83640854,83642740,1886
pre_xx_1865,chr1,83692464,83694033,1569
pre_xx_1866,chr1,83860266,83861261,995
pre_xx_1867,chr1,83998292,83999651,1359
pre_xx_1868,chr1,84077169,84079085,1916
pre_xx_1869,chr1,84271217,84272813,1596
pre_xx_1870,chr1,84298039,84299421,1382
pre_xx_1871,chr1,84301030,84301727,697
pre_xx_1872,chr1,84302480,84303634,1154
pre_xx_1873,chr1,84433208,84434109,901
pre_xx_1874,chr1,84478756,84480340,1584
pre_xx_1875,chr1,84504625,84507135,2510
pre_xx_1876,chr1,84572940,84574864,1924
pre_xx_1877,chr1,84602920,84604812,1892
pre_xx_1878,chr1,84619132,84620027,895
pre_xx_1879,chr1,84620246,84621292,1046
pre_xx_1880,chr1,84689347,84691307,1960
pre_xx_1881,chr1,84753193,84754664,1471
pre_xx_1882,chr1,84892321,84893690,1369
pre_xx_1883,chr1,84944533,84945504,971
pre_xx_1884,chr1,84996421,84998655,2234
pre_xx_1885,chr1,85047092,85049037,1945
pre_xx_1886,chr1,85061448,85062732,1284
pre_xx_1887,chr1,85131923,85132864,941
pre_xx_1888,chr1,85200047,85202288,2241
pre_xx_1889,chr1,85224052,85226342,2290
pre_xx_1890,chr1,85258467,85260346,1879
pre_xx_1891,chr1,85275664,85277124,1460
pre_xx_1892,chr1,85279259,85279887,628
pre_xx_1893,chr1,85307653,85308726,1073
pre_xx_1894,chr1,85463802,85465557,1755
pre_xx_1895,chr1,85571136,85572139,1003
pre_xx_1896,chr1,85573344,85573758,414
pre_xx_1897,chr1,85576271,85577399,1128
pre_xx_1898,chr1,85577565,85578788,1223
pre_xx_1899,chr1,85580151,85581813,1662
pre_xx_1900,chr1,85582027,85584887,2860
pre_xx_1901,chr1,85706960,85709098,2138
pre_xx_1902,chr1,86154555,86157301,2746
pre_xx_1903,chr1,86395180,86396874,1694
pre_xx_1904,chr1,86502000,86504448,2448
pre_xx_1905,chr1,86703664,86706279,2615
pre_xx_1906,chr1,86773347,86775227,1880
pre_xx_1907,chr1,86913432,86915951,2519
pre_xx_1908,chr1,87131565,87133015,1450
pre_xx_1909,chr1,87151183,87152400,1217
pre_xx_1910,chr1,87225906,87226893,987
pre_xx_1911,chr1,87327906,87329547,1641
pre_xx_1912,chr1,87331112,87332117,1005
pre_xx_1913,chr1,87334380,87335790,1410
pre_xx_1914,chr1,87513064,87515032,1968
pre_xx_1915,chr1,87642110,87643325,1215
pre_xx_1916,chr1,87683458,87686635,3177
pre_xx_1917,chr1,87795085,87797713,2628
pre_xx_1918,chr1,88175293,88176307,1014
pre_xx_1919,chr1,88357428,88358537,1109
pre_xx_1920,chr1,88462131,88463850,1719
pre_xx_1921,chr1,88682769,88685426,2657
pre_xx_1922,chr1,88890201,88892243,2042
pre_xx_1923,chr1,88983797,88985634,1837
pre_xx_1924,chr1,88991265,88993957,2692
pre_xx_1925,chr1,88998691,89000140,1449
pre_xx_1926,chr1,89021272,89023134,1862
pre_xx_1927,chr1,89125268,89126425,1157
pre_xx_1928,chr1,89197558,89199428,1870
pre_xx_1929,chr1,89219116,89220643,1527
pre_xx_1930,chr1,89357739,89358880,1141
pre_xx_1931,chr1,89424860,89425722,862
pre_xx_1932,chr1,89523577,89525654,2077
pre_xx_1933,chr1,89631921,89634517,2596
pre_xx_1934,chr1,89691987,89693373,1386
pre_xx_1935,chr1,89761943,89763907,1964
pre_xx_1936,chr1,89820376,89822369,1993
pre_xx_1937,chr1,89842602,89844176,1574
pre_xx_1938,chr1,89994386,89996282,1896
pre_xx_1939,chr1,90134174,90135752,1578
pre_xx_1940,chr1,90706253,90707713,1460
pre_xx_1941,chr1,90717165,90719044,1879
pre_xx_1942,chr1,90724849,90726225,1376
pre_xx_1943,chr1,90834470,90836645,2175
pre_xx_1944,chr1,90850476,90852230,1754
pre_xx_1945,chr1,91020564,91022491,1927
pre_xx_1946,chr1,91403954,91405165,1211
pre_xx_1947,chr1,91499917,91502105,2188
pre_xx_1948,chr1,91574716,91575960,1244
pre_xx_1949,chr1,91578197,91579222,1025
pre_xx_1950,chr1,91617150,91617845,695
pre_xx_1951,chr1,91698939,91700281,1342
pre_xx_1952,chr1,91730798,91733064,2266
pre_xx_1953,chr1,91736226,91737555,1329
pre_xx_1954,chr1,91754173,91756349,2176
pre_xx_1955,chr1,91790296,91791505,1209
pre_xx_1956,chr1,91805169,91807252,2083
pre_xx_1957,chr1,91816976,91818697,1721
pre_xx_1958,chr1,91844857,91846626,1769
pre_xx_1959,chr1,91850653,91852216,1563
pre_xx_1960,chr1,91884491,91887005,2514
pre_xx_1961,chr1,92029344,92031162,1818
pre_xx_1962,chr1,92079785,92081103,1318
pre_xx_1963,chr1,92298209,92300057,1848
pre_xx_1964,chr1,92480208,92481445,1237
pre_xx_1965,chr1,92483358,92484021,663
pre_xx_1966,chr1,92484332,92485043,711
pre_xx_1967,chr1,92485084,92487091,2007
pre_xx_1968,chr1,92783594,92785699,2105
pre_xx_1969,chr1,92831440,92833036,1596
pre_xx_1970,chr1,92851483,92852667,1184
pre_xx_1971,chr1,92858612,92860022,1410
pre_xx_1972,chr1,92960320,92962685,2365
pre_xx_1973,chr1,93078305,93080744,2439
pre_xx_1974,chr1,93179020,93181286,2266
pre_xx_1975,chr1,93344898,93347339,2441
pre_xx_1976,chr1,93446869,93449660,2791
pre_xx_1977,chr1,93552360,93553490,1130
pre_xx_1978,chr1,93584156,93585699,1543
pre_xx_1979,chr1,93659671,93660701,1030
pre_xx_1980,chr1,93664291,93665299,1008
pre_xx_1981,chr1,93670068,93670560,492
pre_xx_1982,chr1,93679940,93682250,2310
pre_xx_1983,chr1,93690994,93691748,754
pre_xx_1984,chr1,93708498,93709611,1113
pre_xx_1985,chr1,93715124,93716333,1209
pre_xx_1986,chr1,93730010,93732852,2842
pre_xx_1987,chr1,93749437,93750327,890
pre_xx_1988,chr1,93767927,93769609,1682
pre_xx_1989,chr1,93813553,93814361,808
pre_xx_1990,chr1,93814656,93815674,1018
pre_xx_1991,chr1,93845497,93848267,2770
pre_xx_1992,chr1,93878138,93880057,1919
pre_xx_1993,chr1,93908503,93910064,1561
pre_xx_1994,chr1,94036660,94037530,870
pre_xx_1995,chr1,94045121,94046131,1010
pre_xx_1996,chr1,94063084,94064322,1238
pre_xx_1997,chr1,94068009,94070122,2113
pre_xx_1998,chr1,94077995,94079980,1985
pre_xx_1999,chr1,94093909,94095909,2000
pre_xx_2000,chr1,94100662,94102211,1549
pre_xx_2001,chr1,94115783,94117212,1429
pre_xx_2002,chr1,94235808,94238269,2461
pre_xx_2003,chr1,94246066,94248051,1985
pre_xx_2004,chr1,94272290,94273838,1548
pre_xx_2005,chr1,94280919,94282106,1187
pre_xx_2006,chr1,94317201,94318279,1078
pre_xx_2007,chr1,94334172,94336872,2700
pre_xx_2008,chr1,94417167,94419387,2220
pre_xx_2009,chr1,94540857,94542689,1832
pre_xx_2010,chr1,94657767,94658629,862
pre_xx_2011,chr1,94734556,94736084,1528
pre_xx_2012,chr1,94805687,94807284,1597
pre_xx_2013,chr1,94819282,94821200,1918
pre_xx_2014,chr1,94854214,94855456,1242
pre_xx_2015,chr1,94883379,94884825,1446
pre_xx_2016,chr1,94925142,94927947,2805
pre_xx_2017,chr1,94949658,94950461,803
pre_xx_2018,chr1,95043180,95043956,776
pre_xx_2019,chr1,95071983,95073650,1667
pre_xx_2020,chr1,95116642,95118185,1543
pre_xx_2021,chr1,95232541,95234786,2245
pre_xx_2022,chr1,96720952,96722908,1956
pre_xx_2023,chr1,97919786,97921713,1927
pre_xx_2024,chr1,98034118,98035103,985
pre_xx_2025,chr1,98044602,98046370,1768
pre_xx_2026,chr1,98048059,98048759,700
pre_xx_2027,chr1,98052955,98054617,1662
pre_xx_2028,chr1,98660543,98662797,2254
pre_xx_2029,chr1,99003707,99005805,2098
pre_xx_2030,chr1,99263757,99265057,1300
pre_xx_2031,chr1,99645174,99646576,1402
pre_xx_2032,chr1,99765959,99766847,888
pre_xx_2033,chr1,99808250,99809325,1075
pre_xx_2034,chr1,99849459,99851086,1627
pre_xx_2035,chr1,99943081,99944420,1339
pre_xx_2036,chr1,99969184,99970977,1793
pre_xx_2037,chr1,100037083,100039288,2205
pre_xx_2038,chr1,100126975,100127827,852
pre_xx_2039,chr1,100132290,100133792,1502
pre_xx_2040,chr1,100248839,100250292,1453
pre_xx_2041,chr1,100265375,100267153,1778
pre_xx_2042,chr1,100350905,100353373,2468
pre_xx_2043,chr1,100354897,100355211,314
pre_xx_2044,chr1,100538041,100540224,2183
pre_xx_2045,chr1,100894440,100896995,2555
pre_xx_2046,chr1,101024713,101026592,1879
pre_xx_2047,chr1,101203871,101205196,1325
pre_xx_2048,chr1,101235257,101237795,2538
pre_xx_2049,chr1,101237983,101239643,1660
pre_xx_2050,chr1,101288085,101288989,904
pre_xx_2051,chr1,101309008,101310883,1875
pre_xx_2052,chr1,101357145,101357899,754
pre_xx_2053,chr1,101483989,101486249,2260
pre_xx_2054,chr1,101846329,101847979,1650
pre_xx_2055,chr1,101995996,101997400,1404
pre_xx_2056,chr1,103106348,103109491,3143
pre_xx_2057,chr1,103524826,103526644,1818
pre_xx_2058,chr1,104488130,104489248,1118
pre_xx_2059,chr1,104631678,104632646,968
pre_xx_2060,chr1,105632000,105633720,1720
pre_xx_2061,chr1,105723088,105724863,1775
pre_xx_2062,chr1,106583943,106585207,1264
pre_xx_2063,chr1,107055670,107058301,2631
pre_xx_2064,chr1,107139586,107142396,2810
pre_xx_2065,chr1,107479866,107481303,1437
pre_xx_2066,chr1,107963094,107966028,2934
pre_xx_2067,chr1,108199089,108201371,2282
pre_xx_2068,chr1,108559098,108561258,2160
pre_xx_2069,chr1,108660797,108661848,1051
pre_xx_2070,chr1,108691541,108693655,2114
pre_xx_2071,chr1,108746121,108747656,1535
pre_xx_2072,chr1,108876038,108878366,2328
pre_xx_2073,chr1,108962493,108964504,2011
pre_xx_2074,chr1,109040671,109042613,1942
pre_xx_2075,chr1,109075137,109076617,1480
pre_xx_2076,chr1,109090118,109091763,1645
pre_xx_2077,chr1,109099606,109101314,1708
pre_xx_2078,chr1,109112078,109114923,2845
pre_xx_2079,chr1,109133280,109135320,2040
pre_xx_2080,chr1,109180678,109182024,1346
pre_xx_2081,chr1,109193674,109194651,977
pre_xx_2082,chr1,109213315,109215267,1952
pre_xx_2083,chr1,109239325,109241113,1788
pre_xx_2084,chr1,109248957,109250402,1445
pre_xx_2085,chr1,109253292,109255653,2361
pre_xx_2086,chr1,109262855,109264311,1456
pre_xx_2087,chr1,109274361,109275107,746
pre_xx_2088,chr1,109277211,109277901,690
pre_xx_2089,chr1,109282585,109285514,2929
pre_xx_2090,chr1,109356567,109358405,1838
pre_xx_2091,chr1,109396913,109398600,1687
pre_xx_2092,chr1,109425159,109427533,2374
pre_xx_2093,chr1,109466049,109467627,1578
pre_xx_2094,chr1,109482946,109484792,1846
pre_xx_2095,chr1,109493247,109494542,1295
pre_xx_2096,chr1,109497444,109498702,1258
pre_xx_2097,chr1,109508943,109510602,1659
pre_xx_2098,chr1,109529719,109531047,1328
pre_xx_2099,chr1,109531380,109533156,1776
pre_xx_2100,chr1,109546174,109546935,761
pre_xx_2101,chr1,109547679,109549321,1642
pre_xx_2102,chr1,109619420,109621325,1905
pre_xx_2103,chr1,109623472,109624355,883
pre_xx_2104,chr1,109643132,109644270,1138
pre_xx_2105,chr1,109648695,109649925,1230
pre_xx_2106,chr1,109655325,109656985,1660
pre_xx_2107,chr1,109659760,109660374,614
pre_xx_2108,chr1,109667400,109668775,1375
pre_xx_2109,chr1,109687097,109688734,1637
pre_xx_2110,chr1,109711629,109712867,1238
pre_xx_2111,chr1,109739408,109741254,1846
pre_xx_2112,chr1,109773424,109774013,589
pre_xx_2113,chr1,109776452,109777452,1000
pre_xx_2114,chr1,109791776,109792895,1119
pre_xx_2115,chr1,109876965,109877839,874
pre_xx_2116,chr1,109910030,109911969,1939
pre_xx_2117,chr1,109984095,109986208,2113
pre_xx_2118,chr1,110029452,110029997,545
pre_xx_2119,chr1,110034105,110035756,1651
pre_xx_2120,chr1,110057796,110059741,1945
pre_xx_2121,chr1,110067332,110068517,1185
pre_xx_2122,chr1,110068775,110071138,2363
pre_xx_2123,chr1,110083451,110085294,1843
pre_xx_2124,chr1,110105587,110106652,1065
pre_xx_2125,chr1,110129672,110130758,1086
pre_xx_2126,chr1,110150167,110151581,1414
pre_xx_2127,chr1,110155699,110156279,580
pre_xx_2128,chr1,110176017,110176944,927
pre_xx_2129,chr1,110209474,110211806,2332
pre_xx_2130,chr1,110212023,110212721,698
pre_xx_2131,chr1,110214933,110216223,1290
pre_xx_2132,chr1,110234852,110236676,1824
pre_xx_2133,chr1,110281556,110282685,1129
pre_xx_2134,chr1,110312291,110312986,695
pre_xx_2135,chr1,110337721,110340424,2703
pre_xx_2136,chr1,110390076,110391328,1252
pre_xx_2137,chr1,110406943,110408219,1276
pre_xx_2138,chr1,110412369,110414058,1689
pre_xx_2139,chr1,110434798,110435440,642
pre_xx_2140,chr1,110494613,110496342,1729
pre_xx_2141,chr1,110523962,110524966,1004
pre_xx_2142,chr1,110554917,110556847,1930
pre_xx_2143,chr1,110605836,110608128,2292
pre_xx_2144,chr1,110619196,110620251,1055
pre_xx_2145,chr1,110673997,110675688,1691
pre_xx_2146,chr1,110963008,110964547,1539
pre_xx_2147,chr1,111139230,111140942,1712
pre_xx_2148,chr1,111161576,111162866,1290
pre_xx_2149,chr1,111203470,111204871,1401
pre_xx_2150,chr1,111222359,111223306,947
pre_xx_2151,chr1,111345789,111347433,1644
pre_xx_2152,chr1,111368851,111370305,1454
pre_xx_2153,chr1,111448018,111449981,1963
pre_xx_2154,chr1,111481451,111482407,956
pre_xx_2155,chr1,111507342,111508730,1388
pre_xx_2156,chr1,111515229,111516856,1627
pre_xx_2157,chr1,111591740,111593848,2108
pre_xx_2158,chr1,111618910,111620910,2000
pre_xx_2159,chr1,111737821,111740582,2761
pre_xx_2160,chr1,111754840,111756766,1926
pre_xx_2161,chr1,111988789,111991782,2993
pre_xx_2162,chr1,112248937,112250073,1136
pre_xx_2163,chr1,112369451,112371548,2097
pre_xx_2164,chr1,112390324,112391386,1062
pre_xx_2165,chr1,112395243,112397351,2108
pre_xx_2166,chr1,112464474,112466669,2195
pre_xx_2167,chr1,112501701,112503122,1421
pre_xx_2168,chr1,112503819,112504987,1168
pre_xx_2169,chr1,112507805,112509647,1842
pre_xx_2170,chr1,112523812,112525134,1322
pre_xx_2171,chr1,112618143,112620487,2344
pre_xx_2172,chr1,112671705,112672587,882
pre_xx_2173,chr1,112673559,112675750,2191
pre_xx_2174,chr1,112698284,112699562,1278
pre_xx_2175,chr1,112700227,112701288,1061
pre_xx_2176,chr1,112704529,112705457,928
pre_xx_2177,chr1,112705919,112707912,1993
pre_xx_2178,chr1,112713888,112716588,2700
pre_xx_2179,chr1,112718705,112719036,331
pre_xx_2180,chr1,112721960,112723730,1770
pre_xx_2181,chr1,112743236,112744645,1409
pre_xx_2182,chr1,112803824,112804525,701
pre_xx_2183,chr1,112809049,112809719,670
pre_xx_2184,chr1,112849250,112850530,1280
pre_xx_2185,chr1,112880783,112882810,2027
pre_xx_2186,chr1,112955020,112957080,2060
pre_xx_2187,chr1,112997735,112999324,1589
pre_xx_2188,chr1,113041696,113043205,1509
pre_xx_2189,chr1,113072298,113074078,1780
pre_xx_2190,chr1,113124247,113125766,1519
pre_xx_2191,chr1,113216627,113218362,1735
pre_xx_2192,chr1,113389357,113392044,2687
pre_xx_2193,chr1,113758009,113760076,2067
pre_xx_2194,chr1,113810967,113813061,2094
pre_xx_2195,chr1,113903970,113905826,1856
pre_xx_2196,chr1,113912513,113913577,1064
pre_xx_2197,chr1,113928162,113931115,2953
pre_xx_2198,chr1,113946136,113948036,1900
pre_xx_2199,chr1,113978811,113980475,1664
pre_xx_2200,chr1,113982006,113983720,1714
pre_xx_2201,chr1,114152228,114155334,3106
pre_xx_2202,chr1,114345620,114347082,1462
pre_xx_2203,chr1,114352682,114353714,1032
pre_xx_2204,chr1,114509677,114512237,2560
pre_xx_2205,chr1,114580884,114582265,1381
pre_xx_2206,chr1,114669232,114670758,1526
pre_xx_2207,chr1,114715812,114717286,1474
pre_xx_2208,chr1,114756716,114758380,1664
pre_xx_2209,chr1,114779792,114780999,1207
pre_xx_2210,chr1,114948336,114949920,1584
pre_xx_2211,chr1,115056233,115056867,634
pre_xx_2212,chr1,115084710,115085617,907
pre_xx_2213,chr1,115088815,115090676,1861
pre_xx_2214,chr1,115098843,115099945,1102
pre_xx_2215,chr1,115138610,115139415,805
pre_xx_2216,chr1,115337134,115338756,1622
pre_xx_2217,chr1,115450200,115451253,1053
pre_xx_2218,chr1,115478592,115479810,1218
pre_xx_2219,chr1,115531222,115532817,1595
pre_xx_2220,chr1,115595239,115596182,943
pre_xx_2221,chr1,115641390,115643957,2567
pre_xx_2222,chr1,115771410,115772257,847
pre_xx_2223,chr1,115827638,115829604,1966
pre_xx_2224,chr1,115837464,115839989,2525
pre_xx_2225,chr1,115975617,115977386,1769
pre_xx_2226,chr1,116039663,116040754,1091
pre_xx_2227,chr1,116138657,116139701,1044
pre_xx_2228,chr1,116150973,116152625,1652
pre_xx_2229,chr1,116167437,116168774,1337
pre_xx_2230,chr1,116318551,116319444,893
pre_xx_2231,chr1,116329565,116330756,1191
pre_xx_2232,chr1,116364915,116366054,1139
pre_xx_2233,chr1,116372207,116374615,2408
pre_xx_2234,chr1,116382288,116383769,1481
pre_xx_2235,chr1,116415329,116416556,1227
pre_xx_2236,chr1,116417989,116419047,1058
pre_xx_2237,chr1,116484840,116485601,761
pre_xx_2238,chr1,116569723,116571765,2042
pre_xx_2239,chr1,116666242,116668125,1883
pre_xx_2240,chr1,116824752,116826334,1582
pre_xx_2241,chr1,116853565,116856347,2782
pre_xx_2242,chr1,116877840,116879750,1910
pre_xx_2243,chr1,116908947,116911118,2171
pre_xx_2244,chr1,116914795,116916511,1716
pre_xx_2245,chr1,116946881,116947782,901
pre_xx_2246,chr1,117059313,117060974,1661
pre_xx_2247,chr1,117120758,117122696,1938
pre_xx_2248,chr1,117178856,117181252,2396
pre_xx_2249,chr1,117187347,117189563,2216
pre_xx_2250,chr1,117244041,117245718,1677
pre_xx_2251,chr1,117365715,117368266,2551
pre_xx_2252,chr1,117605016,117607314,2298
pre_xx_2253,chr1,117758377,117759585,1208
pre_xx_2254,chr1,117928610,117930845,2235
pre_xx_2255,chr1,118184578,118185708,1130
pre_xx_2256,chr1,118503515,118505266,1751
pre_xx_2257,chr1,118978813,118980104,1291
pre_xx_2258,chr1,118984146,118985156,1010
pre_xx_2259,chr1,118987155,118988469,1314
pre_xx_2260,chr1,118992969,118993923,954
pre_xx_2261,chr1,118999287,119001818,2531
pre_xx_2262,chr1,119007376,119009306,1930
pre_xx_2263,chr1,119139495,119141325,1830
pre_xx_2264,chr1,119326781,119328217,1436
pre_xx_2265,chr1,119332358,119333412,1054
pre_xx_2266,chr1,119372378,119373711,1333
pre_xx_2267,chr1,119451963,119453957,1994
pre_xx_2268,chr1,119482242,119484106,1864
pre_xx_2269,chr1,119553181,119555076,1895
pre_xx_2270,chr1,119613564,119614235,671
pre_xx_2271,chr1,119617376,119619194,1818
pre_xx_2272,chr1,119630792,119632324,1532
pre_xx_2273,chr1,119646789,119648809,2020
pre_xx_2274,chr1,119674746,119676308,1562
pre_xx_2275,chr1,119711622,119714339,2717
pre_xx_2276,chr1,119736882,119737858,976
pre_xx_2277,chr1,119747070,119748238,1168
pre_xx_2278,chr1,120175588,120177393,1805
pre_xx_2279,chr1,120178809,120180397,1588
pre_xx_2280,chr1,120414830,120416049,1219
pre_xx_2281,chr1,120558201,120559464,1263
pre_xx_2282,chr1,120723433,120724773,1340
pre_xx_2283,chr1,120843999,120845191,1192
pre_xx_2284,chr1,120850005,120851445,1440
pre_xx_2285,chr1,120941930,120942838,908
pre_xx_2286,chr1,121097109,121098163,1054
pre_xx_2287,chr1,121184287,121185091,804
pre_xx_2288,chr1,121395727,121397340,1613
pre_xx_2289,chr1,121518558,121520120,1562
pre_xx_2290,chr1,143697682,143700159,2477
pre_xx_2291,chr1,143719661,143721158,1497
pre_xx_2292,chr1,143733833,143734653,820
pre_xx_2293,chr1,143735606,143736932,1326
pre_xx_2294,chr1,143884375,143885279,904
pre_xx_2295,chr1,144411891,144413433,1542
pre_xx_2296,chr1,144418675,144419571,896
pre_xx_2297,chr1,144460777,144461732,955
pre_xx_2298,chr1,144545811,144547047,1236
pre_xx_2299,chr1,144551056,144552445,1389
pre_xx_2300,chr1,145280408,145281842,1434
pre_xx_2301,chr1,145286976,145287932,956
pre_xx_2302,chr1,145424455,145426331,1876
pre_xx_2303,chr1,145607710,145608410,700
pre_xx_2304,chr1,145720605,145721907,1302
pre_xx_2305,chr1,145823452,145824930,1478
pre_xx_2306,chr1,145844917,145846558,1641
pre_xx_2307,chr1,145858291,145860258,1967
pre_xx_2308,chr1,145871531,145873235,1704
pre_xx_2309,chr1,145885298,145887045,1747
pre_xx_2310,chr1,145891647,145893241,1594
pre_xx_2311,chr1,145917716,145919888,2172
pre_xx_2312,chr1,145926514,145928065,1551
pre_xx_2313,chr1,145956628,145958275,1647
pre_xx_2314,chr1,145960283,145960985,702
pre_xx_2315,chr1,145964167,145965023,856
pre_xx_2316,chr1,145977356,145977910,554
pre_xx_2317,chr1,145978752,145980648,1896
pre_xx_2318,chr1,145995643,145997427,1784
pre_xx_2319,chr1,146018631,146020140,1509
pre_xx_2320,chr1,146035332,146036049,717
pre_xx_2321,chr1,146036611,146038415,1804
pre_xx_2322,chr1,146038565,146039633,1068
pre_xx_2323,chr1,146051090,146052875,1785
pre_xx_2324,chr1,146369654,146370379,725
pre_xx_2325,chr1,146376252,146377469,1217
pre_xx_2326,chr1,146386718,146388149,1431
pre_xx_2327,chr1,146472097,146473113,1016
pre_xx_2328,chr1,146486230,146487443,1213
pre_xx_2329,chr1,146938154,146939983,1829
pre_xx_2330,chr1,147072389,147073351,962
pre_xx_2331,chr1,147077996,147080535,2539
pre_xx_2332,chr1,147083919,147085648,1729
pre_xx_2333,chr1,147171443,147173647,2204
pre_xx_2334,chr1,147224669,147226390,1721
pre_xx_2335,chr1,147242110,147244110,2000
pre_xx_2336,chr1,147504199,147506095,1896
pre_xx_2337,chr1,147509290,147510737,1447
pre_xx_2338,chr1,147540173,147542304,2131
pre_xx_2339,chr1,147545013,147545507,494
pre_xx_2340,chr1,147598571,147600828,2257
pre_xx_2341,chr1,147640608,147642308,1700
pre_xx_2342,chr1,147669204,147670997,1793
pre_xx_2343,chr1,147699607,147700773,1166
pre_xx_2344,chr1,147896695,147897793,1098
pre_xx_2345,chr1,147928113,147928813,700
pre_xx_2346,chr1,148013091,148014969,1878
pre_xx_2347,chr1,148038235,148039014,779
pre_xx_2348,chr1,148150774,148152413,1639
pre_xx_2349,chr1,148159644,148161842,2198
pre_xx_2350,chr1,148262738,148264235,1497
pre_xx_2351,chr1,148279730,148280821,1091
pre_xx_2352,chr1,148317289,148318921,1632
pre_xx_2353,chr1,148333959,148335606,1647
pre_xx_2354,chr1,148336049,148337575,1526
pre_xx_2355,chr1,148361008,148363079,2071
pre_xx_2356,chr1,148387574,148389232,1658
pre_xx_2357,chr1,148401935,148403299,1364
pre_xx_2358,chr1,148458388,148459931,1543
pre_xx_2359,chr1,148521977,148523201,1224
pre_xx_2360,chr1,148951369,148952695,1326
pre_xx_2361,chr1,149557947,149558844,897
pre_xx_2362,chr1,149636094,149637011,917
pre_xx_2363,chr1,149708179,149708891,712
pre_xx_2364,chr1,149792509,149793972,1463
pre_xx_2365,chr1,149811952,149812709,757
pre_xx_2366,chr1,149812988,149813790,802
pre_xx_2367,chr1,149843159,149844982,1823
pre_xx_2368,chr1,149848203,149850338,2135
pre_xx_2369,chr1,149884731,149889103,4372
pre_xx_2370,chr1,149899151,149900524,1373
pre_xx_2371,chr1,149915978,149918203,2225
pre_xx_2372,chr1,149927090,149928646,1556
pre_xx_2373,chr1,149935852,149937472,1620
pre_xx_2374,chr1,149938772,149939842,1070
pre_xx_2375,chr1,150008869,150011114,2245
pre_xx_2376,chr1,150066631,150068327,1696
pre_xx_2377,chr1,150148832,150151448,2616
pre_xx_2378,chr1,150162247,150163681,1434
pre_xx_2379,chr1,150213186,150214390,1204
pre_xx_2380,chr1,150233520,150236673,3153
pre_xx_2381,chr1,150255351,150256234,883
pre_xx_2382,chr1,150257571,150258356,785
pre_xx_2383,chr1,150259227,150260528,1301
pre_xx_2384,chr1,150267987,150269618,1631
pre_xx_2385,chr1,150281137,150283297,2160
pre_xx_2386,chr1,150293123,150294636,1513
pre_xx_2387,chr1,150320814,150322127,1313
pre_xx_2388,chr1,150363114,150365118,2004
pre_xx_2389,chr1,150486733,150488109,1376
pre_xx_2390,chr1,150514837,150516931,2094
pre_xx_2391,chr1,150548628,150551064,2436
pre_xx_2392,chr1,150552008,150552906,898
pre_xx_2393,chr1,150560764,150562670,1906
pre_xx_2394,chr1,150563699,150563925,226
pre_xx_2395,chr1,150567306,150568634,1328
pre_xx_2396,chr1,150571930,150572519,589
pre_xx_2397,chr1,150573065,150573487,422
pre_xx_2398,chr1,150573584,150574002,418
pre_xx_2399,chr1,150574584,150575005,421
pre_xx_2400,chr1,150578483,150580023,1540
pre_xx_2401,chr1,150604237,150605195,958
pre_xx_2402,chr1,150619527,150620313,786
pre_xx_2403,chr1,150627878,150630113,2235
pre_xx_2404,chr1,150696078,150697814,1736
pre_xx_2405,chr1,150709675,150711064,1389
pre_xx_2406,chr1,150875389,150877142,1753
pre_xx_2407,chr1,150886561,150887450,889
pre_xx_2408,chr1,150919278,150920189,911
pre_xx_2409,chr1,150925516,150926818,1302
pre_xx_2410,chr1,150971235,150972244,1009
pre_xx_2411,chr1,150973300,150975353,2053
pre_xx_2412,chr1,150979081,150979940,859
pre_xx_2413,chr1,150981049,150982592,1543
pre_xx_2414,chr1,151005754,151007047,1293
pre_xx_2415,chr1,151007779,151009220,1441
pre_xx_2416,chr1,151047321,151048804,1483
pre_xx_2417,chr1,151058620,151060669,2049
pre_xx_2418,chr1,151069678,151071406,1728
pre_xx_2419,chr1,151130941,151133906,2965
pre_xx_2420,chr1,151144717,151147366,2649
pre_xx_2421,chr1,151164586,151166810,2224
pre_xx_2422,chr1,151188813,151190580,1767
pre_xx_2423,chr1,151197819,151200557,2738
pre_xx_2424,chr1,151254179,151255921,1742
pre_xx_2425,chr1,151280842,151283621,2779
pre_xx_2426,chr1,151300680,151301363,683
pre_xx_2427,chr1,151326015,151328349,2334
pre_xx_2428,chr1,151340531,151341570,1039
pre_xx_2429,chr1,151345911,151347714,1803
pre_xx_2430,chr1,151367406,151368385,979
pre_xx_2431,chr1,151371292,151372911,1619
pre_xx_2432,chr1,151398525,151400231,1706
pre_xx_2433,chr1,151457537,151459872,2335
pre_xx_2434,chr1,151472833,151473781,948
pre_xx_2435,chr1,151510651,151512165,1514
pre_xx_2436,chr1,151539277,151541382,2105
pre_xx_2437,chr1,151546871,151547592,721
pre_xx_2438,chr1,151565050,151566329,1279
pre_xx_2439,chr1,151593647,151594520,873
pre_xx_2440,chr1,151611256,151613833,2577
pre_xx_2441,chr1,151715076,151717465,2389
pre_xx_2442,chr1,151720625,151721895,1270
pre_xx_2443,chr1,151727736,151729001,1265
pre_xx_2444,chr1,151734715,151735439,724
pre_xx_2445,chr1,151762722,151764211,1489
pre_xx_2446,chr1,151789950,151791607,1657
pre_xx_2447,chr1,151825309,151826363,1054
pre_xx_2448,chr1,151828771,151829659,888
pre_xx_2449,chr1,151832480,151832981,501
pre_xx_2450,chr1,151836302,151837170,868
pre_xx_2451,chr1,151837749,151839128,1379
pre_xx_2452,chr1,151839318,151840376,1058
pre_xx_2453,chr1,151909021,151910309,1288
pre_xx_2454,chr1,151940433,151941872,1439
pre_xx_2455,chr1,151972431,151973503,1072
pre_xx_2456,chr1,151992242,151994558,2316
pre_xx_2457,chr1,152000845,152002124,1279
pre_xx_2458,chr1,152034223,152037615,3392
pre_xx_2459,chr1,152047540,152048757,1217
pre_xx_2460,chr1,152110297,152111947,1650
pre_xx_2461,chr1,152188424,152190100,1676
pre_xx_2462,chr1,152514952,152515860,908
pre_xx_2463,chr1,153119087,153120049,962
pre_xx_2464,chr1,153122653,153123300,647
pre_xx_2465,chr1,153220173,153221484,1311
pre_xx_2466,chr1,153260364,153262563,2199
pre_xx_2467,chr1,153343052,153344570,1518
pre_xx_2468,chr1,153506465,153507607,1142
pre_xx_2469,chr1,153525288,153526969,1681
pre_xx_2470,chr1,153532705,153533555,850
pre_xx_2471,chr1,153535341,153536606,1265
pre_xx_2472,chr1,153544695,153546013,1318
pre_xx_2473,chr1,153565554,153566946,1392
pre_xx_2474,chr1,153568076,153568998,922
pre_xx_2475,chr1,153608101,153609755,1654
pre_xx_2476,chr1,153611739,153613270,1531
pre_xx_2477,chr1,153626549,153627902,1353
pre_xx_2478,chr1,153633342,153634634,1292
pre_xx_2479,chr1,153658092,153659485,1393
pre_xx_2480,chr1,153670115,153672191,2076
pre_xx_2481,chr1,153677547,153680496,2949
pre_xx_2482,chr1,153684673,153685903,1230
pre_xx_2483,chr1,153696673,153699062,2389
pre_xx_2484,chr1,153727280,153729170,1890
pre_xx_2485,chr1,153748895,153749751,856
pre_xx_2486,chr1,153774679,153776387,1708
pre_xx_2487,chr1,153779853,153780497,644
pre_xx_2488,chr1,153782985,153784015,1030
pre_xx_2489,chr1,153880500,153882250,1750
pre_xx_2490,chr1,153921515,153923880,2365
pre_xx_2491,chr1,153945094,153946938,1844
pre_xx_2492,chr1,153957370,153959158,1788
pre_xx_2493,chr1,153963154,153964399,1245
pre_xx_2494,chr1,153967020,153968752,1732
pre_xx_2495,chr1,153976660,153978286,1626
pre_xx_2496,chr1,153985062,153987061,1999
pre_xx_2497,chr1,153990183,153991108,925
pre_xx_2498,chr1,153992599,153993871,1272
pre_xx_2499,chr1,154001294,154002122,828
pre_xx_2500,chr1,154181916,154183686,1770
pre_xx_2501,chr1,154198878,154199787,909
pre_xx_2502,chr1,154219564,154222057,2493
pre_xx_2503,chr1,154271601,154273319,1718
pre_xx_2504,chr1,154290804,154292149,1345
pre_xx_2505,chr1,154324299,154326580,2281
pre_xx_2506,chr1,154328233,154328969,736
pre_xx_2507,chr1,154329095,154329420,325
pre_xx_2508,chr1,154351328,154353863,2535
pre_xx_2509,chr1,154404809,154406563,1754
pre_xx_2510,chr1,154418059,154418991,932
pre_xx_2511,chr1,154427133,154428175,1042
pre_xx_2512,chr1,154441280,154442666,1386
pre_xx_2513,chr1,154465722,154467171,1449
pre_xx_2514,chr1,154477823,154479053,1230
pre_xx_2515,chr1,154479621,154480556,935
pre_xx_2516,chr1,154491962,154493620,1658
pre_xx_2517,chr1,154501298,154503316,2018
pre_xx_2518,chr1,154546429,154547595,1166
pre_xx_2519,chr1,154556398,154556774,376
pre_xx_2520,chr1,154557207,154559863,2656
pre_xx_2521,chr1,154567187,154568459,1272
pre_xx_2522,chr1,154607128,154608940,1812
pre_xx_2523,chr1,154626527,154628207,1680
pre_xx_2524,chr1,154712075,154712979,904
pre_xx_2525,chr1,154730001,154731587,1586
pre_xx_2526,chr1,154760241,154760996,755
pre_xx_2527,chr1,154767292,154769084,1792
pre_xx_2528,chr1,154773167,154774112,945
pre_xx_2529,chr1,154813067,154814172,1105
pre_xx_2530,chr1,154837066,154838390,1324
pre_xx_2531,chr1,154845951,154847230,1279
pre_xx_2532,chr1,154847637,154848578,941
pre_xx_2533,chr1,154866941,154867590,649
pre_xx_2534,chr1,154868460,154870681,2221
pre_xx_2535,chr1,154878287,154878853,566
pre_xx_2536,chr1,154936069,154937807,1738
pre_xx_2537,chr1,154941241,154942773,1532
pre_xx_2538,chr1,154943638,154945133,1495
pre_xx_2539,chr1,154952089,154953030,941
pre_xx_2540,chr1,154955043,154956977,1934
pre_xx_2541,chr1,154960819,154962650,1831
pre_xx_2542,chr1,154970434,154971409,975
pre_xx_2543,chr1,154972442,154972929,487
pre_xx_2544,chr1,154973508,154975907,2399
pre_xx_2545,chr1,154982342,154984437,2095
pre_xx_2546,chr1,154999095,155002411,3316
pre_xx_2547,chr1,155002765,155004330,1565
pre_xx_2548,chr1,155016778,155017868,1090
pre_xx_2549,chr1,155050241,155052758,2517
pre_xx_2550,chr1,155061345,155064510,3165
pre_xx_2551,chr1,155069494,155071578,2084
pre_xx_2552,chr1,155078461,155079313,852
pre_xx_2553,chr1,155079596,155080078,482
pre_xx_2554,chr1,155080608,155081183,575
pre_xx_2555,chr1,155084267,155086366,2099
pre_xx_2556,chr1,155093288,155094740,1452
pre_xx_2557,chr1,155125941,155128089,2148
pre_xx_2558,chr1,155128810,155130496,1686
pre_xx_2559,chr1,155134838,155136503,1665
pre_xx_2560,chr1,155139860,155140751,891
pre_xx_2561,chr1,155166005,155168151,2146
pre_xx_2562,chr1,155172587,155175197,2610
pre_xx_2563,chr1,155184785,155187032,2247
pre_xx_2564,chr1,155192774,155195578,2804
pre_xx_2565,chr1,155206835,155209414,2579
pre_xx_2566,chr1,155218661,155220031,1370
pre_xx_2567,chr1,155226397,155228157,1760
pre_xx_2568,chr1,155240967,155241405,438
pre_xx_2569,chr1,155243658,155245243,1585
pre_xx_2570,chr1,155250278,155251048,770
pre_xx_2571,chr1,155254414,155256062,1648
pre_xx_2572,chr1,155261367,155262660,1293
pre_xx_2573,chr1,155272529,155273852,1323
pre_xx_2574,chr1,155276992,155278844,1852
pre_xx_2575,chr1,155307914,155310073,2159
pre_xx_2576,chr1,155320467,155321570,1103
pre_xx_2577,chr1,155322585,155325467,2882
pre_xx_2578,chr1,155561875,155564247,2372
pre_xx_2579,chr1,155609432,155610238,806
pre_xx_2580,chr1,155687756,155689492,1736
pre_xx_2581,chr1,155744957,155745817,860
pre_xx_2582,chr1,155856745,155857429,684
pre_xx_2583,chr1,155858875,155860781,1906
pre_xx_2584,chr1,155869963,155871911,1948
pre_xx_2585,chr1,155910448,155911983,1535
pre_xx_2586,chr1,155933581,155935358,1777
pre_xx_2587,chr1,155940060,155941798,1738
pre_xx_2588,chr1,155966690,155969296,2606
pre_xx_2589,chr1,155974765,155977106,2341
pre_xx_2590,chr1,155977453,155979128,1675
pre_xx_2591,chr1,155983255,155984736,1481
pre_xx_2592,chr1,155988940,155989736,796
pre_xx_2593,chr1,156019927,156021363,1436
pre_xx_2594,chr1,156052867,156055355,2488
pre_xx_2595,chr1,156069537,156070994,1457
pre_xx_2596,chr1,156076390,156077281,891
pre_xx_2597,chr1,156080323,156083541,3218
pre_xx_2598,chr1,156090176,156091140,964
pre_xx_2599,chr1,156095762,156097462,1700
pre_xx_2600,chr1,156103519,156104661,1142
pre_xx_2601,chr1,156105833,156107160,1327
pre_xx_2602,chr1,156113426,156116262,2836
pre_xx_2603,chr1,156122599,156124103,1504
pre_xx_2604,chr1,156126017,156126627,610
pre_xx_2605,chr1,156129809,156130657,848
pre_xx_2606,chr1,156140698,156141642,944
pre_xx_2607,chr1,156145815,156147338,1523
pre_xx_2608,chr1,156160357,156161989,1632
pre_xx_2609,chr1,156193191,156194699,1508
pre_xx_2610,chr1,156212384,156213728,1344
pre_xx_2611,chr1,156224514,156225752,1238
pre_xx_2612,chr1,156245383,156246285,902
pre_xx_2613,chr1,156281217,156283400,2183
pre_xx_2614,chr1,156290956,156292087,1131
pre_xx_2615,chr1,156294884,156295855,971
pre_xx_2616,chr1,156337378,156338964,1586
pre_xx_2617,chr1,156343968,156345153,1185
pre_xx_2618,chr1,156356442,156357321,879
pre_xx_2619,chr1,156368742,156369593,851
pre_xx_2620,chr1,156387877,156388847,970
pre_xx_2621,chr1,156420760,156422954,2194
pre_xx_2622,chr1,156435152,156436971,1819
pre_xx_2623,chr1,156445482,156446157,675
pre_xx_2624,chr1,156456129,156457805,1676
pre_xx_2625,chr1,156480468,156481301,833
pre_xx_2626,chr1,156488723,156490991,2268
pre_xx_2627,chr1,156498765,156501651,2886
pre_xx_2628,chr1,156504793,156505630,837
pre_xx_2629,chr1,156509389,156511088,1699
pre_xx_2630,chr1,156571941,156572953,1012
pre_xx_2631,chr1,156581552,156582780,1228
pre_xx_2632,chr1,156590929,156592635,1706
pre_xx_2633,chr1,156600737,156602312,1575
pre_xx_2634,chr1,156623810,156626160,2350
pre_xx_2635,chr1,156637958,156638954,996
pre_xx_2636,chr1,156641556,156642655,1099
pre_xx_2637,chr1,156656728,156657762,1034
pre_xx_2638,chr1,156659784,156660652,868
pre_xx_2639,chr1,156675193,156678343,3150
pre_xx_2640,chr1,156688936,156690246,1310
pre_xx_2641,chr1,156691153,156693512,2359
pre_xx_2642,chr1,156700621,156701328,707
pre_xx_2643,chr1,156704816,156708203,3387
pre_xx_2644,chr1,156725612,156726154,542
pre_xx_2645,chr1,156727968,156729317,1349
pre_xx_2646,chr1,156740358,156741635,1277
pre_xx_2647,chr1,156746438,156747646,1208
pre_xx_2648,chr1,156750859,156752481,1622
pre_xx_2649,chr1,156766149,156768590,2441
pre_xx_2650,chr1,156772418,156773908,1490
pre_xx_2651,chr1,156795386,156797591,2205
pre_xx_2652,chr1,156813358,156814755,1397
pre_xx_2653,chr1,156845028,156846089,1061
pre_xx_2654,chr1,156848407,156849376,969
pre_xx_2655,chr1,156851797,156852975,1178
pre_xx_2656,chr1,156858862,156861295,2433
pre_xx_2657,chr1,156891981,156892777,796
pre_xx_2658,chr1,156893114,156894199,1085
pre_xx_2659,chr1,156912806,156914815,2009
pre_xx_2660,chr1,156920100,156920906,806
pre_xx_2661,chr1,156922835,156924464,1629
pre_xx_2662,chr1,156927297,156928107,810
pre_xx_2663,chr1,156932111,156933500,1389
pre_xx_2664,chr1,156956601,156958195,1594
pre_xx_2665,chr1,157045179,157046938,1759
pre_xx_2666,chr1,157089808,157090772,964
pre_xx_2667,chr1,157137042,157139365,2323
pre_xx_2668,chr1,157154264,157156425,2161
pre_xx_2669,chr1,157194655,157195899,1244
pre_xx_2670,chr1,157359452,157360344,892
pre_xx_2671,chr1,157963398,157964120,722
pre_xx_2672,chr1,157965541,157966573,1032
pre_xx_2673,chr1,157991685,157992387,702
pre_xx_2674,chr1,157992884,157996118,3234
pre_xx_2675,chr1,157996198,157996925,727
pre_xx_2676,chr1,158001968,158003721,1753
pre_xx_2677,chr1,158007486,158008454,968
pre_xx_2678,chr1,158009563,158012070,2507
pre_xx_2679,chr1,158013583,158014909,1326
pre_xx_2680,chr1,158019156,158020111,955
pre_xx_2681,chr1,158035012,158036264,1252
pre_xx_2682,chr1,158070916,158071747,831
pre_xx_2683,chr1,158087065,158087707,642
pre_xx_2684,chr1,158112921,158113905,984
pre_xx_2685,chr1,158117787,158118705,918
pre_xx_2686,chr1,158124813,158125489,676
pre_xx_2687,chr1,158149186,158150158,972
pre_xx_2688,chr1,158177323,158178153,830
pre_xx_2689,chr1,158180295,158181752,1457
pre_xx_2690,chr1,158203480,158204468,988
pre_xx_2691,chr1,158484848,158485874,1026
pre_xx_2692,chr1,158509185,158510618,1433
pre_xx_2693,chr1,158534235,158535237,1002
pre_xx_2694,chr1,158998512,159000968,2456
pre_xx_2695,chr1,159005310,159006877,1567
pre_xx_2696,chr1,159160643,159161629,986
pre_xx_2697,chr1,159171107,159172551,1444
pre_xx_2698,chr1,159177071,159177659,588
pre_xx_2699,chr1,159187892,159188920,1028
pre_xx_2700,chr1,159207757,159208770,1013
pre_xx_2701,chr1,159738824,159740191,1367
pre_xx_2702,chr1,159780345,159781666,1321
pre_xx_2703,chr1,159822727,159823863,1136
pre_xx_2704,chr1,159830906,159832120,1214
pre_xx_2705,chr1,159853631,159855366,1735
pre_xx_2706,chr1,159867082,159868241,1159
pre_xx_2707,chr1,159881520,159882245,725
pre_xx_2708,chr1,159891345,159891920,575
pre_xx_2709,chr1,159915557,159916842,1285
pre_xx_2710,chr1,159922833,159925894,3061
pre_xx_2711,chr1,159941152,159942031,879
pre_xx_2712,chr1,159944095,159946329,2234
pre_xx_2713,chr1,159964005,159965006,1001
pre_xx_2714,chr1,160030585,160032792,2207
pre_xx_2715,chr1,160046220,160047088,868
pre_xx_2716,chr1,160069663,160070975,1312
pre_xx_2717,chr1,160083384,160084663,1279
pre_xx_2718,chr1,160097746,160099467,1721
pre_xx_2719,chr1,160100900,160101369,469
pre_xx_2720,chr1,160108932,160109916,984
pre_xx_2721,chr1,160112160,160112829,669
pre_xx_2722,chr1,160115465,160117052,1587
pre_xx_2723,chr1,160117475,160118236,761
pre_xx_2724,chr1,160192544,160193837,1293
pre_xx_2725,chr1,160204356,160206320,1964
pre_xx_2726,chr1,160209044,160210025,981
pre_xx_2727,chr1,160218509,160220290,1781
pre_xx_2728,chr1,160251647,160252258,611
pre_xx_2729,chr1,160260458,160263148,2690
pre_xx_2730,chr1,160283963,160286488,2525
pre_xx_2731,chr1,160342134,160344104,1970
pre_xx_2732,chr1,160374672,160376839,2167
pre_xx_2733,chr1,160399698,160402294,2596
pre_xx_2734,chr1,160539801,160540963,1162
pre_xx_2735,chr1,160726222,160727174,952
pre_xx_2736,chr1,160904651,160905852,1201
pre_xx_2737,chr1,160946690,160947700,1010
pre_xx_2738,chr1,161019690,161021790,2100
pre_xx_2739,chr1,161037743,161039275,1532
pre_xx_2740,chr1,161044483,161046388,1905
pre_xx_2741,chr1,161097332,161099157,1825
pre_xx_2742,chr1,161117032,161119951,2919
pre_xx_2743,chr1,161131020,161133825,2805
pre_xx_2744,chr1,161153136,161154578,1442
pre_xx_2745,chr1,161158395,161160164,1769
pre_xx_2746,chr1,161165526,161167326,1800
pre_xx_2747,chr1,161176589,161178235,1646
pre_xx_2748,chr1,161192362,161193159,797
pre_xx_2749,chr1,161198183,161199504,1321
pre_xx_2750,chr1,161199704,161202755,3051
pre_xx_2751,chr1,161209307,161210185,878
pre_xx_2752,chr1,161225343,161226506,1163
pre_xx_2753,chr1,161226880,161227949,1069
pre_xx_2754,chr1,161258286,161259592,1306
pre_xx_2755,chr1,161266013,161267715,1702
pre_xx_2756,chr1,161274317,161275329,1012
pre_xx_2757,chr1,161304997,161306667,1670
pre_xx_2758,chr1,161313612,161315176,1564
pre_xx_2759,chr1,161367540,161368366,826
pre_xx_2760,chr1,161389324,161390808,1484
pre_xx_2761,chr1,161398960,161400670,1710
pre_xx_2762,chr1,161439363,161440800,1437
pre_xx_2763,chr1,161510803,161511963,1160
pre_xx_2764,chr1,161523431,161524596,1165
pre_xx_2765,chr1,161530035,161531449,1414
pre_xx_2766,chr1,161611835,161613388,1553
pre_xx_2767,chr1,161725668,161727890,2222
pre_xx_2768,chr1,161747558,161748186,628
pre_xx_2769,chr1,161749341,161750774,1433
pre_xx_2770,chr1,161764836,161767050,2214
pre_xx_2771,chr1,162023151,162024569,1418
pre_xx_2772,chr1,162069226,162071270,2044
pre_xx_2773,chr1,162212760,162214010,1250
pre_xx_2774,chr1,162255921,162257148,1227
pre_xx_2775,chr1,162284428,162285682,1254
pre_xx_2776,chr1,162372134,162373180,1046
pre_xx_2777,chr1,162497219,162498743,1524
pre_xx_2778,chr1,162560659,162562639,1980
pre_xx_2779,chr1,162630621,162633705,3084
pre_xx_2780,chr1,162695829,162697042,1213
pre_xx_2781,chr1,162789294,162791267,1973
pre_xx_2782,chr1,162821995,162823229,1234
pre_xx_2783,chr1,163068560,163069641,1081
pre_xx_2784,chr1,163195822,163196872,1050
pre_xx_2785,chr1,163202604,163203544,940
pre_xx_2786,chr1,163320865,163322894,2029
pre_xx_2787,chr1,163826147,163827104,957
pre_xx_2788,chr1,164320461,164321854,1393
pre_xx_2789,chr1,164558478,164560331,1853
pre_xx_2790,chr1,164575381,164577895,2514
pre_xx_2791,chr1,164587731,164589463,1732
pre_xx_2792,chr1,164601544,164603249,1705
pre_xx_2793,chr1,164611564,164612458,894
pre_xx_2794,chr1,164659407,164660741,1334
pre_xx_2795,chr1,164711626,164714237,2611
pre_xx_2796,chr1,164767222,164768322,1100
pre_xx_2797,chr1,164786696,164787819,1123
pre_xx_2798,chr1,165075461,165076595,1134
pre_xx_2799,chr1,165217886,165219778,1892
pre_xx_2800,chr1,165234896,165236755,1859
pre_xx_2801,chr1,165352230,165353259,1029
pre_xx_2802,chr1,165355907,165357154,1247
pre_xx_2803,chr1,165375728,165377268,1540
pre_xx_2804,chr1,165392665,165393656,991
pre_xx_2805,chr1,165443650,165445840,2190
pre_xx_2806,chr1,165597621,165599001,1380
pre_xx_2807,chr1,165628440,165628928,488
pre_xx_2808,chr1,165630130,165632891,2761
pre_xx_2809,chr1,165696009,165697241,1232
pre_xx_2810,chr1,165697565,165698992,1427
pre_xx_2811,chr1,165768234,165769633,1399
pre_xx_2812,chr1,165826970,165829514,2544
pre_xx_2813,chr1,165890278,165891132,854
pre_xx_2814,chr1,166164778,166167523,2745
pre_xx_2815,chr1,166838495,166840282,1787
pre_xx_2816,chr1,166875397,166876860,1463
pre_xx_2817,chr1,166883780,166884673,893
pre_xx_2818,chr1,166920255,166921578,1323
pre_xx_2819,chr1,166925766,166926337,571
pre_xx_2820,chr1,166946991,166948179,1188
pre_xx_2821,chr1,166972652,166973913,1261
pre_xx_2822,chr1,166974576,166976203,1627
pre_xx_2823,chr1,167043300,167044906,1606
pre_xx_2824,chr1,167056821,167057581,760
pre_xx_2825,chr1,167066296,167067048,752
pre_xx_2826,chr1,167121233,167122241,1008
pre_xx_2827,chr1,167165720,167167015,1295
pre_xx_2828,chr1,167219214,167222642,3428
pre_xx_2829,chr1,167412729,167413542,813
pre_xx_2830,chr1,167438955,167439983,1028
pre_xx_2831,chr1,167454467,167456367,1900
pre_xx_2832,chr1,167494421,167495892,1471
pre_xx_2833,chr1,167533250,167534176,926
pre_xx_2834,chr1,167552894,167554490,1596
pre_xx_2835,chr1,167629160,167630643,1483
pre_xx_2836,chr1,167635062,167635986,924
pre_xx_2837,chr1,167687101,167688242,1141
pre_xx_2838,chr1,167713191,167715939,2748
pre_xx_2839,chr1,167721009,167722783,1774
pre_xx_2840,chr1,167934957,167937742,2785
pre_xx_2841,chr1,168081863,168082593,730
pre_xx_2842,chr1,168135467,168137726,2259
pre_xx_2843,chr1,168178344,168180263,1919
pre_xx_2844,chr1,168225094,168226879,1785
pre_xx_2845,chr1,168342280,168343099,819
pre_xx_2846,chr1,168386502,168387756,1254
pre_xx_2847,chr1,168439233,168440220,987
pre_xx_2848,chr1,168465789,168467060,1271
pre_xx_2849,chr1,168603264,168603950,686
pre_xx_2850,chr1,168608966,168610087,1121
pre_xx_2851,chr1,168970781,168971972,1191
pre_xx_2852,chr1,169000693,169002173,1480
pre_xx_2853,chr1,169086580,169087621,1041
pre_xx_2854,chr1,169105195,169107483,2288
pre_xx_2855,chr1,169109703,169110031,328
pre_xx_2856,chr1,169367023,169368785,1762
pre_xx_2857,chr1,169426704,169427734,1030
pre_xx_2858,chr1,169484780,169486913,2133
pre_xx_2859,chr1,169528281,169529788,1507
pre_xx_2860,chr1,169794065,169795964,1899
pre_xx_2861,chr1,169892651,169894736,2085
pre_xx_2862,chr1,170073857,170075300,1443
pre_xx_2863,chr1,170162306,170163517,1211
pre_xx_2864,chr1,170530694,170532857,2163
pre_xx_2865,chr1,170661224,170665245,4021
pre_xx_2866,chr1,170734830,170736117,1287
pre_xx_2867,chr1,171251006,171252036,1030
pre_xx_2868,chr1,171256969,171259940,2971
pre_xx_2869,chr1,171313387,171314552,1165
pre_xx_2870,chr1,171396567,171397583,1016
pre_xx_2871,chr1,171484828,171486767,1939
pre_xx_2872,chr1,171741061,171743585,2524
pre_xx_2873,chr1,171780690,171782478,1788
pre_xx_2874,chr1,171840631,171842701,2070
pre_xx_2875,chr1,172143254,172143840,586
pre_xx_2876,chr1,172144243,172145834,1591
pre_xx_2877,chr1,172180308,172181989,1681
pre_xx_2878,chr1,172321291,172323129,1838
pre_xx_2879,chr1,172357841,172359978,2137
pre_xx_2880,chr1,172443116,172444514,1398
pre_xx_2881,chr1,172449682,172451478,1796
pre_xx_2882,chr1,172479701,172481038,1337
pre_xx_2883,chr1,172496691,172497636,945
pre_xx_2884,chr1,172531835,172534267,2432
pre_xx_2885,chr1,172707935,172708915,980
pre_xx_2886,chr1,172718663,172719997,1334
pre_xx_2887,chr1,173412985,173414053,1068
pre_xx_2888,chr1,173429360,173430567,1207
pre_xx_2889,chr1,173476582,173478429,1847
pre_xx_2890,chr1,173602766,173603879,1113
pre_xx_2891,chr1,173668801,173670041,1240
pre_xx_2892,chr1,173714409,173716050,1641
pre_xx_2893,chr1,173823487,173825349,1862
pre_xx_2894,chr1,173867227,173869122,1895
pre_xx_2895,chr1,174020867,174023208,2341
pre_xx_2896,chr1,174023349,174023841,492
pre_xx_2897,chr1,174077109,174078317,1208
pre_xx_2898,chr1,174158437,174160513,2076
pre_xx_2899,chr1,174217079,174219463,2384
pre_xx_2900,chr1,174799182,174801128,1946
pre_xx_2901,chr1,174874208,174877571,3363
pre_xx_2902,chr1,174998519,175000663,2144
pre_xx_2903,chr1,175022453,175023923,1470
pre_xx_2904,chr1,175029304,175030261,957
pre_xx_2905,chr1,175146371,175147221,850
pre_xx_2906,chr1,175191675,175193772,2097
pre_xx_2907,chr1,175572801,175574005,1204
pre_xx_2908,chr1,175598658,175599780,1122
pre_xx_2909,chr1,176205764,176207938,2174
pre_xx_2910,chr1,176552194,176553741,1547
pre_xx_2911,chr1,176880639,176881479,840
pre_xx_2912,chr1,176897140,176898688,1548
pre_xx_2913,chr1,176903145,176905447,2302
pre_xx_2914,chr1,176920883,176922524,1641
pre_xx_2915,chr1,176995963,176997258,1295
pre_xx_2916,chr1,177011464,177012160,696
pre_xx_2917,chr1,177163657,177165337,1680
pre_xx_2918,chr1,177170450,177172587,2137
pre_xx_2919,chr1,177181140,177182556,1416
pre_xx_2920,chr1,177476025,177477147,1122
pre_xx_2921,chr1,177740879,177741978,1099
pre_xx_2922,chr1,177857424,177859168,1744
pre_xx_2923,chr1,177943756,177945008,1252
pre_xx_2924,chr1,177968745,177970266,1521
pre_xx_2925,chr1,177983528,177984559,1031
pre_xx_2926,chr1,178037267,178038309,1042
pre_xx_2927,chr1,178093033,178095363,2330
pre_xx_2928,chr1,178341034,178341861,827
pre_xx_2929,chr1,178370940,178372695,1755
pre_xx_2930,chr1,178470131,178470981,850
pre_xx_2931,chr1,178486282,178487476,1194
pre_xx_2932,chr1,178541629,178543535,1906
pre_xx_2933,chr1,178575531,178576456,925
pre_xx_2934,chr1,178581082,178582294,1212
pre_xx_2935,chr1,178625347,178626451,1104
pre_xx_2936,chr1,178644069,178645802,1733
pre_xx_2937,chr1,178724524,178726854,2330
pre_xx_2938,chr1,178870763,178872868,2105
pre_xx_2939,chr1,178937525,178940345,2820
pre_xx_2940,chr1,179002008,179003370,1362
pre_xx_2941,chr1,179025259,179027103,1844
pre_xx_2942,chr1,179079138,179079488,350
pre_xx_2943,chr1,179081317,179083179,1862
pre_xx_2944,chr1,179091435,179092333,898
pre_xx_2945,chr1,179228459,179230564,2105
pre_xx_2946,chr1,179293016,179294307,1291
pre_xx_2947,chr1,179364511,179366608,2097
pre_xx_2948,chr1,179575310,179576243,933
pre_xx_2949,chr1,179585966,179586878,912
pre_xx_2950,chr1,179591258,179592470,1212
pre_xx_2951,chr1,179727914,179729182,1268
pre_xx_2952,chr1,179742471,179744963,2492
pre_xx_2953,chr1,179784704,179785782,1078
pre_xx_2954,chr1,179793778,179795789,2011
pre_xx_2955,chr1,179809511,179810144,633
pre_xx_2956,chr1,179813463,179813954,491
pre_xx_2957,chr1,179814389,179815755,1366
pre_xx_2958,chr1,179824804,179827015,2211
pre_xx_2959,chr1,179877205,179878001,796
pre_xx_2960,chr1,179881648,179884058,2410
pre_xx_2961,chr1,179953692,179955622,1930
pre_xx_2962,chr1,180153967,180155889,1922
pre_xx_2963,chr1,180157254,180158041,787
pre_xx_2964,chr1,180166486,180167745,1259
pre_xx_2965,chr1,180228941,180231874,2933
pre_xx_2966,chr1,180253892,180256090,2198
pre_xx_2967,chr1,180256126,180257058,932
pre_xx_2968,chr1,180270845,180271737,892
pre_xx_2969,chr1,180281578,180283132,1554
pre_xx_2970,chr1,180501799,180503515,1716
pre_xx_2971,chr1,180585256,180587186,1930
pre_xx_2972,chr1,180631282,180632872,1590
pre_xx_2973,chr1,180911636,180913703,2067
pre_xx_2974,chr1,180926022,180928658,2636
pre_xx_2975,chr1,180953363,180954852,1489
pre_xx_2976,chr1,181021493,181023684,2191
pre_xx_2977,chr1,181033121,181034369,1248
pre_xx_2978,chr1,181088127,181090959,2832
pre_xx_2979,chr1,181094487,181095215,728
pre_xx_2980,chr1,181104423,181105981,1558
pre_xx_2981,chr1,181142014,181143794,1780
pre_xx_2982,chr1,181152394,181153669,1275
pre_xx_2983,chr1,181179509,181180918,1409
pre_xx_2984,chr1,181189565,181190900,1335
pre_xx_2985,chr1,181250574,181251935,1361
pre_xx_2986,chr1,181317156,181319264,2108
pre_xx_2987,chr1,181424696,181425371,675
pre_xx_2988,chr1,181429693,181431352,1659
pre_xx_2989,chr1,181469291,181470364,1073
pre_xx_2990,chr1,181481953,181483899,1946
pre_xx_2991,chr1,181485062,181486247,1185
pre_xx_2992,chr1,182028974,182030422,1448
pre_xx_2993,chr1,182056175,182057465,1290
pre_xx_2994,chr1,182068893,182069534,641
pre_xx_2995,chr1,182084180,182085259,1079
pre_xx_2996,chr1,182120193,182121422,1229
pre_xx_2997,chr1,182143029,182144824,1795
pre_xx_2998,chr1,182390070,182392502,2432
pre_xx_2999,chr1,182396543,182397470,927
pre_xx_3000,chr1,182588243,182589524,1281
pre_xx_3001,chr1,182603320,182604793,1473
pre_xx_3002,chr1,182614130,182616573,2443
pre_xx_3003,chr1,182683838,182685631,1793
pre_xx_3004,chr1,182698605,182700621,2016
pre_xx_3005,chr1,182788929,182790114,1185
pre_xx_3006,chr1,182838417,182840367,1950
pre_xx_3007,chr1,182962293,182963082,789
pre_xx_3008,chr1,183022236,183024928,2692
pre_xx_3009,chr1,183185599,183186624,1025
pre_xx_3010,chr1,183234201,183235791,1590
pre_xx_3011,chr1,183281222,183282185,963
pre_xx_3012,chr1,183286947,183287776,829
pre_xx_3013,chr1,183330309,183331810,1501
pre_xx_3014,chr1,183416552,183418572,2020
pre_xx_3015,chr1,183470111,183470482,371
pre_xx_3016,chr1,183470923,183473278,2355
pre_xx_3017,chr1,183553256,183554837,1581
pre_xx_3018,chr1,183622678,183623572,894
pre_xx_3019,chr1,183633544,183634058,514
pre_xx_3020,chr1,183634885,183636474,1589
pre_xx_3021,chr1,183804397,183805812,1415
pre_xx_3022,chr1,183870420,183871965,1545
pre_xx_3023,chr1,183873385,183875619,2234
pre_xx_3024,chr1,183881225,183882159,934
pre_xx_3025,chr1,183886790,183889463,2673
pre_xx_3026,chr1,183915433,183916390,957
pre_xx_3027,chr1,184035786,184037954,2168
pre_xx_3028,chr1,184050933,184052613,1680
pre_xx_3029,chr1,184190746,184191893,1147
pre_xx_3030,chr1,184295950,184297626,1676
pre_xx_3031,chr1,184385924,184388750,2826
pre_xx_3032,chr1,184663713,184664931,1218
pre_xx_3033,chr1,184753722,184755851,2129
pre_xx_3034,chr1,184805424,184806703,1279
pre_xx_3035,chr1,184889808,184891341,1533
pre_xx_3036,chr1,184973292,184974908,1616
pre_xx_3037,chr1,185044843,185046835,1992
pre_xx_3038,chr1,185155776,185158364,2588
pre_xx_3039,chr1,185284211,185285250,1039
pre_xx_3040,chr1,185315475,185318199,2724
pre_xx_3041,chr1,185566678,185567743,1065
pre_xx_3042,chr1,185645111,185646825,1714
pre_xx_3043,chr1,185733522,185736058,2536
pre_xx_3044,chr1,185842937,185844572,1635
pre_xx_3045,chr1,186058731,186059765,1034
pre_xx_3046,chr1,186212222,186213001,779
pre_xx_3047,chr1,186374345,186376211,1866
pre_xx_3048,chr1,186679932,186681327,1395
pre_xx_3049,chr1,186828383,186829973,1590
pre_xx_3050,chr1,187243729,187245196,1467
pre_xx_3051,chr1,187688481,187689661,1180
pre_xx_3052,chr1,188748983,188749995,1012
pre_xx_3053,chr1,190474563,190476217,1654
pre_xx_3054,chr1,190477628,190479290,1662
pre_xx_3055,chr1,191674154,191675426,1272
pre_xx_3056,chr1,191888160,191889719,1559
pre_xx_3057,chr1,192538730,192540163,1433
pre_xx_3058,chr1,192807950,192809804,1854
pre_xx_3059,chr1,193058279,193060661,2382
pre_xx_3060,chr1,193103854,193105829,1975
pre_xx_3061,chr1,193121067,193123143,2076
pre_xx_3062,chr1,193408344,193409787,1443
pre_xx_3063,chr1,196406534,196408269,1735
pre_xx_3064,chr1,196607791,196609663,1872
pre_xx_3065,chr1,196877593,196878593,1000
pre_xx_3066,chr1,197095906,197097516,1610
pre_xx_3067,chr1,197145723,197147123,1400
pre_xx_3068,chr1,197200176,197202299,2123
pre_xx_3069,chr1,197463655,197464625,970
pre_xx_3070,chr1,197594536,197595925,1389
pre_xx_3071,chr1,197774435,197776241,1806
pre_xx_3072,chr1,197902013,197903508,1495
pre_xx_3073,chr1,197908664,197909559,895
pre_xx_3074,chr1,197910839,197912002,1163
pre_xx_3075,chr1,197912246,197912595,349
pre_xx_3076,chr1,197915632,197916538,906
pre_xx_3077,chr1,197916740,197918517,1777
pre_xx_3078,chr1,197921259,197921995,736
pre_xx_3079,chr1,197924014,197924837,823
pre_xx_3080,chr1,197954832,197956168,1336
pre_xx_3081,chr1,198068153,198069334,1181
pre_xx_3082,chr1,198156120,198159433,3313
pre_xx_3083,chr1,198681254,198682597,1343
pre_xx_3084,chr1,198934827,198936065,1238
pre_xx_3085,chr1,198936258,198937685,1427
pre_xx_3086,chr1,199273613,199274561,948
pre_xx_3087,chr1,199294585,199295960,1375
pre_xx_3088,chr1,200028621,200030007,1386
pre_xx_3089,chr1,200038647,200040283,1636
pre_xx_3090,chr1,200042011,200043393,1382
pre_xx_3091,chr1,200075231,200076669,1438
pre_xx_3092,chr1,200301943,200303336,1393
pre_xx_3093,chr1,200409070,200410856,1786
pre_xx_3094,chr1,200492988,200493820,832
pre_xx_3095,chr1,200620185,200621408,1223
pre_xx_3096,chr1,200669222,200670648,1426
pre_xx_3097,chr1,200738134,200740529,2395
pre_xx_3098,chr1,200802503,200803263,760
pre_xx_3099,chr1,200872650,200874368,1718
pre_xx_3100,chr1,200890840,200892131,1291
pre_xx_3101,chr1,200896046,200897167,1121
pre_xx_3102,chr1,200971678,200972766,1088
pre_xx_3103,chr1,201013856,201016636,2780
pre_xx_3104,chr1,201022829,201024458,1629
pre_xx_3105,chr1,201042511,201043444,933
pre_xx_3106,chr1,201113661,201115378,1717
pre_xx_3107,chr1,201124725,201126314,1589
pre_xx_3108,chr1,201153552,201155100,1548
pre_xx_3109,chr1,201170291,201171739,1448
pre_xx_3110,chr1,201183775,201185248,1473
pre_xx_3111,chr1,201222450,201223237,787
pre_xx_3112,chr1,201267853,201269323,1470
pre_xx_3113,chr1,201282941,201284269,1328
pre_xx_3114,chr1,201376288,201377180,892
pre_xx_3115,chr1,201398809,201400024,1215
pre_xx_3116,chr1,201419662,201422021,2359
pre_xx_3117,chr1,201435345,201436849,1504
pre_xx_3118,chr1,201447936,201449352,1416
pre_xx_3119,chr1,201450560,201451394,834
pre_xx_3120,chr1,201467903,201470039,2136
pre_xx_3121,chr1,201480206,201482576,2370
pre_xx_3122,chr1,201493717,201494774,1057
pre_xx_3123,chr1,201495385,201496614,1229
pre_xx_3124,chr1,201502118,201502711,593
pre_xx_3125,chr1,201503225,201503920,695
pre_xx_3126,chr1,201506091,201507385,1294
pre_xx_3127,chr1,201511890,201513508,1618
pre_xx_3128,chr1,201530456,201532390,1934
pre_xx_3129,chr1,201537946,201540561,2615
pre_xx_3130,chr1,201594288,201595146,858
pre_xx_3131,chr1,201613975,201614721,746
pre_xx_3132,chr1,201647668,201650728,3060
pre_xx_3133,chr1,201655079,201657074,1995
pre_xx_3134,chr1,201702854,201704538,1684
pre_xx_3135,chr1,201709316,201709998,682
pre_xx_3136,chr1,201736267,201738088,1821
pre_xx_3137,chr1,201738984,201741064,2080
pre_xx_3138,chr1,201828551,201830201,1650
pre_xx_3139,chr1,201888094,201889676,1582
pre_xx_3140,chr1,201895680,201896271,591
pre_xx_3141,chr1,201945818,201947758,1940
pre_xx_3142,chr1,201954800,201956016,1216
pre_xx_3143,chr1,201981906,201983665,1759
pre_xx_3144,chr1,201990132,201990900,768
pre_xx_3145,chr1,202009308,202010960,1652
pre_xx_3146,chr1,202081848,202082341,493
pre_xx_3147,chr1,202084573,202086438,1865
pre_xx_3148,chr1,202105534,202106109,575
pre_xx_3149,chr1,202106302,202108699,2397
pre_xx_3150,chr1,202112341,202114551,2210
pre_xx_3151,chr1,202118570,202119308,738
pre_xx_3152,chr1,202135005,202135677,672
pre_xx_3153,chr1,202143030,202145608,2578
pre_xx_3154,chr1,202154723,202155686,963
pre_xx_3155,chr1,202159261,202162281,3020
pre_xx_3156,chr1,202164341,202164894,553
pre_xx_3157,chr1,202165336,202166055,719
pre_xx_3158,chr1,202167137,202168478,1341
pre_xx_3159,chr1,202184463,202185249,786
pre_xx_3160,chr1,202192599,202194479,1880
pre_xx_3161,chr1,202213042,202214662,1620
pre_xx_3162,chr1,202282161,202283949,1788
pre_xx_3163,chr1,202341438,202342300,862
pre_xx_3164,chr1,202348120,202349822,1702
pre_xx_3165,chr1,202461771,202463057,1286
pre_xx_3166,chr1,202505003,202506646,1643
pre_xx_3167,chr1,202538842,202540758,1916
pre_xx_3168,chr1,202576820,202578917,2097
pre_xx_3169,chr1,202614465,202616422,1957
pre_xx_3170,chr1,202642402,202645149,2747
pre_xx_3171,chr1,202709224,202711266,2042
pre_xx_3172,chr1,202719349,202719968,619
pre_xx_3173,chr1,202806731,202808673,1942
pre_xx_3174,chr1,202810309,202811795,1486
pre_xx_3175,chr1,202860614,202862242,1628
pre_xx_3176,chr1,202888164,202889711,1547
pre_xx_3177,chr1,202926528,202928486,1958
pre_xx_3178,chr1,202957299,202958920,1621
pre_xx_3179,chr1,202966127,202968174,2047
pre_xx_3180,chr1,203006144,203008244,2100
pre_xx_3181,chr1,203025788,203028517,2729
pre_xx_3182,chr1,203038958,203039987,1029
pre_xx_3183,chr1,203048177,203049090,913
pre_xx_3184,chr1,203051420,203052876,1456
pre_xx_3185,chr1,203075105,203076546,1441
pre_xx_3186,chr1,203117461,203118416,955
pre_xx_3187,chr1,203127284,203128619,1335
pre_xx_3188,chr1,203149035,203149770,735
pre_xx_3189,chr1,203150803,203151638,835
pre_xx_3190,chr1,203177454,203178499,1045
pre_xx_3191,chr1,203185552,203187822,2270
pre_xx_3192,chr1,203215238,203216621,1383
pre_xx_3193,chr1,203267239,203267944,705
pre_xx_3194,chr1,203271886,203272464,578
pre_xx_3195,chr1,203272661,203273668,1007
pre_xx_3196,chr1,203278002,203279366,1364
pre_xx_3197,chr1,203289241,203291120,1879
pre_xx_3198,chr1,203304994,203307404,2410
pre_xx_3199,chr1,203307655,203310662,3007
pre_xx_3200,chr1,203310892,203311316,424
pre_xx_3201,chr1,203320535,203321568,1033
pre_xx_3202,chr1,203326745,203328134,1389
pre_xx_3203,chr1,203339414,203340412,998
pre_xx_3204,chr1,203350228,203351790,1562
pre_xx_3205,chr1,203378379,203380281,1902
pre_xx_3206,chr1,203440217,203441247,1030
pre_xx_3207,chr1,203486999,203488235,1236
pre_xx_3208,chr1,203504436,203505106,670
pre_xx_3209,chr1,203506815,203509086,2271
pre_xx_3210,chr1,203512738,203514774,2036
pre_xx_3211,chr1,203521024,203522688,1664
pre_xx_3212,chr1,203571513,203572781,1268
pre_xx_3213,chr1,203591456,203593073,1617
pre_xx_3214,chr1,203625639,203627177,1538
pre_xx_3215,chr1,203627738,203629107,1369
pre_xx_3216,chr1,203629305,203630005,700
pre_xx_3217,chr1,203649555,203650833,1278
pre_xx_3218,chr1,203794922,203796703,1781
pre_xx_3219,chr1,203860320,203862221,1901
pre_xx_3220,chr1,203870802,203871970,1168
pre_xx_3221,chr1,204072622,204075426,2804
pre_xx_3222,chr1,204080046,204080791,745
pre_xx_3223,chr1,204084054,204084892,838
pre_xx_3224,chr1,204126559,204127933,1374
pre_xx_3225,chr1,204128771,204131720,2949
pre_xx_3226,chr1,204142658,204143983,1325
pre_xx_3227,chr1,204150698,204152770,2072
pre_xx_3228,chr1,204161969,204162882,913
pre_xx_3229,chr1,204179871,204180747,876
pre_xx_3230,chr1,204189836,204191243,1407
pre_xx_3231,chr1,204198030,204199302,1272
pre_xx_3232,chr1,204206765,204207620,855
pre_xx_3233,chr1,204213416,204214535,1119
pre_xx_3234,chr1,204262813,204264043,1230
pre_xx_3235,chr1,204287558,204288779,1221
pre_xx_3236,chr1,204295604,204297234,1630
pre_xx_3237,chr1,204306775,204307919,1144
pre_xx_3238,chr1,204315137,204315907,770
pre_xx_3239,chr1,204334970,204335867,897
pre_xx_3240,chr1,204348299,204349197,898
pre_xx_3241,chr1,204350490,204351470,980
pre_xx_3242,chr1,204358729,204360529,1800
pre_xx_3243,chr1,204363050,204364160,1110
pre_xx_3244,chr1,204377077,204378587,1510
pre_xx_3245,chr1,204398180,204398881,701
pre_xx_3246,chr1,204410283,204412606,2323
pre_xx_3247,chr1,204445853,204447164,1311
pre_xx_3248,chr1,204477836,204478787,951
pre_xx_3249,chr1,204493038,204495597,2559
pre_xx_3250,chr1,204505949,204508098,2149
pre_xx_3251,chr1,204515313,204516952,1639
pre_xx_3252,chr1,204520688,204521612,924
pre_xx_3253,chr1,204565534,204566583,1049
pre_xx_3254,chr1,204568608,204569668,1060
pre_xx_3255,chr1,204574222,204575201,979
pre_xx_3256,chr1,204624045,204625384,1339
pre_xx_3257,chr1,204637162,204638543,1381
pre_xx_3258,chr1,204651663,204652869,1206
pre_xx_3259,chr1,204684188,204685950,1762
pre_xx_3260,chr1,204763425,204764194,769
pre_xx_3261,chr1,204806755,204807717,962
pre_xx_3262,chr1,204828135,204829524,1389
pre_xx_3263,chr1,204837184,204837856,672
pre_xx_3264,chr1,204923763,204924838,1075
pre_xx_3265,chr1,204989083,204990697,1614
pre_xx_3266,chr1,205013594,205015401,1807
pre_xx_3267,chr1,205042680,205043711,1031
pre_xx_3268,chr1,205060951,205062105,1154
pre_xx_3269,chr1,205121144,205122795,1651
pre_xx_3270,chr1,205141288,205142174,886
pre_xx_3271,chr1,205210212,205212054,1842
pre_xx_3272,chr1,205226844,205230125,3281
pre_xx_3273,chr1,205248571,205249933,1362
pre_xx_3274,chr1,205255851,205256532,681
pre_xx_3275,chr1,205273123,205274662,1539
pre_xx_3276,chr1,205298299,205299093,794
pre_xx_3277,chr1,205300593,205302113,1520
pre_xx_3278,chr1,205313229,205314516,1287
pre_xx_3279,chr1,205316982,205317929,947
pre_xx_3280,chr1,205320872,205322037,1165
pre_xx_3281,chr1,205324932,205325706,774
pre_xx_3282,chr1,205335327,205336401,1074
pre_xx_3283,chr1,205343236,205344918,1682
pre_xx_3284,chr1,205356206,205357357,1151
pre_xx_3285,chr1,205371986,205375035,3049
pre_xx_3286,chr1,205375874,205376525,651
pre_xx_3287,chr1,205430138,205431156,1018
pre_xx_3288,chr1,205438191,205439337,1146
pre_xx_3289,chr1,205443903,205445475,1572
pre_xx_3290,chr1,205449488,205450959,1471
pre_xx_3291,chr1,205453371,205453824,453
pre_xx_3292,chr1,205454828,205455274,446
pre_xx_3293,chr1,205455569,205456103,534
pre_xx_3294,chr1,205456286,205457617,1331
pre_xx_3295,chr1,205472564,205473940,1376
pre_xx_3296,chr1,205477425,205478336,911
pre_xx_3297,chr1,205485203,205486040,837
pre_xx_3298,chr1,205487959,205488436,477
pre_xx_3299,chr1,205495020,205495971,951
pre_xx_3300,chr1,205504149,205506172,2023
pre_xx_3301,chr1,205528571,205529591,1020
pre_xx_3302,chr1,205543207,205544253,1046
pre_xx_3303,chr1,205568348,205570219,1871
pre_xx_3304,chr1,205577987,205578826,839
pre_xx_3305,chr1,205581823,205583254,1431
pre_xx_3306,chr1,205591340,205592385,1045
pre_xx_3307,chr1,205630242,205632595,2353
pre_xx_3308,chr1,205658710,205659613,903
pre_xx_3309,chr1,205670451,205671436,985
pre_xx_3310,chr1,205671970,205672766,796
pre_xx_3311,chr1,205678283,205681118,2835
pre_xx_3312,chr1,205748430,205750713,2283
pre_xx_3313,chr1,205774056,205775663,1607
pre_xx_3314,chr1,205811476,205814099,2623
pre_xx_3315,chr1,205913221,205914182,961
pre_xx_3316,chr1,205917051,205918076,1025
pre_xx_3317,chr1,205946536,205947348,812
pre_xx_3318,chr1,205961280,205963188,1908
pre_xx_3319,chr1,205976686,205977730,1044
pre_xx_3320,chr1,205983641,205984523,882
pre_xx_3321,chr1,206067364,206068864,1500
pre_xx_3322,chr1,206106192,206107492,1300
pre_xx_3323,chr1,206116488,206118144,1656
pre_xx_3324,chr1,206202839,206203330,491
pre_xx_3325,chr1,206469366,206471691,2325
pre_xx_3326,chr1,206479176,206479975,799
pre_xx_3327,chr1,206489910,206491286,1376
pre_xx_3328,chr1,206506639,206508217,1578
pre_xx_3329,chr1,206511640,206513037,1397
pre_xx_3330,chr1,206555120,206555994,874
pre_xx_3331,chr1,206556725,206557916,1191
pre_xx_3332,chr1,206611715,206613289,1574
pre_xx_3333,chr1,206634261,206636378,2117
pre_xx_3334,chr1,206663612,206664547,935
pre_xx_3335,chr1,206684448,206686553,2105
pre_xx_3336,chr1,206726142,206726729,587
pre_xx_3337,chr1,206908845,206910198,1353
pre_xx_3338,chr1,207032401,207033383,982
pre_xx_3339,chr1,207050410,207051329,919
pre_xx_3340,chr1,207052535,207053734,1199
pre_xx_3341,chr1,207084147,207085264,1117
pre_xx_3342,chr1,207309474,207310446,972
pre_xx_3343,chr1,207320728,207322510,1782
pre_xx_3344,chr1,207423222,207425301,2079
pre_xx_3345,chr1,207453798,207455344,1546
pre_xx_3346,chr1,207495579,207496815,1236
pre_xx_3347,chr1,207644533,207645968,1435
pre_xx_3348,chr1,207668899,207669981,1082
pre_xx_3349,chr1,207751441,207753027,1586
pre_xx_3350,chr1,207822591,207824317,1726
pre_xx_3351,chr1,207837780,207839013,1233
pre_xx_3352,chr1,207867697,207869577,1880
pre_xx_3353,chr1,207884747,207886012,1265
pre_xx_3354,chr1,207910376,207911489,1113
pre_xx_3355,chr1,207958697,207959868,1171
pre_xx_3356,chr1,207962758,207964602,1844
pre_xx_3357,chr1,208042933,208044253,1320
pre_xx_3358,chr1,208100629,208102490,1861
pre_xx_3359,chr1,208131476,208132519,1043
pre_xx_3360,chr1,208134267,208135463,1196
pre_xx_3361,chr1,208136108,208136827,719
pre_xx_3362,chr1,208153589,208154434,845
pre_xx_3363,chr1,208159454,208160295,841
pre_xx_3364,chr1,208231888,208232777,889
pre_xx_3365,chr1,208238842,208239653,811
pre_xx_3366,chr1,208242975,208244828,1853
pre_xx_3367,chr1,208244967,208245546,579
pre_xx_3368,chr1,208251912,208253515,1603
pre_xx_3369,chr1,208476081,208477378,1297
pre_xx_3370,chr1,208652057,208653019,962
pre_xx_3371,chr1,209199241,209200229,988
pre_xx_3372,chr1,209206927,209208331,1404
pre_xx_3373,chr1,209248420,209250619,2199
pre_xx_3374,chr1,209348963,209350597,1634
pre_xx_3375,chr1,209354103,209354704,601
pre_xx_3376,chr1,209434227,209436015,1788
pre_xx_3377,chr1,209576275,209577217,942
pre_xx_3378,chr1,209583387,209584699,1312
pre_xx_3379,chr1,209585320,209586568,1248
pre_xx_3380,chr1,209626883,209628044,1161
pre_xx_3381,chr1,209645657,209646455,798
pre_xx_3382,chr1,209652177,209653529,1352
pre_xx_3383,chr1,209674563,209676189,1626
pre_xx_3384,chr1,209720093,209721241,1148
pre_xx_3385,chr1,209747419,209748366,947
pre_xx_3386,chr1,209783386,209784943,1557
pre_xx_3387,chr1,209805224,209806554,1330
pre_xx_3388,chr1,209827284,209828480,1196
pre_xx_3389,chr1,209937378,209938817,1439
pre_xx_3390,chr1,210222173,210223695,1522
pre_xx_3391,chr1,210231998,210234507,2509
pre_xx_3392,chr1,210250639,210252328,1689
pre_xx_3393,chr1,210290915,210293593,2678
pre_xx_3394,chr1,210294815,210295471,656
pre_xx_3395,chr1,210310889,210312024,1135
pre_xx_3396,chr1,210327953,210330706,2753
pre_xx_3397,chr1,210584216,210585047,831
pre_xx_3398,chr1,210662076,210664640,2564
pre_xx_3399,chr1,211133197,211134513,1316
pre_xx_3400,chr1,211257925,211261092,3167
pre_xx_3401,chr1,211326200,211327934,1734
pre_xx_3402,chr1,211382025,211383523,1498
pre_xx_3403,chr1,211469320,211470576,1256
pre_xx_3404,chr1,211491724,211494455,2731
pre_xx_3405,chr1,211513799,211514401,602
pre_xx_3406,chr1,211514916,211515927,1011
pre_xx_3407,chr1,211577397,211580526,3129
pre_xx_3408,chr1,211630120,211631266,1146
pre_xx_3409,chr1,211632031,211633724,1693
pre_xx_3410,chr1,211642875,211644272,1397
pre_xx_3411,chr1,211654682,211655928,1246
pre_xx_3412,chr1,211674935,211676240,1305
pre_xx_3413,chr1,211680650,211681272,622
pre_xx_3414,chr1,211698270,211699395,1125
pre_xx_3415,chr1,211738141,211739275,1134
pre_xx_3416,chr1,211829022,211831161,2139
pre_xx_3417,chr1,212034493,212036298,1805
pre_xx_3418,chr1,212087562,212088921,1359
pre_xx_3419,chr1,212218580,212220191,1611
pre_xx_3420,chr1,212221498,212222219,721
pre_xx_3421,chr1,212260468,212262001,1533
pre_xx_3422,chr1,212284391,212287107,2716
pre_xx_3423,chr1,212413417,212415215,1798
pre_xx_3424,chr1,212432287,212433836,1549
pre_xx_3425,chr1,212437283,212437806,523
pre_xx_3426,chr1,212476947,212477683,736
pre_xx_3427,chr1,212485753,212486619,866
pre_xx_3428,chr1,212513731,212515676,1945
pre_xx_3429,chr1,212557900,212559550,1650
pre_xx_3430,chr1,212566176,212567539,1363
pre_xx_3431,chr1,212595750,212596848,1098
pre_xx_3432,chr1,212606658,212607187,529
pre_xx_3433,chr1,212607560,212609894,2334
pre_xx_3434,chr1,212620421,212622577,2156
pre_xx_3435,chr1,212664789,212665860,1071
pre_xx_3436,chr1,212671206,212672180,974
pre_xx_3437,chr1,212698955,212701385,2430
pre_xx_3438,chr1,212790981,212792666,1685
pre_xx_3439,chr1,212857326,212859233,1907
pre_xx_3440,chr1,212924447,212925458,1011
pre_xx_3441,chr1,212949959,212952952,2993
pre_xx_3442,chr1,212980440,212982059,1619
pre_xx_3443,chr1,213014566,213016245,1679
pre_xx_3444,chr1,213044917,213046237,1320
pre_xx_3445,chr1,213050667,213051998,1331
pre_xx_3446,chr1,213381085,213382133,1048
pre_xx_3447,chr1,213934224,213935146,922
pre_xx_3448,chr1,213982550,213983508,958
pre_xx_3449,chr1,213987383,213990694,3311
pre_xx_3450,chr1,214075649,214077505,1856
pre_xx_3451,chr1,214122794,214123681,887
pre_xx_3452,chr1,214186265,214187790,1525
pre_xx_3453,chr1,214224259,214225410,1151
pre_xx_3454,chr1,214261211,214262133,922
pre_xx_3455,chr1,214280181,214282142,1961
pre_xx_3456,chr1,214328667,214329210,543
pre_xx_3457,chr1,214439068,214440185,1117
pre_xx_3458,chr1,214550548,214552667,2119
pre_xx_3459,chr1,214602498,214604275,1777
pre_xx_3460,chr1,215081536,215083948,2412
pre_xx_3461,chr1,215539477,215540696,1219
pre_xx_3462,chr1,215566711,215568609,1898
pre_xx_3463,chr1,216053898,216055366,1468
pre_xx_3464,chr1,216530883,216532300,1417
pre_xx_3465,chr1,216600508,216601816,1308
pre_xx_3466,chr1,216722578,216724188,1610
pre_xx_3467,chr1,217088087,217090645,2558
pre_xx_3468,chr1,217133784,217135888,2104
pre_xx_3469,chr1,217139189,217140827,1638
pre_xx_3470,chr1,217629973,217631873,1900
pre_xx_3471,chr1,218163866,218165866,2000
pre_xx_3472,chr1,218284418,218286486,2068
pre_xx_3473,chr1,218344879,218346296,1417
pre_xx_3474,chr1,218346681,218348572,1891
pre_xx_3475,chr1,218380127,218381114,987
pre_xx_3476,chr1,218497891,218499744,1853
pre_xx_3477,chr1,218850112,218850722,610
pre_xx_3478,chr1,218851380,218852159,779
pre_xx_3479,chr1,219173441,219175165,1724
pre_xx_3480,chr1,219555140,219556424,1284
pre_xx_3481,chr1,219563619,219564491,872
pre_xx_3482,chr1,219660510,219662018,1508
pre_xx_3483,chr1,219757503,219758443,940
pre_xx_3484,chr1,219790551,219791628,1077
pre_xx_3485,chr1,219811684,219813673,1989
pre_xx_3486,chr1,219927596,219929091,1495
pre_xx_3487,chr1,220045384,220046940,1556
pre_xx_3488,chr1,220089108,220090448,1340
pre_xx_3489,chr1,220093524,220094933,1409
pre_xx_3490,chr1,220123958,220124980,1022
pre_xx_3491,chr1,220271447,220273094,1647
pre_xx_3492,chr1,220300296,220301154,858
pre_xx_3493,chr1,220527192,220529485,2293
pre_xx_3494,chr1,220689785,220691900,2115
pre_xx_3495,chr1,220705394,220707225,1831
pre_xx_3496,chr1,220732109,220733712,1603
pre_xx_3497,chr1,220747430,220749162,1732
pre_xx_3498,chr1,220749859,220751500,1641
pre_xx_3499,chr1,220785928,220787652,1724
pre_xx_3500,chr1,220809988,220811257,1269
pre_xx_3501,chr1,220876400,220877586,1186
pre_xx_3502,chr1,220878656,220880296,1640
pre_xx_3503,chr1,220884245,220884920,675
pre_xx_3504,chr1,220887290,220888477,1187
pre_xx_3505,chr1,220893776,220895096,1320
pre_xx_3506,chr1,221469467,221470313,846
pre_xx_3507,chr1,221740536,221743580,3044
pre_xx_3508,chr1,222265264,222267147,1883
pre_xx_3509,chr1,222454234,222455921,1687
pre_xx_3510,chr1,222464530,222465980,1450
pre_xx_3511,chr1,222583687,222585149,1462
pre_xx_3512,chr1,222589033,222590639,1606
pre_xx_3513,chr1,222617216,222619252,2036
pre_xx_3514,chr1,222643338,222644896,1558
pre_xx_3515,chr1,222711299,222714264,2965
pre_xx_3516,chr1,222784814,222786734,1920
pre_xx_3517,chr1,222814141,222815846,1705
pre_xx_3518,chr1,222927929,222928644,715
pre_xx_3519,chr1,222975331,222976787,1456
pre_xx_3520,chr1,223081095,223081778,683
pre_xx_3521,chr1,223122808,223124045,1237
pre_xx_3522,chr1,223133332,223135511,2179
pre_xx_3523,chr1,223142612,223144500,1888
pre_xx_3524,chr1,223362897,223365412,2515
pre_xx_3525,chr1,223392863,223394951,2088
pre_xx_3526,chr1,223683630,223684585,955
pre_xx_3527,chr1,223712033,223714030,1997
pre_xx_3528,chr1,223726025,223727957,1932
pre_xx_3529,chr1,223732945,223734244,1299
pre_xx_3530,chr1,223747874,223749453,1579
pre_xx_3531,chr1,223844568,223846928,2360
pre_xx_3532,chr1,223992163,223993918,1755
pre_xx_3533,chr1,224113685,224115112,1427
pre_xx_3534,chr1,224175326,224176119,793
pre_xx_3535,chr1,224182263,224184370,2107
pre_xx_3536,chr1,224212541,224214449,1908
pre_xx_3537,chr1,224329194,224330883,1689
pre_xx_3538,chr1,224356182,224357990,1808
pre_xx_3539,chr1,224432660,224435649,2989
pre_xx_3540,chr1,224456600,224457803,1203
pre_xx_3541,chr1,224497945,224498942,997
pre_xx_3542,chr1,224502324,224503991,1667
pre_xx_3543,chr1,224513436,224514077,641
pre_xx_3544,chr1,224615597,224618322,2725
pre_xx_3545,chr1,224629549,224630364,815
pre_xx_3546,chr1,224631413,224632344,931
pre_xx_3547,chr1,224632436,224633288,852
pre_xx_3548,chr1,224683676,224685674,1998
pre_xx_3549,chr1,224883096,224885089,1993
pre_xx_3550,chr1,224929150,224930749,1599
pre_xx_3551,chr1,225426215,225428856,2641
pre_xx_3552,chr1,225474470,225475519,1049
pre_xx_3553,chr1,225651435,225654153,2718
pre_xx_3554,chr1,225676903,225678102,1199
pre_xx_3555,chr1,225735333,225737477,2144
pre_xx_3556,chr1,225754947,225756266,1319
pre_xx_3557,chr1,225766903,225768153,1250
pre_xx_3558,chr1,225771883,225773193,1310
pre_xx_3559,chr1,225777085,225778458,1373
pre_xx_3560,chr1,225809643,225811846,2203
pre_xx_3561,chr1,225816535,225817904,1369
pre_xx_3562,chr1,225822391,225822950,559
pre_xx_3563,chr1,225823581,225826202,2621
pre_xx_3564,chr1,225845421,225846158,737
pre_xx_3565,chr1,225847214,225849082,1868
pre_xx_3566,chr1,225880872,225883396,2524
pre_xx_3567,chr1,225910955,225912066,1111
pre_xx_3568,chr1,225923387,225924872,1485
pre_xx_3569,chr1,225975601,225976323,722
pre_xx_3570,chr1,225977411,225978814,1403
pre_xx_3571,chr1,225998476,226000136,1660
pre_xx_3572,chr1,226061492,226063881,2389
pre_xx_3573,chr1,226082758,226084155,1397
pre_xx_3574,chr1,226100198,226101385,1187
pre_xx_3575,chr1,226108990,226111588,2598
pre_xx_3576,chr1,226121164,226122993,1829
pre_xx_3577,chr1,226125011,226125506,495
pre_xx_3578,chr1,226134676,226136099,1423
pre_xx_3579,chr1,226185084,226187191,2107
pre_xx_3580,chr1,226209028,226210027,999
pre_xx_3581,chr1,226222897,226224607,1710
pre_xx_3582,chr1,226308242,226310270,2028
pre_xx_3583,chr1,226406401,226408763,2362
pre_xx_3584,chr1,226547679,226550765,3086
pre_xx_3585,chr1,226551112,226551974,862
pre_xx_3586,chr1,226588430,226590010,1580
pre_xx_3587,chr1,226653701,226654767,1066
pre_xx_3588,chr1,226655990,226657275,1285
pre_xx_3589,chr1,226661766,226663354,1588
pre_xx_3590,chr1,226672186,226672969,783
pre_xx_3591,chr1,226679620,226680687,1067
pre_xx_3592,chr1,226702428,226703968,1540
pre_xx_3593,chr1,226722397,226724467,2070
pre_xx_3594,chr1,226735875,226739568,3693
pre_xx_3595,chr1,226827097,226828434,1337
pre_xx_3596,chr1,226870104,226871897,1793
pre_xx_3597,chr1,226872092,226872881,789
pre_xx_3598,chr1,226882107,226883440,1333
pre_xx_3599,chr1,226891836,226893432,1596
pre_xx_3600,chr1,226938923,226940835,1912
pre_xx_3601,chr1,227317511,227319463,1952
pre_xx_3602,chr1,227481220,227481933,713
pre_xx_3603,chr1,227541686,227543087,1401
pre_xx_3604,chr1,227560561,227561621,1060
pre_xx_3605,chr1,227563048,227564505,1457
pre_xx_3606,chr1,227727949,227729181,1232
pre_xx_3607,chr1,227734546,227736223,1677
pre_xx_3608,chr1,227762036,227762925,889
pre_xx_3609,chr1,227765982,227766647,665
pre_xx_3610,chr1,227786312,227789228,2916
pre_xx_3611,chr1,227793474,227795376,1902
pre_xx_3612,chr1,227886169,227888439,2270
pre_xx_3613,chr1,227912819,227916012,3193
pre_xx_3614,chr1,227917099,227917714,615
pre_xx_3615,chr1,227946241,227948776,2535
pre_xx_3616,chr1,227999064,227999707,643
pre_xx_3617,chr1,228006337,228007995,1658
pre_xx_3618,chr1,228037198,228038399,1201
pre_xx_3619,chr1,228058757,228061196,2439
pre_xx_3620,chr1,228081422,228084177,2755
pre_xx_3621,chr1,228085249,228085617,368
pre_xx_3622,chr1,228101878,228103805,1927
pre_xx_3623,chr1,228108777,228110487,1710
pre_xx_3624,chr1,228130285,228131515,1230
pre_xx_3625,chr1,228139421,228141967,2546
pre_xx_3626,chr1,228149061,228151616,2555
pre_xx_3627,chr1,228157600,228159158,1558
pre_xx_3628,chr1,228165138,228166852,1714
pre_xx_3629,chr1,228178487,228179631,1144
pre_xx_3630,chr1,228212234,228214436,2202
pre_xx_3631,chr1,228275201,228277075,1874
pre_xx_3632,chr1,228315003,228316461,1458
pre_xx_3633,chr1,228372107,228373150,1043
pre_xx_3634,chr1,228377787,228379524,1737
pre_xx_3635,chr1,228405321,228407582,2261
pre_xx_3636,chr1,228414967,228417728,2761
pre_xx_3637,chr1,228445227,228447124,1897
pre_xx_3638,chr1,228456986,228459555,2569
pre_xx_3639,chr1,228463548,228465487,1939
pre_xx_3640,chr1,228486279,228488502,2223
pre_xx_3641,chr1,228500622,228501478,856
pre_xx_3642,chr1,228646450,228648509,2059
pre_xx_3643,chr1,228734737,228736675,1938
pre_xx_3644,chr1,228801914,228803834,1920
pre_xx_3645,chr1,228867998,228868640,642
pre_xx_3646,chr1,228902851,228904004,1153
pre_xx_3647,chr1,228963680,228965013,1333
pre_xx_3648,chr1,229057888,229060371,2483
pre_xx_3649,chr1,229061599,229062759,1160
pre_xx_3650,chr1,229111195,229112301,1106
pre_xx_3651,chr1,229114030,229115340,1310
pre_xx_3652,chr1,229146651,229148937,2286
pre_xx_3653,chr1,229171653,229172396,743
pre_xx_3654,chr1,229175979,229176965,986
pre_xx_3655,chr1,229209406,229210310,904
pre_xx_3656,chr1,229229016,229230198,1182
pre_xx_3657,chr1,229252763,229253762,999
pre_xx_3658,chr1,229257844,229258942,1098
pre_xx_3659,chr1,229270400,229272495,2095
pre_xx_3660,chr1,229341286,229343773,2487
pre_xx_3661,chr1,229370138,229371127,989
pre_xx_3662,chr1,229406728,229407880,1152
pre_xx_3663,chr1,229410320,229411733,1413
pre_xx_3664,chr1,229430614,229432474,1860
pre_xx_3665,chr1,229433807,229435054,1247
pre_xx_3666,chr1,229507386,229509106,1720
pre_xx_3667,chr1,229557582,229559423,1841
pre_xx_3668,chr1,229624767,229626879,2112
pre_xx_3669,chr1,229660931,229661660,729
pre_xx_3670,chr1,229665898,229667443,1545
pre_xx_3671,chr1,229715674,229716537,863
pre_xx_3672,chr1,229778595,229779373,778
pre_xx_3673,chr1,229940321,229941494,1173
pre_xx_3674,chr1,230066040,230069195,3155
pre_xx_3675,chr1,230113393,230114629,1236
pre_xx_3676,chr1,230119251,230121265,2014
pre_xx_3677,chr1,230136270,230138086,1816
pre_xx_3678,chr1,230176357,230177541,1184
pre_xx_3679,chr1,230267295,230269216,1921
pre_xx_3680,chr1,230280476,230282563,2087
pre_xx_3681,chr1,230306847,230308483,1636
pre_xx_3682,chr1,230317487,230318771,1284
pre_xx_3683,chr1,230320601,230321172,571
pre_xx_3684,chr1,230347976,230349285,1309
pre_xx_3685,chr1,230363514,230364272,758
pre_xx_3686,chr1,230372100,230373104,1004
pre_xx_3687,chr1,230374712,230376531,1819
pre_xx_3688,chr1,230424330,230426985,2655
pre_xx_3689,chr1,230501329,230502300,971
pre_xx_3690,chr1,230548427,230550253,1826
pre_xx_3691,chr1,230610064,230612183,2119
pre_xx_3692,chr1,230641709,230643433,1724
pre_xx_3693,chr1,230681069,230682121,1052
pre_xx_3694,chr1,230772343,230773507,1164
pre_xx_3695,chr1,230858771,230859973,1202
pre_xx_3696,chr1,230867065,230869333,2268
pre_xx_3697,chr1,230917004,230918234,1230
pre_xx_3698,chr1,230977323,230979567,2244
pre_xx_3699,chr1,230983728,230985997,2269
pre_xx_3700,chr1,231038996,231041475,2479
pre_xx_3701,chr1,231053227,231054284,1057
pre_xx_3702,chr1,231160745,231163871,3126
pre_xx_3703,chr1,231211098,231212885,1787
pre_xx_3704,chr1,231240332,231242144,1812
pre_xx_3705,chr1,231336791,231339027,2236
pre_xx_3706,chr1,231339312,231339927,615
pre_xx_3707,chr1,231352788,231353648,860
pre_xx_3708,chr1,231357642,231358465,823
pre_xx_3709,chr1,231407095,231408760,1665
pre_xx_3710,chr1,231420815,231422931,2116
pre_xx_3711,chr1,231527594,231529238,1644
pre_xx_3712,chr1,231534289,231535223,934
pre_xx_3713,chr1,231590266,231590907,641
pre_xx_3714,chr1,231625954,231627698,1744
pre_xx_3715,chr1,231806488,231808036,1548
pre_xx_3716,chr1,231856517,231857431,914
pre_xx_3717,chr1,231866479,231868476,1997
pre_xx_3718,chr1,232259201,232261523,2322
pre_xx_3719,chr1,232552848,232556283,3435
pre_xx_3720,chr1,232620164,232621426,1262
pre_xx_3721,chr1,232627666,232628244,578
pre_xx_3722,chr1,232628642,232630996,2354
pre_xx_3723,chr1,232804812,232806311,1499
pre_xx_3724,chr1,232900635,232902735,2100
pre_xx_3725,chr1,232949980,232951685,1705
pre_xx_3726,chr1,233019666,233020823,1157
pre_xx_3727,chr1,233077939,233078987,1048
pre_xx_3728,chr1,233294746,233295906,1160
pre_xx_3729,chr1,233326731,233329011,2280
pre_xx_3730,chr1,233359139,233359983,844
pre_xx_3731,chr1,233440552,233442677,2125
pre_xx_3732,chr1,233473245,233474589,1344
pre_xx_3733,chr1,233613142,233615521,2379
pre_xx_3734,chr1,233707085,233708573,1488
pre_xx_3735,chr1,233904257,233906091,1834
pre_xx_3736,chr1,234213632,234215441,1809
pre_xx_3737,chr1,234355862,234357296,1434
pre_xx_3738,chr1,234372424,234374386,1962
pre_xx_3739,chr1,234477837,234479546,1709
pre_xx_3740,chr1,234498733,234500092,1359
pre_xx_3741,chr1,234522946,234524212,1266
pre_xx_3742,chr1,234533096,234535098,2002
pre_xx_3743,chr1,234543197,234545908,2711
pre_xx_3744,chr1,234561620,234562813,1193
pre_xx_3745,chr1,234599488,234601577,2089
pre_xx_3746,chr1,234605943,234606406,463
pre_xx_3747,chr1,234608072,234608375,303
pre_xx_3748,chr1,234608506,234611856,3350
pre_xx_3749,chr1,234612427,234613107,680
pre_xx_3750,chr1,234675704,234676620,916
pre_xx_3751,chr1,234717606,234718717,1111
pre_xx_3752,chr1,234721112,234722600,1488
pre_xx_3753,chr1,234723153,234725549,2396
pre_xx_3754,chr1,234745266,234747147,1881
pre_xx_3755,chr1,234750688,234751849,1161
pre_xx_3756,chr1,234960681,234963032,2351
pre_xx_3757,chr1,234969174,234971475,2301
pre_xx_3758,chr1,234977966,234979471,1505
pre_xx_3759,chr1,234986456,234988583,2127
pre_xx_3760,chr1,235021999,235023473,1474
pre_xx_3761,chr1,235073460,235076047,2587
pre_xx_3762,chr1,235078786,235080094,1308
pre_xx_3763,chr1,235082947,235084050,1103
pre_xx_3764,chr1,235090332,235091159,827
pre_xx_3765,chr1,235093001,235094202,1201
pre_xx_3766,chr1,235103923,235105496,1573
pre_xx_3767,chr1,235127122,235129190,2068
pre_xx_3768,chr1,235160474,235161982,1508
pre_xx_3769,chr1,235304151,235305556,1405
pre_xx_3770,chr1,235326691,235329706,3015
pre_xx_3771,chr1,235366810,235368029,1219
pre_xx_3772,chr1,235503253,235505610,2357
pre_xx_3773,chr1,235648405,235651150,2745
pre_xx_3774,chr1,235865770,235867805,2035
pre_xx_3775,chr1,235971337,235972730,1393
pre_xx_3776,chr1,236063647,236065830,2183
pre_xx_3777,chr1,236140109,236143733,3624
pre_xx_3778,chr1,236280712,236282558,1846
pre_xx_3779,chr1,236394804,236396100,1296
pre_xx_3780,chr1,236399932,236400617,685
pre_xx_3781,chr1,236470951,236472943,1992
pre_xx_3782,chr1,236502924,236503606,682
pre_xx_3783,chr1,236507026,236507715,689
pre_xx_3784,chr1,236522732,236525046,2314
pre_xx_3785,chr1,236603571,236605249,1678
pre_xx_3786,chr1,236685962,236687158,1196
pre_xx_3787,chr1,236794631,236796402,1771
pre_xx_3788,chr1,237041514,237043670,2156
pre_xx_3789,chr1,237145419,237147078,1659
pre_xx_3790,chr1,237864106,237865157,1051
pre_xx_3791,chr1,238959857,238961084,1227
pre_xx_3792,chr1,239385867,239388239,2372
pre_xx_3793,chr1,239615636,239617102,1466
pre_xx_3794,chr1,239897015,239898552,1537
pre_xx_3795,chr1,239997129,239998382,1253
pre_xx_3796,chr1,240091312,240093822,2510
pre_xx_3797,chr1,240611161,240612464,1303
pre_xx_3798,chr1,241114006,241115210,1204
pre_xx_3799,chr1,241171729,241173079,1350
pre_xx_3800,chr1,241202080,241203146,1066
pre_xx_3801,chr1,241356105,241357541,1436
pre_xx_3802,chr1,241423493,241424924,1431
pre_xx_3803,chr1,241518508,241520147,1639
pre_xx_3804,chr1,241609764,241611508,1744
pre_xx_3805,chr1,241638966,241640869,1903
pre_xx_3806,chr1,241653727,241654635,908
pre_xx_3807,chr1,241738273,241739636,1363
pre_xx_3808,chr1,241773795,241774649,854
pre_xx_3809,chr1,241847411,241848863,1452
pre_xx_3810,chr1,241933763,241934787,1024
pre_xx_3811,chr1,241947005,241947895,890
pre_xx_3812,chr1,241998179,241999294,1115
pre_xx_3813,chr1,242523352,242525445,2093
pre_xx_3814,chr1,242647998,242649248,1250
pre_xx_3815,chr1,243253984,243256414,2430
pre_xx_3816,chr1,243421123,243422276,1153
pre_xx_3817,chr1,243438070,243439228,1158
pre_xx_3818,chr1,243472995,243474906,1911
pre_xx_3819,chr1,243482037,243483822,1785
pre_xx_3820,chr1,243712797,243714484,1687
pre_xx_3821,chr1,243848897,243851391,2494
pre_xx_3822,chr1,243916776,243918280,1504
pre_xx_3823,chr1,244046925,244050110,3185
pre_xx_3824,chr1,244271871,244274566,2695
pre_xx_3825,chr1,244299090,244299843,753
pre_xx_3826,chr1,244300560,244301450,890
pre_xx_3827,chr1,244361464,244362876,1412
pre_xx_3828,chr1,244450460,244452421,1961
pre_xx_3829,chr1,244460705,244462018,1313
pre_xx_3830,chr1,244651924,244654186,2262
pre_xx_3831,chr1,244672430,244673993,1563
pre_xx_3832,chr1,244729432,244731244,1812
pre_xx_3833,chr1,244758433,244759616,1183
pre_xx_3834,chr1,244833732,244836509,2777
pre_xx_3835,chr1,244862399,244865228,2829
pre_xx_3836,chr1,244918317,244919558,1241
pre_xx_3837,chr1,244969403,244971533,2130
pre_xx_3838,chr1,245153074,245157215,4141
pre_xx_3839,chr1,245363205,245364241,1036
pre_xx_3840,chr1,245469033,245470376,1343
pre_xx_3841,chr1,245499673,245501887,2214
pre_xx_3842,chr1,245512080,245514152,2072
pre_xx_3843,chr1,245790975,245792164,1189
pre_xx_3844,chr1,245810263,245811452,1189
pre_xx_3845,chr1,245874246,245875486,1240
pre_xx_3846,chr1,246066286,246068010,1724
pre_xx_3847,chr1,246094833,246095918,1085
pre_xx_3848,chr1,246176034,246176978,944
pre_xx_3849,chr1,246385668,246387305,1637
pre_xx_3850,chr1,246450219,246451180,961
pre_xx_3851,chr1,246492232,246493296,1064
pre_xx_3852,chr1,246506189,246507699,1510
pre_xx_3853,chr1,246565486,246567655,2169
pre_xx_3854,chr1,246689305,246690413,1108
pre_xx_3855,chr1,246698743,246699741,998
pre_xx_3856,chr1,246723593,246725485,1892
pre_xx_3857,chr1,246782001,246782979,978
pre_xx_3858,chr1,246788742,246790034,1292
pre_xx_3859,chr1,246800761,246801887,1126
pre_xx_3860,chr1,246930435,246932497,2062
pre_xx_3861,chr1,247007313,247008360,1047
pre_xx_3862,chr1,247077638,247079656,2018
pre_xx_3863,chr1,247103335,247104843,1508
pre_xx_3864,chr1,247110559,247112832,2273
pre_xx_3865,chr1,247209147,247211104,1957
pre_xx_3866,chr1,247330641,247332569,1928
pre_xx_3867,chr1,247332728,247333401,673
pre_xx_3868,chr1,247335286,247336181,895
pre_xx_3869,chr1,247337164,247338258,1094
pre_xx_3870,chr1,247347497,247348524,1027
pre_xx_3871,chr1,247356770,247358057,1287
pre_xx_3872,chr1,247389778,247390727,949
pre_xx_3873,chr1,247447754,247448820,1066
pre_xx_3874,chr1,247856857,247858043,1186
pre_xx_3875,chr1,248825140,248826915,1775
pre_xx_3876,chr1,248837530,248839368,1838
pre_xx_3877,chr1,248857550,248859726,2176
pre_xx_3878,chr1,248862791,248863829,1038
pre_xx_3879,chr1,248872625,248874581,1956
pre_xx_3880,chr1,248889264,248889941,677
pre_xx_3881,chr1,248905665,248907559,1894
pre_xx_3882,chr1,248923380,248925434,2054
pre_xx_3883,chr10,73608,74341,733
pre_xx_3884,chr10,133994,136610,2616
pre_xx_3885,chr10,372303,374023,1720
pre_xx_3886,chr10,481044,482618,1574
pre_xx_3887,chr10,510445,512069,1624
pre_xx_3888,chr10,532813,534305,1492
pre_xx_3889,chr10,593446,594287,841
pre_xx_3890,chr10,624129,625740,1611
pre_xx_3891,chr10,633188,634555,1367
pre_xx_3892,chr10,649524,651113,1589
pre_xx_3893,chr10,653802,654784,982
pre_xx_3894,chr10,663397,664254,857
pre_xx_3895,chr10,665332,666645,1313
pre_xx_3896,chr10,687909,690534,2625
pre_xx_3897,chr10,784397,785440,1043
pre_xx_3898,chr10,788936,789780,844
pre_xx_3899,chr10,929974,932344,2370
pre_xx_3900,chr10,955043,956354,1311
pre_xx_3901,chr10,969986,971505,1519
pre_xx_3902,chr10,987143,989196,2053
pre_xx_3903,chr10,1047978,1049986,2008
pre_xx_3904,chr10,1055749,1057599,1850
pre_xx_3905,chr10,1061780,1062945,1165
pre_xx_3906,chr10,1149411,1150359,948
pre_xx_3907,chr10,1158935,1160001,1066
pre_xx_3908,chr10,1182825,1183866,1041
pre_xx_3909,chr10,1296771,1298482,1711
pre_xx_3910,chr10,1312078,1312835,757
pre_xx_3911,chr10,1359925,1361366,1441
pre_xx_3912,chr10,1420201,1421298,1097
pre_xx_3913,chr10,1736060,1737990,1930
pre_xx_3914,chr10,3049572,3050490,918
pre_xx_3915,chr10,3066131,3069367,3236
pre_xx_3916,chr10,3090467,3091245,778
pre_xx_3917,chr10,3171842,3173828,1986
pre_xx_3918,chr10,3196657,3197938,1281
pre_xx_3919,chr10,3238863,3240871,2008
pre_xx_3920,chr10,3388661,3390058,1397
pre_xx_3921,chr10,3482033,3482901,868
pre_xx_3922,chr10,3500157,3500897,740
pre_xx_3923,chr10,3702035,3703069,1034
pre_xx_3924,chr10,3774998,3776485,1487
pre_xx_3925,chr10,3782549,3784263,1714
pre_xx_3926,chr10,3784569,3786242,1673
pre_xx_3927,chr10,3786454,3786904,450
pre_xx_3928,chr10,3809920,3810833,913
pre_xx_3929,chr10,3954378,3956263,1885
pre_xx_3930,chr10,4082597,4084109,1512
pre_xx_3931,chr10,4240816,4243096,2280
pre_xx_3932,chr10,4825440,4826973,1533
pre_xx_3933,chr10,4849331,4850219,888
pre_xx_3934,chr10,4902185,4903810,1625
pre_xx_3935,chr10,4981469,4982596,1127
pre_xx_3936,chr10,5411857,5413574,1717
pre_xx_3937,chr10,5446183,5446903,720
pre_xx_3938,chr10,5449829,5450319,490
pre_xx_3939,chr10,5461112,5462700,1588
pre_xx_3940,chr10,5465970,5467631,1661
pre_xx_3941,chr10,5574686,5576219,1533
pre_xx_3942,chr10,5583279,5584175,896
pre_xx_3943,chr10,5622956,5623479,523
pre_xx_3944,chr10,5665386,5666948,1562
pre_xx_3945,chr10,5684125,5686163,2038
pre_xx_3946,chr10,5692187,5693356,1169
pre_xx_3947,chr10,5812302,5814267,1965
pre_xx_3948,chr10,5888355,5890924,2569
pre_xx_3949,chr10,5948958,5949684,726
pre_xx_3950,chr10,5976569,5978275,1706
pre_xx_3951,chr10,6086266,6086714,448
pre_xx_3952,chr10,6088310,6090226,1916
pre_xx_3953,chr10,6128450,6129488,1038
pre_xx_3954,chr10,6144259,6146501,2242
pre_xx_3955,chr10,6150999,6152292,1293
pre_xx_3956,chr10,6162553,6165697,3144
pre_xx_3957,chr10,6177799,6178959,1160
pre_xx_3958,chr10,6200286,6204684,4398
pre_xx_3959,chr10,6211344,6212568,1224
pre_xx_3960,chr10,6401508,6402373,865
pre_xx_3961,chr10,6579205,6581033,1828
pre_xx_3962,chr10,6785975,6787518,1543
pre_xx_3963,chr10,6919825,6921268,1443
pre_xx_3964,chr10,7263500,7265268,1768
pre_xx_3965,chr10,7407308,7409539,2231
pre_xx_3966,chr10,7410285,7411976,1691
pre_xx_3967,chr10,7412244,7413150,906
pre_xx_3968,chr10,7474961,7476260,1299
pre_xx_3969,chr10,7488260,7489624,1364
pre_xx_3970,chr10,7561079,7562323,1244
pre_xx_3971,chr10,7665633,7668253,2620
pre_xx_3972,chr10,7686251,7687645,1394
pre_xx_3973,chr10,7787307,7789660,2353
pre_xx_3974,chr10,7795255,7795985,730
pre_xx_3975,chr10,7817711,7819585,1874
pre_xx_3976,chr10,7856512,7858368,1856
pre_xx_3977,chr10,8033500,8035639,2139
pre_xx_3978,chr10,8044815,8045596,781
pre_xx_3979,chr10,8049904,8051090,1186
pre_xx_3980,chr10,8053212,8053845,633
pre_xx_3981,chr10,8054254,8054814,560
pre_xx_3982,chr10,8102723,8103775,1052
pre_xx_3983,chr10,8331948,8332809,861
pre_xx_3984,chr10,8533373,8535259,1886
pre_xx_3985,chr10,10642041,10643398,1357
pre_xx_3986,chr10,10910989,10912235,1246
pre_xx_3987,chr10,11017268,11018970,1702
pre_xx_3988,chr10,11163915,11166374,2459
pre_xx_3989,chr10,11270193,11271123,930
pre_xx_3990,chr10,11424163,11425767,1604
pre_xx_3991,chr10,11473177,11473951,774
pre_xx_3992,chr10,11602376,11604093,1717
pre_xx_3993,chr10,11610365,11612858,2493
pre_xx_3994,chr10,11673236,11674675,1439
pre_xx_3995,chr10,11684706,11686194,1488
pre_xx_3996,chr10,11687054,11688347,1293
pre_xx_3997,chr10,11712618,11714337,1719
pre_xx_3998,chr10,11724932,11725554,622
pre_xx_3999,chr10,11741581,11743194,1613
pre_xx_4000,chr10,11757343,11758566,1223
pre_xx_4001,chr10,11822838,11824288,1450
pre_xx_4002,chr10,11869256,11870522,1266
pre_xx_4003,chr10,11874320,11876215,1895
pre_xx_4004,chr10,11897833,11898944,1111
pre_xx_4005,chr10,11918224,11918879,655
pre_xx_4006,chr10,11933577,11934632,1055
pre_xx_4007,chr10,11986276,11987312,1036
pre_xx_4008,chr10,12041520,12043542,2022
pre_xx_4009,chr10,12068189,12069836,1647
pre_xx_4010,chr10,12129016,12130639,1623
pre_xx_4011,chr10,12194331,12196778,2447
pre_xx_4012,chr10,12263930,12264780,850
pre_xx_4013,chr10,12348443,12351251,2808
pre_xx_4014,chr10,12605244,12606294,1050
pre_xx_4015,chr10,12706764,12708353,1589
pre_xx_4016,chr10,12768052,12769902,1850
pre_xx_4017,chr10,12806760,12808402,1642
pre_xx_4018,chr10,12822201,12823953,1752
pre_xx_4019,chr10,12959531,12961889,2358
pre_xx_4020,chr10,13000477,13002048,1571
pre_xx_4021,chr10,13098917,13101145,2228
pre_xx_4022,chr10,13160841,13162321,1480
pre_xx_4023,chr10,13268485,13269331,846
pre_xx_4024,chr10,13271576,13272682,1106
pre_xx_4025,chr10,13299012,13300288,1276
pre_xx_4026,chr10,13301815,13302666,851
pre_xx_4027,chr10,13345886,13348992,3106
pre_xx_4028,chr10,13349404,13350262,858
pre_xx_4029,chr10,13371535,13372333,798
pre_xx_4030,chr10,13439471,13440850,1379
pre_xx_4031,chr10,13527823,13529590,1767
pre_xx_4032,chr10,13586474,13588025,1551
pre_xx_4033,chr10,13705786,13708098,2312
pre_xx_4034,chr10,13717557,13718814,1257
pre_xx_4035,chr10,13808380,13810022,1642
pre_xx_4036,chr10,13890231,13892771,2540
pre_xx_4037,chr10,13903738,13904650,912
pre_xx_4038,chr10,13970054,13971044,990
pre_xx_4039,chr10,13971454,13972430,976
pre_xx_4040,chr10,14007602,14008990,1388
pre_xx_4041,chr10,14009243,14010591,1348
pre_xx_4042,chr10,14074041,14075063,1022
pre_xx_4043,chr10,14088468,14090210,1742
pre_xx_4044,chr10,14173220,14174729,1509
pre_xx_4045,chr10,14259686,14260979,1293
pre_xx_4046,chr10,14329698,14331212,1514
pre_xx_4047,chr10,14453151,14454460,1309
pre_xx_4048,chr10,14603284,14605561,2277
pre_xx_4049,chr10,14653236,14654219,983
pre_xx_4050,chr10,14837069,14839577,2508
pre_xx_4051,chr10,14877732,14880468,2736
pre_xx_4052,chr10,14952705,14954611,1906
pre_xx_4053,chr10,14958992,14960493,1501
pre_xx_4054,chr10,15084018,15085304,1286
pre_xx_4055,chr10,15088208,15089022,814
pre_xx_4056,chr10,15096387,15098286,1899
pre_xx_4057,chr10,15167402,15169634,2232
pre_xx_4058,chr10,15253853,15255567,1714
pre_xx_4059,chr10,15369360,15371652,2292
pre_xx_4060,chr10,15450504,15452222,1718
pre_xx_4061,chr10,15571005,15572305,1300
pre_xx_4062,chr10,15631699,15633184,1485
pre_xx_4063,chr10,15718200,15720434,2234
pre_xx_4064,chr10,15859428,15860851,1423
pre_xx_4065,chr10,16436148,16437505,1357
pre_xx_4066,chr10,16519363,16522065,2702
pre_xx_4067,chr10,16816642,16818333,1691
pre_xx_4068,chr10,16950549,16951619,1070
pre_xx_4069,chr10,17058761,17059718,957
pre_xx_4070,chr10,17062443,17063567,1124
pre_xx_4071,chr10,17200043,17202160,2117
pre_xx_4072,chr10,17227414,17230863,3449
pre_xx_4073,chr10,17348016,17349396,1380
pre_xx_4074,chr10,17453109,17454972,1863
pre_xx_4075,chr10,17616412,17618110,1698
pre_xx_4076,chr10,17643183,17644995,1812
pre_xx_4077,chr10,18139836,18141870,2034
pre_xx_4078,chr10,18178601,18180369,1768
pre_xx_4079,chr10,18214650,18215482,832
pre_xx_4080,chr10,18312299,18314039,1740
pre_xx_4081,chr10,18340193,18341317,1124
pre_xx_4082,chr10,18399937,18402180,2243
pre_xx_4083,chr10,18472904,18474253,1349
pre_xx_4084,chr10,18626997,18628063,1066
pre_xx_4085,chr10,18650334,18652057,1723
pre_xx_4086,chr10,18658149,18660352,2203
pre_xx_4087,chr10,18681327,18683352,2025
pre_xx_4088,chr10,19719191,19720700,1509
pre_xx_4089,chr10,19741766,19742741,975
pre_xx_4090,chr10,19815245,19818057,2812
pre_xx_4091,chr10,19930752,19932422,1670
pre_xx_4092,chr10,20084391,20086025,1634
pre_xx_4093,chr10,21172695,21174863,2168
pre_xx_4094,chr10,21194402,21195745,1343
pre_xx_4095,chr10,21291463,21294319,2856
pre_xx_4096,chr10,21313863,21314972,1109
pre_xx_4097,chr10,21315120,21316372,1252
pre_xx_4098,chr10,21368791,21370133,1342
pre_xx_4099,chr10,21372719,21373446,727
pre_xx_4100,chr10,21494090,21495134,1044
pre_xx_4101,chr10,21495281,21497523,2242
pre_xx_4102,chr10,21499825,21500703,878
pre_xx_4103,chr10,21509368,21510934,1566
pre_xx_4104,chr10,21516056,21519256,3200
pre_xx_4105,chr10,21524642,21527601,2959
pre_xx_4106,chr10,21533226,21535695,2469
pre_xx_4107,chr10,21724006,21725785,1779
pre_xx_4108,chr10,21731915,21732535,620
pre_xx_4109,chr10,21750795,21752620,1825
pre_xx_4110,chr10,22002203,22004033,1830
pre_xx_4111,chr10,22228687,22231054,2367
pre_xx_4112,chr10,22251100,22253816,2716
pre_xx_4113,chr10,22315462,22317130,1668
pre_xx_4114,chr10,22320263,22322548,2285
pre_xx_4115,chr10,22325172,22326235,1063
pre_xx_4116,chr10,22333968,22336923,2955
pre_xx_4117,chr10,22340017,22341646,1629
pre_xx_4118,chr10,22344980,22346213,1233
pre_xx_4119,chr10,22426883,22428688,1805
pre_xx_4120,chr10,22436376,22438156,1780
pre_xx_4121,chr10,22475576,22478165,2589
pre_xx_4122,chr10,22553922,22555246,1324
pre_xx_4123,chr10,22712665,22715230,2565
pre_xx_4124,chr10,22804849,22805849,1000
pre_xx_4125,chr10,22911718,22913353,1635
pre_xx_4126,chr10,22927310,22928357,1047
pre_xx_4127,chr10,23080813,23082116,1303
pre_xx_4128,chr10,23094629,23097393,2764
pre_xx_4129,chr10,23173182,23175270,2088
pre_xx_4130,chr10,23190736,23193283,2547
pre_xx_4131,chr10,23343439,23344925,1486
pre_xx_4132,chr10,23438079,23440805,2726
pre_xx_4133,chr10,23469255,23471329,2074
pre_xx_4134,chr10,23693419,23696034,2615
pre_xx_4135,chr10,23702733,23703331,598
pre_xx_4136,chr10,24008186,24009428,1242
pre_xx_4137,chr10,24113987,24115256,1269
pre_xx_4138,chr10,24201463,24202741,1278
pre_xx_4139,chr10,24207572,24210481,2909
pre_xx_4140,chr10,24318248,24319038,790
pre_xx_4141,chr10,24382972,24384195,1223
pre_xx_4142,chr10,24415430,24417448,2018
pre_xx_4143,chr10,24464583,24466641,2058
pre_xx_4144,chr10,24721378,24721942,564
pre_xx_4145,chr10,24722501,24725279,2778
pre_xx_4146,chr10,24951465,24953654,2189
pre_xx_4147,chr10,25015596,25017534,1938
pre_xx_4148,chr10,25080617,25081564,947
pre_xx_4149,chr10,25174262,25176906,2644
pre_xx_4150,chr10,25682001,25683008,1007
pre_xx_4151,chr10,25933572,25935228,1656
pre_xx_4152,chr10,26215000,26216881,1881
pre_xx_4153,chr10,26217092,26218295,1203
pre_xx_4154,chr10,26566577,26567782,1205
pre_xx_4155,chr10,26696777,26698573,1796
pre_xx_4156,chr10,26858865,26861437,2572
pre_xx_4157,chr10,27099512,27101267,1755
pre_xx_4158,chr10,27153688,27156247,2559
pre_xx_4159,chr10,27240071,27242442,2371
pre_xx_4160,chr10,27242725,27243492,767
pre_xx_4161,chr10,27252022,27252995,973
pre_xx_4162,chr10,27258417,27259748,1331
pre_xx_4163,chr10,27319543,27320642,1099
pre_xx_4164,chr10,27503569,27505326,1757
pre_xx_4165,chr10,27741829,27743907,2078
pre_xx_4166,chr10,27744277,27744834,557
pre_xx_4167,chr10,27745530,27746356,826
pre_xx_4168,chr10,27997738,27999303,1565
pre_xx_4169,chr10,28301905,28303493,1588
pre_xx_4170,chr10,28326262,28327276,1014
pre_xx_4171,chr10,28381487,28382414,927
pre_xx_4172,chr10,28409972,28411303,1331
pre_xx_4173,chr10,28531941,28534193,2252
pre_xx_4174,chr10,28663591,28664172,581
pre_xx_4175,chr10,28668258,28669502,1244
pre_xx_4176,chr10,28676365,28679459,3094
pre_xx_4177,chr10,28679787,28680298,511
pre_xx_4178,chr10,28721227,28722930,1703
pre_xx_4179,chr10,28806226,28808601,2375
pre_xx_4180,chr10,28839178,28840366,1188
pre_xx_4181,chr10,28852077,28854044,1967
pre_xx_4182,chr10,28879520,28882128,2608
pre_xx_4183,chr10,29256322,29258043,1721
pre_xx_4184,chr10,29358650,29359501,851
pre_xx_4185,chr10,29384296,29385219,923
pre_xx_4186,chr10,29408974,29410551,1577
pre_xx_4187,chr10,29482055,29483531,1476
pre_xx_4188,chr10,29598463,29599572,1109
pre_xx_4189,chr10,29734581,29737419,2838
pre_xx_4190,chr10,29839776,29840988,1212
pre_xx_4191,chr10,29841658,29842443,785
pre_xx_4192,chr10,29858057,29858878,821
pre_xx_4193,chr10,29992719,29994329,1610
pre_xx_4194,chr10,30013178,30014775,1597
pre_xx_4195,chr10,30026971,30030356,3385
pre_xx_4196,chr10,30058002,30059778,1776
pre_xx_4197,chr10,30114856,30116798,1942
pre_xx_4198,chr10,30184117,30184987,870
pre_xx_4199,chr10,30187764,30189685,1921
pre_xx_4200,chr10,30348422,30349889,1467
pre_xx_4201,chr10,30359358,30360224,866
pre_xx_4202,chr10,30392253,30393050,797
pre_xx_4203,chr10,30422818,30423758,940
pre_xx_4204,chr10,30432889,30435181,2292
pre_xx_4205,chr10,30783592,30785716,2124
pre_xx_4206,chr10,31031134,31032957,1823
pre_xx_4207,chr10,31132883,31135124,2241
pre_xx_4208,chr10,31318175,31321135,2960
pre_xx_4209,chr10,31602437,31604475,2038
pre_xx_4210,chr10,31749197,31750821,1624
pre_xx_4211,chr10,31759070,31760824,1754
pre_xx_4212,chr10,31927021,31929957,2936
pre_xx_4213,chr10,32003822,32005418,1596
pre_xx_4214,chr10,32055264,32056759,1495
pre_xx_4215,chr10,32169433,32170081,648
pre_xx_4216,chr10,32331870,32333083,1213
pre_xx_4217,chr10,32345881,32347727,1846
pre_xx_4218,chr10,32377418,32380551,3133
pre_xx_4219,chr10,32445564,32447305,1741
pre_xx_4220,chr10,32957237,32959329,2092
pre_xx_4221,chr10,32980033,32981367,1334
pre_xx_4222,chr10,33005085,33006362,1277
pre_xx_4223,chr10,33108589,33109748,1159
pre_xx_4224,chr10,33138811,33139608,797
pre_xx_4225,chr10,33151362,33152807,1445
pre_xx_4226,chr10,33193139,33194560,1421
pre_xx_4227,chr10,33272630,33274424,1794
pre_xx_4228,chr10,33333779,33337683,3904
pre_xx_4229,chr10,33804044,33805220,1176
pre_xx_4230,chr10,33936652,33938253,1601
pre_xx_4231,chr10,34115998,34117566,1568
pre_xx_4232,chr10,34319134,34320646,1512
pre_xx_4233,chr10,34437829,34438330,501
pre_xx_4234,chr10,34739054,34740676,1622
pre_xx_4235,chr10,34764231,34765761,1530
pre_xx_4236,chr10,34780205,34781518,1313
pre_xx_4237,chr10,34813745,34816913,3168
pre_xx_4238,chr10,34994168,34995068,900
pre_xx_4239,chr10,35089307,35090899,1592
pre_xx_4240,chr10,35125962,35128232,2270
pre_xx_4241,chr10,35153066,35154555,1489
pre_xx_4242,chr10,35194924,35196387,1463
pre_xx_4243,chr10,35329511,35330818,1307
pre_xx_4244,chr10,35335557,35337735,2178
pre_xx_4245,chr10,35349038,35349923,885
pre_xx_4246,chr10,35367606,35369690,2084
pre_xx_4247,chr10,35447568,35448450,882
pre_xx_4248,chr10,35458061,35459054,993
pre_xx_4249,chr10,35483805,35484245,440
pre_xx_4250,chr10,35492560,35494077,1517
pre_xx_4251,chr10,35607337,35608647,1310
pre_xx_4252,chr10,35639609,35642843,3234
pre_xx_4253,chr10,35643113,35644022,909
pre_xx_4254,chr10,35752225,35753341,1116
pre_xx_4255,chr10,35821097,35822746,1649
pre_xx_4256,chr10,35884191,35885378,1187
pre_xx_4257,chr10,35924573,35925858,1285
pre_xx_4258,chr10,36050853,36052449,1596
pre_xx_4259,chr10,36114662,36115891,1229
pre_xx_4260,chr10,36681343,36682594,1251
pre_xx_4261,chr10,36758878,36760720,1842
pre_xx_4262,chr10,36778483,36779577,1094
pre_xx_4263,chr10,36801656,36803396,1740
pre_xx_4264,chr10,37856873,37858679,1806
pre_xx_4265,chr10,37975369,37977068,1699
pre_xx_4266,chr10,38009849,38011611,1762
pre_xx_4267,chr10,38093563,38095345,1782
pre_xx_4268,chr10,38355561,38357343,1782
pre_xx_4269,chr10,38402037,38403811,1774
pre_xx_4270,chr10,42366642,42368271,1629
pre_xx_4271,chr10,42551657,42553577,1920
pre_xx_4272,chr10,42637654,42639044,1390
pre_xx_4273,chr10,42644649,42645799,1150
pre_xx_4274,chr10,42654193,42654952,759
pre_xx_4275,chr10,42752917,42755501,2584
pre_xx_4276,chr10,42781820,42783525,1705
pre_xx_4277,chr10,42835975,42837428,1453
pre_xx_4278,chr10,42865819,42867148,1329
pre_xx_4279,chr10,42932152,42934612,2460
pre_xx_4280,chr10,42940529,42941669,1140
pre_xx_4281,chr10,42951119,42952701,1582
pre_xx_4282,chr10,42960229,42962726,2497
pre_xx_4283,chr10,43025888,43027201,1313
pre_xx_4284,chr10,43059938,43060888,950
pre_xx_4285,chr10,43076269,43078072,1803
pre_xx_4286,chr10,43093226,43094454,1228
pre_xx_4287,chr10,43104471,43106071,1600
pre_xx_4288,chr10,43137109,43139258,2149
pre_xx_4289,chr10,43202186,43204320,2134
pre_xx_4290,chr10,43228765,43230611,1846
pre_xx_4291,chr10,43265766,43267220,1454
pre_xx_4292,chr10,43282563,43283444,881
pre_xx_4293,chr10,43304272,43305377,1105
pre_xx_4294,chr10,43322312,43323500,1188
pre_xx_4295,chr10,43350162,43351690,1528
pre_xx_4296,chr10,43361550,43363016,1466
pre_xx_4297,chr10,43389977,43391114,1137
pre_xx_4298,chr10,43395626,43397619,1993
pre_xx_4299,chr10,43407054,43410024,2970
pre_xx_4300,chr10,43420003,43421279,1276
pre_xx_4301,chr10,43435950,43437661,1711
pre_xx_4302,chr10,43454719,43456179,1460
pre_xx_4303,chr10,43573254,43574771,1517
pre_xx_4304,chr10,43594714,43596957,2243
pre_xx_4305,chr10,43605942,43607242,1300
pre_xx_4306,chr10,43648059,43649504,1445
pre_xx_4307,chr10,43667046,43668592,1546
pre_xx_4308,chr10,43688601,43691051,2450
pre_xx_4309,chr10,43962383,43963426,1043
pre_xx_4310,chr10,44056984,44058171,1187
pre_xx_4311,chr10,44060007,44061060,1053
pre_xx_4312,chr10,44292145,44293776,1631
pre_xx_4313,chr10,44300714,44301757,1043
pre_xx_4314,chr10,44310534,44311500,966
pre_xx_4315,chr10,44383682,44385634,1952
pre_xx_4316,chr10,44386510,44387107,597
pre_xx_4317,chr10,44785744,44787070,1326
pre_xx_4318,chr10,44805541,44806313,772
pre_xx_4319,chr10,44863353,44865792,2439
pre_xx_4320,chr10,44878352,44879761,1409
pre_xx_4321,chr10,44910335,44911553,1218
pre_xx_4322,chr10,44932375,44933228,853
pre_xx_4323,chr10,44958882,44960226,1344
pre_xx_4324,chr10,44974333,44975990,1657
pre_xx_4325,chr10,44978438,44979335,897
pre_xx_4326,chr10,44979680,44980124,444
pre_xx_4327,chr10,44986349,44987254,905
pre_xx_4328,chr10,45000193,45001878,1685
pre_xx_4329,chr10,45008173,45009001,828
pre_xx_4330,chr10,45094624,45096450,1826
pre_xx_4331,chr10,45234644,45235852,1208
pre_xx_4332,chr10,45261527,45262699,1172
pre_xx_4333,chr10,45279294,45280828,1534
pre_xx_4334,chr10,45373079,45375153,2074
pre_xx_4335,chr10,45417980,45420038,2058
pre_xx_4336,chr10,45420394,45421639,1245
pre_xx_4337,chr10,45427247,45428492,1245
pre_xx_4338,chr10,45453378,45455085,1707
pre_xx_4339,chr10,45593585,45595405,1820
pre_xx_4340,chr10,45600250,45601632,1382
pre_xx_4341,chr10,45671821,45673507,1686
pre_xx_4342,chr10,45726571,45727533,962
pre_xx_4343,chr10,45970961,45973134,2173
pre_xx_4344,chr10,46022926,46023808,882
pre_xx_4345,chr10,46029749,46031195,1446
pre_xx_4346,chr10,46105530,46107612,2082
pre_xx_4347,chr10,46225335,46226558,1223
pre_xx_4348,chr10,46228099,46229541,1442
pre_xx_4349,chr10,46247386,46248831,1445
pre_xx_4350,chr10,46282396,46283230,834
pre_xx_4351,chr10,46284086,46285214,1128
pre_xx_4352,chr10,46441715,46442438,723
pre_xx_4353,chr10,46520583,46521292,709
pre_xx_4354,chr10,46522912,46525400,2488
pre_xx_4355,chr10,46540881,46542168,1287
pre_xx_4356,chr10,46555313,46557500,2187
pre_xx_4357,chr10,46786410,46787596,1186
pre_xx_4358,chr10,47299544,47300996,1452
pre_xx_4359,chr10,47311203,47312443,1240
pre_xx_4360,chr10,47383265,47385091,1826
pre_xx_4361,chr10,47452146,47453473,1327
pre_xx_4362,chr10,47552653,47553690,1037
pre_xx_4363,chr10,48226103,48227708,1605
pre_xx_4364,chr10,48251018,48252810,1792
pre_xx_4365,chr10,48257711,48258706,995
pre_xx_4366,chr10,48287355,48288648,1293
pre_xx_4367,chr10,48305742,48307962,2220
pre_xx_4368,chr10,48363138,48365506,2368
pre_xx_4369,chr10,48429002,48430204,1202
pre_xx_4370,chr10,48444247,48445750,1503
pre_xx_4371,chr10,48453799,48455704,1905
pre_xx_4372,chr10,48463369,48464429,1060
pre_xx_4373,chr10,48464757,48465827,1070
pre_xx_4374,chr10,48465898,48466919,1021
pre_xx_4375,chr10,48469697,48470656,959
pre_xx_4376,chr10,48475985,48476928,943
pre_xx_4377,chr10,48493011,48493850,839
pre_xx_4378,chr10,48523098,48524603,1505
pre_xx_4379,chr10,48545069,48546250,1181
pre_xx_4380,chr10,48603756,48605598,1842
pre_xx_4381,chr10,48655224,48656908,1684
pre_xx_4382,chr10,49001059,49002696,1637
pre_xx_4383,chr10,49089145,49090451,1306
pre_xx_4384,chr10,49114643,49115837,1194
pre_xx_4385,chr10,49298031,49299517,1486
pre_xx_4386,chr10,49397052,49398672,1620
pre_xx_4387,chr10,49538123,49539958,1835
pre_xx_4388,chr10,49606780,49607318,538
pre_xx_4389,chr10,49608861,49610823,1962
pre_xx_4390,chr10,49678839,49679891,1052
pre_xx_4391,chr10,49761293,49762574,1281
pre_xx_4392,chr10,49941014,49942742,1728
pre_xx_4393,chr10,50067334,50068211,877
pre_xx_4394,chr10,50417503,50418651,1148
pre_xx_4395,chr10,50549837,50551084,1247
pre_xx_4396,chr10,50561028,50562065,1037
pre_xx_4397,chr10,50621840,50625995,4155
pre_xx_4398,chr10,50739298,50740652,1354
pre_xx_4399,chr10,50990513,50992855,2342
pre_xx_4400,chr10,51073202,51075370,2168
pre_xx_4401,chr10,51244322,51245401,1079
pre_xx_4402,chr10,51698675,51700716,2041
pre_xx_4403,chr10,51709272,51710551,1279
pre_xx_4404,chr10,52308045,52309030,985
pre_xx_4405,chr10,52313035,52315294,2259
pre_xx_4406,chr10,53024727,53025765,1038
pre_xx_4407,chr10,53029633,53030765,1132
pre_xx_4408,chr10,53402916,53404454,1538
pre_xx_4409,chr10,54800607,54801607,1000
pre_xx_4410,chr10,55517789,55519094,1305
pre_xx_4411,chr10,55627186,55628838,1652
pre_xx_4412,chr10,55629725,55631705,1980
pre_xx_4413,chr10,56360513,56362166,1653
pre_xx_4414,chr10,56604606,56605774,1168
pre_xx_4415,chr10,57251121,57251857,736
pre_xx_4416,chr10,58266771,58269930,3159
pre_xx_4417,chr10,58280950,58282101,1151
pre_xx_4418,chr10,58334581,58336440,1859
pre_xx_4419,chr10,58372083,58373454,1371
pre_xx_4420,chr10,58384075,58386153,2078
pre_xx_4421,chr10,58511640,58514307,2667
pre_xx_4422,chr10,58754184,58756591,2407
pre_xx_4423,chr10,58967415,58968416,1001
pre_xx_4424,chr10,59175680,59177672,1992
pre_xx_4425,chr10,59311103,59311928,825
pre_xx_4426,chr10,59361729,59363417,1688
pre_xx_4427,chr10,59625259,59626819,1560
pre_xx_4428,chr10,59708643,59710511,1868
pre_xx_4429,chr10,59863860,59865497,1637
pre_xx_4430,chr10,59904935,59907327,2392
pre_xx_4431,chr10,60138918,60141579,2661
pre_xx_4432,chr10,60290342,60291655,1313
pre_xx_4433,chr10,60572098,60573701,1603
pre_xx_4434,chr10,60732134,60733728,1594
pre_xx_4435,chr10,60777916,60779496,1580
pre_xx_4436,chr10,60895536,60897257,1721
pre_xx_4437,chr10,60942270,60944979,2709
pre_xx_4438,chr10,61000688,61002103,1415
pre_xx_4439,chr10,61452013,61454053,2040
pre_xx_4440,chr10,61611688,61613467,1779
pre_xx_4441,chr10,61628191,61629291,1100
pre_xx_4442,chr10,61662552,61664095,1543
pre_xx_4443,chr10,61835563,61838290,2727
pre_xx_4444,chr10,61867262,61868832,1570
pre_xx_4445,chr10,61896820,61898160,1340
pre_xx_4446,chr10,61901511,61901880,369
pre_xx_4447,chr10,61902026,61904184,2158
pre_xx_4448,chr10,61992087,61994381,2294
pre_xx_4449,chr10,62048517,62050128,1611
pre_xx_4450,chr10,62050402,62051383,981
pre_xx_4451,chr10,62055779,62058526,2747
pre_xx_4452,chr10,62082312,62085017,2705
pre_xx_4453,chr10,62093636,62094398,762
pre_xx_4454,chr10,62267896,62269428,1532
pre_xx_4455,chr10,62373516,62374820,1304
pre_xx_4456,chr10,62384088,62385102,1014
pre_xx_4457,chr10,62803410,62806136,2726
pre_xx_4458,chr10,62811387,62811870,483
pre_xx_4459,chr10,62814901,62815561,660
pre_xx_4460,chr10,62815863,62819192,3329
pre_xx_4461,chr10,63132649,63134289,1640
pre_xx_4462,chr10,63267425,63268394,969
pre_xx_4463,chr10,63268670,63269487,817
pre_xx_4464,chr10,63464472,63466792,2320
pre_xx_4465,chr10,63520619,63522593,1974
pre_xx_4466,chr10,63603511,63604739,1228
pre_xx_4467,chr10,63628505,63631079,2574
pre_xx_4468,chr10,63670977,63672054,1077
pre_xx_4469,chr10,63711906,63714009,2103
pre_xx_4470,chr10,63865729,63867156,1427
pre_xx_4471,chr10,64041021,64042248,1227
pre_xx_4472,chr10,65569987,65571550,1563
pre_xx_4473,chr10,65592951,65594259,1308
pre_xx_4474,chr10,66925529,66926544,1015
pre_xx_4475,chr10,66927741,66928667,926
pre_xx_4476,chr10,67695169,67696432,1263
pre_xx_4477,chr10,67697672,67698376,704
pre_xx_4478,chr10,67763310,67765093,1783
pre_xx_4479,chr10,67837117,67838534,1417
pre_xx_4480,chr10,67849010,67850243,1233
pre_xx_4481,chr10,67883866,67886397,2531
pre_xx_4482,chr10,68074026,68075555,1529
pre_xx_4483,chr10,68127437,68128906,1469
pre_xx_4484,chr10,68153156,68154739,1583
pre_xx_4485,chr10,68230541,68232304,1763
pre_xx_4486,chr10,68328268,68328776,508
pre_xx_4487,chr10,68330890,68333151,2261
pre_xx_4488,chr10,68405715,68407669,1954
pre_xx_4489,chr10,68470450,68472518,2068
pre_xx_4490,chr10,68526531,68528656,2125
pre_xx_4491,chr10,68559891,68562304,2413
pre_xx_4492,chr10,68598885,68600801,1916
pre_xx_4493,chr10,68720597,68722254,1657
pre_xx_4494,chr10,68826642,68827671,1029
pre_xx_4495,chr10,68828065,68828741,676
pre_xx_4496,chr10,68900430,68902169,1739
pre_xx_4497,chr10,68955414,68957381,1967
pre_xx_4498,chr10,68988092,68989617,1525
pre_xx_4499,chr10,69123219,69125126,1907
pre_xx_4500,chr10,69179291,69181106,1815
pre_xx_4501,chr10,69232825,69233668,843
pre_xx_4502,chr10,69237381,69237999,618
pre_xx_4503,chr10,69317746,69319809,2063
pre_xx_4504,chr10,69344352,69345744,1392
pre_xx_4505,chr10,69375165,69376242,1077
pre_xx_4506,chr10,69392107,69392882,775
pre_xx_4507,chr10,69408332,69409282,950
pre_xx_4508,chr10,69413104,69413643,539
pre_xx_4509,chr10,69450796,69452215,1419
pre_xx_4510,chr10,69506787,69508187,1400
pre_xx_4511,chr10,69572370,69573750,1380
pre_xx_4512,chr10,69629670,69631278,1608
pre_xx_4513,chr10,69729243,69730940,1697
pre_xx_4514,chr10,69756862,69758446,1584
pre_xx_4515,chr10,69801115,69803213,2098
pre_xx_4516,chr10,69835150,69836996,1846
pre_xx_4517,chr10,69845582,69846975,1393
pre_xx_4518,chr10,69866202,69867479,1277
pre_xx_4519,chr10,69879219,69881147,1928
pre_xx_4520,chr10,69901450,69902212,762
pre_xx_4521,chr10,69911522,69913181,1659
pre_xx_4522,chr10,69914028,69914959,931
pre_xx_4523,chr10,69917939,69918919,980
pre_xx_4524,chr10,70051582,70054374,2792
pre_xx_4525,chr10,70131674,70133382,1708
pre_xx_4526,chr10,70145241,70147461,2220
pre_xx_4527,chr10,70169546,70171168,1622
pre_xx_4528,chr10,70232118,70234141,2023
pre_xx_4529,chr10,70254780,70256265,1485
pre_xx_4530,chr10,70257411,70258358,947
pre_xx_4531,chr10,70283115,70284304,1189
pre_xx_4532,chr10,70323522,70324853,1331
pre_xx_4533,chr10,70336964,70337832,868
pre_xx_4534,chr10,70363591,70364896,1305
pre_xx_4535,chr10,70381027,70383154,2127
pre_xx_4536,chr10,70387268,70387940,672
pre_xx_4537,chr10,70403555,70405977,2422
pre_xx_4538,chr10,70440126,70442795,2669
pre_xx_4539,chr10,70447916,70448680,764
pre_xx_4540,chr10,70458100,70459511,1411
pre_xx_4541,chr10,70477670,70479571,1901
pre_xx_4542,chr10,70479786,70481386,1600
pre_xx_4543,chr10,70508445,70510562,2117
pre_xx_4544,chr10,70558449,70560327,1878
pre_xx_4545,chr10,70584522,70586182,1660
pre_xx_4546,chr10,70663925,70665423,1498
pre_xx_4547,chr10,70671968,70674080,2112
pre_xx_4548,chr10,70774764,70776044,1280
pre_xx_4549,chr10,70815479,70816983,1504
pre_xx_4550,chr10,70845166,70846259,1093
pre_xx_4551,chr10,70887272,70888810,1538
pre_xx_4552,chr10,70918912,70919799,887
pre_xx_4553,chr10,70926492,70927947,1455
pre_xx_4554,chr10,70932076,70932852,776
pre_xx_4555,chr10,71005266,71005975,709
pre_xx_4556,chr10,71044753,71046147,1394
pre_xx_4557,chr10,71187008,71188660,1652
pre_xx_4558,chr10,71208806,71209363,557
pre_xx_4559,chr10,71211921,71214346,2425
pre_xx_4560,chr10,71216769,71218493,1724
pre_xx_4561,chr10,71241321,71242954,1633
pre_xx_4562,chr10,71244154,71245309,1155
pre_xx_4563,chr10,71259882,71261400,1518
pre_xx_4564,chr10,71268420,71269142,722
pre_xx_4565,chr10,71284549,71285444,895
pre_xx_4566,chr10,71293583,71294680,1097
pre_xx_4567,chr10,71312414,71314735,2321
pre_xx_4568,chr10,71318612,71320183,1571
pre_xx_4569,chr10,71326286,71327164,878
pre_xx_4570,chr10,71331070,71332128,1058
pre_xx_4571,chr10,71376772,71377909,1137
pre_xx_4572,chr10,71390129,71391194,1065
pre_xx_4573,chr10,71396057,71398252,2195
pre_xx_4574,chr10,71475027,71477232,2205
pre_xx_4575,chr10,71483263,71484711,1448
pre_xx_4576,chr10,71514056,71515244,1188
pre_xx_4577,chr10,71526667,71527628,961
pre_xx_4578,chr10,71549545,71551057,1512
pre_xx_4579,chr10,71621959,71623706,1747
pre_xx_4580,chr10,71634644,71635645,1001
pre_xx_4581,chr10,71637926,71639612,1686
pre_xx_4582,chr10,71707944,71708563,619
pre_xx_4583,chr10,71712709,71714028,1319
pre_xx_4584,chr10,71748562,71749296,734
pre_xx_4585,chr10,71772835,71774128,1293
pre_xx_4586,chr10,71811398,71813280,1882
pre_xx_4587,chr10,71839709,71840599,890
pre_xx_4588,chr10,71850183,71851683,1500
pre_xx_4589,chr10,71859913,71861251,1338
pre_xx_4590,chr10,71888485,71889638,1153
pre_xx_4591,chr10,71963145,71965493,2348
pre_xx_4592,chr10,71969743,71970750,1007
pre_xx_4593,chr10,71971016,71971933,917
pre_xx_4594,chr10,71979729,71981905,2176
pre_xx_4595,chr10,71997946,72000154,2208
pre_xx_4596,chr10,72030348,72031471,1123
pre_xx_4597,chr10,72033994,72034582,588
pre_xx_4598,chr10,72048277,72048943,666
pre_xx_4599,chr10,72068373,72069612,1239
pre_xx_4600,chr10,72073202,72074245,1043
pre_xx_4601,chr10,72080046,72081616,1570
pre_xx_4602,chr10,72086247,72089130,2883
pre_xx_4603,chr10,72095727,72096997,1270
pre_xx_4604,chr10,72215237,72216847,1610
pre_xx_4605,chr10,72243520,72245333,1813
pre_xx_4606,chr10,72247839,72249145,1306
pre_xx_4607,chr10,72254500,72255534,1034
pre_xx_4608,chr10,72259348,72261678,2330
pre_xx_4609,chr10,72263555,72264007,452
pre_xx_4610,chr10,72272689,72274999,2310
pre_xx_4611,chr10,72275447,72276337,890
pre_xx_4612,chr10,72297100,72298526,1426
pre_xx_4613,chr10,72309271,72310126,855
pre_xx_4614,chr10,72319100,72320260,1160
pre_xx_4615,chr10,72320461,72321290,829
pre_xx_4616,chr10,72328006,72328649,643
pre_xx_4617,chr10,72331603,72332475,872
pre_xx_4618,chr10,72334149,72335793,1644
pre_xx_4619,chr10,72336155,72337429,1274
pre_xx_4620,chr10,72353634,72355424,1790
pre_xx_4621,chr10,72363627,72364796,1169
pre_xx_4622,chr10,72407206,72409252,2046
pre_xx_4623,chr10,72424673,72425837,1164
pre_xx_4624,chr10,72451732,72452946,1214
pre_xx_4625,chr10,72610328,72611469,1141
pre_xx_4626,chr10,72624558,72626618,2060
pre_xx_4627,chr10,72691532,72693643,2111
pre_xx_4628,chr10,72763362,72764603,1241
pre_xx_4629,chr10,72954324,72955572,1248
pre_xx_4630,chr10,73095212,73097489,2277
pre_xx_4631,chr10,73109969,73111421,1452
pre_xx_4632,chr10,73167438,73168752,1314
pre_xx_4633,chr10,73246232,73247540,1308
pre_xx_4634,chr10,73251728,73253497,1769
pre_xx_4635,chr10,73358043,73359012,969
pre_xx_4636,chr10,73412814,73414870,2056
pre_xx_4637,chr10,73494797,73496291,1494
pre_xx_4638,chr10,73624661,73626642,1981
pre_xx_4639,chr10,73646569,73648746,2177
pre_xx_4640,chr10,73729299,73730902,1603
pre_xx_4641,chr10,73743650,73745324,1674
pre_xx_4642,chr10,73771726,73773751,2025
pre_xx_4643,chr10,73781269,73782447,1178
pre_xx_4644,chr10,73784983,73786621,1638
pre_xx_4645,chr10,73810689,73812261,1572
pre_xx_4646,chr10,73850507,73851615,1108
pre_xx_4647,chr10,73873124,73875325,2201
pre_xx_4648,chr10,73879434,73880091,657
pre_xx_4649,chr10,73885931,73888152,2221
pre_xx_4650,chr10,73906435,73907392,957
pre_xx_4651,chr10,73910517,73911775,1258
pre_xx_4652,chr10,73940375,73941293,918
pre_xx_4653,chr10,73956225,73957667,1442
pre_xx_4654,chr10,73965752,73966837,1085
pre_xx_4655,chr10,73997419,74000083,2664
pre_xx_4656,chr10,74150162,74151969,1807
pre_xx_4657,chr10,74175893,74177342,1449
pre_xx_4658,chr10,74265850,74266544,694
pre_xx_4659,chr10,74417976,74418868,892
pre_xx_4660,chr10,74585275,74586424,1149
pre_xx_4661,chr10,74588834,74589753,919
pre_xx_4662,chr10,74824471,74827352,2881
pre_xx_4663,chr10,74928482,74929755,1273
pre_xx_4664,chr10,74967638,74969445,1807
pre_xx_4665,chr10,75024404,75025568,1164
pre_xx_4666,chr10,75099650,75101187,1537
pre_xx_4667,chr10,75110961,75112596,1635
pre_xx_4668,chr10,75209520,75211663,2143
pre_xx_4669,chr10,75224784,75225940,1156
pre_xx_4670,chr10,75233609,75236230,2621
pre_xx_4671,chr10,75282997,75284521,1524
pre_xx_4672,chr10,75293485,75296400,2915
pre_xx_4673,chr10,75395161,75397317,2156
pre_xx_4674,chr10,75401289,75402920,1631
pre_xx_4675,chr10,75403292,75403963,671
pre_xx_4676,chr10,75404550,75405571,1021
pre_xx_4677,chr10,75407810,75408777,967
pre_xx_4678,chr10,75408964,75409999,1035
pre_xx_4679,chr10,75430000,75431951,1951
pre_xx_4680,chr10,75449140,75450929,1789
pre_xx_4681,chr10,75506595,75509373,2778
pre_xx_4682,chr10,75775886,75777581,1695
pre_xx_4683,chr10,76034379,76036691,2312
pre_xx_4684,chr10,76041293,76042477,1184
pre_xx_4685,chr10,76085163,76087411,2248
pre_xx_4686,chr10,76149884,76151212,1328
pre_xx_4687,chr10,76251499,76253122,1623
pre_xx_4688,chr10,76301149,76304121,2972
pre_xx_4689,chr10,77409709,77410815,1106
pre_xx_4690,chr10,77422570,77424123,1553
pre_xx_4691,chr10,77513224,77515209,1985
pre_xx_4692,chr10,77635821,77639001,3180
pre_xx_4693,chr10,77710844,77711773,929
pre_xx_4694,chr10,77837347,77839157,1810
pre_xx_4695,chr10,77846340,77847425,1085
pre_xx_4696,chr10,77865099,77866275,1176
pre_xx_4697,chr10,77871993,77872762,769
pre_xx_4698,chr10,77877428,77878680,1252
pre_xx_4699,chr10,77925317,77927809,2492
pre_xx_4700,chr10,78028535,78030008,1473
pre_xx_4701,chr10,78033371,78034408,1037
pre_xx_4702,chr10,78047131,78047989,858
pre_xx_4703,chr10,78176838,78178837,1999
pre_xx_4704,chr10,78194736,78196317,1581
pre_xx_4705,chr10,78203589,78204790,1201
pre_xx_4706,chr10,78259776,78261658,1882
pre_xx_4707,chr10,78282754,78283516,762
pre_xx_4708,chr10,78289253,78290741,1488
pre_xx_4709,chr10,78302155,78304076,1921
pre_xx_4710,chr10,78406333,78407789,1456
pre_xx_4711,chr10,78408551,78409278,727
pre_xx_4712,chr10,78450526,78452164,1638
pre_xx_4713,chr10,78464497,78465932,1435
pre_xx_4714,chr10,78470614,78472848,2234
pre_xx_4715,chr10,78541406,78542801,1395
pre_xx_4716,chr10,78587828,78588812,984
pre_xx_4717,chr10,78727263,78728305,1042
pre_xx_4718,chr10,78804354,78805695,1341
pre_xx_4719,chr10,78819756,78820676,920
pre_xx_4720,chr10,78869027,78870108,1081
pre_xx_4721,chr10,78947094,78947750,656
pre_xx_4722,chr10,78950906,78952006,1100
pre_xx_4723,chr10,78952468,78953777,1309
pre_xx_4724,chr10,78959388,78961065,1677
pre_xx_4725,chr10,78972501,78974991,2490
pre_xx_4726,chr10,78977550,78978347,797
pre_xx_4727,chr10,79003215,79004011,796
pre_xx_4728,chr10,79024895,79025867,972
pre_xx_4729,chr10,79027142,79028244,1102
pre_xx_4730,chr10,79051660,79053002,1342
pre_xx_4731,chr10,79066498,79071845,5347
pre_xx_4732,chr10,79101385,79102836,1451
pre_xx_4733,chr10,79112293,79113595,1302
pre_xx_4734,chr10,79113834,79115109,1275
pre_xx_4735,chr10,79137153,79138229,1076
pre_xx_4736,chr10,79138912,79139773,861
pre_xx_4737,chr10,79147865,79149399,1534
pre_xx_4738,chr10,79151507,79152091,584
pre_xx_4739,chr10,79157222,79158174,952
pre_xx_4740,chr10,79158717,79160183,1466
pre_xx_4741,chr10,79164794,79166918,2124
pre_xx_4742,chr10,79176893,79177443,550
pre_xx_4743,chr10,79178345,79179185,840
pre_xx_4744,chr10,79179524,79179919,395
pre_xx_4745,chr10,79183960,79184560,600
pre_xx_4746,chr10,79184758,79185928,1170
pre_xx_4747,chr10,79194527,79195782,1255
pre_xx_4748,chr10,79202371,79204289,1918
pre_xx_4749,chr10,79220281,79222109,1828
pre_xx_4750,chr10,79222322,79224168,1846
pre_xx_4751,chr10,79228941,79230872,1931
pre_xx_4752,chr10,79239303,79240554,1251
pre_xx_4753,chr10,79241926,79243973,2047
pre_xx_4754,chr10,79260787,79261825,1038
pre_xx_4755,chr10,79285713,79287155,1442
pre_xx_4756,chr10,79316646,79318283,1637
pre_xx_4757,chr10,79335007,79337122,2115
pre_xx_4758,chr10,79346736,79348558,1822
pre_xx_4759,chr10,79349656,79350277,621
pre_xx_4760,chr10,79374273,79374986,713
pre_xx_4761,chr10,79378830,79380524,1694
pre_xx_4762,chr10,79398993,79399905,912
pre_xx_4763,chr10,79403330,79404643,1313
pre_xx_4764,chr10,79434745,79436275,1530
pre_xx_4765,chr10,79443735,79446909,3174
pre_xx_4766,chr10,79487248,79487974,726
pre_xx_4767,chr10,79561849,79563002,1153
pre_xx_4768,chr10,79825432,79827193,1761
pre_xx_4769,chr10,79904171,79905700,1529
pre_xx_4770,chr10,79981371,79982627,1256
pre_xx_4771,chr10,79986385,79987680,1295
pre_xx_4772,chr10,80078061,80079638,1577
pre_xx_4773,chr10,80132221,80133040,819
pre_xx_4774,chr10,80143490,80145071,1581
pre_xx_4775,chr10,80196137,80197084,947
pre_xx_4776,chr10,80204115,80205987,1872
pre_xx_4777,chr10,80289229,80290361,1132
pre_xx_4778,chr10,80355955,80357776,1821
pre_xx_4779,chr10,80407477,80409379,1902
pre_xx_4780,chr10,80413366,80414804,1438
pre_xx_4781,chr10,80415813,80417901,2088
pre_xx_4782,chr10,80435745,80437636,1891
pre_xx_4783,chr10,80444280,80445039,759
pre_xx_4784,chr10,80453194,80455511,2317
pre_xx_4785,chr10,80464504,80466155,1651
pre_xx_4786,chr10,80497167,80499890,2723
pre_xx_4787,chr10,80504580,80505893,1313
pre_xx_4788,chr10,80662420,80663254,834
pre_xx_4789,chr10,80699329,80700063,734
pre_xx_4790,chr10,80917361,80918420,1059
pre_xx_4791,chr10,81696558,81697434,876
pre_xx_4792,chr10,81873974,81876977,3003
pre_xx_4793,chr10,83545403,83546629,1226
pre_xx_4794,chr10,83870936,83871967,1031
pre_xx_4795,chr10,84138632,84140432,1800
pre_xx_4796,chr10,84194060,84195772,1712
pre_xx_4797,chr10,84327554,84329528,1974
pre_xx_4798,chr10,84540233,84541493,1260
pre_xx_4799,chr10,85318710,85320385,1675
pre_xx_4800,chr10,86108136,86109478,1342
pre_xx_4801,chr10,86362944,86363848,904
pre_xx_4802,chr10,86365559,86367621,2062
pre_xx_4803,chr10,86376698,86377590,892
pre_xx_4804,chr10,86399638,86401892,2254
pre_xx_4805,chr10,86520580,86522716,2136
pre_xx_4806,chr10,86535127,86537100,1973
pre_xx_4807,chr10,86585026,86585947,921
pre_xx_4808,chr10,86631752,86632850,1098
pre_xx_4809,chr10,86661472,86662093,621
pre_xx_4810,chr10,86664113,86665140,1027
pre_xx_4811,chr10,86672149,86672866,717
pre_xx_4812,chr10,86683982,86685597,1615
pre_xx_4813,chr10,86710550,86712494,1944
pre_xx_4814,chr10,86755519,86757690,2171
pre_xx_4815,chr10,86867833,86868852,1019
pre_xx_4816,chr10,86939048,86939930,882
pre_xx_4817,chr10,86953575,86954856,1281
pre_xx_4818,chr10,86966387,86966915,528
pre_xx_4819,chr10,86968205,86968846,641
pre_xx_4820,chr10,86969422,86972027,2605
pre_xx_4821,chr10,87092431,87095844,3413
pre_xx_4822,chr10,87203229,87204396,1167
pre_xx_4823,chr10,87342109,87343287,1178
pre_xx_4824,chr10,87504043,87506011,1968
pre_xx_4825,chr10,87658995,87660639,1644
pre_xx_4826,chr10,87816835,87819188,2353
pre_xx_4827,chr10,87861516,87864527,3011
pre_xx_4828,chr10,88243414,88244420,1006
pre_xx_4829,chr10,88385363,88387966,2603
pre_xx_4830,chr10,88537350,88538490,1140
pre_xx_4831,chr10,88582173,88583624,1451
pre_xx_4832,chr10,88835281,88836007,726
pre_xx_4833,chr10,88879583,88881584,2001
pre_xx_4834,chr10,88934659,88935742,1083
pre_xx_4835,chr10,88950953,88953191,2238
pre_xx_4836,chr10,88989627,88991953,2326
pre_xx_4837,chr10,89185059,89186988,1929
pre_xx_4838,chr10,89206429,89208474,2045
pre_xx_4839,chr10,89216991,89217992,1001
pre_xx_4840,chr10,89250705,89252213,1508
pre_xx_4841,chr10,89260057,89260843,786
pre_xx_4842,chr10,89283138,89284472,1334
pre_xx_4843,chr10,89327413,89328512,1099
pre_xx_4844,chr10,89332126,89334319,2193
pre_xx_4845,chr10,89373812,89375165,1353
pre_xx_4846,chr10,89391582,89393476,1894
pre_xx_4847,chr10,89413920,89415608,1688
pre_xx_4848,chr10,89534959,89536361,1402
pre_xx_4849,chr10,89643434,89645916,2482
pre_xx_4850,chr10,89700895,89702428,1533
pre_xx_4851,chr10,89836736,89838532,1796
pre_xx_4852,chr10,90856873,90858643,1770
pre_xx_4853,chr10,90871019,90872796,1777
pre_xx_4854,chr10,90930118,90931821,1703
pre_xx_4855,chr10,91162142,91164502,2360
pre_xx_4856,chr10,91219773,91221636,1863
pre_xx_4857,chr10,91297889,91298976,1087
pre_xx_4858,chr10,91409107,91411339,2232
pre_xx_4859,chr10,91607507,91609467,1960
pre_xx_4860,chr10,91632042,91633715,1673
pre_xx_4861,chr10,91681202,91682516,1314
pre_xx_4862,chr10,91796219,91796879,660
pre_xx_4863,chr10,91797869,91799568,1699
pre_xx_4864,chr10,91842723,91844036,1313
pre_xx_4865,chr10,91883459,91885083,1624
pre_xx_4866,chr10,91886990,91887985,995
pre_xx_4867,chr10,91907921,91909660,1739
pre_xx_4868,chr10,91923162,91925194,2032
pre_xx_4869,chr10,91928934,91929698,764
pre_xx_4870,chr10,91930245,91931172,927
pre_xx_4871,chr10,92032666,92033924,1258
pre_xx_4872,chr10,92087474,92088373,899
pre_xx_4873,chr10,92238512,92241340,2828
pre_xx_4874,chr10,92290115,92292423,2308
pre_xx_4875,chr10,92419439,92421041,1602
pre_xx_4876,chr10,92572715,92575085,2370
pre_xx_4877,chr10,92590729,92592257,1528
pre_xx_4878,chr10,92592444,92593607,1163
pre_xx_4879,chr10,92688865,92692025,3160
pre_xx_4880,chr10,92699237,92700183,946
pre_xx_4881,chr10,92847963,92849506,1543
pre_xx_4882,chr10,93061776,93063123,1347
pre_xx_4883,chr10,93071605,93072664,1059
pre_xx_4884,chr10,93073439,93075482,2043
pre_xx_4885,chr10,93436465,93439245,2780
pre_xx_4886,chr10,93445210,93446347,1137
pre_xx_4887,chr10,93481569,93483242,1673
pre_xx_4888,chr10,93495505,93496884,1379
pre_xx_4889,chr10,93502558,93503480,922
pre_xx_4890,chr10,93541801,93543170,1369
pre_xx_4891,chr10,93600454,93601711,1257
pre_xx_4892,chr10,93701653,93703564,1911
pre_xx_4893,chr10,93815273,93816521,1248
pre_xx_4894,chr10,93893413,93895099,1686
pre_xx_4895,chr10,93916208,93918298,2090
pre_xx_4896,chr10,93993424,93994751,1327
pre_xx_4897,chr10,94274054,94275438,1384
pre_xx_4898,chr10,94361957,94363370,1413
pre_xx_4899,chr10,94402013,94404110,2097
pre_xx_4900,chr10,94544745,94547012,2267
pre_xx_4901,chr10,95183044,95184306,1262
pre_xx_4902,chr10,95230284,95231265,981
pre_xx_4903,chr10,95290105,95291393,1288
pre_xx_4904,chr10,95294987,95295817,830
pre_xx_4905,chr10,95346635,95347560,925
pre_xx_4906,chr10,95559457,95561800,2343
pre_xx_4907,chr10,95655452,95657127,1675
pre_xx_4908,chr10,95692856,95694351,1495
pre_xx_4909,chr10,95906767,95908352,1585
pre_xx_4910,chr10,96042739,96044956,2217
pre_xx_4911,chr10,96089295,96090672,1377
pre_xx_4912,chr10,96124259,96125071,812
pre_xx_4913,chr10,96129412,96131319,1907
pre_xx_4914,chr10,96374572,96375697,1125
pre_xx_4915,chr10,96395589,96396511,922
pre_xx_4916,chr10,96512405,96514551,2146
pre_xx_4917,chr10,96585652,96588236,2584
pre_xx_4918,chr10,96618447,96620140,1693
pre_xx_4919,chr10,96719800,96721296,1496
pre_xx_4920,chr10,96831597,96833995,2398
pre_xx_4921,chr10,97023780,97024940,1160
pre_xx_4922,chr10,97037211,97038381,1170
pre_xx_4923,chr10,97072661,97073251,590
pre_xx_4924,chr10,97074090,97075084,994
pre_xx_4925,chr10,97078152,97078925,773
pre_xx_4926,chr10,97095476,97097461,1985
pre_xx_4927,chr10,97179512,97180706,1194
pre_xx_4928,chr10,97184984,97186445,1461
pre_xx_4929,chr10,97195578,97197431,1853
pre_xx_4930,chr10,97278328,97279581,1253
pre_xx_4931,chr10,97291411,97293148,1737
pre_xx_4932,chr10,97318494,97320676,2182
pre_xx_4933,chr10,97320900,97321611,711
pre_xx_4934,chr10,97332509,97335715,3206
pre_xx_4935,chr10,97399795,97401759,1964
pre_xx_4936,chr10,97406998,97407745,747
pre_xx_4937,chr10,97418186,97419553,1367
pre_xx_4938,chr10,97425186,97427310,2124
pre_xx_4939,chr10,97445108,97446813,1705
pre_xx_4940,chr10,97497596,97500011,2415
pre_xx_4941,chr10,97574427,97575081,654
pre_xx_4942,chr10,97632706,97633911,1205
pre_xx_4943,chr10,97640151,97641831,1680
pre_xx_4944,chr10,97676521,97677516,995
pre_xx_4945,chr10,97686554,97688576,2022
pre_xx_4946,chr10,97713087,97715474,2387
pre_xx_4947,chr10,97731445,97732097,652
pre_xx_4948,chr10,97736601,97738102,1501
pre_xx_4949,chr10,97742774,97743825,1051
pre_xx_4950,chr10,97770953,97772516,1563
pre_xx_4951,chr10,97788508,97789438,930
pre_xx_4952,chr10,97804981,97806206,1225
pre_xx_4953,chr10,97849337,97850759,1422
pre_xx_4954,chr10,97869022,97869938,916
pre_xx_4955,chr10,97914413,97915420,1007
pre_xx_4956,chr10,98029449,98031501,2052
pre_xx_4957,chr10,98134191,98135719,1528
pre_xx_4958,chr10,98267219,98269003,1784
pre_xx_4959,chr10,98308510,98310065,1555
pre_xx_4960,chr10,98361002,98361753,751
pre_xx_4961,chr10,98375907,98376961,1054
pre_xx_4962,chr10,98414305,98416205,1900
pre_xx_4963,chr10,98445217,98447135,1918
pre_xx_4964,chr10,98466810,98468395,1585
pre_xx_4965,chr10,99233716,99235318,1602
pre_xx_4966,chr10,99235477,99236817,1340
pre_xx_4967,chr10,99328873,99331502,2629
pre_xx_4968,chr10,99430067,99431619,1552
pre_xx_4969,chr10,99519790,99520799,1009
pre_xx_4970,chr10,99534831,99536302,1471
pre_xx_4971,chr10,99536627,99537226,599
pre_xx_4972,chr10,99540478,99541175,697
pre_xx_4973,chr10,99619031,99621743,2712
pre_xx_4974,chr10,99658450,99660268,1818
pre_xx_4975,chr10,99731686,99733002,1316
pre_xx_4976,chr10,99845421,99846463,1042
pre_xx_4977,chr10,99913229,99914283,1054
pre_xx_4978,chr10,99917675,99918752,1077
pre_xx_4979,chr10,99930060,99931929,1869
pre_xx_4980,chr10,100008765,100010697,1932
pre_xx_4981,chr10,100184800,100186700,1900
pre_xx_4982,chr10,100208644,100209727,1083
pre_xx_4983,chr10,100228510,100230093,1583
pre_xx_4984,chr10,100266823,100268225,1402
pre_xx_4985,chr10,100285664,100287268,1604
pre_xx_4986,chr10,100346137,100348083,1946
pre_xx_4987,chr10,100350406,100351314,908
pre_xx_4988,chr10,100358910,100360257,1347
pre_xx_4989,chr10,100372854,100374580,1726
pre_xx_4990,chr10,100433362,100434220,858
pre_xx_4991,chr10,100481361,100483166,1805
pre_xx_4992,chr10,100518620,100520231,1611
pre_xx_4993,chr10,100528770,100530249,1479
pre_xx_4994,chr10,100535316,100536442,1126
pre_xx_4995,chr10,100561688,100563331,1643
pre_xx_4996,chr10,100569585,100570885,1300
pre_xx_4997,chr10,100653558,100656872,3314
pre_xx_4998,chr10,100680459,100681440,981
pre_xx_4999,chr10,100709354,100710657,1303
pre_xx_5000,chr10,100728966,100731567,2601
pre_xx_5001,chr10,100735200,100735845,645
pre_xx_5002,chr10,100739073,100740299,1226
pre_xx_5003,chr10,100743618,100744673,1055
pre_xx_5004,chr10,100745086,100746359,1273
pre_xx_5005,chr10,100790478,100791901,1423
pre_xx_5006,chr10,100826353,100829559,3206
pre_xx_5007,chr10,100878240,100878792,552
pre_xx_5008,chr10,100880794,100883283,2489
pre_xx_5009,chr10,100894966,100895976,1010
pre_xx_5010,chr10,100909412,100910318,906
pre_xx_5011,chr10,100912047,100913777,1730
pre_xx_5012,chr10,100927432,100928732,1300
pre_xx_5013,chr10,100968840,100970759,1919
pre_xx_5014,chr10,100986610,100988161,1551
pre_xx_5015,chr10,100996536,101000473,3937
pre_xx_5016,chr10,101001363,101001706,343
pre_xx_5017,chr10,101012604,101013403,799
pre_xx_5018,chr10,101018044,101019414,1370
pre_xx_5019,chr10,101030562,101033182,2620
pre_xx_5020,chr10,101041015,101041681,666
pre_xx_5021,chr10,101042256,101043659,1403
pre_xx_5022,chr10,101049905,101050791,886
pre_xx_5023,chr10,101059996,101062949,2953
pre_xx_5024,chr10,101066138,101068122,1984
pre_xx_5025,chr10,101122992,101124119,1127
pre_xx_5026,chr10,101130970,101132089,1119
pre_xx_5027,chr10,101134261,101135513,1252
pre_xx_5028,chr10,101139442,101140624,1182
pre_xx_5029,chr10,101142033,101142569,536
pre_xx_5030,chr10,101145737,101147299,1562
pre_xx_5031,chr10,101161289,101162985,1696
pre_xx_5032,chr10,101213462,101214306,844
pre_xx_5033,chr10,101214674,101215077,403
pre_xx_5034,chr10,101217317,101218110,793
pre_xx_5035,chr10,101228181,101230493,2312
pre_xx_5036,chr10,101235878,101237761,1883
pre_xx_5037,chr10,101271958,101272758,800
pre_xx_5038,chr10,101283620,101284785,1165
pre_xx_5039,chr10,101285420,101286147,727
pre_xx_5040,chr10,101287492,101287939,447
pre_xx_5041,chr10,101291107,101293588,2481
pre_xx_5042,chr10,101310247,101311796,1549
pre_xx_5043,chr10,101353296,101355069,1773
pre_xx_5044,chr10,101466053,101467636,1583
pre_xx_5045,chr10,101559032,101561544,2512
pre_xx_5046,chr10,101569273,101571137,1864
pre_xx_5047,chr10,101587288,101588821,1533
pre_xx_5048,chr10,101617128,101618355,1227
pre_xx_5049,chr10,101693672,101695518,1846
pre_xx_5050,chr10,101775645,101776649,1004
pre_xx_5051,chr10,101778724,101779340,616
pre_xx_5052,chr10,101779542,101780197,655
pre_xx_5053,chr10,101782829,101783945,1116
pre_xx_5054,chr10,101817122,101819334,2212
pre_xx_5055,chr10,101828792,101831202,2410
pre_xx_5056,chr10,101840589,101841514,925
pre_xx_5057,chr10,101843219,101844242,1023
pre_xx_5058,chr10,101937836,101938699,863
pre_xx_5059,chr10,102009609,102010368,759
pre_xx_5060,chr10,102055169,102056481,1312
pre_xx_5061,chr10,102064774,102066198,1424
pre_xx_5062,chr10,102113917,102115374,1457
pre_xx_5063,chr10,102117349,102118032,683
pre_xx_5064,chr10,102118913,102122272,3359
pre_xx_5065,chr10,102132336,102134523,2187
pre_xx_5066,chr10,102151370,102153471,2101
pre_xx_5067,chr10,102169199,102169970,771
pre_xx_5068,chr10,102225515,102226508,993
pre_xx_5069,chr10,102229628,102232103,2475
pre_xx_5070,chr10,102240372,102242069,1697
pre_xx_5071,chr10,102244706,102246510,1804
pre_xx_5072,chr10,102393666,102396073,2407
pre_xx_5073,chr10,102399102,102399998,896
pre_xx_5074,chr10,102406820,102407711,891
pre_xx_5075,chr10,102408077,102409650,1573
pre_xx_5076,chr10,102409892,102411110,1218
pre_xx_5077,chr10,102418630,102422362,3732
pre_xx_5078,chr10,102422521,102422982,461
pre_xx_5079,chr10,102431597,102432923,1326
pre_xx_5080,chr10,102435214,102436192,978
pre_xx_5081,chr10,102449286,102451751,2465
pre_xx_5082,chr10,102460806,102462181,1375
pre_xx_5083,chr10,102478605,102479488,883
pre_xx_5084,chr10,102501364,102503125,1761
pre_xx_5085,chr10,102503647,102505227,1580
pre_xx_5086,chr10,102583316,102584193,877
pre_xx_5087,chr10,102619264,102622023,2759
pre_xx_5088,chr10,102627296,102628856,1560
pre_xx_5089,chr10,102629542,102630092,550
pre_xx_5090,chr10,102632132,102633953,1821
pre_xx_5091,chr10,102641548,102644591,3043
pre_xx_5092,chr10,102644816,102645300,484
pre_xx_5093,chr10,102645443,102646882,1439
pre_xx_5094,chr10,102660314,102661836,1522
pre_xx_5095,chr10,102670610,102671342,732
pre_xx_5096,chr10,102673772,102674881,1109
pre_xx_5097,chr10,102678547,102679285,738
pre_xx_5098,chr10,102713362,102715216,1854
pre_xx_5099,chr10,102717915,102718703,788
pre_xx_5100,chr10,102728664,102729860,1196
pre_xx_5101,chr10,102743267,102745001,1734
pre_xx_5102,chr10,102751998,102753531,1533
pre_xx_5103,chr10,102758195,102759157,962
pre_xx_5104,chr10,102775490,102777457,1967
pre_xx_5105,chr10,102853858,102854743,885
pre_xx_5106,chr10,102868840,102870574,1734
pre_xx_5107,chr10,102917143,102919536,2393
pre_xx_5108,chr10,103053493,103054625,1132
pre_xx_5109,chr10,103152879,103154197,1318
pre_xx_5110,chr10,103191739,103193588,1849
pre_xx_5111,chr10,103230840,103231667,827
pre_xx_5112,chr10,103276419,103278568,2149
pre_xx_5113,chr10,103350129,103351469,1340
pre_xx_5114,chr10,103367496,103369102,1606
pre_xx_5115,chr10,103395585,103397635,2050
pre_xx_5116,chr10,103450928,103453038,2110
pre_xx_5117,chr10,103458070,103459983,1913
pre_xx_5118,chr10,103485342,103486546,1204
pre_xx_5119,chr10,103490385,103490990,605
pre_xx_5120,chr10,103491760,103492512,752
pre_xx_5121,chr10,103493174,103494792,1618
pre_xx_5122,chr10,103502443,103503707,1264
pre_xx_5123,chr10,103504013,103504939,926
pre_xx_5124,chr10,103507381,103508211,830
pre_xx_5125,chr10,103512349,103513913,1564
pre_xx_5126,chr10,103514660,103515824,1164
pre_xx_5127,chr10,103542619,103543908,1289
pre_xx_5128,chr10,103554448,103555843,1395
pre_xx_5129,chr10,103578539,103579243,704
pre_xx_5130,chr10,103584005,103585415,1410
pre_xx_5131,chr10,103597947,103599459,1512
pre_xx_5132,chr10,103618185,103619383,1198
pre_xx_5133,chr10,103659727,103662248,2521
pre_xx_5134,chr10,103668237,103669075,838
pre_xx_5135,chr10,103677722,103678721,999
pre_xx_5136,chr10,103691700,103693642,1942
pre_xx_5137,chr10,103738179,103739907,1728
pre_xx_5138,chr10,103771625,103772913,1288
pre_xx_5139,chr10,103777094,103777749,655
pre_xx_5140,chr10,103783366,103784642,1276
pre_xx_5141,chr10,103854084,103856196,2112
pre_xx_5142,chr10,103887673,103888938,1265
pre_xx_5143,chr10,103917297,103918769,1472
pre_xx_5144,chr10,103966277,103968412,2135
pre_xx_5145,chr10,104045265,104046427,1162
pre_xx_5146,chr10,104067019,104068084,1065
pre_xx_5147,chr10,104120680,104122581,1901
pre_xx_5148,chr10,104231352,104232955,1603
pre_xx_5149,chr10,104252870,104254118,1248
pre_xx_5150,chr10,104254370,104256138,1768
pre_xx_5151,chr10,104268284,104269729,1445
pre_xx_5152,chr10,104274494,104275705,1211
pre_xx_5153,chr10,104291015,104291804,789
pre_xx_5154,chr10,104298819,104301159,2340
pre_xx_5155,chr10,104327591,104329667,2076
pre_xx_5156,chr10,104337337,104340299,2962
pre_xx_5157,chr10,104353024,104354105,1081
pre_xx_5158,chr10,104429266,104430687,1421
pre_xx_5159,chr10,104638734,104639255,521
pre_xx_5160,chr10,104639496,104643078,3582
pre_xx_5161,chr10,104680540,104681584,1044
pre_xx_5162,chr10,104735009,104736388,1379
pre_xx_5163,chr10,106043843,106045551,1708
pre_xx_5164,chr10,106897565,106898753,1188
pre_xx_5165,chr10,107163794,107165305,1511
pre_xx_5166,chr10,107914097,107915689,1592
pre_xx_5167,chr10,108465827,108466882,1055
pre_xx_5168,chr10,108911498,108912900,1402
pre_xx_5169,chr10,108981591,108982945,1354
pre_xx_5170,chr10,109050701,109051881,1180
pre_xx_5171,chr10,109172132,109173691,1559
pre_xx_5172,chr10,109306323,109307577,1254
pre_xx_5173,chr10,109343078,109343867,789
pre_xx_5174,chr10,109456035,109457506,1471
pre_xx_5175,chr10,109474038,109475275,1237
pre_xx_5176,chr10,109883950,109884818,868
pre_xx_5177,chr10,109922253,109923784,1531
pre_xx_5178,chr10,109966788,109968086,1298
pre_xx_5179,chr10,110006607,110009247,2640
pre_xx_5180,chr10,110031594,110034090,2496
pre_xx_5181,chr10,110038866,110040047,1181
pre_xx_5182,chr10,110151019,110152626,1607
pre_xx_5183,chr10,110207371,110208805,1434
pre_xx_5184,chr10,110209072,110211643,2571
pre_xx_5185,chr10,110221353,110222142,789
pre_xx_5186,chr10,110225492,110227798,2306
pre_xx_5187,chr10,110303596,110305483,1887
pre_xx_5188,chr10,110335737,110336733,996
pre_xx_5189,chr10,110353161,110354726,1565
pre_xx_5190,chr10,110356384,110357726,1342
pre_xx_5191,chr10,110359068,110359629,561
pre_xx_5192,chr10,110497257,110498918,1661
pre_xx_5193,chr10,110529540,110530714,1174
pre_xx_5194,chr10,110566471,110568678,2207
pre_xx_5195,chr10,110609502,110610873,1371
pre_xx_5196,chr10,110642911,110644721,1810
pre_xx_5197,chr10,110671859,110672811,952
pre_xx_5198,chr10,110746156,110746776,620
pre_xx_5199,chr10,110803470,110804423,953
pre_xx_5200,chr10,110821446,110823727,2281
pre_xx_5201,chr10,110871152,110873541,2389
pre_xx_5202,chr10,110917982,110920440,2458
pre_xx_5203,chr10,111075746,111077479,1733
pre_xx_5204,chr10,111077726,111078277,551
pre_xx_5205,chr10,111079556,111080080,524
pre_xx_5206,chr10,111200481,111201420,939
pre_xx_5207,chr10,111360071,111361502,1431
pre_xx_5208,chr10,111739123,111739961,838
pre_xx_5209,chr10,112039065,112040190,1125
pre_xx_5210,chr10,112139930,112140487,557
pre_xx_5211,chr10,112182918,112184561,1643
pre_xx_5212,chr10,112445988,112447692,1704
pre_xx_5213,chr10,112792239,112793782,1543
pre_xx_5214,chr10,112803605,112804714,1109
pre_xx_5215,chr10,112949512,112950507,995
pre_xx_5216,chr10,112950767,112952830,2063
pre_xx_5217,chr10,113000368,113001494,1126
pre_xx_5218,chr10,113058199,113060004,1805
pre_xx_5219,chr10,113099130,113100475,1345
pre_xx_5220,chr10,113126050,113127580,1530
pre_xx_5221,chr10,113176842,113178352,1510
pre_xx_5222,chr10,113186790,113188050,1260
pre_xx_5223,chr10,113384705,113385973,1268
pre_xx_5224,chr10,113563119,113563945,826
pre_xx_5225,chr10,113678817,113680644,1827
pre_xx_5226,chr10,113853492,113855650,2158
pre_xx_5227,chr10,113946744,113948351,1607
pre_xx_5228,chr10,114042748,114045670,2922
pre_xx_5229,chr10,114100415,114101708,1293
pre_xx_5230,chr10,114163016,114164181,1165
pre_xx_5231,chr10,114172776,114175024,2248
pre_xx_5232,chr10,114231212,114232980,1768
pre_xx_5233,chr10,114239005,114240393,1388
pre_xx_5234,chr10,114303746,114305382,1636
pre_xx_5235,chr10,114336971,114338279,1308
pre_xx_5236,chr10,114402806,114405290,2484
pre_xx_5237,chr10,114479023,114479748,725
pre_xx_5238,chr10,114506835,114508047,1212
pre_xx_5239,chr10,114524977,114525891,914
pre_xx_5240,chr10,114526127,114527286,1159
pre_xx_5241,chr10,114631321,114632432,1111
pre_xx_5242,chr10,114634471,114635491,1020
pre_xx_5243,chr10,114662693,114664476,1783
pre_xx_5244,chr10,114681534,114683818,2284
pre_xx_5245,chr10,114684194,114685242,1048
pre_xx_5246,chr10,114714151,114715664,1513
pre_xx_5247,chr10,114766539,114769016,2477
pre_xx_5248,chr10,114821289,114823222,1933
pre_xx_5249,chr10,114876080,114877352,1272
pre_xx_5250,chr10,114880484,114882266,1782
pre_xx_5251,chr10,114911215,114912939,1724
pre_xx_5252,chr10,114937744,114939431,1687
pre_xx_5253,chr10,115001145,115002428,1283
pre_xx_5254,chr10,115023578,115024855,1277
pre_xx_5255,chr10,115045340,115046075,735
pre_xx_5256,chr10,115092225,115095080,2855
pre_xx_5257,chr10,115950986,115951928,942
pre_xx_5258,chr10,116183495,116184594,1099
pre_xx_5259,chr10,116270730,116274809,4079
pre_xx_5260,chr10,116434687,116435817,1130
pre_xx_5261,chr10,116608644,116610136,1492
pre_xx_5262,chr10,116626999,116628029,1030
pre_xx_5263,chr10,116665427,116666184,757
pre_xx_5264,chr10,116669141,116670853,1712
pre_xx_5265,chr10,116681987,116682692,705
pre_xx_5266,chr10,116694043,116694960,917
pre_xx_5267,chr10,116737273,116737975,702
pre_xx_5268,chr10,116741002,116743406,2404
pre_xx_5269,chr10,116766443,116767928,1485
pre_xx_5270,chr10,116787080,116788451,1371
pre_xx_5271,chr10,116848465,116850410,1945
pre_xx_5272,chr10,117004307,117005988,1681
pre_xx_5273,chr10,117131143,117131968,825
pre_xx_5274,chr10,117133984,117134992,1008
pre_xx_5275,chr10,117136895,117137977,1082
pre_xx_5276,chr10,117162599,117163638,1039
pre_xx_5277,chr10,117165604,117166225,621
pre_xx_5278,chr10,117167702,117168642,940
pre_xx_5279,chr10,117174370,117176254,1884
pre_xx_5280,chr10,117215867,117217609,1742
pre_xx_5281,chr10,117240564,117242043,1479
pre_xx_5282,chr10,117260149,117261261,1112
pre_xx_5283,chr10,117365483,117366192,709
pre_xx_5284,chr10,117373667,117376537,2870
pre_xx_5285,chr10,117411128,117412422,1294
pre_xx_5286,chr10,117441890,117443629,1739
pre_xx_5287,chr10,117496321,117497684,1363
pre_xx_5288,chr10,117531570,117533054,1484
pre_xx_5289,chr10,117533480,117534329,849
pre_xx_5290,chr10,117534491,117535652,1161
pre_xx_5291,chr10,117537071,117537889,818
pre_xx_5292,chr10,117541047,117541581,534
pre_xx_5293,chr10,117541733,117542964,1231
pre_xx_5294,chr10,117543151,117543840,689
pre_xx_5295,chr10,117550655,117551015,360
pre_xx_5296,chr10,117551275,117552666,1391
pre_xx_5297,chr10,117552800,117554857,2057
pre_xx_5298,chr10,117574360,117575091,731
pre_xx_5299,chr10,117608936,117610768,1832
pre_xx_5300,chr10,117663650,117664120,470
pre_xx_5301,chr10,117664313,117665315,1002
pre_xx_5302,chr10,117720090,117722942,2852
pre_xx_5303,chr10,117734488,117735517,1029
pre_xx_5304,chr10,117754779,117756077,1298
pre_xx_5305,chr10,117927977,117929858,1881
pre_xx_5306,chr10,118034699,118036755,2056
pre_xx_5307,chr10,118045758,118047575,1817
pre_xx_5308,chr10,118116180,118117783,1603
pre_xx_5309,chr10,118213317,118214622,1305
pre_xx_5310,chr10,118215669,118217246,1577
pre_xx_5311,chr10,118240937,118241973,1036
pre_xx_5312,chr10,118341559,118342971,1412
pre_xx_5313,chr10,118422503,118424177,1674
pre_xx_5314,chr10,118458969,118459924,955
pre_xx_5315,chr10,118543743,118544442,699
pre_xx_5316,chr10,118564248,118565031,783
pre_xx_5317,chr10,118590158,118590735,577
pre_xx_5318,chr10,118594198,118595016,818
pre_xx_5319,chr10,118595396,118596665,1269
pre_xx_5320,chr10,118621243,118621981,738
pre_xx_5321,chr10,118628546,118630107,1561
pre_xx_5322,chr10,118668797,118670385,1588
pre_xx_5323,chr10,118753152,118756068,2916
pre_xx_5324,chr10,118808511,118809492,981
pre_xx_5325,chr10,118818332,118819352,1020
pre_xx_5326,chr10,118835386,118836425,1039
pre_xx_5327,chr10,118844554,118845640,1086
pre_xx_5328,chr10,119028749,119030933,2184
pre_xx_5329,chr10,119047288,119048332,1044
pre_xx_5330,chr10,119079514,119081541,2027
pre_xx_5331,chr10,119087262,119088058,796
pre_xx_5332,chr10,119103274,119105039,1765
pre_xx_5333,chr10,119138042,119139023,981
pre_xx_5334,chr10,119164759,119166277,1518
pre_xx_5335,chr10,119177767,119179181,1414
pre_xx_5336,chr10,119199181,119199788,607
pre_xx_5337,chr10,119206150,119208527,2377
pre_xx_5338,chr10,119209177,119209745,568
pre_xx_5339,chr10,119222093,119223368,1275
pre_xx_5340,chr10,119250578,119252323,1745
pre_xx_5341,chr10,119334030,119335378,1348
pre_xx_5342,chr10,119335670,119337050,1380
pre_xx_5343,chr10,119341297,119342440,1143
pre_xx_5344,chr10,119364384,119366514,2130
pre_xx_5345,chr10,119368689,119369762,1073
pre_xx_5346,chr10,119377481,119379364,1883
pre_xx_5347,chr10,119412085,119414627,2542
pre_xx_5348,chr10,119420945,119422589,1644
pre_xx_5349,chr10,119428478,119429214,736
pre_xx_5350,chr10,119444879,119445697,818
pre_xx_5351,chr10,119541734,119543724,1990
pre_xx_5352,chr10,119595320,119597549,2229
pre_xx_5353,chr10,119650733,119652736,2003
pre_xx_5354,chr10,119667525,119669632,2107
pre_xx_5355,chr10,119686045,119688311,2266
pre_xx_5356,chr10,119724580,119726749,2169
pre_xx_5357,chr10,119817844,119819943,2099
pre_xx_5358,chr10,119871461,119873752,2291
pre_xx_5359,chr10,119891820,119893439,1619
pre_xx_5360,chr10,120456172,120458136,1964
pre_xx_5361,chr10,120850432,120852205,1773
pre_xx_5362,chr10,120942641,120943397,756
pre_xx_5363,chr10,120948875,120950535,1660
pre_xx_5364,chr10,120977679,120980760,3081
pre_xx_5365,chr10,121078061,121080719,2658
pre_xx_5366,chr10,121086495,121087487,992
pre_xx_5367,chr10,121111888,121114207,2319
pre_xx_5368,chr10,121155454,121156406,952
pre_xx_5369,chr10,121448406,121450003,1597
pre_xx_5370,chr10,121480971,121482819,1848
pre_xx_5371,chr10,121559079,121560011,932
pre_xx_5372,chr10,121580017,121581390,1373
pre_xx_5373,chr10,121595477,121598903,3426
pre_xx_5374,chr10,121608228,121609177,949
pre_xx_5375,chr10,121926683,121928843,2160
pre_xx_5376,chr10,121974067,121975560,1493
pre_xx_5377,chr10,122018641,122020016,1375
pre_xx_5378,chr10,122112227,122114220,1993
pre_xx_5379,chr10,122162649,122164626,1977
pre_xx_5380,chr10,122298357,122299313,956
pre_xx_5381,chr10,122307437,122308735,1298
pre_xx_5382,chr10,122340529,122341759,1230
pre_xx_5383,chr10,122373666,122375794,2128
pre_xx_5384,chr10,122460524,122463375,2851
pre_xx_5385,chr10,122473742,122476566,2824
pre_xx_5386,chr10,122490991,122492294,1303
pre_xx_5387,chr10,122507294,122508704,1410
pre_xx_5388,chr10,122636724,122638020,1296
pre_xx_5389,chr10,122648323,122649247,924
pre_xx_5390,chr10,122878907,122880439,1532
pre_xx_5391,chr10,122953331,122954960,1629
pre_xx_5392,chr10,122979632,122981463,1831
pre_xx_5393,chr10,123007357,123009900,2543
pre_xx_5394,chr10,123132678,123133476,798
pre_xx_5395,chr10,123134731,123136237,1506
pre_xx_5396,chr10,123136651,123137665,1014
pre_xx_5397,chr10,123139463,123140469,1006
pre_xx_5398,chr10,123147647,123148721,1074
pre_xx_5399,chr10,123149592,123150136,544
pre_xx_5400,chr10,123150912,123151621,709
pre_xx_5401,chr10,123153716,123155270,1554
pre_xx_5402,chr10,123583478,123584324,846
pre_xx_5403,chr10,123890726,123892275,1549
pre_xx_5404,chr10,123972194,123973424,1230
pre_xx_5405,chr10,123994171,123995008,837
pre_xx_5406,chr10,123995222,123996121,899
pre_xx_5407,chr10,124063567,124064559,992
pre_xx_5408,chr10,124074359,124076044,1685
pre_xx_5409,chr10,124091612,124093869,2257
pre_xx_5410,chr10,124104865,124106827,1962
pre_xx_5411,chr10,124148867,124150019,1152
pre_xx_5412,chr10,124220446,124223089,2643
pre_xx_5413,chr10,124353798,124355382,1584
pre_xx_5414,chr10,124388505,124389909,1404
pre_xx_5415,chr10,124403236,124404170,934
pre_xx_5416,chr10,124417911,124419499,1588
pre_xx_5417,chr10,124447301,124448234,933
pre_xx_5418,chr10,124448731,124450510,1779
pre_xx_5419,chr10,124461293,124462452,1159
pre_xx_5420,chr10,124465683,124466420,737
pre_xx_5421,chr10,124522737,124523907,1170
pre_xx_5422,chr10,124529681,124530654,973
pre_xx_5423,chr10,124539844,124540641,797
pre_xx_5424,chr10,124564581,124566310,1729
pre_xx_5425,chr10,124588386,124590398,2012
pre_xx_5426,chr10,124597223,124598239,1016
pre_xx_5427,chr10,124618888,124620075,1187
pre_xx_5428,chr10,124648382,124649682,1300
pre_xx_5429,chr10,124667418,124669172,1754
pre_xx_5430,chr10,124693328,124694448,1120
pre_xx_5431,chr10,124701055,124702653,1598
pre_xx_5432,chr10,124717644,124718903,1259
pre_xx_5433,chr10,124736078,124737014,936
pre_xx_5434,chr10,124739968,124741629,1661
pre_xx_5435,chr10,124742433,124745040,2607
pre_xx_5436,chr10,124790991,124792712,1721
pre_xx_5437,chr10,124800598,124802648,2050
pre_xx_5438,chr10,124916113,124918423,2310
pre_xx_5439,chr10,124999057,125001835,2778
pre_xx_5440,chr10,125023318,125025747,2429
pre_xx_5441,chr10,125047918,125048862,944
pre_xx_5442,chr10,125060039,125061548,1509
pre_xx_5443,chr10,125137168,125138562,1394
pre_xx_5444,chr10,125151377,125153426,2049
pre_xx_5445,chr10,125158563,125162602,4039
pre_xx_5446,chr10,125213297,125214520,1223
pre_xx_5447,chr10,125481645,125483109,1464
pre_xx_5448,chr10,125538625,125539590,965
pre_xx_5449,chr10,125718612,125720372,1760
pre_xx_5450,chr10,125822551,125824237,1686
pre_xx_5451,chr10,125843499,125845326,1827
pre_xx_5452,chr10,125880494,125881428,934
pre_xx_5453,chr10,125895171,125897238,2067
pre_xx_5454,chr10,126070144,126071160,1016
pre_xx_5455,chr10,126147283,126149055,1772
pre_xx_5456,chr10,126386748,126389168,2420
pre_xx_5457,chr10,126904526,126906605,2079
pre_xx_5458,chr10,127194190,127197276,3086
pre_xx_5459,chr10,127417902,127419264,1362
pre_xx_5460,chr10,127440799,127442162,1363
pre_xx_5461,chr10,127736095,127737760,1665
pre_xx_5462,chr10,127832195,127833119,924
pre_xx_5463,chr10,127906480,127908095,1615
pre_xx_5464,chr10,128011029,128011837,808
pre_xx_5465,chr10,128046937,128048730,1793
pre_xx_5466,chr10,128125173,128127095,1922
pre_xx_5467,chr10,128149407,128150814,1407
pre_xx_5468,chr10,128209941,128211376,1435
pre_xx_5469,chr10,128211700,128212688,988
pre_xx_5470,chr10,128286171,128287655,1484
pre_xx_5471,chr10,128526542,128527393,851
pre_xx_5472,chr10,128539721,128542369,2648
pre_xx_5473,chr10,128687111,128688415,1304
pre_xx_5474,chr10,128709084,128711259,2175
pre_xx_5475,chr10,129466238,129468398,2160
pre_xx_5476,chr10,129501619,129503792,2173
pre_xx_5477,chr10,129540809,129542049,1240
pre_xx_5478,chr10,129897962,129899638,1676
pre_xx_5479,chr10,129957978,129959669,1691
pre_xx_5480,chr10,129962851,129964611,1760
pre_xx_5481,chr10,129968696,129969246,550
pre_xx_5482,chr10,129971095,129971980,885
pre_xx_5483,chr10,130109578,130111755,2177
pre_xx_5484,chr10,130127478,130129485,2007
pre_xx_5485,chr10,130135830,130137536,1706
pre_xx_5486,chr10,130189630,130191077,1447
pre_xx_5487,chr10,130300403,130302002,1599
pre_xx_5488,chr10,130923927,130924768,841
pre_xx_5489,chr10,131082490,131083572,1082
pre_xx_5490,chr10,131087069,131088111,1042
pre_xx_5491,chr10,131093871,131095384,1513
pre_xx_5492,chr10,131126075,131127376,1301
pre_xx_5493,chr10,131131498,131133371,1873
pre_xx_5494,chr10,131145369,131147762,2393
pre_xx_5495,chr10,131162703,131163785,1082
pre_xx_5496,chr10,131177414,131178406,992
pre_xx_5497,chr10,131249463,131251645,2182
pre_xx_5498,chr10,131310131,131312835,2704
pre_xx_5499,chr10,131425785,131427027,1242
pre_xx_5500,chr10,131452842,131454457,1615
pre_xx_5501,chr10,131651671,131653136,1465
pre_xx_5502,chr10,131725850,131727067,1217
pre_xx_5503,chr10,131742767,131744331,1564
pre_xx_5504,chr10,131748621,131749789,1168
pre_xx_5505,chr10,131874711,131875845,1134
pre_xx_5506,chr10,131890835,131892495,1660
pre_xx_5507,chr10,131899827,131901865,2038
pre_xx_5508,chr10,131980810,131982778,1968
pre_xx_5509,chr10,131996943,131998270,1327
pre_xx_5510,chr10,132001303,132002403,1100
pre_xx_5511,chr10,132022788,132023762,974
pre_xx_5512,chr10,132035559,132037961,2402
pre_xx_5513,chr10,132065007,132066575,1568
pre_xx_5514,chr10,132142068,132143513,1445
pre_xx_5515,chr10,132185405,132188599,3194
pre_xx_5516,chr10,132222790,132223597,807
pre_xx_5517,chr10,132229682,132231353,1671
pre_xx_5518,chr10,132297539,132298681,1142
pre_xx_5519,chr10,132306875,132309184,2309
pre_xx_5520,chr10,132331081,132332703,1622
pre_xx_5521,chr10,132387481,132388202,721
pre_xx_5522,chr10,132388810,132390061,1251
pre_xx_5523,chr10,132395428,132398408,2980
pre_xx_5524,chr10,132407083,132409173,2090
pre_xx_5525,chr10,132411286,132412198,912
pre_xx_5526,chr10,132417925,132419375,1450
pre_xx_5527,chr10,132421042,132421861,819
pre_xx_5528,chr10,132428958,132430235,1277
pre_xx_5529,chr10,132443623,132444628,1005
pre_xx_5530,chr10,132446482,132447270,788
pre_xx_5531,chr10,132452216,132453780,1564
pre_xx_5532,chr10,132458315,132458886,571
pre_xx_5533,chr10,132467200,132468837,1637
pre_xx_5534,chr10,132469221,132469930,709
pre_xx_5535,chr10,132477219,132478504,1285
pre_xx_5536,chr10,132492214,132493839,1625
pre_xx_5537,chr10,132514796,132515462,666
pre_xx_5538,chr10,132516642,132519280,2638
pre_xx_5539,chr10,132536238,132538375,2137
pre_xx_5540,chr10,132571761,132572878,1117
pre_xx_5541,chr10,132574688,132576191,1503
pre_xx_5542,chr10,132577628,132579526,1898
pre_xx_5543,chr10,132605788,132608264,2476
pre_xx_5544,chr10,132627173,132628604,1431
pre_xx_5545,chr10,132637450,132638397,947
pre_xx_5546,chr10,132654162,132655210,1048
pre_xx_5547,chr10,132684358,132685826,1468
pre_xx_5548,chr10,132773998,132775809,1811
pre_xx_5549,chr10,132779623,132780399,776
pre_xx_5550,chr10,132784999,132786331,1332
pre_xx_5551,chr10,132787494,132788657,1163
pre_xx_5552,chr10,132847749,132849888,2139
pre_xx_5553,chr10,132861590,132863273,1683
pre_xx_5554,chr10,132878850,132880159,1309
pre_xx_5555,chr10,132910835,132912152,1317
pre_xx_5556,chr10,132913105,132913699,594
pre_xx_5557,chr10,132918352,132918921,569
pre_xx_5558,chr10,132941724,132943267,1543
pre_xx_5559,chr10,132961601,132962737,1136
pre_xx_5560,chr10,133022080,133023230,1150
pre_xx_5561,chr10,133030475,133031231,756
pre_xx_5562,chr10,133037968,133038739,771
pre_xx_5563,chr10,133038926,133039906,980
pre_xx_5564,chr10,133079898,133080637,739
pre_xx_5565,chr10,133087386,133089018,1632
pre_xx_5566,chr10,133099257,133100226,969
pre_xx_5567,chr10,133124286,133125100,814
pre_xx_5568,chr10,133143075,133144437,1362
pre_xx_5569,chr10,133157069,133157915,846
pre_xx_5570,chr10,133158830,133161896,3066
pre_xx_5571,chr10,133199724,133200555,831
pre_xx_5572,chr10,133206280,133207815,1535
pre_xx_5573,chr10,133218809,133220146,1337
pre_xx_5574,chr10,133224042,133225592,1550
pre_xx_5575,chr10,133229311,133231673,2362
pre_xx_5576,chr10,133236426,133238465,2039
pre_xx_5577,chr10,133243454,133243957,503
pre_xx_5578,chr10,133244941,133246475,1534
pre_xx_5579,chr10,133246933,133248382,1449
pre_xx_5580,chr10,133251533,133252254,721
pre_xx_5581,chr10,133254173,133254927,754
pre_xx_5582,chr10,133257379,133258433,1054
pre_xx_5583,chr10,133260979,133262976,1997
pre_xx_5584,chr10,133274710,133277396,2686
pre_xx_5585,chr10,133307582,133309611,2029
pre_xx_5586,chr10,133313854,133315518,1664
pre_xx_5587,chr10,133318411,133319115,704
pre_xx_5588,chr10,133324068,133326178,2110
pre_xx_5589,chr10,133329426,133330316,890
pre_xx_5590,chr10,133334644,133337183,2539
pre_xx_5591,chr10,133356977,133358787,1810
pre_xx_5592,chr10,133372156,133374201,2045
pre_xx_5593,chr10,133377936,133380195,2259
pre_xx_5594,chr10,133393518,133395184,1666
pre_xx_5595,chr10,133421420,133423815,2395
pre_xx_5596,chr10,133519778,133520872,1094
pre_xx_5597,chr10,133527456,133529776,2320
pre_xx_5598,chr11,206597,209363,2766
pre_xx_5599,chr11,235501,237471,1970
pre_xx_5600,chr11,279945,281687,1742
pre_xx_5601,chr11,287777,289654,1877
pre_xx_5602,chr11,304857,305288,431
pre_xx_5603,chr11,307540,308564,1024
pre_xx_5604,chr11,313334,314598,1264
pre_xx_5605,chr11,315190,316658,1468
pre_xx_5606,chr11,320308,321174,866
pre_xx_5607,chr11,333861,334887,1026
pre_xx_5608,chr11,355113,356484,1371
pre_xx_5609,chr11,368013,371211,3198
pre_xx_5610,chr11,396367,397548,1181
pre_xx_5611,chr11,405531,407754,2223
pre_xx_5612,chr11,416284,417687,1403
pre_xx_5613,chr11,440799,442319,1520
pre_xx_5614,chr11,447844,448643,799
pre_xx_5615,chr11,449757,451472,1715
pre_xx_5616,chr11,467917,468895,978
pre_xx_5617,chr11,503912,505047,1135
pre_xx_5618,chr11,506161,507945,1784
pre_xx_5619,chr11,534427,536411,1984
pre_xx_5620,chr11,536607,537725,1118
pre_xx_5621,chr11,554028,556456,2428
pre_xx_5622,chr11,560165,561801,1636
pre_xx_5623,chr11,567416,569546,2130
pre_xx_5624,chr11,571186,571732,546
pre_xx_5625,chr11,573990,576699,2709
pre_xx_5626,chr11,605675,606763,1088
pre_xx_5627,chr11,611689,612596,907
pre_xx_5628,chr11,615106,616309,1203
pre_xx_5629,chr11,624396,627450,3054
pre_xx_5630,chr11,636443,637646,1203
pre_xx_5631,chr11,638621,639937,1316
pre_xx_5632,chr11,694233,696422,2189
pre_xx_5633,chr11,705474,707509,2035
pre_xx_5634,chr11,720347,721269,922
pre_xx_5635,chr11,725598,727157,1559
pre_xx_5636,chr11,727417,728339,922
pre_xx_5637,chr11,746433,748370,1937
pre_xx_5638,chr11,764310,765680,1370
pre_xx_5639,chr11,776359,778247,1888
pre_xx_5640,chr11,783136,784070,934
pre_xx_5641,chr11,789259,790311,1052
pre_xx_5642,chr11,795018,796534,1516
pre_xx_5643,chr11,796889,798553,1664
pre_xx_5644,chr11,804064,805680,1616
pre_xx_5645,chr11,808816,810456,1640
pre_xx_5646,chr11,818538,821092,2554
pre_xx_5647,chr11,824400,825299,899
pre_xx_5648,chr11,826944,827564,620
pre_xx_5649,chr11,828940,829740,800
pre_xx_5650,chr11,830013,831079,1066
pre_xx_5651,chr11,832394,833735,1341
pre_xx_5652,chr11,834543,835277,734
pre_xx_5653,chr11,842019,843381,1362
pre_xx_5654,chr11,843544,845238,1694
pre_xx_5655,chr11,849101,850983,1882
pre_xx_5656,chr11,859490,860239,749
pre_xx_5657,chr11,869340,870738,1398
pre_xx_5658,chr11,875815,877055,1240
pre_xx_5659,chr11,890627,891599,972
pre_xx_5660,chr11,909995,911781,1786
pre_xx_5661,chr11,924406,926960,2554
pre_xx_5662,chr11,995465,996517,1052
pre_xx_5663,chr11,1000250,1001623,1373
pre_xx_5664,chr11,1005537,1007318,1781
pre_xx_5665,chr11,1015896,1017938,2042
pre_xx_5666,chr11,1033858,1034694,836
pre_xx_5667,chr11,1036160,1036855,695
pre_xx_5668,chr11,1039759,1040437,678
pre_xx_5669,chr11,1050777,1051440,663
pre_xx_5670,chr11,1054055,1055128,1073
pre_xx_5671,chr11,1071556,1073686,2130
pre_xx_5672,chr11,1201914,1203465,1551
pre_xx_5673,chr11,1226747,1227222,475
pre_xx_5674,chr11,1238549,1239353,804
pre_xx_5675,chr11,1262212,1263251,1039
pre_xx_5676,chr11,1308730,1310311,1581
pre_xx_5677,chr11,1335807,1337816,2009
pre_xx_5678,chr11,1348507,1350925,2418
pre_xx_5679,chr11,1381771,1383662,1891
pre_xx_5680,chr11,1388550,1391307,2757
pre_xx_5681,chr11,1401291,1402578,1287
pre_xx_5682,chr11,1410529,1411832,1303
pre_xx_5683,chr11,1435627,1436960,1333
pre_xx_5684,chr11,1459917,1461759,1842
pre_xx_5685,chr11,1467129,1469211,2082
pre_xx_5686,chr11,1484826,1486763,1937
pre_xx_5687,chr11,1515145,1516004,859
pre_xx_5688,chr11,1546018,1548836,2818
pre_xx_5689,chr11,1558077,1559907,1830
pre_xx_5690,chr11,1560594,1561007,413
pre_xx_5691,chr11,1564256,1565469,1213
pre_xx_5692,chr11,1570928,1572797,1869
pre_xx_5693,chr11,1573567,1574989,1422
pre_xx_5694,chr11,1592269,1592951,682
pre_xx_5695,chr11,1628452,1629491,1039
pre_xx_5696,chr11,1652521,1653786,1265
pre_xx_5697,chr11,1654276,1655225,949
pre_xx_5698,chr11,1681971,1683621,1650
pre_xx_5699,chr11,1690806,1691967,1161
pre_xx_5700,chr11,1693011,1694367,1356
pre_xx_5701,chr11,1747854,1749483,1629
pre_xx_5702,chr11,1755445,1756479,1034
pre_xx_5703,chr11,1762179,1764677,2498
pre_xx_5704,chr11,1826482,1827636,1154
pre_xx_5705,chr11,1832142,1833195,1053
pre_xx_5706,chr11,1837533,1838478,945
pre_xx_5707,chr11,1842261,1843672,1411
pre_xx_5708,chr11,1863322,1865550,2228
pre_xx_5709,chr11,1872944,1873711,767
pre_xx_5710,chr11,1881697,1882973,1276
pre_xx_5711,chr11,1888079,1889827,1748
pre_xx_5712,chr11,1924040,1924822,782
pre_xx_5713,chr11,1937774,1939612,1838
pre_xx_5714,chr11,1941771,1942525,754
pre_xx_5715,chr11,2092835,2093498,663
pre_xx_5716,chr11,2096884,2098017,1133
pre_xx_5717,chr11,2099020,2100689,1669
pre_xx_5718,chr11,2120272,2121693,1421
pre_xx_5719,chr11,2127224,2129262,2038
pre_xx_5720,chr11,2136986,2140139,3153
pre_xx_5721,chr11,2140438,2140918,480
pre_xx_5722,chr11,2143783,2144477,694
pre_xx_5723,chr11,2151285,2152283,998
pre_xx_5724,chr11,2156312,2156784,472
pre_xx_5725,chr11,2165997,2167452,1455
pre_xx_5726,chr11,2186552,2187227,675
pre_xx_5727,chr11,2190186,2191482,1296
pre_xx_5728,chr11,2197052,2197572,520
pre_xx_5729,chr11,2208136,2209223,1087
pre_xx_5730,chr11,2262323,2263355,1032
pre_xx_5731,chr11,2268778,2272174,3396
pre_xx_5732,chr11,2301734,2302725,991
pre_xx_5733,chr11,2305125,2307743,2618
pre_xx_5734,chr11,2314253,2315876,1623
pre_xx_5735,chr11,2376889,2379242,2353
pre_xx_5736,chr11,2389088,2389779,691
pre_xx_5737,chr11,2399338,2401482,2144
pre_xx_5738,chr11,2408451,2410585,2134
pre_xx_5739,chr11,2419515,2421246,1731
pre_xx_5740,chr11,2443846,2446405,2559
pre_xx_5741,chr11,2463051,2464001,950
pre_xx_5742,chr11,2482044,2484098,2054
pre_xx_5743,chr11,2531254,2531900,646
pre_xx_5744,chr11,2532435,2534147,1712
pre_xx_5745,chr11,2561066,2563155,2089
pre_xx_5746,chr11,2574443,2575800,1357
pre_xx_5747,chr11,2692279,2692850,571
pre_xx_5748,chr11,2699027,2701260,2233
pre_xx_5749,chr11,2724983,2726378,1395
pre_xx_5750,chr11,2741064,2742847,1783
pre_xx_5751,chr11,2777966,2780754,2788
pre_xx_5752,chr11,2788095,2789066,971
pre_xx_5753,chr11,2791078,2792403,1325
pre_xx_5754,chr11,2806240,2807843,1603
pre_xx_5755,chr11,2824669,2826934,2265
pre_xx_5756,chr11,2836581,2837545,964
pre_xx_5757,chr11,2862101,2863356,1255
pre_xx_5758,chr11,2864629,2865215,586
pre_xx_5759,chr11,2868693,2870228,1535
pre_xx_5760,chr11,2870484,2871882,1398
pre_xx_5761,chr11,2881694,2882348,654
pre_xx_5762,chr11,2882562,2883105,543
pre_xx_5763,chr11,2883848,2886554,2706
pre_xx_5764,chr11,2888390,2888607,217
pre_xx_5765,chr11,2890456,2891081,625
pre_xx_5766,chr11,2891813,2893040,1227
pre_xx_5767,chr11,2901261,2903164,1903
pre_xx_5768,chr11,2908571,2909910,1339
pre_xx_5769,chr11,2911243,2912940,1697
pre_xx_5770,chr11,2928035,2930005,1970
pre_xx_5771,chr11,2930087,2931112,1025
pre_xx_5772,chr11,2945040,2946192,1152
pre_xx_5773,chr11,2953930,2954887,957
pre_xx_5774,chr11,2990725,2993129,2404
pre_xx_5775,chr11,3056298,3057926,1628
pre_xx_5776,chr11,3091450,3092304,854
pre_xx_5777,chr11,3148870,3150184,1314
pre_xx_5778,chr11,3153037,3154630,1593
pre_xx_5779,chr11,3159866,3161019,1153
pre_xx_5780,chr11,3164262,3165549,1287
pre_xx_5781,chr11,3195153,3197058,1905
pre_xx_5782,chr11,3202747,3203907,1160
pre_xx_5783,chr11,3216980,3217582,602
pre_xx_5784,chr11,3223994,3225502,1508
pre_xx_5785,chr11,3378185,3379431,1246
pre_xx_5786,chr11,3421634,3423728,2094
pre_xx_5787,chr11,3511429,3513201,1772
pre_xx_5788,chr11,3580458,3581596,1138
pre_xx_5789,chr11,3641276,3643293,2017
pre_xx_5790,chr11,3796882,3798448,1566
pre_xx_5791,chr11,3807543,3809428,1885
pre_xx_5792,chr11,3839959,3841872,1913
pre_xx_5793,chr11,3854426,3856484,2058
pre_xx_5794,chr11,4071724,4073043,1319
pre_xx_5795,chr11,4093921,4096203,2282
pre_xx_5796,chr11,4186932,4188275,1343
pre_xx_5797,chr11,4392778,4394118,1340
pre_xx_5798,chr11,4606707,4608610,1903
pre_xx_5799,chr11,4636236,4637553,1317
pre_xx_5800,chr11,4658389,4659464,1075
pre_xx_5801,chr11,4850912,4851462,550
pre_xx_5802,chr11,5530406,5531674,1268
pre_xx_5803,chr11,5595725,5597156,1431
pre_xx_5804,chr11,5624410,5625780,1370
pre_xx_5805,chr11,5683940,5685450,1510
pre_xx_5806,chr11,5808261,5809636,1375
pre_xx_5807,chr11,6233804,6235591,1787
pre_xx_5808,chr11,6249657,6250415,758
pre_xx_5809,chr11,6251102,6252739,1637
pre_xx_5810,chr11,6258237,6260494,2257
pre_xx_5811,chr11,6315693,6316123,430
pre_xx_5812,chr11,6318884,6321146,2262
pre_xx_5813,chr11,6389580,6391057,1477
pre_xx_5814,chr11,6404452,6405738,1286
pre_xx_5815,chr11,6418005,6419846,1841
pre_xx_5816,chr11,6473196,6474646,1450
pre_xx_5817,chr11,6480555,6482192,1637
pre_xx_5818,chr11,6500241,6501288,1047
pre_xx_5819,chr11,6602480,6604676,2196
pre_xx_5820,chr11,6606675,6607268,593
pre_xx_5821,chr11,6611347,6613092,1745
pre_xx_5822,chr11,6618055,6619707,1652
pre_xx_5823,chr11,6629567,6631144,1577
pre_xx_5824,chr11,6654423,6656354,1931
pre_xx_5825,chr11,6681990,6683765,1775
pre_xx_5826,chr11,6925488,6927708,2220
pre_xx_5827,chr11,6992551,6993360,809
pre_xx_5828,chr11,7019505,7021422,1917
pre_xx_5829,chr11,7251314,7252985,1671
pre_xx_5830,chr11,7332509,7333500,991
pre_xx_5831,chr11,7512320,7514677,2357
pre_xx_5832,chr11,7571524,7572343,819
pre_xx_5833,chr11,7575763,7578479,2716
pre_xx_5834,chr11,7672805,7674496,1691
pre_xx_5835,chr11,7677172,7678345,1173
pre_xx_5836,chr11,7986608,7987686,1078
pre_xx_5837,chr11,8018063,8020623,2560
pre_xx_5838,chr11,8032889,8033858,969
pre_xx_5839,chr11,8067705,8069654,1949
pre_xx_5840,chr11,8080317,8082069,1752
pre_xx_5841,chr11,8167838,8169436,1598
pre_xx_5842,chr11,8205968,8207265,1297
pre_xx_5843,chr11,8228853,8229861,1008
pre_xx_5844,chr11,8262250,8264097,1847
pre_xx_5845,chr11,8267723,8269345,1622
pre_xx_5846,chr11,8282472,8284428,1956
pre_xx_5847,chr11,8314554,8315234,680
pre_xx_5848,chr11,8328469,8329504,1035
pre_xx_5849,chr11,8354391,8355199,808
pre_xx_5850,chr11,8356572,8357796,1224
pre_xx_5851,chr11,8384159,8384839,680
pre_xx_5852,chr11,8593214,8594931,1717
pre_xx_5853,chr11,8681939,8683764,1825
pre_xx_5854,chr11,8688057,8689423,1366
pre_xx_5855,chr11,8698722,8699558,836
pre_xx_5856,chr11,8707183,8708206,1023
pre_xx_5857,chr11,8708783,8709663,880
pre_xx_5858,chr11,8714765,8716099,1334
pre_xx_5859,chr11,8719992,8722531,2539
pre_xx_5860,chr11,8726811,8729071,2260
pre_xx_5861,chr11,8745253,8746763,1510
pre_xx_5862,chr11,8766393,8768321,1928
pre_xx_5863,chr11,8775110,8776022,912
pre_xx_5864,chr11,8778013,8778973,960
pre_xx_5865,chr11,8786674,8788063,1389
pre_xx_5866,chr11,8794199,8795136,937
pre_xx_5867,chr11,8800211,8801498,1287
pre_xx_5868,chr11,8807347,8808164,817
pre_xx_5869,chr11,8809121,8811287,2166
pre_xx_5870,chr11,8870020,8871675,1655
pre_xx_5871,chr11,8909876,8911934,2058
pre_xx_5872,chr11,8914044,8914710,666
pre_xx_5873,chr11,8917217,8917821,604
pre_xx_5874,chr11,8934617,8935466,849
pre_xx_5875,chr11,8963442,8965391,1949
pre_xx_5876,chr11,9003128,9004950,1822
pre_xx_5877,chr11,9090543,9091991,1448
pre_xx_5878,chr11,9137316,9138549,1233
pre_xx_5879,chr11,9263809,9266086,2277
pre_xx_5880,chr11,9313761,9315457,1696
pre_xx_5881,chr11,9363743,9365167,1424
pre_xx_5882,chr11,9384113,9385868,1755
pre_xx_5883,chr11,9459371,9461651,2280
pre_xx_5884,chr11,9506274,9507107,833
pre_xx_5885,chr11,9528612,9530670,2058
pre_xx_5886,chr11,9572561,9575863,3302
pre_xx_5887,chr11,9612776,9614656,1880
pre_xx_5888,chr11,9663338,9665140,1802
pre_xx_5889,chr11,9757807,9759509,1702
pre_xx_5890,chr11,10293248,10294990,1742
pre_xx_5891,chr11,10302351,10303459,1108
pre_xx_5892,chr11,10304490,10305729,1239
pre_xx_5893,chr11,10307315,10308313,998
pre_xx_5894,chr11,10309150,10309776,626
pre_xx_5895,chr11,10449733,10451435,1702
pre_xx_5896,chr11,10454497,10456987,2490
pre_xx_5897,chr11,10540092,10541615,1523
pre_xx_5898,chr11,10735147,10736325,1178
pre_xx_5899,chr11,10750407,10752029,1622
pre_xx_5900,chr11,10791653,10793048,1395
pre_xx_5901,chr11,10794555,10796766,2211
pre_xx_5902,chr11,10807506,10810089,2583
pre_xx_5903,chr11,10822249,10824081,1832
pre_xx_5904,chr11,10856661,10859143,2482
pre_xx_5905,chr11,10899254,10901052,1798
pre_xx_5906,chr11,10930537,10932375,1838
pre_xx_5907,chr11,10933751,10934721,970
pre_xx_5908,chr11,11074545,11076121,1576
pre_xx_5909,chr11,11348393,11350489,2096
pre_xx_5910,chr11,11409603,11410383,780
pre_xx_5911,chr11,11501749,11503051,1302
pre_xx_5912,chr11,11537365,11539362,1997
pre_xx_5913,chr11,11619992,11622509,2517
pre_xx_5914,chr11,11840969,11843030,2061
pre_xx_5915,chr11,12007791,12009870,2079
pre_xx_5916,chr11,12043859,12044799,940
pre_xx_5917,chr11,12047083,12047764,681
pre_xx_5918,chr11,12094701,12095695,994
pre_xx_5919,chr11,12102764,12104232,1468
pre_xx_5920,chr11,12109824,12111757,1933
pre_xx_5921,chr11,12118865,12121775,2910
pre_xx_5922,chr11,12158899,12160176,1277
pre_xx_5923,chr11,12181605,12183523,1918
pre_xx_5924,chr11,12199547,12201681,2134
pre_xx_5925,chr11,12235297,12236845,1548
pre_xx_5926,chr11,12249168,12250195,1027
pre_xx_5927,chr11,12281451,12282180,729
pre_xx_5928,chr11,12330336,12331681,1345
pre_xx_5929,chr11,12376950,12378510,1560
pre_xx_5930,chr11,12432939,12434521,1582
pre_xx_5931,chr11,12540729,12542788,2059
pre_xx_5932,chr11,12556032,12557296,1264
pre_xx_5933,chr11,12673603,12675550,1947
pre_xx_5934,chr11,12675944,12676536,592
pre_xx_5935,chr11,12692271,12694392,2121
pre_xx_5936,chr11,12706502,12708465,1963
pre_xx_5937,chr11,12723287,12724966,1679
pre_xx_5938,chr11,12727376,12729186,1810
pre_xx_5939,chr11,12746423,12747277,854
pre_xx_5940,chr11,12761994,12763065,1071
pre_xx_5941,chr11,12800065,12800733,668
pre_xx_5942,chr11,12802460,12803399,939
pre_xx_5943,chr11,12812898,12815562,2664
pre_xx_5944,chr11,12827618,12829682,2064
pre_xx_5945,chr11,12841868,12842664,796
pre_xx_5946,chr11,12862656,12863989,1333
pre_xx_5947,chr11,12864413,12865192,779
pre_xx_5948,chr11,12893231,12894396,1165
pre_xx_5949,chr11,13008527,13011294,2767
pre_xx_5950,chr11,13276519,13279175,2656
pre_xx_5951,chr11,13439790,13440790,1000
pre_xx_5952,chr11,13462336,13464027,1691
pre_xx_5953,chr11,13667747,13669839,2092
pre_xx_5954,chr11,13962150,13964817,2667
pre_xx_5955,chr11,14357710,14359426,1716
pre_xx_5956,chr11,14380615,14381659,1044
pre_xx_5957,chr11,14422136,14423168,1032
pre_xx_5958,chr11,14498992,14500898,1906
pre_xx_5959,chr11,14519497,14520920,1423
pre_xx_5960,chr11,14643072,14645421,2349
pre_xx_5961,chr11,14890819,14892603,1784
pre_xx_5962,chr11,14904665,14906381,1716
pre_xx_5963,chr11,14973507,14975533,2026
pre_xx_5964,chr11,15073147,15075254,2107
pre_xx_5965,chr11,15114250,15115261,1011
pre_xx_5966,chr11,15327417,15328237,820
pre_xx_5967,chr11,15590941,15592537,1596
pre_xx_5968,chr11,15602200,15603692,1492
pre_xx_5969,chr11,15649678,15650990,1312
pre_xx_5970,chr11,15783117,15784947,1830
pre_xx_5971,chr11,15910175,15912016,1841
pre_xx_5972,chr11,16191101,16192226,1125
pre_xx_5973,chr11,16225455,16226703,1248
pre_xx_5974,chr11,16603580,16608049,4469
pre_xx_5975,chr11,16611811,16612292,481
pre_xx_5976,chr11,16612593,16614417,1824
pre_xx_5977,chr11,16737675,16740014,2339
pre_xx_5978,chr11,16820094,16821014,920
pre_xx_5979,chr11,16878503,16879753,1250
pre_xx_5980,chr11,16880124,16881936,1812
pre_xx_5981,chr11,16911595,16913291,1696
pre_xx_5982,chr11,16923795,16926343,2548
pre_xx_5983,chr11,16933524,16934463,939
pre_xx_5984,chr11,16935678,16937234,1556
pre_xx_5985,chr11,16986404,16988024,1620
pre_xx_5986,chr11,17012876,17015304,2428
pre_xx_5987,chr11,17076577,17078645,2068
pre_xx_5988,chr11,17206659,17209549,2890
pre_xx_5989,chr11,17276105,17277592,1487
pre_xx_5990,chr11,17351316,17353926,2610
pre_xx_5991,chr11,17388587,17390014,1427
pre_xx_5992,chr11,17475896,17477227,1331
pre_xx_5993,chr11,17527993,17529294,1301
pre_xx_5994,chr11,17529533,17530292,759
pre_xx_5995,chr11,17718734,17721633,2899
pre_xx_5996,chr11,17730600,17731451,851
pre_xx_5997,chr11,17734334,17736152,1818
pre_xx_5998,chr11,17812790,17814021,1231
pre_xx_5999,chr11,17992613,17993703,1090
pre_xx_6000,chr11,18012080,18014134,2054
pre_xx_6001,chr11,18045583,18046769,1186
pre_xx_6002,chr11,18105206,18106417,1211
pre_xx_6003,chr11,18321405,18323468,2063
pre_xx_6004,chr11,18383281,18384802,1521
pre_xx_6005,chr11,18393952,18396584,2632
pre_xx_6006,chr11,18406898,18409298,2400
pre_xx_6007,chr11,18525960,18528035,2075
pre_xx_6008,chr11,18587670,18589535,1865
pre_xx_6009,chr11,18633308,18635037,1729
pre_xx_6010,chr11,18698132,18700293,2161
pre_xx_6011,chr11,18705515,18707200,1685
pre_xx_6012,chr11,18720335,18722359,2024
pre_xx_6013,chr11,18757156,18758766,1610
pre_xx_6014,chr11,18790875,18792746,1871
pre_xx_6015,chr11,19070983,19071938,955
pre_xx_6016,chr11,19109925,19110739,814
pre_xx_6017,chr11,19116450,19117956,1506
pre_xx_6018,chr11,19240266,19242875,2609
pre_xx_6019,chr11,19344667,19346769,2102
pre_xx_6020,chr11,19398338,19399657,1319
pre_xx_6021,chr11,19563984,19564880,896
pre_xx_6022,chr11,19711864,19713679,1815
pre_xx_6023,chr11,19714039,19715651,1612
pre_xx_6024,chr11,19776368,19778216,1848
pre_xx_6025,chr11,19846317,19848436,2119
pre_xx_6026,chr11,19903222,19904098,876
pre_xx_6027,chr11,19911736,19914080,2344
pre_xx_6028,chr11,19951019,19952834,1815
pre_xx_6029,chr11,19999974,20001194,1220
pre_xx_6030,chr11,20013292,20014444,1152
pre_xx_6031,chr11,20015031,20016577,1546
pre_xx_6032,chr11,20021853,20023404,1551
pre_xx_6033,chr11,20027054,20027930,876
pre_xx_6034,chr11,20089420,20091432,2012
pre_xx_6035,chr11,20099991,20101029,1038
pre_xx_6036,chr11,20110410,20111210,800
pre_xx_6037,chr11,20127401,20128590,1189
pre_xx_6038,chr11,20131749,20132750,1001
pre_xx_6039,chr11,20158486,20158978,492
pre_xx_6040,chr11,20162839,20164134,1295
pre_xx_6041,chr11,20207010,20209257,2247
pre_xx_6042,chr11,20363323,20364631,1308
pre_xx_6043,chr11,20386760,20388980,2220
pre_xx_6044,chr11,20596363,20597644,1281
pre_xx_6045,chr11,20599525,20600051,526
pre_xx_6046,chr11,20609803,20610670,867
pre_xx_6047,chr11,20668756,20671426,2670
pre_xx_6048,chr11,22192298,22194179,1881
pre_xx_6049,chr11,22431966,22433430,1464
pre_xx_6050,chr11,22491059,22492413,1354
pre_xx_6051,chr11,22624633,22626274,1641
pre_xx_6052,chr11,22665911,22667416,1505
pre_xx_6053,chr11,22702602,22703967,1365
pre_xx_6054,chr11,22828870,22830245,1375
pre_xx_6055,chr11,24077919,24079218,1299
pre_xx_6056,chr11,24092689,24093829,1140
pre_xx_6057,chr11,24496242,24497800,1558
pre_xx_6058,chr11,24987211,24988052,841
pre_xx_6059,chr11,26283975,26285156,1181
pre_xx_6060,chr11,26331577,26332822,1245
pre_xx_6061,chr11,26993710,26995068,1358
pre_xx_6062,chr11,27201114,27202664,1550
pre_xx_6063,chr11,27215625,27216836,1211
pre_xx_6064,chr11,27328233,27329068,835
pre_xx_6065,chr11,27362184,27363864,1680
pre_xx_6066,chr11,27394996,27396367,1371
pre_xx_6067,chr11,27470781,27473553,2772
pre_xx_6068,chr11,27505749,27507205,1456
pre_xx_6069,chr11,27698719,27701792,3073
pre_xx_6070,chr11,27718037,27719662,1625
pre_xx_6071,chr11,27722106,27723167,1061
pre_xx_6072,chr11,28107215,28108598,1383
pre_xx_6073,chr11,28109971,28111073,1102
pre_xx_6074,chr11,28566004,28567217,1213
pre_xx_6075,chr11,28760696,28761658,962
pre_xx_6076,chr11,29780273,29781633,1360
pre_xx_6077,chr11,29963050,29964886,1836
pre_xx_6078,chr11,30015713,30018028,2315
pre_xx_6079,chr11,30322233,30323944,1711
pre_xx_6080,chr11,30406704,30407789,1085
pre_xx_6081,chr11,30422196,30423614,1418
pre_xx_6082,chr11,30583662,30586927,3265
pre_xx_6083,chr11,31368896,31370480,1584
pre_xx_6084,chr11,31508872,31510758,1886
pre_xx_6085,chr11,31796817,31799780,2963
pre_xx_6086,chr11,31804439,31806332,1893
pre_xx_6087,chr11,31809863,31810676,813
pre_xx_6088,chr11,31810988,31812223,1235
pre_xx_6089,chr11,32090349,32092081,1732
pre_xx_6090,chr11,32332500,32334079,1579
pre_xx_6091,chr11,32381161,32382880,1719
pre_xx_6092,chr11,32388944,32390612,1668
pre_xx_6093,chr11,32425950,32427523,1573
pre_xx_6094,chr11,32430614,32431350,736
pre_xx_6095,chr11,32434435,32434773,338
pre_xx_6096,chr11,32435084,32436529,1445
pre_xx_6097,chr11,32437787,32438166,379
pre_xx_6098,chr11,32438922,32439993,1071
pre_xx_6099,chr11,32440566,32441257,691
pre_xx_6100,chr11,32466069,32466955,886
pre_xx_6101,chr11,32477433,32479581,2148
pre_xx_6102,chr11,32494057,32495337,1280
pre_xx_6103,chr11,32499248,32500869,1621
pre_xx_6104,chr11,32512810,32513448,638
pre_xx_6105,chr11,32562483,32564086,1603
pre_xx_6106,chr11,32570524,32571771,1247
pre_xx_6107,chr11,32583135,32585550,2415
pre_xx_6108,chr11,32792381,32793418,1037
pre_xx_6109,chr11,32829156,32830628,1472
pre_xx_6110,chr11,32891881,32894536,2655
pre_xx_6111,chr11,33015306,33016626,1320
pre_xx_6112,chr11,33038818,33040629,1811
pre_xx_6113,chr11,33159628,33160498,870
pre_xx_6114,chr11,33160741,33161857,1116
pre_xx_6115,chr11,33256672,33259091,2419
pre_xx_6116,chr11,33375351,33378230,2879
pre_xx_6117,chr11,33474693,33476653,1960
pre_xx_6118,chr11,33691824,33692957,1133
pre_xx_6119,chr11,33699872,33701562,1690
pre_xx_6120,chr11,33734064,33737276,3212
pre_xx_6121,chr11,33773379,33775241,1862
pre_xx_6122,chr11,33801380,33802987,1607
pre_xx_6123,chr11,33828566,33829881,1315
pre_xx_6124,chr11,33867989,33870819,2830
pre_xx_6125,chr11,33996385,33998012,1627
pre_xx_6126,chr11,34050737,34053785,3048
pre_xx_6127,chr11,34104554,34106403,1849
pre_xx_6128,chr11,34174027,34175116,1089
pre_xx_6129,chr11,34356598,34359574,2976
pre_xx_6130,chr11,34438269,34440068,1799
pre_xx_6131,chr11,34585639,34586821,1182
pre_xx_6132,chr11,34600222,34601600,1378
pre_xx_6133,chr11,34631655,34632850,1195
pre_xx_6134,chr11,34915142,34917599,2457
pre_xx_6135,chr11,35138399,35140296,1897
pre_xx_6136,chr11,35189992,35191343,1351
pre_xx_6137,chr11,35265635,35266902,1267
pre_xx_6138,chr11,35391987,35392751,764
pre_xx_6139,chr11,35418118,35420514,2396
pre_xx_6140,chr11,35477398,35479237,1839
pre_xx_6141,chr11,35524951,35526815,1864
pre_xx_6142,chr11,35617624,35620547,2923
pre_xx_6143,chr11,35661766,35663466,1700
pre_xx_6144,chr11,35681900,35683195,1295
pre_xx_6145,chr11,35821544,35822481,937
pre_xx_6146,chr11,35943415,35945196,1781
pre_xx_6147,chr11,36053219,36054539,1320
pre_xx_6148,chr11,36069009,36070208,1199
pre_xx_6149,chr11,36104544,36105696,1152
pre_xx_6150,chr11,36109718,36111351,1633
pre_xx_6151,chr11,36253000,36253671,671
pre_xx_6152,chr11,36257056,36259302,2246
pre_xx_6153,chr11,36288600,36289919,1319
pre_xx_6154,chr11,36300291,36301532,1241
pre_xx_6155,chr11,36375810,36378294,2484
pre_xx_6156,chr11,36508737,36510961,2224
pre_xx_6157,chr11,36564199,36565543,1344
pre_xx_6158,chr11,36594037,36595198,1161
pre_xx_6159,chr11,36702245,36703302,1057
pre_xx_6160,chr11,36746880,36747464,584
pre_xx_6161,chr11,37573996,37574801,805
pre_xx_6162,chr11,37907273,37908701,1428
pre_xx_6163,chr11,39209865,39210964,1099
pre_xx_6164,chr11,40280051,40282048,1997
pre_xx_6165,chr11,40292677,40294428,1751
pre_xx_6166,chr11,41458187,41460725,2538
pre_xx_6167,chr11,43311430,43313453,2023
pre_xx_6168,chr11,43357903,43360066,2163
pre_xx_6169,chr11,43546934,43548627,1693
pre_xx_6170,chr11,43555242,43558766,3524
pre_xx_6171,chr11,43574786,43576673,1887
pre_xx_6172,chr11,43576796,43577338,542
pre_xx_6173,chr11,43579016,43579915,899
pre_xx_6174,chr11,43580763,43581429,666
pre_xx_6175,chr11,43643635,43645133,1498
pre_xx_6176,chr11,43680093,43681875,1782
pre_xx_6177,chr11,43738297,43739366,1069
pre_xx_6178,chr11,43746682,43747938,1256
pre_xx_6179,chr11,43880223,43881596,1373
pre_xx_6180,chr11,43941549,43945161,3612
pre_xx_6181,chr11,43984450,43985516,1066
pre_xx_6182,chr11,43987235,43988332,1097
pre_xx_6183,chr11,44036935,44037755,820
pre_xx_6184,chr11,44065504,44067001,1497
pre_xx_6185,chr11,44095253,44096668,1415
pre_xx_6186,chr11,44305389,44306267,878
pre_xx_6187,chr11,44309130,44311142,2012
pre_xx_6188,chr11,44316013,44317227,1214
pre_xx_6189,chr11,44318959,44320340,1381
pre_xx_6190,chr11,44537958,44538806,848
pre_xx_6191,chr11,44564026,44565979,1953
pre_xx_6192,chr11,44607633,44608473,840
pre_xx_6193,chr11,44620962,44621656,694
pre_xx_6194,chr11,44627223,44628571,1348
pre_xx_6195,chr11,44634066,44635325,1259
pre_xx_6196,chr11,44699759,44701642,1883
pre_xx_6197,chr11,44726155,44728255,2100
pre_xx_6198,chr11,44754689,44756010,1321
pre_xx_6199,chr11,44760297,44761973,1676
pre_xx_6200,chr11,44765926,44767276,1350
pre_xx_6201,chr11,44804297,44805568,1271
pre_xx_6202,chr11,44876809,44879040,2231
pre_xx_6203,chr11,44893185,44894800,1615
pre_xx_6204,chr11,44910809,44911964,1155
pre_xx_6205,chr11,44936276,44937112,836
pre_xx_6206,chr11,44949113,44951195,2082
pre_xx_6207,chr11,44978483,44980317,1834
pre_xx_6208,chr11,45097601,45098276,675
pre_xx_6209,chr11,45105290,45105888,598
pre_xx_6210,chr11,45145323,45147991,2668
pre_xx_6211,chr11,45157868,45159438,1570
pre_xx_6212,chr11,45168072,45169736,1664
pre_xx_6213,chr11,45179831,45182027,2196
pre_xx_6214,chr11,45208818,45210731,1913
pre_xx_6215,chr11,45285123,45286730,1607
pre_xx_6216,chr11,45339612,45340710,1098
pre_xx_6217,chr11,45354915,45356577,1662
pre_xx_6218,chr11,45370923,45372077,1154
pre_xx_6219,chr11,45390577,45391981,1404
pre_xx_6220,chr11,45559817,45561266,1449
pre_xx_6221,chr11,45655056,45655694,638
pre_xx_6222,chr11,45658374,45659049,675
pre_xx_6223,chr11,45662658,45663308,650
pre_xx_6224,chr11,45664383,45666108,1725
pre_xx_6225,chr11,45694645,45695612,967
pre_xx_6226,chr11,45754023,45755941,1918
pre_xx_6227,chr11,45771041,45772311,1270
pre_xx_6228,chr11,45803801,45805938,2137
pre_xx_6229,chr11,45823042,45824285,1243
pre_xx_6230,chr11,45842979,45843650,671
pre_xx_6231,chr11,45846835,45848303,1468
pre_xx_6232,chr11,45857812,45858734,922
pre_xx_6233,chr11,45859153,45860272,1119
pre_xx_6234,chr11,45880001,45881641,1640
pre_xx_6235,chr11,45885083,45886576,1493
pre_xx_6236,chr11,45896184,45896983,799
pre_xx_6237,chr11,45899205,45900746,1541
pre_xx_6238,chr11,45917251,45918967,1716
pre_xx_6239,chr11,45921488,45923469,1981
pre_xx_6240,chr11,45964471,45965625,1154
pre_xx_6241,chr11,46049437,46051452,2015
pre_xx_6242,chr11,46119226,46122527,3301
pre_xx_6243,chr11,46159540,46160609,1069
pre_xx_6244,chr11,46237093,46239518,2425
pre_xx_6245,chr11,46242813,46243960,1147
pre_xx_6246,chr11,46271835,46273286,1451
pre_xx_6247,chr11,46277310,46279055,1745
pre_xx_6248,chr11,46280966,46281900,934
pre_xx_6249,chr11,46289919,46291197,1278
pre_xx_6250,chr11,46294614,46297294,2680
pre_xx_6251,chr11,46314944,46316465,1521
pre_xx_6252,chr11,46330353,46331177,824
pre_xx_6253,chr11,46332286,46333712,1426
pre_xx_6254,chr11,46346828,46348221,1393
pre_xx_6255,chr11,46351980,46352802,822
pre_xx_6256,chr11,46360954,46362103,1149
pre_xx_6257,chr11,46366385,46367920,1535
pre_xx_6258,chr11,46369161,46369944,783
pre_xx_6259,chr11,46379350,46379936,586
pre_xx_6260,chr11,46380192,46382645,2453
pre_xx_6261,chr11,46389187,46390027,840
pre_xx_6262,chr11,46391235,46393129,1894
pre_xx_6263,chr11,46413908,46415246,1338
pre_xx_6264,chr11,46537150,46538194,1044
pre_xx_6265,chr11,46592718,46594330,1612
pre_xx_6266,chr11,46599374,46601472,2098
pre_xx_6267,chr11,46616504,46618290,1786
pre_xx_6268,chr11,46648581,46650192,1611
pre_xx_6269,chr11,46700007,46701735,1728
pre_xx_6270,chr11,46825936,46827247,1311
pre_xx_6271,chr11,46845218,46846773,1555
pre_xx_6272,chr11,46854280,46855906,1626
pre_xx_6273,chr11,46865027,46865919,892
pre_xx_6274,chr11,46912304,46913261,957
pre_xx_6275,chr11,46916322,46919130,2808
pre_xx_6276,chr11,46935949,46937664,1715
pre_xx_6277,chr11,47099136,47100038,902
pre_xx_6278,chr11,47148929,47149586,657
pre_xx_6279,chr11,47152702,47153649,947
pre_xx_6280,chr11,47160806,47162982,2176
pre_xx_6281,chr11,47176126,47177987,1861
pre_xx_6282,chr11,47185137,47187700,2563
pre_xx_6283,chr11,47213871,47215641,1770
pre_xx_6284,chr11,47215948,47216764,816
pre_xx_6285,chr11,47233833,47235320,1487
pre_xx_6286,chr11,47247938,47249434,1496
pre_xx_6287,chr11,47257165,47258318,1153
pre_xx_6288,chr11,47268596,47271191,2595
pre_xx_6289,chr11,47350641,47352098,1457
pre_xx_6290,chr11,47354664,47355876,1212
pre_xx_6291,chr11,47399545,47401228,1683
pre_xx_6292,chr11,47407626,47409408,1782
pre_xx_6293,chr11,47415540,47416532,992
pre_xx_6294,chr11,47417420,47419053,1633
pre_xx_6295,chr11,47425705,47427340,1635
pre_xx_6296,chr11,47466189,47467739,1550
pre_xx_6297,chr11,47495022,47496134,1112
pre_xx_6298,chr11,47523205,47524941,1736
pre_xx_6299,chr11,47539523,47540583,1060
pre_xx_6300,chr11,47551868,47553697,1829
pre_xx_6301,chr11,47564926,47566768,1842
pre_xx_6302,chr11,47577381,47579560,2179
pre_xx_6303,chr11,47589025,47590910,1885
pre_xx_6304,chr11,47593496,47594732,1236
pre_xx_6305,chr11,47641565,47643255,1690
pre_xx_6306,chr11,47714469,47715736,1267
pre_xx_6307,chr11,47765963,47768621,2658
pre_xx_6308,chr11,47791835,47793135,1300
pre_xx_6309,chr11,47837105,47838035,930
pre_xx_6310,chr11,47847541,47849179,1638
pre_xx_6311,chr11,47917390,47918661,1271
pre_xx_6312,chr11,47979201,47981701,2500
pre_xx_6313,chr11,48087864,48089007,1143
pre_xx_6314,chr11,48108954,48110805,1851
pre_xx_6315,chr11,48172713,48173695,982
pre_xx_6316,chr11,49207764,49208825,1061
pre_xx_6317,chr11,55956180,55956978,798
pre_xx_6318,chr11,56817405,56818301,896
pre_xx_6319,chr11,56846700,56847869,1169
pre_xx_6320,chr11,57179527,57182083,2556
pre_xx_6321,chr11,57212933,57214843,1910
pre_xx_6322,chr11,57241658,57242917,1259
pre_xx_6323,chr11,57248849,57250037,1188
pre_xx_6324,chr11,57277340,57278550,1210
pre_xx_6325,chr11,57310593,57311911,1318
pre_xx_6326,chr11,57321791,57322899,1108
pre_xx_6327,chr11,57323612,57325939,2327
pre_xx_6328,chr11,57334950,57336375,1425
pre_xx_6329,chr11,57349450,57350164,714
pre_xx_6330,chr11,57426040,57427958,1918
pre_xx_6331,chr11,57457073,57457679,606
pre_xx_6332,chr11,57458118,57459510,1392
pre_xx_6333,chr11,57459709,57461284,1575
pre_xx_6334,chr11,57476010,57477208,1198
pre_xx_6335,chr11,57482032,57483555,1523
pre_xx_6336,chr11,57499160,57500652,1492
pre_xx_6337,chr11,57513968,57516126,2158
pre_xx_6338,chr11,57530053,57531629,1576
pre_xx_6339,chr11,57566952,57568620,1668
pre_xx_6340,chr11,57584274,57585670,1396
pre_xx_6341,chr11,57597216,57599755,2539
pre_xx_6342,chr11,57637452,57640228,2776
pre_xx_6343,chr11,57644788,57645702,914
pre_xx_6344,chr11,57648027,57648928,901
pre_xx_6345,chr11,57649126,57650282,1156
pre_xx_6346,chr11,57656877,57658328,1451
pre_xx_6347,chr11,57666653,57668998,2345
pre_xx_6348,chr11,57711373,57713099,1726
pre_xx_6349,chr11,57740823,57742388,1565
pre_xx_6350,chr11,57750989,57752216,1227
pre_xx_6351,chr11,57761205,57762142,937
pre_xx_6352,chr11,57763302,57765232,1930
pre_xx_6353,chr11,57777671,57779092,1421
pre_xx_6354,chr11,57779200,57779770,570
pre_xx_6355,chr11,57800316,57801078,762
pre_xx_6356,chr11,58058268,58059358,1090
pre_xx_6357,chr11,58523960,58525821,1861
pre_xx_6358,chr11,58577499,58580108,2609
pre_xx_6359,chr11,58639763,58641675,1912
pre_xx_6360,chr11,58900167,58901200,1033
pre_xx_6361,chr11,58904985,58906315,1330
pre_xx_6362,chr11,58926888,58928465,1577
pre_xx_6363,chr11,58963264,58964133,869
pre_xx_6364,chr11,59057775,59058781,1006
pre_xx_6365,chr11,59101647,59102534,887
pre_xx_6366,chr11,59106241,59107842,1601
pre_xx_6367,chr11,59135697,59137067,1370
pre_xx_6368,chr11,59141972,59143518,1546
pre_xx_6369,chr11,59144268,59145111,843
pre_xx_6370,chr11,59157858,59158824,966
pre_xx_6371,chr11,59171428,59174490,3062
pre_xx_6372,chr11,59207517,59208929,1412
pre_xx_6373,chr11,59536664,59538099,1435
pre_xx_6374,chr11,59549635,59552160,2525
pre_xx_6375,chr11,59559907,59561447,1540
pre_xx_6376,chr11,59565602,59566646,1044
pre_xx_6377,chr11,59614680,59616787,2107
pre_xx_6378,chr11,59667945,59669970,2025
pre_xx_6379,chr11,59753658,59756214,2556
pre_xx_6380,chr11,59809433,59811147,1714
pre_xx_6381,chr11,59822488,59823356,868
pre_xx_6382,chr11,60071100,60072324,1224
pre_xx_6383,chr11,60193478,60194883,1405
pre_xx_6384,chr11,60250851,60253005,2154
pre_xx_6385,chr11,60617944,60619031,1087
pre_xx_6386,chr11,60775171,60776023,852
pre_xx_6387,chr11,60830679,60831887,1208
pre_xx_6388,chr11,60841435,60843267,1832
pre_xx_6389,chr11,60851894,60853326,1432
pre_xx_6390,chr11,60900758,60901383,625
pre_xx_6391,chr11,60905201,60907084,1883
pre_xx_6392,chr11,60913447,60915916,2469
pre_xx_6393,chr11,60923324,60925840,2516
pre_xx_6394,chr11,60950753,60952773,2020
pre_xx_6395,chr11,60992792,60994020,1228
pre_xx_6396,chr11,61003952,61005598,1646
pre_xx_6397,chr11,61007359,61008700,1341
pre_xx_6398,chr11,61120509,61121665,1156
pre_xx_6399,chr11,61129399,61130650,1251
pre_xx_6400,chr11,61141330,61142119,789
pre_xx_6401,chr11,61149534,61151228,1694
pre_xx_6402,chr11,61160539,61162438,1899
pre_xx_6403,chr11,61193359,61194727,1368
pre_xx_6404,chr11,61293553,61295754,2201
pre_xx_6405,chr11,61331829,61333699,1870
pre_xx_6406,chr11,61334497,61335416,919
pre_xx_6407,chr11,61336086,61336529,443
pre_xx_6408,chr11,61361126,61362863,1737
pre_xx_6409,chr11,61384513,61385933,1420
pre_xx_6410,chr11,61391702,61393587,1885
pre_xx_6411,chr11,61429064,61430508,1444
pre_xx_6412,chr11,61445805,61446585,780
pre_xx_6413,chr11,61488515,61489272,757
pre_xx_6414,chr11,61507931,61509825,1894
pre_xx_6415,chr11,61516150,61517299,1149
pre_xx_6416,chr11,61541409,61543029,1620
pre_xx_6417,chr11,61554538,61556015,1477
pre_xx_6418,chr11,61566865,61567975,1110
pre_xx_6419,chr11,61569414,61570225,811
pre_xx_6420,chr11,61580002,61581724,1722
pre_xx_6421,chr11,61586941,61589194,2253
pre_xx_6422,chr11,61594274,61596130,1856
pre_xx_6423,chr11,61598886,61599832,946
pre_xx_6424,chr11,61602756,61603808,1052
pre_xx_6425,chr11,61627752,61629074,1322
pre_xx_6426,chr11,61638014,61638775,761
pre_xx_6427,chr11,61679151,61680877,1726
pre_xx_6428,chr11,61683896,61685019,1123
pre_xx_6429,chr11,61693720,61694338,618
pre_xx_6430,chr11,61694833,61697423,2590
pre_xx_6431,chr11,61717755,61719243,1488
pre_xx_6432,chr11,61730002,61730786,784
pre_xx_6433,chr11,61732767,61733785,1018
pre_xx_6434,chr11,61745490,61746401,911
pre_xx_6435,chr11,61747528,61748051,523
pre_xx_6436,chr11,61749463,61750130,667
pre_xx_6437,chr11,61752188,61753064,876
pre_xx_6438,chr11,61754328,61755456,1128
pre_xx_6439,chr11,61761995,61763255,1260
pre_xx_6440,chr11,61764435,61765878,1443
pre_xx_6441,chr11,61765904,61766690,786
pre_xx_6442,chr11,61768894,61770058,1164
pre_xx_6443,chr11,61771789,61772475,686
pre_xx_6444,chr11,61774362,61774878,516
pre_xx_6445,chr11,61776457,61777776,1319
pre_xx_6446,chr11,61791664,61793413,1749
pre_xx_6447,chr11,61797052,61797883,831
pre_xx_6448,chr11,61814554,61817450,2896
pre_xx_6449,chr11,61827013,61829383,2370
pre_xx_6450,chr11,61870564,61871649,1085
pre_xx_6451,chr11,61890442,61892326,1884
pre_xx_6452,chr11,61898864,61899856,992
pre_xx_6453,chr11,61916305,61918081,1776
pre_xx_6454,chr11,61922467,61924133,1666
pre_xx_6455,chr11,61947384,61948011,627
pre_xx_6456,chr11,61948642,61950385,1743
pre_xx_6457,chr11,61954733,61956215,1482
pre_xx_6458,chr11,61961376,61964425,3049
pre_xx_6459,chr11,61966603,61968498,1895
pre_xx_6460,chr11,61971183,61972314,1131
pre_xx_6461,chr11,62041810,62043135,1325
pre_xx_6462,chr11,62081501,62082399,898
pre_xx_6463,chr11,62104752,62106233,1481
pre_xx_6464,chr11,62112099,62112996,897
pre_xx_6465,chr11,62123280,62125114,1834
pre_xx_6466,chr11,62170913,62171910,997
pre_xx_6467,chr11,62310819,62311544,725
pre_xx_6468,chr11,62336926,62338211,1285
pre_xx_6469,chr11,62380593,62381577,984
pre_xx_6470,chr11,62394643,62395480,837
pre_xx_6471,chr11,62399753,62401132,1379
pre_xx_6472,chr11,62424333,62425052,719
pre_xx_6473,chr11,62435770,62436574,804
pre_xx_6474,chr11,62443665,62445688,2023
pre_xx_6475,chr11,62504236,62506042,1806
pre_xx_6476,chr11,62508270,62509008,738
pre_xx_6477,chr11,62538932,62539713,781
pre_xx_6478,chr11,62542578,62543235,657
pre_xx_6479,chr11,62545094,62547953,2859
pre_xx_6480,chr11,62551629,62552106,477
pre_xx_6481,chr11,62552516,62553784,1268
pre_xx_6482,chr11,62555310,62556827,1517
pre_xx_6483,chr11,62560308,62560994,686
pre_xx_6484,chr11,62561399,62562617,1218
pre_xx_6485,chr11,62572963,62575609,2646
pre_xx_6486,chr11,62590822,62592735,1913
pre_xx_6487,chr11,62598842,62599499,657
pre_xx_6488,chr11,62600919,62603080,2161
pre_xx_6489,chr11,62604639,62605111,472
pre_xx_6490,chr11,62611368,62614632,3264
pre_xx_6491,chr11,62621283,62622803,1520
pre_xx_6492,chr11,62645491,62647319,1828
pre_xx_6493,chr11,62652288,62653737,1449
pre_xx_6494,chr11,62664443,62666476,2033
pre_xx_6495,chr11,62670982,62672574,1592
pre_xx_6496,chr11,62678378,62679625,1247
pre_xx_6497,chr11,62687524,62688751,1227
pre_xx_6498,chr11,62705349,62707706,2357
pre_xx_6499,chr11,62708882,62710110,1228
pre_xx_6500,chr11,62726452,62728991,2539
pre_xx_6501,chr11,62753313,62754607,1294
pre_xx_6502,chr11,62760924,62762118,1194
pre_xx_6503,chr11,62770598,62772031,1433
pre_xx_6504,chr11,62786285,62787905,1620
pre_xx_6505,chr11,62791141,62792503,1362
pre_xx_6506,chr11,62804062,62806014,1952
pre_xx_6507,chr11,62830702,62832814,2112
pre_xx_6508,chr11,62839003,62842746,3743
pre_xx_6509,chr11,62854951,62856731,1780
pre_xx_6510,chr11,62879673,62882069,2396
pre_xx_6511,chr11,62905795,62906336,541
pre_xx_6512,chr11,62908429,62909643,1214
pre_xx_6513,chr11,62920876,62922249,1373
pre_xx_6514,chr11,62925750,62926641,891
pre_xx_6515,chr11,62958254,62959405,1151
pre_xx_6516,chr11,62974511,62975464,953
pre_xx_6517,chr11,63015504,63016508,1004
pre_xx_6518,chr11,63017203,63018329,1126
pre_xx_6519,chr11,63023559,63024410,851
pre_xx_6520,chr11,63213622,63214842,1220
pre_xx_6521,chr11,63478472,63479327,855
pre_xx_6522,chr11,63489612,63492347,2735
pre_xx_6523,chr11,63536569,63538294,1725
pre_xx_6524,chr11,63566957,63567803,846
pre_xx_6525,chr11,63613273,63614690,1417
pre_xx_6526,chr11,63670209,63672461,2252
pre_xx_6527,chr11,63680536,63683250,2714
pre_xx_6528,chr11,63761713,63764466,2753
pre_xx_6529,chr11,63765292,63765580,288
pre_xx_6530,chr11,63767450,63770081,2631
pre_xx_6531,chr11,63812444,63814712,2268
pre_xx_6532,chr11,63838241,63840795,2554
pre_xx_6533,chr11,63871857,63873657,1800
pre_xx_6534,chr11,63887371,63888935,1564
pre_xx_6535,chr11,63907539,63910383,2844
pre_xx_6536,chr11,63916097,63918740,2643
pre_xx_6537,chr11,63918832,63919840,1008
pre_xx_6538,chr11,63920080,63920850,770
pre_xx_6539,chr11,63937866,63939911,2045
pre_xx_6540,chr11,63944944,63946247,1303
pre_xx_6541,chr11,63974051,63975178,1127
pre_xx_6542,chr11,63985487,63987147,1660
pre_xx_6543,chr11,63998784,64001185,2401
pre_xx_6544,chr11,64001898,64002682,784
pre_xx_6545,chr11,64006866,64008707,1841
pre_xx_6546,chr11,64015773,64016897,1124
pre_xx_6547,chr11,64018983,64019569,586
pre_xx_6548,chr11,64021009,64022829,1820
pre_xx_6549,chr11,64027610,64029385,1775
pre_xx_6550,chr11,64035217,64037540,2323
pre_xx_6551,chr11,64052875,64054092,1217
pre_xx_6552,chr11,64059464,64061470,2006
pre_xx_6553,chr11,64066756,64067980,1224
pre_xx_6554,chr11,64077915,64079371,1456
pre_xx_6555,chr11,64094826,64096455,1629
pre_xx_6556,chr11,64110526,64111638,1112
pre_xx_6557,chr11,64118062,64119546,1484
pre_xx_6558,chr11,64122675,64123379,704
pre_xx_6559,chr11,64147904,64148963,1059
pre_xx_6560,chr11,64150251,64151221,970
pre_xx_6561,chr11,64152886,64153398,512
pre_xx_6562,chr11,64164477,64166679,2202
pre_xx_6563,chr11,64181392,64182056,664
pre_xx_6564,chr11,64184659,64187104,2445
pre_xx_6565,chr11,64203968,64204967,999
pre_xx_6566,chr11,64225224,64226899,1675
pre_xx_6567,chr11,64229979,64231146,1167
pre_xx_6568,chr11,64233866,64235239,1373
pre_xx_6569,chr11,64237324,64237869,545
pre_xx_6570,chr11,64239961,64242158,2197
pre_xx_6571,chr11,64245616,64246355,739
pre_xx_6572,chr11,64246584,64247887,1303
pre_xx_6573,chr11,64250846,64252938,2092
pre_xx_6574,chr11,64264076,64264854,778
pre_xx_6575,chr11,64268405,64270809,2404
pre_xx_6576,chr11,64271315,64271855,540
pre_xx_6577,chr11,64284109,64286683,2574
pre_xx_6578,chr11,64291033,64293065,2032
pre_xx_6579,chr11,64299097,64299884,787
pre_xx_6580,chr11,64300163,64301324,1161
pre_xx_6581,chr11,64304312,64307143,2831
pre_xx_6582,chr11,64316856,64319065,2209
pre_xx_6583,chr11,64341744,64343267,1523
pre_xx_6584,chr11,64354790,64355592,802
pre_xx_6585,chr11,64358208,64360611,2403
pre_xx_6586,chr11,64384987,64386515,1528
pre_xx_6587,chr11,64405911,64406903,992
pre_xx_6588,chr11,64409009,64410480,1471
pre_xx_6589,chr11,64414741,64415919,1178
pre_xx_6590,chr11,64438723,64439724,1001
pre_xx_6591,chr11,64447786,64449902,2116
pre_xx_6592,chr11,64553325,64555865,2540
pre_xx_6593,chr11,64566069,64567568,1499
pre_xx_6594,chr11,64607609,64609227,1618
pre_xx_6595,chr11,64618993,64621178,2185
pre_xx_6596,chr11,64637281,64638609,1328
pre_xx_6597,chr11,64642398,64644155,1757
pre_xx_6598,chr11,64644551,64645224,673
pre_xx_6599,chr11,64648933,64649693,760
pre_xx_6600,chr11,64652848,64653597,749
pre_xx_6601,chr11,64687094,64689034,1940
pre_xx_6602,chr11,64711923,64714229,2306
pre_xx_6603,chr11,64722794,64723959,1165
pre_xx_6604,chr11,64742293,64744289,1996
pre_xx_6605,chr11,64744417,64746376,1959
pre_xx_6606,chr11,64759186,64760390,1204
pre_xx_6607,chr11,64762842,64763886,1044
pre_xx_6608,chr11,64765865,64766700,835
pre_xx_6609,chr11,64777388,64779562,2174
pre_xx_6610,chr11,64802391,64804158,1767
pre_xx_6611,chr11,64809559,64811170,1611
pre_xx_6612,chr11,64842907,64845171,2264
pre_xx_6613,chr11,64846923,64847472,549
pre_xx_6614,chr11,64862807,64864986,2179
pre_xx_6615,chr11,64868673,64870180,1507
pre_xx_6616,chr11,64870342,64871483,1141
pre_xx_6617,chr11,64876710,64879585,2875
pre_xx_6618,chr11,64887399,64889369,1970
pre_xx_6619,chr11,64916022,64918368,2346
pre_xx_6620,chr11,64923655,64925452,1797
pre_xx_6621,chr11,64935054,64936291,1237
pre_xx_6622,chr11,64971313,64972457,1144
pre_xx_6623,chr11,64996488,64997346,858
pre_xx_6624,chr11,65013260,65014940,1680
pre_xx_6625,chr11,65022820,65023929,1109
pre_xx_6626,chr11,65026977,65027975,998
pre_xx_6627,chr11,65040530,65041997,1467
pre_xx_6628,chr11,65047221,65048625,1404
pre_xx_6629,chr11,65083455,65084889,1434
pre_xx_6630,chr11,65095377,65097045,1668
pre_xx_6631,chr11,65103620,65105108,1488
pre_xx_6632,chr11,65110152,65110687,535
pre_xx_6633,chr11,65111438,65113635,2197
pre_xx_6634,chr11,65116714,65118084,1370
pre_xx_6635,chr11,65121389,65122801,1412
pre_xx_6636,chr11,65133293,65135591,2298
pre_xx_6637,chr11,65180664,65182759,2095
pre_xx_6638,chr11,65183173,65184517,1344
pre_xx_6639,chr11,65224866,65226242,1376
pre_xx_6640,chr11,65261170,65263049,1879
pre_xx_6641,chr11,65274810,65275654,844
pre_xx_6642,chr11,65314293,65315924,1631
pre_xx_6643,chr11,65316213,65317706,1493
pre_xx_6644,chr11,65333313,65335161,1848
pre_xx_6645,chr11,65353777,65356115,2338
pre_xx_6646,chr11,65366074,65367437,1363
pre_xx_6647,chr11,65375354,65376672,1318
pre_xx_6648,chr11,65381690,65383205,1515
pre_xx_6649,chr11,65386144,65387098,954
pre_xx_6650,chr11,65389935,65391404,1469
pre_xx_6651,chr11,65403510,65405425,1915
pre_xx_6652,chr11,65416215,65416676,461
pre_xx_6653,chr11,65417132,65419367,2235
pre_xx_6654,chr11,65419891,65420272,381
pre_xx_6655,chr11,65421144,65421647,503
pre_xx_6656,chr11,65421859,65423405,1546
pre_xx_6657,chr11,65424895,65425476,581
pre_xx_6658,chr11,65454312,65455553,1241
pre_xx_6659,chr11,65476724,65478097,1373
pre_xx_6660,chr11,65478479,65479773,1294
pre_xx_6661,chr11,65487040,65488660,1620
pre_xx_6662,chr11,65496386,65498483,2097
pre_xx_6663,chr11,65498839,65499240,401
pre_xx_6664,chr11,65503953,65504385,432
pre_xx_6665,chr11,65506318,65509029,2711
pre_xx_6666,chr11,65510476,65511063,587
pre_xx_6667,chr11,65522711,65523640,929
pre_xx_6668,chr11,65524068,65525710,1642
pre_xx_6669,chr11,65538787,65541210,2423
pre_xx_6670,chr11,65545836,65546966,1130
pre_xx_6671,chr11,65547447,65548078,631
pre_xx_6672,chr11,65550928,65552397,1469
pre_xx_6673,chr11,65557028,65559325,2297
pre_xx_6674,chr11,65569313,65570608,1295
pre_xx_6675,chr11,65571909,65573013,1104
pre_xx_6676,chr11,65574056,65574771,715
pre_xx_6677,chr11,65575581,65576197,616
pre_xx_6678,chr11,65584372,65586085,1713
pre_xx_6679,chr11,65591785,65592744,959
pre_xx_6680,chr11,65606504,65607798,1294
pre_xx_6681,chr11,65613450,65614524,1074
pre_xx_6682,chr11,65614917,65616580,1663
pre_xx_6683,chr11,65629643,65630694,1051
pre_xx_6684,chr11,65637557,65639023,1466
pre_xx_6685,chr11,65646671,65647696,1025
pre_xx_6686,chr11,65651947,65653602,1655
pre_xx_6687,chr11,65661820,65664145,2325
pre_xx_6688,chr11,65706130,65706862,732
pre_xx_6689,chr11,65711245,65712814,1569
pre_xx_6690,chr11,65718994,65720985,1991
pre_xx_6691,chr11,65779730,65781719,1989
pre_xx_6692,chr11,65786295,65788570,2275
pre_xx_6693,chr11,65792942,65794001,1059
pre_xx_6694,chr11,65817361,65818558,1197
pre_xx_6695,chr11,65833054,65834335,1281
pre_xx_6696,chr11,65849364,65851560,2196
pre_xx_6697,chr11,65852527,65853144,617
pre_xx_6698,chr11,65856904,65858502,1598
pre_xx_6699,chr11,65859020,65859787,767
pre_xx_6700,chr11,65859969,65861229,1260
pre_xx_6701,chr11,65871741,65873985,2244
pre_xx_6702,chr11,65884490,65884953,463
pre_xx_6703,chr11,65887888,65889385,1497
pre_xx_6704,chr11,65890110,65891226,1116
pre_xx_6705,chr11,65899094,65900885,1791
pre_xx_6706,chr11,65918477,65920273,1796
pre_xx_6707,chr11,65933916,65934488,572
pre_xx_6708,chr11,65960872,65962334,1462
pre_xx_6709,chr11,65988729,65989599,870
pre_xx_6710,chr11,66001512,66003136,1624
pre_xx_6711,chr11,66022213,66023124,911
pre_xx_6712,chr11,66044915,66045479,564
pre_xx_6713,chr11,66048692,66049372,680
pre_xx_6714,chr11,66051287,66052728,1441
pre_xx_6715,chr11,66068051,66068549,498
pre_xx_6716,chr11,66069003,66071574,2571
pre_xx_6717,chr11,66100265,66101127,862
pre_xx_6718,chr11,66125931,66127488,1557
pre_xx_6719,chr11,66222124,66223137,1013
pre_xx_6720,chr11,66256817,66258779,1962
pre_xx_6721,chr11,66266920,66269555,2635
pre_xx_6722,chr11,66277507,66279312,1805
pre_xx_6723,chr11,66281924,66283122,1198
pre_xx_6724,chr11,66288358,66289947,1589
pre_xx_6725,chr11,66291510,66292480,970
pre_xx_6726,chr11,66311440,66313848,2408
pre_xx_6727,chr11,66316676,66318599,1923
pre_xx_6728,chr11,66328035,66328875,840
pre_xx_6729,chr11,66335365,66337304,1939
pre_xx_6730,chr11,66344584,66345412,828
pre_xx_6731,chr11,66346782,66348642,1860
pre_xx_6732,chr11,66370930,66372674,1744
pre_xx_6733,chr11,66408322,66409535,1213
pre_xx_6734,chr11,66419840,66422180,2340
pre_xx_6735,chr11,66438017,66439349,1332
pre_xx_6736,chr11,66466023,66467578,1555
pre_xx_6737,chr11,66478977,66480832,1855
pre_xx_6738,chr11,66509987,66511254,1267
pre_xx_6739,chr11,66543295,66544136,841
pre_xx_6740,chr11,66545543,66547030,1487
pre_xx_6741,chr11,66567652,66568813,1161
pre_xx_6742,chr11,66578728,66579586,858
pre_xx_6743,chr11,66592376,66593618,1242
pre_xx_6744,chr11,66595035,66595849,814
pre_xx_6745,chr11,66601915,66602930,1015
pre_xx_6746,chr11,66603801,66604566,765
pre_xx_6747,chr11,66606586,66607812,1226
pre_xx_6748,chr11,66615911,66617575,1664
pre_xx_6749,chr11,66618775,66619425,650
pre_xx_6750,chr11,66637510,66639666,2156
pre_xx_6751,chr11,66676980,66678809,1829
pre_xx_6752,chr11,66694487,66695214,727
pre_xx_6753,chr11,66717888,66719206,1318
pre_xx_6754,chr11,66719976,66720737,761
pre_xx_6755,chr11,66725553,66726074,521
pre_xx_6756,chr11,66727126,66729158,2032
pre_xx_6757,chr11,66744059,66745733,1674
pre_xx_6758,chr11,66842363,66844078,1715
pre_xx_6759,chr11,66855684,66857586,1902
pre_xx_6760,chr11,66865962,66867136,1174
pre_xx_6761,chr11,66868643,66869101,458
pre_xx_6762,chr11,66880368,66881158,790
pre_xx_6763,chr11,66882406,66883486,1080
pre_xx_6764,chr11,66885883,66886568,685
pre_xx_6765,chr11,66957498,66959006,1508
pre_xx_6766,chr11,67021777,67024021,2244
pre_xx_6767,chr11,67053833,67054211,378
pre_xx_6768,chr11,67054987,67057183,2196
pre_xx_6769,chr11,67071236,67072055,819
pre_xx_6770,chr11,67081353,67082510,1157
pre_xx_6771,chr11,67117597,67120358,2761
pre_xx_6772,chr11,67238915,67241467,2552
pre_xx_6773,chr11,67260926,67262080,1154
pre_xx_6774,chr11,67262437,67263058,621
pre_xx_6775,chr11,67265985,67267657,1672
pre_xx_6776,chr11,67288040,67290267,2227
pre_xx_6777,chr11,67302097,67304329,2232
pre_xx_6778,chr11,67316793,67318536,1743
pre_xx_6779,chr11,67352680,67354111,1431
pre_xx_6780,chr11,67356704,67357540,836
pre_xx_6781,chr11,67365563,67367548,1985
pre_xx_6782,chr11,67369782,67370690,908
pre_xx_6783,chr11,67371916,67374635,2719
pre_xx_6784,chr11,67382196,67382893,697
pre_xx_6785,chr11,67390982,67392674,1692
pre_xx_6786,chr11,67400759,67402292,1533
pre_xx_6787,chr11,67414989,67416034,1045
pre_xx_6788,chr11,67420142,67421593,1451
pre_xx_6789,chr11,67427644,67429124,1480
pre_xx_6790,chr11,67442694,67444291,1597
pre_xx_6791,chr11,67464005,67465174,1169
pre_xx_6792,chr11,67468017,67469612,1595
pre_xx_6793,chr11,67482392,67483991,1599
pre_xx_6794,chr11,67503986,67506394,2408
pre_xx_6795,chr11,67507652,67508928,1276
pre_xx_6796,chr11,67572648,67573367,719
pre_xx_6797,chr11,67583342,67585128,1786
pre_xx_6798,chr11,67606036,67607624,1588
pre_xx_6799,chr11,67613762,67614657,895
pre_xx_6800,chr11,67629237,67631097,1860
pre_xx_6801,chr11,67648132,67648857,725
pre_xx_6802,chr11,67658521,67659736,1215
pre_xx_6803,chr11,67684957,67686429,1472
pre_xx_6804,chr11,67804481,67806569,2088
pre_xx_6805,chr11,67825834,67826998,1164
pre_xx_6806,chr11,67884551,67885964,1413
pre_xx_6807,chr11,67954410,67956047,1637
pre_xx_6808,chr11,68002923,68004428,1505
pre_xx_6809,chr11,68009322,68011147,1825
pre_xx_6810,chr11,68012954,68013532,578
pre_xx_6811,chr11,68029939,68031362,1423
pre_xx_6812,chr11,68038252,68039284,1032
pre_xx_6813,chr11,68039647,68040978,1331
pre_xx_6814,chr11,68051066,68051967,901
pre_xx_6815,chr11,68082755,68083913,1158
pre_xx_6816,chr11,68098739,68100123,1384
pre_xx_6817,chr11,68105911,68107096,1185
pre_xx_6818,chr11,68120103,68122420,2317
pre_xx_6819,chr11,68127807,68129173,1366
pre_xx_6820,chr11,68146076,68147697,1621
pre_xx_6821,chr11,68209179,68209479,300
pre_xx_6822,chr11,68212445,68214570,2125
pre_xx_6823,chr11,68256149,68258257,2108
pre_xx_6824,chr11,68270726,68272689,1963
pre_xx_6825,chr11,68297398,68298310,912
pre_xx_6826,chr11,68311910,68314086,2176
pre_xx_6827,chr11,68314318,68315486,1168
pre_xx_6828,chr11,68329596,68330589,993
pre_xx_6829,chr11,68341824,68343135,1311
pre_xx_6830,chr11,68396101,68397232,1131
pre_xx_6831,chr11,68459611,68461845,2234
pre_xx_6832,chr11,68658454,68659810,1356
pre_xx_6833,chr11,68683567,68685320,1753
pre_xx_6834,chr11,68749008,68751859,2851
pre_xx_6835,chr11,68838596,68839911,1315
pre_xx_6836,chr11,68840043,68842054,2011
pre_xx_6837,chr11,68843727,68844336,609
pre_xx_6838,chr11,68854079,68856234,2155
pre_xx_6839,chr11,68889553,68891805,2252
pre_xx_6840,chr11,68903310,68904930,1620
pre_xx_6841,chr11,68945855,68947117,1262
pre_xx_6842,chr11,68954827,68955830,1003
pre_xx_6843,chr11,68978230,68980183,1953
pre_xx_6844,chr11,68998263,68998916,653
pre_xx_6845,chr11,69000387,69001526,1139
pre_xx_6846,chr11,69010674,69011402,728
pre_xx_6847,chr11,69012156,69014938,2782
pre_xx_6848,chr11,69044060,69044904,844
pre_xx_6849,chr11,69048378,69049586,1208
pre_xx_6850,chr11,69093725,69095453,1728
pre_xx_6851,chr11,69101135,69101916,781
pre_xx_6852,chr11,69122180,69123472,1292
pre_xx_6853,chr11,69131091,69132265,1174
pre_xx_6854,chr11,69156788,69158041,1253
pre_xx_6855,chr11,69297030,69298860,1830
pre_xx_6856,chr11,69311433,69313452,2019
pre_xx_6857,chr11,69383291,69384000,709
pre_xx_6858,chr11,69398679,69399534,855
pre_xx_6859,chr11,69436925,69437713,788
pre_xx_6860,chr11,69442584,69445159,2575
pre_xx_6861,chr11,69470942,69471906,964
pre_xx_6862,chr11,69496807,69497764,957
pre_xx_6863,chr11,69524051,69525022,971
pre_xx_6864,chr11,69636277,69637067,790
pre_xx_6865,chr11,69638072,69638588,516
pre_xx_6866,chr11,69638817,69639435,618
pre_xx_6867,chr11,69640789,69641512,723
pre_xx_6868,chr11,69642623,69643777,1154
pre_xx_6869,chr11,69643994,69644750,756
pre_xx_6870,chr11,69657531,69658681,1150
pre_xx_6871,chr11,69670020,69670836,816
pre_xx_6872,chr11,69674349,69675913,1564
pre_xx_6873,chr11,69685699,69686222,523
pre_xx_6874,chr11,69700385,69700988,603
pre_xx_6875,chr11,69702956,69704913,1957
pre_xx_6876,chr11,69774034,69775839,1805
pre_xx_6877,chr11,69808383,69809292,909
pre_xx_6878,chr11,69817170,69818381,1211
pre_xx_6879,chr11,69867619,69868999,1380
pre_xx_6880,chr11,69918348,69919348,1000
pre_xx_6881,chr11,69927992,69928607,615
pre_xx_6882,chr11,69939019,69940507,1488
pre_xx_6883,chr11,69963431,69964520,1089
pre_xx_6884,chr11,69983777,69987169,3392
pre_xx_6885,chr11,70067526,70068610,1084
pre_xx_6886,chr11,70072905,70074292,1387
pre_xx_6887,chr11,70077710,70079085,1375
pre_xx_6888,chr11,70134915,70136245,1330
pre_xx_6889,chr11,70140640,70142487,1847
pre_xx_6890,chr11,70195820,70196431,611
pre_xx_6891,chr11,70202710,70204605,1895
pre_xx_6892,chr11,70269757,70271742,1985
pre_xx_6893,chr11,70397505,70400072,2567
pre_xx_6894,chr11,70464364,70465104,740
pre_xx_6895,chr11,70482271,70483440,1169
pre_xx_6896,chr11,70502839,70504662,1823
pre_xx_6897,chr11,70522423,70523287,864
pre_xx_6898,chr11,70567732,70568981,1249
pre_xx_6899,chr11,70649990,70650689,699
pre_xx_6900,chr11,70661303,70663225,1922
pre_xx_6901,chr11,70742336,70743243,907
pre_xx_6902,chr11,70755306,70756258,952
pre_xx_6903,chr11,70824391,70825288,897
pre_xx_6904,chr11,70825989,70827712,1723
pre_xx_6905,chr11,71112403,71113987,1584
pre_xx_6906,chr11,71120280,71120979,699
pre_xx_6907,chr11,71152434,71153854,1420
pre_xx_6908,chr11,71251106,71253715,2609
pre_xx_6909,chr11,71447338,71449018,1680
pre_xx_6910,chr11,71452293,71453834,1541
pre_xx_6911,chr11,71466173,71467019,846
pre_xx_6912,chr11,71487698,71489633,1935
pre_xx_6913,chr11,71638997,71640311,1314
pre_xx_6914,chr11,71709624,71710858,1234
pre_xx_6915,chr11,71748388,71749648,1260
pre_xx_6916,chr11,71786167,71788277,2110
pre_xx_6917,chr11,71813258,71814063,805
pre_xx_6918,chr11,71927838,71929586,1748
pre_xx_6919,chr11,72001097,72002787,1690
pre_xx_6920,chr11,72024776,72025977,1201
pre_xx_6921,chr11,72038018,72039737,1719
pre_xx_6922,chr11,72040259,72042154,1895
pre_xx_6923,chr11,72079116,72081335,2219
pre_xx_6924,chr11,72102228,72103823,1595
pre_xx_6925,chr11,72111685,72113180,1495
pre_xx_6926,chr11,72222720,72225628,2908
pre_xx_6927,chr11,72237798,72238875,1077
pre_xx_6928,chr11,72239223,72241251,2028
pre_xx_6929,chr11,72243687,72245620,1933
pre_xx_6930,chr11,72433832,72435039,1207
pre_xx_6931,chr11,72470865,72471785,920
pre_xx_6932,chr11,72585422,72586281,859
pre_xx_6933,chr11,72589728,72590695,967
pre_xx_6934,chr11,72624544,72626821,2277
pre_xx_6935,chr11,72641827,72643734,1907
pre_xx_6936,chr11,72676432,72677329,897
pre_xx_6937,chr11,72702089,72704357,2268
pre_xx_6938,chr11,72716222,72716671,449
pre_xx_6939,chr11,72721348,72722780,1432
pre_xx_6940,chr11,72725087,72725711,624
pre_xx_6941,chr11,72751698,72753010,1312
pre_xx_6942,chr11,72758672,72759530,858
pre_xx_6943,chr11,72772923,72773804,881
pre_xx_6944,chr11,72780883,72782837,1954
pre_xx_6945,chr11,72793160,72794874,1714
pre_xx_6946,chr11,72812617,72815159,2542
pre_xx_6947,chr11,72821150,72823141,1991
pre_xx_6948,chr11,72831306,72832097,791
pre_xx_6949,chr11,73140445,73143361,2916
pre_xx_6950,chr11,73175450,73176605,1155
pre_xx_6951,chr11,73177265,73178378,1113
pre_xx_6952,chr11,73182553,73183525,972
pre_xx_6953,chr11,73217218,73218873,1655
pre_xx_6954,chr11,73242162,73243170,1008
pre_xx_6955,chr11,73287019,73287931,912
pre_xx_6956,chr11,73288677,73289793,1116
pre_xx_6957,chr11,73306970,73309708,2738
pre_xx_6958,chr11,73314049,73316100,2051
pre_xx_6959,chr11,73321564,73324431,2867
pre_xx_6960,chr11,73330609,73331835,1226
pre_xx_6961,chr11,73334157,73335854,1697
pre_xx_6962,chr11,73342266,73344738,2472
pre_xx_6963,chr11,73375791,73377424,1633
pre_xx_6964,chr11,73597249,73598953,1704
pre_xx_6965,chr11,73647184,73647968,784
pre_xx_6966,chr11,73660492,73661662,1170
pre_xx_6967,chr11,73759356,73761784,2428
pre_xx_6968,chr11,73778955,73780005,1050
pre_xx_6969,chr11,73787266,73788712,1446
pre_xx_6970,chr11,73875725,73877536,1811
pre_xx_6971,chr11,73941684,73942641,957
pre_xx_6972,chr11,73956840,73958448,1608
pre_xx_6973,chr11,73964127,73965711,1584
pre_xx_6974,chr11,73981842,73983869,2027
pre_xx_6975,chr11,74169942,74172174,2232
pre_xx_6976,chr11,74310828,74312098,1270
pre_xx_6977,chr11,74397253,74399187,1934
pre_xx_6978,chr11,74442652,74444798,2146
pre_xx_6979,chr11,74466681,74468333,1652
pre_xx_6980,chr11,74473394,74475024,1630
pre_xx_6981,chr11,74492711,74494440,1729
pre_xx_6982,chr11,74581779,74582696,917
pre_xx_6983,chr11,74591514,74593546,2032
pre_xx_6984,chr11,74672598,74673820,1222
pre_xx_6985,chr11,74681111,74682549,1438
pre_xx_6986,chr11,74682839,74684241,1402
pre_xx_6987,chr11,74696465,74697731,1266
pre_xx_6988,chr11,74702119,74702867,748
pre_xx_6989,chr11,74707681,74708750,1069
pre_xx_6990,chr11,74726286,74726899,613
pre_xx_6991,chr11,74730555,74731824,1269
pre_xx_6992,chr11,74748053,74749873,1820
pre_xx_6993,chr11,74948447,74950355,1908
pre_xx_6994,chr11,74988183,74989642,1459
pre_xx_6995,chr11,75022174,75023484,1310
pre_xx_6996,chr11,75174383,75175859,1476
pre_xx_6997,chr11,75190866,75191761,895
pre_xx_6998,chr11,75195012,75195776,764
pre_xx_6999,chr11,75204539,75205419,880
pre_xx_7000,chr11,75214061,75215081,1020
pre_xx_7001,chr11,75240189,75242330,2141
pre_xx_7002,chr11,75248285,75249020,735
pre_xx_7003,chr11,75301030,75302674,1644
pre_xx_7004,chr11,75319148,75320697,1549
pre_xx_7005,chr11,75339773,75341093,1320
pre_xx_7006,chr11,75342936,75343728,792
pre_xx_7007,chr11,75350518,75352662,2144
pre_xx_7008,chr11,75388256,75389032,776
pre_xx_7009,chr11,75399009,75401326,2317
pre_xx_7010,chr11,75406941,75408483,1542
pre_xx_7011,chr11,75428069,75428612,543
pre_xx_7012,chr11,75429667,75431179,1512
pre_xx_7013,chr11,75467966,75469230,1264
pre_xx_7014,chr11,75471231,75471954,723
pre_xx_7015,chr11,75481976,75483280,1304
pre_xx_7016,chr11,75524674,75526651,1977
pre_xx_7017,chr11,75539188,75540514,1326
pre_xx_7018,chr11,75547371,75548265,894
pre_xx_7019,chr11,75553951,75554999,1048
pre_xx_7020,chr11,75557984,75558432,448
pre_xx_7021,chr11,75561607,75563626,2019
pre_xx_7022,chr11,75563864,75564422,558
pre_xx_7023,chr11,75582289,75584497,2208
pre_xx_7024,chr11,75592755,75594875,2120
pre_xx_7025,chr11,75639390,75640319,929
pre_xx_7026,chr11,75667030,75669159,2129
pre_xx_7027,chr11,75768011,75769802,1791
pre_xx_7028,chr11,75793263,75794654,1391
pre_xx_7029,chr11,75814101,75816278,2177
pre_xx_7030,chr11,76151686,76153911,2225
pre_xx_7031,chr11,76161019,76161996,977
pre_xx_7032,chr11,76185414,76187121,1707
pre_xx_7033,chr11,76205296,76205806,510
pre_xx_7034,chr11,76206258,76206941,683
pre_xx_7035,chr11,76207502,76207937,435
pre_xx_7036,chr11,76208532,76209922,1390
pre_xx_7037,chr11,76210014,76211067,1053
pre_xx_7038,chr11,76216323,76218067,1744
pre_xx_7039,chr11,76234248,76236699,2451
pre_xx_7040,chr11,76281265,76283527,2262
pre_xx_7041,chr11,76321443,76322389,946
pre_xx_7042,chr11,76380017,76381854,1837
pre_xx_7043,chr11,76443437,76446095,2658
pre_xx_7044,chr11,76602261,76602921,660
pre_xx_7045,chr11,76610407,76611482,1075
pre_xx_7046,chr11,76624438,76625305,867
pre_xx_7047,chr11,76669793,76671394,1601
pre_xx_7048,chr11,76680421,76681244,823
pre_xx_7049,chr11,76699816,76700949,1133
pre_xx_7050,chr11,76721541,76722675,1134
pre_xx_7051,chr11,76733884,76734270,386
pre_xx_7052,chr11,76751983,76754121,2138
pre_xx_7053,chr11,76756263,76756788,525
pre_xx_7054,chr11,76765592,76766402,810
pre_xx_7055,chr11,76767793,76769388,1595
pre_xx_7056,chr11,76782377,76784859,2482
pre_xx_7057,chr11,76787800,76788484,684
pre_xx_7058,chr11,76798239,76799647,1408
pre_xx_7059,chr11,76836014,76839021,3007
pre_xx_7060,chr11,76860231,76861938,1707
pre_xx_7061,chr11,76919854,76920469,615
pre_xx_7062,chr11,76962249,76963663,1414
pre_xx_7063,chr11,77039224,77040672,1448
pre_xx_7064,chr11,77045828,77046520,692
pre_xx_7065,chr11,77046963,77048006,1043
pre_xx_7066,chr11,77052449,77054456,2007
pre_xx_7067,chr11,77065805,77067794,1989
pre_xx_7068,chr11,77090768,77091513,745
pre_xx_7069,chr11,77126128,77128544,2416
pre_xx_7070,chr11,77130928,77131622,694
pre_xx_7071,chr11,77137441,77138651,1210
pre_xx_7072,chr11,77139952,77140900,948
pre_xx_7073,chr11,77147514,77148558,1044
pre_xx_7074,chr11,77151660,77152403,743
pre_xx_7075,chr11,77191367,77192475,1108
pre_xx_7076,chr11,77410911,77412316,1405
pre_xx_7077,chr11,77472746,77474781,2035
pre_xx_7078,chr11,77479689,77480368,679
pre_xx_7079,chr11,77547748,77549016,1268
pre_xx_7080,chr11,77570687,77572690,2003
pre_xx_7081,chr11,77588719,77590937,2218
pre_xx_7082,chr11,77636459,77638176,1717
pre_xx_7083,chr11,77819131,77821886,2755
pre_xx_7084,chr11,77913863,77914908,1045
pre_xx_7085,chr11,77993721,77995347,1626
pre_xx_7086,chr11,78022037,78023643,1606
pre_xx_7087,chr11,78030015,78031120,1105
pre_xx_7088,chr11,78038627,78040378,1751
pre_xx_7089,chr11,78045444,78046694,1250
pre_xx_7090,chr11,78078485,78080252,1767
pre_xx_7091,chr11,78138851,78140663,1812
pre_xx_7092,chr11,78187275,78189239,1964
pre_xx_7093,chr11,78192290,78192734,444
pre_xx_7094,chr11,78364863,78365967,1104
pre_xx_7095,chr11,78416223,78418574,2351
pre_xx_7096,chr11,78573473,78575469,1996
pre_xx_7097,chr11,78645027,78645870,843
pre_xx_7098,chr11,78949793,78951067,1274
pre_xx_7099,chr11,78957055,78957855,800
pre_xx_7100,chr11,78961171,78962767,1596
pre_xx_7101,chr11,79016939,79019039,2100
pre_xx_7102,chr11,79062744,79063927,1183
pre_xx_7103,chr11,79066710,79067653,943
pre_xx_7104,chr11,79294786,79296567,1781
pre_xx_7105,chr11,79412919,79413721,802
pre_xx_7106,chr11,79436995,79438561,1566
pre_xx_7107,chr11,79438569,79441846,3277
pre_xx_7108,chr11,81086800,81088023,1223
pre_xx_7109,chr11,81647219,81648434,1215
pre_xx_7110,chr11,82695459,82696082,623
pre_xx_7111,chr11,82732344,82734174,1830
pre_xx_7112,chr11,82790658,82792136,1478
pre_xx_7113,chr11,82899233,82901935,2702
pre_xx_7114,chr11,83033719,83034760,1041
pre_xx_7115,chr11,83070176,83073076,2900
pre_xx_7116,chr11,83156053,83158508,2455
pre_xx_7117,chr11,83192773,83194932,2159
pre_xx_7118,chr11,83284807,83286714,1907
pre_xx_7119,chr11,83723909,83725557,1648
pre_xx_7120,chr11,83749396,83750350,954
pre_xx_7121,chr11,84436958,84438126,1168
pre_xx_7122,chr11,84719862,84721379,1517
pre_xx_7123,chr11,85627084,85629190,2106
pre_xx_7124,chr11,85642948,85643966,1018
pre_xx_7125,chr11,85647164,85648492,1328
pre_xx_7126,chr11,85663061,85665386,2325
pre_xx_7127,chr11,85682389,85683100,711
pre_xx_7128,chr11,85684909,85686548,1639
pre_xx_7129,chr11,85809811,85811816,2005
pre_xx_7130,chr11,85854302,85855849,1547
pre_xx_7131,chr11,85961669,85962914,1245
pre_xx_7132,chr11,86041307,86042287,980
pre_xx_7133,chr11,86067195,86070106,2911
pre_xx_7134,chr11,86244066,86246104,2038
pre_xx_7135,chr11,86301610,86303459,1849
pre_xx_7136,chr11,86374122,86375344,1222
pre_xx_7137,chr11,86422411,86424250,1839
pre_xx_7138,chr11,86455886,86456458,572
pre_xx_7139,chr11,86459716,86460941,1225
pre_xx_7140,chr11,86492310,86494311,2001
pre_xx_7141,chr11,86500629,86501480,851
pre_xx_7142,chr11,86503169,86504291,1122
pre_xx_7143,chr11,86517833,86519900,2067
pre_xx_7144,chr11,86523820,86525010,1190
pre_xx_7145,chr11,86606361,86608729,2368
pre_xx_7146,chr11,86671008,86672746,1738
pre_xx_7147,chr11,86715547,86716264,717
pre_xx_7148,chr11,86790068,86792241,2173
pre_xx_7149,chr11,86799553,86801501,1948
pre_xx_7150,chr11,86802386,86803039,653
pre_xx_7151,chr11,86817955,86819177,1222
pre_xx_7152,chr11,86923941,86925738,1797
pre_xx_7153,chr11,86938665,86941686,3021
pre_xx_7154,chr11,86954184,86956670,2486
pre_xx_7155,chr11,87037025,87038606,1581
pre_xx_7156,chr11,88174460,88175934,1474
pre_xx_7157,chr11,88336702,88338754,2052
pre_xx_7158,chr11,88508231,88509665,1434
pre_xx_7159,chr11,89336743,89338447,1704
pre_xx_7160,chr11,89490628,89492131,1503
pre_xx_7161,chr11,90133806,90135722,1916
pre_xx_7162,chr11,90220767,90221550,783
pre_xx_7163,chr11,90221822,90223610,1788
pre_xx_7164,chr11,90234441,90235895,1454
pre_xx_7165,chr11,90326231,90327037,806
pre_xx_7166,chr11,90447395,90448831,1436
pre_xx_7167,chr11,91163414,91164801,1387
pre_xx_7168,chr11,91867803,91868866,1063
pre_xx_7169,chr11,91946310,91947994,1684
pre_xx_7170,chr11,92224003,92227499,3496
pre_xx_7171,chr11,92969118,92970308,1190
pre_xx_7172,chr11,93196804,93198597,1793
pre_xx_7173,chr11,93234413,93234991,578
pre_xx_7174,chr11,93236406,93237567,1161
pre_xx_7175,chr11,93329821,93331033,1212
pre_xx_7176,chr11,93541813,93543972,2159
pre_xx_7177,chr11,93660822,93662269,1447
pre_xx_7178,chr11,93739964,93742286,2322
pre_xx_7179,chr11,93744747,93745267,520
pre_xx_7180,chr11,93783671,93785319,1648
pre_xx_7181,chr11,93849552,93850717,1165
pre_xx_7182,chr11,93895092,93895966,874
pre_xx_7183,chr11,93904748,93905869,1121
pre_xx_7184,chr11,93973019,93974110,1091
pre_xx_7185,chr11,94128064,94130270,2206
pre_xx_7186,chr11,94400702,94402089,1387
pre_xx_7187,chr11,94492623,94494601,1978
pre_xx_7188,chr11,94511904,94512968,1064
pre_xx_7189,chr11,94543446,94545750,2304
pre_xx_7190,chr11,94739896,94741701,1805
pre_xx_7191,chr11,94767556,94770226,2670
pre_xx_7192,chr11,94789144,94790213,1069
pre_xx_7193,chr11,94972835,94974266,1431
pre_xx_7194,chr11,95066550,95068901,2351
pre_xx_7195,chr11,95074468,95075684,1216
pre_xx_7196,chr11,95076280,95077373,1093
pre_xx_7197,chr11,95088967,95090662,1695
pre_xx_7198,chr11,95106853,95109624,2771
pre_xx_7199,chr11,95134333,95135451,1118
pre_xx_7200,chr11,95149484,95151871,2387
pre_xx_7201,chr11,95229189,95229595,406
pre_xx_7202,chr11,95229941,95232650,2709
pre_xx_7203,chr11,95253822,95255957,2135
pre_xx_7204,chr11,95295983,95297149,1166
pre_xx_7205,chr11,95337020,95339897,2877
pre_xx_7206,chr11,95704737,95705905,1168
pre_xx_7207,chr11,95788684,95791482,2798
pre_xx_7208,chr11,95835331,95836396,1065
pre_xx_7209,chr11,95923064,95924703,1639
pre_xx_7210,chr11,96045611,96046619,1008
pre_xx_7211,chr11,96050210,96050971,761
pre_xx_7212,chr11,96242362,96243907,1545
pre_xx_7213,chr11,96306131,96308061,1930
pre_xx_7214,chr11,96341319,96343590,2271
pre_xx_7215,chr11,96388768,96390660,1892
pre_xx_7216,chr11,96463670,96465127,1457
pre_xx_7217,chr11,96815386,96817802,2416
pre_xx_7218,chr11,97636546,97637948,1402
pre_xx_7219,chr11,97739530,97741089,1559
pre_xx_7220,chr11,99019498,99021421,1923
pre_xx_7221,chr11,99069647,99070431,784
pre_xx_7222,chr11,99350976,99353034,2058
pre_xx_7223,chr11,100339839,100341468,1629
pre_xx_7224,chr11,100403217,100404743,1526
pre_xx_7225,chr11,100686209,100688123,1914
pre_xx_7226,chr11,100739350,100740001,651
pre_xx_7227,chr11,101126745,101129963,3218
pre_xx_7228,chr11,101582203,101584402,2199
pre_xx_7229,chr11,101914185,101916007,1822
pre_xx_7230,chr11,102046689,102048418,1729
pre_xx_7231,chr11,102109464,102112354,2890
pre_xx_7232,chr11,102267517,102269385,1868
pre_xx_7233,chr11,102279380,102280826,1446
pre_xx_7234,chr11,102287520,102290056,2536
pre_xx_7235,chr11,102317009,102317949,940
pre_xx_7236,chr11,102345762,102348353,2591
pre_xx_7237,chr11,102384318,102385857,1539
pre_xx_7238,chr11,102451142,102453560,2418
pre_xx_7239,chr11,102478671,102479867,1196
pre_xx_7240,chr11,103090914,103092634,1720
pre_xx_7241,chr11,103108915,103110302,1387
pre_xx_7242,chr11,104162992,104164563,1571
pre_xx_7243,chr11,104528708,104530009,1301
pre_xx_7244,chr11,104827632,104828783,1151
pre_xx_7245,chr11,104967525,104969666,2141
pre_xx_7246,chr11,105609199,105612262,3063
pre_xx_7247,chr11,106021182,106023123,1941
pre_xx_7248,chr11,106076185,106078426,2241
pre_xx_7249,chr11,107017145,107019476,2331
pre_xx_7250,chr11,107456832,107458326,1494
pre_xx_7251,chr11,107564775,107566082,1307
pre_xx_7252,chr11,107590479,107592466,1987
pre_xx_7253,chr11,107833239,107834435,1196
pre_xx_7254,chr11,107836411,107837203,792
pre_xx_7255,chr11,107857760,107859958,2198
pre_xx_7256,chr11,107927525,107929414,1889
pre_xx_7257,chr11,108008464,108010489,2025
pre_xx_7258,chr11,108115201,108116174,973
pre_xx_7259,chr11,108121011,108122493,1482
pre_xx_7260,chr11,108220961,108223923,2962
pre_xx_7261,chr11,108400592,108402243,1651
pre_xx_7262,chr11,108466436,108468402,1966
pre_xx_7263,chr11,108496935,108498756,1821
pre_xx_7264,chr11,108550941,108552415,1474
pre_xx_7265,chr11,108592429,108594282,1853
pre_xx_7266,chr11,108664241,108665539,1298
pre_xx_7267,chr11,108975064,108976116,1052
pre_xx_7268,chr11,109421796,109423930,2134
pre_xx_7269,chr11,109676843,109678379,1536
pre_xx_7270,chr11,109945912,109946915,1003
pre_xx_7271,chr11,110091924,110094301,2377
pre_xx_7272,chr11,110173820,110174833,1013
pre_xx_7273,chr11,110295508,110297156,1648
pre_xx_7274,chr11,110365997,110367803,1806
pre_xx_7275,chr11,110376415,110377419,1004
pre_xx_7276,chr11,110429385,110431608,2223
pre_xx_7277,chr11,110564552,110566225,1673
pre_xx_7278,chr11,110710314,110713677,3363
pre_xx_7279,chr11,110762653,110764308,1655
pre_xx_7280,chr11,110908570,110909853,1283
pre_xx_7281,chr11,110921224,110922352,1128
pre_xx_7282,chr11,111229695,111230806,1111
pre_xx_7283,chr11,111282988,111284590,1602
pre_xx_7284,chr11,111298444,111300018,1574
pre_xx_7285,chr11,111331568,111333104,1536
pre_xx_7286,chr11,111416909,111418173,1264
pre_xx_7287,chr11,111422644,111423354,710
pre_xx_7288,chr11,111436408,111437479,1071
pre_xx_7289,chr11,111445302,111446905,1603
pre_xx_7290,chr11,111512024,111513427,1403
pre_xx_7291,chr11,111514205,111515102,897
pre_xx_7292,chr11,111539505,111542143,2638
pre_xx_7293,chr11,111601692,111603714,2022
pre_xx_7294,chr11,111747748,111748704,956
pre_xx_7295,chr11,111765248,111767282,2034
pre_xx_7296,chr11,111870582,111872038,1456
pre_xx_7297,chr11,111878084,111879877,1793
pre_xx_7298,chr11,111911560,111913709,2149
pre_xx_7299,chr11,111918345,111919274,929
pre_xx_7300,chr11,111926221,111927672,1451
pre_xx_7301,chr11,111936614,111938393,1779
pre_xx_7302,chr11,111976498,111978728,2230
pre_xx_7303,chr11,111981843,111982335,492
pre_xx_7304,chr11,112024108,112026069,1961
pre_xx_7305,chr11,112073467,112075005,1538
pre_xx_7306,chr11,112085883,112087420,1537
pre_xx_7307,chr11,112174726,112175967,1241
pre_xx_7308,chr11,112219535,112220278,743
pre_xx_7309,chr11,112225859,112227395,1536
pre_xx_7310,chr11,112249770,112250989,1219
pre_xx_7311,chr11,112253100,112253926,826
pre_xx_7312,chr11,112279773,112280881,1108
pre_xx_7313,chr11,112289600,112290879,1279
pre_xx_7314,chr11,112321383,112322760,1377
pre_xx_7315,chr11,112423151,112424580,1429
pre_xx_7316,chr11,112587912,112589974,2062
pre_xx_7317,chr11,112776754,112777845,1091
pre_xx_7318,chr11,112784020,112786204,2184
pre_xx_7319,chr11,112833922,112835159,1237
pre_xx_7320,chr11,112881182,112881998,816
pre_xx_7321,chr11,112882514,112883082,568
pre_xx_7322,chr11,112960886,112963659,2773
pre_xx_7323,chr11,113135131,113136044,913
pre_xx_7324,chr11,113161364,113162900,1536
pre_xx_7325,chr11,113289227,113289931,704
pre_xx_7326,chr11,113313999,113315314,1315
pre_xx_7327,chr11,113387265,113388435,1170
pre_xx_7328,chr11,113401370,113402096,726
pre_xx_7329,chr11,113474125,113475753,1628
pre_xx_7330,chr11,113568001,113569203,1202
pre_xx_7331,chr11,113663621,113665493,1872
pre_xx_7332,chr11,113772850,113774213,1363
pre_xx_7333,chr11,113874534,113876089,1555
pre_xx_7334,chr11,113974707,113975688,981
pre_xx_7335,chr11,114035653,114036760,1107
pre_xx_7336,chr11,114056849,114058488,1639
pre_xx_7337,chr11,114058898,114061713,2815
pre_xx_7338,chr11,114159522,114160695,1173
pre_xx_7339,chr11,114162454,114164176,1722
pre_xx_7340,chr11,114170992,114172121,1129
pre_xx_7341,chr11,114178727,114180773,2046
pre_xx_7342,chr11,114232459,114234019,1560
pre_xx_7343,chr11,114399595,114401107,1512
pre_xx_7344,chr11,114439062,114440715,1653
pre_xx_7345,chr11,114440912,114441794,882
pre_xx_7346,chr11,114774238,114775264,1026
pre_xx_7347,chr11,114775496,114776732,1236
pre_xx_7348,chr11,114977042,114978259,1217
pre_xx_7349,chr11,115181211,115182124,913
pre_xx_7350,chr11,115407922,115410504,2582
pre_xx_7351,chr11,115496720,115497754,1034
pre_xx_7352,chr11,115501949,115505546,3597
pre_xx_7353,chr11,115580142,115582491,2349
pre_xx_7354,chr11,115589361,115590718,1357
pre_xx_7355,chr11,115605839,115608262,2423
pre_xx_7356,chr11,115658473,115660777,2304
pre_xx_7357,chr11,115710381,115711625,1244
pre_xx_7358,chr11,115759088,115761233,2145
pre_xx_7359,chr11,115974803,115976059,1256
pre_xx_7360,chr11,116192685,116194461,1776
pre_xx_7361,chr11,116276152,116277245,1093
pre_xx_7362,chr11,116312431,116313559,1128
pre_xx_7363,chr11,116357463,116358568,1105
pre_xx_7364,chr11,116378816,116379797,981
pre_xx_7365,chr11,116387421,116388734,1313
pre_xx_7366,chr11,116412460,116414166,1706
pre_xx_7367,chr11,116424703,116425249,546
pre_xx_7368,chr11,116427468,116428756,1288
pre_xx_7369,chr11,116499223,116501490,2267
pre_xx_7370,chr11,116578976,116581286,2310
pre_xx_7371,chr11,116590862,116592390,1528
pre_xx_7372,chr11,116691509,116692694,1185
pre_xx_7373,chr11,116707044,116708128,1084
pre_xx_7374,chr11,116731984,116733054,1070
pre_xx_7375,chr11,116771850,116773759,1909
pre_xx_7376,chr11,116787037,116788530,1493
pre_xx_7377,chr11,116791115,116791596,481
pre_xx_7378,chr11,116835073,116836523,1450
pre_xx_7379,chr11,116928447,116930717,2270
pre_xx_7380,chr11,117097168,117099301,2133
pre_xx_7381,chr11,117143305,117145947,2642
pre_xx_7382,chr11,117177981,117180434,2453
pre_xx_7383,chr11,117198716,117199843,1127
pre_xx_7384,chr11,117231391,117233800,2409
pre_xx_7385,chr11,117299015,117301215,2200
pre_xx_7386,chr11,117314101,117316685,2584
pre_xx_7387,chr11,117327344,117329218,1874
pre_xx_7388,chr11,117425935,117426946,1011
pre_xx_7389,chr11,117442875,117445564,2689
pre_xx_7390,chr11,117457203,117459000,1797
pre_xx_7391,chr11,117527172,117529142,1970
pre_xx_7392,chr11,117535033,117536346,1313
pre_xx_7393,chr11,117663181,117664333,1152
pre_xx_7394,chr11,117795661,117797575,1914
pre_xx_7395,chr11,117808867,117809850,983
pre_xx_7396,chr11,117816043,117818445,2402
pre_xx_7397,chr11,117823222,117825189,1967
pre_xx_7398,chr11,117833175,117834269,1094
pre_xx_7399,chr11,117837416,117838820,1404
pre_xx_7400,chr11,117857715,117858368,653
pre_xx_7401,chr11,117869699,117870566,867
pre_xx_7402,chr11,117874254,117877715,3461
pre_xx_7403,chr11,117884947,117886404,1457
pre_xx_7404,chr11,117906912,117907635,723
pre_xx_7405,chr11,117909444,117910733,1289
pre_xx_7406,chr11,117946257,117947452,1195
pre_xx_7407,chr11,117985575,117986753,1178
pre_xx_7408,chr11,118051949,118053758,1809
pre_xx_7409,chr11,118059208,118060614,1406
pre_xx_7410,chr11,118128148,118130060,1912
pre_xx_7411,chr11,118144666,118146404,1738
pre_xx_7412,chr11,118152073,118153675,1602
pre_xx_7413,chr11,118156211,118157222,1011
pre_xx_7414,chr11,118170383,118171992,1609
pre_xx_7415,chr11,118174735,118176770,2035
pre_xx_7416,chr11,118180094,118180960,866
pre_xx_7417,chr11,118251638,118252755,1117
pre_xx_7418,chr11,118263527,118264969,1442
pre_xx_7419,chr11,118358899,118360231,1332
pre_xx_7420,chr11,118400385,118402601,2216
pre_xx_7421,chr11,118434421,118438040,3619
pre_xx_7422,chr11,118438374,118438975,601
pre_xx_7423,chr11,118521958,118523093,1135
pre_xx_7424,chr11,118524404,118525223,819
pre_xx_7425,chr11,118530180,118532057,1877
pre_xx_7426,chr11,118564677,118566306,1629
pre_xx_7427,chr11,118571734,118573427,1693
pre_xx_7428,chr11,118607289,118608878,1589
pre_xx_7429,chr11,118609306,118610102,796
pre_xx_7430,chr11,118610332,118611252,920
pre_xx_7431,chr11,118612299,118612893,594
pre_xx_7432,chr11,118615185,118615676,491
pre_xx_7433,chr11,118617946,118619833,1887
pre_xx_7434,chr11,118620819,118623610,2791
pre_xx_7435,chr11,118634021,118635601,1580
pre_xx_7436,chr11,118658416,118660016,1600
pre_xx_7437,chr11,118688228,118690629,2401
pre_xx_7438,chr11,118714743,118716296,1553
pre_xx_7439,chr11,118789781,118793125,3344
pre_xx_7440,chr11,118869484,118871006,1522
pre_xx_7441,chr11,118895409,118898109,2700
pre_xx_7442,chr11,118906973,118907358,385
pre_xx_7443,chr11,118908864,118911444,2580
pre_xx_7444,chr11,118911646,118912686,1040
pre_xx_7445,chr11,118916697,118917132,435
pre_xx_7446,chr11,118917501,118918753,1252
pre_xx_7447,chr11,118919038,118920131,1093
pre_xx_7448,chr11,118924566,118925001,435
pre_xx_7449,chr11,118925436,118926182,746
pre_xx_7450,chr11,118927959,118930603,2644
pre_xx_7451,chr11,118956162,118956919,757
pre_xx_7452,chr11,118979294,118980913,1619
pre_xx_7453,chr11,118984507,118985250,743
pre_xx_7454,chr11,118996920,118999262,2342
pre_xx_7455,chr11,119017894,119019550,1656
pre_xx_7456,chr11,119029126,119031172,2046
pre_xx_7457,chr11,119055899,119058064,2165
pre_xx_7458,chr11,119066807,119068171,1364
pre_xx_7459,chr11,119084395,119085814,1419
pre_xx_7460,chr11,119093860,119095885,2025
pre_xx_7461,chr11,119101046,119102889,1843
pre_xx_7462,chr11,119103872,119104425,553
pre_xx_7463,chr11,119106525,119108516,1991
pre_xx_7464,chr11,119120514,119122347,1833
pre_xx_7465,chr11,119144731,119145436,705
pre_xx_7466,chr11,119148734,119150266,1532
pre_xx_7467,chr11,119168270,119169727,1457
pre_xx_7468,chr11,119187170,119188538,1368
pre_xx_7469,chr11,119196556,119197265,709
pre_xx_7470,chr11,119205045,119207445,2400
pre_xx_7471,chr11,119314941,119317634,2693
pre_xx_7472,chr11,119319697,119321888,2191
pre_xx_7473,chr11,119333858,119334981,1123
pre_xx_7474,chr11,119337657,119338604,947
pre_xx_7475,chr11,119339563,119341954,2391
pre_xx_7476,chr11,119352728,119353391,663
pre_xx_7477,chr11,119356094,119357394,1300
pre_xx_7478,chr11,119360886,119361940,1054
pre_xx_7479,chr11,119362920,119364488,1568
pre_xx_7480,chr11,119373999,119374500,501
pre_xx_7481,chr11,119374831,119376570,1739
pre_xx_7482,chr11,119380846,119382325,1479
pre_xx_7483,chr11,119421403,119423778,2375
pre_xx_7484,chr11,119432247,119433647,1400
pre_xx_7485,chr11,119474323,119475567,1244
pre_xx_7486,chr11,119480987,119481954,967
pre_xx_7487,chr11,119493577,119494098,521
pre_xx_7488,chr11,119505532,119506719,1187
pre_xx_7489,chr11,119584006,119585690,1684
pre_xx_7490,chr11,119625256,119627188,1932
pre_xx_7491,chr11,119663518,119664497,979
pre_xx_7492,chr11,119666222,119667278,1056
pre_xx_7493,chr11,119670947,119672283,1336
pre_xx_7494,chr11,119683824,119685614,1790
pre_xx_7495,chr11,119705525,119706525,1000
pre_xx_7496,chr11,119709293,119710300,1007
pre_xx_7497,chr11,119727451,119730304,2853
pre_xx_7498,chr11,119741292,119743315,2023
pre_xx_7499,chr11,119862878,119864646,1768
pre_xx_7500,chr11,120061773,120062786,1013
pre_xx_7501,chr11,120096397,120097619,1222
pre_xx_7502,chr11,120107067,120108888,1821
pre_xx_7503,chr11,120121101,120122810,1709
pre_xx_7504,chr11,120137198,120138538,1340
pre_xx_7505,chr11,120168528,120170213,1685
pre_xx_7506,chr11,120172151,120172594,443
pre_xx_7507,chr11,120184123,120186308,2185
pre_xx_7508,chr11,120192497,120193460,963
pre_xx_7509,chr11,120209841,120212133,2292
pre_xx_7510,chr11,120239497,120240777,1280
pre_xx_7511,chr11,120299593,120300429,836
pre_xx_7512,chr11,120324729,120326482,1753
pre_xx_7513,chr11,120330998,120331916,918
pre_xx_7514,chr11,120334847,120335348,501
pre_xx_7515,chr11,120335523,120337730,2207
pre_xx_7516,chr11,120496012,120497092,1080
pre_xx_7517,chr11,120510887,120512373,1486
pre_xx_7518,chr11,120526863,120527862,999
pre_xx_7519,chr11,120547056,120548463,1407
pre_xx_7520,chr11,120563106,120565724,2618
pre_xx_7521,chr11,120674230,120675319,1089
pre_xx_7522,chr11,120709895,120711074,1179
pre_xx_7523,chr11,120900259,120901138,879
pre_xx_7524,chr11,120952411,120953358,947
pre_xx_7525,chr11,120985648,120986572,924
pre_xx_7526,chr11,121023544,121025286,1742
pre_xx_7527,chr11,121291898,121293650,1752
pre_xx_7528,chr11,121347491,121348775,1284
pre_xx_7529,chr11,121352016,121353085,1069
pre_xx_7530,chr11,121426497,121427513,1016
pre_xx_7531,chr11,121451266,121453084,1818
pre_xx_7532,chr11,121465158,121467177,2019
pre_xx_7533,chr11,121571382,121573100,1718
pre_xx_7534,chr11,121654615,121657285,2670
pre_xx_7535,chr11,121670185,121673011,2826
pre_xx_7536,chr11,121721902,121723835,1933
pre_xx_7537,chr11,121741015,121742668,1653
pre_xx_7538,chr11,121800333,121801660,1327
pre_xx_7539,chr11,121928524,121930654,2130
pre_xx_7540,chr11,121961089,121962557,1468
pre_xx_7541,chr11,122099300,122100999,1699
pre_xx_7542,chr11,122101254,122102366,1112
pre_xx_7543,chr11,122156954,122160343,3389
pre_xx_7544,chr11,122202106,122203478,1372
pre_xx_7545,chr11,122207207,122208607,1400
pre_xx_7546,chr11,122247385,122248662,1277
pre_xx_7547,chr11,122276905,122278035,1130
pre_xx_7548,chr11,122287063,122288030,967
pre_xx_7549,chr11,122367751,122368531,780
pre_xx_7550,chr11,122439953,122442392,2439
pre_xx_7551,chr11,122505338,122506264,926
pre_xx_7552,chr11,122556056,122557435,1379
pre_xx_7553,chr11,122580041,122581485,1444
pre_xx_7554,chr11,122655278,122657117,1839
pre_xx_7555,chr11,122781032,122781764,732
pre_xx_7556,chr11,122882269,122883855,1586
pre_xx_7557,chr11,122976728,122977760,1032
pre_xx_7558,chr11,122981531,122982102,571
pre_xx_7559,chr11,122983648,122985028,1380
pre_xx_7560,chr11,123053923,123055907,1984
pre_xx_7561,chr11,123056237,123056923,686
pre_xx_7562,chr11,123061359,123063524,2165
pre_xx_7563,chr11,123090700,123091975,1275
pre_xx_7564,chr11,123100324,123102083,1759
pre_xx_7565,chr11,123102872,123103653,781
pre_xx_7566,chr11,123165768,123166771,1003
pre_xx_7567,chr11,123193899,123196601,2702
pre_xx_7568,chr11,123246837,123247557,720
pre_xx_7569,chr11,123261111,123261993,882
pre_xx_7570,chr11,123301004,123302495,1491
pre_xx_7571,chr11,123357795,123358857,1062
pre_xx_7572,chr11,123427972,123428619,647
pre_xx_7573,chr11,123429576,123431474,1898
pre_xx_7574,chr11,123450081,123451542,1461
pre_xx_7575,chr11,123474928,123476081,1153
pre_xx_7576,chr11,123478105,123478940,835
pre_xx_7577,chr11,123510637,123511575,938
pre_xx_7578,chr11,123518673,123520282,1609
pre_xx_7579,chr11,123559471,123562483,3012
pre_xx_7580,chr11,123576013,123577590,1577
pre_xx_7581,chr11,123580393,123581257,864
pre_xx_7582,chr11,123653535,123655627,2092
pre_xx_7583,chr11,123740137,123742719,2582
pre_xx_7584,chr11,123796684,123798848,2164
pre_xx_7585,chr11,123822066,123823361,1295
pre_xx_7586,chr11,123899500,123900413,913
pre_xx_7587,chr11,123904439,123906867,2428
pre_xx_7588,chr11,124075210,124076786,1576
pre_xx_7589,chr11,124114838,124116553,1715
pre_xx_7590,chr11,124622226,124624218,1992
pre_xx_7591,chr11,124643163,124644915,1752
pre_xx_7592,chr11,124672742,124674519,1777
pre_xx_7593,chr11,124717457,124719361,1904
pre_xx_7594,chr11,124739153,124740846,1693
pre_xx_7595,chr11,124745243,124747277,2034
pre_xx_7596,chr11,124751370,124752610,1240
pre_xx_7597,chr11,124758171,124760620,2449
pre_xx_7598,chr11,124762005,124763808,1803
pre_xx_7599,chr11,124798846,124801256,2410
pre_xx_7600,chr11,124836538,124837771,1233
pre_xx_7601,chr11,124839056,124840215,1159
pre_xx_7602,chr11,124842187,124843547,1360
pre_xx_7603,chr11,124865970,124866582,612
pre_xx_7604,chr11,124875852,124876988,1136
pre_xx_7605,chr11,124920497,124921662,1165
pre_xx_7606,chr11,124953111,124954746,1635
pre_xx_7607,chr11,125062469,125064076,1607
pre_xx_7608,chr11,125090932,125092498,1566
pre_xx_7609,chr11,125110499,125112170,1671
pre_xx_7610,chr11,125163993,125166011,2018
pre_xx_7611,chr11,125167277,125167658,381
pre_xx_7612,chr11,125170005,125171102,1097
pre_xx_7613,chr11,125201159,125202721,1562
pre_xx_7614,chr11,125211438,125212413,975
pre_xx_7615,chr11,125214273,125215349,1076
pre_xx_7616,chr11,125223592,125225059,1467
pre_xx_7617,chr11,125228445,125229393,948
pre_xx_7618,chr11,125262861,125264042,1181
pre_xx_7619,chr11,125303316,125304582,1266
pre_xx_7620,chr11,125313514,125316040,2526
pre_xx_7621,chr11,125345340,125346652,1312
pre_xx_7622,chr11,125348216,125349082,866
pre_xx_7623,chr11,125350511,125352157,1646
pre_xx_7624,chr11,125370521,125372059,1538
pre_xx_7625,chr11,125373525,125374347,822
pre_xx_7626,chr11,125375570,125376634,1064
pre_xx_7627,chr11,125381270,125382792,1522
pre_xx_7628,chr11,125390586,125391853,1267
pre_xx_7629,chr11,125404148,125405201,1053
pre_xx_7630,chr11,125408025,125408816,791
pre_xx_7631,chr11,125428839,125429530,691
pre_xx_7632,chr11,125433157,125434003,846
pre_xx_7633,chr11,125451091,125452993,1902
pre_xx_7634,chr11,125483092,125484428,1336
pre_xx_7635,chr11,125494365,125496799,2434
pre_xx_7636,chr11,125516257,125517732,1475
pre_xx_7637,chr11,125568839,125570692,1853
pre_xx_7638,chr11,125591613,125593759,2146
pre_xx_7639,chr11,125625128,125627241,2113
pre_xx_7640,chr11,125684989,125686148,1159
pre_xx_7641,chr11,125886788,125888515,1727
pre_xx_7642,chr11,125902436,125904798,2362
pre_xx_7643,chr11,125925074,125926253,1179
pre_xx_7644,chr11,125931001,125932038,1037
pre_xx_7645,chr11,125941282,125942362,1080
pre_xx_7646,chr11,126059197,126059706,509
pre_xx_7647,chr11,126060889,126063615,2726
pre_xx_7648,chr11,126079397,126080861,1464
pre_xx_7649,chr11,126083416,126084769,1353
pre_xx_7650,chr11,126100571,126101976,1405
pre_xx_7651,chr11,126102262,126103451,1189
pre_xx_7652,chr11,126104198,126104833,635
pre_xx_7653,chr11,126113209,126113947,738
pre_xx_7654,chr11,126115628,126116369,741
pre_xx_7655,chr11,126123656,126124815,1159
pre_xx_7656,chr11,126127333,126128479,1146
pre_xx_7657,chr11,126132062,126132690,628
pre_xx_7658,chr11,126138983,126141394,2411
pre_xx_7659,chr11,126146281,126148146,1865
pre_xx_7660,chr11,126162608,126163776,1168
pre_xx_7661,chr11,126210806,126212812,2006
pre_xx_7662,chr11,126246293,126247138,845
pre_xx_7663,chr11,126267971,126269656,1685
pre_xx_7664,chr11,126282168,126283811,1643
pre_xx_7665,chr11,126303342,126304965,1623
pre_xx_7666,chr11,126310164,126311022,858
pre_xx_7667,chr11,126345360,126346784,1424
pre_xx_7668,chr11,126354848,126356854,2006
pre_xx_7669,chr11,126365744,126367181,1437
pre_xx_7670,chr11,126373091,126374120,1029
pre_xx_7671,chr11,126394378,126396026,1648
pre_xx_7672,chr11,126414732,126417379,2647
pre_xx_7673,chr11,126423585,126424435,850
pre_xx_7674,chr11,126440100,126441566,1466
pre_xx_7675,chr11,126451691,126453168,1477
pre_xx_7676,chr11,126465325,126466558,1233
pre_xx_7677,chr11,126480458,126481079,621
pre_xx_7678,chr11,126543457,126545329,1872
pre_xx_7679,chr11,126585408,126586664,1256
pre_xx_7680,chr11,126606555,126609055,2500
pre_xx_7681,chr11,126989837,126990927,1090
pre_xx_7682,chr11,126999991,127001259,1268
pre_xx_7683,chr11,127002846,127004045,1199
pre_xx_7684,chr11,127273651,127274664,1013
pre_xx_7685,chr11,127627718,127628650,932
pre_xx_7686,chr11,127943521,127944520,999
pre_xx_7687,chr11,127948988,127949828,840
pre_xx_7688,chr11,128021233,128022262,1029
pre_xx_7689,chr11,128451093,128452212,1119
pre_xx_7690,chr11,128521290,128522976,1686
pre_xx_7691,chr11,128548397,128549660,1263
pre_xx_7692,chr11,128686702,128687687,985
pre_xx_7693,chr11,128692772,128695205,2433
pre_xx_7694,chr11,128715499,128717387,1888
pre_xx_7695,chr11,128728645,128729898,1253
pre_xx_7696,chr11,128776108,128777875,1767
pre_xx_7697,chr11,128859276,128860260,984
pre_xx_7698,chr11,128886335,128886728,393
pre_xx_7699,chr11,128890288,128892336,2048
pre_xx_7700,chr11,128894603,128894945,342
pre_xx_7701,chr11,128904545,128906412,1867
pre_xx_7702,chr11,128924219,128925499,1280
pre_xx_7703,chr11,128936519,128937440,921
pre_xx_7704,chr11,129278344,129280472,2128
pre_xx_7705,chr11,129288627,129289852,1225
pre_xx_7706,chr11,129295386,129296435,1049
pre_xx_7707,chr11,129322730,129323633,903
pre_xx_7708,chr11,129331029,129332301,1272
pre_xx_7709,chr11,129363942,129364595,653
pre_xx_7710,chr11,129372389,129373695,1306
pre_xx_7711,chr11,129374017,129374675,658
pre_xx_7712,chr11,129375142,129376434,1292
pre_xx_7713,chr11,129611830,129613388,1558
pre_xx_7714,chr11,129695322,129696392,1070
pre_xx_7715,chr11,129750032,129751223,1191
pre_xx_7716,chr11,129778629,129780277,1648
pre_xx_7717,chr11,129815418,129816544,1126
pre_xx_7718,chr11,129853400,129854646,1246
pre_xx_7719,chr11,129861437,129862426,989
pre_xx_7720,chr11,129894586,129896293,1707
pre_xx_7721,chr11,129923079,129923755,676
pre_xx_7722,chr11,129950095,129951904,1809
pre_xx_7723,chr11,130001288,130003832,2544
pre_xx_7724,chr11,130068490,130071599,3109
pre_xx_7725,chr11,130143876,130145567,1691
pre_xx_7726,chr11,130159386,130161263,1877
pre_xx_7727,chr11,130178221,130179329,1108
pre_xx_7728,chr11,130181143,130182220,1077
pre_xx_7729,chr11,130212528,130213655,1127
pre_xx_7730,chr11,130246294,130247736,1442
pre_xx_7731,chr11,130313554,130316006,2452
pre_xx_7732,chr11,130383050,130384320,1270
pre_xx_7733,chr11,130388747,130390809,2062
pre_xx_7734,chr11,130402842,130403857,1015
pre_xx_7735,chr11,130426718,130429085,2367
pre_xx_7736,chr11,130434335,130435299,964
pre_xx_7737,chr11,130448017,130450420,2403
pre_xx_7738,chr11,130677218,130677901,683
pre_xx_7739,chr11,130737462,130738664,1202
pre_xx_7740,chr11,130827410,130828160,750
pre_xx_7741,chr11,130861319,130862355,1036
pre_xx_7742,chr11,130915617,130917216,1599
pre_xx_7743,chr11,131029951,131031622,1671
pre_xx_7744,chr11,131137609,131139111,1502
pre_xx_7745,chr11,131157722,131158552,830
pre_xx_7746,chr11,131185911,131187503,1592
pre_xx_7747,chr11,131195044,131196381,1337
pre_xx_7748,chr11,131253083,131254517,1434
pre_xx_7749,chr11,131330662,131331846,1184
pre_xx_7750,chr11,131370161,131372001,1840
pre_xx_7751,chr11,131503974,131504918,944
pre_xx_7752,chr11,131529393,131530756,1363
pre_xx_7753,chr11,131615699,131617272,1573
pre_xx_7754,chr11,131633266,131635369,2103
pre_xx_7755,chr11,131673684,131674599,915
pre_xx_7756,chr11,131687691,131688365,674
pre_xx_7757,chr11,131690996,131692035,1039
pre_xx_7758,chr11,131694352,131695186,834
pre_xx_7759,chr11,131802257,131803039,782
pre_xx_7760,chr11,131910183,131911855,1672
pre_xx_7761,chr11,131923992,131925332,1340
pre_xx_7762,chr11,132125698,132127935,2237
pre_xx_7763,chr11,132265964,132267766,1802
pre_xx_7764,chr11,132558942,132559994,1052
pre_xx_7765,chr11,132595239,132596674,1435
pre_xx_7766,chr11,132920170,132921358,1188
pre_xx_7767,chr11,132942690,132944884,2194
pre_xx_7768,chr11,133063750,133065191,1441
pre_xx_7769,chr11,133082426,133083480,1054
pre_xx_7770,chr11,133228112,133229350,1238
pre_xx_7771,chr11,133579229,133580160,931
pre_xx_7772,chr11,133918152,133920304,2152
pre_xx_7773,chr11,133927407,133928933,1526
pre_xx_7774,chr11,133946440,133947685,1245
pre_xx_7775,chr11,133950821,133952211,1390
pre_xx_7776,chr11,133955363,133957633,2270
pre_xx_7777,chr11,134026056,134027249,1193
pre_xx_7778,chr11,134033630,134035119,1489
pre_xx_7779,chr11,134036336,134037932,1596
pre_xx_7780,chr11,134050295,134051387,1092
pre_xx_7781,chr11,134068682,134070230,1548
pre_xx_7782,chr11,134124523,134125379,856
pre_xx_7783,chr11,134139254,134140145,891
pre_xx_7784,chr11,134223372,134225835,2463
pre_xx_7785,chr11,134252248,134254290,2042
pre_xx_7786,chr11,134275389,134277674,2285
pre_xx_7787,chr11,134331032,134332801,1769
pre_xx_7788,chr11,134359990,134360650,660
pre_xx_7789,chr11,134411263,134413141,1878
pre_xx_7790,chr11,134643531,134645024,1493
pre_xx_7791,chr11,134741356,134743733,2377
pre_xx_7792,chr11,134748363,134749621,1258
pre_xx_7793,chr11,134753371,134754411,1040
pre_xx_7794,chr11,134791025,134792380,1355
pre_xx_7795,chr11,134868367,134869029,662
pre_xx_7796,chr11,134905128,134906614,1486
pre_xx_7797,chr12,65769,67520,1751
pre_xx_7798,chr12,86998,88367,1369
pre_xx_7799,chr12,98673,99894,1221
pre_xx_7800,chr12,108056,108974,918
pre_xx_7801,chr12,138516,140503,1987
pre_xx_7802,chr12,152873,153546,673
pre_xx_7803,chr12,171718,173638,1920
pre_xx_7804,chr12,174404,175731,1327
pre_xx_7805,chr12,187327,189533,2206
pre_xx_7806,chr12,203042,204233,1191
pre_xx_7807,chr12,211945,214199,2254
pre_xx_7808,chr12,219699,221533,1834
pre_xx_7809,chr12,262500,263924,1424
pre_xx_7810,chr12,267732,269619,1887
pre_xx_7811,chr12,387616,389987,2371
pre_xx_7812,chr12,400885,402558,1673
pre_xx_7813,chr12,448635,449651,1016
pre_xx_7814,chr12,459207,461137,1930
pre_xx_7815,chr12,501789,503734,1945
pre_xx_7816,chr12,541432,543185,1753
pre_xx_7817,chr12,545954,547341,1387
pre_xx_7818,chr12,569432,571693,2261
pre_xx_7819,chr12,575677,576663,986
pre_xx_7820,chr12,591058,592267,1209
pre_xx_7821,chr12,642281,644048,1767
pre_xx_7822,chr12,661983,664364,2381
pre_xx_7823,chr12,750977,751698,721
pre_xx_7824,chr12,751894,754755,2861
pre_xx_7825,chr12,948531,950333,1802
pre_xx_7826,chr12,989657,992329,2672
pre_xx_7827,chr12,1115453,1116455,1002
pre_xx_7828,chr12,1473515,1475254,1739
pre_xx_7829,chr12,1501835,1503127,1292
pre_xx_7830,chr12,1529680,1531590,1910
pre_xx_7831,chr12,1575039,1577918,2879
pre_xx_7832,chr12,1590303,1590953,650
pre_xx_7833,chr12,1592445,1595570,3125
pre_xx_7834,chr12,1604781,1606447,1666
pre_xx_7835,chr12,1628530,1631544,3014
pre_xx_7836,chr12,1643912,1645210,1298
pre_xx_7837,chr12,1661420,1662300,880
pre_xx_7838,chr12,1662692,1663401,709
pre_xx_7839,chr12,1690027,1691826,1799
pre_xx_7840,chr12,1795616,1797873,2257
pre_xx_7841,chr12,1800175,1800927,752
pre_xx_7842,chr12,1804157,1804861,704
pre_xx_7843,chr12,1819660,1822259,2599
pre_xx_7844,chr12,1830554,1831557,1003
pre_xx_7845,chr12,1916206,1918834,2628
pre_xx_7846,chr12,1932119,1932785,666
pre_xx_7847,chr12,1936052,1937376,1324
pre_xx_7848,chr12,1939514,1940333,819
pre_xx_7849,chr12,2003462,2004979,1517
pre_xx_7850,chr12,2034387,2035713,1326
pre_xx_7851,chr12,2051770,2054629,2859
pre_xx_7852,chr12,2324280,2324897,617
pre_xx_7853,chr12,2353895,2354764,869
pre_xx_7854,chr12,2582644,2583588,944
pre_xx_7855,chr12,2682262,2683495,1233
pre_xx_7856,chr12,2690658,2692228,1570
pre_xx_7857,chr12,2752391,2753410,1019
pre_xx_7858,chr12,2783480,2784724,1244
pre_xx_7859,chr12,2794013,2796578,2565
pre_xx_7860,chr12,2812091,2813893,1802
pre_xx_7861,chr12,2833387,2835933,2546
pre_xx_7862,chr12,2844821,2846571,1750
pre_xx_7863,chr12,2876465,2878696,2231
pre_xx_7864,chr12,2889866,2891653,1787
pre_xx_7865,chr12,2902049,2902840,791
pre_xx_7866,chr12,2944005,2944960,955
pre_xx_7867,chr12,2958370,2961181,2811
pre_xx_7868,chr12,2998392,2999978,1586
pre_xx_7869,chr12,3032413,3034492,2079
pre_xx_7870,chr12,3041174,3041932,758
pre_xx_7871,chr12,3076474,3078178,1704
pre_xx_7872,chr12,3097009,3098157,1148
pre_xx_7873,chr12,3104634,3105638,1004
pre_xx_7874,chr12,3106540,3107563,1023
pre_xx_7875,chr12,3116498,3117814,1316
pre_xx_7876,chr12,3118454,3118981,527
pre_xx_7877,chr12,3119402,3120697,1295
pre_xx_7878,chr12,3129737,3131619,1882
pre_xx_7879,chr12,3135399,3135820,421
pre_xx_7880,chr12,3148316,3150246,1930
pre_xx_7881,chr12,3150555,3152723,2168
pre_xx_7882,chr12,3171955,3173385,1430
pre_xx_7883,chr12,3189434,3190559,1125
pre_xx_7884,chr12,3199157,3201113,1956
pre_xx_7885,chr12,3202832,3204027,1195
pre_xx_7886,chr12,3212853,3213943,1090
pre_xx_7887,chr12,3218040,3219595,1555
pre_xx_7888,chr12,3230713,3232101,1388
pre_xx_7889,chr12,3261828,3262995,1167
pre_xx_7890,chr12,3274285,3275796,1511
pre_xx_7891,chr12,3283575,3285267,1692
pre_xx_7892,chr12,3293587,3294967,1380
pre_xx_7893,chr12,3299723,3301093,1370
pre_xx_7894,chr12,3341443,3342581,1138
pre_xx_7895,chr12,3365244,3366768,1524
pre_xx_7896,chr12,3490792,3493880,3088
pre_xx_7897,chr12,3604385,3605823,1438
pre_xx_7898,chr12,3668135,3669065,930
pre_xx_7899,chr12,3680876,3681807,931
pre_xx_7900,chr12,3684288,3685245,957
pre_xx_7901,chr12,3752050,3754130,2080
pre_xx_7902,chr12,3872392,3873680,1288
pre_xx_7903,chr12,3961616,3962997,1381
pre_xx_7904,chr12,3999196,4000157,961
pre_xx_7905,chr12,4030715,4032008,1293
pre_xx_7906,chr12,4133797,4135461,1664
pre_xx_7907,chr12,4164206,4165371,1165
pre_xx_7908,chr12,4268642,4269971,1329
pre_xx_7909,chr12,4270830,4271336,506
pre_xx_7910,chr12,4271655,4272974,1319
pre_xx_7911,chr12,4273445,4273900,455
pre_xx_7912,chr12,4276848,4277253,405
pre_xx_7913,chr12,4277696,4278893,1197
pre_xx_7914,chr12,4280256,4281057,801
pre_xx_7915,chr12,4307510,4308825,1315
pre_xx_7916,chr12,4320314,4322002,1688
pre_xx_7917,chr12,4537913,4539184,1271
pre_xx_7918,chr12,4561509,4562820,1311
pre_xx_7919,chr12,4604462,4605242,780
pre_xx_7920,chr12,4647979,4649902,1923
pre_xx_7921,chr12,4808686,4810435,1749
pre_xx_7922,chr12,4857465,4858757,1292
pre_xx_7923,chr12,4908581,4911490,2909
pre_xx_7924,chr12,5034392,5035645,1253
pre_xx_7925,chr12,5042901,5044569,1668
pre_xx_7926,chr12,5428249,5429061,812
pre_xx_7927,chr12,5431748,5434190,2442
pre_xx_7928,chr12,5944312,5945919,1607
pre_xx_7929,chr12,5988183,5989140,957
pre_xx_7930,chr12,6053441,6054058,617
pre_xx_7931,chr12,6056267,6057342,1075
pre_xx_7932,chr12,6181699,6182779,1080
pre_xx_7933,chr12,6193475,6194465,990
pre_xx_7934,chr12,6195511,6196125,614
pre_xx_7935,chr12,6199287,6201658,2371
pre_xx_7936,chr12,6215631,6216843,1212
pre_xx_7937,chr12,6272273,6275005,2732
pre_xx_7938,chr12,6278043,6279265,1222
pre_xx_7939,chr12,6294602,6295590,988
pre_xx_7940,chr12,6310073,6311313,1240
pre_xx_7941,chr12,6322404,6324161,1757
pre_xx_7942,chr12,6334734,6337094,2360
pre_xx_7943,chr12,6340281,6342282,2001
pre_xx_7944,chr12,6363127,6364304,1177
pre_xx_7945,chr12,6370850,6371485,635
pre_xx_7946,chr12,6374986,6377693,2707
pre_xx_7947,chr12,6383263,6384647,1384
pre_xx_7948,chr12,6423359,6424091,732
pre_xx_7949,chr12,6430128,6431178,1050
pre_xx_7950,chr12,6450471,6453172,2701
pre_xx_7951,chr12,6469793,6471346,1553
pre_xx_7952,chr12,6492717,6494654,1937
pre_xx_7953,chr12,6507084,6508252,1168
pre_xx_7954,chr12,6529020,6529655,635
pre_xx_7955,chr12,6532505,6535583,3078
pre_xx_7956,chr12,6537690,6538095,405
pre_xx_7957,chr12,6539961,6541066,1105
pre_xx_7958,chr12,6547665,6548804,1139
pre_xx_7959,chr12,6553030,6553512,482
pre_xx_7960,chr12,6554061,6554751,690
pre_xx_7961,chr12,6554903,6556407,1504
pre_xx_7962,chr12,6567281,6568722,1441
pre_xx_7963,chr12,6569106,6570597,1491
pre_xx_7964,chr12,6605464,6608671,3207
pre_xx_7965,chr12,6612821,6614578,1757
pre_xx_7966,chr12,6617691,6618026,335
pre_xx_7967,chr12,6619968,6621136,1168
pre_xx_7968,chr12,6630568,6632092,1524
pre_xx_7969,chr12,6646649,6647627,978
pre_xx_7970,chr12,6662344,6663615,1271
pre_xx_7971,chr12,6688230,6690059,1829
pre_xx_7972,chr12,6699662,6701143,1481
pre_xx_7973,chr12,6723463,6724911,1448
pre_xx_7974,chr12,6752008,6754277,2269
pre_xx_7975,chr12,6763698,6764722,1024
pre_xx_7976,chr12,6765514,6767291,1777
pre_xx_7977,chr12,6767602,6768000,398
pre_xx_7978,chr12,6769087,6769309,222
pre_xx_7979,chr12,6773191,6774219,1028
pre_xx_7980,chr12,6777983,6779428,1445
pre_xx_7981,chr12,6792075,6793461,1386
pre_xx_7982,chr12,6820978,6822487,1509
pre_xx_7983,chr12,6825309,6825888,579
pre_xx_7984,chr12,6827961,6830005,2044
pre_xx_7985,chr12,6835378,6836052,674
pre_xx_7986,chr12,6850884,6853423,2539
pre_xx_7987,chr12,6866760,6868316,1556
pre_xx_7988,chr12,6869237,6869660,423
pre_xx_7989,chr12,6872142,6874037,1895
pre_xx_7990,chr12,6890614,6891912,1298
pre_xx_7991,chr12,6904275,6905401,1126
pre_xx_7992,chr12,6913743,6915854,2111
pre_xx_7993,chr12,6924245,6924630,385
pre_xx_7994,chr12,6924821,6926495,1674
pre_xx_7995,chr12,6926938,6929083,2145
pre_xx_7996,chr12,6936510,6938353,1843
pre_xx_7997,chr12,6943242,6944920,1678
pre_xx_7998,chr12,6945950,6946952,1002
pre_xx_7999,chr12,6960666,6964171,3505
pre_xx_8000,chr12,6964869,6965412,543
pre_xx_8001,chr12,6969835,6971569,1734
pre_xx_8002,chr12,7017805,7019523,1718
pre_xx_8003,chr12,7060075,7061405,1330
pre_xx_8004,chr12,7091541,7092808,1267
pre_xx_8005,chr12,7107661,7109509,1848
pre_xx_8006,chr12,7129320,7131684,2364
pre_xx_8007,chr12,7162425,7163149,724
pre_xx_8008,chr12,7188365,7190529,2164
pre_xx_8009,chr12,7439599,7440494,895
pre_xx_8010,chr12,7637715,7639050,1335
pre_xx_8011,chr12,7639271,7640879,1608
pre_xx_8012,chr12,7730674,7731972,1298
pre_xx_8013,chr12,7859513,7860871,1358
pre_xx_8014,chr12,7890299,7891391,1092
pre_xx_8015,chr12,7904744,7906663,1919
pre_xx_8016,chr12,7933006,7933768,762
pre_xx_8017,chr12,7935255,7936609,1354
pre_xx_8018,chr12,7959632,7961226,1594
pre_xx_8019,chr12,7969905,7971865,1960
pre_xx_8020,chr12,8018337,8019527,1190
pre_xx_8021,chr12,8025689,8027406,1717
pre_xx_8022,chr12,8032037,8033902,1865
pre_xx_8023,chr12,8038319,8039234,915
pre_xx_8024,chr12,8080905,8082834,1929
pre_xx_8025,chr12,8179810,8181120,1310
pre_xx_8026,chr12,8242205,8244246,2041
pre_xx_8027,chr12,8319981,8321281,1300
pre_xx_8028,chr12,8389465,8390818,1353
pre_xx_8029,chr12,8396113,8397009,896
pre_xx_8030,chr12,8680596,8682754,2158
pre_xx_8031,chr12,8687479,8688522,1043
pre_xx_8032,chr12,8696541,8698826,2285
pre_xx_8033,chr12,8844313,8845574,1261
pre_xx_8034,chr12,8890238,8891140,902
pre_xx_8035,chr12,8912956,8915646,2690
pre_xx_8036,chr12,8948637,8950730,2093
pre_xx_8037,chr12,9063776,9065543,1767
pre_xx_8038,chr12,9447487,9449024,1537
pre_xx_8039,chr12,9646788,9649022,2234
pre_xx_8040,chr12,9750375,9752039,1664
pre_xx_8041,chr12,10009606,10011161,1555
pre_xx_8042,chr12,10153048,10154372,1324
pre_xx_8043,chr12,10211990,10214426,2436
pre_xx_8044,chr12,10362651,10365645,2994
pre_xx_8045,chr12,10368034,10368899,865
pre_xx_8046,chr12,10612708,10614499,1791
pre_xx_8047,chr12,10673435,10674512,1077
pre_xx_8048,chr12,10721634,10723776,2142
pre_xx_8049,chr12,10749655,10750543,888
pre_xx_8050,chr12,11170630,11172518,1888
pre_xx_8051,chr12,11499977,11501158,1181
pre_xx_8052,chr12,11546661,11547682,1021
pre_xx_8053,chr12,11648552,11651290,2738
pre_xx_8054,chr12,11705784,11708522,2738
pre_xx_8055,chr12,11758091,11759443,1352
pre_xx_8056,chr12,11795287,11796446,1159
pre_xx_8057,chr12,11812030,11813903,1873
pre_xx_8058,chr12,11826444,11827929,1485
pre_xx_8059,chr12,11862556,11864385,1829
pre_xx_8060,chr12,11877097,11878698,1601
pre_xx_8061,chr12,11894674,11895642,968
pre_xx_8062,chr12,12032135,12033707,1572
pre_xx_8063,chr12,12265285,12268002,2717
pre_xx_8064,chr12,12319392,12320827,1435
pre_xx_8065,chr12,12333093,12334666,1573
pre_xx_8066,chr12,12349155,12350734,1579
pre_xx_8067,chr12,12356678,12358313,1635
pre_xx_8068,chr12,12505557,12507471,1914
pre_xx_8069,chr12,12526804,12528575,1771
pre_xx_8070,chr12,12533152,12534512,1360
pre_xx_8071,chr12,12560603,12563295,2692
pre_xx_8072,chr12,12611085,12612747,1662
pre_xx_8073,chr12,12655617,12656617,1000
pre_xx_8074,chr12,12695683,12697210,1527
pre_xx_8075,chr12,12704223,12705096,873
pre_xx_8076,chr12,12714167,12714921,754
pre_xx_8077,chr12,12716022,12718671,2649
pre_xx_8078,chr12,12723616,12726157,2541
pre_xx_8079,chr12,12786445,12787854,1409
pre_xx_8080,chr12,12791636,12792788,1152
pre_xx_8081,chr12,12801712,12802708,996
pre_xx_8082,chr12,12802950,12803553,603
pre_xx_8083,chr12,12812679,12813728,1049
pre_xx_8084,chr12,12884741,12885782,1041
pre_xx_8085,chr12,12890212,12892291,2079
pre_xx_8086,chr12,12915870,12917186,1316
pre_xx_8087,chr12,12926711,12928028,1317
pre_xx_8088,chr12,12933832,12935456,1624
pre_xx_8089,chr12,12978981,12980288,1307
pre_xx_8090,chr12,12999080,13001793,2713
pre_xx_8091,chr12,13043836,13045274,1438
pre_xx_8092,chr12,13097800,13098792,992
pre_xx_8093,chr12,13100637,13102091,1454
pre_xx_8094,chr12,13134885,13136204,1319
pre_xx_8095,chr12,13171554,13172482,928
pre_xx_8096,chr12,13178574,13180104,1530
pre_xx_8097,chr12,13195767,13197320,1553
pre_xx_8098,chr12,13211477,13212461,984
pre_xx_8099,chr12,13255379,13256469,1090
pre_xx_8100,chr12,13277633,13279037,1404
pre_xx_8101,chr12,13389873,13391261,1388
pre_xx_8102,chr12,13979908,13982351,2443
pre_xx_8103,chr12,14257155,14258867,1712
pre_xx_8104,chr12,14283568,14285096,1528
pre_xx_8105,chr12,14365002,14366444,1442
pre_xx_8106,chr12,14366884,14367612,728
pre_xx_8107,chr12,14567126,14568840,1714
pre_xx_8108,chr12,14627317,14630478,3161
pre_xx_8109,chr12,14756078,14756940,862
pre_xx_8110,chr12,14768916,14771309,2393
pre_xx_8111,chr12,14773666,14775428,1762
pre_xx_8112,chr12,14802463,14804365,1902
pre_xx_8113,chr12,14884221,14884944,723
pre_xx_8114,chr12,14948441,14949165,724
pre_xx_8115,chr12,15220481,15221721,1240
pre_xx_8116,chr12,15321930,15323785,1855
pre_xx_8117,chr12,15589949,15590858,909
pre_xx_8118,chr12,15787905,15790132,2227
pre_xx_8119,chr12,15881592,15883771,2179
pre_xx_8120,chr12,15910777,15911984,1207
pre_xx_8121,chr12,16095089,16096913,1824
pre_xx_8122,chr12,16324575,16325844,1269
pre_xx_8123,chr12,16347029,16348690,1661
pre_xx_8124,chr12,16604146,16605195,1049
pre_xx_8125,chr12,16605433,16607280,1847
pre_xx_8126,chr12,16880650,16881495,845
pre_xx_8127,chr12,19129017,19131348,2331
pre_xx_8128,chr12,19438932,19440938,2006
pre_xx_8129,chr12,19846430,19848258,1828
pre_xx_8130,chr12,19953218,19954333,1115
pre_xx_8131,chr12,20367803,20370366,2563
pre_xx_8132,chr12,21437091,21438457,1366
pre_xx_8133,chr12,21500711,21502455,1744
pre_xx_8134,chr12,21526790,21528217,1427
pre_xx_8135,chr12,21656321,21658157,1836
pre_xx_8136,chr12,21751100,21752121,1021
pre_xx_8137,chr12,21772915,21775889,2974
pre_xx_8138,chr12,21940461,21942529,2068
pre_xx_8139,chr12,22045974,22047260,1286
pre_xx_8140,chr12,22333575,22335980,2405
pre_xx_8141,chr12,22543214,22544912,1698
pre_xx_8142,chr12,22624358,22626174,1816
pre_xx_8143,chr12,22700199,22701773,1574
pre_xx_8144,chr12,23948994,23951489,2495
pre_xx_8145,chr12,24560940,24564351,3411
pre_xx_8146,chr12,24745759,24747698,1939
pre_xx_8147,chr12,24901852,24903995,2143
pre_xx_8148,chr12,24921054,24922207,1153
pre_xx_8149,chr12,24923457,24925338,1881
pre_xx_8150,chr12,24943885,24944595,710
pre_xx_8151,chr12,24947742,24949522,1780
pre_xx_8152,chr12,24975105,24976142,1037
pre_xx_8153,chr12,25194104,25196072,1968
pre_xx_8154,chr12,25249869,25252144,2275
pre_xx_8155,chr12,25384535,25387811,3276
pre_xx_8156,chr12,25583329,25585770,2441
pre_xx_8157,chr12,25630288,25631371,1083
pre_xx_8158,chr12,25957730,25959949,2219
pre_xx_8159,chr12,26113721,26115275,1554
pre_xx_8160,chr12,26122044,26123445,1401
pre_xx_8161,chr12,26124412,26126795,2383
pre_xx_8162,chr12,26134661,26135752,1091
pre_xx_8163,chr12,26195028,26196665,1637
pre_xx_8164,chr12,26226304,26227823,1519
pre_xx_8165,chr12,26233343,26234287,944
pre_xx_8166,chr12,26271474,26272243,769
pre_xx_8167,chr12,26303067,26304708,1641
pre_xx_8168,chr12,26744644,26745439,795
pre_xx_8169,chr12,26831933,26834202,2269
pre_xx_8170,chr12,26845688,26846705,1017
pre_xx_8171,chr12,26870106,26871484,1378
pre_xx_8172,chr12,26884410,26885297,887
pre_xx_8173,chr12,26937370,26939641,2271
pre_xx_8174,chr12,27013443,27014926,1483
pre_xx_8175,chr12,27017060,27017833,773
pre_xx_8176,chr12,27021822,27023478,1656
pre_xx_8177,chr12,27243620,27245509,1889
pre_xx_8178,chr12,27291306,27292242,936
pre_xx_8179,chr12,27332099,27333950,1851
pre_xx_8180,chr12,27461767,27463224,1457
pre_xx_8181,chr12,27463668,27464654,986
pre_xx_8182,chr12,27523198,27525781,2583
pre_xx_8183,chr12,27549084,27550474,1390
pre_xx_8184,chr12,27660939,27661760,821
pre_xx_8185,chr12,27709838,27711638,1800
pre_xx_8186,chr12,27779244,27781429,2185
pre_xx_8187,chr12,27817759,27819211,1452
pre_xx_8188,chr12,27819301,27820269,968
pre_xx_8189,chr12,27968915,27970934,2019
pre_xx_8190,chr12,27974525,27976193,1668
pre_xx_8191,chr12,28189892,28192062,2170
pre_xx_8192,chr12,28854907,28856522,1615
pre_xx_8193,chr12,29148158,29150082,1924
pre_xx_8194,chr12,29380009,29381863,1854
pre_xx_8195,chr12,29640003,29641250,1247
pre_xx_8196,chr12,29782264,29784621,2357
pre_xx_8197,chr12,30169589,30170749,1160
pre_xx_8198,chr12,30200624,30201972,1348
pre_xx_8199,chr12,30518162,30519883,1721
pre_xx_8200,chr12,30694043,30696577,2534
pre_xx_8201,chr12,30753350,30755532,2182
pre_xx_8202,chr12,30794890,30797208,2318
pre_xx_8203,chr12,30822125,30823702,1577
pre_xx_8204,chr12,30851092,30852006,914
pre_xx_8205,chr12,30925880,30927566,1686
pre_xx_8206,chr12,31073025,31074803,1778
pre_xx_8207,chr12,31116945,31119947,3002
pre_xx_8208,chr12,31234880,31235657,777
pre_xx_8209,chr12,31322827,31323210,383
pre_xx_8210,chr12,31323459,31326701,3242
pre_xx_8211,chr12,31368568,31371547,2979
pre_xx_8212,chr12,31402943,31403528,585
pre_xx_8213,chr12,31570682,31571242,560
pre_xx_8214,chr12,31589590,31591881,2291
pre_xx_8215,chr12,31629275,31630605,1330
pre_xx_8216,chr12,31636222,31637048,826
pre_xx_8217,chr12,31640907,31642174,1267
pre_xx_8218,chr12,31658278,31660056,1778
pre_xx_8219,chr12,31728248,31729584,1336
pre_xx_8220,chr12,31876603,31878303,1700
pre_xx_8221,chr12,31958463,31960649,2186
pre_xx_8222,chr12,32010205,32011601,1396
pre_xx_8223,chr12,32038911,32040840,1929
pre_xx_8224,chr12,32105978,32108263,2285
pre_xx_8225,chr12,32309446,32310918,1472
pre_xx_8226,chr12,32398654,32400784,2130
pre_xx_8227,chr12,32436703,32437907,1204
pre_xx_8228,chr12,32501758,32503230,1472
pre_xx_8229,chr12,32533865,32536084,2219
pre_xx_8230,chr12,32671675,32672971,1296
pre_xx_8231,chr12,32678659,32680581,1922
pre_xx_8232,chr12,32754278,32757117,2839
pre_xx_8233,chr12,32895619,32897583,1964
pre_xx_8234,chr12,32901356,32902032,676
pre_xx_8235,chr12,32916440,32917691,1251
pre_xx_8236,chr12,32918958,32919957,999
pre_xx_8237,chr12,33437695,33440184,2489
pre_xx_8238,chr12,34021466,34023225,1759
pre_xx_8239,chr12,34218216,34219752,1536
pre_xx_8240,chr12,38137897,38139206,1309
pre_xx_8241,chr12,38315952,38317482,1530
pre_xx_8242,chr12,38904682,38907288,2606
pre_xx_8243,chr12,39125273,39126447,1174
pre_xx_8244,chr12,39144446,39145822,1376
pre_xx_8245,chr12,39157223,39158515,1292
pre_xx_8246,chr12,39327209,39328541,1332
pre_xx_8247,chr12,39441489,39444168,2679
pre_xx_8248,chr12,39619249,39620956,1707
pre_xx_8249,chr12,40054378,40055518,1140
pre_xx_8250,chr12,40104949,40106583,1634
pre_xx_8251,chr12,40224117,40225715,1598
pre_xx_8252,chr12,40691920,40693860,1940
pre_xx_8253,chr12,40792535,40794434,1899
pre_xx_8254,chr12,41187892,41189232,1340
pre_xx_8255,chr12,41189404,41190696,1292
pre_xx_8256,chr12,41626938,41628362,1424
pre_xx_8257,chr12,41647979,41649494,1515
pre_xx_8258,chr12,41931897,41933078,1181
pre_xx_8259,chr12,42023704,42024538,834
pre_xx_8260,chr12,42143254,42145447,2193
pre_xx_8261,chr12,42237030,42238957,1927
pre_xx_8262,chr12,42324778,42327184,2406
pre_xx_8263,chr12,42387639,42388831,1192
pre_xx_8264,chr12,42481936,42484711,2775
pre_xx_8265,chr12,42502570,42504748,2178
pre_xx_8266,chr12,42588539,42590893,2354
pre_xx_8267,chr12,43550630,43552541,1911
pre_xx_8268,chr12,43758041,43759679,1638
pre_xx_8269,chr12,43805134,43806992,1858
pre_xx_8270,chr12,43835178,43837006,1828
pre_xx_8271,chr12,44874880,44877150,2270
pre_xx_8272,chr12,45049961,45052172,2211
pre_xx_8273,chr12,45214797,45217079,2282
pre_xx_8274,chr12,45268194,45269503,1309
pre_xx_8275,chr12,45356890,45358416,1526
pre_xx_8276,chr12,45464308,45466611,2303
pre_xx_8277,chr12,45546159,45547780,1621
pre_xx_8278,chr12,45726878,45727957,1079
pre_xx_8279,chr12,45728421,45731136,2715
pre_xx_8280,chr12,45989477,45992290,2813
pre_xx_8281,chr12,46123978,46126027,2049
pre_xx_8282,chr12,46159836,46161479,1643
pre_xx_8283,chr12,46209777,46211391,1614
pre_xx_8284,chr12,46259999,46261014,1015
pre_xx_8285,chr12,46266427,46270152,3725
pre_xx_8286,chr12,46327794,46329235,1441
pre_xx_8287,chr12,46356567,46358357,1790
pre_xx_8288,chr12,46371037,46373940,2903
pre_xx_8289,chr12,46382633,46384540,1907
pre_xx_8290,chr12,46492340,46494976,2636
pre_xx_8291,chr12,46825302,46826174,872
pre_xx_8292,chr12,46830581,46832592,2011
pre_xx_8293,chr12,46942443,46943346,903
pre_xx_8294,chr12,47078649,47081030,2381
pre_xx_8295,chr12,47154634,47156600,1966
pre_xx_8296,chr12,47200353,47201772,1419
pre_xx_8297,chr12,47222403,47224344,1941
pre_xx_8298,chr12,47705061,47706962,1901
pre_xx_8299,chr12,47715136,47716366,1230
pre_xx_8300,chr12,47717165,47718176,1011
pre_xx_8301,chr12,47729990,47730881,891
pre_xx_8302,chr12,47736665,47737803,1138
pre_xx_8303,chr12,47740521,47741738,1217
pre_xx_8304,chr12,47744789,47746140,1351
pre_xx_8305,chr12,47757405,47759637,2232
pre_xx_8306,chr12,47768258,47768899,641
pre_xx_8307,chr12,47772650,47774094,1444
pre_xx_8308,chr12,47778887,47779760,873
pre_xx_8309,chr12,47796916,47798881,1965
pre_xx_8310,chr12,47807872,47808783,911
pre_xx_8311,chr12,47811521,47813815,2294
pre_xx_8312,chr12,47816462,47817486,1024
pre_xx_8313,chr12,47818553,47821258,2705
pre_xx_8314,chr12,47827998,47829913,1915
pre_xx_8315,chr12,47850355,47852893,2538
pre_xx_8316,chr12,47882285,47883664,1379
pre_xx_8317,chr12,47904467,47905823,1356
pre_xx_8318,chr12,47941437,47943264,1827
pre_xx_8319,chr12,47945891,47947813,1922
pre_xx_8320,chr12,47962524,47964569,2045
pre_xx_8321,chr12,47980839,47982509,1670
pre_xx_8322,chr12,47995593,47996453,860
pre_xx_8323,chr12,48000955,48003081,2126
pre_xx_8324,chr12,48003466,48005223,1757
pre_xx_8325,chr12,48022815,48024227,1412
pre_xx_8326,chr12,48036894,48038392,1498
pre_xx_8327,chr12,48105171,48106865,1694
pre_xx_8328,chr12,48118479,48120492,2013
pre_xx_8329,chr12,48156488,48157923,1435
pre_xx_8330,chr12,48182756,48185417,2661
pre_xx_8331,chr12,48189298,48190009,711
pre_xx_8332,chr12,48197457,48200268,2811
pre_xx_8333,chr12,48212326,48214246,1920
pre_xx_8334,chr12,48296243,48297460,1217
pre_xx_8335,chr12,48349332,48351498,2166
pre_xx_8336,chr12,48419664,48420812,1148
pre_xx_8337,chr12,48422042,48422448,406
pre_xx_8338,chr12,48681269,48682772,1503
pre_xx_8339,chr12,48715874,48717576,1702
pre_xx_8340,chr12,48752919,48753849,930
pre_xx_8341,chr12,48786998,48790272,3274
pre_xx_8342,chr12,48795402,48796343,941
pre_xx_8343,chr12,48810623,48811418,795
pre_xx_8344,chr12,48813455,48816000,2545
pre_xx_8345,chr12,48817812,48819210,1398
pre_xx_8346,chr12,48851428,48853557,2129
pre_xx_8347,chr12,48864920,48866236,1316
pre_xx_8348,chr12,48883021,48884363,1342
pre_xx_8349,chr12,48890457,48891613,1156
pre_xx_8350,chr12,48903361,48904803,1442
pre_xx_8351,chr12,48924417,48925935,1518
pre_xx_8352,chr12,48956050,48958037,1987
pre_xx_8353,chr12,48969758,48970485,727
pre_xx_8354,chr12,48971112,48971987,875
pre_xx_8355,chr12,48977772,48979067,1295
pre_xx_8356,chr12,48979477,48981718,2241
pre_xx_8357,chr12,48995249,48995832,583
pre_xx_8358,chr12,48996729,49000568,3839
pre_xx_8359,chr12,49017760,49019727,1967
pre_xx_8360,chr12,49059255,49061285,2030
pre_xx_8361,chr12,49068931,49070416,1485
pre_xx_8362,chr12,49087993,49088741,748
pre_xx_8363,chr12,49089764,49090583,819
pre_xx_8364,chr12,49091504,49092649,1145
pre_xx_8365,chr12,49093755,49094956,1201
pre_xx_8366,chr12,49108875,49111278,2403
pre_xx_8367,chr12,49129888,49132060,2172
pre_xx_8368,chr12,49187196,49189435,2239
pre_xx_8369,chr12,49214589,49215655,1066
pre_xx_8370,chr12,49232038,49233346,1308
pre_xx_8371,chr12,49233649,49235767,2118
pre_xx_8372,chr12,49264149,49265752,1603
pre_xx_8373,chr12,49294898,49295758,860
pre_xx_8374,chr12,49296212,49297756,1544
pre_xx_8375,chr12,49321623,49323941,2318
pre_xx_8376,chr12,49331145,49332525,1380
pre_xx_8377,chr12,49335961,49337429,1468
pre_xx_8378,chr12,49339268,49339799,531
pre_xx_8379,chr12,49341944,49343231,1287
pre_xx_8380,chr12,49344985,49345637,652
pre_xx_8381,chr12,49346056,49346966,910
pre_xx_8382,chr12,49347160,49348121,961
pre_xx_8383,chr12,49366230,49368150,1920
pre_xx_8384,chr12,49537481,49539742,2261
pre_xx_8385,chr12,49543494,49544513,1019
pre_xx_8386,chr12,49548645,49550250,1605
pre_xx_8387,chr12,49567173,49569098,1925
pre_xx_8388,chr12,49580133,49581110,977
pre_xx_8389,chr12,49622065,49624481,2416
pre_xx_8390,chr12,49636524,49638126,1602
pre_xx_8391,chr12,49672126,49674474,2348
pre_xx_8392,chr12,49698336,49699613,1277
pre_xx_8393,chr12,49706203,49708039,1836
pre_xx_8394,chr12,49740947,49742510,1563
pre_xx_8395,chr12,49789885,49790491,606
pre_xx_8396,chr12,49808311,49810424,2113
pre_xx_8397,chr12,49827088,49829087,1999
pre_xx_8398,chr12,49841792,49843354,1562
pre_xx_8399,chr12,49866902,49868119,1217
pre_xx_8400,chr12,49868592,49869946,1354
pre_xx_8401,chr12,49891757,49892724,967
pre_xx_8402,chr12,49902463,49904475,2012
pre_xx_8403,chr12,49945305,49945887,582
pre_xx_8404,chr12,49960868,49962273,1405
pre_xx_8405,chr12,49966695,49967944,1249
pre_xx_8406,chr12,49974000,49975384,1384
pre_xx_8407,chr12,49983565,49984713,1148
pre_xx_8408,chr12,49985536,49986265,729
pre_xx_8409,chr12,49987507,49988303,796
pre_xx_8410,chr12,50024653,50025920,1267
pre_xx_8411,chr12,50050146,50051765,1619
pre_xx_8412,chr12,50055812,50056810,998
pre_xx_8413,chr12,50056913,50058281,1368
pre_xx_8414,chr12,50062734,50063562,828
pre_xx_8415,chr12,50070162,50071016,854
pre_xx_8416,chr12,50074978,50075671,693
pre_xx_8417,chr12,50084533,50086466,1933
pre_xx_8418,chr12,50103362,50104387,1025
pre_xx_8419,chr12,50110681,50112942,2261
pre_xx_8420,chr12,50166195,50167898,1703
pre_xx_8421,chr12,50220312,50223056,2744
pre_xx_8422,chr12,50282553,50284170,1617
pre_xx_8423,chr12,50400153,50402850,2697
pre_xx_8424,chr12,50504370,50506336,1966
pre_xx_8425,chr12,50763254,50765886,2632
pre_xx_8426,chr12,50842258,50843332,1074
pre_xx_8427,chr12,50923949,50925574,1625
pre_xx_8428,chr12,51024511,51026856,2345
pre_xx_8429,chr12,51047473,51048912,1439
pre_xx_8430,chr12,51082274,51083939,1665
pre_xx_8431,chr12,51171742,51173485,1743
pre_xx_8432,chr12,51183453,51184566,1113
pre_xx_8433,chr12,51216993,51218951,1958
pre_xx_8434,chr12,51237978,51240064,2086
pre_xx_8435,chr12,51269163,51271178,2015
pre_xx_8436,chr12,51371176,51372288,1112
pre_xx_8437,chr12,51386133,51387011,878
pre_xx_8438,chr12,51390856,51392297,1441
pre_xx_8439,chr12,51409560,51410612,1052
pre_xx_8440,chr12,51419396,51420224,828
pre_xx_8441,chr12,51424206,51425494,1288
pre_xx_8442,chr12,51531220,51532688,1468
pre_xx_8443,chr12,51590195,51591901,1706
pre_xx_8444,chr12,51721162,51722342,1180
pre_xx_8445,chr12,51813905,51815074,1169
pre_xx_8446,chr12,51820003,51822224,2221
pre_xx_8447,chr12,51846539,51849652,3113
pre_xx_8448,chr12,51855634,51856605,971
pre_xx_8449,chr12,51863393,51865235,1842
pre_xx_8450,chr12,51868749,51870700,1951
pre_xx_8451,chr12,51904899,51908038,3139
pre_xx_8452,chr12,51917253,51918576,1323
pre_xx_8453,chr12,51951024,51953434,2410
pre_xx_8454,chr12,52005753,52008002,2249
pre_xx_8455,chr12,52009988,52010862,874
pre_xx_8456,chr12,52014419,52016068,1649
pre_xx_8457,chr12,52020554,52021060,506
pre_xx_8458,chr12,52022850,52024040,1190
pre_xx_8459,chr12,52025357,52026169,812
pre_xx_8460,chr12,52029665,52030018,353
pre_xx_8461,chr12,52032326,52033445,1119
pre_xx_8462,chr12,52036451,52037857,1406
pre_xx_8463,chr12,52042776,52044759,1983
pre_xx_8464,chr12,52050188,52051872,1684
pre_xx_8465,chr12,52052432,52052661,229
pre_xx_8466,chr12,52053843,52054292,449
pre_xx_8467,chr12,52055462,52056017,555
pre_xx_8468,chr12,52056212,52056512,300
pre_xx_8469,chr12,52056586,52057093,507
pre_xx_8470,chr12,52058561,52059220,659
pre_xx_8471,chr12,52059519,52060963,1444
pre_xx_8472,chr12,52063031,52064573,1542
pre_xx_8473,chr12,52068873,52070872,1999
pre_xx_8474,chr12,52075073,52075626,553
pre_xx_8475,chr12,52079342,52080157,815
pre_xx_8476,chr12,52080397,52081815,1418
pre_xx_8477,chr12,52082823,52083713,890
pre_xx_8478,chr12,52119388,52120440,1052
pre_xx_8479,chr12,52151763,52152604,841
pre_xx_8480,chr12,52156627,52157353,726
pre_xx_8481,chr12,52163609,52164353,744
pre_xx_8482,chr12,52182983,52183891,908
pre_xx_8483,chr12,52191693,52192758,1065
pre_xx_8484,chr12,52193702,52195617,1915
pre_xx_8485,chr12,52202193,52203985,1792
pre_xx_8486,chr12,52213285,52213890,605
pre_xx_8487,chr12,52232533,52234564,2031
pre_xx_8488,chr12,52243218,52245019,1801
pre_xx_8489,chr12,52258075,52258949,874
pre_xx_8490,chr12,52278474,52279456,982
pre_xx_8491,chr12,52307920,52309274,1354
pre_xx_8492,chr12,52365646,52367701,2055
pre_xx_8493,chr12,52372330,52373047,717
pre_xx_8494,chr12,52422974,52424519,1545
pre_xx_8495,chr12,52495230,52497196,1966
pre_xx_8496,chr12,52690665,52692032,1367
pre_xx_8497,chr12,52713795,52714888,1093
pre_xx_8498,chr12,52789352,52790661,1309
pre_xx_8499,chr12,52873567,52874642,1075
pre_xx_8500,chr12,52879251,52880231,980
pre_xx_8501,chr12,52884373,52885265,892
pre_xx_8502,chr12,52895084,52896870,1786
pre_xx_8503,chr12,52896982,52897633,651
pre_xx_8504,chr12,52903189,52905401,2212
pre_xx_8505,chr12,52907022,52907547,525
pre_xx_8506,chr12,52912586,52913842,1256
pre_xx_8507,chr12,52924777,52926818,2041
pre_xx_8508,chr12,52945353,52946244,891
pre_xx_8509,chr12,52948514,52950109,1595
pre_xx_8510,chr12,52952049,52952462,413
pre_xx_8511,chr12,52952892,52953746,854
pre_xx_8512,chr12,52964495,52965788,1293
pre_xx_8513,chr12,52969310,52970650,1340
pre_xx_8514,chr12,52976257,52977443,1186
pre_xx_8515,chr12,52980636,52981281,645
pre_xx_8516,chr12,53005386,53007807,2421
pre_xx_8517,chr12,53046391,53049307,2916
pre_xx_8518,chr12,53049641,53050177,536
pre_xx_8519,chr12,53052537,53053276,739
pre_xx_8520,chr12,53053564,53054853,1289
pre_xx_8521,chr12,53060579,53062500,1921
pre_xx_8522,chr12,53063579,53064775,1196
pre_xx_8523,chr12,53078578,53080062,1484
pre_xx_8524,chr12,53096342,53098415,2073
pre_xx_8525,chr12,53098677,53099695,1018
pre_xx_8526,chr12,53159011,53160306,1295
pre_xx_8527,chr12,53170835,53172856,2021
pre_xx_8528,chr12,53179819,53181609,1790
pre_xx_8529,chr12,53189910,53190557,647
pre_xx_8530,chr12,53197212,53198193,981
pre_xx_8531,chr12,53212986,53213800,814
pre_xx_8532,chr12,53219378,53221954,2576
pre_xx_8533,chr12,53231142,53233130,1988
pre_xx_8534,chr12,53251095,53253012,1917
pre_xx_8535,chr12,53267447,53269310,1863
pre_xx_8536,chr12,53294854,53296206,1352
pre_xx_8537,chr12,53299089,53300525,1436
pre_xx_8538,chr12,53320948,53321919,971
pre_xx_8539,chr12,53324153,53326118,1965
pre_xx_8540,chr12,53344189,53346285,2096
pre_xx_8541,chr12,53352244,53353180,936
pre_xx_8542,chr12,53370286,53372392,2106
pre_xx_8543,chr12,53378893,53381128,2235
pre_xx_8544,chr12,53414711,53416347,1636
pre_xx_8545,chr12,53421181,53422072,891
pre_xx_8546,chr12,53423437,53425290,1853
pre_xx_8547,chr12,53440805,53442257,1452
pre_xx_8548,chr12,53451458,53453052,1594
pre_xx_8549,chr12,53465167,53466308,1141
pre_xx_8550,chr12,53492176,53493907,1731
pre_xx_8551,chr12,53498589,53499907,1318
pre_xx_8552,chr12,53500165,53501783,1618
pre_xx_8553,chr12,53508240,53509011,771
pre_xx_8554,chr12,53623558,53624289,731
pre_xx_8555,chr12,53624908,53626818,1910
pre_xx_8556,chr12,53675380,53678026,2646
pre_xx_8557,chr12,53694799,53697542,2743
pre_xx_8558,chr12,53726590,53728169,1579
pre_xx_8559,chr12,53738077,53740157,2080
pre_xx_8560,chr12,53743205,53743924,719
pre_xx_8561,chr12,53746395,53746942,547
pre_xx_8562,chr12,53750800,53752365,1565
pre_xx_8563,chr12,53927095,53928798,1703
pre_xx_8564,chr12,53938065,53939971,1906
pre_xx_8565,chr12,53965723,53966954,1231
pre_xx_8566,chr12,53973093,53975385,2292
pre_xx_8567,chr12,53984666,53986400,1734
pre_xx_8568,chr12,53994014,53996156,2142
pre_xx_8569,chr12,53999439,54000918,1479
pre_xx_8570,chr12,54005520,54006450,930
pre_xx_8571,chr12,54008672,54009747,1075
pre_xx_8572,chr12,54016445,54018936,2491
pre_xx_8573,chr12,54021567,54021940,373
pre_xx_8574,chr12,54028221,54029015,794
pre_xx_8575,chr12,54030819,54031771,952
pre_xx_8576,chr12,54032514,54034235,1721
pre_xx_8577,chr12,54037538,54040463,2925
pre_xx_8578,chr12,54051851,54054696,2845
pre_xx_8579,chr12,54080899,54082926,2027
pre_xx_8580,chr12,54089775,54090800,1025
pre_xx_8581,chr12,54112139,54112733,594
pre_xx_8582,chr12,54125666,54127581,1915
pre_xx_8583,chr12,54140635,54142484,1849
pre_xx_8584,chr12,54158795,54159884,1089
pre_xx_8585,chr12,54166348,54167679,1331
pre_xx_8586,chr12,54172738,54174274,1536
pre_xx_8587,chr12,54188482,54189254,772
pre_xx_8588,chr12,54191253,54192132,879
pre_xx_8589,chr12,54195398,54196549,1151
pre_xx_8590,chr12,54201074,54201790,716
pre_xx_8591,chr12,54207437,54208391,954
pre_xx_8592,chr12,54214527,54215193,666
pre_xx_8593,chr12,54216826,54217388,562
pre_xx_8594,chr12,54217590,54218303,713
pre_xx_8595,chr12,54219898,54220450,552
pre_xx_8596,chr12,54227432,54228988,1556
pre_xx_8597,chr12,54248177,54249794,1617
pre_xx_8598,chr12,54259096,54260356,1260
pre_xx_8599,chr12,54261478,54262807,1329
pre_xx_8600,chr12,54279115,54281295,2180
pre_xx_8601,chr12,54285277,54286286,1009
pre_xx_8602,chr12,54299974,54301420,1446
pre_xx_8603,chr12,54324264,54325528,1264
pre_xx_8604,chr12,54329713,54330628,915
pre_xx_8605,chr12,54336342,54338149,1807
pre_xx_8606,chr12,54350364,54351024,660
pre_xx_8607,chr12,54351287,54352667,1380
pre_xx_8608,chr12,54352746,54353790,1044
pre_xx_8609,chr12,54358183,54359823,1640
pre_xx_8610,chr12,54360652,54361158,506
pre_xx_8611,chr12,54368381,54370947,2566
pre_xx_8612,chr12,54371524,54372370,846
pre_xx_8613,chr12,54378329,54380008,1679
pre_xx_8614,chr12,54390249,54391687,1438
pre_xx_8615,chr12,54417758,54419907,2149
pre_xx_8616,chr12,54548859,54550465,1606
pre_xx_8617,chr12,54559811,54561540,1729
pre_xx_8618,chr12,54570957,54572103,1146
pre_xx_8619,chr12,54579367,54580244,877
pre_xx_8620,chr12,54586727,54588933,2206
pre_xx_8621,chr12,54698756,54700599,1843
pre_xx_8622,chr12,55019477,55020409,932
pre_xx_8623,chr12,55619263,55620069,806
pre_xx_8624,chr12,55645950,55646902,952
pre_xx_8625,chr12,55658914,55660107,1193
pre_xx_8626,chr12,55681059,55682288,1229
pre_xx_8627,chr12,55706989,55709002,2013
pre_xx_8628,chr12,55715532,55716746,1214
pre_xx_8629,chr12,55717842,55718399,557
pre_xx_8630,chr12,55719929,55720543,614
pre_xx_8631,chr12,55727591,55730587,2996
pre_xx_8632,chr12,55736972,55739073,2101
pre_xx_8633,chr12,55742630,55744330,1700
pre_xx_8634,chr12,55745205,55746253,1048
pre_xx_8635,chr12,55816796,55818610,1814
pre_xx_8636,chr12,55828881,55831708,2827
pre_xx_8637,chr12,55901215,55902377,1162
pre_xx_8638,chr12,55925985,55928188,2203
pre_xx_8639,chr12,55931554,55932929,1375
pre_xx_8640,chr12,55939781,55940637,856
pre_xx_8641,chr12,55965337,55967585,2248
pre_xx_8642,chr12,55972830,55974851,2021
pre_xx_8643,chr12,55995999,55997963,1964
pre_xx_8644,chr12,56006844,56008502,1658
pre_xx_8645,chr12,56020066,56022167,2101
pre_xx_8646,chr12,56041050,56042638,1588
pre_xx_8647,chr12,56046781,56047858,1077
pre_xx_8648,chr12,56078801,56081027,2226
pre_xx_8649,chr12,56081157,56081912,755
pre_xx_8650,chr12,56103699,56105512,1813
pre_xx_8651,chr12,56115915,56117213,1298
pre_xx_8652,chr12,56117621,56118913,1292
pre_xx_8653,chr12,56119241,56119817,576
pre_xx_8654,chr12,56126092,56126487,395
pre_xx_8655,chr12,56127454,56129641,2187
pre_xx_8656,chr12,56151587,56153020,1433
pre_xx_8657,chr12,56157180,56159410,2230
pre_xx_8658,chr12,56163437,56163916,479
pre_xx_8659,chr12,56188100,56190610,2510
pre_xx_8660,chr12,56220683,56222543,1860
pre_xx_8661,chr12,56223818,56224580,762
pre_xx_8662,chr12,56243428,56244577,1149
pre_xx_8663,chr12,56257218,56259236,2018
pre_xx_8664,chr12,56266347,56268034,1687
pre_xx_8665,chr12,56286362,56287481,1119
pre_xx_8666,chr12,56299108,56300924,1816
pre_xx_8667,chr12,56314918,56316721,1803
pre_xx_8668,chr12,56333125,56334717,1592
pre_xx_8669,chr12,56359736,56361086,1350
pre_xx_8670,chr12,56448355,56449807,1452
pre_xx_8671,chr12,56464114,56464645,531
pre_xx_8672,chr12,56467888,56469365,1477
pre_xx_8673,chr12,56487156,56488884,1728
pre_xx_8674,chr12,56521007,56523137,2130
pre_xx_8675,chr12,56565246,56566457,1211
pre_xx_8676,chr12,56593731,56594776,1045
pre_xx_8677,chr12,56610692,56611981,1289
pre_xx_8678,chr12,56628400,56630493,2093
pre_xx_8679,chr12,56634181,56635644,1463
pre_xx_8680,chr12,56635898,56637312,1414
pre_xx_8681,chr12,56644755,56646480,1725
pre_xx_8682,chr12,56686691,56689614,2923
pre_xx_8683,chr12,56724387,56725797,1410
pre_xx_8684,chr12,56751088,56752597,1509
pre_xx_8685,chr12,57005540,57006838,1298
pre_xx_8686,chr12,57026535,57028261,1726
pre_xx_8687,chr12,57069141,57069998,857
pre_xx_8688,chr12,57077876,57079246,1370
pre_xx_8689,chr12,57086468,57089372,2904
pre_xx_8690,chr12,57089564,57090166,602
pre_xx_8691,chr12,57093763,57094523,760
pre_xx_8692,chr12,57109868,57112636,2768
pre_xx_8693,chr12,57126950,57129131,2181
pre_xx_8694,chr12,57129354,57129800,446
pre_xx_8695,chr12,57141527,57143018,1491
pre_xx_8696,chr12,57148615,57149826,1211
pre_xx_8697,chr12,57151330,57152552,1222
pre_xx_8698,chr12,57166746,57167441,695
pre_xx_8699,chr12,57182620,57183667,1047
pre_xx_8700,chr12,57212665,57213622,957
pre_xx_8701,chr12,57214174,57214630,456
pre_xx_8702,chr12,57216169,57217841,1672
pre_xx_8703,chr12,57226387,57227541,1154
pre_xx_8704,chr12,57229288,57230626,1338
pre_xx_8705,chr12,57234721,57235603,882
pre_xx_8706,chr12,57238113,57239438,1325
pre_xx_8707,chr12,57239965,57240765,800
pre_xx_8708,chr12,57242364,57243960,1596
pre_xx_8709,chr12,57272194,57273437,1243
pre_xx_8710,chr12,57341238,57342667,1429
pre_xx_8711,chr12,57429530,57431463,1933
pre_xx_8712,chr12,57452012,57453216,1204
pre_xx_8713,chr12,57455936,57456420,484
pre_xx_8714,chr12,57458833,57460512,1679
pre_xx_8715,chr12,57460819,57462989,2170
pre_xx_8716,chr12,57474510,57476600,2090
pre_xx_8717,chr12,57487258,57488957,1699
pre_xx_8718,chr12,57519558,57521059,1501
pre_xx_8719,chr12,57521633,57523550,1917
pre_xx_8720,chr12,57546165,57547446,1281
pre_xx_8721,chr12,57549649,57550628,979
pre_xx_8722,chr12,57582978,57583763,785
pre_xx_8723,chr12,57590605,57592183,1578
pre_xx_8724,chr12,57603569,57605714,2145
pre_xx_8725,chr12,57609744,57611950,2206
pre_xx_8726,chr12,57620687,57622217,1530
pre_xx_8727,chr12,57627363,57628482,1119
pre_xx_8728,chr12,57631669,57633550,1881
pre_xx_8729,chr12,57693338,57694975,1637
pre_xx_8730,chr12,57725813,57727963,2150
pre_xx_8731,chr12,57735497,57736991,1494
pre_xx_8732,chr12,57737516,57739180,1664
pre_xx_8733,chr12,57744208,57745777,1569
pre_xx_8734,chr12,57751485,57752821,1336
pre_xx_8735,chr12,57754316,57756073,1757
pre_xx_8736,chr12,57764698,57767264,2566
pre_xx_8737,chr12,57771308,57773193,1885
pre_xx_8738,chr12,57782195,57783416,1221
pre_xx_8739,chr12,57814023,57815473,1450
pre_xx_8740,chr12,57831210,57832123,913
pre_xx_8741,chr12,57834409,57834827,418
pre_xx_8742,chr12,57836563,57837419,856
pre_xx_8743,chr12,57844371,57847337,2966
pre_xx_8744,chr12,57852152,57853348,1196
pre_xx_8745,chr12,57864271,57865795,1524
pre_xx_8746,chr12,57887970,57889109,1139
pre_xx_8747,chr12,57893350,57894378,1028
pre_xx_8748,chr12,57896134,57897528,1394
pre_xx_8749,chr12,57904907,57905771,864
pre_xx_8750,chr12,57934759,57936393,1634
pre_xx_8751,chr12,57940850,57942168,1318
pre_xx_8752,chr12,58171562,58172970,1408
pre_xx_8753,chr12,58919184,58920952,1768
pre_xx_8754,chr12,58924989,58926202,1213
pre_xx_8755,chr12,59595541,59597795,2254
pre_xx_8756,chr12,62190725,62192964,2239
pre_xx_8757,chr12,62259176,62261241,2065
pre_xx_8758,chr12,62434828,62436462,1634
pre_xx_8759,chr12,62465678,62467774,2096
pre_xx_8760,chr12,62601945,62603977,2032
pre_xx_8761,chr12,62631172,62632922,1750
pre_xx_8762,chr12,62730179,62732485,2306
pre_xx_8763,chr12,62817278,62818591,1313
pre_xx_8764,chr12,62919634,62920694,1060
pre_xx_8765,chr12,62933075,62935965,2890
pre_xx_8766,chr12,63149959,63152375,2416
pre_xx_8767,chr12,63667451,63669350,1899
pre_xx_8768,chr12,63779109,63780657,1548
pre_xx_8769,chr12,63843251,63845246,1995
pre_xx_8770,chr12,64088092,64089186,1094
pre_xx_8771,chr12,64221149,64222850,1701
pre_xx_8772,chr12,64239892,64241067,1175
pre_xx_8773,chr12,64403713,64405553,1840
pre_xx_8774,chr12,64450803,64453178,2375
pre_xx_8775,chr12,64549406,64549906,500
pre_xx_8776,chr12,64559986,64561483,1497
pre_xx_8777,chr12,64608886,64612128,3242
pre_xx_8778,chr12,64669102,64670566,1464
pre_xx_8779,chr12,64758505,64760227,1722
pre_xx_8780,chr12,64780122,64782559,2437
pre_xx_8781,chr12,64824190,64826676,2486
pre_xx_8782,chr12,64863982,64864921,939
pre_xx_8783,chr12,64950461,64951330,869
pre_xx_8784,chr12,65120756,65122089,1333
pre_xx_8785,chr12,65168910,65171153,2243
pre_xx_8786,chr12,65277915,65279612,1697
pre_xx_8787,chr12,65510028,65511859,1831
pre_xx_8788,chr12,65728718,65729788,1070
pre_xx_8789,chr12,65740632,65743019,2387
pre_xx_8790,chr12,65822634,65823238,604
pre_xx_8791,chr12,65823404,65826430,3026
pre_xx_8792,chr12,65876687,65877627,940
pre_xx_8793,chr12,65881050,65883285,2235
pre_xx_8794,chr12,65891600,65893298,1698
pre_xx_8795,chr12,65916824,65919262,2438
pre_xx_8796,chr12,65925401,65927162,1761
pre_xx_8797,chr12,65935735,65937712,1977
pre_xx_8798,chr12,65948184,65949190,1006
pre_xx_8799,chr12,66127267,66128059,792
pre_xx_8800,chr12,66129787,66131264,1477
pre_xx_8801,chr12,66168980,66170361,1381
pre_xx_8802,chr12,66188589,66189694,1105
pre_xx_8803,chr12,66234743,66235621,878
pre_xx_8804,chr12,66301769,66302992,1223
pre_xx_8805,chr12,66303767,66304483,716
pre_xx_8806,chr12,66667840,66668841,1001
pre_xx_8807,chr12,66693866,66694621,755
pre_xx_8808,chr12,66694784,66695747,963
pre_xx_8809,chr12,67042616,67044259,1643
pre_xx_8810,chr12,67060607,67061328,721
pre_xx_8811,chr12,67067442,67070213,2771
pre_xx_8812,chr12,67268097,67270488,2391
pre_xx_8813,chr12,67354983,67357106,2123
pre_xx_8814,chr12,67410282,67411522,1240
pre_xx_8815,chr12,67441431,67442768,1337
pre_xx_8816,chr12,67456199,67457182,983
pre_xx_8817,chr12,67514911,67516347,1436
pre_xx_8818,chr12,67540807,67541995,1188
pre_xx_8819,chr12,67647353,67650779,3426
pre_xx_8820,chr12,67720936,67721649,713
pre_xx_8821,chr12,67772310,67773277,967
pre_xx_8822,chr12,68222921,68223534,613
pre_xx_8823,chr12,68244763,68246289,1526
pre_xx_8824,chr12,68331334,68332810,1476
pre_xx_8825,chr12,68364475,68365701,1226
pre_xx_8826,chr12,68609993,68612109,2116
pre_xx_8827,chr12,68686183,68687557,1374
pre_xx_8828,chr12,68745541,68746962,1421
pre_xx_8829,chr12,68807289,68809250,1961
pre_xx_8830,chr12,68932297,68933825,1528
pre_xx_8831,chr12,69238879,69240839,1960
pre_xx_8832,chr12,69283670,69284845,1175
pre_xx_8833,chr12,69329936,69332265,2329
pre_xx_8834,chr12,69359294,69360522,1228
pre_xx_8835,chr12,69415493,69416614,1121
pre_xx_8836,chr12,69469830,69471199,1369
pre_xx_8837,chr12,69509884,69510871,987
pre_xx_8838,chr12,69527440,69529148,1708
pre_xx_8839,chr12,69533848,69535187,1339
pre_xx_8840,chr12,69584834,69586219,1385
pre_xx_8841,chr12,69738162,69740157,1995
pre_xx_8842,chr12,69878841,69879713,872
pre_xx_8843,chr12,69987466,69989395,1929
pre_xx_8844,chr12,70242470,70244380,1910
pre_xx_8845,chr12,70365137,70368018,2881
pre_xx_8846,chr12,71157255,71159050,1795
pre_xx_8847,chr12,71438668,71441407,2739
pre_xx_8848,chr12,71662743,71665003,2260
pre_xx_8849,chr12,71685378,71686893,1515
pre_xx_8850,chr12,71754256,71755916,1660
pre_xx_8851,chr12,71839176,71840842,1666
pre_xx_8852,chr12,71938510,71939149,639
pre_xx_8853,chr12,72271251,72274281,3030
pre_xx_8854,chr12,72329793,72330861,1068
pre_xx_8855,chr12,74316560,74318069,1509
pre_xx_8856,chr12,74537094,74538918,1824
pre_xx_8857,chr12,75208956,75209995,1039
pre_xx_8858,chr12,75329694,75330533,839
pre_xx_8859,chr12,75334140,75335013,873
pre_xx_8860,chr12,75390445,75391628,1183
pre_xx_8861,chr12,75510582,75512042,1460
pre_xx_8862,chr12,75526598,75528230,1632
pre_xx_8863,chr12,75720643,75722260,1617
pre_xx_8864,chr12,75744483,75745620,1137
pre_xx_8865,chr12,75784169,75785049,880
pre_xx_8866,chr12,75814783,75815810,1027
pre_xx_8867,chr12,75877219,75878917,1698
pre_xx_8868,chr12,75908676,75910639,1963
pre_xx_8869,chr12,75913424,75914170,746
pre_xx_8870,chr12,75958846,75960628,1782
pre_xx_8871,chr12,76002409,76003571,1162
pre_xx_8872,chr12,76029903,76032850,2947
pre_xx_8873,chr12,76083617,76085621,2004
pre_xx_8874,chr12,76186033,76187075,1042
pre_xx_8875,chr12,76347665,76349168,1503
pre_xx_8876,chr12,76558439,76560363,1924
pre_xx_8877,chr12,76762564,76765239,2675
pre_xx_8878,chr12,76878040,76879883,1843
pre_xx_8879,chr12,77064661,77066242,1581
pre_xx_8880,chr12,77324304,77326162,1858
pre_xx_8881,chr12,77925343,77926061,718
pre_xx_8882,chr12,78863364,78865659,2295
pre_xx_8883,chr12,79689044,79691706,2662
pre_xx_8884,chr12,79933533,79936001,2468
pre_xx_8885,chr12,80703985,80704979,994
pre_xx_8886,chr12,80707865,80709043,1178
pre_xx_8887,chr12,80936119,80938068,1949
pre_xx_8888,chr12,81077234,81079392,2158
pre_xx_8889,chr12,81758012,81759916,1904
pre_xx_8890,chr12,82299446,82301201,1755
pre_xx_8891,chr12,82357789,82359468,1679
pre_xx_8892,chr12,82685682,82688443,2761
pre_xx_8893,chr12,82707818,82709019,1201
pre_xx_8894,chr12,83015189,83016567,1378
pre_xx_8895,chr12,84910473,84913452,2979
pre_xx_8896,chr12,85035887,85037054,1167
pre_xx_8897,chr12,85279048,85281007,1959
pre_xx_8898,chr12,85468330,85469726,1396
pre_xx_8899,chr12,86264070,86265465,1395
pre_xx_8900,chr12,88034956,88036407,1451
pre_xx_8901,chr12,88141410,88143056,1646
pre_xx_8902,chr12,88578256,88580924,2668
pre_xx_8903,chr12,88638246,88639850,1604
pre_xx_8904,chr12,88955066,88957141,2075
pre_xx_8905,chr12,89019293,89019929,636
pre_xx_8906,chr12,89098281,89099144,863
pre_xx_8907,chr12,89178981,89180790,1809
pre_xx_8908,chr12,89345315,89347177,1862
pre_xx_8909,chr12,89351397,89354804,3407
pre_xx_8910,chr12,89524093,89526684,2591
pre_xx_8911,chr12,89707607,89710378,2771
pre_xx_8912,chr12,89782882,89784096,1214
pre_xx_8913,chr12,89883594,89885381,1787
pre_xx_8914,chr12,89940961,89942075,1114
pre_xx_8915,chr12,89946823,89948902,2079
pre_xx_8916,chr12,90027888,90029683,1795
pre_xx_8917,chr12,90327485,90328786,1301
pre_xx_8918,chr12,90354877,90356521,1644
pre_xx_8919,chr12,90449012,90450364,1352
pre_xx_8920,chr12,90857426,90858810,1384
pre_xx_8921,chr12,91380663,91382711,2048
pre_xx_8922,chr12,91773558,91775018,1460
pre_xx_8923,chr12,92002147,92003533,1386
pre_xx_8924,chr12,92027816,92029105,1289
pre_xx_8925,chr12,92034536,92035667,1131
pre_xx_8926,chr12,92062255,92063515,1260
pre_xx_8927,chr12,92106827,92109112,2285
pre_xx_8928,chr12,92139577,92140008,431
pre_xx_8929,chr12,92144033,92146684,2651
pre_xx_8930,chr12,92464442,92465591,1149
pre_xx_8931,chr12,92784991,92785825,834
pre_xx_8932,chr12,92928268,92929952,1684
pre_xx_8933,chr12,92942225,92944815,2590
pre_xx_8934,chr12,93177371,93178270,899
pre_xx_8935,chr12,93377235,93379763,2528
pre_xx_8936,chr12,93440870,93443022,2152
pre_xx_8937,chr12,93466981,93468349,1368
pre_xx_8938,chr12,93569548,93572276,2728
pre_xx_8939,chr12,93572915,93573658,743
pre_xx_8940,chr12,93590918,93591977,1059
pre_xx_8941,chr12,93676862,93678305,1443
pre_xx_8942,chr12,93741416,93743125,1709
pre_xx_8943,chr12,94101147,94102660,1513
pre_xx_8944,chr12,94147898,94150857,2959
pre_xx_8945,chr12,94185969,94187694,1725
pre_xx_8946,chr12,94207517,94209538,2021
pre_xx_8947,chr12,94261544,94264681,3137
pre_xx_8948,chr12,94427094,94428416,1322
pre_xx_8949,chr12,94433362,94434799,1437
pre_xx_8950,chr12,94458770,94461004,2234
pre_xx_8951,chr12,94649250,94650981,1731
pre_xx_8952,chr12,94872786,94875386,2600
pre_xx_8953,chr12,95002815,95004146,1331
pre_xx_8954,chr12,95072243,95073881,1638
pre_xx_8955,chr12,95172811,95174603,1792
pre_xx_8956,chr12,95216479,95219073,2594
pre_xx_8957,chr12,95335922,95337478,1556
pre_xx_8958,chr12,95446201,95447314,1113
pre_xx_8959,chr12,95472756,95475026,2270
pre_xx_8960,chr12,95547725,95549171,1446
pre_xx_8961,chr12,95755029,95756072,1043
pre_xx_8962,chr12,95789201,95791702,2501
pre_xx_8963,chr12,95857857,95860169,2312
pre_xx_8964,chr12,95942030,95943787,1757
pre_xx_8965,chr12,96034374,96036276,1902
pre_xx_8966,chr12,96193735,96196265,2530
pre_xx_8967,chr12,96214823,96215765,942
pre_xx_8968,chr12,96262989,96264222,1233
pre_xx_8969,chr12,96398638,96401584,2946
pre_xx_8970,chr12,96488996,96490337,1341
pre_xx_8971,chr12,96769296,96770893,1597
pre_xx_8972,chr12,96886697,96887687,990
pre_xx_8973,chr12,96906143,96908389,2246
pre_xx_8974,chr12,96985344,96986328,984
pre_xx_8975,chr12,97274861,97276976,2115
pre_xx_8976,chr12,97424971,97426859,1888
pre_xx_8977,chr12,97428754,97430245,1491
pre_xx_8978,chr12,97462373,97463766,1393
pre_xx_8979,chr12,98397059,98397938,879
pre_xx_8980,chr12,98418262,98420671,2409
pre_xx_8981,chr12,98424554,98426275,1721
pre_xx_8982,chr12,98456145,98457328,1183
pre_xx_8983,chr12,98463748,98465304,1556
pre_xx_8984,chr12,98470206,98471664,1458
pre_xx_8985,chr12,98475012,98475764,752
pre_xx_8986,chr12,98490347,98491378,1031
pre_xx_8987,chr12,98502741,98504370,1629
pre_xx_8988,chr12,98514762,98516700,1938
pre_xx_8989,chr12,98592863,98595546,2683
pre_xx_8990,chr12,98643766,98645997,2231
pre_xx_8991,chr12,98744747,98746384,1637
pre_xx_8992,chr12,98893119,98895627,2508
pre_xx_8993,chr12,99154077,99155277,1200
pre_xx_8994,chr12,99983400,99985638,2238
pre_xx_8995,chr12,100141485,100143324,1839
pre_xx_8996,chr12,100163251,100164292,1041
pre_xx_8997,chr12,100199114,100201302,2188
pre_xx_8998,chr12,100266248,100268253,2005
pre_xx_8999,chr12,100356564,100357731,1167
pre_xx_9000,chr12,100473318,100474155,837
pre_xx_9001,chr12,100483695,100484869,1174
pre_xx_9002,chr12,100553732,100554956,1224
pre_xx_9003,chr12,100563880,100564682,802
pre_xx_9004,chr12,100572887,100574664,1777
pre_xx_9005,chr12,100716531,100718407,1876
pre_xx_9006,chr12,100794282,100795676,1394
pre_xx_9007,chr12,101044168,101045072,904
pre_xx_9008,chr12,101279303,101280925,1622
pre_xx_9009,chr12,101406642,101408727,2085
pre_xx_9010,chr12,101696675,101698959,2284
pre_xx_9011,chr12,101829703,101831286,1583
pre_xx_9012,chr12,101876524,101878291,1767
pre_xx_9013,chr12,102061030,102062543,1513
pre_xx_9014,chr12,102119228,102121239,2011
pre_xx_9015,chr12,102823914,102824907,993
pre_xx_9016,chr12,102883003,102883775,772
pre_xx_9017,chr12,102916942,102917874,932
pre_xx_9018,chr12,102956149,102956662,513
pre_xx_9019,chr12,102957244,102958896,1652
pre_xx_9020,chr12,102964722,102965930,1208
pre_xx_9021,chr12,103494589,103496505,1916
pre_xx_9022,chr12,103571069,103571745,676
pre_xx_9023,chr12,103575049,103575844,795
pre_xx_9024,chr12,103657385,103658405,1020
pre_xx_9025,chr12,103676712,103677728,1016
pre_xx_9026,chr12,103799594,103801197,1603
pre_xx_9027,chr12,103840209,103842120,1911
pre_xx_9028,chr12,103928707,103931501,2794
pre_xx_9029,chr12,103936250,103937093,843
pre_xx_9030,chr12,103955988,103957729,1741
pre_xx_9031,chr12,103964949,103967058,2109
pre_xx_9032,chr12,104048735,104050806,2071
pre_xx_9033,chr12,104063586,104065493,1907
pre_xx_9034,chr12,104136571,104139127,2556
pre_xx_9035,chr12,104215407,104216420,1013
pre_xx_9036,chr12,104219294,104220244,950
pre_xx_9037,chr12,104285991,104287845,1854
pre_xx_9038,chr12,104288214,104289227,1013
pre_xx_9039,chr12,104302703,104304178,1475
pre_xx_9040,chr12,104456182,104459265,3083
pre_xx_9041,chr12,104534050,104535754,1704
pre_xx_9042,chr12,104555341,104556163,822
pre_xx_9043,chr12,104598386,104599907,1521
pre_xx_9044,chr12,104643282,104644939,1657
pre_xx_9045,chr12,104668091,104669628,1537
pre_xx_9046,chr12,104669751,104670393,642
pre_xx_9047,chr12,104784374,104785336,962
pre_xx_9048,chr12,104957525,104959813,2288
pre_xx_9049,chr12,104985697,104986998,1301
pre_xx_9050,chr12,104998730,104999700,970
pre_xx_9051,chr12,105083455,105085051,1596
pre_xx_9052,chr12,105106828,105108365,1537
pre_xx_9053,chr12,105234715,105236619,1904
pre_xx_9054,chr12,105330014,105331649,1635
pre_xx_9055,chr12,105522495,105523803,1308
pre_xx_9056,chr12,105561637,105563103,1466
pre_xx_9057,chr12,105705270,105706995,1725
pre_xx_9058,chr12,105720855,105722010,1155
pre_xx_9059,chr12,105728807,105730168,1361
pre_xx_9060,chr12,105748199,105749621,1422
pre_xx_9061,chr12,105814067,105815126,1059
pre_xx_9062,chr12,105930321,105931300,979
pre_xx_9063,chr12,106074492,106075397,905
pre_xx_9064,chr12,106083630,106084682,1052
pre_xx_9065,chr12,106105817,106107359,1542
pre_xx_9066,chr12,106131211,106132224,1013
pre_xx_9067,chr12,106136220,106136557,337
pre_xx_9068,chr12,106137593,106140510,2917
pre_xx_9069,chr12,106246713,106249253,2540
pre_xx_9070,chr12,106249739,106250380,641
pre_xx_9071,chr12,106251464,106252103,639
pre_xx_9072,chr12,106301270,106303638,2368
pre_xx_9073,chr12,106303886,106304458,572
pre_xx_9074,chr12,106342261,106343399,1138
pre_xx_9075,chr12,106357242,106359021,1779
pre_xx_9076,chr12,106581085,106582196,1111
pre_xx_9077,chr12,106586521,106587597,1076
pre_xx_9078,chr12,106672123,106673449,1326
pre_xx_9079,chr12,106773347,106775193,1846
pre_xx_9080,chr12,106839070,106840874,1804
pre_xx_9081,chr12,106902963,106903958,995
pre_xx_9082,chr12,106954800,106957245,2445
pre_xx_9083,chr12,106986090,106988042,1952
pre_xx_9084,chr12,107091084,107094375,3291
pre_xx_9085,chr12,107317644,107320512,2868
pre_xx_9086,chr12,107320896,107321635,739
pre_xx_9087,chr12,107467771,107468680,909
pre_xx_9088,chr12,107580724,107581838,1114
pre_xx_9089,chr12,107645279,107646484,1205
pre_xx_9090,chr12,107684892,107686411,1519
pre_xx_9091,chr12,107760013,107761894,1881
pre_xx_9092,chr12,107774924,107775856,932
pre_xx_9093,chr12,107843269,107844967,1698
pre_xx_9094,chr12,107903124,107904124,1000
pre_xx_9095,chr12,108128958,108130390,1432
pre_xx_9096,chr12,108180861,108182006,1145
pre_xx_9097,chr12,108312652,108314378,1726
pre_xx_9098,chr12,108514612,108515831,1219
pre_xx_9099,chr12,108532141,108532979,838
pre_xx_9100,chr12,108560385,108561635,1250
pre_xx_9101,chr12,108561931,108563850,1919
pre_xx_9102,chr12,108588662,108590256,1594
pre_xx_9103,chr12,108617922,108619236,1314
pre_xx_9104,chr12,108645989,108647810,1821
pre_xx_9105,chr12,108690878,108692733,1855
pre_xx_9106,chr12,108700886,108702900,2014
pre_xx_9107,chr12,108729798,108732425,2627
pre_xx_9108,chr12,108768199,108769129,930
pre_xx_9109,chr12,108773425,108774745,1320
pre_xx_9110,chr12,108804110,108805361,1251
pre_xx_9111,chr12,108825344,108827680,2336
pre_xx_9112,chr12,108839160,108841229,2069
pre_xx_9113,chr12,108855628,108858272,2644
pre_xx_9114,chr12,109020546,109021480,934
pre_xx_9115,chr12,109052097,109053941,1844
pre_xx_9116,chr12,109067659,109068448,789
pre_xx_9117,chr12,109069217,109070476,1259
pre_xx_9118,chr12,109092556,109093746,1190
pre_xx_9119,chr12,109097151,109099009,1858
pre_xx_9120,chr12,109110603,109112128,1525
pre_xx_9121,chr12,109154026,109155464,1438
pre_xx_9122,chr12,109291090,109292319,1229
pre_xx_9123,chr12,109308723,109310910,2187
pre_xx_9124,chr12,109329300,109332476,3176
pre_xx_9125,chr12,109462000,109463709,1709
pre_xx_9126,chr12,109476173,109477996,1823
pre_xx_9127,chr12,109518368,109519503,1135
pre_xx_9128,chr12,109572533,109574333,1800
pre_xx_9129,chr12,109597360,109598537,1177
pre_xx_9130,chr12,109605850,109607094,1244
pre_xx_9131,chr12,109678595,109680155,1560
pre_xx_9132,chr12,109695447,109696534,1087
pre_xx_9133,chr12,109713271,109714725,1454
pre_xx_9134,chr12,109716157,109716829,672
pre_xx_9135,chr12,109736410,109737085,675
pre_xx_9136,chr12,109832813,109833735,922
pre_xx_9137,chr12,109845003,109845714,711
pre_xx_9138,chr12,109879031,109881196,2165
pre_xx_9139,chr12,109899667,109902229,2562
pre_xx_9140,chr12,109948884,109949434,550
pre_xx_9141,chr12,109951610,109952761,1151
pre_xx_9142,chr12,109995488,109996543,1055
pre_xx_9143,chr12,109998770,110000285,1515
pre_xx_9144,chr12,110042858,110043548,690
pre_xx_9145,chr12,110047812,110049210,1398
pre_xx_9146,chr12,110123561,110125060,1499
pre_xx_9147,chr12,110134504,110135429,925
pre_xx_9148,chr12,110199008,110200324,1316
pre_xx_9149,chr12,110269420,110271093,1673
pre_xx_9150,chr12,110280325,110282413,2088
pre_xx_9151,chr12,110402573,110404295,1722
pre_xx_9152,chr12,110431071,110431946,875
pre_xx_9153,chr12,110449113,110450652,1539
pre_xx_9154,chr12,110467490,110469543,2053
pre_xx_9155,chr12,110500877,110502617,1740
pre_xx_9156,chr12,110542737,110544539,1802
pre_xx_9157,chr12,110581868,110583964,2096
pre_xx_9158,chr12,110584883,110585771,888
pre_xx_9159,chr12,110613334,110614619,1285
pre_xx_9160,chr12,110640245,110642288,2043
pre_xx_9161,chr12,110688341,110690209,1868
pre_xx_9162,chr12,110698013,110698915,902
pre_xx_9163,chr12,110741379,110744598,3219
pre_xx_9164,chr12,110846339,110847327,988
pre_xx_9165,chr12,110853196,110854235,1039
pre_xx_9166,chr12,110887592,110888359,767
pre_xx_9167,chr12,110894187,110894917,730
pre_xx_9168,chr12,110936388,110937464,1076
pre_xx_9169,chr12,111033227,111036353,3126
pre_xx_9170,chr12,111101916,111102909,993
pre_xx_9171,chr12,111180106,111181721,1615
pre_xx_9172,chr12,111199508,111200555,1047
pre_xx_9173,chr12,111200790,111201839,1049
pre_xx_9174,chr12,111211821,111212662,841
pre_xx_9175,chr12,111298024,111299197,1173
pre_xx_9176,chr12,111309334,111310656,1322
pre_xx_9177,chr12,111367447,111369433,1986
pre_xx_9178,chr12,111396448,111397486,1038
pre_xx_9179,chr12,111404508,111407336,2828
pre_xx_9180,chr12,111444502,111446713,2211
pre_xx_9181,chr12,111597059,111600213,3154
pre_xx_9182,chr12,111635504,111637221,1717
pre_xx_9183,chr12,111642279,111644444,2165
pre_xx_9184,chr12,111684914,111686632,1718
pre_xx_9185,chr12,111740581,111742083,1502
pre_xx_9186,chr12,111752865,111753748,883
pre_xx_9187,chr12,111766251,111767758,1507
pre_xx_9188,chr12,111774887,111776409,1522
pre_xx_9189,chr12,111787929,111788609,680
pre_xx_9190,chr12,111812648,111813525,877
pre_xx_9191,chr12,111840961,111843188,2227
pre_xx_9192,chr12,112012169,112014380,2211
pre_xx_9193,chr12,112107672,112109668,1996
pre_xx_9194,chr12,112116157,112117307,1150
pre_xx_9195,chr12,112121660,112122278,618
pre_xx_9196,chr12,112125034,112126472,1438
pre_xx_9197,chr12,112380913,112382757,1844
pre_xx_9198,chr12,112387170,112387952,782
pre_xx_9199,chr12,112408545,112410067,1522
pre_xx_9200,chr12,112418227,112420154,1927
pre_xx_9201,chr12,112906493,112908036,1543
pre_xx_9202,chr12,112937882,112938988,1106
pre_xx_9203,chr12,113056379,113058083,1704
pre_xx_9204,chr12,113097476,113098744,1268
pre_xx_9205,chr12,113103636,113104481,845
pre_xx_9206,chr12,113134170,113136393,2223
pre_xx_9207,chr12,113149228,113149994,766
pre_xx_9208,chr12,113152680,113153576,896
pre_xx_9209,chr12,113154186,113154912,726
pre_xx_9210,chr12,113161188,113162527,1339
pre_xx_9211,chr12,113174142,113175443,1301
pre_xx_9212,chr12,113184440,113186191,1751
pre_xx_9213,chr12,113220530,113222224,1694
pre_xx_9214,chr12,113245541,113246850,1309
pre_xx_9215,chr12,113333896,113335532,1636
pre_xx_9216,chr12,113348637,113349645,1008
pre_xx_9217,chr12,113357927,113360051,2124
pre_xx_9218,chr12,113380681,113381895,1214
pre_xx_9219,chr12,113421882,113423038,1156
pre_xx_9220,chr12,113467701,113468630,929
pre_xx_9221,chr12,113479651,113480422,771
pre_xx_9222,chr12,113528427,113529648,1221
pre_xx_9223,chr12,113932257,113933764,1507
pre_xx_9224,chr12,113965289,113966880,1591
pre_xx_9225,chr12,114404948,114405895,947
pre_xx_9226,chr12,114408817,114409894,1077
pre_xx_9227,chr12,114664663,114666202,1539
pre_xx_9228,chr12,114667864,114669265,1401
pre_xx_9229,chr12,114682881,114685173,2292
pre_xx_9230,chr12,114691773,114693335,1562
pre_xx_9231,chr12,114735304,114737245,1941
pre_xx_9232,chr12,115386775,115388083,1308
pre_xx_9233,chr12,115451362,115453026,1664
pre_xx_9234,chr12,115598604,115599905,1301
pre_xx_9235,chr12,115916808,115917573,765
pre_xx_9236,chr12,116275823,116278236,2413
pre_xx_9237,chr12,116358433,116359774,1341
pre_xx_9238,chr12,116381162,116383584,2422
pre_xx_9239,chr12,116426143,116427817,1674
pre_xx_9240,chr12,116433981,116435102,1121
pre_xx_9241,chr12,116455007,116456776,1769
pre_xx_9242,chr12,116506039,116506851,812
pre_xx_9243,chr12,116507943,116509128,1185
pre_xx_9244,chr12,116528475,116529423,948
pre_xx_9245,chr12,116532954,116535420,2466
pre_xx_9246,chr12,116598659,116600124,1465
pre_xx_9247,chr12,116603505,116605844,2339
pre_xx_9248,chr12,116658198,116659132,934
pre_xx_9249,chr12,116662294,116663218,924
pre_xx_9250,chr12,116693223,116694135,912
pre_xx_9251,chr12,116708563,116711016,2453
pre_xx_9252,chr12,116718646,116720615,1969
pre_xx_9253,chr12,116736808,116738707,1899
pre_xx_9254,chr12,116818175,116819823,1648
pre_xx_9255,chr12,116857970,116860604,2634
pre_xx_9256,chr12,116861188,116861729,541
pre_xx_9257,chr12,116864197,116865024,827
pre_xx_9258,chr12,116875875,116876848,973
pre_xx_9259,chr12,116878499,116879246,747
pre_xx_9260,chr12,116879502,116879939,437
pre_xx_9261,chr12,116880429,116882394,1965
pre_xx_9262,chr12,116910536,116911771,1235
pre_xx_9263,chr12,116932838,116934487,1649
pre_xx_9264,chr12,116963876,116965051,1175
pre_xx_9265,chr12,116969544,116970600,1056
pre_xx_9266,chr12,117025032,117026115,1083
pre_xx_9267,chr12,117032264,117034357,2093
pre_xx_9268,chr12,117080406,117081306,900
pre_xx_9269,chr12,117090751,117091836,1085
pre_xx_9270,chr12,117098235,117099645,1410
pre_xx_9271,chr12,117111371,117112479,1108
pre_xx_9272,chr12,117141342,117143477,2135
pre_xx_9273,chr12,117155084,117155846,762
pre_xx_9274,chr12,117161160,117162439,1279
pre_xx_9275,chr12,117162562,117163048,486
pre_xx_9276,chr12,117165020,117165741,721
pre_xx_9277,chr12,117169529,117170003,474
pre_xx_9278,chr12,117188797,117190948,2151
pre_xx_9279,chr12,117212410,117213351,941
pre_xx_9280,chr12,117360144,117361683,1539
pre_xx_9281,chr12,117818307,117819635,1328
pre_xx_9282,chr12,117836813,117837784,971
pre_xx_9283,chr12,117968106,117969787,1681
pre_xx_9284,chr12,118015851,118017372,1521
pre_xx_9285,chr12,118059714,118062795,3081
pre_xx_9286,chr12,118102932,118104567,1635
pre_xx_9287,chr12,118120466,118121790,1324
pre_xx_9288,chr12,118135450,118137179,1729
pre_xx_9289,chr12,118182031,118182753,722
pre_xx_9290,chr12,118188490,118190680,2190
pre_xx_9291,chr12,118371165,118373333,2168
pre_xx_9292,chr12,118375921,118377071,1150
pre_xx_9293,chr12,119178337,119179978,1641
pre_xx_9294,chr12,119667283,119668713,1430
pre_xx_9295,chr12,119669831,119670461,630
pre_xx_9296,chr12,119802469,119804783,2314
pre_xx_9297,chr12,119876611,119877753,1142
pre_xx_9298,chr12,119988337,119990646,2309
pre_xx_9299,chr12,120063725,120065717,1992
pre_xx_9300,chr12,120086498,120087664,1166
pre_xx_9301,chr12,120092555,120094386,1831
pre_xx_9302,chr12,120100091,120102045,1954
pre_xx_9303,chr12,120116153,120117741,1588
pre_xx_9304,chr12,120193705,120195386,1681
pre_xx_9305,chr12,120200423,120202052,1629
pre_xx_9306,chr12,120228113,120229536,1423
pre_xx_9307,chr12,120229668,120230942,1274
pre_xx_9308,chr12,120263734,120266221,2487
pre_xx_9309,chr12,120290674,120293512,2838
pre_xx_9310,chr12,120301745,120303005,1260
pre_xx_9311,chr12,120316813,120317999,1186
pre_xx_9312,chr12,120325254,120326174,920
pre_xx_9313,chr12,120327427,120328382,955
pre_xx_9314,chr12,120356368,120357068,700
pre_xx_9315,chr12,120361242,120362304,1062
pre_xx_9316,chr12,120367674,120370223,2549
pre_xx_9317,chr12,120394213,120395087,874
pre_xx_9318,chr12,120413451,120414557,1106
pre_xx_9319,chr12,120430093,120431107,1014
pre_xx_9320,chr12,120437347,120438630,1283
pre_xx_9321,chr12,120439544,120440039,495
pre_xx_9322,chr12,120445595,120447083,1488
pre_xx_9323,chr12,120466568,120467156,588
pre_xx_9324,chr12,120468289,120470286,1997
pre_xx_9325,chr12,120474214,120475677,1463
pre_xx_9326,chr12,120486916,120488501,1585
pre_xx_9327,chr12,120495089,120497433,2344
pre_xx_9328,chr12,120528354,120530028,1674
pre_xx_9329,chr12,120533844,120535369,1525
pre_xx_9330,chr12,120580865,120581722,857
pre_xx_9331,chr12,120584258,120584979,721
pre_xx_9332,chr12,120639913,120641726,1813
pre_xx_9333,chr12,120648718,120650574,1856
pre_xx_9334,chr12,120668555,120669909,1354
pre_xx_9335,chr12,120686107,120687668,1561
pre_xx_9336,chr12,120688745,120689991,1246
pre_xx_9337,chr12,120709794,120711733,1939
pre_xx_9338,chr12,120724950,120726579,1629
pre_xx_9339,chr12,120741467,120742520,1053
pre_xx_9340,chr12,120760637,120762550,1913
pre_xx_9341,chr12,120902825,120904778,1953
pre_xx_9342,chr12,121015683,121016730,1047
pre_xx_9343,chr12,121095086,121096416,1330
pre_xx_9344,chr12,121126288,121128038,1750
pre_xx_9345,chr12,121131881,121133509,1628
pre_xx_9346,chr12,121173428,121174878,1450
pre_xx_9347,chr12,121209229,121211199,1970
pre_xx_9348,chr12,121239612,121241796,2184
pre_xx_9349,chr12,121278433,121280100,1667
pre_xx_9350,chr12,121295236,121297939,2703
pre_xx_9351,chr12,121351435,121353227,1792
pre_xx_9352,chr12,121399224,121401198,1974
pre_xx_9353,chr12,121443023,121444101,1078
pre_xx_9354,chr12,121466075,121468275,2200
pre_xx_9355,chr12,121499741,121500832,1091
pre_xx_9356,chr12,121513161,121514668,1507
pre_xx_9357,chr12,121535554,121538339,2785
pre_xx_9358,chr12,121552312,121553877,1565
pre_xx_9359,chr12,121578192,121580699,2507
pre_xx_9360,chr12,121580914,121581328,414
pre_xx_9361,chr12,121582525,121583027,502
pre_xx_9362,chr12,121589799,121591302,1503
pre_xx_9363,chr12,121625945,121627675,1730
pre_xx_9364,chr12,121671861,121673668,1807
pre_xx_9365,chr12,121686345,121687538,1193
pre_xx_9366,chr12,121711810,121713937,2127
pre_xx_9367,chr12,121748167,121749401,1234
pre_xx_9368,chr12,121770071,121771422,1351
pre_xx_9369,chr12,121772962,121773793,831
pre_xx_9370,chr12,121781451,121782620,1169
pre_xx_9371,chr12,121792522,121795197,2675
pre_xx_9372,chr12,121797004,121797781,777
pre_xx_9373,chr12,121797972,121798838,866
pre_xx_9374,chr12,121799290,121801140,1850
pre_xx_9375,chr12,121802751,121804424,1673
pre_xx_9376,chr12,121811268,121813156,1888
pre_xx_9377,chr12,121839076,121840151,1075
pre_xx_9378,chr12,121888112,121889298,1186
pre_xx_9379,chr12,121893819,121895099,1280
pre_xx_9380,chr12,121917952,121918973,1021
pre_xx_9381,chr12,121924529,121925732,1203
pre_xx_9382,chr12,122020954,122024181,3227
pre_xx_9383,chr12,122029286,122030649,1363
pre_xx_9384,chr12,122054106,122054701,595
pre_xx_9385,chr12,122062650,122064459,1809
pre_xx_9386,chr12,122071980,122073125,1145
pre_xx_9387,chr12,122077831,122080755,2924
pre_xx_9388,chr12,122097438,122098777,1339
pre_xx_9389,chr12,122106904,122107953,1049
pre_xx_9390,chr12,122130801,122131573,772
pre_xx_9391,chr12,122182408,122183819,1411
pre_xx_9392,chr12,122203124,122204736,1612
pre_xx_9393,chr12,122225166,122226938,1772
pre_xx_9394,chr12,122265494,122267229,1735
pre_xx_9395,chr12,122367983,122369062,1079
pre_xx_9396,chr12,122399114,122400842,1728
pre_xx_9397,chr12,122421135,122423942,2807
pre_xx_9398,chr12,122499736,122501392,1656
pre_xx_9399,chr12,122526079,122527855,1776
pre_xx_9400,chr12,122752122,122753852,1730
pre_xx_9401,chr12,122773511,122775742,2231
pre_xx_9402,chr12,122825795,122826912,1117
pre_xx_9403,chr12,122834297,122836910,2613
pre_xx_9404,chr12,122859886,122860961,1075
pre_xx_9405,chr12,122873802,122874401,599
pre_xx_9406,chr12,122888104,122889065,961
pre_xx_9407,chr12,122895185,122896536,1351
pre_xx_9408,chr12,122963665,122964293,628
pre_xx_9409,chr12,122965312,122966891,1579
pre_xx_9410,chr12,122973917,122975929,2012
pre_xx_9411,chr12,122980026,122981482,1456
pre_xx_9412,chr12,122983974,122985635,1661
pre_xx_9413,chr12,122999129,123000595,1466
pre_xx_9414,chr12,123075129,123076299,1170
pre_xx_9415,chr12,123131141,123132476,1335
pre_xx_9416,chr12,123149104,123151874,2770
pre_xx_9417,chr12,123231989,123234266,2277
pre_xx_9418,chr12,123267916,123268593,677
pre_xx_9419,chr12,123268999,123272453,3454
pre_xx_9420,chr12,123363347,123365977,2630
pre_xx_9421,chr12,123383280,123384949,1669
pre_xx_9422,chr12,123388289,123390439,2150
pre_xx_9423,chr12,123435784,123437228,1444
pre_xx_9424,chr12,123457783,123459062,1279
pre_xx_9425,chr12,123532971,123534735,1764
pre_xx_9426,chr12,123583269,123585237,1968
pre_xx_9427,chr12,123601111,123603141,2030
pre_xx_9428,chr12,123633003,123634579,1576
pre_xx_9429,chr12,123670613,123672133,1520
pre_xx_9430,chr12,123711510,123713563,2053
pre_xx_9431,chr12,123761678,123763405,1727
pre_xx_9432,chr12,123868998,123870682,1684
pre_xx_9433,chr12,123950179,123951267,1088
pre_xx_9434,chr12,123971528,123974304,2776
pre_xx_9435,chr12,124005829,124007595,1766
pre_xx_9436,chr12,124044741,124046544,1803
pre_xx_9437,chr12,124185766,124186965,1199
pre_xx_9438,chr12,124288613,124290236,1623
pre_xx_9439,chr12,124294216,124296799,2583
pre_xx_9440,chr12,124359228,124360911,1683
pre_xx_9441,chr12,124363039,124364162,1123
pre_xx_9442,chr12,124369023,124370200,1177
pre_xx_9443,chr12,124379673,124380767,1094
pre_xx_9444,chr12,124386093,124387009,916
pre_xx_9445,chr12,124387201,124387853,652
pre_xx_9446,chr12,124388450,124389701,1251
pre_xx_9447,chr12,124392029,124393462,1433
pre_xx_9448,chr12,124401341,124402782,1441
pre_xx_9449,chr12,124409974,124411797,1823
pre_xx_9450,chr12,124422026,124423660,1634
pre_xx_9451,chr12,124426713,124429273,2560
pre_xx_9452,chr12,124444792,124445842,1050
pre_xx_9453,chr12,124456647,124458329,1682
pre_xx_9454,chr12,124479606,124481513,1907
pre_xx_9455,chr12,124485957,124488860,2903
pre_xx_9456,chr12,124500251,124501380,1129
pre_xx_9457,chr12,124506129,124506935,806
pre_xx_9458,chr12,124507429,124508206,777
pre_xx_9459,chr12,124517175,124519699,2524
pre_xx_9460,chr12,124537619,124539322,1703
pre_xx_9461,chr12,124542733,124544868,2135
pre_xx_9462,chr12,124548769,124549442,673
pre_xx_9463,chr12,124556830,124558224,1394
pre_xx_9464,chr12,124564468,124564817,349
pre_xx_9465,chr12,124565869,124569006,3137
pre_xx_9466,chr12,124607947,124609863,1916
pre_xx_9467,chr12,124620709,124621777,1068
pre_xx_9468,chr12,124622639,124623671,1032
pre_xx_9469,chr12,124631702,124633068,1366
pre_xx_9470,chr12,124654696,124656386,1690
pre_xx_9471,chr12,124673568,124674618,1050
pre_xx_9472,chr12,124720109,124721170,1061
pre_xx_9473,chr12,124742152,124743128,976
pre_xx_9474,chr12,124745383,124746481,1098
pre_xx_9475,chr12,124750820,124751529,709
pre_xx_9476,chr12,124771621,124772471,850
pre_xx_9477,chr12,124786120,124787403,1283
pre_xx_9478,chr12,124837960,124838728,768
pre_xx_9479,chr12,124846726,124848066,1340
pre_xx_9480,chr12,124862695,124864539,1844
pre_xx_9481,chr12,124874815,124876093,1278
pre_xx_9482,chr12,124886859,124887632,773
pre_xx_9483,chr12,124906604,124907065,461
pre_xx_9484,chr12,124909798,124911527,1729
pre_xx_9485,chr12,124913564,124915416,1852
pre_xx_9486,chr12,124917100,124917861,761
pre_xx_9487,chr12,124921231,124922375,1144
pre_xx_9488,chr12,124926915,124928748,1833
pre_xx_9489,chr12,124938553,124941006,2453
pre_xx_9490,chr12,124988196,124989353,1157
pre_xx_9491,chr12,124992766,124994850,2084
pre_xx_9492,chr12,125049080,125050166,1086
pre_xx_9493,chr12,125064525,125066420,1895
pre_xx_9494,chr12,125098727,125099761,1034
pre_xx_9495,chr12,125183133,125183541,408
pre_xx_9496,chr12,125185210,125186944,1734
pre_xx_9497,chr12,125202742,125203467,725
pre_xx_9498,chr12,125330714,125331647,933
pre_xx_9499,chr12,125982864,125984832,1968
pre_xx_9500,chr12,127145549,127146758,1209
pre_xx_9501,chr12,127165650,127166843,1193
pre_xx_9502,chr12,127380577,127381599,1022
pre_xx_9503,chr12,127389712,127390327,615
pre_xx_9504,chr12,127455202,127456786,1584
pre_xx_9505,chr12,127641974,127642711,737
pre_xx_9506,chr12,127861188,127862324,1136
pre_xx_9507,chr12,127925393,127926341,948
pre_xx_9508,chr12,128258846,128259937,1091
pre_xx_9509,chr12,128266096,128270163,4067
pre_xx_9510,chr12,128313236,128314453,1217
pre_xx_9511,chr12,128316429,128318911,2482
pre_xx_9512,chr12,128336768,128340173,3405
pre_xx_9513,chr12,128365527,128366472,945
pre_xx_9514,chr12,128387602,128389070,1468
pre_xx_9515,chr12,128715185,128715918,733
pre_xx_9516,chr12,128728053,128730046,1993
pre_xx_9517,chr12,128823031,128824792,1761
pre_xx_9518,chr12,128853058,128854420,1362
pre_xx_9519,chr12,128968826,128970493,1667
pre_xx_9520,chr12,129606824,129608339,1515
pre_xx_9521,chr12,129902340,129904693,2353
pre_xx_9522,chr12,130013652,130014749,1097
pre_xx_9523,chr12,130104003,130106177,2174
pre_xx_9524,chr12,130127436,130129104,1668
pre_xx_9525,chr12,130160721,130164149,3428
pre_xx_9526,chr12,130456490,130457317,827
pre_xx_9527,chr12,130713591,130717096,3505
pre_xx_9528,chr12,130775728,130776971,1243
pre_xx_9529,chr12,130818212,130819478,1266
pre_xx_9530,chr12,130838002,130839764,1762
pre_xx_9531,chr12,130870799,130872917,2118
pre_xx_9532,chr12,130915985,130917102,1117
pre_xx_9533,chr12,130951970,130954659,2689
pre_xx_9534,chr12,130980599,130981662,1063
pre_xx_9535,chr12,131006710,131007831,1121
pre_xx_9536,chr12,131091302,131092640,1338
pre_xx_9537,chr12,131103599,131105020,1421
pre_xx_9538,chr12,131131713,131132877,1164
pre_xx_9539,chr12,131137558,131138443,885
pre_xx_9540,chr12,131159471,131160137,666
pre_xx_9541,chr12,131228945,131230675,1730
pre_xx_9542,chr12,131264093,131265180,1087
pre_xx_9543,chr12,131311261,131312205,944
pre_xx_9544,chr12,131348112,131349079,967
pre_xx_9545,chr12,131349563,131350642,1079
pre_xx_9546,chr12,131390142,131391110,968
pre_xx_9547,chr12,131406734,131408111,1377
pre_xx_9548,chr12,131454529,131455302,773
pre_xx_9549,chr12,131618004,131618619,615
pre_xx_9550,chr12,131624341,131626244,1903
pre_xx_9551,chr12,131710292,131712184,1892
pre_xx_9552,chr12,131827893,131829675,1782
pre_xx_9553,chr12,131829916,131831184,1268
pre_xx_9554,chr12,131893714,131896956,3242
pre_xx_9555,chr12,131928239,131930548,2309
pre_xx_9556,chr12,131949103,131950787,1684
pre_xx_9557,chr12,132000877,132002075,1198
pre_xx_9558,chr12,132083615,132085550,1935
pre_xx_9559,chr12,132143396,132145417,2021
pre_xx_9560,chr12,132153492,132154758,1266
pre_xx_9561,chr12,132188754,132190384,1630
pre_xx_9562,chr12,132203973,132206349,2376
pre_xx_9563,chr12,132268076,132269292,1216
pre_xx_9564,chr12,132283142,132283603,461
pre_xx_9565,chr12,132284670,132286761,2091
pre_xx_9566,chr12,132327155,132328286,1131
pre_xx_9567,chr12,132328740,132330059,1319
pre_xx_9568,chr12,132366099,132366935,836
pre_xx_9569,chr12,132413795,132415556,1761
pre_xx_9570,chr12,132423253,132424574,1321
pre_xx_9571,chr12,132428536,132430028,1492
pre_xx_9572,chr12,132430197,132430608,411
pre_xx_9573,chr12,132432173,132434030,1857
pre_xx_9574,chr12,132444815,132446576,1761
pre_xx_9575,chr12,132450193,132451568,1375
pre_xx_9576,chr12,132464754,132467580,2826
pre_xx_9577,chr12,132488404,132491357,2953
pre_xx_9578,chr12,132505606,132507334,1728
pre_xx_9579,chr12,132549815,132551104,1289
pre_xx_9580,chr12,132559584,132562141,2557
pre_xx_9581,chr12,132581819,132583988,2169
pre_xx_9582,chr12,132593538,132594350,812
pre_xx_9583,chr12,132598356,132599078,722
pre_xx_9584,chr12,132600090,132601197,1107
pre_xx_9585,chr12,132686528,132688128,1600
pre_xx_9586,chr12,132709798,132711617,1819
pre_xx_9587,chr12,132760121,132762565,2444
pre_xx_9588,chr12,132768105,132768863,758
pre_xx_9589,chr12,132806482,132808118,1636
pre_xx_9590,chr12,132827795,132829523,1728
pre_xx_9591,chr12,132836709,132839154,2445
pre_xx_9592,chr12,132886874,132888407,1533
pre_xx_9593,chr12,132907889,132909279,1390
pre_xx_9594,chr12,132954884,132956798,1914
pre_xx_9595,chr12,132985776,132987212,1436
pre_xx_9596,chr12,133036805,133038083,1278
pre_xx_9597,chr12,133079462,133081287,1825
pre_xx_9598,chr12,133129294,133131109,1815
pre_xx_9599,chr12,133181087,133182103,1016
pre_xx_9600,chr13,19564564,19565237,673
pre_xx_9601,chr13,19601483,19603069,1586
pre_xx_9602,chr13,19632947,19634851,1904
pre_xx_9603,chr13,19781514,19783223,1709
pre_xx_9604,chr13,19862157,19865019,2862
pre_xx_9605,chr13,19957247,19960399,3152
pre_xx_9606,chr13,20118114,20121028,2914
pre_xx_9607,chr13,20127248,20128976,1728
pre_xx_9608,chr13,20141190,20142910,1720
pre_xx_9609,chr13,20160049,20162028,1979
pre_xx_9610,chr13,20191629,20194052,2423
pre_xx_9611,chr13,20230907,20232927,2020
pre_xx_9612,chr13,20270134,20270869,735
pre_xx_9613,chr13,20300980,20302297,1317
pre_xx_9614,chr13,20414273,20416091,1818
pre_xx_9615,chr13,20524838,20526601,1763
pre_xx_9616,chr13,20566308,20568167,1859
pre_xx_9617,chr13,20702495,20705007,2512
pre_xx_9618,chr13,20712438,20714090,1652
pre_xx_9619,chr13,20721014,20722371,1357
pre_xx_9620,chr13,20772942,20774355,1413
pre_xx_9621,chr13,20901728,20903708,1980
pre_xx_9622,chr13,20924342,20925119,777
pre_xx_9623,chr13,21022319,21023673,1354
pre_xx_9624,chr13,21060079,21062027,1948
pre_xx_9625,chr13,21074454,21076494,2040
pre_xx_9626,chr13,21139796,21141274,1478
pre_xx_9627,chr13,21175748,21177398,1650
pre_xx_9628,chr13,21296933,21299105,2172
pre_xx_9629,chr13,21325841,21327308,1467
pre_xx_9630,chr13,21458099,21460087,1988
pre_xx_9631,chr13,21478783,21479734,951
pre_xx_9632,chr13,21602978,21604595,1617
pre_xx_9633,chr13,21668802,21671251,2449
pre_xx_9634,chr13,21673598,21675934,2336
pre_xx_9635,chr13,21735652,21736957,1305
pre_xx_9636,chr13,21824878,21827222,2344
pre_xx_9637,chr13,22505291,22506882,1591
pre_xx_9638,chr13,22812511,22814563,2052
pre_xx_9639,chr13,22914801,22916604,1803
pre_xx_9640,chr13,22925609,22927812,2203
pre_xx_9641,chr13,23073318,23074979,1661
pre_xx_9642,chr13,23158737,23161431,2694
pre_xx_9643,chr13,23374829,23376113,1284
pre_xx_9644,chr13,23426417,23428396,1979
pre_xx_9645,chr13,23432699,23433875,1176
pre_xx_9646,chr13,23465819,23467664,1845
pre_xx_9647,chr13,23504506,23505463,957
pre_xx_9648,chr13,23569776,23571305,1529
pre_xx_9649,chr13,23578480,23580308,1828
pre_xx_9650,chr13,23608357,23610539,2182
pre_xx_9651,chr13,23695009,23696939,1930
pre_xx_9652,chr13,23742862,23744185,1323
pre_xx_9653,chr13,23748544,23749858,1314
pre_xx_9654,chr13,23888246,23889869,1623
pre_xx_9655,chr13,23902631,23904742,2111
pre_xx_9656,chr13,23979177,23980581,1404
pre_xx_9657,chr13,23984364,23984933,569
pre_xx_9658,chr13,24035725,24036703,978
pre_xx_9659,chr13,24052456,24054137,1681
pre_xx_9660,chr13,24062897,24064234,1337
pre_xx_9661,chr13,24083118,24084437,1319
pre_xx_9662,chr13,24119334,24120496,1162
pre_xx_9663,chr13,24159920,24161869,1949
pre_xx_9664,chr13,24263183,24264065,882
pre_xx_9665,chr13,24270359,24271221,862
pre_xx_9666,chr13,24271419,24273265,1846
pre_xx_9667,chr13,24288332,24289391,1059
pre_xx_9668,chr13,24511491,24513153,1662
pre_xx_9669,chr13,24540584,24542395,1811
pre_xx_9670,chr13,24670751,24672413,1662
pre_xx_9671,chr13,24680029,24681469,1440
pre_xx_9672,chr13,24741898,24742696,798
pre_xx_9673,chr13,24745736,24748236,2500
pre_xx_9674,chr13,24921736,24923606,1870
pre_xx_9675,chr13,25017601,25019075,1474
pre_xx_9676,chr13,25046532,25047675,1143
pre_xx_9677,chr13,25170200,25172214,2014
pre_xx_9678,chr13,25286251,25288003,1752
pre_xx_9679,chr13,25300601,25302209,1608
pre_xx_9680,chr13,25371539,25373023,1484
pre_xx_9681,chr13,25468151,25469424,1273
pre_xx_9682,chr13,25768368,25769736,1368
pre_xx_9683,chr13,26011921,26013371,1450
pre_xx_9684,chr13,26024262,26026305,2043
pre_xx_9685,chr13,26048744,26052519,3775
pre_xx_9686,chr13,26185761,26187296,1535
pre_xx_9687,chr13,26221233,26222916,1683
pre_xx_9688,chr13,26253346,26255497,2151
pre_xx_9689,chr13,26556951,26558694,1743
pre_xx_9690,chr13,26698055,26699053,998
pre_xx_9691,chr13,26759555,26761226,1671
pre_xx_9692,chr13,26965589,26967959,2370
pre_xx_9693,chr13,26982964,26983701,737
pre_xx_9694,chr13,27006227,27007553,1326
pre_xx_9695,chr13,27170366,27172724,2358
pre_xx_9696,chr13,27250603,27252315,1712
pre_xx_9697,chr13,27270255,27271529,1274
pre_xx_9698,chr13,27341000,27342133,1133
pre_xx_9699,chr13,27361762,27362779,1017
pre_xx_9700,chr13,27423930,27426445,2515
pre_xx_9701,chr13,27449081,27451520,2439
pre_xx_9702,chr13,27532881,27533665,784
pre_xx_9703,chr13,27619367,27622421,3054
pre_xx_9704,chr13,27792072,27792984,912
pre_xx_9705,chr13,27826218,27826938,720
pre_xx_9706,chr13,27829779,27830330,551
pre_xx_9707,chr13,27853250,27854316,1066
pre_xx_9708,chr13,27919750,27921512,1762
pre_xx_9709,chr13,27927589,27929358,1769
pre_xx_9710,chr13,27952895,27954854,1959
pre_xx_9711,chr13,27960251,27961705,1454
pre_xx_9712,chr13,27967910,27969463,1553
pre_xx_9713,chr13,28099512,28101128,1616
pre_xx_9714,chr13,28137630,28140342,2712
pre_xx_9715,chr13,28188080,28189177,1097
pre_xx_9716,chr13,28320789,28322056,1267
pre_xx_9717,chr13,28493676,28495884,2208
pre_xx_9718,chr13,28530716,28533344,2628
pre_xx_9719,chr13,28657805,28659880,2075
pre_xx_9720,chr13,28693339,28694427,1088
pre_xx_9721,chr13,28718094,28719711,1617
pre_xx_9722,chr13,28819088,28821130,2042
pre_xx_9723,chr13,28983594,28985198,1604
pre_xx_9724,chr13,29391919,29392788,869
pre_xx_9725,chr13,29402030,29402880,850
pre_xx_9726,chr13,29428007,29429400,1393
pre_xx_9727,chr13,29496054,29497783,1729
pre_xx_9728,chr13,29507335,29509119,1784
pre_xx_9729,chr13,29594230,29596156,1926
pre_xx_9730,chr13,29847424,29847995,571
pre_xx_9731,chr13,29848736,29851138,2402
pre_xx_9732,chr13,29877298,29878545,1247
pre_xx_9733,chr13,29901604,29902950,1346
pre_xx_9734,chr13,29923588,29926137,2549
pre_xx_9735,chr13,30112371,30113290,919
pre_xx_9736,chr13,30114128,30115443,1315
pre_xx_9737,chr13,30132373,30134385,2012
pre_xx_9738,chr13,30153627,30155134,1507
pre_xx_9739,chr13,30306535,30307990,1455
pre_xx_9740,chr13,30394641,30395938,1297
pre_xx_9741,chr13,30408027,30409061,1034
pre_xx_9742,chr13,30420947,30422803,1856
pre_xx_9743,chr13,30445303,30446396,1093
pre_xx_9744,chr13,30463803,30466387,2584
pre_xx_9745,chr13,30615407,30616286,879
pre_xx_9746,chr13,30616697,30618640,1943
pre_xx_9747,chr13,30673444,30674662,1218
pre_xx_9748,chr13,30802627,30803511,884
pre_xx_9749,chr13,30832595,30833432,837
pre_xx_9750,chr13,30835244,30835897,653
pre_xx_9751,chr13,30864207,30865693,1486
pre_xx_9752,chr13,30905752,30909074,3322
pre_xx_9753,chr13,30997749,30998956,1207
pre_xx_9754,chr13,31043824,31044713,889
pre_xx_9755,chr13,31046327,31047388,1061
pre_xx_9756,chr13,31160586,31162914,2328
pre_xx_9757,chr13,31199525,31201785,2260
pre_xx_9758,chr13,31207559,31210329,2770
pre_xx_9759,chr13,31845987,31847403,1416
pre_xx_9760,chr13,31885984,31888147,2163
pre_xx_9761,chr13,31945035,31946215,1180
pre_xx_9762,chr13,32030606,32032271,1665
pre_xx_9763,chr13,32260516,32262117,1601
pre_xx_9764,chr13,32284531,32286029,1498
pre_xx_9765,chr13,32314527,32316404,1877
pre_xx_9766,chr13,32408242,32410454,2212
pre_xx_9767,chr13,32426754,32428834,2080
pre_xx_9768,chr13,32470961,32472704,1743
pre_xx_9769,chr13,32537742,32539267,1525
pre_xx_9770,chr13,32585530,32588097,2567
pre_xx_9771,chr13,32849494,32851740,2246
pre_xx_9772,chr13,33015709,33017923,2214
pre_xx_9773,chr13,33110784,33112358,1574
pre_xx_9774,chr13,33194583,33195715,1132
pre_xx_9775,chr13,33213387,33215467,2080
pre_xx_9776,chr13,33284545,33286444,1899
pre_xx_9777,chr13,33349361,33350885,1524
pre_xx_9778,chr13,33541383,33543363,1980
pre_xx_9779,chr13,33675614,33677291,1677
pre_xx_9780,chr13,33817487,33819037,1550
pre_xx_9781,chr13,34749846,34751021,1175
pre_xx_9782,chr13,34941541,34944014,2473
pre_xx_9783,chr13,35470476,35471861,1385
pre_xx_9784,chr13,35475096,35476867,1771
pre_xx_9785,chr13,35478305,35479306,1001
pre_xx_9786,chr13,35744397,35745461,1064
pre_xx_9787,chr13,35953174,35953974,800
pre_xx_9788,chr13,36123812,36125016,1204
pre_xx_9789,chr13,36130148,36132258,2110
pre_xx_9790,chr13,36297238,36299018,1780
pre_xx_9791,chr13,36344997,36347045,2048
pre_xx_9792,chr13,36431357,36433224,1867
pre_xx_9793,chr13,36673250,36675400,2150
pre_xx_9794,chr13,36818413,36820179,1766
pre_xx_9795,chr13,36918521,36920821,2300
pre_xx_9796,chr13,36998299,37001490,3191
pre_xx_9797,chr13,37057920,37060364,2444
pre_xx_9798,chr13,37868575,37870607,2032
pre_xx_9799,chr13,38348671,38350594,1923
pre_xx_9800,chr13,38602917,38604185,1268
pre_xx_9801,chr13,38685906,38688138,2232
pre_xx_9802,chr13,38735509,38736366,857
pre_xx_9803,chr13,38757736,38758985,1249
pre_xx_9804,chr13,38763317,38764182,865
pre_xx_9805,chr13,39036318,39038919,2601
pre_xx_9806,chr13,39394681,39395929,1248
pre_xx_9807,chr13,39602079,39604038,1959
pre_xx_9808,chr13,39655147,39656642,1495
pre_xx_9809,chr13,39899926,39900975,1049
pre_xx_9810,chr13,40082259,40083216,957
pre_xx_9811,chr13,40102703,40104383,1680
pre_xx_9812,chr13,40351543,40353469,1926
pre_xx_9813,chr13,40401890,40403810,1920
pre_xx_9814,chr13,40480106,40481266,1160
pre_xx_9815,chr13,40575835,40577097,1262
pre_xx_9816,chr13,40664089,40667455,3366
pre_xx_9817,chr13,40770178,40772092,1914
pre_xx_9818,chr13,40776553,40778153,1600
pre_xx_9819,chr13,40788877,40790555,1678
pre_xx_9820,chr13,40920739,40922244,1505
pre_xx_9821,chr13,41059540,41062457,2917
pre_xx_9822,chr13,41131855,41133142,1287
pre_xx_9823,chr13,41193506,41194911,1405
pre_xx_9824,chr13,41262742,41264022,1280
pre_xx_9825,chr13,41310645,41312525,1880
pre_xx_9826,chr13,41456670,41458616,1946
pre_xx_9827,chr13,41959594,41961650,2056
pre_xx_9828,chr13,42039311,42042063,2752
pre_xx_9829,chr13,42047326,42049681,2355
pre_xx_9830,chr13,42271256,42273151,1895
pre_xx_9831,chr13,42354182,42355713,1531
pre_xx_9832,chr13,42573867,42575309,1442
pre_xx_9833,chr13,42875448,42876519,1071
pre_xx_9834,chr13,42883207,42884258,1051
pre_xx_9835,chr13,42894333,42895399,1066
pre_xx_9836,chr13,42990040,42991246,1206
pre_xx_9837,chr13,42991350,42992917,1567
pre_xx_9838,chr13,43054426,43055746,1320
pre_xx_9839,chr13,43302613,43303506,893
pre_xx_9840,chr13,43307541,43308349,808
pre_xx_9841,chr13,43543873,43547286,3413
pre_xx_9842,chr13,43785207,43787804,2597
pre_xx_9843,chr13,43878741,43880556,1815
pre_xx_9844,chr13,43985330,43986994,1664
pre_xx_9845,chr13,44141283,44142768,1485
pre_xx_9846,chr13,44155320,44156494,1174
pre_xx_9847,chr13,44305955,44307064,1109
pre_xx_9848,chr13,44331627,44332991,1364
pre_xx_9849,chr13,44372967,44374666,1699
pre_xx_9850,chr13,44404147,44406091,1944
pre_xx_9851,chr13,44422144,44423869,1725
pre_xx_9852,chr13,44434753,44435957,1204
pre_xx_9853,chr13,44436478,44437364,886
pre_xx_9854,chr13,44575587,44578427,2840
pre_xx_9855,chr13,44764281,44766237,1956
pre_xx_9856,chr13,44905995,44907147,1152
pre_xx_9857,chr13,44917300,44919182,1882
pre_xx_9858,chr13,44988744,44990419,1675
pre_xx_9859,chr13,45046494,45048175,1681
pre_xx_9860,chr13,45055005,45056710,1705
pre_xx_9861,chr13,45119219,45121681,2462
pre_xx_9862,chr13,45295294,45295969,675
pre_xx_9863,chr13,45309129,45309717,588
pre_xx_9864,chr13,45310734,45312087,1353
pre_xx_9865,chr13,45333793,45336624,2831
pre_xx_9866,chr13,45340142,45342288,2146
pre_xx_9867,chr13,45370655,45371394,739
pre_xx_9868,chr13,45417198,45418988,1790
pre_xx_9869,chr13,45464247,45465705,1458
pre_xx_9870,chr13,45615074,45616214,1140
pre_xx_9871,chr13,45781181,45782537,1356
pre_xx_9872,chr13,45850030,45852252,2222
pre_xx_9873,chr13,45888944,45890285,1341
pre_xx_9874,chr13,46051588,46053423,1835
pre_xx_9875,chr13,46210854,46212404,1550
pre_xx_9876,chr13,46344835,46346038,1203
pre_xx_9877,chr13,46386032,46387806,1774
pre_xx_9878,chr13,46552192,46554873,2681
pre_xx_9879,chr13,46577961,46579331,1370
pre_xx_9880,chr13,46796224,46797656,1432
pre_xx_9881,chr13,46893233,46894901,1668
pre_xx_9882,chr13,46896337,46897339,1002
pre_xx_9883,chr13,48000149,48002275,2126
pre_xx_9884,chr13,48037109,48038345,1236
pre_xx_9885,chr13,48094199,48095557,1358
pre_xx_9886,chr13,48119994,48120934,940
pre_xx_9887,chr13,48125620,48127847,2227
pre_xx_9888,chr13,48220770,48221977,1207
pre_xx_9889,chr13,48232212,48234178,1966
pre_xx_9890,chr13,48235035,48236012,977
pre_xx_9891,chr13,48302927,48304794,1867
pre_xx_9892,chr13,48316829,48319439,2610
pre_xx_9893,chr13,48411266,48413662,2396
pre_xx_9894,chr13,48509850,48510893,1043
pre_xx_9895,chr13,48531456,48533546,2090
pre_xx_9896,chr13,48625315,48626930,1615
pre_xx_9897,chr13,48974718,48977454,2736
pre_xx_9898,chr13,49109583,49111221,1638
pre_xx_9899,chr13,49219723,49221332,1609
pre_xx_9900,chr13,49247148,49248994,1846
pre_xx_9901,chr13,49329513,49330496,983
pre_xx_9902,chr13,49371533,49372580,1047
pre_xx_9903,chr13,49400724,49401809,1085
pre_xx_9904,chr13,49443095,49445341,2246
pre_xx_9905,chr13,49463231,49464027,796
pre_xx_9906,chr13,49495042,49496800,1758
pre_xx_9907,chr13,49560105,49561432,1327
pre_xx_9908,chr13,49584488,49586319,1831
pre_xx_9909,chr13,49606771,49608018,1247
pre_xx_9910,chr13,49689838,49692162,2324
pre_xx_9911,chr13,49791148,49793665,2517
pre_xx_9912,chr13,49847628,49848335,707
pre_xx_9913,chr13,49935312,49937285,1973
pre_xx_9914,chr13,49995785,49997657,1872
pre_xx_9915,chr13,50080133,50082974,2841
pre_xx_9916,chr13,50123567,50126282,2715
pre_xx_9917,chr13,50127349,50127680,331
pre_xx_9918,chr13,50129819,50130942,1123
pre_xx_9919,chr13,50132412,50134012,1600
pre_xx_9920,chr13,50357271,50358807,1536
pre_xx_9921,chr13,50386154,50387448,1294
pre_xx_9922,chr13,50399251,50400775,1524
pre_xx_9923,chr13,50420833,50422150,1317
pre_xx_9924,chr13,50511968,50513860,1892
pre_xx_9925,chr13,50708085,50709125,1040
pre_xx_9926,chr13,50800172,50801659,1487
pre_xx_9927,chr13,50842550,50844161,1611
pre_xx_9928,chr13,50909361,50910832,1471
pre_xx_9929,chr13,50988930,50989867,937
pre_xx_9930,chr13,50990584,50992457,1873
pre_xx_9931,chr13,51043033,51043965,932
pre_xx_9932,chr13,51069806,51070429,623
pre_xx_9933,chr13,51221555,51223557,2002
pre_xx_9934,chr13,51245559,51247322,1763
pre_xx_9935,chr13,51451231,51454271,3040
pre_xx_9936,chr13,51583377,51585503,2126
pre_xx_9937,chr13,51785496,51787478,1982
pre_xx_9938,chr13,51802613,51805112,2499
pre_xx_9939,chr13,51814821,51816481,1660
pre_xx_9940,chr13,51844622,51845600,978
pre_xx_9941,chr13,52010895,52012689,1794
pre_xx_9942,chr13,52127378,52129576,2198
pre_xx_9943,chr13,52158550,52160012,1462
pre_xx_9944,chr13,52193493,52196159,2666
pre_xx_9945,chr13,52405247,52406570,1323
pre_xx_9946,chr13,52449217,52450924,1707
pre_xx_9947,chr13,52454365,52456271,1906
pre_xx_9948,chr13,52599151,52601082,1931
pre_xx_9949,chr13,52616621,52618398,1777
pre_xx_9950,chr13,52651900,52653792,1892
pre_xx_9951,chr13,52738563,52740243,1680
pre_xx_9952,chr13,52845949,52847386,1437
pre_xx_9953,chr13,52848276,52848820,544
pre_xx_9954,chr13,52850444,52851932,1488
pre_xx_9955,chr13,53010180,53011086,906
pre_xx_9956,chr13,53151325,53152288,963
pre_xx_9957,chr13,53200201,53202311,2110
pre_xx_9958,chr13,53781819,53783859,2040
pre_xx_9959,chr13,57436541,57438118,1577
pre_xx_9960,chr13,57624355,57625125,770
pre_xx_9961,chr13,57629263,57630232,969
pre_xx_9962,chr13,57630723,57632797,2074
pre_xx_9963,chr13,57633421,57633805,384
pre_xx_9964,chr13,57634233,57635046,813
pre_xx_9965,chr13,59345094,59345856,762
pre_xx_9966,chr13,59480066,59481183,1117
pre_xx_9967,chr13,59749842,59751340,1498
pre_xx_9968,chr13,60162848,60164990,2142
pre_xx_9969,chr13,60229366,60231504,2138
pre_xx_9970,chr13,60267277,60268786,1509
pre_xx_9971,chr13,60395791,60398434,2643
pre_xx_9972,chr13,60398973,60399467,494
pre_xx_9973,chr13,60754161,60755777,1616
pre_xx_9974,chr13,61413488,61415928,2440
pre_xx_9975,chr13,61670066,61672356,2290
pre_xx_9976,chr13,66353113,66354355,1242
pre_xx_9977,chr13,66405353,66406722,1369
pre_xx_9978,chr13,66656597,66657926,1329
pre_xx_9979,chr13,67047729,67049045,1316
pre_xx_9980,chr13,67146405,67148613,2208
pre_xx_9981,chr13,67223813,67224595,782
pre_xx_9982,chr13,67229403,67231595,2192
pre_xx_9983,chr13,69683590,69684787,1197
pre_xx_9984,chr13,70107212,70108620,1408
pre_xx_9985,chr13,71864072,71867725,3653
pre_xx_9986,chr13,72075256,72076745,1489
pre_xx_9987,chr13,72150691,72151903,1212
pre_xx_9988,chr13,72166388,72167939,1551
pre_xx_9989,chr13,72255148,72256281,1133
pre_xx_9990,chr13,72383626,72385114,1488
pre_xx_9991,chr13,72521409,72523357,1948
pre_xx_9992,chr13,72726737,72728557,1820
pre_xx_9993,chr13,72781182,72782514,1332
pre_xx_9994,chr13,73058243,73060935,2692
pre_xx_9995,chr13,73765271,73766866,1595
pre_xx_9996,chr13,73782019,73783341,1322
pre_xx_9997,chr13,74132708,74136601,3893
pre_xx_9998,chr13,74286787,74288944,2157
pre_xx_9999,chr13,74289886,74290810,924
pre_xx_10000,chr13,74324861,74326002,1141
pre_xx_10001,chr13,74575075,74576370,1295
pre_xx_10002,chr13,75219426,75220257,831
pre_xx_10003,chr13,75480403,75482768,2365
pre_xx_10004,chr13,75536557,75538432,1875
pre_xx_10005,chr13,75548760,75550667,1907
pre_xx_10006,chr13,75635072,75637756,2684
pre_xx_10007,chr13,76306963,76307713,750
pre_xx_10008,chr13,76610487,76611548,1061
pre_xx_10009,chr13,76621695,76623496,1801
pre_xx_10010,chr13,76724563,76726286,1723
pre_xx_10011,chr13,76884070,76884517,447
pre_xx_10012,chr13,76884636,76887622,2986
pre_xx_10013,chr13,76979765,76980505,740
pre_xx_10014,chr13,76991206,76993248,2042
pre_xx_10015,chr13,77026110,77027662,1552
pre_xx_10016,chr13,77325857,77327439,1582
pre_xx_10017,chr13,77328889,77330420,1531
pre_xx_10018,chr13,77477431,77478797,1366
pre_xx_10019,chr13,77507806,77509636,1830
pre_xx_10020,chr13,77543993,77545241,1248
pre_xx_10021,chr13,77696999,77699146,2147
pre_xx_10022,chr13,77917985,77920109,2124
pre_xx_10023,chr13,78595422,78597054,1632
pre_xx_10024,chr13,78601389,78602566,1177
pre_xx_10025,chr13,78602813,78603993,1180
pre_xx_10026,chr13,78608478,78609915,1437
pre_xx_10027,chr13,78646570,78647841,1271
pre_xx_10028,chr13,78657762,78660407,2645
pre_xx_10029,chr13,79307433,79308504,1071
pre_xx_10030,chr13,79405027,79406815,1788
pre_xx_10031,chr13,79480550,79482029,1479
pre_xx_10032,chr13,79740494,79741647,1153
pre_xx_10033,chr13,79749489,79751173,1684
pre_xx_10034,chr13,79781816,79783436,1620
pre_xx_10035,chr13,79810158,79811531,1373
pre_xx_10036,chr13,79869111,79870618,1507
pre_xx_10037,chr13,80132456,80134166,1710
pre_xx_10038,chr13,80140571,80141751,1180
pre_xx_10039,chr13,80338752,80339690,938
pre_xx_10040,chr13,80339896,80342003,2107
pre_xx_10041,chr13,80342419,80343347,928
pre_xx_10042,chr13,80463414,80464190,776
pre_xx_10043,chr13,83881198,83882613,1415
pre_xx_10044,chr13,84552953,84553845,892
pre_xx_10045,chr13,85798475,85799725,1250
pre_xx_10046,chr13,87670883,87674075,3192
pre_xx_10047,chr13,87674278,87674742,464
pre_xx_10048,chr13,87677267,87678338,1071
pre_xx_10049,chr13,88338968,88339935,967
pre_xx_10050,chr13,91346681,91349414,2733
pre_xx_10051,chr13,91398164,91399588,1424
pre_xx_10052,chr13,92103358,92104218,860
pre_xx_10053,chr13,93226400,93228993,2593
pre_xx_10054,chr13,93348105,93349444,1339
pre_xx_10055,chr13,93449800,93451106,1306
pre_xx_10056,chr13,94548329,94550352,2023
pre_xx_10057,chr13,94595221,94596687,1466
pre_xx_10058,chr13,94601079,94602655,1576
pre_xx_10059,chr13,94640576,94642774,2198
pre_xx_10060,chr13,94710930,94713793,2863
pre_xx_10061,chr13,94967355,94968976,1621
pre_xx_10062,chr13,95002555,95003832,1277
pre_xx_10063,chr13,95300491,95302272,1781
pre_xx_10064,chr13,95380155,95381657,1502
pre_xx_10065,chr13,95403457,95404740,1283
pre_xx_10066,chr13,95552023,95553882,1859
pre_xx_10067,chr13,95641261,95642320,1059
pre_xx_10068,chr13,95643465,95644968,1503
pre_xx_10069,chr13,95675730,95678236,2506
pre_xx_10070,chr13,96052450,96053927,1477
pre_xx_10071,chr13,96089464,96091967,2503
pre_xx_10072,chr13,96983755,96984749,994
pre_xx_10073,chr13,96993463,96994988,1525
pre_xx_10074,chr13,97017865,97018856,991
pre_xx_10075,chr13,97109024,97110278,1254
pre_xx_10076,chr13,97114861,97115851,990
pre_xx_10077,chr13,97124254,97126218,1964
pre_xx_10078,chr13,97221645,97222705,1060
pre_xx_10079,chr13,97223036,97224688,1652
pre_xx_10080,chr13,97224959,97225231,272
pre_xx_10081,chr13,97432288,97435005,2717
pre_xx_10082,chr13,97855372,97856410,1038
pre_xx_10083,chr13,97975359,97977715,2356
pre_xx_10084,chr13,98141940,98144712,2772
pre_xx_10085,chr13,98171773,98174786,3013
pre_xx_10086,chr13,98213367,98215056,1689
pre_xx_10087,chr13,98272915,98274767,1852
pre_xx_10088,chr13,98284792,98286499,1707
pre_xx_10089,chr13,98300913,98301965,1052
pre_xx_10090,chr13,98307337,98308513,1176
pre_xx_10091,chr13,98327172,98328337,1165
pre_xx_10092,chr13,98372486,98373240,754
pre_xx_10093,chr13,98404846,98407130,2284
pre_xx_10094,chr13,98445084,98445681,597
pre_xx_10095,chr13,98483706,98485245,1539
pre_xx_10096,chr13,98506323,98507881,1558
pre_xx_10097,chr13,98521134,98522771,1637
pre_xx_10098,chr13,98536478,98537831,1353
pre_xx_10099,chr13,98565517,98566492,975
pre_xx_10100,chr13,98570915,98571951,1036
pre_xx_10101,chr13,98574191,98574719,528
pre_xx_10102,chr13,98575479,98578128,2649
pre_xx_10103,chr13,98653073,98653740,667
pre_xx_10104,chr13,98672675,98673462,787
pre_xx_10105,chr13,98697416,98698324,908
pre_xx_10106,chr13,98751209,98752945,1736
pre_xx_10107,chr13,98860113,98861349,1236
pre_xx_10108,chr13,98975551,98976761,1210
pre_xx_10109,chr13,98977479,98978628,1149
pre_xx_10110,chr13,99085653,99088361,2708
pre_xx_10111,chr13,99176250,99177274,1024
pre_xx_10112,chr13,99199761,99201748,1987
pre_xx_10113,chr13,99413295,99414484,1189
pre_xx_10114,chr13,99416387,99417187,800
pre_xx_10115,chr13,99420040,99420625,585
pre_xx_10116,chr13,99436574,99437344,770
pre_xx_10117,chr13,99498114,99499239,1125
pre_xx_10118,chr13,99500765,99502281,1516
pre_xx_10119,chr13,99605621,99607128,1507
pre_xx_10120,chr13,99657722,99658970,1248
pre_xx_10121,chr13,99685931,99687225,1294
pre_xx_10122,chr13,99894766,99896503,1737
pre_xx_10123,chr13,99925585,99926788,1203
pre_xx_10124,chr13,99949172,99951127,1955
pre_xx_10125,chr13,99955457,99957570,2113
pre_xx_10126,chr13,99967919,99969228,1309
pre_xx_10127,chr13,99969561,99972077,2516
pre_xx_10128,chr13,99979068,99982648,3580
pre_xx_10129,chr13,100088269,100090354,2085
pre_xx_10130,chr13,100197410,100198357,947
pre_xx_10131,chr13,100436690,100437820,1130
pre_xx_10132,chr13,100494800,100496429,1629
pre_xx_10133,chr13,100588033,100589248,1215
pre_xx_10134,chr13,100673334,100675838,2504
pre_xx_10135,chr13,101415246,101417355,2109
pre_xx_10136,chr13,101919298,101920202,904
pre_xx_10137,chr13,102393742,102395108,1366
pre_xx_10138,chr13,102399662,102401445,1783
pre_xx_10139,chr13,102591746,102592762,1016
pre_xx_10140,chr13,102595946,102597941,1995
pre_xx_10141,chr13,102772732,102774544,1812
pre_xx_10142,chr13,102798389,102800857,2468
pre_xx_10143,chr13,102845227,102847064,1837
pre_xx_10144,chr13,102869875,102871322,1447
pre_xx_10145,chr13,103882945,103884039,1094
pre_xx_10146,chr13,104015110,104016757,1647
pre_xx_10147,chr13,104356721,104358274,1553
pre_xx_10148,chr13,104371752,104372729,977
pre_xx_10149,chr13,105315757,105317177,1420
pre_xx_10150,chr13,105978971,105980127,1156
pre_xx_10151,chr13,106277370,106278188,818
pre_xx_10152,chr13,106347997,106350016,2019
pre_xx_10153,chr13,106484139,106485262,1123
pre_xx_10154,chr13,106532575,106533489,914
pre_xx_10155,chr13,106533839,106536740,2901
pre_xx_10156,chr13,106566777,106568547,1770
pre_xx_10157,chr13,106867106,106867988,882
pre_xx_10158,chr13,106916813,106918367,1554
pre_xx_10159,chr13,107209648,107211436,1788
pre_xx_10160,chr13,107865720,107868654,2934
pre_xx_10161,chr13,108214202,108215869,1667
pre_xx_10162,chr13,108217766,108219152,1386
pre_xx_10163,chr13,108225889,108226987,1098
pre_xx_10164,chr13,108494767,108497094,2327
pre_xx_10165,chr13,108595232,108596326,1094
pre_xx_10166,chr13,109140241,109141415,1174
pre_xx_10167,chr13,109331513,109332765,1252
pre_xx_10168,chr13,109412186,109413061,875
pre_xx_10169,chr13,109699546,109700893,1347
pre_xx_10170,chr13,109728230,109729789,1559
pre_xx_10171,chr13,109743652,109745342,1690
pre_xx_10172,chr13,109780911,109781863,952
pre_xx_10173,chr13,109784433,109785140,707
pre_xx_10174,chr13,109785227,109787886,2659
pre_xx_10175,chr13,109869150,109870202,1052
pre_xx_10176,chr13,109923683,109925031,1348
pre_xx_10177,chr13,110136744,110139100,2356
pre_xx_10178,chr13,110187319,110188293,974
pre_xx_10179,chr13,110221310,110222560,1250
pre_xx_10180,chr13,110237804,110239564,1760
pre_xx_10181,chr13,110247471,110248738,1267
pre_xx_10182,chr13,110250168,110252091,1923
pre_xx_10183,chr13,110262305,110265050,2745
pre_xx_10184,chr13,110286756,110287908,1152
pre_xx_10185,chr13,110306029,110309116,3087
pre_xx_10186,chr13,110340584,110342084,1500
pre_xx_10187,chr13,110359021,110360421,1400
pre_xx_10188,chr13,110387222,110389034,1812
pre_xx_10189,chr13,110410924,110413061,2137
pre_xx_10190,chr13,110446881,110447750,869
pre_xx_10191,chr13,110448008,110448800,792
pre_xx_10192,chr13,110455509,110456324,815
pre_xx_10193,chr13,110485398,110486544,1146
pre_xx_10194,chr13,110560582,110562461,1879
pre_xx_10195,chr13,110614895,110618030,3135
pre_xx_10196,chr13,110644675,110645390,715
pre_xx_10197,chr13,110705339,110706722,1383
pre_xx_10198,chr13,110712045,110716136,4091
pre_xx_10199,chr13,110874166,110875181,1015
pre_xx_10200,chr13,110909861,110910778,917
pre_xx_10201,chr13,110914023,110915988,1965
pre_xx_10202,chr13,110924114,110925651,1537
pre_xx_10203,chr13,111037081,111038289,1208
pre_xx_10204,chr13,111065445,111068088,2643
pre_xx_10205,chr13,111114187,111116612,2425
pre_xx_10206,chr13,111152618,111155009,2391
pre_xx_10207,chr13,111215456,111216487,1031
pre_xx_10208,chr13,111892775,111894470,1695
pre_xx_10209,chr13,112062719,112063289,570
pre_xx_10210,chr13,112066096,112067396,1300
pre_xx_10211,chr13,112072043,112073973,1930
pre_xx_10212,chr13,112443297,112444405,1108
pre_xx_10213,chr13,112586982,112588684,1702
pre_xx_10214,chr13,112605453,112606778,1325
pre_xx_10215,chr13,112619513,112620328,815
pre_xx_10216,chr13,112641348,112642213,865
pre_xx_10217,chr13,112650991,112653399,2408
pre_xx_10218,chr13,112657664,112659099,1435
pre_xx_10219,chr13,112688986,112691697,2711
pre_xx_10220,chr13,112703694,112705541,1847
pre_xx_10221,chr13,112711401,112713058,1657
pre_xx_10222,chr13,112722043,112723454,1411
pre_xx_10223,chr13,112725425,112726484,1059
pre_xx_10224,chr13,112733728,112734519,791
pre_xx_10225,chr13,112771382,112772734,1352
pre_xx_10226,chr13,112777529,112778225,696
pre_xx_10227,chr13,112782499,112784371,1872
pre_xx_10228,chr13,112812068,112813146,1078
pre_xx_10229,chr13,112842220,112844155,1935
pre_xx_10230,chr13,112873864,112875133,1269
pre_xx_10231,chr13,112885406,112886398,992
pre_xx_10232,chr13,112891185,112891807,622
pre_xx_10233,chr13,112893351,112895446,2095
pre_xx_10234,chr13,112928391,112929904,1513
pre_xx_10235,chr13,112942524,112944556,2032
pre_xx_10236,chr13,112968159,112970195,2036
pre_xx_10237,chr13,112983275,112984038,763
pre_xx_10238,chr13,112990357,112991244,887
pre_xx_10239,chr13,113000647,113002494,1847
pre_xx_10240,chr13,113055190,113056043,853
pre_xx_10241,chr13,113078380,113079866,1486
pre_xx_10242,chr13,113109205,113111223,2018
pre_xx_10243,chr13,113122065,113123463,1398
pre_xx_10244,chr13,113152796,113155136,2340
pre_xx_10245,chr13,113207857,113210349,2492
pre_xx_10246,chr13,113296332,113298592,2260
pre_xx_10247,chr13,113362783,113365442,2659
pre_xx_10248,chr13,113393211,113394461,1250
pre_xx_10249,chr13,113448407,113449872,1465
pre_xx_10250,chr13,113458154,113459111,957
pre_xx_10251,chr13,113483247,113484941,1694
pre_xx_10252,chr13,113489147,113491896,2749
pre_xx_10253,chr13,113531956,113532827,871
pre_xx_10254,chr13,113533064,113533864,800
pre_xx_10255,chr13,113545346,113549670,4324
pre_xx_10256,chr13,113562043,113562987,944
pre_xx_10257,chr13,113584141,113586284,2143
pre_xx_10258,chr13,113647016,113648162,1146
pre_xx_10259,chr13,113723052,113725336,2284
pre_xx_10260,chr13,113758487,113760167,1680
pre_xx_10261,chr13,113801703,113802840,1137
pre_xx_10262,chr13,113813161,113814794,1633
pre_xx_10263,chr13,113816954,113817274,320
pre_xx_10264,chr13,113820418,113821730,1312
pre_xx_10265,chr13,113860060,113861289,1229
pre_xx_10266,chr13,113862208,113864253,2045
pre_xx_10267,chr13,113907468,113908675,1207
pre_xx_10268,chr13,113914501,113915685,1184
pre_xx_10269,chr13,113927146,113929386,2240
pre_xx_10270,chr13,113936903,113939287,2384
pre_xx_10271,chr13,113943525,113944132,607
pre_xx_10272,chr13,113950869,113951969,1100
pre_xx_10273,chr13,114025406,114026510,1104
pre_xx_10274,chr13,114064136,114065851,1715
pre_xx_10275,chr13,114099846,114101662,1816
pre_xx_10276,chr13,114130765,114132999,2234
pre_xx_10277,chr13,114222358,114222961,603
pre_xx_10278,chr13,114226542,114227242,700
pre_xx_10279,chr13,114234359,114236171,1812
pre_xx_10280,chr13,114280467,114282639,2172
pre_xx_10281,chr13,114313679,114315739,2060
pre_xx_10282,chr14,20305017,20306149,1132
pre_xx_10283,chr14,20332267,20333685,1418
pre_xx_10284,chr14,20342156,20344123,1967
pre_xx_10285,chr14,20412254,20414130,1876
pre_xx_10286,chr14,20434537,20436105,1568
pre_xx_10287,chr14,20454163,20456090,1927
pre_xx_10288,chr14,20460645,20462105,1460
pre_xx_10289,chr14,20468800,20470618,1818
pre_xx_10290,chr14,20609112,20610366,1254
pre_xx_10291,chr14,20612966,20614447,1481
pre_xx_10292,chr14,20624618,20625895,1277
pre_xx_10293,chr14,20630290,20631313,1023
pre_xx_10294,chr14,20631703,20633617,1914
pre_xx_10295,chr14,20642517,20643537,1020
pre_xx_10296,chr14,20662778,20664008,1230
pre_xx_10297,chr14,20681199,20685093,3894
pre_xx_10298,chr14,20690774,20691534,760
pre_xx_10299,chr14,20697420,20698327,907
pre_xx_10300,chr14,20790367,20792137,1770
pre_xx_10301,chr14,20799243,20800561,1318
pre_xx_10302,chr14,20801429,20803483,2054
pre_xx_10303,chr14,20855300,20856037,737
pre_xx_10304,chr14,20970586,20972010,1424
pre_xx_10305,chr14,20989115,20990635,1520
pre_xx_10306,chr14,21014308,21015236,928
pre_xx_10307,chr14,21024275,21026689,2414
pre_xx_10308,chr14,21038362,21039530,1168
pre_xx_10309,chr14,21039854,21040435,581
pre_xx_10310,chr14,21068494,21071976,3482
pre_xx_10311,chr14,21091758,21093074,1316
pre_xx_10312,chr14,21097077,21098947,1870
pre_xx_10313,chr14,21103151,21104785,1634
pre_xx_10314,chr14,21106355,21107353,998
pre_xx_10315,chr14,21191681,21192846,1165
pre_xx_10316,chr14,21268797,21270851,2054
pre_xx_10317,chr14,21300674,21301376,702
pre_xx_10318,chr14,21307967,21309380,1413
pre_xx_10319,chr14,21382971,21384815,1844
pre_xx_10320,chr14,21428792,21429540,748
pre_xx_10321,chr14,21436483,21437904,1421
pre_xx_10322,chr14,21454903,21456937,2034
pre_xx_10323,chr14,21476034,21477997,1963
pre_xx_10324,chr14,21510291,21511863,1572
pre_xx_10325,chr14,21525306,21527301,1995
pre_xx_10326,chr14,21535653,21537355,1702
pre_xx_10327,chr14,21556416,21558183,1767
pre_xx_10328,chr14,22338627,22339843,1216
pre_xx_10329,chr14,22391679,22392320,641
pre_xx_10330,chr14,22427293,22428259,966
pre_xx_10331,chr14,22432276,22433701,1425
pre_xx_10332,chr14,22556078,22557540,1462
pre_xx_10333,chr14,22570020,22571085,1065
pre_xx_10334,chr14,22588493,22590196,1703
pre_xx_10335,chr14,22597761,22599216,1455
pre_xx_10336,chr14,22612978,22614811,1833
pre_xx_10337,chr14,22765963,22767540,1577
pre_xx_10338,chr14,22817771,22818281,510
pre_xx_10339,chr14,22821171,22823427,2256
pre_xx_10340,chr14,22824779,22825221,442
pre_xx_10341,chr14,22829311,22830709,1398
pre_xx_10342,chr14,22836074,22839543,3469
pre_xx_10343,chr14,22847622,22849885,2263
pre_xx_10344,chr14,22852848,22853734,886
pre_xx_10345,chr14,22870974,22873111,2137
pre_xx_10346,chr14,22882345,22883953,1608
pre_xx_10347,chr14,22886360,22887889,1529
pre_xx_10348,chr14,22918211,22919790,1579
pre_xx_10349,chr14,22928473,22930882,2409
pre_xx_10350,chr14,22955661,22958368,2707
pre_xx_10351,chr14,22976635,22977142,507
pre_xx_10352,chr14,22977340,22978295,955
pre_xx_10353,chr14,22980248,22983554,3306
pre_xx_10354,chr14,22986584,22986905,321
pre_xx_10355,chr14,22996608,22998907,2299
pre_xx_10356,chr14,23006469,23007501,1032
pre_xx_10357,chr14,23009610,23011089,1479
pre_xx_10358,chr14,23033970,23035470,1500
pre_xx_10359,chr14,23043717,23045305,1588
pre_xx_10360,chr14,23055583,23056552,969
pre_xx_10361,chr14,23056746,23058543,1797
pre_xx_10362,chr14,23068571,23069446,875
pre_xx_10363,chr14,23070260,23072475,2215
pre_xx_10364,chr14,23094100,23096414,2314
pre_xx_10365,chr14,23112491,23114423,1932
pre_xx_10366,chr14,23120558,23121885,1327
pre_xx_10367,chr14,23153438,23155586,2148
pre_xx_10368,chr14,23160462,23161909,1447
pre_xx_10369,chr14,23181367,23183879,2512
pre_xx_10370,chr14,23237500,23238354,854
pre_xx_10371,chr14,23285138,23286914,1776
pre_xx_10372,chr14,23300662,23303014,2352
pre_xx_10373,chr14,23306296,23307403,1107
pre_xx_10374,chr14,23309226,23309790,564
pre_xx_10375,chr14,23320461,23322688,2227
pre_xx_10376,chr14,23351709,23353142,1433
pre_xx_10377,chr14,23364175,23367062,2887
pre_xx_10378,chr14,23468709,23470032,1323
pre_xx_10379,chr14,23482027,23483619,1592
pre_xx_10380,chr14,23492355,23494749,2394
pre_xx_10381,chr14,23538522,23540116,1594
pre_xx_10382,chr14,23548165,23548876,711
pre_xx_10383,chr14,23550352,23551987,1635
pre_xx_10384,chr14,23555605,23556771,1166
pre_xx_10385,chr14,23562614,23563354,740
pre_xx_10386,chr14,23566766,23568016,1250
pre_xx_10387,chr14,23568579,23569089,510
pre_xx_10388,chr14,23575755,23579323,3568
pre_xx_10389,chr14,23588691,23589604,913
pre_xx_10390,chr14,23631617,23633629,2012
pre_xx_10391,chr14,23640043,23641504,1461
pre_xx_10392,chr14,23692360,23696239,3879
pre_xx_10393,chr14,23707814,23709319,1505
pre_xx_10394,chr14,23868309,23870072,1763
pre_xx_10395,chr14,23883222,23884856,1634
pre_xx_10396,chr14,23932846,23934143,1297
pre_xx_10397,chr14,23953034,23954413,1379
pre_xx_10398,chr14,23988235,23989402,1167
pre_xx_10399,chr14,24035770,24037061,1291
pre_xx_10400,chr14,24051079,24052862,1783
pre_xx_10401,chr14,24057911,24059219,1308
pre_xx_10402,chr14,24080815,24082218,1403
pre_xx_10403,chr14,24090360,24090845,485
pre_xx_10404,chr14,24093629,24095712,2083
pre_xx_10405,chr14,24108459,24109117,658
pre_xx_10406,chr14,24113464,24115938,2474
pre_xx_10407,chr14,24132260,24132656,396
pre_xx_10408,chr14,24135470,24136745,1275
pre_xx_10409,chr14,24140467,24142062,1595
pre_xx_10410,chr14,24146187,24148241,2054
pre_xx_10411,chr14,24160637,24162420,1783
pre_xx_10412,chr14,24171247,24173344,2097
pre_xx_10413,chr14,24187833,24189112,1279
pre_xx_10414,chr14,24194683,24196618,1935
pre_xx_10415,chr14,24212756,24213762,1006
pre_xx_10416,chr14,24215285,24216292,1007
pre_xx_10417,chr14,24231514,24233359,1845
pre_xx_10418,chr14,24241729,24243551,1822
pre_xx_10419,chr14,24270745,24271945,1200
pre_xx_10420,chr14,24273682,24274697,1015
pre_xx_10421,chr14,24282558,24283932,1374
pre_xx_10422,chr14,24298903,24300323,1420
pre_xx_10423,chr14,24310268,24311620,1352
pre_xx_10424,chr14,24331794,24333210,1416
pre_xx_10425,chr14,24333467,24335381,1914
pre_xx_10426,chr14,24339172,24340214,1042
pre_xx_10427,chr14,24365632,24369394,3762
pre_xx_10428,chr14,24391950,24393009,1059
pre_xx_10429,chr14,24397640,24400611,2971
pre_xx_10430,chr14,24402850,24403657,807
pre_xx_10431,chr14,24416758,24418938,2180
pre_xx_10432,chr14,24429339,24431158,1819
pre_xx_10433,chr14,24431614,24432066,452
pre_xx_10434,chr14,24441728,24443625,1897
pre_xx_10435,chr14,24710234,24711320,1086
pre_xx_10436,chr14,24805929,24806963,1034
pre_xx_10437,chr14,24817111,24818737,1626
pre_xx_10438,chr14,24907799,24909441,1642
pre_xx_10439,chr14,24941503,24943308,1805
pre_xx_10440,chr14,25007051,25008235,1184
pre_xx_10441,chr14,25048400,25050720,2320
pre_xx_10442,chr14,25132460,25133181,721
pre_xx_10443,chr14,26204391,26205516,1125
pre_xx_10444,chr14,26339405,26340584,1179
pre_xx_10445,chr14,26393689,26395053,1364
pre_xx_10446,chr14,26596443,26599101,2658
pre_xx_10447,chr14,28759001,28760226,1225
pre_xx_10448,chr14,28765270,28768544,3274
pre_xx_10449,chr14,28773775,28775079,1304
pre_xx_10450,chr14,28784400,28786029,1629
pre_xx_10451,chr14,29584721,29585453,732
pre_xx_10452,chr14,29650142,29651314,1172
pre_xx_10453,chr14,29926165,29928687,2522
pre_xx_10454,chr14,30004319,30005721,1402
pre_xx_10455,chr14,30156117,30157162,1045
pre_xx_10456,chr14,30223038,30224271,1233
pre_xx_10457,chr14,30270338,30271206,868
pre_xx_10458,chr14,30558305,30560110,1805
pre_xx_10459,chr14,30621146,30622906,1760
pre_xx_10460,chr14,30873878,30875970,2092
pre_xx_10461,chr14,31024682,31027420,2738
pre_xx_10462,chr14,31058988,31060816,1828
pre_xx_10463,chr14,31205643,31206338,695
pre_xx_10464,chr14,31206618,31208597,1979
pre_xx_10465,chr14,31419107,31421026,1919
pre_xx_10466,chr14,31456486,31457914,1428
pre_xx_10467,chr14,31560812,31562305,1493
pre_xx_10468,chr14,31692117,31692959,842
pre_xx_10469,chr14,31836162,31837506,1344
pre_xx_10470,chr14,31934666,31935840,1174
pre_xx_10471,chr14,31949945,31951936,1991
pre_xx_10472,chr14,31967526,31970083,2557
pre_xx_10473,chr14,32075756,32078320,2564
pre_xx_10474,chr14,32200744,32204249,3505
pre_xx_10475,chr14,32513045,32514984,1939
pre_xx_10476,chr14,32608165,32609162,997
pre_xx_10477,chr14,32932355,32935338,2983
pre_xx_10478,chr14,32938002,32940626,2624
pre_xx_10479,chr14,33477545,33479347,1802
pre_xx_10480,chr14,33553478,33556173,2695
pre_xx_10481,chr14,33791858,33793691,1833
pre_xx_10482,chr14,33848774,33849566,792
pre_xx_10483,chr14,33937834,33938895,1061
pre_xx_10484,chr14,33949799,33951429,1630
pre_xx_10485,chr14,34059720,34061197,1477
pre_xx_10486,chr14,34227653,34229390,1737
pre_xx_10487,chr14,34460854,34463159,2305
pre_xx_10488,chr14,34537384,34540498,3114
pre_xx_10489,chr14,34628798,34630557,1759
pre_xx_10490,chr14,34713454,34715459,2005
pre_xx_10491,chr14,34872787,34875568,2781
pre_xx_10492,chr14,34980889,34983521,2632
pre_xx_10493,chr14,35045343,35047067,1724
pre_xx_10494,chr14,35121077,35123502,2425
pre_xx_10495,chr14,35291521,35293323,1802
pre_xx_10496,chr14,35335341,35337135,1794
pre_xx_10497,chr14,35341155,35342601,1446
pre_xx_10498,chr14,35347183,35348269,1086
pre_xx_10499,chr14,35351998,35353541,1543
pre_xx_10500,chr14,35401050,35401461,411
pre_xx_10501,chr14,35403090,35405322,2232
pre_xx_10502,chr14,35412756,35413661,905
pre_xx_10503,chr14,35533100,35535765,2665
pre_xx_10504,chr14,35808113,35809530,1417
pre_xx_10505,chr14,35825556,35827284,1728
pre_xx_10506,chr14,36271915,36273292,1377
pre_xx_10507,chr14,36319366,36321089,1723
pre_xx_10508,chr14,36520531,36521324,793
pre_xx_10509,chr14,36580572,36581853,1281
pre_xx_10510,chr14,36646636,36648514,1878
pre_xx_10511,chr14,36655714,36656964,1250
pre_xx_10512,chr14,36661330,36662299,969
pre_xx_10513,chr14,36662560,36664056,1496
pre_xx_10514,chr14,37171600,37173129,1529
pre_xx_10515,chr14,37197084,37198712,1628
pre_xx_10516,chr14,37583297,37585506,2209
pre_xx_10517,chr14,37594183,37595739,1556
pre_xx_10518,chr14,37597742,37598807,1065
pre_xx_10519,chr14,37621986,37623017,1031
pre_xx_10520,chr14,37888896,37889591,695
pre_xx_10521,chr14,38207479,38209922,2443
pre_xx_10522,chr14,38210041,38211445,1404
pre_xx_10523,chr14,38254593,38256739,2146
pre_xx_10524,chr14,39102213,39103950,1737
pre_xx_10525,chr14,39113751,39115283,1532
pre_xx_10526,chr14,39169003,39170809,1806
pre_xx_10527,chr14,39174429,39175906,1477
pre_xx_10528,chr14,39266131,39268046,1915
pre_xx_10529,chr14,39430590,39433753,3163
pre_xx_10530,chr14,41604304,41607206,2902
pre_xx_10531,chr14,41607984,41608478,494
pre_xx_10532,chr14,41609628,41610271,643
pre_xx_10533,chr14,42222797,42224591,1794
pre_xx_10534,chr14,43968436,43969263,827
pre_xx_10535,chr14,44180231,44181490,1259
pre_xx_10536,chr14,44639098,44641050,1952
pre_xx_10537,chr14,44896771,44898210,1439
pre_xx_10538,chr14,44911621,44913099,1478
pre_xx_10539,chr14,44960953,44963219,2266
pre_xx_10540,chr14,45083410,45085329,1919
pre_xx_10541,chr14,45133682,45134977,1295
pre_xx_10542,chr14,45135249,45136719,1470
pre_xx_10543,chr14,45251990,45254225,2235
pre_xx_10544,chr14,45891299,45893204,1905
pre_xx_10545,chr14,47673825,47676507,2682
pre_xx_10546,chr14,47777855,47779823,1968
pre_xx_10547,chr14,48373619,48375419,1800
pre_xx_10548,chr14,48857063,48858077,1014
pre_xx_10549,chr14,49585024,49587199,2175
pre_xx_10550,chr14,49597688,49600277,2589
pre_xx_10551,chr14,49619737,49621792,2055
pre_xx_10552,chr14,49633024,49635645,2621
pre_xx_10553,chr14,49687327,49688620,1293
pre_xx_10554,chr14,49692552,49693905,1353
pre_xx_10555,chr14,49766987,49769436,2449
pre_xx_10556,chr14,49851881,49854126,2245
pre_xx_10557,chr14,49861351,49864159,2808
pre_xx_10558,chr14,49867693,49868686,993
pre_xx_10559,chr14,49892021,49894280,2259
pre_xx_10560,chr14,49959678,49960725,1047
pre_xx_10561,chr14,49970101,49973214,3113
pre_xx_10562,chr14,49986543,49987708,1165
pre_xx_10563,chr14,49999871,50001503,1632
pre_xx_10564,chr14,50002984,50004008,1024
pre_xx_10565,chr14,50115577,50117294,1717
pre_xx_10566,chr14,50230270,50232446,2176
pre_xx_10567,chr14,50311271,50313128,1857
pre_xx_10568,chr14,50320700,50321635,935
pre_xx_10569,chr14,50342108,50343289,1181
pre_xx_10570,chr14,50383366,50384351,985
pre_xx_10571,chr14,50396049,50397729,1680
pre_xx_10572,chr14,50531514,50533324,1810
pre_xx_10573,chr14,50544728,50546059,1331
pre_xx_10574,chr14,50559765,50561327,1562
pre_xx_10575,chr14,50666794,50669162,2368
pre_xx_10576,chr14,50822760,50824347,1587
pre_xx_10577,chr14,50829569,50831885,2316
pre_xx_10578,chr14,50859300,50860872,1572
pre_xx_10579,chr14,50871450,50872551,1101
pre_xx_10580,chr14,50942652,50945146,2494
pre_xx_10581,chr14,51093357,51096083,2726
pre_xx_10582,chr14,51142917,51144196,1279
pre_xx_10583,chr14,51239387,51241183,1796
pre_xx_10584,chr14,51283141,51284187,1046
pre_xx_10585,chr14,51507084,51508681,1597
pre_xx_10586,chr14,51544292,51545683,1391
pre_xx_10587,chr14,51650738,51653487,2749
pre_xx_10588,chr14,51779906,51781032,1126
pre_xx_10589,chr14,51846494,51847709,1215
pre_xx_10590,chr14,51859950,51861692,1742
pre_xx_10591,chr14,51988549,51990447,1898
pre_xx_10592,chr14,52067563,52070116,2553
pre_xx_10593,chr14,52267179,52269001,1822
pre_xx_10594,chr14,52312747,52315642,2895
pre_xx_10595,chr14,52350908,52352829,1921
pre_xx_10596,chr14,52360579,52361867,1288
pre_xx_10597,chr14,52551497,52554188,2691
pre_xx_10598,chr14,52694426,52696137,1711
pre_xx_10599,chr14,52706175,52708196,2021
pre_xx_10600,chr14,52729592,52731101,1509
pre_xx_10601,chr14,52790508,52792213,1705
pre_xx_10602,chr14,52852370,52853702,1332
pre_xx_10603,chr14,52949557,52952553,2996
pre_xx_10604,chr14,53151390,53153756,2366
pre_xx_10605,chr14,53213839,53214751,912
pre_xx_10606,chr14,53216515,53218237,1722
pre_xx_10607,chr14,53272926,53274109,1183
pre_xx_10608,chr14,53305826,53307366,1540
pre_xx_10609,chr14,53571309,53572537,1228
pre_xx_10610,chr14,53714323,53715751,1428
pre_xx_10611,chr14,53946053,53947301,1248
pre_xx_10612,chr14,53951633,53952137,504
pre_xx_10613,chr14,53952679,53954792,2113
pre_xx_10614,chr14,53955672,53957084,1412
pre_xx_10615,chr14,53963066,53964499,1433
pre_xx_10616,chr14,53978800,53979976,1176
pre_xx_10617,chr14,54219073,54220897,1824
pre_xx_10618,chr14,54353536,54354827,1291
pre_xx_10619,chr14,54366535,54367702,1167
pre_xx_10620,chr14,54396301,54398026,1725
pre_xx_10621,chr14,54439888,54441812,1924
pre_xx_10622,chr14,54445710,54447501,1791
pre_xx_10623,chr14,54450411,54451611,1200
pre_xx_10624,chr14,54471566,54473192,1626
pre_xx_10625,chr14,54487615,54489575,1960
pre_xx_10626,chr14,54509168,54510886,1718
pre_xx_10627,chr14,54564739,54568432,3693
pre_xx_10628,chr14,54605922,54607354,1432
pre_xx_10629,chr14,54627234,54628412,1178
pre_xx_10630,chr14,54651651,54652965,1314
pre_xx_10631,chr14,54691361,54693002,1641
pre_xx_10632,chr14,54752081,54753272,1191
pre_xx_10633,chr14,54772964,54774348,1384
pre_xx_10634,chr14,54805460,54806270,810
pre_xx_10635,chr14,54807303,54808922,1619
pre_xx_10636,chr14,54901200,54903381,2181
pre_xx_10637,chr14,55026155,55028369,2214
pre_xx_10638,chr14,55050851,55052896,2045
pre_xx_10639,chr14,55089258,55090048,790
pre_xx_10640,chr14,55102810,55103649,839
pre_xx_10641,chr14,55122113,55123454,1341
pre_xx_10642,chr14,55128879,55130366,1487
pre_xx_10643,chr14,55190811,55192134,1323
pre_xx_10644,chr14,55270877,55272293,1416
pre_xx_10645,chr14,55276136,55277030,894
pre_xx_10646,chr14,55332533,55334642,2109
pre_xx_10647,chr14,55354059,55354966,907
pre_xx_10648,chr14,55410719,55412234,1515
pre_xx_10649,chr14,55453888,55455643,1755
pre_xx_10650,chr14,55556879,55557808,929
pre_xx_10651,chr14,55579155,55581486,2331
pre_xx_10652,chr14,55806579,55808042,1463
pre_xx_10653,chr14,55976066,55977949,1883
pre_xx_10654,chr14,56004408,56006064,1656
pre_xx_10655,chr14,56117510,56119943,2433
pre_xx_10656,chr14,56215902,56217598,1696
pre_xx_10657,chr14,56422260,56424147,1887
pre_xx_10658,chr14,56579133,56580720,1587
pre_xx_10659,chr14,56794003,56795307,1304
pre_xx_10660,chr14,56797092,56799354,2262
pre_xx_10661,chr14,56807453,56809699,2246
pre_xx_10662,chr14,57267894,57269951,2057
pre_xx_10663,chr14,57389622,57392393,2771
pre_xx_10664,chr14,57864926,57866491,1565
pre_xx_10665,chr14,58150826,58152965,2139
pre_xx_10666,chr14,58170773,58171523,750
pre_xx_10667,chr14,58199165,58201056,1891
pre_xx_10668,chr14,58238058,58240492,2434
pre_xx_10669,chr14,58243844,58245639,1795
pre_xx_10670,chr14,58280844,58281800,956
pre_xx_10671,chr14,58297347,58300051,2704
pre_xx_10672,chr14,58330719,58331566,847
pre_xx_10673,chr14,58395439,58396675,1236
pre_xx_10674,chr14,58426550,58428579,2029
pre_xx_10675,chr14,58532753,58534142,1389
pre_xx_10676,chr14,58534214,58535478,1264
pre_xx_10677,chr14,58539880,58541522,1642
pre_xx_10678,chr14,58565142,58566694,1552
pre_xx_10679,chr14,58597848,58598797,949
pre_xx_10680,chr14,58636914,58639343,2429
pre_xx_10681,chr14,58639719,58640203,484
pre_xx_10682,chr14,58765108,58766426,1318
pre_xx_10683,chr14,58805780,58806723,943
pre_xx_10684,chr14,58808667,58809260,593
pre_xx_10685,chr14,59187748,59190233,2485
pre_xx_10686,chr14,59253999,59255530,1531
pre_xx_10687,chr14,59342058,59343171,1113
pre_xx_10688,chr14,59463779,59465752,1973
pre_xx_10689,chr14,59483349,59485058,1709
pre_xx_10690,chr14,59575771,59577038,1267
pre_xx_10691,chr14,59869231,59871422,2191
pre_xx_10692,chr14,59918788,59920561,1773
pre_xx_10693,chr14,59964656,59966036,1380
pre_xx_10694,chr14,60090965,60093116,2151
pre_xx_10695,chr14,60164374,60165818,1444
pre_xx_10696,chr14,60247742,60250636,2894
pre_xx_10697,chr14,60327290,60328270,980
pre_xx_10698,chr14,60331060,60332127,1067
pre_xx_10699,chr14,60485087,60486280,1193
pre_xx_10700,chr14,60508549,60510146,1597
pre_xx_10701,chr14,60514433,60516270,1837
pre_xx_10702,chr14,60636958,60638192,1234
pre_xx_10703,chr14,60641822,60643172,1350
pre_xx_10704,chr14,60648243,60650099,1856
pre_xx_10705,chr14,60656012,60657977,1965
pre_xx_10706,chr14,60721061,60724578,3517
pre_xx_10707,chr14,60734285,60735694,1409
pre_xx_10708,chr14,60980431,60982282,1851
pre_xx_10709,chr14,61269375,61270142,767
pre_xx_10710,chr14,61280047,61281648,1601
pre_xx_10711,chr14,61320750,61322953,2203
pre_xx_10712,chr14,61460822,61462135,1313
pre_xx_10713,chr14,61469805,61471117,1312
pre_xx_10714,chr14,61526513,61528088,1575
pre_xx_10715,chr14,61561138,61562375,1237
pre_xx_10716,chr14,61567890,61569056,1166
pre_xx_10717,chr14,61694766,61696634,1868
pre_xx_10718,chr14,61750625,61751976,1351
pre_xx_10719,chr14,61761688,61763567,1879
pre_xx_10720,chr14,61811872,61813721,1849
pre_xx_10721,chr14,62116636,62118189,1553
pre_xx_10722,chr14,62662447,62663750,1303
pre_xx_10723,chr14,63044834,63046640,1806
pre_xx_10724,chr14,63203629,63205243,1614
pre_xx_10725,chr14,63541973,63544313,2340
pre_xx_10726,chr14,63640897,63642959,2062
pre_xx_10727,chr14,63726682,63728533,1851
pre_xx_10728,chr14,63776639,63777828,1189
pre_xx_10729,chr14,63852216,63854445,2229
pre_xx_10730,chr14,64185793,64187066,1273
pre_xx_10731,chr14,64194462,64196130,1668
pre_xx_10732,chr14,64196519,64197495,976
pre_xx_10733,chr14,64202412,64203711,1299
pre_xx_10734,chr14,64217225,64219581,2356
pre_xx_10735,chr14,64220002,64220894,892
pre_xx_10736,chr14,64234648,64236277,1629
pre_xx_10737,chr14,64238155,64239147,992
pre_xx_10738,chr14,64248740,64251203,2463
pre_xx_10739,chr14,64292998,64295664,2666
pre_xx_10740,chr14,64303084,64303803,719
pre_xx_10741,chr14,64337654,64339291,1637
pre_xx_10742,chr14,64387155,64389199,2044
pre_xx_10743,chr14,64401565,64402474,909
pre_xx_10744,chr14,64442052,64442978,926
pre_xx_10745,chr14,64464577,64466414,1837
pre_xx_10746,chr14,64502653,64505784,3131
pre_xx_10747,chr14,64539232,64540989,1757
pre_xx_10748,chr14,64549451,64550737,1286
pre_xx_10749,chr14,64645006,64646003,997
pre_xx_10750,chr14,64681676,64682727,1051
pre_xx_10751,chr14,64685333,64686259,926
pre_xx_10752,chr14,64703018,64703454,436
pre_xx_10753,chr14,64703796,64706044,2248
pre_xx_10754,chr14,64707781,64708992,1211
pre_xx_10755,chr14,64715079,64717257,2178
pre_xx_10756,chr14,64726383,64727137,754
pre_xx_10757,chr14,64757867,64759280,1413
pre_xx_10758,chr14,64761612,64763102,1490
pre_xx_10759,chr14,64763804,64765085,1281
pre_xx_10760,chr14,64812140,64812879,739
pre_xx_10761,chr14,64822898,64823896,998
pre_xx_10762,chr14,64878695,64880972,2277
pre_xx_10763,chr14,64913788,64915213,1425
pre_xx_10764,chr14,64938506,64939447,941
pre_xx_10765,chr14,64965389,64966255,866
pre_xx_10766,chr14,64970809,64972797,1988
pre_xx_10767,chr14,64983492,64983981,489
pre_xx_10768,chr14,64986236,64987794,1558
pre_xx_10769,chr14,65011296,65012509,1213
pre_xx_10770,chr14,65095157,65097032,1875
pre_xx_10771,chr14,65101544,65103367,1823
pre_xx_10772,chr14,65170422,65171278,856
pre_xx_10773,chr14,65229320,65230760,1440
pre_xx_10774,chr14,65254855,65256197,1342
pre_xx_10775,chr14,65263264,65263940,676
pre_xx_10776,chr14,65301872,65302923,1051
pre_xx_10777,chr14,65411359,65413823,2464
pre_xx_10778,chr14,66379726,66381012,1286
pre_xx_10779,chr14,66495303,66497204,1901
pre_xx_10780,chr14,66507169,66510148,2979
pre_xx_10781,chr14,67240284,67242298,2014
pre_xx_10782,chr14,67358889,67360840,1951
pre_xx_10783,chr14,67411436,67412554,1118
pre_xx_10784,chr14,67426730,67427617,887
pre_xx_10785,chr14,67442247,67442945,698
pre_xx_10786,chr14,67457453,67458366,913
pre_xx_10787,chr14,67479798,67480937,1139
pre_xx_10788,chr14,67513777,67515896,2119
pre_xx_10789,chr14,67531973,67534096,2123
pre_xx_10790,chr14,67540741,67542397,1656
pre_xx_10791,chr14,67599269,67601108,1839
pre_xx_10792,chr14,67618602,67620726,2124
pre_xx_10793,chr14,67673564,67675505,1941
pre_xx_10794,chr14,67694586,67696167,1581
pre_xx_10795,chr14,67815638,67817252,1614
pre_xx_10796,chr14,67819393,67820584,1191
pre_xx_10797,chr14,67933188,67935139,1951
pre_xx_10798,chr14,67943674,67944385,711
pre_xx_10799,chr14,68139808,68140891,1083
pre_xx_10800,chr14,68178295,68179371,1076
pre_xx_10801,chr14,68198721,68200365,1644
pre_xx_10802,chr14,68245402,68246942,1540
pre_xx_10803,chr14,68248277,68249098,821
pre_xx_10804,chr14,68250710,68251844,1134
pre_xx_10805,chr14,68294807,68296154,1347
pre_xx_10806,chr14,68363410,68365243,1833
pre_xx_10807,chr14,68394593,68395749,1156
pre_xx_10808,chr14,68500748,68503618,2870
pre_xx_10809,chr14,68522028,68523214,1186
pre_xx_10810,chr14,68547561,68548979,1418
pre_xx_10811,chr14,68562883,68565611,2728
pre_xx_10812,chr14,68607044,68608596,1552
pre_xx_10813,chr14,68654316,68655903,1587
pre_xx_10814,chr14,68658871,68660279,1408
pre_xx_10815,chr14,68688389,68689772,1383
pre_xx_10816,chr14,68722000,68724501,2501
pre_xx_10817,chr14,68762383,68764105,1722
pre_xx_10818,chr14,68779753,68781567,1814
pre_xx_10819,chr14,68782464,68783118,654
pre_xx_10820,chr14,68785986,68787628,1642
pre_xx_10821,chr14,68788873,68789217,344
pre_xx_10822,chr14,68792795,68793877,1082
pre_xx_10823,chr14,68794189,68796369,2180
pre_xx_10824,chr14,68815877,68817050,1173
pre_xx_10825,chr14,68843143,68844294,1151
pre_xx_10826,chr14,68862752,68863610,858
pre_xx_10827,chr14,68958237,68959223,986
pre_xx_10828,chr14,68961456,68962646,1190
pre_xx_10829,chr14,68977342,68980118,2776
pre_xx_10830,chr14,69044917,69045579,662
pre_xx_10831,chr14,69128787,69129887,1100
pre_xx_10832,chr14,69151302,69154161,2859
pre_xx_10833,chr14,69191096,69192459,1363
pre_xx_10834,chr14,69259160,69262195,3035
pre_xx_10835,chr14,69397265,69399415,2150
pre_xx_10836,chr14,69483606,69485234,1628
pre_xx_10837,chr14,69547539,69548431,892
pre_xx_10838,chr14,69571444,69573469,2025
pre_xx_10839,chr14,69573648,69574966,1318
pre_xx_10840,chr14,69610289,69612963,2674
pre_xx_10841,chr14,69615449,69616465,1016
pre_xx_10842,chr14,69647989,69649488,1499
pre_xx_10843,chr14,69657610,69658437,827
pre_xx_10844,chr14,69710979,69713781,2802
pre_xx_10845,chr14,69726281,69727618,1337
pre_xx_10846,chr14,69766548,69768085,1537
pre_xx_10847,chr14,69772222,69774447,2225
pre_xx_10848,chr14,69878637,69880638,2001
pre_xx_10849,chr14,69987318,69988252,934
pre_xx_10850,chr14,70186678,70189438,2760
pre_xx_10851,chr14,70254398,70255980,1582
pre_xx_10852,chr14,70358467,70360246,1779
pre_xx_10853,chr14,70416089,70417468,1379
pre_xx_10854,chr14,70555417,70556376,959
pre_xx_10855,chr14,70600119,70601580,1461
pre_xx_10856,chr14,70640791,70643246,2455
pre_xx_10857,chr14,70808002,70810581,2579
pre_xx_10858,chr14,70817234,70818031,797
pre_xx_10859,chr14,70821463,70823431,1968
pre_xx_10860,chr14,70906782,70909178,2396
pre_xx_10861,chr14,71166246,71166837,591
pre_xx_10862,chr14,71319699,71322272,2573
pre_xx_10863,chr14,71383554,71385081,1527
pre_xx_10864,chr14,71752789,71753699,910
pre_xx_10865,chr14,71764223,71765411,1188
pre_xx_10866,chr14,71931665,71933590,1925
pre_xx_10867,chr14,72331013,72332731,1718
pre_xx_10868,chr14,72516561,72517560,999
pre_xx_10869,chr14,72544260,72545859,1599
pre_xx_10870,chr14,72613139,72615975,2836
pre_xx_10871,chr14,72725897,72727253,1356
pre_xx_10872,chr14,72741708,72742943,1235
pre_xx_10873,chr14,72743216,72744192,976
pre_xx_10874,chr14,72775392,72777409,2017
pre_xx_10875,chr14,72823022,72823970,948
pre_xx_10876,chr14,72825352,72826506,1154
pre_xx_10877,chr14,72830178,72831770,1592
pre_xx_10878,chr14,72891708,72895181,3473
pre_xx_10879,chr14,72925152,72927433,2281
pre_xx_10880,chr14,73026254,73027643,1389
pre_xx_10881,chr14,73057771,73059652,1881
pre_xx_10882,chr14,73135878,73137775,1897
pre_xx_10883,chr14,73222860,73223595,735
pre_xx_10884,chr14,73227560,73228800,1240
pre_xx_10885,chr14,73231941,73232857,916
pre_xx_10886,chr14,73235136,73235963,827
pre_xx_10887,chr14,73237063,73238854,1791
pre_xx_10888,chr14,73239414,73240095,681
pre_xx_10889,chr14,73269523,73270574,1051
pre_xx_10890,chr14,73457148,73459001,1853
pre_xx_10891,chr14,73461843,73462663,820
pre_xx_10892,chr14,73490360,73492250,1890
pre_xx_10893,chr14,73536687,73538341,1654
pre_xx_10894,chr14,73568381,73570373,1992
pre_xx_10895,chr14,73591546,73592550,1004
pre_xx_10896,chr14,73612091,73613368,1277
pre_xx_10897,chr14,73629512,73630624,1112
pre_xx_10898,chr14,73633145,73634801,1656
pre_xx_10899,chr14,73644043,73645796,1753
pre_xx_10900,chr14,73663259,73664843,1584
pre_xx_10901,chr14,73711918,73714793,2875
pre_xx_10902,chr14,73717831,73719825,1994
pre_xx_10903,chr14,73726277,73727447,1170
pre_xx_10904,chr14,73728234,73729070,836
pre_xx_10905,chr14,73740601,73742633,2032
pre_xx_10906,chr14,73746292,73746950,658
pre_xx_10907,chr14,73752421,73753988,1567
pre_xx_10908,chr14,73757897,73760672,2775
pre_xx_10909,chr14,73771327,73772661,1334
pre_xx_10910,chr14,73785283,73788157,2874
pre_xx_10911,chr14,73850920,73852965,2045
pre_xx_10912,chr14,73885427,73887495,2068
pre_xx_10913,chr14,73949339,73950810,1471
pre_xx_10914,chr14,74018048,74020081,2033
pre_xx_10915,chr14,74083717,74085614,1897
pre_xx_10916,chr14,74217338,74218048,710
pre_xx_10917,chr14,74239023,74241700,2677
pre_xx_10918,chr14,74251282,74252045,763
pre_xx_10919,chr14,74257016,74259057,2041
pre_xx_10920,chr14,74301539,74303453,1914
pre_xx_10921,chr14,74325915,74326927,1012
pre_xx_10922,chr14,74362119,74362828,709
pre_xx_10923,chr14,74425448,74426538,1090
pre_xx_10924,chr14,74475745,74476881,1136
pre_xx_10925,chr14,74491746,74494415,2669
pre_xx_10926,chr14,74500781,74502468,1687
pre_xx_10927,chr14,74524171,74525960,1789
pre_xx_10928,chr14,74562244,74563977,1733
pre_xx_10929,chr14,74571425,74573889,2464
pre_xx_10930,chr14,74582835,74583617,782
pre_xx_10931,chr14,74592833,74593672,839
pre_xx_10932,chr14,74596384,74597255,871
pre_xx_10933,chr14,74598775,74600604,1829
pre_xx_10934,chr14,74608877,74609983,1106
pre_xx_10935,chr14,74610303,74612919,2616
pre_xx_10936,chr14,74630640,74631694,1054
pre_xx_10937,chr14,74647263,74649409,2146
pre_xx_10938,chr14,74654953,74656393,1440
pre_xx_10939,chr14,74712220,74713631,1411
pre_xx_10940,chr14,74734557,74735709,1152
pre_xx_10941,chr14,74762579,74764561,1982
pre_xx_10942,chr14,74881226,74882899,1673
pre_xx_10943,chr14,74922442,74923548,1106
pre_xx_10944,chr14,74946018,74947038,1020
pre_xx_10945,chr14,74953994,74956615,2621
pre_xx_10946,chr14,75002117,75003748,1631
pre_xx_10947,chr14,75050670,75051897,1227
pre_xx_10948,chr14,75063062,75064284,1222
pre_xx_10949,chr14,75068319,75070162,1843
pre_xx_10950,chr14,75126174,75128150,1976
pre_xx_10951,chr14,75147048,75148297,1249
pre_xx_10952,chr14,75175760,75177192,1432
pre_xx_10953,chr14,75258525,75260417,1892
pre_xx_10954,chr14,75266670,75267846,1176
pre_xx_10955,chr14,75276712,75277888,1176
pre_xx_10956,chr14,75278094,75279727,1633
pre_xx_10957,chr14,75280577,75284564,3987
pre_xx_10958,chr14,75293573,75295419,1846
pre_xx_10959,chr14,75295637,75296379,742
pre_xx_10960,chr14,75298526,75299286,760
pre_xx_10961,chr14,75303248,75303844,596
pre_xx_10962,chr14,75307673,75308127,454
pre_xx_10963,chr14,75310363,75311591,1228
pre_xx_10964,chr14,75426701,75428947,2246
pre_xx_10965,chr14,75452315,75453636,1321
pre_xx_10966,chr14,75476195,75477121,926
pre_xx_10967,chr14,75542338,75543198,860
pre_xx_10968,chr14,75560631,75561372,741
pre_xx_10969,chr14,75577450,75579439,1989
pre_xx_10970,chr14,75647606,75648929,1323
pre_xx_10971,chr14,75653947,75654499,552
pre_xx_10972,chr14,75660428,75661803,1375
pre_xx_10973,chr14,75709024,75709593,569
pre_xx_10974,chr14,75711114,75712355,1241
pre_xx_10975,chr14,75810840,75812731,1891
pre_xx_10976,chr14,75831213,75833220,2007
pre_xx_10977,chr14,75867645,75869040,1395
pre_xx_10978,chr14,75978349,75978883,534
pre_xx_10979,chr14,75981440,75982996,1556
pre_xx_10980,chr14,75985375,75986598,1223
pre_xx_10981,chr14,76138196,76139390,1194
pre_xx_10982,chr14,76151370,76152717,1347
pre_xx_10983,chr14,76226907,76228775,1868
pre_xx_10984,chr14,76267332,76268657,1325
pre_xx_10985,chr14,76352346,76353266,920
pre_xx_10986,chr14,76375471,76377881,2410
pre_xx_10987,chr14,76396524,76397431,907
pre_xx_10988,chr14,76413545,76415171,1626
pre_xx_10989,chr14,76473174,76474175,1001
pre_xx_10990,chr14,76698975,76700271,1296
pre_xx_10991,chr14,76760793,76762959,2166
pre_xx_10992,chr14,76767542,76768834,1292
pre_xx_10993,chr14,76772296,76773864,1568
pre_xx_10994,chr14,76784546,76785191,645
pre_xx_10995,chr14,76810755,76813217,2462
pre_xx_10996,chr14,76837158,76838103,945
pre_xx_10997,chr14,76913059,76913949,890
pre_xx_10998,chr14,76918157,76920874,2717
pre_xx_10999,chr14,76923538,76925027,1489
pre_xx_11000,chr14,76928137,76928785,648
pre_xx_11001,chr14,76936994,76937902,908
pre_xx_11002,chr14,76946746,76947954,1208
pre_xx_11003,chr14,76955586,76957787,2201
pre_xx_11004,chr14,76961467,76962576,1109
pre_xx_11005,chr14,76999995,77001215,1220
pre_xx_11006,chr14,77013716,77014698,982
pre_xx_11007,chr14,77022915,77023849,934
pre_xx_11008,chr14,77024069,77024430,361
pre_xx_11009,chr14,77027080,77029472,2392
pre_xx_11010,chr14,77032445,77034275,1830
pre_xx_11011,chr14,77038368,77041172,2804
pre_xx_11012,chr14,77044660,77046063,1403
pre_xx_11013,chr14,77052502,77053627,1125
pre_xx_11014,chr14,77067904,77068668,764
pre_xx_11015,chr14,77070183,77071043,860
pre_xx_11016,chr14,77097006,77099200,2194
pre_xx_11017,chr14,77124463,77125688,1225
pre_xx_11018,chr14,77128140,77128907,767
pre_xx_11019,chr14,77133438,77134346,908
pre_xx_11020,chr14,77139364,77142061,2697
pre_xx_11021,chr14,77181187,77182429,1242
pre_xx_11022,chr14,77186755,77187865,1110
pre_xx_11023,chr14,77208086,77209071,985
pre_xx_11024,chr14,77213240,77213744,504
pre_xx_11025,chr14,77268979,77269619,640
pre_xx_11026,chr14,77270175,77271579,1404
pre_xx_11027,chr14,77295763,77296951,1188
pre_xx_11028,chr14,77313815,77315259,1444
pre_xx_11029,chr14,77319998,77322044,2046
pre_xx_11030,chr14,77376053,77377747,1694
pre_xx_11031,chr14,77405893,77407687,1794
pre_xx_11032,chr14,77456904,77458877,1973
pre_xx_11033,chr14,77497877,77499537,1660
pre_xx_11034,chr14,77615196,77617204,2008
pre_xx_11035,chr14,77640817,77642433,1616
pre_xx_11036,chr14,77653971,77655516,1545
pre_xx_11037,chr14,77707101,77708698,1597
pre_xx_11038,chr14,77760063,77761902,1839
pre_xx_11039,chr14,77799608,77800687,1079
pre_xx_11040,chr14,77881792,77882971,1179
pre_xx_11041,chr14,77965588,77966557,969
pre_xx_11042,chr14,77980503,77981608,1105
pre_xx_11043,chr14,78566009,78566905,896
pre_xx_11044,chr14,79278334,79280520,2186
pre_xx_11045,chr14,79638624,79640025,1401
pre_xx_11046,chr14,79705583,79707120,1537
pre_xx_11047,chr14,79724761,79726150,1389
pre_xx_11048,chr14,80940931,80942288,1357
pre_xx_11049,chr14,80954448,80956162,1714
pre_xx_11050,chr14,81169595,81170957,1362
pre_xx_11051,chr14,81219059,81221757,2698
pre_xx_11052,chr14,81323068,81324572,1504
pre_xx_11053,chr14,81435219,81436898,1679
pre_xx_11054,chr14,81464253,81465193,940
pre_xx_11055,chr14,81516791,81518075,1284
pre_xx_11056,chr14,81533082,81534278,1196
pre_xx_11057,chr14,83873054,83874106,1052
pre_xx_11058,chr14,84087273,84088615,1342
pre_xx_11059,chr14,85240842,85242224,1382
pre_xx_11060,chr14,85528599,85530393,1794
pre_xx_11061,chr14,85531094,85532354,1260
pre_xx_11062,chr14,85532775,85534075,1300
pre_xx_11063,chr14,85536023,85537155,1132
pre_xx_11064,chr14,87073705,87074487,782
pre_xx_11065,chr14,87160083,87162031,1948
pre_xx_11066,chr14,87690100,87692191,2091
pre_xx_11067,chr14,87813445,87815293,1848
pre_xx_11068,chr14,87886407,87887862,1455
pre_xx_11069,chr14,87992085,87993612,1527
pre_xx_11070,chr14,87995506,87996527,1021
pre_xx_11071,chr14,88188754,88189892,1138
pre_xx_11072,chr14,88202928,88204725,1797
pre_xx_11073,chr14,88322352,88324280,1928
pre_xx_11074,chr14,88384754,88386647,1893
pre_xx_11075,chr14,88473328,88474346,1018
pre_xx_11076,chr14,88551093,88552461,1368
pre_xx_11077,chr14,88553892,88555496,1604
pre_xx_11078,chr14,88562442,88564112,1670
pre_xx_11079,chr14,88791148,88793523,2375
pre_xx_11080,chr14,88818955,88820148,1193
pre_xx_11081,chr14,88823966,88825708,1742
pre_xx_11082,chr14,88833944,88836002,2058
pre_xx_11083,chr14,88903365,88904587,1222
pre_xx_11084,chr14,89026681,89028096,1415
pre_xx_11085,chr14,89039972,89041589,1617
pre_xx_11086,chr14,89304798,89306140,1342
pre_xx_11087,chr14,89339254,89341058,1804
pre_xx_11088,chr14,89351217,89352414,1197
pre_xx_11089,chr14,89399231,89400160,929
pre_xx_11090,chr14,89415174,89418226,3052
pre_xx_11091,chr14,89428577,89431155,2578
pre_xx_11092,chr14,89489035,89490513,1478
pre_xx_11093,chr14,89616528,89619532,3004
pre_xx_11094,chr14,89624654,89626161,1507
pre_xx_11095,chr14,89700733,89702901,2168
pre_xx_11096,chr14,89954167,89956820,2653
pre_xx_11097,chr14,90060065,90062806,2741
pre_xx_11098,chr14,90255953,90257521,1568
pre_xx_11099,chr14,90287481,90289625,2144
pre_xx_11100,chr14,90331428,90332460,1032
pre_xx_11101,chr14,90382074,90384400,2326
pre_xx_11102,chr14,90396324,90398705,2381
pre_xx_11103,chr14,90399421,90399836,415
pre_xx_11104,chr14,90405271,90407064,1793
pre_xx_11105,chr14,90418689,90419684,995
pre_xx_11106,chr14,90452929,90454807,1878
pre_xx_11107,chr14,90483159,90484124,965
pre_xx_11108,chr14,90486775,90487439,664
pre_xx_11109,chr14,90491252,90492447,1195
pre_xx_11110,chr14,90513255,90514017,762
pre_xx_11111,chr14,90520855,90521800,945
pre_xx_11112,chr14,90522109,90523367,1258
pre_xx_11113,chr14,90533510,90535440,1930
pre_xx_11114,chr14,90545673,90547505,1832
pre_xx_11115,chr14,90555679,90556634,955
pre_xx_11116,chr14,90573556,90575540,1984
pre_xx_11117,chr14,90627121,90629958,2837
pre_xx_11118,chr14,90645813,90646461,648
pre_xx_11119,chr14,90696104,90698080,1976
pre_xx_11120,chr14,90757717,90759310,1593
pre_xx_11121,chr14,90815244,90817006,1762
pre_xx_11122,chr14,90827703,90829169,1466
pre_xx_11123,chr14,91059233,91061717,2484
pre_xx_11124,chr14,91107465,91108364,899
pre_xx_11125,chr14,91113478,91115464,1986
pre_xx_11126,chr14,91154646,91155634,988
pre_xx_11127,chr14,91252695,91254582,1887
pre_xx_11128,chr14,91263875,91265664,1789
pre_xx_11129,chr14,91323552,91325114,1562
pre_xx_11130,chr14,91331895,91333522,1627
pre_xx_11131,chr14,91337515,91339863,2348
pre_xx_11132,chr14,91402317,91403585,1268
pre_xx_11133,chr14,91416630,91419122,2492
pre_xx_11134,chr14,91508888,91511159,2271
pre_xx_11135,chr14,91573865,91574839,974
pre_xx_11136,chr14,91835494,91837389,1895
pre_xx_11137,chr14,91945717,91948238,2521
pre_xx_11138,chr14,92038894,92040993,2099
pre_xx_11139,chr14,92105290,92106928,1638
pre_xx_11140,chr14,92120930,92122719,1789
pre_xx_11141,chr14,92252942,92253870,928
pre_xx_11142,chr14,92322559,92324233,1674
pre_xx_11143,chr14,92513005,92514842,1837
pre_xx_11144,chr14,92603245,92604275,1030
pre_xx_11145,chr14,92680731,92681456,725
pre_xx_11146,chr14,92686549,92688414,1865
pre_xx_11147,chr14,92692320,92693278,958
pre_xx_11148,chr14,92747501,92748985,1484
pre_xx_11149,chr14,92793548,92795014,1466
pre_xx_11150,chr14,92922652,92924470,1818
pre_xx_11151,chr14,92987627,92988253,626
pre_xx_11152,chr14,92992976,92993618,642
pre_xx_11153,chr14,92997514,92998641,1127
pre_xx_11154,chr14,93017234,93018849,1615
pre_xx_11155,chr14,93035659,93037778,2119
pre_xx_11156,chr14,93043283,93044403,1120
pre_xx_11157,chr14,93085335,93086334,999
pre_xx_11158,chr14,93112840,93113622,782
pre_xx_11159,chr14,93114221,93116467,2246
pre_xx_11160,chr14,93183613,93185688,2075
pre_xx_11161,chr14,93206543,93208335,1792
pre_xx_11162,chr14,93230349,93232517,2168
pre_xx_11163,chr14,93331226,93333875,2649
pre_xx_11164,chr14,93430022,93431797,1775
pre_xx_11165,chr14,93742502,93744668,2166
pre_xx_11166,chr14,93787491,93789544,2053
pre_xx_11167,chr14,93938752,93939970,1218
pre_xx_11168,chr14,94000865,94002130,1265
pre_xx_11169,chr14,94009450,94010212,762
pre_xx_11170,chr14,94022641,94023316,675
pre_xx_11171,chr14,94025694,94026992,1298
pre_xx_11172,chr14,94065304,94066876,1572
pre_xx_11173,chr14,94079601,94081779,2178
pre_xx_11174,chr14,94084172,94084978,806
pre_xx_11175,chr14,94128704,94130429,1725
pre_xx_11176,chr14,94136482,94137211,729
pre_xx_11177,chr14,94164469,94165591,1122
pre_xx_11178,chr14,94173301,94175958,2657
pre_xx_11179,chr14,94485934,94486876,942
pre_xx_11180,chr14,94539786,94540985,1199
pre_xx_11181,chr14,94580822,94583030,2208
pre_xx_11182,chr14,94598528,94599714,1186
pre_xx_11183,chr14,94689303,94690298,995
pre_xx_11184,chr14,94768415,94769170,755
pre_xx_11185,chr14,94769457,94770614,1157
pre_xx_11186,chr14,94887504,94888797,1293
pre_xx_11187,chr14,94907272,94908550,1278
pre_xx_11188,chr14,94935666,94937771,2105
pre_xx_11189,chr14,95156136,95158322,2186
pre_xx_11190,chr14,95221572,95222599,1027
pre_xx_11191,chr14,95226851,95228129,1278
pre_xx_11192,chr14,95265088,95266064,976
pre_xx_11193,chr14,95318659,95320771,2112
pre_xx_11194,chr14,95431069,95432571,1502
pre_xx_11195,chr14,95514652,95515514,862
pre_xx_11196,chr14,95515737,95518499,2762
pre_xx_11197,chr14,95533358,95536282,2924
pre_xx_11198,chr14,95560719,95561409,690
pre_xx_11199,chr14,95597333,95598234,901
pre_xx_11200,chr14,95622605,95623722,1117
pre_xx_11201,chr14,95875690,95877422,1732
pre_xx_11202,chr14,96038401,96040427,2026
pre_xx_11203,chr14,96204019,96205322,1303
pre_xx_11204,chr14,96362005,96364372,2367
pre_xx_11205,chr14,96390788,96392513,1725
pre_xx_11206,chr14,96423513,96424715,1202
pre_xx_11207,chr14,96501311,96503591,2280
pre_xx_11208,chr14,96583712,96584782,1070
pre_xx_11209,chr14,96592307,96593357,1050
pre_xx_11210,chr14,96741055,96742135,1080
pre_xx_11211,chr14,96796848,96798278,1430
pre_xx_11212,chr14,97032535,97033961,1426
pre_xx_11213,chr14,97046273,97047160,887
pre_xx_11214,chr14,97055450,97056880,1430
pre_xx_11215,chr14,97218179,97219939,1760
pre_xx_11216,chr14,97457608,97459355,1747
pre_xx_11217,chr14,97757211,97758209,998
pre_xx_11218,chr14,97886323,97887474,1151
pre_xx_11219,chr14,97977054,97978939,1885
pre_xx_11220,chr14,98136198,98137934,1736
pre_xx_11221,chr14,98906074,98907097,1023
pre_xx_11222,chr14,98959617,98960725,1108
pre_xx_11223,chr14,99187079,99187954,875
pre_xx_11224,chr14,99191175,99192631,1456
pre_xx_11225,chr14,99230610,99232604,1994
pre_xx_11226,chr14,99234704,99235443,739
pre_xx_11227,chr14,99245063,99247138,2075
pre_xx_11228,chr14,99258030,99259454,1424
pre_xx_11229,chr14,99266242,99266853,611
pre_xx_11230,chr14,99269679,99270085,406
pre_xx_11231,chr14,99270633,99271208,575
pre_xx_11232,chr14,99271891,99272658,767
pre_xx_11233,chr14,99273050,99273883,833
pre_xx_11234,chr14,99274160,99275111,951
pre_xx_11235,chr14,99320018,99321130,1112
pre_xx_11236,chr14,99411888,99413111,1223
pre_xx_11237,chr14,99479618,99482125,2507
pre_xx_11238,chr14,99518176,99518789,613
pre_xx_11239,chr14,99521977,99523705,1728
pre_xx_11240,chr14,99524037,99525206,1169
pre_xx_11241,chr14,99544729,99546892,2163
pre_xx_11242,chr14,99548653,99549906,1253
pre_xx_11243,chr14,99554092,99555805,1713
pre_xx_11244,chr14,99562779,99563832,1053
pre_xx_11245,chr14,99564382,99565156,774
pre_xx_11246,chr14,99571413,99571904,491
pre_xx_11247,chr14,99572322,99573086,764
pre_xx_11248,chr14,99573812,99575424,1612
pre_xx_11249,chr14,99575554,99575979,425
pre_xx_11250,chr14,99579117,99580614,1497
pre_xx_11251,chr14,99590417,99591702,1285
pre_xx_11252,chr14,99601415,99601942,527
pre_xx_11253,chr14,99603387,99605630,2243
pre_xx_11254,chr14,99628582,99629314,732
pre_xx_11255,chr14,99644548,99645614,1066
pre_xx_11256,chr14,99657747,99661080,3333
pre_xx_11257,chr14,99682578,99684913,2335
pre_xx_11258,chr14,99729805,99732555,2750
pre_xx_11259,chr14,99734626,99734936,310
pre_xx_11260,chr14,99736862,99738184,1322
pre_xx_11261,chr14,99746112,99747182,1070
pre_xx_11262,chr14,99751794,99753601,1807
pre_xx_11263,chr14,99792530,99794016,1486
pre_xx_11264,chr14,99821384,99822576,1192
pre_xx_11265,chr14,99946101,99947322,1221
pre_xx_11266,chr14,99965479,99966299,820
pre_xx_11267,chr14,99966539,99967332,793
pre_xx_11268,chr14,99970934,99972788,1854
pre_xx_11269,chr14,100019054,100020535,1481
pre_xx_11270,chr14,100102950,100103895,945
pre_xx_11271,chr14,100108115,100108932,817
pre_xx_11272,chr14,100141948,100143172,1224
pre_xx_11273,chr14,100158699,100160145,1446
pre_xx_11274,chr14,100165031,100167333,2302
pre_xx_11275,chr14,100191806,100193584,1778
pre_xx_11276,chr14,100203969,100204937,968
pre_xx_11277,chr14,100213529,100214934,1405
pre_xx_11278,chr14,100221074,100223370,2296
pre_xx_11279,chr14,100237701,100240788,3087
pre_xx_11280,chr14,100284474,100286006,1532
pre_xx_11281,chr14,100297057,100298058,1001
pre_xx_11282,chr14,100304575,100307621,3046
pre_xx_11283,chr14,100321652,100322305,653
pre_xx_11284,chr14,100330339,100331808,1469
pre_xx_11285,chr14,100375034,100377189,2155
pre_xx_11286,chr14,100377644,100378117,473
pre_xx_11287,chr14,100389476,100392536,3060
pre_xx_11288,chr14,100417158,100417895,737
pre_xx_11289,chr14,100439083,100441256,2173
pre_xx_11290,chr14,100485672,100486882,1210
pre_xx_11291,chr14,100523511,100525192,1681
pre_xx_11292,chr14,100532443,100534452,2009
pre_xx_11293,chr14,100540288,100541428,1140
pre_xx_11294,chr14,100545969,100546965,996
pre_xx_11295,chr14,100566888,100570002,3114
pre_xx_11296,chr14,100586112,100587658,1546
pre_xx_11297,chr14,100605411,100606779,1368
pre_xx_11298,chr14,100645222,100646038,816
pre_xx_11299,chr14,100654304,100655206,902
pre_xx_11300,chr14,100664777,100665714,937
pre_xx_11301,chr14,100672886,100673481,595
pre_xx_11302,chr14,100677061,100678897,1836
pre_xx_11303,chr14,100695130,100696968,1838
pre_xx_11304,chr14,100708366,100710024,1658
pre_xx_11305,chr14,100710997,100711949,952
pre_xx_11306,chr14,100726526,100727345,819
pre_xx_11307,chr14,100775399,100776897,1498
pre_xx_11308,chr14,100823901,100824805,904
pre_xx_11309,chr14,100825476,100828679,3203
pre_xx_11310,chr14,100839254,100840108,854
pre_xx_11311,chr14,100841622,100843115,1493
pre_xx_11312,chr14,100899125,100901166,2041
pre_xx_11313,chr14,100903826,100905297,1471
pre_xx_11314,chr14,101073098,101073631,533
pre_xx_11315,chr14,101076847,101078065,1218
pre_xx_11316,chr14,101102753,101104088,1335
pre_xx_11317,chr14,101183012,101184420,1408
pre_xx_11318,chr14,101224378,101226955,2577
pre_xx_11319,chr14,101232256,101233376,1120
pre_xx_11320,chr14,101234201,101235545,1344
pre_xx_11321,chr14,101359113,101361266,2153
pre_xx_11322,chr14,101363977,101366021,2044
pre_xx_11323,chr14,101458208,101459593,1385
pre_xx_11324,chr14,101476524,101477616,1092
pre_xx_11325,chr14,101559456,101561593,2137
pre_xx_11326,chr14,101563462,101564623,1161
pre_xx_11327,chr14,101628107,101629017,910
pre_xx_11328,chr14,101705575,101707789,2214
pre_xx_11329,chr14,101759826,101762557,2731
pre_xx_11330,chr14,101770331,101771301,970
pre_xx_11331,chr14,101780436,101782020,1584
pre_xx_11332,chr14,101807932,101808685,753
pre_xx_11333,chr14,101809370,101810528,1158
pre_xx_11334,chr14,101947362,101949117,1755
pre_xx_11335,chr14,101961033,101961466,433
pre_xx_11336,chr14,101963743,101965641,1898
pre_xx_11337,chr14,102062879,102064396,1517
pre_xx_11338,chr14,102077224,102079979,2755
pre_xx_11339,chr14,102080289,102081034,745
pre_xx_11340,chr14,102086279,102088855,2576
pre_xx_11341,chr14,102095872,102097052,1180
pre_xx_11342,chr14,102138722,102141042,2320
pre_xx_11343,chr14,102234283,102235671,1388
pre_xx_11344,chr14,102304237,102305603,1366
pre_xx_11345,chr14,102313656,102314706,1050
pre_xx_11346,chr14,102316414,102317727,1313
pre_xx_11347,chr14,102319145,102320449,1304
pre_xx_11348,chr14,102362199,102364191,1992
pre_xx_11349,chr14,102437667,102438886,1219
pre_xx_11350,chr14,102479359,102480288,929
pre_xx_11351,chr14,102485872,102487740,1868
pre_xx_11352,chr14,102492352,102493571,1219
pre_xx_11353,chr14,102507078,102507987,909
pre_xx_11354,chr14,102508422,102510459,2037
pre_xx_11355,chr14,102516364,102517737,1373
pre_xx_11356,chr14,102523523,102525646,2123
pre_xx_11357,chr14,102538641,102540821,2180
pre_xx_11358,chr14,102544029,102546132,2103
pre_xx_11359,chr14,102554701,102555863,1162
pre_xx_11360,chr14,102591224,102593924,2700
pre_xx_11361,chr14,102748930,102750315,1385
pre_xx_11362,chr14,102774616,102775192,576
pre_xx_11363,chr14,102776057,102778842,2785
pre_xx_11364,chr14,102827606,102828571,965
pre_xx_11365,chr14,102848978,102850307,1329
pre_xx_11366,chr14,102927654,102929635,1981
pre_xx_11367,chr14,102929711,102931075,1364
pre_xx_11368,chr14,102940525,102941964,1439
pre_xx_11369,chr14,103031255,103032415,1160
pre_xx_11370,chr14,103045101,103046208,1107
pre_xx_11371,chr14,103055512,103056021,509
pre_xx_11372,chr14,103056255,103058669,2414
pre_xx_11373,chr14,103073732,103076033,2301
pre_xx_11374,chr14,103087117,103087785,668
pre_xx_11375,chr14,103090826,103091932,1106
pre_xx_11376,chr14,103102097,103102762,665
pre_xx_11377,chr14,103103388,103104197,809
pre_xx_11378,chr14,103104651,103105496,845
pre_xx_11379,chr14,103121103,103123962,2859
pre_xx_11380,chr14,103126659,103127625,966
pre_xx_11381,chr14,103130728,103131398,670
pre_xx_11382,chr14,103138135,103139619,1484
pre_xx_11383,chr14,103188004,103189966,1962
pre_xx_11384,chr14,103206670,103208072,1402
pre_xx_11385,chr14,103219525,103221259,1734
pre_xx_11386,chr14,103259962,103261194,1232
pre_xx_11387,chr14,103272959,103274469,1510
pre_xx_11388,chr14,103278730,103279906,1176
pre_xx_11389,chr14,103281218,103282108,890
pre_xx_11390,chr14,103333016,103335548,2532
pre_xx_11391,chr14,103343295,103344308,1013
pre_xx_11392,chr14,103384449,103387236,2787
pre_xx_11393,chr14,103404183,103405218,1035
pre_xx_11394,chr14,103408361,103409318,957
pre_xx_11395,chr14,103499751,103500540,789
pre_xx_11396,chr14,103512585,103513626,1041
pre_xx_11397,chr14,103518600,103518927,327
pre_xx_11398,chr14,103520343,103523424,3081
pre_xx_11399,chr14,103527986,103529545,1559
pre_xx_11400,chr14,103538285,103539042,757
pre_xx_11401,chr14,103542279,103543060,781
pre_xx_11402,chr14,103543938,103545007,1069
pre_xx_11403,chr14,103546560,103547188,628
pre_xx_11404,chr14,103561308,103563800,2492
pre_xx_11405,chr14,103576188,103577223,1035
pre_xx_11406,chr14,103606889,103608497,1608
pre_xx_11407,chr14,103628017,103630158,2141
pre_xx_11408,chr14,103695609,103697160,1551
pre_xx_11409,chr14,103704604,103706398,1794
pre_xx_11410,chr14,103714975,103716759,1784
pre_xx_11411,chr14,103722987,103724554,1567
pre_xx_11412,chr14,103729429,103731033,1604
pre_xx_11413,chr14,103736821,103737358,537
pre_xx_11414,chr14,103773082,103774385,1303
pre_xx_11415,chr14,103819370,103820736,1366
pre_xx_11416,chr14,103845968,103848936,2968
pre_xx_11417,chr14,103854613,103855835,1222
pre_xx_11418,chr14,103871522,103872907,1385
pre_xx_11419,chr14,103878264,103879028,764
pre_xx_11420,chr14,103879632,103881090,1458
pre_xx_11421,chr14,103881243,103883025,1782
pre_xx_11422,chr14,103886077,103887181,1104
pre_xx_11423,chr14,103909536,103910740,1204
pre_xx_11424,chr14,103920706,103921842,1136
pre_xx_11425,chr14,104077604,104078387,783
pre_xx_11426,chr14,104082638,104083229,591
pre_xx_11427,chr14,104084272,104085953,1681
pre_xx_11428,chr14,104094313,104095108,795
pre_xx_11429,chr14,104116134,104118259,2125
pre_xx_11430,chr14,104136026,104136779,753
pre_xx_11431,chr14,104136986,104139230,2244
pre_xx_11432,chr14,104158523,104159886,1363
pre_xx_11433,chr14,104171134,104172444,1310
pre_xx_11434,chr14,104178024,104179908,1884
pre_xx_11435,chr14,104201648,104202860,1212
pre_xx_11436,chr14,104205790,104207020,1230
pre_xx_11437,chr14,104219593,104220470,877
pre_xx_11438,chr14,104222936,104225224,2288
pre_xx_11439,chr14,104282895,104284621,1726
pre_xx_11440,chr14,104341844,104343210,1366
pre_xx_11441,chr14,104370056,104370656,600
pre_xx_11442,chr14,104382987,104384486,1499
pre_xx_11443,chr14,104422021,104425137,3116
pre_xx_11444,chr14,104435492,104437911,2419
pre_xx_11445,chr14,104460448,104462471,2023
pre_xx_11446,chr14,104536665,104538010,1345
pre_xx_11447,chr14,104545356,104546544,1188
pre_xx_11448,chr14,104563060,104564494,1434
pre_xx_11449,chr14,104573696,104574789,1093
pre_xx_11450,chr14,104597955,104598808,853
pre_xx_11451,chr14,104603824,104605318,1494
pre_xx_11452,chr14,104639820,104640670,850
pre_xx_11453,chr14,104649917,104651136,1219
pre_xx_11454,chr14,104676765,104678709,1944
pre_xx_11455,chr14,104681377,104682581,1204
pre_xx_11456,chr14,104687587,104688530,943
pre_xx_11457,chr14,104688692,104690246,1554
pre_xx_11458,chr14,104694423,104695891,1468
pre_xx_11459,chr14,104700091,104701731,1640
pre_xx_11460,chr14,104707754,104709120,1366
pre_xx_11461,chr14,104723394,104725985,2591
pre_xx_11462,chr14,104751960,104754065,2105
pre_xx_11463,chr14,104768245,104769326,1081
pre_xx_11464,chr14,104794019,104795986,1967
pre_xx_11465,chr14,104799255,104801439,2184
pre_xx_11466,chr14,104815202,104816881,1679
pre_xx_11467,chr14,104820676,104821092,416
pre_xx_11468,chr14,104825644,104828019,2375
pre_xx_11469,chr14,104842987,104844912,1925
pre_xx_11470,chr14,104863868,104866587,2719
pre_xx_11471,chr14,104872555,104873522,967
pre_xx_11472,chr14,104874787,104876778,1991
pre_xx_11473,chr14,104894365,104896977,2612
pre_xx_11474,chr14,104927133,104928184,1051
pre_xx_11475,chr14,104931723,104933699,1976
pre_xx_11476,chr14,104967265,104969313,2048
pre_xx_11477,chr14,104972215,104972829,614
pre_xx_11478,chr14,104973118,104974266,1148
pre_xx_11479,chr14,104977679,104979101,1422
pre_xx_11480,chr14,104985359,104986576,1217
pre_xx_11481,chr14,105019970,105022113,2143
pre_xx_11482,chr14,105045368,105046097,729
pre_xx_11483,chr14,105075289,105076541,1252
pre_xx_11484,chr14,105086619,105088698,2079
pre_xx_11485,chr14,105092123,105094365,2242
pre_xx_11486,chr14,105167275,105169435,2160
pre_xx_11487,chr14,105180579,105181862,1283
pre_xx_11488,chr14,105194090,105194845,755
pre_xx_11489,chr14,105195521,105197007,1486
pre_xx_11490,chr14,105202833,105203462,629
pre_xx_11491,chr14,105205065,105206188,1123
pre_xx_11492,chr14,105247724,105249647,1923
pre_xx_11493,chr14,105299838,105301868,2030
pre_xx_11494,chr14,105313376,105316117,2741
pre_xx_11495,chr14,105326327,105327686,1359
pre_xx_11496,chr14,105351712,105352749,1037
pre_xx_11497,chr14,105363543,105365147,1604
pre_xx_11498,chr14,105370520,105371288,768
pre_xx_11499,chr14,105397766,105399315,1549
pre_xx_11500,chr14,105410883,105411776,893
pre_xx_11501,chr14,105414334,105415400,1066
pre_xx_11502,chr14,105418949,105421359,2410
pre_xx_11503,chr14,105445529,105446285,756
pre_xx_11504,chr14,105447717,105449082,1365
pre_xx_11505,chr14,105469646,105470465,819
pre_xx_11506,chr14,105470852,105471554,702
pre_xx_11507,chr14,105473652,105476383,2731
pre_xx_11508,chr14,105480745,105482493,1748
pre_xx_11509,chr14,105489380,105491907,2527
pre_xx_11510,chr14,105495677,105497047,1370
pre_xx_11511,chr14,105525887,105527334,1447
pre_xx_11512,chr14,105527933,105530366,2433
pre_xx_11513,chr14,106876635,106878139,1504
pre_xx_11514,chr15,22664103,22665828,1725
pre_xx_11515,chr15,22757297,22758293,996
pre_xx_11516,chr15,22785768,22787704,1936
pre_xx_11517,chr15,22837277,22839621,2344
pre_xx_11518,chr15,22844665,22846379,1714
pre_xx_11519,chr15,22948861,22949567,706
pre_xx_11520,chr15,22978758,22981270,2512
pre_xx_11521,chr15,23038755,23040278,1523
pre_xx_11522,chr15,23647263,23648622,1359
pre_xx_11523,chr15,23686174,23687563,1389
pre_xx_11524,chr15,23689991,23690966,975
pre_xx_11525,chr15,23860026,23861679,1653
pre_xx_11526,chr15,23869118,23869802,684
pre_xx_11527,chr15,23877442,23878509,1067
pre_xx_11528,chr15,23897032,23898068,1036
pre_xx_11529,chr15,23911886,23912591,705
pre_xx_11530,chr15,24426271,24427423,1152
pre_xx_11531,chr15,24681902,24683282,1380
pre_xx_11532,chr15,24696107,24697389,1282
pre_xx_11533,chr15,24772079,24773676,1597
pre_xx_11534,chr15,24783807,24785278,1471
pre_xx_11535,chr15,24823110,24823846,736
pre_xx_11536,chr15,24846632,24848477,1845
pre_xx_11537,chr15,24856159,24857327,1168
pre_xx_11538,chr15,24858567,24859480,913
pre_xx_11539,chr15,24862294,24863507,1213
pre_xx_11540,chr15,24877068,24878638,1570
pre_xx_11541,chr15,24954553,24956978,2425
pre_xx_11542,chr15,25133783,25135024,1241
pre_xx_11543,chr15,25437620,25439915,2295
pre_xx_11544,chr15,25480990,25481962,972
pre_xx_11545,chr15,25669434,25671549,2115
pre_xx_11546,chr15,25849106,25850983,1877
pre_xx_11547,chr15,25861922,25864279,2357
pre_xx_11548,chr15,25933310,25934243,933
pre_xx_11549,chr15,26081692,26083269,1577
pre_xx_11550,chr15,26771474,26774253,2779
pre_xx_11551,chr15,26805280,26807127,1847
pre_xx_11552,chr15,26866392,26868246,1854
pre_xx_11553,chr15,26888645,26889578,933
pre_xx_11554,chr15,26891163,26892545,1382
pre_xx_11555,chr15,26967522,26968289,767
pre_xx_11556,chr15,26970715,26971818,1103
pre_xx_11557,chr15,27662607,27664188,1581
pre_xx_11558,chr15,27679453,27680490,1037
pre_xx_11559,chr15,27694482,27695752,1270
pre_xx_11560,chr15,28020986,28022545,1559
pre_xx_11561,chr15,28056095,28056992,897
pre_xx_11562,chr15,28094626,28095425,799
pre_xx_11563,chr15,28095686,28097256,1570
pre_xx_11564,chr15,28098595,28099717,1122
pre_xx_11565,chr15,28106189,28107920,1731
pre_xx_11566,chr15,28123227,28123804,577
pre_xx_11567,chr15,28737274,28738644,1370
pre_xx_11568,chr15,28831806,28832796,990
pre_xx_11569,chr15,28885137,28887250,2113
pre_xx_11570,chr15,28913932,28915041,1109
pre_xx_11571,chr15,29102975,29104276,1301
pre_xx_11572,chr15,29113985,29116119,2134
pre_xx_11573,chr15,29139604,29140813,1209
pre_xx_11574,chr15,29208084,29209115,1031
pre_xx_11575,chr15,29268705,29270772,2067
pre_xx_11576,chr15,29568831,29569216,385
pre_xx_11577,chr15,29569782,29572425,2643
pre_xx_11578,chr15,29635517,29637506,1989
pre_xx_11579,chr15,29674318,29675478,1160
pre_xx_11580,chr15,29821223,29823322,2099
pre_xx_11581,chr15,29870188,29872008,1820
pre_xx_11582,chr15,29920427,29921561,1134
pre_xx_11583,chr15,29924497,29925116,619
pre_xx_11584,chr15,29968032,29969263,1231
pre_xx_11585,chr15,30042484,30043580,1096
pre_xx_11586,chr15,30074851,30075659,808
pre_xx_11587,chr15,30625374,30626937,1563
pre_xx_11588,chr15,30903102,30904456,1354
pre_xx_11589,chr15,30990165,30992686,2521
pre_xx_11590,chr15,31024023,31025543,1520
pre_xx_11591,chr15,31147843,31149132,1289
pre_xx_11592,chr15,31215121,31216800,1679
pre_xx_11593,chr15,31235406,31237133,1727
pre_xx_11594,chr15,31263284,31265664,2380
pre_xx_11595,chr15,31325288,31328826,3538
pre_xx_11596,chr15,31338011,31339873,1862
pre_xx_11597,chr15,31365247,31366684,1437
pre_xx_11598,chr15,31391328,31393831,2503
pre_xx_11599,chr15,31402154,31403134,980
pre_xx_11600,chr15,31434438,31435824,1386
pre_xx_11601,chr15,31440447,31441872,1425
pre_xx_11602,chr15,31483015,31484493,1478
pre_xx_11603,chr15,31869488,31871277,1789
pre_xx_11604,chr15,31974364,31975933,1569
pre_xx_11605,chr15,31977530,31978159,629
pre_xx_11606,chr15,32028918,32031185,2267
pre_xx_11607,chr15,32122835,32123969,1134
pre_xx_11608,chr15,32134680,32135864,1184
pre_xx_11609,chr15,32614765,32616324,1559
pre_xx_11610,chr15,32641188,32642345,1157
pre_xx_11611,chr15,32645972,32646790,818
pre_xx_11612,chr15,32717224,32719569,2345
pre_xx_11613,chr15,32840072,32841337,1265
pre_xx_11614,chr15,33067894,33069370,1476
pre_xx_11615,chr15,33194157,33195385,1228
pre_xx_11616,chr15,33310168,33311872,1704
pre_xx_11617,chr15,33323169,33323918,749
pre_xx_11618,chr15,33558961,33560121,1160
pre_xx_11619,chr15,33561276,33562156,880
pre_xx_11620,chr15,33834883,33835994,1111
pre_xx_11621,chr15,34037881,34039889,2008
pre_xx_11622,chr15,34100895,34102429,1534
pre_xx_11623,chr15,34208660,34210548,1888
pre_xx_11624,chr15,34223887,34225733,1846
pre_xx_11625,chr15,34318031,34319381,1350
pre_xx_11626,chr15,34336890,34338314,1424
pre_xx_11627,chr15,34342432,34343614,1182
pre_xx_11628,chr15,34365743,34368070,2327
pre_xx_11629,chr15,34436080,34438017,1937
pre_xx_11630,chr15,34494206,34496912,2706
pre_xx_11631,chr15,34513738,34515539,1801
pre_xx_11632,chr15,34582345,34584486,2141
pre_xx_11633,chr15,34587990,34588632,642
pre_xx_11634,chr15,34721669,34722732,1063
pre_xx_11635,chr15,34753065,34753642,577
pre_xx_11636,chr15,34754121,34756085,1964
pre_xx_11637,chr15,34794552,34795962,1410
pre_xx_11638,chr15,34799105,34800017,912
pre_xx_11639,chr15,34941850,34942901,1051
pre_xx_11640,chr15,34968806,34970599,1793
pre_xx_11641,chr15,34986433,34988878,2445
pre_xx_11642,chr15,35086743,35088118,1375
pre_xx_11643,chr15,35545076,35546753,1677
pre_xx_11644,chr15,35696732,35698546,1814
pre_xx_11645,chr15,36176748,36178678,1930
pre_xx_11646,chr15,36578930,36580152,1222
pre_xx_11647,chr15,36605240,36606946,1706
pre_xx_11648,chr15,36879953,36880844,891
pre_xx_11649,chr15,36883192,36884052,860
pre_xx_11650,chr15,36887031,36889019,1988
pre_xx_11651,chr15,37019507,37020494,987
pre_xx_11652,chr15,37095804,37096461,657
pre_xx_11653,chr15,37098594,37099223,629
pre_xx_11654,chr15,37100171,37102633,2462
pre_xx_11655,chr15,37106459,37107492,1033
pre_xx_11656,chr15,37109462,37111276,1814
pre_xx_11657,chr15,37980930,37982122,1192
pre_xx_11658,chr15,38072208,38073870,1662
pre_xx_11659,chr15,38250907,38253790,2883
pre_xx_11660,chr15,38254141,38254813,672
pre_xx_11661,chr15,38440155,38440973,818
pre_xx_11662,chr15,38453766,38455417,1651
pre_xx_11663,chr15,38563786,38565480,1694
pre_xx_11664,chr15,38817299,38818214,915
pre_xx_11665,chr15,38941309,38942310,1001
pre_xx_11666,chr15,39139754,39140653,899
pre_xx_11667,chr15,39171696,39173202,1506
pre_xx_11668,chr15,39357668,39359060,1392
pre_xx_11669,chr15,39428680,39430305,1625
pre_xx_11670,chr15,39438388,39439633,1245
pre_xx_11671,chr15,39579296,39581943,2647
pre_xx_11672,chr15,39597500,39598416,916
pre_xx_11673,chr15,39782099,39783633,1534
pre_xx_11674,chr15,39919487,39921325,1838
pre_xx_11675,chr15,39933403,39934954,1551
pre_xx_11676,chr15,39976103,39977098,995
pre_xx_11677,chr15,40038043,40039891,1848
pre_xx_11678,chr15,40044650,40045787,1137
pre_xx_11679,chr15,40054559,40056008,1449
pre_xx_11680,chr15,40068829,40070394,1565
pre_xx_11681,chr15,40081358,40082838,1480
pre_xx_11682,chr15,40091531,40093635,2104
pre_xx_11683,chr15,40096001,40096430,429
pre_xx_11684,chr15,40098499,40099237,738
pre_xx_11685,chr15,40103155,40104015,860
pre_xx_11686,chr15,40104618,40105478,860
pre_xx_11687,chr15,40107973,40109905,1932
pre_xx_11688,chr15,40155141,40156024,883
pre_xx_11689,chr15,40160467,40162359,1892
pre_xx_11690,chr15,40238466,40240735,2269
pre_xx_11691,chr15,40251918,40253352,1434
pre_xx_11692,chr15,40258124,40259395,1271
pre_xx_11693,chr15,40269598,40270929,1331
pre_xx_11694,chr15,40279400,40279951,551
pre_xx_11695,chr15,40281510,40283843,2333
pre_xx_11696,chr15,40289124,40290068,944
pre_xx_11697,chr15,40290507,40291716,1209
pre_xx_11698,chr15,40322409,40324885,2476
pre_xx_11699,chr15,40337732,40338353,621
pre_xx_11700,chr15,40339589,40341206,1617
pre_xx_11701,chr15,40357627,40358925,1298
pre_xx_11702,chr15,40366543,40367306,763
pre_xx_11703,chr15,40367480,40368630,1150
pre_xx_11704,chr15,40382375,40383817,1442
pre_xx_11705,chr15,40405047,40406540,1493
pre_xx_11706,chr15,40420091,40422254,2163
pre_xx_11707,chr15,40435709,40437244,1535
pre_xx_11708,chr15,40438499,40438974,475
pre_xx_11709,chr15,40439369,40442528,3159
pre_xx_11710,chr15,40469844,40472167,2323
pre_xx_11711,chr15,40506506,40507596,1090
pre_xx_11712,chr15,40510977,40512336,1359
pre_xx_11713,chr15,40564137,40565349,1212
pre_xx_11714,chr15,40568941,40570044,1103
pre_xx_11715,chr15,40593430,40594915,1485
pre_xx_11716,chr15,40694001,40695887,1886
pre_xx_11717,chr15,40754455,40755781,1326
pre_xx_11718,chr15,40763112,40764823,1711
pre_xx_11719,chr15,40769020,40770443,1423
pre_xx_11720,chr15,40782422,40782987,565
pre_xx_11721,chr15,40806718,40808287,1569
pre_xx_11722,chr15,40814871,40816023,1152
pre_xx_11723,chr15,40843267,40844985,1718
pre_xx_11724,chr15,40847085,40847971,886
pre_xx_11725,chr15,40857297,40858385,1088
pre_xx_11726,chr15,40858597,40859711,1114
pre_xx_11727,chr15,40871533,40872596,1063
pre_xx_11728,chr15,40873280,40874482,1202
pre_xx_11729,chr15,40891767,40892145,378
pre_xx_11730,chr15,40893397,40895574,2177
pre_xx_11731,chr15,40903714,40904325,611
pre_xx_11732,chr15,40905855,40907654,1799
pre_xx_11733,chr15,40925500,40926413,913
pre_xx_11734,chr15,40927515,40929998,2483
pre_xx_11735,chr15,40930319,40931030,711
pre_xx_11736,chr15,40940210,40942795,2585
pre_xx_11737,chr15,40952394,40953961,1567
pre_xx_11738,chr15,40959465,40960386,921
pre_xx_11739,chr15,41115074,41117005,1931
pre_xx_11740,chr15,41230402,41232218,1816
pre_xx_11741,chr15,41248571,41250381,1810
pre_xx_11742,chr15,41282907,41285447,2540
pre_xx_11743,chr15,41331365,41333490,2125
pre_xx_11744,chr15,41349197,41350742,1545
pre_xx_11745,chr15,41401800,41403035,1235
pre_xx_11746,chr15,41416188,41418119,1931
pre_xx_11747,chr15,41492614,41496332,3718
pre_xx_11748,chr15,41501082,41503152,2070
pre_xx_11749,chr15,41510994,41512359,1365
pre_xx_11750,chr15,41512583,41514130,1547
pre_xx_11751,chr15,41543470,41544699,1229
pre_xx_11752,chr15,41557615,41558144,529
pre_xx_11753,chr15,41558328,41559659,1331
pre_xx_11754,chr15,41562669,41563346,677
pre_xx_11755,chr15,41564165,41565069,904
pre_xx_11756,chr15,41568264,41568984,720
pre_xx_11757,chr15,41584516,41586056,1540
pre_xx_11758,chr15,41603641,41604850,1209
pre_xx_11759,chr15,41620459,41622261,1802
pre_xx_11760,chr15,41659555,41662323,2768
pre_xx_11761,chr15,41773740,41775136,1396
pre_xx_11762,chr15,41779644,41781056,1412
pre_xx_11763,chr15,41805899,41807080,1181
pre_xx_11764,chr15,41810831,41811973,1142
pre_xx_11765,chr15,41816564,41817703,1139
pre_xx_11766,chr15,41827177,41829248,2071
pre_xx_11767,chr15,41855008,41855990,982
pre_xx_11768,chr15,41876240,41877260,1020
pre_xx_11769,chr15,41881631,41883579,1948
pre_xx_11770,chr15,41893911,41895521,1610
pre_xx_11771,chr15,41904171,41905455,1284
pre_xx_11772,chr15,41919491,41921600,2109
pre_xx_11773,chr15,41938345,41939300,955
pre_xx_11774,chr15,41944055,41944829,774
pre_xx_11775,chr15,41949457,41950854,1397
pre_xx_11776,chr15,41955176,41956685,1509
pre_xx_11777,chr15,41971091,41973064,1973
pre_xx_11778,chr15,41989068,41990374,1306
pre_xx_11779,chr15,42044871,42045843,972
pre_xx_11780,chr15,42056752,42057978,1226
pre_xx_11781,chr15,42066140,42066993,853
pre_xx_11782,chr15,42084192,42085044,852
pre_xx_11783,chr15,42131443,42132798,1355
pre_xx_11784,chr15,42150375,42151488,1113
pre_xx_11785,chr15,42207340,42208700,1360
pre_xx_11786,chr15,42272212,42274520,2308
pre_xx_11787,chr15,42456996,42458448,1452
pre_xx_11788,chr15,42490076,42491410,1334
pre_xx_11789,chr15,42494885,42496430,1545
pre_xx_11790,chr15,42507981,42508967,986
pre_xx_11791,chr15,42547649,42549562,1913
pre_xx_11792,chr15,42574671,42576454,1783
pre_xx_11793,chr15,42581033,42581798,765
pre_xx_11794,chr15,42583797,42584567,770
pre_xx_11795,chr15,42621910,42623005,1095
pre_xx_11796,chr15,42670091,42671735,1644
pre_xx_11797,chr15,42727301,42728439,1138
pre_xx_11798,chr15,42735946,42737695,1749
pre_xx_11799,chr15,42919392,42921802,2410
pre_xx_11800,chr15,43105159,43106530,1371
pre_xx_11801,chr15,43122444,43123522,1078
pre_xx_11802,chr15,43132867,43134578,1711
pre_xx_11803,chr15,43184658,43186443,1785
pre_xx_11804,chr15,43329171,43331041,1870
pre_xx_11805,chr15,43369878,43371911,2033
pre_xx_11806,chr15,43492311,43493711,1400
pre_xx_11807,chr15,43509893,43511832,1939
pre_xx_11808,chr15,43516770,43518922,2152
pre_xx_11809,chr15,43745429,43747324,1895
pre_xx_11810,chr15,43775361,43777777,2416
pre_xx_11811,chr15,43791450,43793438,1988
pre_xx_11812,chr15,43799636,43801456,1820
pre_xx_11813,chr15,43824200,43825115,915
pre_xx_11814,chr15,43826572,43827284,712
pre_xx_11815,chr15,43893360,43894548,1188
pre_xx_11816,chr15,43903442,43904289,847
pre_xx_11817,chr15,43958138,43959520,1382
pre_xx_11818,chr15,44193428,44195776,2348
pre_xx_11819,chr15,44286968,44289632,2664
pre_xx_11820,chr15,44426440,44428645,2205
pre_xx_11821,chr15,44535924,44538085,2161
pre_xx_11822,chr15,44662334,44664019,1685
pre_xx_11823,chr15,44710642,44712964,2322
pre_xx_11824,chr15,44719028,44720158,1130
pre_xx_11825,chr15,44728293,44729718,1425
pre_xx_11826,chr15,44783774,44784989,1215
pre_xx_11827,chr15,44830538,44831486,948
pre_xx_11828,chr15,44835823,44836675,852
pre_xx_11829,chr15,44979178,44980239,1061
pre_xx_11830,chr15,45022368,45024313,1945
pre_xx_11831,chr15,45048417,45049614,1197
pre_xx_11832,chr15,45068943,45070136,1193
pre_xx_11833,chr15,45112361,45113499,1138
pre_xx_11834,chr15,45114033,45114765,732
pre_xx_11835,chr15,45116516,45117283,767
pre_xx_11836,chr15,45117689,45118437,748
pre_xx_11837,chr15,45128773,45130318,1545
pre_xx_11838,chr15,45143818,45145078,1260
pre_xx_11839,chr15,45162757,45163412,655
pre_xx_11840,chr15,45166454,45167820,1366
pre_xx_11841,chr15,45185981,45188838,2857
pre_xx_11842,chr15,45197978,45199659,1681
pre_xx_11843,chr15,45199841,45201320,1479
pre_xx_11844,chr15,45204405,45205400,995
pre_xx_11845,chr15,45278401,45279946,1545
pre_xx_11846,chr15,45310224,45311095,871
pre_xx_11847,chr15,45376463,45377201,738
pre_xx_11848,chr15,45377578,45379170,1592
pre_xx_11849,chr15,45385627,45387754,2127
pre_xx_11850,chr15,45401468,45403671,2203
pre_xx_11851,chr15,45429929,45431127,1198
pre_xx_11852,chr15,45457333,45458626,1293
pre_xx_11853,chr15,45471678,45473379,1701
pre_xx_11854,chr15,45494977,45496337,1360
pre_xx_11855,chr15,45521468,45523470,2002
pre_xx_11856,chr15,45586175,45588078,1903
pre_xx_11857,chr15,45634311,45635825,1514
pre_xx_11858,chr15,45703971,45706169,2198
pre_xx_11859,chr15,45891405,45892647,1242
pre_xx_11860,chr15,47136321,47137809,1488
pre_xx_11861,chr15,47183719,47185709,1990
pre_xx_11862,chr15,47195518,47196403,885
pre_xx_11863,chr15,47471312,47472043,731
pre_xx_11864,chr15,47607234,47608446,1212
pre_xx_11865,chr15,47651296,47653499,2203
pre_xx_11866,chr15,47716928,47719455,2527
pre_xx_11867,chr15,47768493,47769280,787
pre_xx_11868,chr15,48102061,48102841,780
pre_xx_11869,chr15,48177056,48178678,1622
pre_xx_11870,chr15,48190675,48192115,1440
pre_xx_11871,chr15,48285345,48286171,826
pre_xx_11872,chr15,48330326,48332463,2137
pre_xx_11873,chr15,48644240,48646706,2466
pre_xx_11874,chr15,48810016,48811868,1852
pre_xx_11875,chr15,48877477,48878842,1365
pre_xx_11876,chr15,48962459,48964421,1962
pre_xx_11877,chr15,48975377,48976925,1548
pre_xx_11878,chr15,49045193,49046915,1722
pre_xx_11879,chr15,49154781,49156551,1770
pre_xx_11880,chr15,49169719,49171433,1714
pre_xx_11881,chr15,49471314,49472572,1258
pre_xx_11882,chr15,49620048,49621851,1803
pre_xx_11883,chr15,50181503,50182983,1480
pre_xx_11884,chr15,50353249,50355868,2619
pre_xx_11885,chr15,50423374,50425470,2096
pre_xx_11886,chr15,50685343,50687451,2108
pre_xx_11887,chr15,50764154,50766080,1926
pre_xx_11888,chr15,50907482,50909483,2001
pre_xx_11889,chr15,51076646,51078297,1651
pre_xx_11890,chr15,51093261,51095536,2275
pre_xx_11891,chr15,51266433,51268046,1613
pre_xx_11892,chr15,51336639,51337693,1054
pre_xx_11893,chr15,51341257,51342537,1280
pre_xx_11894,chr15,51389535,51391456,1921
pre_xx_11895,chr15,51621307,51623720,2413
pre_xx_11896,chr15,51680968,51681854,886
pre_xx_11897,chr15,51736705,51738324,1619
pre_xx_11898,chr15,51750909,51752534,1625
pre_xx_11899,chr15,51776000,51777320,1320
pre_xx_11900,chr15,51829052,51830745,1693
pre_xx_11901,chr15,51877974,51879446,1472
pre_xx_11902,chr15,51970767,51972329,1562
pre_xx_11903,chr15,52018622,52020611,1989
pre_xx_11904,chr15,52111701,52112988,1287
pre_xx_11905,chr15,52178715,52180702,1987
pre_xx_11906,chr15,52185972,52187428,1456
pre_xx_11907,chr15,52261266,52262306,1040
pre_xx_11908,chr15,52294610,52296126,1516
pre_xx_11909,chr15,52527932,52530062,2130
pre_xx_11910,chr15,52567731,52569462,1731
pre_xx_11911,chr15,52651196,52652465,1269
pre_xx_11912,chr15,52677686,52680260,2574
pre_xx_11913,chr15,52783197,52784394,1197
pre_xx_11914,chr15,52789626,52791401,1775
pre_xx_11915,chr15,52804394,52806505,2111
pre_xx_11916,chr15,52876715,52877747,1032
pre_xx_11917,chr15,53071721,53072595,874
pre_xx_11918,chr15,53159698,53160588,890
pre_xx_11919,chr15,53196848,53197724,876
pre_xx_11920,chr15,53521906,53523758,1852
pre_xx_11921,chr15,53836657,53837701,1044
pre_xx_11922,chr15,53910046,53911967,1921
pre_xx_11923,chr15,53917081,53918987,1906
pre_xx_11924,chr15,53924964,53926287,1323
pre_xx_11925,chr15,53977876,53979037,1161
pre_xx_11926,chr15,55195869,55197815,1946
pre_xx_11927,chr15,55288862,55290854,1992
pre_xx_11928,chr15,55318095,55319533,1438
pre_xx_11929,chr15,55407438,55408991,1553
pre_xx_11930,chr15,55497617,55498740,1123
pre_xx_11931,chr15,55587385,55589140,1755
pre_xx_11932,chr15,55741422,55743845,2423
pre_xx_11933,chr15,55992443,55994448,2005
pre_xx_11934,chr15,56041919,56042976,1057
pre_xx_11935,chr15,56242669,56244894,2225
pre_xx_11936,chr15,56364729,56366532,1803
pre_xx_11937,chr15,56464400,56465593,1193
pre_xx_11938,chr15,56732093,56733972,1879
pre_xx_11939,chr15,56886377,56888301,1924
pre_xx_11940,chr15,56917739,56920188,2449
pre_xx_11941,chr15,57305903,57307990,2087
pre_xx_11942,chr15,57375824,57377821,1997
pre_xx_11943,chr15,57381814,57383433,1619
pre_xx_11944,chr15,57387382,57388859,1477
pre_xx_11945,chr15,57426938,57428269,1331
pre_xx_11946,chr15,57445042,57446173,1131
pre_xx_11947,chr15,57503936,57504694,758
pre_xx_11948,chr15,57508972,57509537,565
pre_xx_11949,chr15,57527093,57527850,757
pre_xx_11950,chr15,57560658,57561739,1081
pre_xx_11951,chr15,57591355,57592416,1061
pre_xx_11952,chr15,57666940,57667619,679
pre_xx_11953,chr15,57706015,57707681,1666
pre_xx_11954,chr15,57892258,57893729,1471
pre_xx_11955,chr15,57922529,57924111,1582
pre_xx_11956,chr15,58064736,58066688,1952
pre_xx_11957,chr15,58110745,58111818,1073
pre_xx_11958,chr15,58331404,58332692,1288
pre_xx_11959,chr15,58472912,58474117,1205
pre_xx_11960,chr15,58527724,58528818,1094
pre_xx_11961,chr15,58748236,58750716,2480
pre_xx_11962,chr15,58770298,58772331,2033
pre_xx_11963,chr15,58864347,58866589,2242
pre_xx_11964,chr15,58932635,58934338,1703
pre_xx_11965,chr15,58987016,58988853,1837
pre_xx_11966,chr15,59104600,59106092,1492
pre_xx_11967,chr15,59371275,59373352,2077
pre_xx_11968,chr15,59436637,59438787,2150
pre_xx_11969,chr15,59492474,59493374,900
pre_xx_11970,chr15,59528535,59529435,900
pre_xx_11971,chr15,59594203,59595000,797
pre_xx_11972,chr15,59599292,59600533,1241
pre_xx_11973,chr15,59656653,59658124,1471
pre_xx_11974,chr15,59688391,59690105,1714
pre_xx_11975,chr15,59811947,59813324,1377
pre_xx_11976,chr15,60003777,60006815,3038
pre_xx_11977,chr15,60127098,60129013,1915
pre_xx_11978,chr15,60263783,60264981,1198
pre_xx_11979,chr15,60298405,60300182,1777
pre_xx_11980,chr15,60397046,60399450,2404
pre_xx_11981,chr15,60423185,60424567,1382
pre_xx_11982,chr15,60477645,60479614,1969
pre_xx_11983,chr15,60511119,60512180,1061
pre_xx_11984,chr15,60590904,60593229,2325
pre_xx_11985,chr15,60614940,60615907,967
pre_xx_11986,chr15,60916561,60918136,1575
pre_xx_11987,chr15,61206291,61207027,736
pre_xx_11988,chr15,61210757,61212021,1264
pre_xx_11989,chr15,61226683,61230011,3328
pre_xx_11990,chr15,61620724,61621797,1073
pre_xx_11991,chr15,61856834,61857863,1029
pre_xx_11992,chr15,62059187,62061110,1923
pre_xx_11993,chr15,62066556,62068794,2238
pre_xx_11994,chr15,62163811,62166520,2709
pre_xx_11995,chr15,62389897,62392593,2696
pre_xx_11996,chr15,62886364,62887901,1537
pre_xx_11997,chr15,63041781,63043172,1391
pre_xx_11998,chr15,63047851,63049443,1592
pre_xx_11999,chr15,63121243,63122770,1527
pre_xx_12000,chr15,63156068,63158458,2390
pre_xx_12001,chr15,63188678,63190570,1892
pre_xx_12002,chr15,63276629,63278597,1968
pre_xx_12003,chr15,63346885,63348168,1283
pre_xx_12004,chr15,63380326,63382296,1970
pre_xx_12005,chr15,63466363,63467286,923
pre_xx_12006,chr15,63479363,63480154,791
pre_xx_12007,chr15,63501068,63501714,646
pre_xx_12008,chr15,63502975,63505814,2839
pre_xx_12009,chr15,63600052,63601766,1714
pre_xx_12010,chr15,63832897,63834603,1706
pre_xx_12011,chr15,63870343,63871107,764
pre_xx_12012,chr15,63909566,63910680,1114
pre_xx_12013,chr15,63915347,63916821,1474
pre_xx_12014,chr15,64045656,64047447,1791
pre_xx_12015,chr15,64067182,64067937,755
pre_xx_12016,chr15,64093066,64094406,1340
pre_xx_12017,chr15,64095504,64097389,1885
pre_xx_12018,chr15,64151181,64152750,1569
pre_xx_12019,chr15,64152979,64153940,961
pre_xx_12020,chr15,64162186,64163923,1737
pre_xx_12021,chr15,64354829,64356909,2080
pre_xx_12022,chr15,64380659,64381983,1324
pre_xx_12023,chr15,64387249,64388316,1067
pre_xx_12024,chr15,64429450,64430935,1485
pre_xx_12025,chr15,64460057,64462117,2060
pre_xx_12026,chr15,64506853,64507855,1002
pre_xx_12027,chr15,64521052,64522719,1667
pre_xx_12028,chr15,64596759,64597862,1103
pre_xx_12029,chr15,64634026,64636458,2432
pre_xx_12030,chr15,64687015,64688615,1600
pre_xx_12031,chr15,64699412,64700221,809
pre_xx_12032,chr15,64702597,64703881,1284
pre_xx_12033,chr15,64731071,64732450,1379
pre_xx_12034,chr15,64737947,64741143,3196
pre_xx_12035,chr15,64773969,64776786,2817
pre_xx_12036,chr15,64809754,64810460,706
pre_xx_12037,chr15,64812536,64813502,966
pre_xx_12038,chr15,64823666,64824428,762
pre_xx_12039,chr15,64825091,64826345,1254
pre_xx_12040,chr15,64835221,64836425,1204
pre_xx_12041,chr15,64840736,64842317,1581
pre_xx_12042,chr15,64883679,64884558,879
pre_xx_12043,chr15,64893382,64896024,2642
pre_xx_12044,chr15,64911191,64912894,1703
pre_xx_12045,chr15,64988594,64990436,1842
pre_xx_12046,chr15,65028387,65030605,2218
pre_xx_12047,chr15,65032891,65033996,1105
pre_xx_12048,chr15,65049121,65049965,844
pre_xx_12049,chr15,65054066,65054844,778
pre_xx_12050,chr15,65066312,65068358,2046
pre_xx_12051,chr15,65076348,65078335,1987
pre_xx_12052,chr15,65082251,65083745,1494
pre_xx_12053,chr15,65086153,65087180,1027
pre_xx_12054,chr15,65092796,65093731,935
pre_xx_12055,chr15,65101267,65102723,1456
pre_xx_12056,chr15,65132528,65134093,1565
pre_xx_12057,chr15,65183591,65185930,2339
pre_xx_12058,chr15,65210849,65211931,1082
pre_xx_12059,chr15,65270579,65271305,726
pre_xx_12060,chr15,65285797,65287312,1515
pre_xx_12061,chr15,65295495,65296862,1367
pre_xx_12062,chr15,65297491,65298065,574
pre_xx_12063,chr15,65303568,65305515,1947
pre_xx_12064,chr15,65318612,65319187,575
pre_xx_12065,chr15,65322730,65323510,780
pre_xx_12066,chr15,65325825,65326596,771
pre_xx_12067,chr15,65330285,65331307,1022
pre_xx_12068,chr15,65343042,65344930,1888
pre_xx_12069,chr15,65354650,65356384,1734
pre_xx_12070,chr15,65376283,65378655,2372
pre_xx_12071,chr15,65384638,65386580,1942
pre_xx_12072,chr15,65395214,65396280,1066
pre_xx_12073,chr15,65400543,65402757,2214
pre_xx_12074,chr15,65410101,65411877,1776
pre_xx_12075,chr15,65414833,65415539,706
pre_xx_12076,chr15,65420956,65423451,2495
pre_xx_12077,chr15,65516566,65518098,1532
pre_xx_12078,chr15,65529931,65531507,1576
pre_xx_12079,chr15,65550249,65551408,1159
pre_xx_12080,chr15,65610301,65612076,1775
pre_xx_12081,chr15,65638060,65639242,1182
pre_xx_12082,chr15,65790812,65792848,2036
pre_xx_12083,chr15,65868850,65871221,2371
pre_xx_12084,chr15,65916330,65917427,1097
pre_xx_12085,chr15,65929681,65930834,1153
pre_xx_12086,chr15,65981742,65982773,1031
pre_xx_12087,chr15,66024573,66025556,983
pre_xx_12088,chr15,66080379,66081358,979
pre_xx_12089,chr15,66132911,66134632,1721
pre_xx_12090,chr15,66137930,66140001,2071
pre_xx_12091,chr15,66251798,66254710,2912
pre_xx_12092,chr15,66268929,66270244,1315
pre_xx_12093,chr15,66292740,66295034,2294
pre_xx_12094,chr15,66355826,66357271,1445
pre_xx_12095,chr15,66386155,66388094,1939
pre_xx_12096,chr15,66496920,66498293,1373
pre_xx_12097,chr15,66503801,66505824,2023
pre_xx_12098,chr15,66621247,66623038,1791
pre_xx_12099,chr15,66630306,66631369,1063
pre_xx_12100,chr15,66654574,66655667,1093
pre_xx_12101,chr15,66657163,66657867,704
pre_xx_12102,chr15,66678959,66680351,1392
pre_xx_12103,chr15,66700635,66702637,2002
pre_xx_12104,chr15,66703390,66704428,1038
pre_xx_12105,chr15,66707234,66708122,888
pre_xx_12106,chr15,66728827,66730132,1305
pre_xx_12107,chr15,66763049,66764914,1865
pre_xx_12108,chr15,66765648,66766433,785
pre_xx_12109,chr15,66773906,66774673,767
pre_xx_12110,chr15,66775404,66776097,693
pre_xx_12111,chr15,66801989,66803791,1802
pre_xx_12112,chr15,66841944,66843230,1286
pre_xx_12113,chr15,66850984,66852056,1072
pre_xx_12114,chr15,66883038,66884000,962
pre_xx_12115,chr15,66931407,66932454,1047
pre_xx_12116,chr15,67029610,67030593,983
pre_xx_12117,chr15,67033043,67034422,1379
pre_xx_12118,chr15,67063992,67067787,3795
pre_xx_12119,chr15,67080249,67081485,1236
pre_xx_12120,chr15,67087158,67088669,1511
pre_xx_12121,chr15,67105216,67105862,646
pre_xx_12122,chr15,67120504,67121820,1316
pre_xx_12123,chr15,67145940,67147379,1439
pre_xx_12124,chr15,67177741,67179216,1475
pre_xx_12125,chr15,67253428,67255210,1782
pre_xx_12126,chr15,67372232,67373916,1684
pre_xx_12127,chr15,67520420,67522574,2154
pre_xx_12128,chr15,67541390,67543826,2436
pre_xx_12129,chr15,67770941,67772093,1152
pre_xx_12130,chr15,67819704,67821276,1572
pre_xx_12131,chr15,67825082,67825623,541
pre_xx_12132,chr15,67833612,67834315,703
pre_xx_12133,chr15,67834535,67835184,649
pre_xx_12134,chr15,67838716,67839164,448
pre_xx_12135,chr15,67839511,67841275,1764
pre_xx_12136,chr15,67843056,67844229,1173
pre_xx_12137,chr15,67863101,67864584,1483
pre_xx_12138,chr15,67884212,67885213,1001
pre_xx_12139,chr15,67927490,67928304,814
pre_xx_12140,chr15,67967624,67969358,1734
pre_xx_12141,chr15,68053713,68055733,2020
pre_xx_12142,chr15,68186557,68187967,1410
pre_xx_12143,chr15,68228692,68230325,1633
pre_xx_12144,chr15,68256452,68257505,1053
pre_xx_12145,chr15,68276994,68279311,2317
pre_xx_12146,chr15,68304571,68305590,1019
pre_xx_12147,chr15,68306219,68307092,873
pre_xx_12148,chr15,68310202,68311067,865
pre_xx_12149,chr15,68417919,68419161,1242
pre_xx_12150,chr15,68430734,68432591,1857
pre_xx_12151,chr15,68558712,68560241,1529
pre_xx_12152,chr15,68577668,68579829,2161
pre_xx_12153,chr15,68599263,68600135,872
pre_xx_12154,chr15,68639818,68641872,2054
pre_xx_12155,chr15,68651686,68652676,990
pre_xx_12156,chr15,68673629,68674537,908
pre_xx_12157,chr15,68699951,68701199,1248
pre_xx_12158,chr15,68704348,68705074,726
pre_xx_12159,chr15,68729508,68731698,2190
pre_xx_12160,chr15,68793127,68793814,687
pre_xx_12161,chr15,68817048,68822144,5096
pre_xx_12162,chr15,68843631,68844708,1077
pre_xx_12163,chr15,68874843,68876363,1520
pre_xx_12164,chr15,68909023,68910462,1439
pre_xx_12165,chr15,68924638,68925540,902
pre_xx_12166,chr15,68983641,68984856,1215
pre_xx_12167,chr15,68990958,68992653,1695
pre_xx_12168,chr15,69058772,69060337,1565
pre_xx_12169,chr15,69073591,69075202,1611
pre_xx_12170,chr15,69125201,69126494,1293
pre_xx_12171,chr15,69159892,69162071,2179
pre_xx_12172,chr15,69298214,69300456,2242
pre_xx_12173,chr15,69357833,69358788,955
pre_xx_12174,chr15,69393862,69395286,1424
pre_xx_12175,chr15,69413746,69415187,1441
pre_xx_12176,chr15,69451880,69453927,2047
pre_xx_12177,chr15,69461940,69463523,1583
pre_xx_12178,chr15,69594027,69596251,2224
pre_xx_12179,chr15,69647721,69648761,1040
pre_xx_12180,chr15,69664471,69667395,2924
pre_xx_12181,chr15,69696796,69698397,1601
pre_xx_12182,chr15,69798361,69799526,1165
pre_xx_12183,chr15,69840786,69841943,1157
pre_xx_12184,chr15,69875760,69877040,1280
pre_xx_12185,chr15,69939446,69940769,1323
pre_xx_12186,chr15,70022978,70024895,1917
pre_xx_12187,chr15,70033211,70034151,940
pre_xx_12188,chr15,70036533,70037172,639
pre_xx_12189,chr15,70061948,70063081,1133
pre_xx_12190,chr15,70095971,70096594,623
pre_xx_12191,chr15,70097246,70098132,886
pre_xx_12192,chr15,70098558,70099934,1376
pre_xx_12193,chr15,70100457,70100904,447
pre_xx_12194,chr15,70101092,70101749,657
pre_xx_12195,chr15,70110999,70112294,1295
pre_xx_12196,chr15,70140037,70141591,1554
pre_xx_12197,chr15,70141990,70143515,1525
pre_xx_12198,chr15,70153867,70155470,1603
pre_xx_12199,chr15,70156307,70157217,910
pre_xx_12200,chr15,70195481,70197091,1610
pre_xx_12201,chr15,70250461,70252764,2303
pre_xx_12202,chr15,70263662,70264676,1014
pre_xx_12203,chr15,70265666,70267173,1507
pre_xx_12204,chr15,70375972,70377605,1633
pre_xx_12205,chr15,70406718,70407779,1061
pre_xx_12206,chr15,70414999,70415844,845
pre_xx_12207,chr15,70447393,70448770,1377
pre_xx_12208,chr15,70477878,70479430,1552
pre_xx_12209,chr15,70562703,70563810,1107
pre_xx_12210,chr15,70569074,70570233,1159
pre_xx_12211,chr15,70584664,70586993,2329
pre_xx_12212,chr15,70605285,70606303,1018
pre_xx_12213,chr15,70762299,70764289,1990
pre_xx_12214,chr15,70852930,70854868,1938
pre_xx_12215,chr15,70891596,70893264,1668
pre_xx_12216,chr15,71114819,71116682,1863
pre_xx_12217,chr15,71132749,71134469,1720
pre_xx_12218,chr15,71213848,71216116,2268
pre_xx_12219,chr15,71226253,71227493,1240
pre_xx_12220,chr15,71231279,71232282,1003
pre_xx_12221,chr15,71384724,71387408,2684
pre_xx_12222,chr15,71510916,71513286,2370
pre_xx_12223,chr15,71525106,71526713,1607
pre_xx_12224,chr15,71676955,71678132,1177
pre_xx_12225,chr15,71691267,71693078,1811
pre_xx_12226,chr15,71706361,71709429,3068
pre_xx_12227,chr15,72116699,72118934,2235
pre_xx_12228,chr15,72154900,72156427,1527
pre_xx_12229,chr15,72183808,72184816,1008
pre_xx_12230,chr15,72196500,72198309,1809
pre_xx_12231,chr15,72199571,72200158,587
pre_xx_12232,chr15,72226580,72226976,396
pre_xx_12233,chr15,72229522,72232395,2873
pre_xx_12234,chr15,72271765,72273226,1461
pre_xx_12235,chr15,72319372,72320841,1469
pre_xx_12236,chr15,72375202,72376811,1609
pre_xx_12237,chr15,72473387,72475702,2315
pre_xx_12238,chr15,72670413,72671352,939
pre_xx_12239,chr15,72685110,72687265,2155
pre_xx_12240,chr15,72782551,72784668,2117
pre_xx_12241,chr15,72796335,72797872,1537
pre_xx_12242,chr15,73051073,73053757,2684
pre_xx_12243,chr15,73346413,73347284,871
pre_xx_12244,chr15,73367582,73369752,2170
pre_xx_12245,chr15,73383517,73384215,698
pre_xx_12246,chr15,73631823,73633987,2164
pre_xx_12247,chr15,73636415,73636771,356
pre_xx_12248,chr15,73683502,73685810,2308
pre_xx_12249,chr15,73696675,73697608,933
pre_xx_12250,chr15,73751302,73753539,2237
pre_xx_12251,chr15,73796017,73796940,923
pre_xx_12252,chr15,73870752,73871591,839
pre_xx_12253,chr15,73908089,73908809,720
pre_xx_12254,chr15,73922257,73923329,1072
pre_xx_12255,chr15,73926100,73928222,2122
pre_xx_12256,chr15,73935480,73937272,1792
pre_xx_12257,chr15,73940832,73942668,1836
pre_xx_12258,chr15,73950715,73952405,1690
pre_xx_12259,chr15,73964546,73965542,996
pre_xx_12260,chr15,73972565,73974872,2307
pre_xx_12261,chr15,73981777,73983618,1841
pre_xx_12262,chr15,73990399,73990946,547
pre_xx_12263,chr15,73991229,73992565,1336
pre_xx_12264,chr15,73994055,73995536,1481
pre_xx_12265,chr15,74053615,74054436,821
pre_xx_12266,chr15,74064212,74065434,1222
pre_xx_12267,chr15,74099756,74100398,642
pre_xx_12268,chr15,74127361,74130636,3275
pre_xx_12269,chr15,74134133,74134726,593
pre_xx_12270,chr15,74135510,74137740,2230
pre_xx_12271,chr15,74172644,74174589,1945
pre_xx_12272,chr15,74177483,74178174,691
pre_xx_12273,chr15,74179023,74180985,1962
pre_xx_12274,chr15,74195760,74196676,916
pre_xx_12275,chr15,74200778,74201705,927
pre_xx_12276,chr15,74202131,74203454,1323
pre_xx_12277,chr15,74208431,74210729,2298
pre_xx_12278,chr15,74221428,74224229,2801
pre_xx_12279,chr15,74239448,74240460,1012
pre_xx_12280,chr15,74245122,74245997,875
pre_xx_12281,chr15,74258195,74260380,2185
pre_xx_12282,chr15,74291027,74292018,991
pre_xx_12283,chr15,74302563,74303210,647
pre_xx_12284,chr15,74307748,74308955,1207
pre_xx_12285,chr15,74317353,74318814,1461
pre_xx_12286,chr15,74322576,74322942,366
pre_xx_12287,chr15,74326426,74327361,935
pre_xx_12288,chr15,74365066,74366502,1436
pre_xx_12289,chr15,74373445,74374882,1437
pre_xx_12290,chr15,74378446,74379254,808
pre_xx_12291,chr15,74381853,74382741,888
pre_xx_12292,chr15,74386513,74387631,1118
pre_xx_12293,chr15,74402744,74404371,1627
pre_xx_12294,chr15,74406867,74407792,925
pre_xx_12295,chr15,74420162,74420806,644
pre_xx_12296,chr15,74432813,74434609,1796
pre_xx_12297,chr15,74438684,74439048,364
pre_xx_12298,chr15,74460286,74462192,1906
pre_xx_12299,chr15,74540043,74542094,2051
pre_xx_12300,chr15,74545769,74546754,985
pre_xx_12301,chr15,74597883,74599125,1242
pre_xx_12302,chr15,74609989,74610951,962
pre_xx_12303,chr15,74614315,74616763,2448
pre_xx_12304,chr15,74621047,74622210,1163
pre_xx_12305,chr15,74695217,74696630,1413
pre_xx_12306,chr15,74725424,74726754,1330
pre_xx_12307,chr15,74768236,74769187,951
pre_xx_12308,chr15,74770795,74771434,639
pre_xx_12309,chr15,74781358,74783857,2499
pre_xx_12310,chr15,74825872,74827045,1173
pre_xx_12311,chr15,74842199,74843944,1745
pre_xx_12312,chr15,74872298,74874085,1787
pre_xx_12313,chr15,74888969,74890884,1915
pre_xx_12314,chr15,74905629,74907430,1801
pre_xx_12315,chr15,74937035,74938796,1761
pre_xx_12316,chr15,74950010,74950913,903
pre_xx_12317,chr15,74954295,74955297,1002
pre_xx_12318,chr15,74955824,74957592,1768
pre_xx_12319,chr15,74987837,74988691,854
pre_xx_12320,chr15,74995014,74996711,1697
pre_xx_12321,chr15,75022968,75024365,1397
pre_xx_12322,chr15,75029029,75030363,1334
pre_xx_12323,chr15,75042736,75044276,1540
pre_xx_12324,chr15,75046864,75047673,809
pre_xx_12325,chr15,75049265,75049776,511
pre_xx_12326,chr15,75054154,75054983,829
pre_xx_12327,chr15,75064925,75066444,1519
pre_xx_12328,chr15,75177868,75180030,2162
pre_xx_12329,chr15,75180252,75181217,965
pre_xx_12330,chr15,75195161,75196372,1211
pre_xx_12331,chr15,75200788,75203604,2816
pre_xx_12332,chr15,75204604,75205136,532
pre_xx_12333,chr15,75247625,75248930,1305
pre_xx_12334,chr15,75299896,75301050,1154
pre_xx_12335,chr15,75335475,75336733,1258
pre_xx_12336,chr15,75346798,75349291,2493
pre_xx_12337,chr15,75367498,75369104,1606
pre_xx_12338,chr15,75450188,75452723,2535
pre_xx_12339,chr15,75453793,75454841,1048
pre_xx_12340,chr15,75455247,75456411,1164
pre_xx_12341,chr15,75577345,75579891,2546
pre_xx_12342,chr15,75624631,75626437,1806
pre_xx_12343,chr15,75639118,75641155,2037
pre_xx_12344,chr15,75646785,75649182,2397
pre_xx_12345,chr15,75660714,75661691,977
pre_xx_12346,chr15,75672325,75674030,1705
pre_xx_12347,chr15,75683410,75684096,686
pre_xx_12348,chr15,75693515,75695103,1588
pre_xx_12349,chr15,75709118,75709833,715
pre_xx_12350,chr15,75712299,75713811,1512
pre_xx_12351,chr15,75720921,75721456,535
pre_xx_12352,chr15,75723160,75724542,1382
pre_xx_12353,chr15,75731287,75733106,1819
pre_xx_12354,chr15,75734869,75735412,543
pre_xx_12355,chr15,75737783,75739298,1515
pre_xx_12356,chr15,75757912,75759056,1144
pre_xx_12357,chr15,75785815,75786909,1094
pre_xx_12358,chr15,75801624,75802661,1037
pre_xx_12359,chr15,75826232,75827388,1156
pre_xx_12360,chr15,75842418,75844583,2165
pre_xx_12361,chr15,75903037,75904710,1673
pre_xx_12362,chr15,76011503,76012822,1319
pre_xx_12363,chr15,76058836,76060471,1635
pre_xx_12364,chr15,76139148,76140537,1389
pre_xx_12365,chr15,76150581,76152029,1448
pre_xx_12366,chr15,76161351,76162430,1079
pre_xx_12367,chr15,76163064,76164147,1083
pre_xx_12368,chr15,76190199,76191125,926
pre_xx_12369,chr15,76196088,76197253,1165
pre_xx_12370,chr15,76200521,76201304,783
pre_xx_12371,chr15,76206385,76206914,529
pre_xx_12372,chr15,76310199,76312062,1863
pre_xx_12373,chr15,76337917,76338643,726
pre_xx_12374,chr15,76339713,76340684,971
pre_xx_12375,chr15,76345753,76347960,2207
pre_xx_12376,chr15,76904367,76906093,1726
pre_xx_12377,chr15,76930940,76932631,1691
pre_xx_12378,chr15,77069445,77071390,1945
pre_xx_12379,chr15,77083499,77084283,784
pre_xx_12380,chr15,77259463,77260259,796
pre_xx_12381,chr15,77418499,77421586,3087
pre_xx_12382,chr15,77496300,77498426,2126
pre_xx_12383,chr15,77504069,77504734,665
pre_xx_12384,chr15,77506144,77508245,2101
pre_xx_12385,chr15,77526633,77529314,2681
pre_xx_12386,chr15,77538766,77539593,827
pre_xx_12387,chr15,77542822,77544016,1194
pre_xx_12388,chr15,77556378,77557813,1435
pre_xx_12389,chr15,77568315,77570360,2045
pre_xx_12390,chr15,77603581,77604984,1403
pre_xx_12391,chr15,77630841,77631891,1050
pre_xx_12392,chr15,77632200,77634121,1921
pre_xx_12393,chr15,77637813,77638612,799
pre_xx_12394,chr15,77657479,77658702,1223
pre_xx_12395,chr15,77695484,77696722,1238
pre_xx_12396,chr15,77702263,77703830,1567
pre_xx_12397,chr15,77738561,77739376,815
pre_xx_12398,chr15,77797895,77798994,1099
pre_xx_12399,chr15,77818371,77820539,2168
pre_xx_12400,chr15,77821130,77821774,644
pre_xx_12401,chr15,77870309,77870820,511
pre_xx_12402,chr15,77874794,77875451,657
pre_xx_12403,chr15,77910078,77910990,912
pre_xx_12404,chr15,77943777,77944988,1211
pre_xx_12405,chr15,77958870,77959926,1056
pre_xx_12406,chr15,77990300,77991197,897
pre_xx_12407,chr15,77991570,77993098,1528
pre_xx_12408,chr15,77999516,78000459,943
pre_xx_12409,chr15,78004713,78005480,767
pre_xx_12410,chr15,78033961,78036118,2157
pre_xx_12411,chr15,78049488,78051006,1518
pre_xx_12412,chr15,78075357,78076445,1088
pre_xx_12413,chr15,78076804,78078005,1201
pre_xx_12414,chr15,78108016,78108870,854
pre_xx_12415,chr15,78113050,78114031,981
pre_xx_12416,chr15,78130113,78132062,1949
pre_xx_12417,chr15,78148643,78150339,1696
pre_xx_12418,chr15,78209585,78210599,1014
pre_xx_12419,chr15,78240733,78241351,618
pre_xx_12420,chr15,78263327,78265215,1888
pre_xx_12421,chr15,78298777,78300277,1500
pre_xx_12422,chr15,78308117,78308963,846
pre_xx_12423,chr15,78339832,78340736,904
pre_xx_12424,chr15,78340930,78341771,841
pre_xx_12425,chr15,78437199,78439215,2016
pre_xx_12426,chr15,78506717,78508295,1578
pre_xx_12427,chr15,78539852,78541653,1801
pre_xx_12428,chr15,78564829,78566632,1803
pre_xx_12429,chr15,78619526,78621318,1792
pre_xx_12430,chr15,78640374,78641824,1450
pre_xx_12431,chr15,78671460,78673630,2170
pre_xx_12432,chr15,78708816,78709890,1074
pre_xx_12433,chr15,78750368,78751843,1475
pre_xx_12434,chr15,78759724,78760758,1034
pre_xx_12435,chr15,78810017,78812389,2372
pre_xx_12436,chr15,78830191,78831544,1353
pre_xx_12437,chr15,78859588,78861224,1636
pre_xx_12438,chr15,78871998,78874452,2454
pre_xx_12439,chr15,78943637,78945844,2207
pre_xx_12440,chr15,79089196,79091859,2663
pre_xx_12441,chr15,79209013,79210124,1111
pre_xx_12442,chr15,79283195,79284072,877
pre_xx_12443,chr15,79310451,79312010,1559
pre_xx_12444,chr15,79431030,79433360,2330
pre_xx_12445,chr15,79811368,79812842,1474
pre_xx_12446,chr15,79896022,79897641,1619
pre_xx_12447,chr15,79922482,79924258,1776
pre_xx_12448,chr15,79935095,79936350,1255
pre_xx_12449,chr15,79993069,79994125,1056
pre_xx_12450,chr15,80032259,80033851,1592
pre_xx_12451,chr15,80058781,80060956,2175
pre_xx_12452,chr15,80071882,80072825,943
pre_xx_12453,chr15,80152066,80153740,1674
pre_xx_12454,chr15,80251083,80252424,1341
pre_xx_12455,chr15,80403428,80405742,2314
pre_xx_12456,chr15,80434963,80436065,1102
pre_xx_12457,chr15,80572133,80573087,954
pre_xx_12458,chr15,80693987,80696682,2695
pre_xx_12459,chr15,80778778,80780942,2164
pre_xx_12460,chr15,80856381,80857549,1168
pre_xx_12461,chr15,80875419,80876874,1455
pre_xx_12462,chr15,80901907,80902905,998
pre_xx_12463,chr15,80912949,80914282,1333
pre_xx_12464,chr15,80967306,80967861,555
pre_xx_12465,chr15,80988402,80990317,1915
pre_xx_12466,chr15,81000182,81003181,2999
pre_xx_12467,chr15,81133468,81134830,1362
pre_xx_12468,chr15,81160339,81161530,1191
pre_xx_12469,chr15,81265012,81266734,1722
pre_xx_12470,chr15,81274758,81275641,883
pre_xx_12471,chr15,81323592,81324988,1396
pre_xx_12472,chr15,81330794,81332017,1223
pre_xx_12473,chr15,81410108,81410808,700
pre_xx_12474,chr15,81751404,81753497,2093
pre_xx_12475,chr15,81758091,81759620,1529
pre_xx_12476,chr15,81877379,81878785,1406
pre_xx_12477,chr15,82044167,82048141,3974
pre_xx_12478,chr15,82261874,82263504,1630
pre_xx_12479,chr15,82530204,82531343,1139
pre_xx_12480,chr15,82539705,82541391,1686
pre_xx_12481,chr15,82571076,82572773,1697
pre_xx_12482,chr15,82646078,82648834,2756
pre_xx_12483,chr15,82679739,82681184,1445
pre_xx_12484,chr15,82708998,82710285,1287
pre_xx_12485,chr15,82749536,82751633,2097
pre_xx_12486,chr15,82808839,82811434,2595
pre_xx_12487,chr15,82849183,82851072,1889
pre_xx_12488,chr15,82950818,82953362,2544
pre_xx_12489,chr15,82985488,82986756,1268
pre_xx_12490,chr15,83010693,83012341,1648
pre_xx_12491,chr15,83056827,83058324,1497
pre_xx_12492,chr15,83061531,83062113,582
pre_xx_12493,chr15,83066121,83067770,1649
pre_xx_12494,chr15,83106550,83108059,1509
pre_xx_12495,chr15,83206488,83208473,1985
pre_xx_12496,chr15,83247754,83249236,1482
pre_xx_12497,chr15,83282777,83286170,3393
pre_xx_12498,chr15,83304929,83306816,1887
pre_xx_12499,chr15,83364913,83366049,1136
pre_xx_12500,chr15,83446637,83448365,1728
pre_xx_12501,chr15,83653202,83655005,1803
pre_xx_12502,chr15,83903795,83905859,2064
pre_xx_12503,chr15,84079387,84080726,1339
pre_xx_12504,chr15,84142566,84143400,834
pre_xx_12505,chr15,84569868,84571516,1648
pre_xx_12506,chr15,84587638,84589031,1393
pre_xx_12507,chr15,84600097,84601425,1328
pre_xx_12508,chr15,84630882,84631823,941
pre_xx_12509,chr15,84633167,84634401,1234
pre_xx_12510,chr15,84653594,84655024,1430
pre_xx_12511,chr15,84657893,84658786,893
pre_xx_12512,chr15,84715100,84717260,2160
pre_xx_12513,chr15,84734779,84735763,984
pre_xx_12514,chr15,84747368,84749739,2371
pre_xx_12515,chr15,84816766,84819726,2960
pre_xx_12516,chr15,84927868,84928533,665
pre_xx_12517,chr15,84929634,84930435,801
pre_xx_12518,chr15,84954999,84955896,897
pre_xx_12519,chr15,84979735,84982744,3009
pre_xx_12520,chr15,85168334,85169234,900
pre_xx_12521,chr15,85296193,85297305,1112
pre_xx_12522,chr15,85333170,85333840,670
pre_xx_12523,chr15,85379542,85381529,1987
pre_xx_12524,chr15,85443041,85444843,1802
pre_xx_12525,chr15,85541619,85542358,739
pre_xx_12526,chr15,85543426,85545516,2090
pre_xx_12527,chr15,85581407,85583749,2342
pre_xx_12528,chr15,85618616,85619873,1257
pre_xx_12529,chr15,85706724,85708091,1367
pre_xx_12530,chr15,85750230,85753071,2841
pre_xx_12531,chr15,85785436,85786928,1492
pre_xx_12532,chr15,85793476,85795273,1797
pre_xx_12533,chr15,85839782,85840942,1160
pre_xx_12534,chr15,86905901,86907269,1368
pre_xx_12535,chr15,87829297,87830037,740
pre_xx_12536,chr15,88246399,88247709,1310
pre_xx_12537,chr15,88255200,88258591,3391
pre_xx_12538,chr15,88381976,88383834,1858
pre_xx_12539,chr15,88454768,88455589,821
pre_xx_12540,chr15,88466755,88468471,1716
pre_xx_12541,chr15,88498305,88499439,1134
pre_xx_12542,chr15,88545899,88546926,1027
pre_xx_12543,chr15,88604018,88606133,2115
pre_xx_12544,chr15,88614172,88614929,757
pre_xx_12545,chr15,88620817,88622879,2062
pre_xx_12546,chr15,88624195,88624699,504
pre_xx_12547,chr15,88638201,88639413,1212
pre_xx_12548,chr15,88704775,88705928,1153
pre_xx_12549,chr15,88802670,88804538,1868
pre_xx_12550,chr15,88827856,88829239,1383
pre_xx_12551,chr15,88894279,88895727,1448
pre_xx_12552,chr15,88896935,88898172,1237
pre_xx_12553,chr15,88904411,88905344,933
pre_xx_12554,chr15,88911668,88913883,2215
pre_xx_12555,chr15,89002180,89003107,927
pre_xx_12556,chr15,89003788,89004466,678
pre_xx_12557,chr15,89017293,89018665,1372
pre_xx_12558,chr15,89087637,89089297,1660
pre_xx_12559,chr15,89183673,89184824,1151
pre_xx_12560,chr15,89196736,89198088,1352
pre_xx_12561,chr15,89206634,89207402,768
pre_xx_12562,chr15,89243014,89244748,1734
pre_xx_12563,chr15,89334042,89335984,1942
pre_xx_12564,chr15,89358401,89359389,988
pre_xx_12565,chr15,89361482,89362673,1191
pre_xx_12566,chr15,89371072,89372040,968
pre_xx_12567,chr15,89377393,89379635,2242
pre_xx_12568,chr15,89383189,89384483,1294
pre_xx_12569,chr15,89399005,89400846,1841
pre_xx_12570,chr15,89416257,89417135,878
pre_xx_12571,chr15,89430306,89431166,860
pre_xx_12572,chr15,89496016,89496789,773
pre_xx_12573,chr15,89574587,89576619,2032
pre_xx_12574,chr15,89654333,89655879,1546
pre_xx_12575,chr15,89665088,89667285,2197
pre_xx_12576,chr15,89689989,89691202,1213
pre_xx_12577,chr15,89739755,89740557,802
pre_xx_12578,chr15,89749876,89751488,1612
pre_xx_12579,chr15,89760057,89761640,1583
pre_xx_12580,chr15,89775923,89777370,1447
pre_xx_12581,chr15,89806357,89807323,966
pre_xx_12582,chr15,89813783,89815346,1563
pre_xx_12583,chr15,89874315,89875446,1131
pre_xx_12584,chr15,89893125,89894695,1570
pre_xx_12585,chr15,89911997,89913365,1368
pre_xx_12586,chr15,89999450,90000904,1454
pre_xx_12587,chr15,90001101,90002715,1614
pre_xx_12588,chr15,90005760,90006447,687
pre_xx_12589,chr15,90016545,90017308,763
pre_xx_12590,chr15,90049622,90050415,793
pre_xx_12591,chr15,90061725,90062954,1229
pre_xx_12592,chr15,90101133,90102990,1857
pre_xx_12593,chr15,90142811,90143707,896
pre_xx_12594,chr15,90154641,90155403,762
pre_xx_12595,chr15,90157875,90158618,743
pre_xx_12596,chr15,90183798,90185552,1754
pre_xx_12597,chr15,90191391,90193313,1922
pre_xx_12598,chr15,90200567,90202515,1948
pre_xx_12599,chr15,90212797,90214071,1274
pre_xx_12600,chr15,90232987,90234689,1702
pre_xx_12601,chr15,90248712,90250133,1421
pre_xx_12602,chr15,90264673,90266785,2112
pre_xx_12603,chr15,90293142,90294016,874
pre_xx_12604,chr15,90319746,90320517,771
pre_xx_12605,chr15,90351546,90352992,1446
pre_xx_12606,chr15,90387589,90388946,1357
pre_xx_12607,chr15,90400505,90401242,737
pre_xx_12608,chr15,90528965,90531443,2478
pre_xx_12609,chr15,90557116,90558524,1408
pre_xx_12610,chr15,90664708,90666045,1337
pre_xx_12611,chr15,90716365,90718009,1644
pre_xx_12612,chr15,90813709,90814761,1052
pre_xx_12613,chr15,90870914,90872492,1578
pre_xx_12614,chr15,90873777,90874493,716
pre_xx_12615,chr15,90883192,90885103,1911
pre_xx_12616,chr15,90885445,90886304,859
pre_xx_12617,chr15,90901658,90904102,2444
pre_xx_12618,chr15,90929799,90930506,707
pre_xx_12619,chr15,90931148,90932769,1621
pre_xx_12620,chr15,90934251,90936028,1777
pre_xx_12621,chr15,90954474,90955491,1017
pre_xx_12622,chr15,90956047,90958057,2010
pre_xx_12623,chr15,90993746,90995131,1385
pre_xx_12624,chr15,91021449,91022906,1457
pre_xx_12625,chr15,91032341,91033491,1150
pre_xx_12626,chr15,91049455,91050605,1150
pre_xx_12627,chr15,91055686,91056411,725
pre_xx_12628,chr15,91099195,91101235,2040
pre_xx_12629,chr15,91407187,91408251,1064
pre_xx_12630,chr15,91529304,91530245,941
pre_xx_12631,chr15,91571615,91572621,1006
pre_xx_12632,chr15,91852473,91854884,2411
pre_xx_12633,chr15,91912205,91914061,1856
pre_xx_12634,chr15,92097313,92099212,1899
pre_xx_12635,chr15,92393008,92395307,2299
pre_xx_12636,chr15,92655057,92656008,951
pre_xx_12637,chr15,92713976,92715100,1124
pre_xx_12638,chr15,92733280,92734724,1444
pre_xx_12639,chr15,92808266,92811083,2817
pre_xx_12640,chr15,92818590,92821937,3347
pre_xx_12641,chr15,92831089,92833262,2173
pre_xx_12642,chr15,92878495,92879197,702
pre_xx_12643,chr15,92881724,92883883,2159
pre_xx_12644,chr15,92899894,92900637,743
pre_xx_12645,chr15,92903712,92904700,988
pre_xx_12646,chr15,92917343,92918222,879
pre_xx_12647,chr15,93029750,93031161,1411
pre_xx_12648,chr15,93071443,93074048,2605
pre_xx_12649,chr15,93087807,93090176,2369
pre_xx_12650,chr15,94119022,94120366,1344
pre_xx_12651,chr15,94230478,94232713,2235
pre_xx_12652,chr15,94238841,94239984,1143
pre_xx_12653,chr15,94337518,94339234,1716
pre_xx_12654,chr15,94366596,94368378,1782
pre_xx_12655,chr15,94584390,94585608,1218
pre_xx_12656,chr15,94602697,94604254,1557
pre_xx_12657,chr15,94671480,94672616,1136
pre_xx_12658,chr15,94843815,94845591,1776
pre_xx_12659,chr15,95258839,95260467,1628
pre_xx_12660,chr15,95284572,95288062,3490
pre_xx_12661,chr15,95325265,95327292,2027
pre_xx_12662,chr15,95453844,95455263,1419
pre_xx_12663,chr15,95470572,95472083,1511
pre_xx_12664,chr15,95667595,95669882,2287
pre_xx_12665,chr15,95929174,95931633,2459
pre_xx_12666,chr15,95943819,95945107,1288
pre_xx_12667,chr15,96036297,96037544,1247
pre_xx_12668,chr15,96052591,96054936,2345
pre_xx_12669,chr15,96068468,96069412,944
pre_xx_12670,chr15,96170883,96172881,1998
pre_xx_12671,chr15,96179870,96181328,1458
pre_xx_12672,chr15,96320665,96323406,2741
pre_xx_12673,chr15,96324538,96324848,310
pre_xx_12674,chr15,96325640,96326059,419
pre_xx_12675,chr15,96326578,96327627,1049
pre_xx_12676,chr15,96330033,96331671,1638
pre_xx_12677,chr15,96332964,96333972,1008
pre_xx_12678,chr15,96340455,96342183,1728
pre_xx_12679,chr15,96345437,96346233,796
pre_xx_12680,chr15,96347100,96347942,842
pre_xx_12681,chr15,96351748,96352608,860
pre_xx_12682,chr15,96353539,96355300,1761
pre_xx_12683,chr15,96356639,96357403,764
pre_xx_12684,chr15,96359715,96361576,1861
pre_xx_12685,chr15,96367464,96368713,1249
pre_xx_12686,chr15,96408745,96410616,1871
pre_xx_12687,chr15,96415993,96417775,1782
pre_xx_12688,chr15,96947376,96948312,936
pre_xx_12689,chr15,97176927,97177790,863
pre_xx_12690,chr15,97652159,97653232,1073
pre_xx_12691,chr15,97903759,97904523,764
pre_xx_12692,chr15,97959708,97961674,1966
pre_xx_12693,chr15,97977123,97979198,2075
pre_xx_12694,chr15,98177622,98179265,1643
pre_xx_12695,chr15,98292409,98293276,867
pre_xx_12696,chr15,98294217,98295424,1207
pre_xx_12697,chr15,98420320,98422355,2035
pre_xx_12698,chr15,98427117,98428995,1878
pre_xx_12699,chr15,98518769,98519464,695
pre_xx_12700,chr15,98527827,98528894,1067
pre_xx_12701,chr15,98547064,98549125,2061
pre_xx_12702,chr15,98585703,98586762,1059
pre_xx_12703,chr15,98590948,98592429,1481
pre_xx_12704,chr15,98599698,98600989,1291
pre_xx_12705,chr15,98609125,98610167,1042
pre_xx_12706,chr15,98646938,98649226,2288
pre_xx_12707,chr15,98649605,98651445,1840
pre_xx_12708,chr15,98651608,98652067,459
pre_xx_12709,chr15,98699070,98700954,1884
pre_xx_12710,chr15,98727249,98728410,1161
pre_xx_12711,chr15,98776241,98777678,1437
pre_xx_12712,chr15,98799252,98801603,2351
pre_xx_12713,chr15,98805171,98806227,1056
pre_xx_12714,chr15,98826175,98827353,1178
pre_xx_12715,chr15,98850889,98851279,390
pre_xx_12716,chr15,98851776,98853851,2075
pre_xx_12717,chr15,98865091,98867062,1971
pre_xx_12718,chr15,98896072,98897292,1220
pre_xx_12719,chr15,98899651,98900748,1097
pre_xx_12720,chr15,98951365,98952825,1460
pre_xx_12721,chr15,99014015,99016031,2016
pre_xx_12722,chr15,99028917,99030241,1324
pre_xx_12723,chr15,99058297,99059984,1687
pre_xx_12724,chr15,99100182,99100869,687
pre_xx_12725,chr15,99104578,99106863,2285
pre_xx_12726,chr15,99123234,99124412,1178
pre_xx_12727,chr15,99174472,99175618,1146
pre_xx_12728,chr15,99249152,99249833,681
pre_xx_12729,chr15,99250608,99252216,1608
pre_xx_12730,chr15,99305758,99307347,1589
pre_xx_12731,chr15,99401320,99402681,1361
pre_xx_12732,chr15,99407420,99409378,1958
pre_xx_12733,chr15,99434907,99435617,710
pre_xx_12734,chr15,99446675,99448440,1765
pre_xx_12735,chr15,99454513,99455904,1391
pre_xx_12736,chr15,99472060,99473163,1103
pre_xx_12737,chr15,99485354,99487404,2050
pre_xx_12738,chr15,99495130,99496896,1766
pre_xx_12739,chr15,99507120,99508514,1394
pre_xx_12740,chr15,99563867,99564647,780
pre_xx_12741,chr15,99564833,99567487,2654
pre_xx_12742,chr15,99703286,99704793,1507
pre_xx_12743,chr15,99731395,99733999,2604
pre_xx_12744,chr15,99925270,99926482,1212
pre_xx_12745,chr15,99928343,99929064,721
pre_xx_12746,chr15,100125049,100126339,1290
pre_xx_12747,chr15,100211915,100212907,992
pre_xx_12748,chr15,100241438,100242698,1260
pre_xx_12749,chr15,100338746,100339503,757
pre_xx_12750,chr15,100340644,100342372,1728
pre_xx_12751,chr15,100349268,100350885,1617
pre_xx_12752,chr15,100372554,100374291,1737
pre_xx_12753,chr15,100600811,100604023,3212
pre_xx_12754,chr15,100848820,100850097,1277
pre_xx_12755,chr15,100878733,100880852,2119
pre_xx_12756,chr15,100900396,100901274,878
pre_xx_12757,chr15,100901722,100903338,1616
pre_xx_12758,chr15,100917808,100920222,2414
pre_xx_12759,chr15,100972734,100974193,1459
pre_xx_12760,chr15,101006803,101007661,858
pre_xx_12761,chr15,101008030,101008972,942
pre_xx_12762,chr15,101013652,101015559,1907
pre_xx_12763,chr15,101120905,101122105,1200
pre_xx_12764,chr15,101154419,101155652,1233
pre_xx_12765,chr15,101187422,101189593,2171
pre_xx_12766,chr15,101201165,101202081,916
pre_xx_12767,chr15,101250259,101253099,2840
pre_xx_12768,chr15,101257851,101258834,983
pre_xx_12769,chr15,101276263,101277932,1669
pre_xx_12770,chr15,101293873,101296141,2268
pre_xx_12771,chr15,101450541,101452535,1994
pre_xx_12772,chr15,101453577,101454014,437
pre_xx_12773,chr15,101455155,101455898,743
pre_xx_12774,chr15,101470338,101471177,839
pre_xx_12775,chr15,101488040,101490218,2178
pre_xx_12776,chr15,101491461,101492190,729
pre_xx_12777,chr15,101496147,101497102,955
pre_xx_12778,chr15,101499732,101500566,834
pre_xx_12779,chr15,101500843,101502318,1475
pre_xx_12780,chr15,101527564,101529305,1741
pre_xx_12781,chr15,101615412,101616749,1337
pre_xx_12782,chr15,101651445,101653450,2005
pre_xx_12783,chr15,101723149,101724901,1752
pre_xx_12784,chr16,40827,42246,1419
pre_xx_12785,chr16,52833,54328,1495
pre_xx_12786,chr16,65503,66074,571
pre_xx_12787,chr16,67056,67734,678
pre_xx_12788,chr16,71219,72936,1717
pre_xx_12789,chr16,77270,78951,1681
pre_xx_12790,chr16,96596,97863,1267
pre_xx_12791,chr16,137855,139539,1684
pre_xx_12792,chr16,154022,155035,1013
pre_xx_12793,chr16,164669,166503,1834
pre_xx_12794,chr16,180053,181715,1662
pre_xx_12795,chr16,227986,229618,1632
pre_xx_12796,chr16,234211,235787,1576
pre_xx_12797,chr16,274950,276037,1087
pre_xx_12798,chr16,279980,281243,1263
pre_xx_12799,chr16,330687,332242,1555
pre_xx_12800,chr16,351768,353605,1837
pre_xx_12801,chr16,361938,362707,769
pre_xx_12802,chr16,369629,371569,1940
pre_xx_12803,chr16,378973,379528,555
pre_xx_12804,chr16,380727,382940,2213
pre_xx_12805,chr16,383280,384390,1110
pre_xx_12806,chr16,387733,388853,1120
pre_xx_12807,chr16,396329,398354,2025
pre_xx_12808,chr16,401204,402244,1040
pre_xx_12809,chr16,424765,427203,2438
pre_xx_12810,chr16,456570,457528,958
pre_xx_12811,chr16,466148,467575,1427
pre_xx_12812,chr16,482834,484336,1502
pre_xx_12813,chr16,526333,529086,2753
pre_xx_12814,chr16,533243,534419,1176
pre_xx_12815,chr16,540245,541542,1297
pre_xx_12816,chr16,559171,560713,1542
pre_xx_12817,chr16,565571,567339,1768
pre_xx_12818,chr16,569285,570353,1068
pre_xx_12819,chr16,578692,579411,719
pre_xx_12820,chr16,588474,590619,2145
pre_xx_12821,chr16,621447,622587,1140
pre_xx_12822,chr16,629342,631499,2157
pre_xx_12823,chr16,635615,637588,1973
pre_xx_12824,chr16,641442,642891,1449
pre_xx_12825,chr16,647998,650179,2181
pre_xx_12826,chr16,659679,661397,1718
pre_xx_12827,chr16,667362,669098,1736
pre_xx_12828,chr16,677419,678014,595
pre_xx_12829,chr16,679116,680841,1725
pre_xx_12830,chr16,683708,684874,1166
pre_xx_12831,chr16,689696,690656,960
pre_xx_12832,chr16,694832,696106,1274
pre_xx_12833,chr16,700245,701399,1154
pre_xx_12834,chr16,705389,706436,1047
pre_xx_12835,chr16,709277,710704,1427
pre_xx_12836,chr16,714509,715982,1473
pre_xx_12837,chr16,719799,721890,2091
pre_xx_12838,chr16,726791,728942,2151
pre_xx_12839,chr16,739866,741511,1645
pre_xx_12840,chr16,759482,761392,1910
pre_xx_12841,chr16,787618,789144,1526
pre_xx_12842,chr16,799972,801676,1704
pre_xx_12843,chr16,806939,808421,1482
pre_xx_12844,chr16,813122,814313,1191
pre_xx_12845,chr16,824697,826355,1658
pre_xx_12846,chr16,885919,887984,2065
pre_xx_12847,chr16,897767,899140,1373
pre_xx_12848,chr16,969627,971486,1859
pre_xx_12849,chr16,979966,982555,2589
pre_xx_12850,chr16,997085,998082,997
pre_xx_12851,chr16,1018971,1020282,1311
pre_xx_12852,chr16,1020917,1022471,1554
pre_xx_12853,chr16,1030071,1031294,1223
pre_xx_12854,chr16,1036038,1037900,1862
pre_xx_12855,chr16,1048121,1049040,919
pre_xx_12856,chr16,1054575,1055413,838
pre_xx_12857,chr16,1078320,1078934,614
pre_xx_12858,chr16,1089560,1091680,2120
pre_xx_12859,chr16,1102813,1103680,867
pre_xx_12860,chr16,1106077,1106641,564
pre_xx_12861,chr16,1108082,1109228,1146
pre_xx_12862,chr16,1119292,1120764,1472
pre_xx_12863,chr16,1125103,1125893,790
pre_xx_12864,chr16,1140409,1141505,1096
pre_xx_12865,chr16,1144926,1146014,1088
pre_xx_12866,chr16,1149739,1150679,940
pre_xx_12867,chr16,1152113,1153743,1630
pre_xx_12868,chr16,1153936,1154707,771
pre_xx_12869,chr16,1159348,1161162,1814
pre_xx_12870,chr16,1180667,1182736,2069
pre_xx_12871,chr16,1183060,1183792,732
pre_xx_12872,chr16,1188280,1189090,810
pre_xx_12873,chr16,1258757,1260369,1612
pre_xx_12874,chr16,1260898,1261715,817
pre_xx_12875,chr16,1263747,1264380,633
pre_xx_12876,chr16,1270909,1272810,1901
pre_xx_12877,chr16,1291000,1292107,1107
pre_xx_12878,chr16,1300588,1301419,831
pre_xx_12879,chr16,1308463,1310439,1976
pre_xx_12880,chr16,1310693,1312238,1545
pre_xx_12881,chr16,1331549,1332746,1197
pre_xx_12882,chr16,1342390,1343843,1453
pre_xx_12883,chr16,1351185,1352436,1251
pre_xx_12884,chr16,1378619,1380138,1519
pre_xx_12885,chr16,1407658,1408882,1224
pre_xx_12886,chr16,1413501,1415220,1719
pre_xx_12887,chr16,1420011,1421568,1557
pre_xx_12888,chr16,1426440,1427460,1020
pre_xx_12889,chr16,1437473,1439068,1595
pre_xx_12890,chr16,1474029,1475808,1779
pre_xx_12891,chr16,1492621,1494676,2055
pre_xx_12892,chr16,1527712,1529248,1536
pre_xx_12893,chr16,1609908,1611141,1233
pre_xx_12894,chr16,1611652,1613006,1354
pre_xx_12895,chr16,1613921,1615061,1140
pre_xx_12896,chr16,1650430,1653041,2611
pre_xx_12897,chr16,1677719,1679241,1522
pre_xx_12898,chr16,1704966,1707626,2660
pre_xx_12899,chr16,1762646,1764338,1692
pre_xx_12900,chr16,1770228,1771950,1722
pre_xx_12901,chr16,1772616,1774083,1467
pre_xx_12902,chr16,1781501,1783744,2243
pre_xx_12903,chr16,1793270,1795574,2304
pre_xx_12904,chr16,1812496,1813294,798
pre_xx_12905,chr16,1825848,1827780,1932
pre_xx_12906,chr16,1917054,1918754,1700
pre_xx_12907,chr16,1923423,1924155,732
pre_xx_12908,chr16,1929090,1930287,1197
pre_xx_12909,chr16,1942127,1943753,1626
pre_xx_12910,chr16,1958806,1960131,1325
pre_xx_12911,chr16,1960537,1961393,856
pre_xx_12912,chr16,1963847,1966000,2153
pre_xx_12913,chr16,1971368,1972942,1574
pre_xx_12914,chr16,1983378,1985013,1635
pre_xx_12915,chr16,1989774,1990812,1038
pre_xx_12916,chr16,1991805,1993004,1199
pre_xx_12917,chr16,2003664,2004302,638
pre_xx_12918,chr16,2008619,2010501,1882
pre_xx_12919,chr16,2019372,2020795,1423
pre_xx_12920,chr16,2022664,2023796,1132
pre_xx_12921,chr16,2026510,2027970,1460
pre_xx_12922,chr16,2032548,2034204,1656
pre_xx_12923,chr16,2035377,2036217,840
pre_xx_12924,chr16,2042017,2042493,476
pre_xx_12925,chr16,2046959,2048520,1561
pre_xx_12926,chr16,2081131,2083541,2410
pre_xx_12927,chr16,2090330,2092020,1690
pre_xx_12928,chr16,2124076,2125540,1464
pre_xx_12929,chr16,2128251,2128760,509
pre_xx_12930,chr16,2134986,2136447,1461
pre_xx_12931,chr16,2147704,2149111,1407
pre_xx_12932,chr16,2153092,2153989,897
pre_xx_12933,chr16,2154742,2156722,1980
pre_xx_12934,chr16,2159029,2160013,984
pre_xx_12935,chr16,2178220,2179347,1127
pre_xx_12936,chr16,2189322,2191570,2248
pre_xx_12937,chr16,2194057,2194784,727
pre_xx_12938,chr16,2194896,2197084,2188
pre_xx_12939,chr16,2204407,2206273,1866
pre_xx_12940,chr16,2210407,2211157,750
pre_xx_12941,chr16,2213753,2215492,1739
pre_xx_12942,chr16,2222997,2224352,1355
pre_xx_12943,chr16,2236075,2238148,2073
pre_xx_12944,chr16,2250132,2252509,2377
pre_xx_12945,chr16,2267431,2269158,1727
pre_xx_12946,chr16,2339517,2342164,2647
pre_xx_12947,chr16,2364300,2366556,2256
pre_xx_12948,chr16,2428290,2430663,2373
pre_xx_12949,chr16,2458887,2460615,1728
pre_xx_12950,chr16,2467339,2469027,1688
pre_xx_12951,chr16,2470643,2471762,1119
pre_xx_12952,chr16,2473507,2476162,2655
pre_xx_12953,chr16,2482420,2483768,1348
pre_xx_12954,chr16,2486976,2487559,583
pre_xx_12955,chr16,2500735,2502152,1417
pre_xx_12956,chr16,2502402,2503238,836
pre_xx_12957,chr16,2512814,2514982,2168
pre_xx_12958,chr16,2519487,2521498,2011
pre_xx_12959,chr16,2531155,2533137,1982
pre_xx_12960,chr16,2537343,2538323,980
pre_xx_12961,chr16,2592676,2594079,1403
pre_xx_12962,chr16,2602897,2604290,1393
pre_xx_12963,chr16,2663259,2665149,1890
pre_xx_12964,chr16,2669885,2670339,454
pre_xx_12965,chr16,2672982,2673979,997
pre_xx_12966,chr16,2681612,2683277,1665
pre_xx_12967,chr16,2715228,2715989,761
pre_xx_12968,chr16,2720567,2721708,1141
pre_xx_12969,chr16,2738623,2740383,1760
pre_xx_12970,chr16,2748662,2749506,844
pre_xx_12971,chr16,2751611,2753871,2260
pre_xx_12972,chr16,2769255,2770921,1666
pre_xx_12973,chr16,2776278,2778580,2302
pre_xx_12974,chr16,2782954,2783821,867
pre_xx_12975,chr16,2784771,2785955,1184
pre_xx_12976,chr16,2838660,2839331,671
pre_xx_12977,chr16,2857368,2859031,1663
pre_xx_12978,chr16,2867702,2868797,1095
pre_xx_12979,chr16,2874490,2875395,905
pre_xx_12980,chr16,2881974,2884003,2029
pre_xx_12981,chr16,2903957,2906168,2211
pre_xx_12982,chr16,2907002,2907684,682
pre_xx_12983,chr16,2911371,2913079,1708
pre_xx_12984,chr16,2925048,2925998,950
pre_xx_12985,chr16,2926667,2927392,725
pre_xx_12986,chr16,2953728,2956678,2950
pre_xx_12987,chr16,2962838,2965277,2439
pre_xx_12988,chr16,2968697,2970435,1738
pre_xx_12989,chr16,2979569,2982161,2592
pre_xx_12990,chr16,2983594,2983965,371
pre_xx_12991,chr16,2985460,2986244,784
pre_xx_12992,chr16,3003465,3005080,1615
pre_xx_12993,chr16,3009597,3010424,827
pre_xx_12994,chr16,3012119,3013414,1295
pre_xx_12995,chr16,3017129,3018404,1275
pre_xx_12996,chr16,3020111,3022631,2520
pre_xx_12997,chr16,3022932,3024479,1547
pre_xx_12998,chr16,3027945,3028718,773
pre_xx_12999,chr16,3031459,3031921,462
pre_xx_13000,chr16,3045291,3047721,2430
pre_xx_13001,chr16,3058002,3059799,1797
pre_xx_13002,chr16,3064698,3065790,1092
pre_xx_13003,chr16,3086430,3088976,2546
pre_xx_13004,chr16,3099598,3100491,893
pre_xx_13005,chr16,3105634,3107134,1500
pre_xx_13006,chr16,3112036,3113747,1711
pre_xx_13007,chr16,3123563,3124992,1429
pre_xx_13008,chr16,3129298,3130096,798
pre_xx_13009,chr16,3133974,3135705,1731
pre_xx_13010,chr16,3149467,3151039,1572
pre_xx_13011,chr16,3151998,3153103,1105
pre_xx_13012,chr16,3156645,3159276,2631
pre_xx_13013,chr16,3165604,3166245,641
pre_xx_13014,chr16,3170351,3172062,1711
pre_xx_13015,chr16,3182379,3183702,1323
pre_xx_13016,chr16,3187802,3189684,1882
pre_xx_13017,chr16,3234498,3235559,1061
pre_xx_13018,chr16,3263471,3265324,1853
pre_xx_13019,chr16,3282192,3284342,2150
pre_xx_13020,chr16,3304673,3306060,1387
pre_xx_13021,chr16,3348173,3349508,1335
pre_xx_13022,chr16,3364566,3365906,1340
pre_xx_13023,chr16,3400226,3402137,1911
pre_xx_13024,chr16,3442630,3444388,1758
pre_xx_13025,chr16,3457250,3460202,2952
pre_xx_13026,chr16,3480895,3482526,1631
pre_xx_13027,chr16,3499834,3501829,1995
pre_xx_13028,chr16,3520136,3521222,1086
pre_xx_13029,chr16,3527242,3528251,1009
pre_xx_13030,chr16,3579795,3581327,1532
pre_xx_13031,chr16,3610477,3612224,1747
pre_xx_13032,chr16,3654090,3655820,1730
pre_xx_13033,chr16,3689888,3691228,1340
pre_xx_13034,chr16,3716445,3718112,1667
pre_xx_13035,chr16,3819544,3820843,1299
pre_xx_13036,chr16,3837791,3839392,1601
pre_xx_13037,chr16,3879218,3881614,2396
pre_xx_13038,chr16,3938357,3939680,1323
pre_xx_13039,chr16,3945941,3946523,582
pre_xx_13040,chr16,3979713,3981015,1302
pre_xx_13041,chr16,3982759,3983517,758
pre_xx_13042,chr16,3998780,4000186,1406
pre_xx_13043,chr16,4080800,4082105,1305
pre_xx_13044,chr16,4114870,4117028,2158
pre_xx_13045,chr16,4182874,4184806,1932
pre_xx_13046,chr16,4199967,4201055,1088
pre_xx_13047,chr16,4216564,4218344,1780
pre_xx_13048,chr16,4238855,4241260,2405
pre_xx_13049,chr16,4244165,4245141,976
pre_xx_13050,chr16,4252901,4254338,1437
pre_xx_13051,chr16,4263215,4264835,1620
pre_xx_13052,chr16,4270997,4274410,3413
pre_xx_13053,chr16,4288203,4288918,715
pre_xx_13054,chr16,4293375,4294444,1069
pre_xx_13055,chr16,4298820,4299659,839
pre_xx_13056,chr16,4306376,4308450,2074
pre_xx_13057,chr16,4314658,4317781,3123
pre_xx_13058,chr16,4322926,4324553,1627
pre_xx_13059,chr16,4327411,4329368,1957
pre_xx_13060,chr16,4338116,4340475,2359
pre_xx_13061,chr16,4347667,4348461,794
pre_xx_13062,chr16,4350515,4351647,1132
pre_xx_13063,chr16,4358925,4359564,639
pre_xx_13064,chr16,4371276,4372600,1324
pre_xx_13065,chr16,4372854,4374621,1767
pre_xx_13066,chr16,4377627,4378034,407
pre_xx_13067,chr16,4383857,4385053,1196
pre_xx_13068,chr16,4391646,4393535,1889
pre_xx_13069,chr16,4402299,4403236,937
pre_xx_13070,chr16,4415307,4417150,1843
pre_xx_13071,chr16,4424965,4426542,1577
pre_xx_13072,chr16,4473946,4474829,883
pre_xx_13073,chr16,4475934,4477230,1296
pre_xx_13074,chr16,4537403,4539064,1661
pre_xx_13075,chr16,4600981,4602024,1043
pre_xx_13076,chr16,4602040,4603065,1025
pre_xx_13077,chr16,4613805,4615251,1446
pre_xx_13078,chr16,4615638,4616883,1245
pre_xx_13079,chr16,4624126,4625921,1795
pre_xx_13080,chr16,4653789,4654908,1119
pre_xx_13081,chr16,4659946,4661149,1203
pre_xx_13082,chr16,4675964,4677646,1682
pre_xx_13083,chr16,4679075,4680558,1483
pre_xx_13084,chr16,4692859,4694953,2094
pre_xx_13085,chr16,4713522,4714594,1072
pre_xx_13086,chr16,4733283,4735309,2026
pre_xx_13087,chr16,4746898,4747899,1001
pre_xx_13088,chr16,4766267,4767478,1211
pre_xx_13089,chr16,4768145,4769077,932
pre_xx_13090,chr16,4801299,4803216,1917
pre_xx_13091,chr16,4846257,4848579,2322
pre_xx_13092,chr16,4881763,4883747,1984
pre_xx_13093,chr16,4924326,4925457,1131
pre_xx_13094,chr16,4936045,4937614,1569
pre_xx_13095,chr16,4942929,4943766,837
pre_xx_13096,chr16,4944487,4945293,806
pre_xx_13097,chr16,4956003,4956509,506
pre_xx_13098,chr16,4957401,4958646,1245
pre_xx_13099,chr16,4987071,4988352,1281
pre_xx_13100,chr16,5002416,5004141,1725
pre_xx_13101,chr16,5024445,5025843,1398
pre_xx_13102,chr16,5033097,5034334,1237
pre_xx_13103,chr16,5035096,5036532,1436
pre_xx_13104,chr16,5071383,5072637,1254
pre_xx_13105,chr16,5096994,5098956,1962
pre_xx_13106,chr16,5116426,5117861,1435
pre_xx_13107,chr16,6018808,6020963,2155
pre_xx_13108,chr16,6374639,6376027,1388
pre_xx_13109,chr16,6428746,6429490,744
pre_xx_13110,chr16,6482585,6484145,1560
pre_xx_13111,chr16,7086560,7087810,1250
pre_xx_13112,chr16,7302421,7304808,2387
pre_xx_13113,chr16,7351426,7352335,909
pre_xx_13114,chr16,7360396,7361085,689
pre_xx_13115,chr16,7404350,7405765,1415
pre_xx_13116,chr16,8431770,8432868,1098
pre_xx_13117,chr16,8567268,8568140,872
pre_xx_13118,chr16,8588548,8590660,2112
pre_xx_13119,chr16,8621174,8622556,1382
pre_xx_13120,chr16,8660609,8661323,714
pre_xx_13121,chr16,8673895,8674922,1027
pre_xx_13122,chr16,8712463,8714064,1601
pre_xx_13123,chr16,8718513,8719353,840
pre_xx_13124,chr16,8720224,8721013,789
pre_xx_13125,chr16,8721213,8722245,1032
pre_xx_13126,chr16,8796871,8798564,1693
pre_xx_13127,chr16,8866233,8869400,3167
pre_xx_13128,chr16,8885482,8886623,1141
pre_xx_13129,chr16,8955765,8957152,1387
pre_xx_13130,chr16,8962410,8964439,2029
pre_xx_13131,chr16,9008250,9009249,999
pre_xx_13132,chr16,9052625,9053572,947
pre_xx_13133,chr16,9076047,9076857,810
pre_xx_13134,chr16,9089996,9093362,3366
pre_xx_13135,chr16,9138698,9139405,707
pre_xx_13136,chr16,9159862,9160623,761
pre_xx_13137,chr16,9235601,9237274,1673
pre_xx_13138,chr16,9259718,9261179,1461
pre_xx_13139,chr16,9489455,9491327,1872
pre_xx_13140,chr16,9521825,9523240,1415
pre_xx_13141,chr16,9527837,9528982,1145
pre_xx_13142,chr16,9913511,9914765,1254
pre_xx_13143,chr16,10038738,10040102,1364
pre_xx_13144,chr16,10121388,10122874,1486
pre_xx_13145,chr16,10180575,10183749,3174
pre_xx_13146,chr16,10251987,10252861,874
pre_xx_13147,chr16,10261097,10261961,864
pre_xx_13148,chr16,10321464,10322509,1045
pre_xx_13149,chr16,10331357,10332759,1402
pre_xx_13150,chr16,10385523,10387054,1531
pre_xx_13151,chr16,10577269,10579260,1991
pre_xx_13152,chr16,10579589,10581041,1452
pre_xx_13153,chr16,10616519,10617826,1307
pre_xx_13154,chr16,10618862,10619842,980
pre_xx_13155,chr16,10652675,10653413,738
pre_xx_13156,chr16,10743378,10744740,1362
pre_xx_13157,chr16,10745347,10746323,976
pre_xx_13158,chr16,10788314,10789344,1030
pre_xx_13159,chr16,10817874,10818997,1123
pre_xx_13160,chr16,10824040,10824922,882
pre_xx_13161,chr16,10827384,10830188,2804
pre_xx_13162,chr16,10871091,10872242,1151
pre_xx_13163,chr16,10878481,10879675,1194
pre_xx_13164,chr16,10894975,10895872,897
pre_xx_13165,chr16,10917572,10919108,1536
pre_xx_13166,chr16,10928587,10930126,1539
pre_xx_13167,chr16,10940681,10941101,420
pre_xx_13168,chr16,10941377,10941730,353
pre_xx_13169,chr16,10941923,10942731,808
pre_xx_13170,chr16,10944097,10944965,868
pre_xx_13171,chr16,10946083,10946683,600
pre_xx_13172,chr16,10963705,10964589,884
pre_xx_13173,chr16,10971198,10973040,1842
pre_xx_13174,chr16,11087745,11088623,878
pre_xx_13175,chr16,11094013,11095231,1218
pre_xx_13176,chr16,11254631,11257586,2955
pre_xx_13177,chr16,11296613,11298386,1773
pre_xx_13178,chr16,11312520,11313497,977
pre_xx_13179,chr16,11315319,11315982,663
pre_xx_13180,chr16,11344932,11346108,1176
pre_xx_13181,chr16,11354669,11355959,1290
pre_xx_13182,chr16,11364173,11365395,1222
pre_xx_13183,chr16,11390379,11391906,1527
pre_xx_13184,chr16,11585571,11587832,2261
pre_xx_13185,chr16,11632313,11633079,766
pre_xx_13186,chr16,11635971,11636694,723
pre_xx_13187,chr16,11667751,11669417,1666
pre_xx_13188,chr16,11741839,11743913,2074
pre_xx_13189,chr16,11757453,11758543,1090
pre_xx_13190,chr16,11792438,11792960,522
pre_xx_13191,chr16,11796247,11798559,2312
pre_xx_13192,chr16,11850592,11852401,1809
pre_xx_13193,chr16,11914281,11916523,2242
pre_xx_13194,chr16,11975900,11978230,2330
pre_xx_13195,chr16,12089333,12090506,1173
pre_xx_13196,chr16,12318700,12320488,1788
pre_xx_13197,chr16,12321104,12321769,665
pre_xx_13198,chr16,12803163,12804163,1000
pre_xx_13199,chr16,12900722,12903767,3045
pre_xx_13200,chr16,13351277,13352552,1275
pre_xx_13201,chr16,13919259,13920703,1444
pre_xx_13202,chr16,14002333,14003693,1360
pre_xx_13203,chr16,14050322,14051396,1074
pre_xx_13204,chr16,14070521,14072188,1667
pre_xx_13205,chr16,14185738,14187246,1508
pre_xx_13206,chr16,14284969,14287094,2125
pre_xx_13207,chr16,14300707,14304198,3491
pre_xx_13208,chr16,14321291,14322021,730
pre_xx_13209,chr16,14325628,14326723,1095
pre_xx_13210,chr16,14334260,14335107,847
pre_xx_13211,chr16,14486219,14487243,1024
pre_xx_13212,chr16,14629300,14630531,1231
pre_xx_13213,chr16,14632315,14634334,2019
pre_xx_13214,chr16,14974373,14976140,1767
pre_xx_13215,chr16,14989478,14990470,992
pre_xx_13216,chr16,15055120,15056793,1673
pre_xx_13217,chr16,15093763,15094872,1109
pre_xx_13218,chr16,15143240,15145266,2026
pre_xx_13219,chr16,15153853,15155269,1416
pre_xx_13220,chr16,15395513,15396470,957
pre_xx_13221,chr16,15427496,15428400,904
pre_xx_13222,chr16,15434028,15435793,1765
pre_xx_13223,chr16,15550465,15551355,890
pre_xx_13224,chr16,15642163,15643987,1824
pre_xx_13225,chr16,15649654,15651241,1587
pre_xx_13226,chr16,15856752,15858686,1934
pre_xx_13227,chr16,15887750,15889234,1484
pre_xx_13228,chr16,15925099,15926591,1492
pre_xx_13229,chr16,15948493,15951109,2616
pre_xx_13230,chr16,15988162,15989695,1533
pre_xx_13231,chr16,16021674,16022925,1251
pre_xx_13232,chr16,16041601,16042560,959
pre_xx_13233,chr16,16071420,16072331,911
pre_xx_13234,chr16,16074228,16074933,705
pre_xx_13235,chr16,16093081,16094257,1176
pre_xx_13236,chr16,16096033,16096982,949
pre_xx_13237,chr16,16119789,16121285,1496
pre_xx_13238,chr16,16126855,16128005,1150
pre_xx_13239,chr16,16148216,16149103,887
pre_xx_13240,chr16,16149771,16150844,1073
pre_xx_13241,chr16,16194682,16195284,602
pre_xx_13242,chr16,17070062,17071606,1544
pre_xx_13243,chr16,17266435,17267138,703
pre_xx_13244,chr16,17270148,17272095,1947
pre_xx_13245,chr16,17416013,17417352,1339
pre_xx_13246,chr16,17459097,17460817,1720
pre_xx_13247,chr16,17467744,17468238,494
pre_xx_13248,chr16,17468809,17471920,3111
pre_xx_13249,chr16,17476565,17477130,565
pre_xx_13250,chr16,18789610,18790846,1236
pre_xx_13251,chr16,18800269,18802163,1894
pre_xx_13252,chr16,18925273,18927206,1933
pre_xx_13253,chr16,18968859,18969617,758
pre_xx_13254,chr16,18983544,18984485,941
pre_xx_13255,chr16,19066916,19068656,1740
pre_xx_13256,chr16,19085638,19087000,1362
pre_xx_13257,chr16,19113307,19115304,1997
pre_xx_13258,chr16,19167546,19169222,1676
pre_xx_13259,chr16,19410025,19411175,1150
pre_xx_13260,chr16,19520823,19522326,1503
pre_xx_13261,chr16,19523633,19525338,1705
pre_xx_13262,chr16,19541631,19543045,1414
pre_xx_13263,chr16,19554796,19556482,1686
pre_xx_13264,chr16,19589200,19590322,1122
pre_xx_13265,chr16,19639570,19640636,1066
pre_xx_13266,chr16,19696018,19697110,1092
pre_xx_13267,chr16,19704271,19705121,850
pre_xx_13268,chr16,19717031,19719419,2388
pre_xx_13269,chr16,19878923,19879675,752
pre_xx_13270,chr16,19883213,19886569,3356
pre_xx_13271,chr16,20385604,20386814,1210
pre_xx_13272,chr16,20673857,20677117,3260
pre_xx_13273,chr16,20740046,20742171,2125
pre_xx_13274,chr16,20763122,20764242,1120
pre_xx_13275,chr16,20805643,20807377,1734
pre_xx_13276,chr16,20851062,20852022,960
pre_xx_13277,chr16,20899010,20901879,2869
pre_xx_13278,chr16,20904511,20905150,639
pre_xx_13279,chr16,21158083,21159925,1842
pre_xx_13280,chr16,21188322,21189192,870
pre_xx_13281,chr16,21216633,21218824,2191
pre_xx_13282,chr16,21244054,21245283,1229
pre_xx_13283,chr16,21277064,21278758,1694
pre_xx_13284,chr16,21283092,21284213,1121
pre_xx_13285,chr16,21300134,21303274,3140
pre_xx_13286,chr16,21501311,21502734,1423
pre_xx_13287,chr16,21519698,21520748,1050
pre_xx_13288,chr16,21526140,21527561,1421
pre_xx_13289,chr16,21554488,21555182,694
pre_xx_13290,chr16,21598619,21600762,2143
pre_xx_13291,chr16,21819913,21821170,1257
pre_xx_13292,chr16,21952155,21953901,1746
pre_xx_13293,chr16,22007080,22009612,2532
pre_xx_13294,chr16,22188562,22188871,309
pre_xx_13295,chr16,22189461,22191586,2125
pre_xx_13296,chr16,22191958,22192576,618
pre_xx_13297,chr16,22195578,22196311,733
pre_xx_13298,chr16,22205677,22207423,1746
pre_xx_13299,chr16,22296744,22298775,2031
pre_xx_13300,chr16,22373667,22375488,1821
pre_xx_13301,chr16,22424015,22426028,2013
pre_xx_13302,chr16,22436447,22437657,1210
pre_xx_13303,chr16,22812931,22814985,2054
pre_xx_13304,chr16,23139746,23141176,1430
pre_xx_13305,chr16,23148405,23149971,1566
pre_xx_13306,chr16,23182171,23183415,1244
pre_xx_13307,chr16,23452019,23453584,1565
pre_xx_13308,chr16,23508555,23510856,2301
pre_xx_13309,chr16,23556899,23558667,1768
pre_xx_13310,chr16,23595338,23596604,1266
pre_xx_13311,chr16,23640105,23642180,2075
pre_xx_13312,chr16,23677981,23679801,1820
pre_xx_13313,chr16,23694381,23695396,1015
pre_xx_13314,chr16,23754415,23755719,1304
pre_xx_13315,chr16,23780081,23780951,870
pre_xx_13316,chr16,23835266,23837369,2103
pre_xx_13317,chr16,23951846,23952953,1107
pre_xx_13318,chr16,23966529,23967667,1138
pre_xx_13319,chr16,24036123,24037028,905
pre_xx_13320,chr16,24255475,24256480,1005
pre_xx_13321,chr16,24516653,24517516,863
pre_xx_13322,chr16,24525896,24526629,733
pre_xx_13323,chr16,24538847,24541021,2174
pre_xx_13324,chr16,24609502,24610797,1295
pre_xx_13325,chr16,24635471,24636544,1073
pre_xx_13326,chr16,24670313,24671560,1247
pre_xx_13327,chr16,24728839,24731030,2191
pre_xx_13328,chr16,24746983,24748093,1110
pre_xx_13329,chr16,24853567,24854389,822
pre_xx_13330,chr16,24986621,24989868,3247
pre_xx_13331,chr16,24999193,25000741,1548
pre_xx_13332,chr16,25014094,25015836,1742
pre_xx_13333,chr16,25030962,25032349,1387
pre_xx_13334,chr16,25063663,25064245,582
pre_xx_13335,chr16,25066261,25067644,1383
pre_xx_13336,chr16,25106281,25107393,1112
pre_xx_13337,chr16,25111010,25112492,1482
pre_xx_13338,chr16,25256671,25258780,2109
pre_xx_13339,chr16,25691006,25693359,2353
pre_xx_13340,chr16,25987808,25988602,794
pre_xx_13341,chr16,26992505,26994301,1796
pre_xx_13342,chr16,27109497,27110783,1286
pre_xx_13343,chr16,27203069,27204626,1557
pre_xx_13344,chr16,27234791,27235769,978
pre_xx_13345,chr16,27267764,27269157,1393
pre_xx_13346,chr16,27313333,27314717,1384
pre_xx_13347,chr16,27546914,27547627,713
pre_xx_13348,chr16,27548953,27550558,1605
pre_xx_13349,chr16,27617365,27619296,1931
pre_xx_13350,chr16,27625177,27625806,629
pre_xx_13351,chr16,27627718,27628880,1162
pre_xx_13352,chr16,27638722,27640573,1851
pre_xx_13353,chr16,27879784,27880802,1018
pre_xx_13354,chr16,28011420,28012417,997
pre_xx_13355,chr16,28062425,28063947,1522
pre_xx_13356,chr16,28210130,28212664,2534
pre_xx_13357,chr16,28258194,28259532,1338
pre_xx_13358,chr16,28277393,28278441,1048
pre_xx_13359,chr16,28291640,28293908,2268
pre_xx_13360,chr16,28491179,28492464,1285
pre_xx_13361,chr16,28553330,28554875,1545
pre_xx_13362,chr16,28572267,28573969,1702
pre_xx_13363,chr16,28584923,28586265,1342
pre_xx_13364,chr16,28596118,28598286,2168
pre_xx_13365,chr16,28609069,28611376,2307
pre_xx_13366,chr16,28622621,28623763,1142
pre_xx_13367,chr16,28822114,28824761,2647
pre_xx_13368,chr16,28845283,28847347,2064
pre_xx_13369,chr16,28862636,28864825,2189
pre_xx_13370,chr16,28879279,28880642,1363
pre_xx_13371,chr16,28910543,28911333,790
pre_xx_13372,chr16,28923809,28926131,2322
pre_xx_13373,chr16,28945165,28946073,908
pre_xx_13374,chr16,28950121,28952306,2185
pre_xx_13375,chr16,28973726,28975462,1736
pre_xx_13376,chr16,29081722,29082818,1096
pre_xx_13377,chr16,29114521,29115768,1247
pre_xx_13378,chr16,29143849,29144992,1143
pre_xx_13379,chr16,29156663,29158563,1900
pre_xx_13380,chr16,29177274,29178751,1477
pre_xx_13381,chr16,29201181,29202862,1681
pre_xx_13382,chr16,29259572,29260348,776
pre_xx_13383,chr16,29290444,29291296,852
pre_xx_13384,chr16,29312852,29313688,836
pre_xx_13385,chr16,29594219,29595813,1594
pre_xx_13386,chr16,29612700,29614049,1349
pre_xx_13387,chr16,29662898,29663841,943
pre_xx_13388,chr16,29666138,29667172,1034
pre_xx_13389,chr16,29673785,29674649,864
pre_xx_13390,chr16,29678782,29680507,1725
pre_xx_13391,chr16,29721266,29721908,642
pre_xx_13392,chr16,29754610,29755501,891
pre_xx_13393,chr16,29784752,29785498,746
pre_xx_13394,chr16,29789869,29791621,1752
pre_xx_13395,chr16,29804680,29807018,2338
pre_xx_13396,chr16,29807437,29808142,705
pre_xx_13397,chr16,29811135,29812585,1450
pre_xx_13398,chr16,29815537,29817300,1763
pre_xx_13399,chr16,29820200,29821651,1451
pre_xx_13400,chr16,29826743,29827597,854
pre_xx_13401,chr16,29839519,29840638,1119
pre_xx_13402,chr16,29849118,29849965,847
pre_xx_13403,chr16,29862112,29864035,1923
pre_xx_13404,chr16,29898874,29901351,2477
pre_xx_13405,chr16,29925057,29927737,2680
pre_xx_13406,chr16,29943291,29944631,1340
pre_xx_13407,chr16,29961291,29962944,1653
pre_xx_13408,chr16,29973178,29975045,1867
pre_xx_13409,chr16,29994785,29996851,2066
pre_xx_13410,chr16,30009931,30011966,2035
pre_xx_13411,chr16,30020866,30022005,1139
pre_xx_13412,chr16,30028362,30029071,709
pre_xx_13413,chr16,30052393,30054005,1612
pre_xx_13414,chr16,30063707,30066605,2898
pre_xx_13415,chr16,30069997,30070541,544
pre_xx_13416,chr16,30074635,30076591,1956
pre_xx_13417,chr16,30091204,30092941,1737
pre_xx_13418,chr16,30095245,30096847,1602
pre_xx_13419,chr16,30121438,30123670,2232
pre_xx_13420,chr16,30182691,30184915,2224
pre_xx_13421,chr16,30334299,30336023,1724
pre_xx_13422,chr16,30354418,30356063,1645
pre_xx_13423,chr16,30369082,30371434,2352
pre_xx_13424,chr16,30377190,30379467,2277
pre_xx_13425,chr16,30393981,30396187,2206
pre_xx_13426,chr16,30399733,30400967,1234
pre_xx_13427,chr16,30406857,30408125,1268
pre_xx_13428,chr16,30409231,30409808,577
pre_xx_13429,chr16,30417279,30418527,1248
pre_xx_13430,chr16,30428794,30430677,1883
pre_xx_13431,chr16,30444892,30446182,1290
pre_xx_13432,chr16,30525962,30527902,1940
pre_xx_13433,chr16,30533811,30536028,2217
pre_xx_13434,chr16,30541078,30542470,1392
pre_xx_13435,chr16,30542769,30543705,936
pre_xx_13436,chr16,30557191,30558909,1718
pre_xx_13437,chr16,30570698,30572529,1831
pre_xx_13438,chr16,30584891,30586415,1524
pre_xx_13439,chr16,30609259,30610742,1483
pre_xx_13440,chr16,30633703,30635479,1776
pre_xx_13441,chr16,30649772,30652031,2259
pre_xx_13442,chr16,30657435,30660132,2697
pre_xx_13443,chr16,30693696,30694186,490
pre_xx_13444,chr16,30697436,30699666,2230
pre_xx_13445,chr16,30747695,30749199,1504
pre_xx_13446,chr16,30761122,30763103,1981
pre_xx_13447,chr16,30774852,30776444,1592
pre_xx_13448,chr16,30785940,30787740,1800
pre_xx_13449,chr16,30805104,30807239,2135
pre_xx_13450,chr16,30813843,30814949,1106
pre_xx_13451,chr16,30874399,30876449,2050
pre_xx_13452,chr16,30893257,30894532,1275
pre_xx_13453,chr16,30895773,30897300,1527
pre_xx_13454,chr16,30901633,30902875,1242
pre_xx_13455,chr16,30921463,30924671,3208
pre_xx_13456,chr16,30927711,30928484,773
pre_xx_13457,chr16,30932079,30932517,438
pre_xx_13458,chr16,30941621,30942322,701
pre_xx_13459,chr16,30946999,30950421,3422
pre_xx_13460,chr16,30953699,30954037,338
pre_xx_13461,chr16,30956820,30958964,2144
pre_xx_13462,chr16,30979418,30980758,1340
pre_xx_13463,chr16,30984452,30985820,1368
pre_xx_13464,chr16,30996265,30998533,2268
pre_xx_13465,chr16,31001734,31003247,1513
pre_xx_13466,chr16,31009646,31011184,1538
pre_xx_13467,chr16,31032511,31034503,1992
pre_xx_13468,chr16,31041864,31042989,1125
pre_xx_13469,chr16,31072412,31074999,2587
pre_xx_13470,chr16,31082344,31083706,1362
pre_xx_13471,chr16,31092983,31095167,2184
pre_xx_13472,chr16,31108032,31109379,1347
pre_xx_13473,chr16,31116866,31118768,1902
pre_xx_13474,chr16,31134613,31135950,1337
pre_xx_13475,chr16,31141498,31143228,1730
pre_xx_13476,chr16,31179339,31181784,2445
pre_xx_13477,chr16,31201364,31203056,1692
pre_xx_13478,chr16,31214281,31216207,1926
pre_xx_13479,chr16,31228867,31230501,1634
pre_xx_13480,chr16,31427226,31429369,2143
pre_xx_13481,chr16,31441901,31443658,1757
pre_xx_13482,chr16,31451388,31452112,724
pre_xx_13483,chr16,31457900,31460275,2375
pre_xx_13484,chr16,31471488,31473295,1807
pre_xx_13485,chr16,31475856,31478153,2297
pre_xx_13486,chr16,31487162,31488906,1744
pre_xx_13487,chr16,31507452,31509182,1730
pre_xx_13488,chr16,31528627,31530275,1648
pre_xx_13489,chr16,31536921,31538169,1248
pre_xx_13490,chr16,31568288,31569977,1689
pre_xx_13491,chr16,31700258,31701369,1111
pre_xx_13492,chr16,31712799,31714780,1981
pre_xx_13493,chr16,31873164,31875433,2269
pre_xx_13494,chr16,46389590,46390808,1218
pre_xx_13495,chr16,46620541,46621792,1251
pre_xx_13496,chr16,46688246,46690424,2178
pre_xx_13497,chr16,46756966,46758565,1599
pre_xx_13498,chr16,46789552,46790655,1103
pre_xx_13499,chr16,46829649,46831824,2175
pre_xx_13500,chr16,46853801,46854480,679
pre_xx_13501,chr16,46883409,46885670,2261
pre_xx_13502,chr16,46885860,46886727,867
pre_xx_13503,chr16,46895627,46897249,1622
pre_xx_13504,chr16,46972281,46974157,1876
pre_xx_13505,chr16,47033157,47034062,905
pre_xx_13506,chr16,47037256,47038363,1107
pre_xx_13507,chr16,47141692,47142156,464
pre_xx_13508,chr16,47142458,47144677,2219
pre_xx_13509,chr16,47460141,47462196,2055
pre_xx_13510,chr16,48052947,48053966,1019
pre_xx_13511,chr16,48054637,48055494,857
pre_xx_13512,chr16,48156224,48157445,1221
pre_xx_13513,chr16,48243708,48245561,1853
pre_xx_13514,chr16,48365036,48366833,1797
pre_xx_13515,chr16,48383845,48386146,2301
pre_xx_13516,chr16,48609266,48610630,1364
pre_xx_13517,chr16,48617090,48618162,1072
pre_xx_13518,chr16,48622709,48624006,1297
pre_xx_13519,chr16,48687208,48687796,588
pre_xx_13520,chr16,49280131,49280665,534
pre_xx_13521,chr16,49281261,49282634,1373
pre_xx_13522,chr16,49282944,49283426,482
pre_xx_13523,chr16,49286528,49286989,461
pre_xx_13524,chr16,49407748,49408537,789
pre_xx_13525,chr16,49418798,49420187,1389
pre_xx_13526,chr16,49464679,49465582,903
pre_xx_13527,chr16,49483664,49484910,1246
pre_xx_13528,chr16,49491619,49492818,1199
pre_xx_13529,chr16,49524265,49525316,1051
pre_xx_13530,chr16,49527580,49528885,1305
pre_xx_13531,chr16,49556190,49557739,1549
pre_xx_13532,chr16,49595781,49597079,1298
pre_xx_13533,chr16,49607865,49609157,1292
pre_xx_13534,chr16,49620082,49621795,1713
pre_xx_13535,chr16,49638591,49641077,2486
pre_xx_13536,chr16,49651799,49653470,1671
pre_xx_13537,chr16,49697884,49698842,958
pre_xx_13538,chr16,49699953,49701337,1384
pre_xx_13539,chr16,49701805,49703345,1540
pre_xx_13540,chr16,49754499,49755675,1176
pre_xx_13541,chr16,49765907,49766757,850
pre_xx_13542,chr16,49808550,49809838,1288
pre_xx_13543,chr16,49816674,49817341,667
pre_xx_13544,chr16,49834337,49836030,1693
pre_xx_13545,chr16,49838406,49839777,1371
pre_xx_13546,chr16,49854843,49856341,1498
pre_xx_13547,chr16,49856558,49857430,872
pre_xx_13548,chr16,49857653,49859655,2002
pre_xx_13549,chr16,49875616,49877059,1443
pre_xx_13550,chr16,49921529,49922208,679
pre_xx_13551,chr16,49931994,49933431,1437
pre_xx_13552,chr16,50024620,50026220,1600
pre_xx_13553,chr16,50065543,50066825,1282
pre_xx_13554,chr16,50152206,50155060,2854
pre_xx_13555,chr16,50209635,50211040,1405
pre_xx_13556,chr16,50244103,50246911,2808
pre_xx_13557,chr16,50259152,50260230,1078
pre_xx_13558,chr16,50266111,50266981,870
pre_xx_13559,chr16,50297030,50298373,1343
pre_xx_13560,chr16,50309165,50311082,1917
pre_xx_13561,chr16,50367782,50369904,2122
pre_xx_13562,chr16,50372003,50372499,496
pre_xx_13563,chr16,50389922,50391746,1824
pre_xx_13564,chr16,50458246,50459830,1584
pre_xx_13565,chr16,50467597,50468836,1239
pre_xx_13566,chr16,50547345,50549537,2192
pre_xx_13567,chr16,50591389,50592859,1470
pre_xx_13568,chr16,50603033,50604101,1068
pre_xx_13569,chr16,50607056,50608071,1015
pre_xx_13570,chr16,50615762,50617808,2046
pre_xx_13571,chr16,50626863,50627947,1084
pre_xx_13572,chr16,50645308,50646654,1346
pre_xx_13573,chr16,50664940,50665728,788
pre_xx_13574,chr16,50692901,50693770,869
pre_xx_13575,chr16,50740987,50743253,2266
pre_xx_13576,chr16,50747161,50747973,812
pre_xx_13577,chr16,50805919,50807063,1144
pre_xx_13578,chr16,50879635,50880455,820
pre_xx_13579,chr16,51133418,51134843,1425
pre_xx_13580,chr16,51150510,51153036,2526
pre_xx_13581,chr16,51155855,51156340,485
pre_xx_13582,chr16,51187194,51188606,1412
pre_xx_13583,chr16,51243794,51246609,2815
pre_xx_13584,chr16,51733466,51734878,1412
pre_xx_13585,chr16,51761685,51762955,1270
pre_xx_13586,chr16,52068253,52069078,825
pre_xx_13587,chr16,52176822,52178719,1897
pre_xx_13588,chr16,52234652,52236766,2114
pre_xx_13589,chr16,52331682,52332947,1265
pre_xx_13590,chr16,52467997,52468978,981
pre_xx_13591,chr16,52545154,52545911,757
pre_xx_13592,chr16,52546109,52547906,1797
pre_xx_13593,chr16,52552313,52553400,1087
pre_xx_13594,chr16,53054342,53056272,1930
pre_xx_13595,chr16,53084991,53086409,1418
pre_xx_13596,chr16,53098480,53100301,1821
pre_xx_13597,chr16,53129050,53132058,3008
pre_xx_13598,chr16,53207741,53208736,995
pre_xx_13599,chr16,53372708,53373819,1111
pre_xx_13600,chr16,53433466,53435703,2237
pre_xx_13601,chr16,53502055,53504905,2850
pre_xx_13602,chr16,53549592,53550769,1177
pre_xx_13603,chr16,53692039,53693585,1546
pre_xx_13604,chr16,53703352,53704752,1400
pre_xx_13605,chr16,53773021,53773756,735
pre_xx_13606,chr16,53990875,53992493,1618
pre_xx_13607,chr16,54176169,54177065,896
pre_xx_13608,chr16,54177992,54179002,1010
pre_xx_13609,chr16,54193435,54195093,1658
pre_xx_13610,chr16,54198865,54200241,1376
pre_xx_13611,chr16,54281749,54282787,1038
pre_xx_13612,chr16,54284233,54284690,457
pre_xx_13613,chr16,54285424,54287495,2071
pre_xx_13614,chr16,54290029,54290667,638
pre_xx_13615,chr16,54506131,54507332,1201
pre_xx_13616,chr16,54628487,54629590,1103
pre_xx_13617,chr16,54654237,54655900,1663
pre_xx_13618,chr16,54686790,54687900,1110
pre_xx_13619,chr16,54928335,54929934,1599
pre_xx_13620,chr16,54930101,54931444,1343
pre_xx_13621,chr16,54934954,54935275,321
pre_xx_13622,chr16,54936247,54937969,1722
pre_xx_13623,chr16,55056377,55057526,1149
pre_xx_13624,chr16,55323343,55325420,2077
pre_xx_13625,chr16,55363890,55364506,616
pre_xx_13626,chr16,55370820,55371425,605
pre_xx_13627,chr16,55372136,55373563,1427
pre_xx_13628,chr16,55464721,55465616,895
pre_xx_13629,chr16,55470238,55470978,740
pre_xx_13630,chr16,55478564,55480912,2348
pre_xx_13631,chr16,55494646,55495517,871
pre_xx_13632,chr16,55502429,55503473,1044
pre_xx_13633,chr16,55508583,55509995,1412
pre_xx_13634,chr16,55640784,55642074,1290
pre_xx_13635,chr16,55655473,55656963,1490
pre_xx_13636,chr16,56101844,56103380,1536
pre_xx_13637,chr16,56190536,56192075,1539
pre_xx_13638,chr16,56194124,56194981,857
pre_xx_13639,chr16,56317726,56318727,1001
pre_xx_13640,chr16,56344054,56345485,1431
pre_xx_13641,chr16,56355996,56358012,2016
pre_xx_13642,chr16,56423757,56425902,2145
pre_xx_13643,chr16,56450209,56452502,2293
pre_xx_13644,chr16,56519217,56520459,1242
pre_xx_13645,chr16,56539499,56540571,1072
pre_xx_13646,chr16,56588926,56591101,2175
pre_xx_13647,chr16,56607937,56610539,2602
pre_xx_13648,chr16,56616837,56617862,1025
pre_xx_13649,chr16,56624978,56626234,1256
pre_xx_13650,chr16,56631878,56632768,890
pre_xx_13651,chr16,56637931,56638736,805
pre_xx_13652,chr16,56642951,56643809,858
pre_xx_13653,chr16,56657147,56658612,1465
pre_xx_13654,chr16,56662406,56663404,998
pre_xx_13655,chr16,56667597,56668494,897
pre_xx_13656,chr16,56675416,56676918,1502
pre_xx_13657,chr16,56681753,56683278,1525
pre_xx_13658,chr16,56701161,56703096,1935
pre_xx_13659,chr16,56728874,56730750,1876
pre_xx_13660,chr16,56744916,56745567,651
pre_xx_13661,chr16,56823838,56824756,918
pre_xx_13662,chr16,56848601,56850222,1621
pre_xx_13663,chr16,56860193,56861976,1783
pre_xx_13664,chr16,56911649,56912932,1283
pre_xx_13665,chr16,56931189,56933595,2406
pre_xx_13666,chr16,56944852,56945665,813
pre_xx_13667,chr16,56988586,56990359,1773
pre_xx_13668,chr16,57045261,57046224,963
pre_xx_13669,chr16,57083928,57085246,1318
pre_xx_13670,chr16,57091284,57093599,2315
pre_xx_13671,chr16,57115122,57116305,1183
pre_xx_13672,chr16,57165509,57166567,1058
pre_xx_13673,chr16,57184990,57188063,3073
pre_xx_13674,chr16,57244340,57246052,1712
pre_xx_13675,chr16,57265809,57267235,1426
pre_xx_13676,chr16,57268642,57269231,589
pre_xx_13677,chr16,57282940,57285108,2168
pre_xx_13678,chr16,57299228,57301329,2101
pre_xx_13679,chr16,57371970,57373260,1290
pre_xx_13680,chr16,57373483,57374775,1292
pre_xx_13681,chr16,57416330,57417518,1188
pre_xx_13682,chr16,57446466,57448041,1575
pre_xx_13683,chr16,57462162,57463347,1185
pre_xx_13684,chr16,57470371,57472935,2564
pre_xx_13685,chr16,57478976,57480605,1629
pre_xx_13686,chr16,57485378,57486884,1506
pre_xx_13687,chr16,57503128,57504367,1239
pre_xx_13688,chr16,57509311,57510703,1392
pre_xx_13689,chr16,57525474,57526157,683
pre_xx_13690,chr16,57527993,57529541,1548
pre_xx_13691,chr16,57532457,57533402,945
pre_xx_13692,chr16,57534962,57537264,2302
pre_xx_13693,chr16,57576046,57576805,759
pre_xx_13694,chr16,57590326,57591748,1422
pre_xx_13695,chr16,57600045,57600847,802
pre_xx_13696,chr16,57622459,57623817,1358
pre_xx_13697,chr16,57627307,57628837,1530
pre_xx_13698,chr16,57638957,57639839,882
pre_xx_13699,chr16,57653127,57654470,1343
pre_xx_13700,chr16,57688428,57690245,1817
pre_xx_13701,chr16,57694256,57695278,1022
pre_xx_13702,chr16,57700686,57702408,1722
pre_xx_13703,chr16,57734712,57737101,2389
pre_xx_13704,chr16,57756800,57757694,894
pre_xx_13705,chr16,57775303,57776224,921
pre_xx_13706,chr16,57786616,57789121,2505
pre_xx_13707,chr16,57797275,57798390,1115
pre_xx_13708,chr16,57801181,57803852,2671
pre_xx_13709,chr16,57807820,57808679,859
pre_xx_13710,chr16,57845915,57847186,1271
pre_xx_13711,chr16,57863231,57863990,759
pre_xx_13712,chr16,57883591,57885074,1483
pre_xx_13713,chr16,57906242,57907233,991
pre_xx_13714,chr16,57935798,57936488,690
pre_xx_13715,chr16,57941110,57941700,590
pre_xx_13716,chr16,57984421,57986275,1854
pre_xx_13717,chr16,57999376,58001731,2355
pre_xx_13718,chr16,58022646,58023481,835
pre_xx_13719,chr16,58025328,58027908,2580
pre_xx_13720,chr16,58032138,58033310,1172
pre_xx_13721,chr16,58034229,58035254,1025
pre_xx_13722,chr16,58047062,58048707,1645
pre_xx_13723,chr16,58110254,58111400,1146
pre_xx_13724,chr16,58115139,58115784,645
pre_xx_13725,chr16,58121221,58122239,1018
pre_xx_13726,chr16,58126681,58127608,927
pre_xx_13727,chr16,58128195,58129998,1803
pre_xx_13728,chr16,58196795,58198586,1791
pre_xx_13729,chr16,58235828,58237247,1419
pre_xx_13730,chr16,58249347,58250496,1149
pre_xx_13731,chr16,58336520,58337415,895
pre_xx_13732,chr16,58391880,58393346,1466
pre_xx_13733,chr16,58462945,58465425,2480
pre_xx_13734,chr16,58487344,58488140,796
pre_xx_13735,chr16,58494854,58495913,1059
pre_xx_13736,chr16,58499657,58502039,2382
pre_xx_13737,chr16,58514722,58516516,1794
pre_xx_13738,chr16,58628577,58630702,2125
pre_xx_13739,chr16,58683441,58685138,1697
pre_xx_13740,chr16,58732789,58734583,1794
pre_xx_13741,chr16,58814271,58814964,693
pre_xx_13742,chr16,58999277,59000654,1377
pre_xx_13743,chr16,59210595,59211552,957
pre_xx_13744,chr16,62034108,62036915,2807
pre_xx_13745,chr16,63616850,63618434,1584
pre_xx_13746,chr16,64132338,64133777,1439
pre_xx_13747,chr16,64464398,64465219,821
pre_xx_13748,chr16,64932565,64934192,1627
pre_xx_13749,chr16,65117783,65118309,526
pre_xx_13750,chr16,65120728,65124107,3379
pre_xx_13751,chr16,65309187,65310377,1190
pre_xx_13752,chr16,66097448,66098551,1103
pre_xx_13753,chr16,66102823,66103782,959
pre_xx_13754,chr16,66127206,66128737,1531
pre_xx_13755,chr16,66134866,66135881,1015
pre_xx_13756,chr16,66136816,66138566,1750
pre_xx_13757,chr16,66228388,66229381,993
pre_xx_13758,chr16,66247531,66248555,1024
pre_xx_13759,chr16,66266058,66267413,1355
pre_xx_13760,chr16,66269810,66270817,1007
pre_xx_13761,chr16,66335222,66336238,1016
pre_xx_13762,chr16,66381886,66383585,1699
pre_xx_13763,chr16,66406099,66407380,1281
pre_xx_13764,chr16,66426330,66428361,2031
pre_xx_13765,chr16,66482152,66483030,878
pre_xx_13766,chr16,66483533,66484301,768
pre_xx_13767,chr16,66549073,66550322,1249
pre_xx_13768,chr16,66551988,66553029,1041
pre_xx_13769,chr16,66578284,66579612,1328
pre_xx_13770,chr16,66603668,66605761,2093
pre_xx_13771,chr16,66608322,66608858,536
pre_xx_13772,chr16,66616460,66618164,1704
pre_xx_13773,chr16,66627389,66628510,1121
pre_xx_13774,chr16,66650430,66651484,1054
pre_xx_13775,chr16,66660488,66661413,925
pre_xx_13776,chr16,66695214,66697444,2230
pre_xx_13777,chr16,66727501,66729281,1780
pre_xx_13778,chr16,66750512,66752130,1618
pre_xx_13779,chr16,66830337,66831219,882
pre_xx_13780,chr16,66843854,66845159,1305
pre_xx_13781,chr16,66872634,66874150,1516
pre_xx_13782,chr16,66879838,66881308,1470
pre_xx_13783,chr16,66895008,66895698,690
pre_xx_13784,chr16,66899510,66901416,1906
pre_xx_13785,chr16,66904771,66906196,1425
pre_xx_13786,chr16,66918621,66920375,1754
pre_xx_13787,chr16,66924682,66926051,1369
pre_xx_13788,chr16,66933553,66935797,2244
pre_xx_13789,chr16,66947013,66949244,2231
pre_xx_13790,chr16,66976648,66978176,1528
pre_xx_13791,chr16,66996946,66997795,849
pre_xx_13792,chr16,67000086,67001415,1329
pre_xx_13793,chr16,67012999,67015102,2103
pre_xx_13794,chr16,67017884,67018278,394
pre_xx_13795,chr16,67028479,67030300,1821
pre_xx_13796,chr16,67109061,67110879,1818
pre_xx_13797,chr16,67149059,67151407,2348
pre_xx_13798,chr16,67154731,67155721,990
pre_xx_13799,chr16,67159034,67160243,1209
pre_xx_13800,chr16,67160598,67161203,605
pre_xx_13801,chr16,67162964,67163873,909
pre_xx_13802,chr16,67169436,67171263,1827
pre_xx_13803,chr16,67173761,67174581,820
pre_xx_13804,chr16,67177829,67178670,841
pre_xx_13805,chr16,67183312,67184818,1506
pre_xx_13806,chr16,67185198,67185761,563
pre_xx_13807,chr16,67189642,67190451,809
pre_xx_13808,chr16,67191336,67192739,1403
pre_xx_13809,chr16,67198073,67200254,2181
pre_xx_13810,chr16,67226203,67227493,1290
pre_xx_13811,chr16,67245683,67247799,2116
pre_xx_13812,chr16,67248287,67249341,1054
pre_xx_13813,chr16,67257594,67258868,1274
pre_xx_13814,chr16,67278589,67279993,1404
pre_xx_13815,chr16,67284126,67285270,1144
pre_xx_13816,chr16,67326115,67327290,1175
pre_xx_13817,chr16,67392925,67395104,2179
pre_xx_13818,chr16,67396091,67397053,962
pre_xx_13819,chr16,67399224,67400076,852
pre_xx_13820,chr16,67415626,67416855,1229
pre_xx_13821,chr16,67430322,67431946,1624
pre_xx_13822,chr16,67445355,67447854,2499
pre_xx_13823,chr16,67458841,67460585,1744
pre_xx_13824,chr16,67465521,67466181,660
pre_xx_13825,chr16,67480156,67482547,2391
pre_xx_13826,chr16,67488665,67490120,1455
pre_xx_13827,chr16,67520870,67521826,956
pre_xx_13828,chr16,67528096,67530696,2600
pre_xx_13829,chr16,67536832,67538590,1758
pre_xx_13830,chr16,67546769,67548094,1325
pre_xx_13831,chr16,67551924,67552927,1003
pre_xx_13832,chr16,67561490,67564125,2635
pre_xx_13833,chr16,67590924,67591934,1010
pre_xx_13834,chr16,67644342,67645270,928
pre_xx_13835,chr16,67648111,67648985,874
pre_xx_13836,chr16,67652531,67654054,1523
pre_xx_13837,chr16,67659431,67661609,2178
pre_xx_13838,chr16,67665994,67668261,2267
pre_xx_13839,chr16,67672731,67675141,2410
pre_xx_13840,chr16,67718376,67720220,1844
pre_xx_13841,chr16,67773115,67774545,1430
pre_xx_13842,chr16,67805650,67807451,1801
pre_xx_13843,chr16,67816337,67817646,1309
pre_xx_13844,chr16,67832923,67834339,1416
pre_xx_13845,chr16,67841411,67843514,2103
pre_xx_13846,chr16,67846265,67847921,1656
pre_xx_13847,chr16,67872372,67874164,1792
pre_xx_13848,chr16,67883429,67884205,776
pre_xx_13849,chr16,67884246,67885115,869
pre_xx_13850,chr16,67890282,67891003,721
pre_xx_13851,chr16,67892550,67894166,1616
pre_xx_13852,chr16,67934646,67937087,2441
pre_xx_13853,chr16,67967420,67969845,2425
pre_xx_13854,chr16,67992754,67994113,1359
pre_xx_13855,chr16,68022201,68023989,1788
pre_xx_13856,chr16,68072035,68072806,771
pre_xx_13857,chr16,68079400,68080320,920
pre_xx_13858,chr16,68083905,68086120,2215
pre_xx_13859,chr16,68146221,68147132,911
pre_xx_13860,chr16,68182718,68183686,968
pre_xx_13861,chr16,68234861,68236427,1566
pre_xx_13862,chr16,68236612,68238141,1529
pre_xx_13863,chr16,68244285,68245898,1613
pre_xx_13864,chr16,68263822,68265850,2028
pre_xx_13865,chr16,68309858,68311721,1863
pre_xx_13866,chr16,68328070,68328985,915
pre_xx_13867,chr16,68344818,68345754,936
pre_xx_13868,chr16,68360614,68362078,1464
pre_xx_13869,chr16,68447327,68449169,1842
pre_xx_13870,chr16,68492140,68493178,1038
pre_xx_13871,chr16,68509438,68510566,1128
pre_xx_13872,chr16,68520288,68521131,843
pre_xx_13873,chr16,68528424,68529133,709
pre_xx_13874,chr16,68529668,68530751,1083
pre_xx_13875,chr16,68538719,68540271,1552
pre_xx_13876,chr16,68589400,68591101,1701
pre_xx_13877,chr16,68629081,68630113,1032
pre_xx_13878,chr16,68635787,68637244,1457
pre_xx_13879,chr16,68642335,68643045,710
pre_xx_13880,chr16,68643795,68646636,2841
pre_xx_13881,chr16,68696347,68697011,664
pre_xx_13882,chr16,68697884,68698677,793
pre_xx_13883,chr16,68700798,68701445,647
pre_xx_13884,chr16,68707058,68708067,1009
pre_xx_13885,chr16,68736822,68738726,1904
pre_xx_13886,chr16,68800031,68800868,837
pre_xx_13887,chr16,68843033,68844383,1350
pre_xx_13888,chr16,68893960,68894791,831
pre_xx_13889,chr16,68960110,68961501,1391
pre_xx_13890,chr16,69089089,69090360,1271
pre_xx_13891,chr16,69092551,69093465,914
pre_xx_13892,chr16,69099756,69100790,1034
pre_xx_13893,chr16,69105256,69107937,2681
pre_xx_13894,chr16,69131069,69133172,2103
pre_xx_13895,chr16,69165650,69166964,1314
pre_xx_13896,chr16,69179055,69180359,1304
pre_xx_13897,chr16,69186483,69189050,2567
pre_xx_13898,chr16,69310605,69312217,1612
pre_xx_13899,chr16,69329494,69331079,1585
pre_xx_13900,chr16,69338766,69340581,1815
pre_xx_13901,chr16,69384960,69386236,1276
pre_xx_13902,chr16,69395917,69397033,1116
pre_xx_13903,chr16,69397757,69398622,865
pre_xx_13904,chr16,69403777,69404869,1092
pre_xx_13905,chr16,69423721,69425345,1624
pre_xx_13906,chr16,69564880,69567493,2613
pre_xx_13907,chr16,69710367,69711771,1404
pre_xx_13908,chr16,69725919,69727147,1228
pre_xx_13909,chr16,69753595,69755273,1678
pre_xx_13910,chr16,69761846,69763541,1695
pre_xx_13911,chr16,69823576,69824621,1045
pre_xx_13912,chr16,69860950,69862210,1260
pre_xx_13913,chr16,69917391,69918449,1058
pre_xx_13914,chr16,69923523,69925254,1731
pre_xx_13915,chr16,69927080,69927794,714
pre_xx_13916,chr16,69964743,69965986,1243
pre_xx_13917,chr16,70064682,70066429,1747
pre_xx_13918,chr16,70113846,70115167,1321
pre_xx_13919,chr16,70147273,70148566,1293
pre_xx_13920,chr16,70250769,70252466,1697
pre_xx_13921,chr16,70288153,70290195,2042
pre_xx_13922,chr16,70298534,70300063,1529
pre_xx_13923,chr16,70346216,70347430,1214
pre_xx_13924,chr16,70379966,70382081,2115
pre_xx_13925,chr16,70417931,70419631,1700
pre_xx_13926,chr16,70427754,70429262,1508
pre_xx_13927,chr16,70436849,70438333,1484
pre_xx_13928,chr16,70438463,70439869,1406
pre_xx_13929,chr16,70453835,70455347,1512
pre_xx_13930,chr16,70470688,70471527,839
pre_xx_13931,chr16,70522831,70525192,2361
pre_xx_13932,chr16,70573264,70574230,966
pre_xx_13933,chr16,70589748,70590606,858
pre_xx_13934,chr16,70646114,70647742,1628
pre_xx_13935,chr16,70653375,70654633,1258
pre_xx_13936,chr16,70660651,70663497,2846
pre_xx_13937,chr16,70679345,70680406,1061
pre_xx_13938,chr16,70685025,70687080,2055
pre_xx_13939,chr16,70691667,70693714,2047
pre_xx_13940,chr16,70702632,70703966,1334
pre_xx_13941,chr16,70714436,70716557,2121
pre_xx_13942,chr16,70724950,70727295,2345
pre_xx_13943,chr16,70749216,70751476,2260
pre_xx_13944,chr16,70769678,70771528,1850
pre_xx_13945,chr16,70778517,70779702,1185
pre_xx_13946,chr16,70800282,70801505,1223
pre_xx_13947,chr16,71229890,71231104,1214
pre_xx_13948,chr16,71288040,71289944,1904
pre_xx_13949,chr16,71357563,71359042,1479
pre_xx_13950,chr16,71408719,71410448,1729
pre_xx_13951,chr16,71412044,71413068,1024
pre_xx_13952,chr16,71425727,71427220,1493
pre_xx_13953,chr16,71461091,71462589,1498
pre_xx_13954,chr16,71467526,71468159,633
pre_xx_13955,chr16,71483812,71484987,1175
pre_xx_13956,chr16,71525567,71526880,1313
pre_xx_13957,chr16,71563973,71565699,1726
pre_xx_13958,chr16,71625574,71627168,1594
pre_xx_13959,chr16,71722521,71724453,1932
pre_xx_13960,chr16,71807653,71809895,2242
pre_xx_13961,chr16,71845324,71846858,1534
pre_xx_13962,chr16,71882419,71884753,2334
pre_xx_13963,chr16,71894065,71896274,2209
pre_xx_13964,chr16,71927042,71928490,1448
pre_xx_13965,chr16,71988345,71989214,869
pre_xx_13966,chr16,72008075,72009152,1077
pre_xx_13967,chr16,72013359,72014774,1415
pre_xx_13968,chr16,72041977,72042990,1013
pre_xx_13969,chr16,72072345,72073379,1034
pre_xx_13970,chr16,72092401,72094504,2103
pre_xx_13971,chr16,72099033,72099761,728
pre_xx_13972,chr16,72100886,72101728,842
pre_xx_13973,chr16,72124537,72125465,928
pre_xx_13974,chr16,72158968,72160103,1135
pre_xx_13975,chr16,72197477,72199261,1784
pre_xx_13976,chr16,72240605,72242204,1599
pre_xx_13977,chr16,72663622,72665453,1831
pre_xx_13978,chr16,72787071,72788745,1674
pre_xx_13979,chr16,72847717,72849392,1675
pre_xx_13980,chr16,72875206,72876498,1292
pre_xx_13981,chr16,72921115,72922151,1036
pre_xx_13982,chr16,72931038,72932796,1758
pre_xx_13983,chr16,72946066,72948212,2146
pre_xx_13984,chr16,73024732,73026185,1453
pre_xx_13985,chr16,73035879,73036883,1004
pre_xx_13986,chr16,73047208,73048784,1576
pre_xx_13987,chr16,73057342,73059407,2065
pre_xx_13988,chr16,73063991,73065269,1278
pre_xx_13989,chr16,73070303,73071799,1496
pre_xx_13990,chr16,73095172,73096474,1302
pre_xx_13991,chr16,73172036,73173696,1660
pre_xx_13992,chr16,73232117,73234841,2724
pre_xx_13993,chr16,73364726,73365973,1247
pre_xx_13994,chr16,73543504,73545599,2095
pre_xx_13995,chr16,73890615,73891949,1334
pre_xx_13996,chr16,74295810,74297863,2053
pre_xx_13997,chr16,74367233,74368910,1677
pre_xx_13998,chr16,74396316,74398805,2489
pre_xx_13999,chr16,74605998,74607676,1678
pre_xx_14000,chr16,74666215,74667827,1612
pre_xx_14001,chr16,74695437,74696354,917
pre_xx_14002,chr16,74700132,74701463,1331
pre_xx_14003,chr16,74724100,74725245,1145
pre_xx_14004,chr16,74743219,74744307,1088
pre_xx_14005,chr16,74773704,74775237,1533
pre_xx_14006,chr16,74812769,74813617,848
pre_xx_14007,chr16,74984299,74985482,1183
pre_xx_14008,chr16,74998215,75001085,2870
pre_xx_14009,chr16,75002410,75002846,436
pre_xx_14010,chr16,75064342,75066018,1676
pre_xx_14011,chr16,75097871,75100200,2329
pre_xx_14012,chr16,75108749,75109481,732
pre_xx_14013,chr16,75110326,75112617,2291
pre_xx_14014,chr16,75148057,75149309,1252
pre_xx_14015,chr16,75233493,75234658,1165
pre_xx_14016,chr16,75237885,75239272,1387
pre_xx_14017,chr16,75244847,75245880,1033
pre_xx_14018,chr16,75250122,75252169,2047
pre_xx_14019,chr16,75252616,75253706,1090
pre_xx_14020,chr16,75256196,75257397,1201
pre_xx_14021,chr16,75263782,75266683,2901
pre_xx_14022,chr16,75267727,75268296,569
pre_xx_14023,chr16,75296288,75297126,838
pre_xx_14024,chr16,75304462,75306181,1719
pre_xx_14025,chr16,75432519,75434668,2149
pre_xx_14026,chr16,75463366,75465065,1699
pre_xx_14027,chr16,75471522,75472146,624
pre_xx_14028,chr16,75494449,75495924,1475
pre_xx_14029,chr16,75498480,75499177,697
pre_xx_14030,chr16,75516149,75517906,1757
pre_xx_14031,chr16,75554932,75556694,1762
pre_xx_14032,chr16,75565689,75567188,1499
pre_xx_14033,chr16,75622148,75624021,1873
pre_xx_14034,chr16,75647150,75649059,1909
pre_xx_14035,chr16,75649259,75650025,766
pre_xx_14036,chr16,75732905,75734691,1786
pre_xx_14037,chr16,75860268,75861513,1245
pre_xx_14038,chr16,76193559,76195439,1880
pre_xx_14039,chr16,76221937,76223894,1957
pre_xx_14040,chr16,76276776,76278410,1634
pre_xx_14041,chr16,76278673,76279401,728
pre_xx_14042,chr16,76286081,76287778,1697
pre_xx_14043,chr16,76301910,76303790,1880
pre_xx_14044,chr16,76329034,76330587,1553
pre_xx_14045,chr16,77190097,77191707,1610
pre_xx_14046,chr16,77211850,77213437,1587
pre_xx_14047,chr16,77235676,77236616,940
pre_xx_14048,chr16,77434249,77435801,1552
pre_xx_14049,chr16,77675006,77676129,1123
pre_xx_14050,chr16,77721786,77723540,1754
pre_xx_14051,chr16,77787923,77790314,2391
pre_xx_14052,chr16,77804615,77805803,1188
pre_xx_14053,chr16,77811300,77812305,1005
pre_xx_14054,chr16,77918412,77919699,1287
pre_xx_14055,chr16,77943605,77944307,702
pre_xx_14056,chr16,77946651,77947580,929
pre_xx_14057,chr16,77969984,77971887,1903
pre_xx_14058,chr16,78002644,78003360,716
pre_xx_14059,chr16,78045550,78046385,835
pre_xx_14060,chr16,78098837,78100407,1570
pre_xx_14061,chr16,78244169,78244965,796
pre_xx_14062,chr16,78249027,78250366,1339
pre_xx_14063,chr16,78500556,78501608,1052
pre_xx_14064,chr16,78695194,78696326,1132
pre_xx_14065,chr16,79252970,79253857,887
pre_xx_14066,chr16,79286445,79287702,1257
pre_xx_14067,chr16,79339621,79340651,1030
pre_xx_14068,chr16,79437416,79438796,1380
pre_xx_14069,chr16,79524510,79525659,1149
pre_xx_14070,chr16,79570810,79572880,2070
pre_xx_14071,chr16,79589128,79590222,1094
pre_xx_14072,chr16,79598512,79601628,3116
pre_xx_14073,chr16,79602027,79602564,537
pre_xx_14074,chr16,79640304,79641585,1281
pre_xx_14075,chr16,79714033,79715746,1713
pre_xx_14076,chr16,79769750,79771084,1334
pre_xx_14077,chr16,80084005,80085108,1103
pre_xx_14078,chr16,80349584,80350526,942
pre_xx_14079,chr16,80369088,80370109,1021
pre_xx_14080,chr16,80540327,80541561,1234
pre_xx_14081,chr16,80803015,80805086,2071
pre_xx_14082,chr16,80931620,80933119,1499
pre_xx_14083,chr16,81005816,81008115,2299
pre_xx_14084,chr16,81035359,81037221,1862
pre_xx_14085,chr16,81076315,81077774,1459
pre_xx_14086,chr16,81095496,81097171,1675
pre_xx_14087,chr16,81180645,81181748,1103
pre_xx_14088,chr16,81251270,81252407,1137
pre_xx_14089,chr16,81313545,81316358,2813
pre_xx_14090,chr16,81403174,81404333,1159
pre_xx_14091,chr16,81443717,81446811,3094
pre_xx_14092,chr16,81451639,81452929,1290
pre_xx_14093,chr16,81625429,81626230,801
pre_xx_14094,chr16,81630218,81631061,843
pre_xx_14095,chr16,81634225,81635351,1126
pre_xx_14096,chr16,81641123,81641718,595
pre_xx_14097,chr16,81644987,81645742,755
pre_xx_14098,chr16,81650653,81651860,1207
pre_xx_14099,chr16,81651971,81652974,1003
pre_xx_14100,chr16,81657210,81658198,988
pre_xx_14101,chr16,81667065,81668876,1811
pre_xx_14102,chr16,81694713,81696165,1452
pre_xx_14103,chr16,81729446,81731103,1657
pre_xx_14104,chr16,81737539,81738379,840
pre_xx_14105,chr16,81745830,81746549,719
pre_xx_14106,chr16,81778747,81780087,1340
pre_xx_14107,chr16,81939083,81941302,2219
pre_xx_14108,chr16,82010814,82011756,942
pre_xx_14109,chr16,82169600,82170875,1275
pre_xx_14110,chr16,82201386,82202895,1509
pre_xx_14111,chr16,82626708,82628398,1690
pre_xx_14112,chr16,82703265,82704402,1137
pre_xx_14113,chr16,82937951,82939145,1194
pre_xx_14114,chr16,83136366,83137831,1465
pre_xx_14115,chr16,83807290,83809041,1751
pre_xx_14116,chr16,83888202,83889231,1029
pre_xx_14117,chr16,83898406,83900158,1752
pre_xx_14118,chr16,83926312,83927377,1065
pre_xx_14119,chr16,83952683,83954349,1666
pre_xx_14120,chr16,83967882,83969525,1643
pre_xx_14121,chr16,83995365,83996227,862
pre_xx_14122,chr16,84042757,84044425,1668
pre_xx_14123,chr16,84054768,84056137,1369
pre_xx_14124,chr16,84062160,84063286,1126
pre_xx_14125,chr16,84115895,84117794,1899
pre_xx_14126,chr16,84143808,84145806,1998
pre_xx_14127,chr16,84185961,84187251,1290
pre_xx_14128,chr16,84196252,84197392,1140
pre_xx_14129,chr16,84239183,84240589,1406
pre_xx_14130,chr16,84294130,84295216,1086
pre_xx_14131,chr16,84299400,84300515,1115
pre_xx_14132,chr16,84312363,84313545,1182
pre_xx_14133,chr16,84367739,84368957,1218
pre_xx_14134,chr16,84503785,84505368,1583
pre_xx_14135,chr16,84519757,84521433,1676
pre_xx_14136,chr16,84543947,84544790,843
pre_xx_14137,chr16,84593940,84595047,1107
pre_xx_14138,chr16,84599020,84600175,1155
pre_xx_14139,chr16,84617047,84619129,2082
pre_xx_14140,chr16,84621967,84622420,453
pre_xx_14141,chr16,84642013,84643673,1660
pre_xx_14142,chr16,84647526,84649628,2102
pre_xx_14143,chr16,84699267,84701178,1911
pre_xx_14144,chr16,84725603,84727004,1401
pre_xx_14145,chr16,84735854,84736778,924
pre_xx_14146,chr16,84785835,84787816,1981
pre_xx_14147,chr16,84818934,84821054,2120
pre_xx_14148,chr16,84835730,84836885,1155
pre_xx_14149,chr16,84841644,84843557,1913
pre_xx_14150,chr16,84922359,84923313,954
pre_xx_14151,chr16,84928703,84931235,2532
pre_xx_14152,chr16,84952066,84953542,1476
pre_xx_14153,chr16,85001848,85003075,1227
pre_xx_14154,chr16,85010298,85012149,1851
pre_xx_14155,chr16,85027011,85028560,1549
pre_xx_14156,chr16,85076914,85077756,842
pre_xx_14157,chr16,85082117,85083603,1486
pre_xx_14158,chr16,85086558,85087274,716
pre_xx_14159,chr16,85114700,85115614,914
pre_xx_14160,chr16,85126313,85127426,1113
pre_xx_14161,chr16,85136137,85137897,1760
pre_xx_14162,chr16,85151395,85152359,964
pre_xx_14163,chr16,85168623,85170332,1709
pre_xx_14164,chr16,85171945,85172930,985
pre_xx_14165,chr16,85173563,85173961,398
pre_xx_14166,chr16,85176351,85177040,689
pre_xx_14167,chr16,85180713,85182259,1546
pre_xx_14168,chr16,85186810,85187789,979
pre_xx_14169,chr16,85195675,85196974,1299
pre_xx_14170,chr16,85202005,85203166,1161
pre_xx_14171,chr16,85206061,85207723,1662
pre_xx_14172,chr16,85216718,85217733,1015
pre_xx_14173,chr16,85219909,85222149,2240
pre_xx_14174,chr16,85234328,85236265,1937
pre_xx_14175,chr16,85238099,85238670,571
pre_xx_14176,chr16,85245261,85246817,1556
pre_xx_14177,chr16,85275134,85275973,839
pre_xx_14178,chr16,85302877,85303933,1056
pre_xx_14179,chr16,85312575,85313995,1420
pre_xx_14180,chr16,85327934,85331062,3128
pre_xx_14181,chr16,85334694,85335925,1231
pre_xx_14182,chr16,85348673,85349926,1253
pre_xx_14183,chr16,85350802,85351569,767
pre_xx_14184,chr16,85360261,85360992,731
pre_xx_14185,chr16,85384539,85385973,1434
pre_xx_14186,chr16,85390396,85391075,679
pre_xx_14187,chr16,85393585,85394693,1108
pre_xx_14188,chr16,85395200,85396951,1751
pre_xx_14189,chr16,85415366,85416678,1312
pre_xx_14190,chr16,85422006,85423126,1120
pre_xx_14191,chr16,85435891,85437714,1823
pre_xx_14192,chr16,85444693,85445862,1169
pre_xx_14193,chr16,85448137,85449460,1323
pre_xx_14194,chr16,85459747,85463906,4159
pre_xx_14195,chr16,85464105,85465320,1215
pre_xx_14196,chr16,85471825,85472765,940
pre_xx_14197,chr16,85472786,85475723,2937
pre_xx_14198,chr16,85491464,85492617,1153
pre_xx_14199,chr16,85502924,85504259,1335
pre_xx_14200,chr16,85508770,85509792,1022
pre_xx_14201,chr16,85514156,85515575,1419
pre_xx_14202,chr16,85523190,85524009,819
pre_xx_14203,chr16,85541092,85542899,1807
pre_xx_14204,chr16,85553147,85553935,788
pre_xx_14205,chr16,85554090,85556092,2002
pre_xx_14206,chr16,85556388,85558530,2142
pre_xx_14207,chr16,85573487,85575433,1946
pre_xx_14208,chr16,85583386,85585136,1750
pre_xx_14209,chr16,85602689,85603515,826
pre_xx_14210,chr16,85606651,85608769,2118
pre_xx_14211,chr16,85610280,85612537,2257
pre_xx_14212,chr16,85612775,85613600,825
pre_xx_14213,chr16,85613758,85614598,840
pre_xx_14214,chr16,85615851,85617275,1424
pre_xx_14215,chr16,85625908,85628516,2608
pre_xx_14216,chr16,85650148,85653518,3370
pre_xx_14217,chr16,85659243,85660170,927
pre_xx_14218,chr16,85673534,85674942,1408
pre_xx_14219,chr16,85682544,85683780,1236
pre_xx_14220,chr16,85688368,85689409,1041
pre_xx_14221,chr16,85715106,85717029,1923
pre_xx_14222,chr16,85749835,85751465,1630
pre_xx_14223,chr16,85752838,85753727,889
pre_xx_14224,chr16,85798506,85800616,2110
pre_xx_14225,chr16,85821013,85822171,1158
pre_xx_14226,chr16,85833000,85833984,984
pre_xx_14227,chr16,85844389,85845532,1143
pre_xx_14228,chr16,85898284,85899364,1080
pre_xx_14229,chr16,85911758,85912884,1126
pre_xx_14230,chr16,86032114,86033549,1435
pre_xx_14231,chr16,86059100,86060935,1835
pre_xx_14232,chr16,86198031,86199608,1577
pre_xx_14233,chr16,86219426,86220197,771
pre_xx_14234,chr16,86222521,86223721,1200
pre_xx_14235,chr16,86285779,86287648,1869
pre_xx_14236,chr16,86333617,86334793,1176
pre_xx_14237,chr16,86343043,86344676,1633
pre_xx_14238,chr16,86498233,86499755,1522
pre_xx_14239,chr16,86509157,86511132,1975
pre_xx_14240,chr16,86515510,86516383,873
pre_xx_14241,chr16,86554393,86555914,1521
pre_xx_14242,chr16,86563352,86564206,854
pre_xx_14243,chr16,86566577,86567655,1078
pre_xx_14244,chr16,86575343,86576851,1508
pre_xx_14245,chr16,86578097,86579898,1801
pre_xx_14246,chr16,86806423,86807494,1071
pre_xx_14247,chr16,86818418,86820037,1619
pre_xx_14248,chr16,86901338,86902317,979
pre_xx_14249,chr16,86925083,86925976,893
pre_xx_14250,chr16,87046548,87047737,1189
pre_xx_14251,chr16,87125150,87127856,2706
pre_xx_14252,chr16,87278288,87279186,898
pre_xx_14253,chr16,87316608,87318447,1839
pre_xx_14254,chr16,87324157,87325363,1206
pre_xx_14255,chr16,87363256,87364759,1503
pre_xx_14256,chr16,87381337,87384710,3373
pre_xx_14257,chr16,87388029,87388794,765
pre_xx_14258,chr16,87391419,87393671,2252
pre_xx_14259,chr16,87435248,87436926,1678
pre_xx_14260,chr16,87461397,87461922,525
pre_xx_14261,chr16,87463786,87465804,2018
pre_xx_14262,chr16,87489183,87489952,769
pre_xx_14263,chr16,87490521,87491032,511
pre_xx_14264,chr16,87491614,87494106,2492
pre_xx_14265,chr16,87540145,87542262,2117
pre_xx_14266,chr16,87581798,87582960,1162
pre_xx_14267,chr16,87588594,87589407,813
pre_xx_14268,chr16,87601116,87603823,2707
pre_xx_14269,chr16,87608223,87608795,572
pre_xx_14270,chr16,87635329,87636734,1405
pre_xx_14271,chr16,87647816,87648782,966
pre_xx_14272,chr16,87704799,87706758,1959
pre_xx_14273,chr16,87721647,87723833,2186
pre_xx_14274,chr16,87764944,87766566,1622
pre_xx_14275,chr16,87777443,87778204,761
pre_xx_14276,chr16,87778527,87779537,1010
pre_xx_14277,chr16,87789770,87791618,1848
pre_xx_14278,chr16,87806083,87807710,1627
pre_xx_14279,chr16,87811937,87812637,700
pre_xx_14280,chr16,87821428,87822983,1555
pre_xx_14281,chr16,87834139,87835282,1143
pre_xx_14282,chr16,87842037,87842987,950
pre_xx_14283,chr16,87852878,87854315,1437
pre_xx_14284,chr16,87860303,87861214,911
pre_xx_14285,chr16,87868228,87869825,1597
pre_xx_14286,chr16,87870445,87871939,1494
pre_xx_14287,chr16,87880040,87882262,2222
pre_xx_14288,chr16,87909025,87909716,691
pre_xx_14289,chr16,87924231,87925768,1537
pre_xx_14290,chr16,87931284,87932271,987
pre_xx_14291,chr16,87939644,87940810,1166
pre_xx_14292,chr16,87945053,87946051,998
pre_xx_14293,chr16,87950441,87952481,2040
pre_xx_14294,chr16,87956244,87957247,1003
pre_xx_14295,chr16,88024429,88025531,1102
pre_xx_14296,chr16,88061947,88063815,1868
pre_xx_14297,chr16,88100535,88101985,1450
pre_xx_14298,chr16,88118408,88119905,1497
pre_xx_14299,chr16,88193845,88195444,1599
pre_xx_14300,chr16,88232390,88233288,898
pre_xx_14301,chr16,88264386,88265327,941
pre_xx_14302,chr16,88274375,88275406,1031
pre_xx_14303,chr16,88281928,88283325,1397
pre_xx_14304,chr16,88286089,88286978,889
pre_xx_14305,chr16,88295556,88296397,841
pre_xx_14306,chr16,88303810,88304925,1115
pre_xx_14307,chr16,88317491,88318959,1468
pre_xx_14308,chr16,88382583,88384112,1529
pre_xx_14309,chr16,88387981,88388690,709
pre_xx_14310,chr16,88402719,88404323,1604
pre_xx_14311,chr16,88423767,88425297,1530
pre_xx_14312,chr16,88429897,88431311,1414
pre_xx_14313,chr16,88442573,88443522,949
pre_xx_14314,chr16,88452340,88456384,4044
pre_xx_14315,chr16,88472319,88474392,2073
pre_xx_14316,chr16,88478814,88480115,1301
pre_xx_14317,chr16,88504791,88505823,1032
pre_xx_14318,chr16,88526878,88527908,1030
pre_xx_14319,chr16,88530374,88531258,884
pre_xx_14320,chr16,88533175,88535019,1844
pre_xx_14321,chr16,88558765,88559359,594
pre_xx_14322,chr16,88569593,88571054,1461
pre_xx_14323,chr16,88610754,88611731,977
pre_xx_14324,chr16,88633508,88635162,1654
pre_xx_14325,chr16,88649731,88651813,2082
pre_xx_14326,chr16,88662026,88664162,2136
pre_xx_14327,chr16,88685193,88687016,1823
pre_xx_14328,chr16,88687807,88688656,849
pre_xx_14329,chr16,88705198,88707177,1979
pre_xx_14330,chr16,88730597,88732447,1850
pre_xx_14331,chr16,88737118,88738066,948
pre_xx_14332,chr16,88743629,88745402,1773
pre_xx_14333,chr16,88769584,88771350,1766
pre_xx_14334,chr16,88772753,88774285,1532
pre_xx_14335,chr16,88783966,88786147,2181
pre_xx_14336,chr16,88802216,88805028,2812
pre_xx_14337,chr16,88810903,88812853,1950
pre_xx_14338,chr16,88815878,88816311,433
pre_xx_14339,chr16,88855802,88858050,2248
pre_xx_14340,chr16,88880189,88881873,1684
pre_xx_14341,chr16,88901752,88902777,1025
pre_xx_14342,chr16,88910461,88911403,942
pre_xx_14343,chr16,88914603,88915648,1045
pre_xx_14344,chr16,88916937,88918013,1076
pre_xx_14345,chr16,88920602,88921587,985
pre_xx_14346,chr16,88924640,88925616,976
pre_xx_14347,chr16,88939491,88942187,2696
pre_xx_14348,chr16,88972369,88973346,977
pre_xx_14349,chr16,89003164,89004641,1477
pre_xx_14350,chr16,89037216,89037986,770
pre_xx_14351,chr16,89093378,89094704,1326
pre_xx_14352,chr16,89167054,89167762,708
pre_xx_14353,chr16,89170724,89171865,1141
pre_xx_14354,chr16,89191741,89193708,1967
pre_xx_14355,chr16,89200354,89202339,1985
pre_xx_14356,chr16,89216106,89218188,2082
pre_xx_14357,chr16,89240465,89241966,1501
pre_xx_14358,chr16,89246764,89248079,1315
pre_xx_14359,chr16,89256428,89257721,1293
pre_xx_14360,chr16,89290623,89291556,933
pre_xx_14361,chr16,89319910,89321618,1708
pre_xx_14362,chr16,89330117,89330818,701
pre_xx_14363,chr16,89333376,89334323,947
pre_xx_14364,chr16,89382849,89383952,1103
pre_xx_14365,chr16,89401196,89402980,1784
pre_xx_14366,chr16,89416885,89417846,961
pre_xx_14367,chr16,89441815,89444032,2217
pre_xx_14368,chr16,89488952,89491910,2958
pre_xx_14369,chr16,89506733,89509216,2483
pre_xx_14370,chr16,89559762,89561359,1597
pre_xx_14371,chr16,89565193,89566549,1356
pre_xx_14372,chr16,89574435,89577103,2668
pre_xx_14373,chr16,89584684,89585781,1097
pre_xx_14374,chr16,89601928,89603266,1338
pre_xx_14375,chr16,89611126,89611913,787
pre_xx_14376,chr16,89612854,89614281,1427
pre_xx_14377,chr16,89624174,89625683,1509
pre_xx_14378,chr16,89640270,89641498,1228
pre_xx_14379,chr16,89656853,89658877,2024
pre_xx_14380,chr16,89685914,89687774,1860
pre_xx_14381,chr16,89699852,89702380,2528
pre_xx_14382,chr16,89705929,89706304,375
pre_xx_14383,chr16,89710824,89712788,1964
pre_xx_14384,chr16,89720098,89722881,2783
pre_xx_14385,chr16,89729723,89731064,1341
pre_xx_14386,chr16,89744294,89745250,956
pre_xx_14387,chr16,89815639,89817239,1600
pre_xx_14388,chr16,89818798,89819401,603
pre_xx_14389,chr16,89827582,89829542,1960
pre_xx_14390,chr16,89846964,89848365,1401
pre_xx_14391,chr16,89860483,89861250,767
pre_xx_14392,chr16,89872770,89874685,1915
pre_xx_14393,chr16,89909725,89910693,968
pre_xx_14394,chr16,89917701,89918894,1193
pre_xx_14395,chr16,89921540,89922021,481
pre_xx_14396,chr16,89922399,89925004,2605
pre_xx_14397,chr16,89925662,89926630,968
pre_xx_14398,chr16,89947694,89948878,1184
pre_xx_14399,chr16,89971880,89973292,1412
pre_xx_14400,chr16,90018375,90020221,1846
pre_xx_14401,chr16,90022256,90023423,1167
pre_xx_14402,chr16,90046264,90048728,2464
pre_xx_14403,chr16,90076991,90078239,1248
pre_xx_14404,chr16,90081720,90082832,1112
pre_xx_14405,chr17,143565,144322,757
pre_xx_14406,chr17,162840,165040,2200
pre_xx_14407,chr17,179953,181958,2005
pre_xx_14408,chr17,192658,195204,2546
pre_xx_14409,chr17,259103,260603,1500
pre_xx_14410,chr17,309251,311071,1820
pre_xx_14411,chr17,320698,323330,2632
pre_xx_14412,chr17,333785,334461,676
pre_xx_14413,chr17,335818,336611,793
pre_xx_14414,chr17,338619,339972,1353
pre_xx_14415,chr17,384313,386795,2482
pre_xx_14416,chr17,409492,411274,1782
pre_xx_14417,chr17,488989,490388,1399
pre_xx_14418,chr17,491004,491999,995
pre_xx_14419,chr17,600737,602196,1459
pre_xx_14420,chr17,713834,716025,2191
pre_xx_14421,chr17,731571,733640,2069
pre_xx_14422,chr17,751048,752979,1931
pre_xx_14423,chr17,781355,783082,1727
pre_xx_14424,chr17,789725,791176,1451
pre_xx_14425,chr17,794633,795411,778
pre_xx_14426,chr17,798134,799496,1362
pre_xx_14427,chr17,846451,849234,2783
pre_xx_14428,chr17,879461,881029,1568
pre_xx_14429,chr17,927163,928482,1319
pre_xx_14430,chr17,932919,934021,1102
pre_xx_14431,chr17,936997,938084,1087
pre_xx_14432,chr17,951137,952164,1027
pre_xx_14433,chr17,969137,970884,1747
pre_xx_14434,chr17,977969,980645,2676
pre_xx_14435,chr17,980791,981325,534
pre_xx_14436,chr17,996200,997558,1358
pre_xx_14437,chr17,1004864,1006374,1510
pre_xx_14438,chr17,1011213,1012567,1354
pre_xx_14439,chr17,1030172,1032264,2092
pre_xx_14440,chr17,1043477,1044343,866
pre_xx_14441,chr17,1046824,1048100,1276
pre_xx_14442,chr17,1077411,1079297,1886
pre_xx_14443,chr17,1086960,1088200,1240
pre_xx_14444,chr17,1107777,1110111,2334
pre_xx_14445,chr17,1114977,1115678,701
pre_xx_14446,chr17,1122519,1124752,2233
pre_xx_14447,chr17,1147542,1148060,518
pre_xx_14448,chr17,1176958,1177911,953
pre_xx_14449,chr17,1178566,1180604,2038
pre_xx_14450,chr17,1181195,1181995,800
pre_xx_14451,chr17,1186792,1187561,769
pre_xx_14452,chr17,1202883,1204094,1211
pre_xx_14453,chr17,1227814,1230033,2219
pre_xx_14454,chr17,1258827,1260689,1862
pre_xx_14455,chr17,1267301,1268826,1525
pre_xx_14456,chr17,1270236,1271556,1320
pre_xx_14457,chr17,1298232,1299251,1019
pre_xx_14458,chr17,1397506,1398349,843
pre_xx_14459,chr17,1398903,1400862,1959
pre_xx_14460,chr17,1412297,1413967,1670
pre_xx_14461,chr17,1454658,1456752,2094
pre_xx_14462,chr17,1484622,1486276,1654
pre_xx_14463,chr17,1486724,1487515,791
pre_xx_14464,chr17,1487866,1488542,676
pre_xx_14465,chr17,1490678,1492113,1435
pre_xx_14466,chr17,1515332,1517309,1977
pre_xx_14467,chr17,1561253,1563363,2110
pre_xx_14468,chr17,1573907,1576068,2161
pre_xx_14469,chr17,1592458,1593810,1352
pre_xx_14470,chr17,1604442,1606195,1753
pre_xx_14471,chr17,1627736,1630318,2582
pre_xx_14472,chr17,1642725,1644265,1540
pre_xx_14473,chr17,1648170,1650329,2159
pre_xx_14474,chr17,1683919,1685360,1441
pre_xx_14475,chr17,1709510,1711243,1733
pre_xx_14476,chr17,1713877,1714087,210
pre_xx_14477,chr17,1714312,1717804,3492
pre_xx_14478,chr17,1723770,1725527,1757
pre_xx_14479,chr17,1729820,1731174,1354
pre_xx_14480,chr17,1735901,1737440,1539
pre_xx_14481,chr17,1754793,1756366,1573
pre_xx_14482,chr17,1761727,1763650,1923
pre_xx_14483,chr17,1779336,1780384,1048
pre_xx_14484,chr17,1783494,1784396,902
pre_xx_14485,chr17,1828854,1830748,1894
pre_xx_14486,chr17,1904753,1905832,1079
pre_xx_14487,chr17,1907809,1909126,1317
pre_xx_14488,chr17,1931895,1932771,876
pre_xx_14489,chr17,1939335,1942357,3022
pre_xx_14490,chr17,1947105,1948382,1277
pre_xx_14491,chr17,1965668,1967700,2032
pre_xx_14492,chr17,1976666,1978686,2020
pre_xx_14493,chr17,1986538,1987614,1076
pre_xx_14494,chr17,1997260,1998823,1563
pre_xx_14495,chr17,1999402,2000301,899
pre_xx_14496,chr17,2023354,2026268,2914
pre_xx_14497,chr17,2029650,2031020,1370
pre_xx_14498,chr17,2041025,2042822,1797
pre_xx_14499,chr17,2049339,2051556,2217
pre_xx_14500,chr17,2053546,2054187,641
pre_xx_14501,chr17,2054411,2056142,1731
pre_xx_14502,chr17,2056637,2057952,1315
pre_xx_14503,chr17,2074689,2077179,2490
pre_xx_14504,chr17,2122168,2124489,2321
pre_xx_14505,chr17,2171566,2172902,1336
pre_xx_14506,chr17,2174209,2175244,1035
pre_xx_14507,chr17,2178712,2180228,1516
pre_xx_14508,chr17,2181116,2182242,1126
pre_xx_14509,chr17,2202046,2203475,1429
pre_xx_14510,chr17,2214061,2216360,2299
pre_xx_14511,chr17,2244222,2245122,900
pre_xx_14512,chr17,2263512,2265355,1843
pre_xx_14513,chr17,2302428,2304262,1834
pre_xx_14514,chr17,2335689,2338619,2930
pre_xx_14515,chr17,2382276,2382971,695
pre_xx_14516,chr17,2384838,2387000,2162
pre_xx_14517,chr17,2392282,2394148,1866
pre_xx_14518,chr17,2396579,2397168,589
pre_xx_14519,chr17,2398906,2400362,1456
pre_xx_14520,chr17,2400489,2402257,1768
pre_xx_14521,chr17,2418458,2420107,1649
pre_xx_14522,chr17,2421130,2422088,958
pre_xx_14523,chr17,2434713,2436777,2064
pre_xx_14524,chr17,2510705,2512379,1674
pre_xx_14525,chr17,2592875,2595457,2582
pre_xx_14526,chr17,2688762,2689985,1223
pre_xx_14527,chr17,2706574,2708208,1634
pre_xx_14528,chr17,2710613,2712694,2081
pre_xx_14529,chr17,2723371,2725059,1688
pre_xx_14530,chr17,2748867,2750127,1260
pre_xx_14531,chr17,2755069,2756728,1659
pre_xx_14532,chr17,2776041,2777776,1735
pre_xx_14533,chr17,2785778,2786703,925
pre_xx_14534,chr17,2815705,2816318,613
pre_xx_14535,chr17,2848522,2849709,1187
pre_xx_14536,chr17,2852420,2854950,2530
pre_xx_14537,chr17,2902932,2904600,1668
pre_xx_14538,chr17,2939609,2940766,1157
pre_xx_14539,chr17,2960068,2960851,783
pre_xx_14540,chr17,3002335,3003304,969
pre_xx_14541,chr17,3003516,3005235,1719
pre_xx_14542,chr17,3012633,3013440,807
pre_xx_14543,chr17,3048312,3049622,1310
pre_xx_14544,chr17,3529735,3530762,1027
pre_xx_14545,chr17,3534791,3536260,1469
pre_xx_14546,chr17,3626776,3628194,1418
pre_xx_14547,chr17,3635573,3637299,1726
pre_xx_14548,chr17,3658707,3660479,1772
pre_xx_14549,chr17,3667300,3669494,2194
pre_xx_14550,chr17,3694646,3696443,1797
pre_xx_14551,chr17,3722758,3724563,1805
pre_xx_14552,chr17,3734258,3734880,622
pre_xx_14553,chr17,3737470,3739005,1535
pre_xx_14554,chr17,3754322,3755555,1233
pre_xx_14555,chr17,3802163,3803370,1207
pre_xx_14556,chr17,3845089,3846628,1539
pre_xx_14557,chr17,3870598,3871364,766
pre_xx_14558,chr17,3879078,3880407,1329
pre_xx_14559,chr17,3887752,3888984,1232
pre_xx_14560,chr17,3891934,3893593,1659
pre_xx_14561,chr17,3903070,3904536,1466
pre_xx_14562,chr17,3913542,3914215,673
pre_xx_14563,chr17,3926785,3928090,1305
pre_xx_14564,chr17,3934844,3935542,698
pre_xx_14565,chr17,3944053,3945623,1570
pre_xx_14566,chr17,3960651,3961166,515
pre_xx_14567,chr17,3963204,3965462,2258
pre_xx_14568,chr17,3976122,3977646,1524
pre_xx_14569,chr17,4003523,4005138,1615
pre_xx_14570,chr17,4006387,4007536,1149
pre_xx_14571,chr17,4142170,4144381,2211
pre_xx_14572,chr17,4175439,4176869,1430
pre_xx_14573,chr17,4185753,4187335,1582
pre_xx_14574,chr17,4229590,4230572,982
pre_xx_14575,chr17,4232074,4232810,736
pre_xx_14576,chr17,4262960,4264436,1476
pre_xx_14577,chr17,4317143,4318845,1702
pre_xx_14578,chr17,4364913,4367055,2142
pre_xx_14579,chr17,4412806,4413574,768
pre_xx_14580,chr17,4439821,4441497,1676
pre_xx_14581,chr17,4444580,4445332,752
pre_xx_14582,chr17,4498132,4500195,2063
pre_xx_14583,chr17,4502389,4502829,440
pre_xx_14584,chr17,4513060,4514584,1524
pre_xx_14585,chr17,4535520,4537437,1917
pre_xx_14586,chr17,4543132,4544773,1641
pre_xx_14587,chr17,4554303,4555846,1543
pre_xx_14588,chr17,4559605,4561412,1807
pre_xx_14589,chr17,4565343,4565916,573
pre_xx_14590,chr17,4566513,4567061,548
pre_xx_14591,chr17,4576352,4577769,1417
pre_xx_14592,chr17,4583761,4585895,2134
pre_xx_14593,chr17,4598895,4601012,2117
pre_xx_14594,chr17,4604148,4604629,481
pre_xx_14595,chr17,4606932,4608252,1320
pre_xx_14596,chr17,4625132,4626325,1193
pre_xx_14597,chr17,4703408,4704700,1292
pre_xx_14598,chr17,4708509,4711177,2668
pre_xx_14599,chr17,4720749,4722043,1294
pre_xx_14600,chr17,4730633,4732082,1449
pre_xx_14601,chr17,4738212,4740263,2051
pre_xx_14602,chr17,4788839,4790718,1879
pre_xx_14603,chr17,4795601,4796913,1312
pre_xx_14604,chr17,4806465,4808050,1585
pre_xx_14605,chr17,4832751,4834721,1970
pre_xx_14606,chr17,4837170,4838175,1005
pre_xx_14607,chr17,4880767,4882461,1694
pre_xx_14608,chr17,4888728,4889742,1014
pre_xx_14609,chr17,4898780,4900043,1263
pre_xx_14610,chr17,4900243,4901258,1015
pre_xx_14611,chr17,4903100,4903842,742
pre_xx_14612,chr17,4908278,4910179,1901
pre_xx_14613,chr17,4939120,4941013,1893
pre_xx_14614,chr17,4947067,4950523,3456
pre_xx_14615,chr17,4966304,4969289,2985
pre_xx_14616,chr17,4986319,4988534,2215
pre_xx_14617,chr17,4996860,4999406,2546
pre_xx_14618,chr17,5031052,5032038,986
pre_xx_14619,chr17,5077593,5079065,1472
pre_xx_14620,chr17,5096783,5097998,1215
pre_xx_14621,chr17,5110520,5112395,1875
pre_xx_14622,chr17,5122166,5123619,1453
pre_xx_14623,chr17,5191186,5192350,1164
pre_xx_14624,chr17,5281435,5283069,1634
pre_xx_14625,chr17,5418360,5420909,2549
pre_xx_14626,chr17,5437984,5439781,1797
pre_xx_14627,chr17,5467237,5469261,2024
pre_xx_14628,chr17,5485408,5487382,1974
pre_xx_14629,chr17,5499564,5501553,1989
pre_xx_14630,chr17,5759335,5760062,727
pre_xx_14631,chr17,5769668,5772583,2915
pre_xx_14632,chr17,5832648,5833270,622
pre_xx_14633,chr17,6068776,6069267,491
pre_xx_14634,chr17,6069819,6071495,1676
pre_xx_14635,chr17,6161716,6163406,1690
pre_xx_14636,chr17,6443338,6444777,1439
pre_xx_14637,chr17,6454528,6455907,1379
pre_xx_14638,chr17,6472830,6473490,660
pre_xx_14639,chr17,6495659,6496655,996
pre_xx_14640,chr17,6554961,6557039,2078
pre_xx_14641,chr17,6558299,6559479,1180
pre_xx_14642,chr17,6567282,6568446,1164
pre_xx_14643,chr17,6639041,6641710,2669
pre_xx_14644,chr17,6646409,6647350,941
pre_xx_14645,chr17,6650712,6652512,1800
pre_xx_14646,chr17,6654550,6655419,869
pre_xx_14647,chr17,6665817,6666477,660
pre_xx_14648,chr17,6711695,6714128,2433
pre_xx_14649,chr17,6755116,6756832,1716
pre_xx_14650,chr17,6831054,6832289,1235
pre_xx_14651,chr17,6853381,6854612,1231
pre_xx_14652,chr17,6893200,6894527,1327
pre_xx_14653,chr17,6995026,6997075,2049
pre_xx_14654,chr17,7011906,7013479,1573
pre_xx_14655,chr17,7014196,7015864,1668
pre_xx_14656,chr17,7021791,7024236,2445
pre_xx_14657,chr17,7035000,7036837,1837
pre_xx_14658,chr17,7041683,7044147,2464
pre_xx_14659,chr17,7045798,7047361,1563
pre_xx_14660,chr17,7051878,7052432,554
pre_xx_14661,chr17,7173599,7174631,1032
pre_xx_14662,chr17,7176611,7178470,1859
pre_xx_14663,chr17,7191283,7192881,1598
pre_xx_14664,chr17,7204318,7205904,1586
pre_xx_14665,chr17,7206988,7208476,1488
pre_xx_14666,chr17,7213766,7215469,1703
pre_xx_14667,chr17,7217410,7217859,449
pre_xx_14668,chr17,7219501,7221139,1638
pre_xx_14669,chr17,7233764,7234766,1002
pre_xx_14670,chr17,7237670,7238435,765
pre_xx_14671,chr17,7238659,7240004,1345
pre_xx_14672,chr17,7241549,7243407,1858
pre_xx_14673,chr17,7250616,7252914,2298
pre_xx_14674,chr17,7260656,7263639,2983
pre_xx_14675,chr17,7280388,7282679,2291
pre_xx_14676,chr17,7293855,7295515,1660
pre_xx_14677,chr17,7296011,7296749,738
pre_xx_14678,chr17,7306609,7309218,2609
pre_xx_14679,chr17,7314583,7316107,1524
pre_xx_14680,chr17,7328695,7330638,1943
pre_xx_14681,chr17,7349723,7350569,846
pre_xx_14682,chr17,7350918,7352569,1651
pre_xx_14683,chr17,7355876,7356389,513
pre_xx_14684,chr17,7380329,7381547,1218
pre_xx_14685,chr17,7383543,7384941,1398
pre_xx_14686,chr17,7393079,7395255,2176
pre_xx_14687,chr17,7403121,7405986,2865
pre_xx_14688,chr17,7434961,7436184,1223
pre_xx_14689,chr17,7436464,7437442,978
pre_xx_14690,chr17,7437717,7438438,721
pre_xx_14691,chr17,7439997,7441485,1488
pre_xx_14692,chr17,7444798,7445876,1078
pre_xx_14693,chr17,7455103,7456614,1511
pre_xx_14694,chr17,7477338,7480125,2787
pre_xx_14695,chr17,7483196,7485252,2056
pre_xx_14696,chr17,7514067,7515746,1679
pre_xx_14697,chr17,7548362,7549912,1550
pre_xx_14698,chr17,7557074,7557572,498
pre_xx_14699,chr17,7557892,7558687,795
pre_xx_14700,chr17,7560424,7560692,268
pre_xx_14701,chr17,7560924,7562457,1533
pre_xx_14702,chr17,7572014,7574258,2244
pre_xx_14703,chr17,7578790,7580076,1286
pre_xx_14704,chr17,7582608,7584249,1641
pre_xx_14705,chr17,7588549,7590969,2420
pre_xx_14706,chr17,7613744,7615603,1859
pre_xx_14707,chr17,7626292,7628431,2139
pre_xx_14708,chr17,7650046,7651123,1077
pre_xx_14709,chr17,7651297,7652390,1093
pre_xx_14710,chr17,7685571,7686819,1248
pre_xx_14711,chr17,7687124,7689174,2050
pre_xx_14712,chr17,7703242,7706226,2984
pre_xx_14713,chr17,7716360,7718305,1945
pre_xx_14714,chr17,7742703,7743901,1198
pre_xx_14715,chr17,7747309,7748698,1389
pre_xx_14716,chr17,7806615,7807675,1060
pre_xx_14717,chr17,7833684,7837096,3412
pre_xx_14718,chr17,7841405,7845123,3718
pre_xx_14719,chr17,7851275,7852113,838
pre_xx_14720,chr17,7855764,7858747,2983
pre_xx_14721,chr17,7884675,7888489,3814
pre_xx_14722,chr17,7888911,7889599,688
pre_xx_14723,chr17,7914812,7916633,1821
pre_xx_14724,chr17,7922192,7923488,1296
pre_xx_14725,chr17,7929188,7930023,835
pre_xx_14726,chr17,7931392,7933253,1861
pre_xx_14727,chr17,7989632,7990647,1015
pre_xx_14728,chr17,8002023,8004225,2202
pre_xx_14729,chr17,8015425,8017020,1595
pre_xx_14730,chr17,8072296,8073968,1672
pre_xx_14731,chr17,8079197,8081010,1813
pre_xx_14732,chr17,8109128,8110660,1532
pre_xx_14733,chr17,8117826,8119339,1513
pre_xx_14734,chr17,8119548,8119905,357
pre_xx_14735,chr17,8120053,8120873,820
pre_xx_14736,chr17,8121516,8122074,558
pre_xx_14737,chr17,8125347,8127451,2104
pre_xx_14738,chr17,8138029,8139810,1781
pre_xx_14739,chr17,8150824,8152694,1870
pre_xx_14740,chr17,8154053,8154757,704
pre_xx_14741,chr17,8156032,8157027,995
pre_xx_14742,chr17,8158768,8159009,241
pre_xx_14743,chr17,8162150,8164832,2682
pre_xx_14744,chr17,8172570,8174216,1646
pre_xx_14745,chr17,8175706,8176913,1207
pre_xx_14746,chr17,8185820,8188069,2249
pre_xx_14747,chr17,8189148,8190457,1309
pre_xx_14748,chr17,8192018,8192606,588
pre_xx_14749,chr17,8199714,8200956,1242
pre_xx_14750,chr17,8209800,8211166,1366
pre_xx_14751,chr17,8220411,8223831,3420
pre_xx_14752,chr17,8226011,8227161,1150
pre_xx_14753,chr17,8247022,8249658,2636
pre_xx_14754,chr17,8287970,8289498,1528
pre_xx_14755,chr17,8294800,8295966,1166
pre_xx_14756,chr17,8300467,8301099,632
pre_xx_14757,chr17,8314749,8316215,1466
pre_xx_14758,chr17,8326180,8327657,1477
pre_xx_14759,chr17,8337866,8339085,1219
pre_xx_14760,chr17,8359304,8361184,1880
pre_xx_14761,chr17,8375205,8377048,1843
pre_xx_14762,chr17,8382602,8384184,1582
pre_xx_14763,chr17,8409931,8410746,815
pre_xx_14764,chr17,8435231,8437090,1859
pre_xx_14765,chr17,8464787,8465972,1185
pre_xx_14766,chr17,8470029,8471228,1199
pre_xx_14767,chr17,8629264,8631766,2502
pre_xx_14768,chr17,8673036,8675431,2395
pre_xx_14769,chr17,8696529,8699378,2849
pre_xx_14770,chr17,8744054,8746708,2654
pre_xx_14771,chr17,8785390,8786460,1070
pre_xx_14772,chr17,8798521,8800151,1630
pre_xx_14773,chr17,8827194,8828364,1170
pre_xx_14774,chr17,8872882,8875554,2672
pre_xx_14775,chr17,8888173,8889089,916
pre_xx_14776,chr17,8894164,8895298,1134
pre_xx_14777,chr17,9002240,9005180,2940
pre_xx_14778,chr17,9020697,9023571,2874
pre_xx_14779,chr17,9239152,9241735,2583
pre_xx_14780,chr17,9242419,9243272,853
pre_xx_14781,chr17,9408694,9410910,2216
pre_xx_14782,chr17,9575161,9577475,2314
pre_xx_14783,chr17,9601390,9602160,770
pre_xx_14784,chr17,9644237,9647305,3068
pre_xx_14785,chr17,9958637,9960011,1374
pre_xx_14786,chr17,10021036,10021805,769
pre_xx_14787,chr17,10025931,10026979,1048
pre_xx_14788,chr17,10114113,10115583,1470
pre_xx_14789,chr17,10196814,10199304,2490
pre_xx_14790,chr17,10696732,10698661,1929
pre_xx_14791,chr17,10728930,10730576,1646
pre_xx_14792,chr17,10736931,10737672,741
pre_xx_14793,chr17,10772296,10773323,1027
pre_xx_14794,chr17,10843421,10845458,2037
pre_xx_14795,chr17,11239881,11241893,2012
pre_xx_14796,chr17,11330623,11332591,1968
pre_xx_14797,chr17,11522681,11523797,1116
pre_xx_14798,chr17,11597986,11599341,1355
pre_xx_14799,chr17,11607915,11609063,1148
pre_xx_14800,chr17,11996621,11998026,1405
pre_xx_14801,chr17,12020263,12021977,1714
pre_xx_14802,chr17,12522463,12523488,1025
pre_xx_14803,chr17,12664694,12666259,1565
pre_xx_14804,chr17,12741812,12742586,774
pre_xx_14805,chr17,12788756,12791096,2340
pre_xx_14806,chr17,12812574,12813980,1406
pre_xx_14807,chr17,12973274,12974586,1312
pre_xx_14808,chr17,13002495,13003819,1324
pre_xx_14809,chr17,13016934,13018691,1757
pre_xx_14810,chr17,13024080,13024948,868
pre_xx_14811,chr17,13600242,13602596,2354
pre_xx_14812,chr17,13635654,13636407,753
pre_xx_14813,chr17,13984738,13986807,2069
pre_xx_14814,chr17,14068794,14070088,1294
pre_xx_14815,chr17,14297147,14297827,680
pre_xx_14816,chr17,14299323,14299870,547
pre_xx_14817,chr17,14300429,14301677,1248
pre_xx_14818,chr17,14302136,14302871,735
pre_xx_14819,chr17,14303608,14304245,637
pre_xx_14820,chr17,14308659,14310893,2234
pre_xx_14821,chr17,14320583,14321785,1202
pre_xx_14822,chr17,14372366,14374886,2520
pre_xx_14823,chr17,14451234,14452496,1262
pre_xx_14824,chr17,14575051,14576545,1494
pre_xx_14825,chr17,15260090,15263586,3496
pre_xx_14826,chr17,15340842,15342094,1252
pre_xx_14827,chr17,15501719,15503499,1780
pre_xx_14828,chr17,15562984,15563885,901
pre_xx_14829,chr17,15650762,15652079,1317
pre_xx_14830,chr17,15653929,15655548,1619
pre_xx_14831,chr17,15659251,15660505,1254
pre_xx_14832,chr17,15683609,15684530,921
pre_xx_14833,chr17,15699007,15699917,910
pre_xx_14834,chr17,15744243,15745383,1140
pre_xx_14835,chr17,15828462,15829309,847
pre_xx_14836,chr17,15917102,15918239,1137
pre_xx_14837,chr17,15944270,15946303,2033
pre_xx_14838,chr17,15998361,16000703,2342
pre_xx_14839,chr17,16214450,16216331,1881
pre_xx_14840,chr17,16216897,16217733,836
pre_xx_14841,chr17,16351856,16353806,1950
pre_xx_14842,chr17,16363583,16365220,1637
pre_xx_14843,chr17,16380196,16382031,1835
pre_xx_14844,chr17,16385819,16387409,1590
pre_xx_14845,chr17,16406767,16408594,1827
pre_xx_14846,chr17,16414989,16416887,1898
pre_xx_14847,chr17,16438230,16439744,1514
pre_xx_14848,chr17,16452853,16453633,780
pre_xx_14849,chr17,16463330,16464292,962
pre_xx_14850,chr17,16484198,16485168,970
pre_xx_14851,chr17,16485590,16486922,1332
pre_xx_14852,chr17,16490817,16492832,2015
pre_xx_14853,chr17,16516244,16517102,858
pre_xx_14854,chr17,16520952,16521629,677
pre_xx_14855,chr17,16535024,16537194,2170
pre_xx_14856,chr17,16568302,16569566,1264
pre_xx_14857,chr17,16583899,16584784,885
pre_xx_14858,chr17,16588762,16589714,952
pre_xx_14859,chr17,16652662,16654126,1464
pre_xx_14860,chr17,16666604,16667640,1036
pre_xx_14861,chr17,16945198,16946099,901
pre_xx_14862,chr17,17001501,17002388,887
pre_xx_14863,chr17,17041598,17044374,2776
pre_xx_14864,chr17,17044686,17045572,886
pre_xx_14865,chr17,17051711,17053018,1307
pre_xx_14866,chr17,17205007,17207323,2316
pre_xx_14867,chr17,17236099,17237962,1863
pre_xx_14868,chr17,17280203,17281736,1533
pre_xx_14869,chr17,17300620,17301437,817
pre_xx_14870,chr17,17302878,17304017,1139
pre_xx_14871,chr17,17320519,17321655,1136
pre_xx_14872,chr17,17354772,17355473,701
pre_xx_14873,chr17,17355521,17356524,1003
pre_xx_14874,chr17,17387594,17388590,996
pre_xx_14875,chr17,17476286,17477578,1292
pre_xx_14876,chr17,17494585,17497164,2579
pre_xx_14877,chr17,17505913,17507810,1897
pre_xx_14878,chr17,17522716,17524038,1322
pre_xx_14879,chr17,17526004,17526941,937
pre_xx_14880,chr17,17550567,17551895,1328
pre_xx_14881,chr17,17569563,17571575,2012
pre_xx_14882,chr17,17590325,17592548,2223
pre_xx_14883,chr17,17663124,17663755,631
pre_xx_14884,chr17,17668825,17670371,1546
pre_xx_14885,chr17,17680960,17683570,2610
pre_xx_14886,chr17,17684963,17686835,1872
pre_xx_14887,chr17,17693295,17695510,2215
pre_xx_14888,chr17,17700130,17700930,800
pre_xx_14889,chr17,17710563,17711999,1436
pre_xx_14890,chr17,17722081,17725840,3759
pre_xx_14891,chr17,17737872,17739031,1159
pre_xx_14892,chr17,17740588,17742630,2042
pre_xx_14893,chr17,17751609,17753558,1949
pre_xx_14894,chr17,17768245,17769103,858
pre_xx_14895,chr17,17769770,17770994,1224
pre_xx_14896,chr17,17778470,17779217,747
pre_xx_14897,chr17,17780950,17784488,3538
pre_xx_14898,chr17,17791494,17793431,1937
pre_xx_14899,chr17,17799390,17800685,1295
pre_xx_14900,chr17,17809512,17810914,1402
pre_xx_14901,chr17,17811216,17812973,1757
pre_xx_14902,chr17,17823138,17825627,2489
pre_xx_14903,chr17,17835744,17837277,1533
pre_xx_14904,chr17,17839815,17840860,1045
pre_xx_14905,chr17,17854655,17856640,1985
pre_xx_14906,chr17,17859905,17860955,1050
pre_xx_14907,chr17,17868392,17869794,1402
pre_xx_14908,chr17,17876841,17878547,1706
pre_xx_14909,chr17,17890844,17891623,779
pre_xx_14910,chr17,17900389,17901457,1068
pre_xx_14911,chr17,17913619,17914625,1006
pre_xx_14912,chr17,17920957,17923144,2187
pre_xx_14913,chr17,17940235,17941421,1186
pre_xx_14914,chr17,17942924,17945022,2098
pre_xx_14915,chr17,17971036,17973175,2139
pre_xx_14916,chr17,17987636,17988252,616
pre_xx_14917,chr17,17989317,17990321,1004
pre_xx_14918,chr17,17994138,17995014,876
pre_xx_14919,chr17,18038445,18040643,2198
pre_xx_14920,chr17,18087165,18089199,2034
pre_xx_14921,chr17,18153225,18154363,1138
pre_xx_14922,chr17,18157694,18158648,954
pre_xx_14923,chr17,18160998,18161971,973
pre_xx_14924,chr17,18182213,18184985,2772
pre_xx_14925,chr17,18224133,18226828,2695
pre_xx_14926,chr17,18246599,18248854,2255
pre_xx_14927,chr17,18257240,18258932,1692
pre_xx_14928,chr17,18260149,18261717,1568
pre_xx_14929,chr17,18313656,18315904,2248
pre_xx_14930,chr17,18362358,18363875,1517
pre_xx_14931,chr17,18382253,18383607,1354
pre_xx_14932,chr17,18410407,18411801,1394
pre_xx_14933,chr17,18624912,18625998,1086
pre_xx_14934,chr17,18634438,18635382,944
pre_xx_14935,chr17,18697568,18698582,1014
pre_xx_14936,chr17,18780608,18781582,974
pre_xx_14937,chr17,18855683,18856637,954
pre_xx_14938,chr17,18857622,18858920,1298
pre_xx_14939,chr17,18960648,18962358,1710
pre_xx_14940,chr17,18966880,18968969,2089
pre_xx_14941,chr17,18979934,18981910,1976
pre_xx_14942,chr17,19000467,19001236,769
pre_xx_14943,chr17,19003253,19005128,1875
pre_xx_14944,chr17,19063208,19063932,724
pre_xx_14945,chr17,19110819,19112370,1551
pre_xx_14946,chr17,19237053,19238526,1473
pre_xx_14947,chr17,19316595,19317871,1276
pre_xx_14948,chr17,19329900,19331478,1578
pre_xx_14949,chr17,19341624,19342741,1117
pre_xx_14950,chr17,19361975,19363228,1253
pre_xx_14951,chr17,19364536,19365439,903
pre_xx_14952,chr17,19376882,19379280,2398
pre_xx_14953,chr17,19384443,19385695,1252
pre_xx_14954,chr17,19386385,19388205,1820
pre_xx_14955,chr17,19446631,19447606,975
pre_xx_14956,chr17,19448091,19449259,1168
pre_xx_14957,chr17,19507090,19508755,1665
pre_xx_14958,chr17,19519443,19520577,1134
pre_xx_14959,chr17,19533290,19534676,1386
pre_xx_14960,chr17,19579109,19580644,1535
pre_xx_14961,chr17,19647694,19649410,1716
pre_xx_14962,chr17,19706790,19707962,1172
pre_xx_14963,chr17,19727276,19728590,1314
pre_xx_14964,chr17,19744374,19745704,1330
pre_xx_14965,chr17,19761953,19762842,889
pre_xx_14966,chr17,19866467,19868380,1913
pre_xx_14967,chr17,19977060,19978462,1402
pre_xx_14968,chr17,19992602,19993333,731
pre_xx_14969,chr17,20008370,20010568,2198
pre_xx_14970,chr17,20102974,20104363,1389
pre_xx_14971,chr17,20120758,20122473,1715
pre_xx_14972,chr17,20136455,20137310,855
pre_xx_14973,chr17,20155444,20157296,1852
pre_xx_14974,chr17,20226611,20227322,711
pre_xx_14975,chr17,20232137,20233049,912
pre_xx_14976,chr17,20312916,20314178,1262
pre_xx_14977,chr17,20646396,20647280,884
pre_xx_14978,chr17,20704584,20705920,1336
pre_xx_14979,chr17,20840498,20842072,1574
pre_xx_14980,chr17,20843342,20844397,1055
pre_xx_14981,chr17,20851388,20853206,1818
pre_xx_14982,chr17,20907561,20909143,1582
pre_xx_14983,chr17,20943951,20944856,905
pre_xx_14984,chr17,20992543,20993546,1003
pre_xx_14985,chr17,21028351,21029315,964
pre_xx_14986,chr17,21041475,21044086,2611
pre_xx_14987,chr17,21098721,21100189,1468
pre_xx_14988,chr17,21126471,21127917,1446
pre_xx_14989,chr17,21212966,21215547,2581
pre_xx_14990,chr17,21252505,21253700,1195
pre_xx_14991,chr17,21274895,21276550,1655
pre_xx_14992,chr17,21279969,21280341,372
pre_xx_14993,chr17,21283598,21286687,3089
pre_xx_14994,chr17,21295081,21295700,619
pre_xx_14995,chr17,21322238,21323898,1660
pre_xx_14996,chr17,21375747,21378343,2596
pre_xx_14997,chr17,21387446,21388501,1055
pre_xx_14998,chr17,21452130,21453233,1103
pre_xx_14999,chr17,21456824,21458182,1358
pre_xx_15000,chr17,21463254,21464901,1647
pre_xx_15001,chr17,21510782,21512478,1696
pre_xx_15002,chr17,21512769,21513301,532
pre_xx_15003,chr17,21550619,21551972,1353
pre_xx_15004,chr17,22521254,22521631,377
pre_xx_15005,chr17,27244507,27245682,1175
pre_xx_15006,chr17,27284542,27285675,1133
pre_xx_15007,chr17,27293200,27295357,2157
pre_xx_15008,chr17,27332104,27333820,1716
pre_xx_15009,chr17,27344930,27345783,853
pre_xx_15010,chr17,27348750,27349930,1180
pre_xx_15011,chr17,27353417,27354434,1017
pre_xx_15012,chr17,27379746,27381519,1773
pre_xx_15013,chr17,27455485,27457462,1977
pre_xx_15014,chr17,27491518,27492632,1114
pre_xx_15015,chr17,27539985,27541039,1054
pre_xx_15016,chr17,27559345,27560965,1620
pre_xx_15017,chr17,27595818,27597276,1458
pre_xx_15018,chr17,27602641,27603834,1193
pre_xx_15019,chr17,27783546,27784760,1214
pre_xx_15020,chr17,27793115,27794163,1048
pre_xx_15021,chr17,27805128,27806207,1079
pre_xx_15022,chr17,27807717,27808482,765
pre_xx_15023,chr17,27879169,27880370,1201
pre_xx_15024,chr17,27892409,27893646,1237
pre_xx_15025,chr17,27904021,27907094,3073
pre_xx_15026,chr17,27918675,27919627,952
pre_xx_15027,chr17,27956389,27957599,1210
pre_xx_15028,chr17,27984292,27985820,1528
pre_xx_15029,chr17,28040775,28042295,1520
pre_xx_15030,chr17,28226874,28228577,1703
pre_xx_15031,chr17,28230007,28231636,1629
pre_xx_15032,chr17,28247922,28248575,653
pre_xx_15033,chr17,28251109,28251961,852
pre_xx_15034,chr17,28317990,28319932,1942
pre_xx_15035,chr17,28334710,28336815,2105
pre_xx_15036,chr17,28345564,28347527,1963
pre_xx_15037,chr17,28356444,28357977,1533
pre_xx_15038,chr17,28371059,28372580,1521
pre_xx_15039,chr17,28373651,28374415,764
pre_xx_15040,chr17,28380973,28381872,899
pre_xx_15041,chr17,28384045,28385414,1369
pre_xx_15042,chr17,28404670,28406668,1998
pre_xx_15043,chr17,28470585,28472306,1721
pre_xx_15044,chr17,28551661,28553081,1420
pre_xx_15045,chr17,28570513,28572007,1494
pre_xx_15046,chr17,28576433,28577454,1021
pre_xx_15047,chr17,28598104,28600019,1915
pre_xx_15048,chr17,28643976,28645685,1709
pre_xx_15049,chr17,28646141,28647135,994
pre_xx_15050,chr17,28661439,28662822,1383
pre_xx_15051,chr17,28710377,28712536,2159
pre_xx_15052,chr17,28716903,28718617,1714
pre_xx_15053,chr17,28719184,28720325,1141
pre_xx_15054,chr17,28725556,28727515,1959
pre_xx_15055,chr17,28727871,28729223,1352
pre_xx_15056,chr17,28743102,28744617,1515
pre_xx_15057,chr17,28744824,28746093,1269
pre_xx_15058,chr17,28749853,28750405,552
pre_xx_15059,chr17,28811521,28813676,2155
pre_xx_15060,chr17,28841629,28843111,1482
pre_xx_15061,chr17,28854222,28855480,1258
pre_xx_15062,chr17,28885626,28887401,1775
pre_xx_15063,chr17,28890383,28891680,1297
pre_xx_15064,chr17,28896097,28898064,1967
pre_xx_15065,chr17,28902130,28903432,1302
pre_xx_15066,chr17,28948847,28952738,3891
pre_xx_15067,chr17,28967604,28968782,1178
pre_xx_15068,chr17,28985648,28986681,1033
pre_xx_15069,chr17,29005062,29006398,1336
pre_xx_15070,chr17,29019236,29020276,1040
pre_xx_15071,chr17,29060208,29061712,1504
pre_xx_15072,chr17,29084400,29085432,1032
pre_xx_15073,chr17,29091385,29092688,1303
pre_xx_15074,chr17,29111171,29112220,1049
pre_xx_15075,chr17,29139846,29141656,1810
pre_xx_15076,chr17,29148325,29149416,1091
pre_xx_15077,chr17,29158376,29159725,1349
pre_xx_15078,chr17,29176248,29177211,963
pre_xx_15079,chr17,29178154,29180675,2521
pre_xx_15080,chr17,29219160,29219947,787
pre_xx_15081,chr17,29292207,29294588,2381
pre_xx_15082,chr17,29369626,29370890,1264
pre_xx_15083,chr17,29389757,29391694,1937
pre_xx_15084,chr17,29566078,29569264,3186
pre_xx_15085,chr17,29572272,29573374,1102
pre_xx_15086,chr17,29580126,29580688,562
pre_xx_15087,chr17,29588538,29589902,1364
pre_xx_15088,chr17,29590750,29592219,1469
pre_xx_15089,chr17,29592852,29594391,1539
pre_xx_15090,chr17,29612578,29613811,1233
pre_xx_15091,chr17,29615026,29616266,1240
pre_xx_15092,chr17,29617070,29617398,328
pre_xx_15093,chr17,29622209,29623350,1141
pre_xx_15094,chr17,29760199,29761742,1543
pre_xx_15095,chr17,29929003,29931657,2654
pre_xx_15096,chr17,30104305,30105157,852
pre_xx_15097,chr17,30116281,30117944,1663
pre_xx_15098,chr17,30234921,30236309,1388
pre_xx_15099,chr17,30237334,30238888,1554
pre_xx_15100,chr17,30263480,30264684,1204
pre_xx_15101,chr17,30290716,30292735,2019
pre_xx_15102,chr17,30339903,30341283,1380
pre_xx_15103,chr17,30343848,30345169,1321
pre_xx_15104,chr17,30378175,30379982,1807
pre_xx_15105,chr17,30476619,30478364,1745
pre_xx_15106,chr17,30599451,30601502,2051
pre_xx_15107,chr17,30667134,30668330,1196
pre_xx_15108,chr17,30697678,30698328,650
pre_xx_15109,chr17,30707529,30710456,2927
pre_xx_15110,chr17,30730763,30732138,1375
pre_xx_15111,chr17,30823569,30825258,1689
pre_xx_15112,chr17,30830963,30833160,2197
pre_xx_15113,chr17,30905656,30907124,1468
pre_xx_15114,chr17,30921401,30923124,1723
pre_xx_15115,chr17,30970058,30972243,2185
pre_xx_15116,chr17,31008082,31009435,1353
pre_xx_15117,chr17,31094275,31096372,2097
pre_xx_15118,chr17,31390584,31392638,2054
pre_xx_15119,chr17,31425003,31426237,1234
pre_xx_15120,chr17,31427410,31428092,682
pre_xx_15121,chr17,31437001,31437716,715
pre_xx_15122,chr17,31487328,31489376,2048
pre_xx_15123,chr17,31499498,31500592,1094
pre_xx_15124,chr17,31537291,31538448,1157
pre_xx_15125,chr17,31548688,31550698,2010
pre_xx_15126,chr17,31558375,31560412,2037
pre_xx_15127,chr17,31570749,31572019,1270
pre_xx_15128,chr17,31580628,31581936,1308
pre_xx_15129,chr17,31695615,31696793,1178
pre_xx_15130,chr17,31842209,31843712,1503
pre_xx_15131,chr17,31857958,31859903,1945
pre_xx_15132,chr17,31900779,31902168,1389
pre_xx_15133,chr17,31907002,31908796,1794
pre_xx_15134,chr17,31936212,31937550,1338
pre_xx_15135,chr17,32006479,32008450,1971
pre_xx_15136,chr17,32079578,32080227,649
pre_xx_15137,chr17,32083341,32084440,1099
pre_xx_15138,chr17,32126888,32127923,1035
pre_xx_15139,chr17,32129155,32129910,755
pre_xx_15140,chr17,32141152,32143405,2253
pre_xx_15141,chr17,32264872,32267076,2204
pre_xx_15142,chr17,32267465,32268175,710
pre_xx_15143,chr17,32277025,32277656,631
pre_xx_15144,chr17,32302720,32304365,1645
pre_xx_15145,chr17,32340945,32342527,1582
pre_xx_15146,chr17,32349160,32351009,1849
pre_xx_15147,chr17,32355390,32356273,883
pre_xx_15148,chr17,32443738,32445723,1985
pre_xx_15149,chr17,32483351,32484030,679
pre_xx_15150,chr17,32486007,32487829,1822
pre_xx_15151,chr17,32489987,32490429,442
pre_xx_15152,chr17,32518636,32520628,1992
pre_xx_15153,chr17,32875830,32877742,1912
pre_xx_15154,chr17,32911937,32912797,860
pre_xx_15155,chr17,32927233,32929688,2455
pre_xx_15156,chr17,32936298,32937580,1282
pre_xx_15157,chr17,32998183,32998935,752
pre_xx_15158,chr17,33291084,33293530,2446
pre_xx_15159,chr17,34156311,34157785,1474
pre_xx_15160,chr17,34199719,34200328,609
pre_xx_15161,chr17,34252047,34252976,929
pre_xx_15162,chr17,34254578,34255670,1092
pre_xx_15163,chr17,34361097,34361876,779
pre_xx_15164,chr17,34556019,34556938,919
pre_xx_15165,chr17,34578857,34580507,1650
pre_xx_15166,chr17,34580676,34582355,1679
pre_xx_15167,chr17,34584851,34585374,523
pre_xx_15168,chr17,34598153,34599009,856
pre_xx_15169,chr17,34604044,34605180,1136
pre_xx_15170,chr17,34612775,34613916,1141
pre_xx_15171,chr17,34615658,34616669,1011
pre_xx_15172,chr17,34625978,34627213,1235
pre_xx_15173,chr17,34637216,34638580,1364
pre_xx_15174,chr17,34645032,34646663,1631
pre_xx_15175,chr17,34960755,34962322,1567
pre_xx_15176,chr17,34979819,34982179,2360
pre_xx_15177,chr17,34996939,34997906,967
pre_xx_15178,chr17,35063303,35064321,1018
pre_xx_15179,chr17,35087849,35090102,2253
pre_xx_15180,chr17,35118972,35120245,1273
pre_xx_15181,chr17,35141505,35142694,1189
pre_xx_15182,chr17,35241820,35244785,2965
pre_xx_15183,chr17,35256577,35258022,1445
pre_xx_15184,chr17,35312511,35314830,2319
pre_xx_15185,chr17,35372794,35374756,1962
pre_xx_15186,chr17,35431634,35433917,2283
pre_xx_15187,chr17,35447981,35449889,1908
pre_xx_15188,chr17,35460149,35460949,800
pre_xx_15189,chr17,35486810,35488506,1696
pre_xx_15190,chr17,35495238,35496796,1558
pre_xx_15191,chr17,35567243,35568818,1575
pre_xx_15192,chr17,35577708,35579366,1658
pre_xx_15193,chr17,35586693,35588075,1382
pre_xx_15194,chr17,35712623,35713788,1165
pre_xx_15195,chr17,35731243,35732857,1614
pre_xx_15196,chr17,35747242,35747921,679
pre_xx_15197,chr17,35763759,35765017,1258
pre_xx_15198,chr17,35773253,35775396,2143
pre_xx_15199,chr17,35783166,35784138,972
pre_xx_15200,chr17,35794647,35795890,1243
pre_xx_15201,chr17,35799682,35800406,724
pre_xx_15202,chr17,35804640,35805100,460
pre_xx_15203,chr17,35808435,35810652,2217
pre_xx_15204,chr17,35929981,35931023,1042
pre_xx_15205,chr17,35942190,35943601,1411
pre_xx_15206,chr17,36182414,36183926,1512
pre_xx_15207,chr17,36204443,36205559,1116
pre_xx_15208,chr17,36463563,36464673,1110
pre_xx_15209,chr17,36482531,36483351,820
pre_xx_15210,chr17,36486150,36487332,1182
pre_xx_15211,chr17,36533854,36535851,1997
pre_xx_15212,chr17,36543886,36546213,2327
pre_xx_15213,chr17,36591002,36593448,2446
pre_xx_15214,chr17,36600750,36603246,2496
pre_xx_15215,chr17,36608401,36609492,1091
pre_xx_15216,chr17,36612937,36613742,805
pre_xx_15217,chr17,36629064,36630510,1446
pre_xx_15218,chr17,36641056,36642728,1672
pre_xx_15219,chr17,36657125,36658508,1383
pre_xx_15220,chr17,36703547,36704481,934
pre_xx_15221,chr17,36721573,36723125,1552
pre_xx_15222,chr17,36727594,36729004,1410
pre_xx_15223,chr17,36856191,36857438,1247
pre_xx_15224,chr17,36934438,36935229,791
pre_xx_15225,chr17,36935873,36936979,1106
pre_xx_15226,chr17,36938110,36938861,751
pre_xx_15227,chr17,36948190,36949835,1645
pre_xx_15228,chr17,37083015,37084030,1015
pre_xx_15229,chr17,37106662,37107999,1337
pre_xx_15230,chr17,37209813,37211020,1207
pre_xx_15231,chr17,37298547,37300155,1608
pre_xx_15232,chr17,37358068,37360112,2044
pre_xx_15233,chr17,37373201,37373913,712
pre_xx_15234,chr17,37405922,37407711,1789
pre_xx_15235,chr17,37488021,37490714,2693
pre_xx_15236,chr17,37490873,37491559,686
pre_xx_15237,chr17,37608095,37609938,1843
pre_xx_15238,chr17,37642137,37644196,2059
pre_xx_15239,chr17,37670813,37672142,1329
pre_xx_15240,chr17,37675911,37677119,1208
pre_xx_15241,chr17,37716636,37717693,1057
pre_xx_15242,chr17,37741879,37745780,3901
pre_xx_15243,chr17,38255749,38257813,2064
pre_xx_15244,chr17,38276411,38277623,1212
pre_xx_15245,chr17,38296409,38297911,1502
pre_xx_15246,chr17,38349118,38349460,342
pre_xx_15247,chr17,38351369,38353119,1750
pre_xx_15248,chr17,38414482,38415936,1454
pre_xx_15249,chr17,38417445,38418248,803
pre_xx_15250,chr17,38418633,38419505,872
pre_xx_15251,chr17,38421050,38421954,904
pre_xx_15252,chr17,38427652,38429719,2067
pre_xx_15253,chr17,38440775,38441957,1182
pre_xx_15254,chr17,38443523,38444687,1164
pre_xx_15255,chr17,38450847,38452440,1593
pre_xx_15256,chr17,38453089,38454926,1837
pre_xx_15257,chr17,38464162,38466020,1858
pre_xx_15258,chr17,38509145,38511181,2036
pre_xx_15259,chr17,38557899,38559808,1909
pre_xx_15260,chr17,38563859,38564513,654
pre_xx_15261,chr17,38571814,38573232,1418
pre_xx_15262,chr17,38579783,38580477,694
pre_xx_15263,chr17,38598544,38598946,402
pre_xx_15264,chr17,38600569,38601400,831
pre_xx_15265,chr17,38601458,38602404,946
pre_xx_15266,chr17,38604537,38605189,652
pre_xx_15267,chr17,38605352,38606795,1443
pre_xx_15268,chr17,38606914,38607679,765
pre_xx_15269,chr17,38658567,38659443,876
pre_xx_15270,chr17,38663095,38663517,422
pre_xx_15271,chr17,38667273,38667853,580
pre_xx_15272,chr17,38673433,38675222,1789
pre_xx_15273,chr17,38676898,38677384,486
pre_xx_15274,chr17,38701833,38702774,941
pre_xx_15275,chr17,38703637,38704223,586
pre_xx_15276,chr17,38704517,38706630,2113
pre_xx_15277,chr17,38718253,38720502,2249
pre_xx_15278,chr17,38724300,38725410,1110
pre_xx_15279,chr17,38729622,38731198,1576
pre_xx_15280,chr17,38741462,38743061,1599
pre_xx_15281,chr17,38743439,38743902,463
pre_xx_15282,chr17,38747205,38748717,1512
pre_xx_15283,chr17,38748924,38750179,1255
pre_xx_15284,chr17,38751724,38753162,1438
pre_xx_15285,chr17,38798580,38800454,1874
pre_xx_15286,chr17,38824553,38825768,1215
pre_xx_15287,chr17,38852683,38854414,1731
pre_xx_15288,chr17,38868827,38871111,2284
pre_xx_15289,chr17,38879721,38880730,1009
pre_xx_15290,chr17,38881323,38882323,1000
pre_xx_15291,chr17,38893506,38894647,1141
pre_xx_15292,chr17,38897585,38898632,1047
pre_xx_15293,chr17,38912122,38912798,676
pre_xx_15294,chr17,38922318,38923331,1013
pre_xx_15295,chr17,38925175,38925941,766
pre_xx_15296,chr17,38966922,38968059,1137
pre_xx_15297,chr17,39026666,39027809,1143
pre_xx_15298,chr17,39056593,39057672,1079
pre_xx_15299,chr17,39090711,39091757,1046
pre_xx_15300,chr17,39099606,39100393,787
pre_xx_15301,chr17,39150903,39151901,998
pre_xx_15302,chr17,39152486,39154665,2179
pre_xx_15303,chr17,39164514,39166046,1532
pre_xx_15304,chr17,39173164,39175631,2467
pre_xx_15305,chr17,39191486,39192145,659
pre_xx_15306,chr17,39194409,39194791,382
pre_xx_15307,chr17,39196418,39198091,1673
pre_xx_15308,chr17,39199619,39200745,1126
pre_xx_15309,chr17,39206484,39207373,889
pre_xx_15310,chr17,39209397,39210408,1011
pre_xx_15311,chr17,39224234,39226228,1994
pre_xx_15312,chr17,39231023,39232355,1332
pre_xx_15313,chr17,39235639,39237355,1716
pre_xx_15314,chr17,39239442,39239941,499
pre_xx_15315,chr17,39243952,39245238,1286
pre_xx_15316,chr17,39334247,39336119,1872
pre_xx_15317,chr17,39400400,39402796,2396
pre_xx_15318,chr17,39450294,39451779,1485
pre_xx_15319,chr17,39460697,39463367,2670
pre_xx_15320,chr17,39562874,39564671,1797
pre_xx_15321,chr17,39572827,39574326,1499
pre_xx_15322,chr17,39591881,39592667,786
pre_xx_15323,chr17,39605459,39607333,1874
pre_xx_15324,chr17,39617375,39618702,1327
pre_xx_15325,chr17,39621681,39622312,631
pre_xx_15326,chr17,39623253,39623708,455
pre_xx_15327,chr17,39626542,39627818,1276
pre_xx_15328,chr17,39632172,39632934,762
pre_xx_15329,chr17,39636492,39638115,1623
pre_xx_15330,chr17,39659061,39660140,1079
pre_xx_15331,chr17,39665248,39666085,837
pre_xx_15332,chr17,39667442,39668691,1249
pre_xx_15333,chr17,39671622,39672480,858
pre_xx_15334,chr17,39687353,39689112,1759
pre_xx_15335,chr17,39699602,39701090,1488
pre_xx_15336,chr17,39704874,39706856,1982
pre_xx_15337,chr17,39729503,39730952,1449
pre_xx_15338,chr17,39737344,39740945,3601
pre_xx_15339,chr17,39753639,39756141,2502
pre_xx_15340,chr17,39863757,39864594,837
pre_xx_15341,chr17,39926325,39928407,2082
pre_xx_15342,chr17,39939225,39940478,1253
pre_xx_15343,chr17,39952243,39953700,1457
pre_xx_15344,chr17,39958658,39959422,764
pre_xx_15345,chr17,39962340,39963117,777
pre_xx_15346,chr17,39971288,39972830,1542
pre_xx_15347,chr17,39979819,39981725,1906
pre_xx_15348,chr17,40013523,40014078,555
pre_xx_15349,chr17,40017931,40019373,1442
pre_xx_15350,chr17,40026564,40027969,1405
pre_xx_15351,chr17,40038559,40039409,850
pre_xx_15352,chr17,40053760,40054871,1111
pre_xx_15353,chr17,40062299,40063787,1488
pre_xx_15354,chr17,40068411,40070569,2158
pre_xx_15355,chr17,40071967,40072556,589
pre_xx_15356,chr17,40074920,40075893,973
pre_xx_15357,chr17,40088957,40090752,1795
pre_xx_15358,chr17,40091509,40092359,850
pre_xx_15359,chr17,40098808,40101427,2619
pre_xx_15360,chr17,40106492,40107772,1280
pre_xx_15361,chr17,40111082,40112051,969
pre_xx_15362,chr17,40112707,40113938,1231
pre_xx_15363,chr17,40120946,40123829,2883
pre_xx_15364,chr17,40124150,40124736,586
pre_xx_15365,chr17,40139429,40141185,1756
pre_xx_15366,chr17,40167825,40168732,907
pre_xx_15367,chr17,40176347,40178967,2620
pre_xx_15368,chr17,40180456,40181524,1068
pre_xx_15369,chr17,40190421,40191981,1560
pre_xx_15370,chr17,40201541,40202382,841
pre_xx_15371,chr17,40218504,40220329,1825
pre_xx_15372,chr17,40287245,40288573,1328
pre_xx_15373,chr17,40303011,40304696,1685
pre_xx_15374,chr17,40306558,40307862,1304
pre_xx_15375,chr17,40308965,40309765,800
pre_xx_15376,chr17,40314272,40314969,697
pre_xx_15377,chr17,40316426,40317230,804
pre_xx_15378,chr17,40317696,40318937,1241
pre_xx_15379,chr17,40320879,40321990,1111
pre_xx_15380,chr17,40329932,40330846,914
pre_xx_15381,chr17,40331334,40332702,1368
pre_xx_15382,chr17,40341009,40342575,1566
pre_xx_15383,chr17,40344636,40345873,1237
pre_xx_15384,chr17,40350086,40351760,1674
pre_xx_15385,chr17,40354602,40355374,772
pre_xx_15386,chr17,40358490,40358818,328
pre_xx_15387,chr17,40362406,40364034,1628
pre_xx_15388,chr17,40417012,40418655,1643
pre_xx_15389,chr17,40442721,40444936,2215
pre_xx_15390,chr17,40457773,40458993,1220
pre_xx_15391,chr17,40461490,40463537,2047
pre_xx_15392,chr17,40474148,40474959,811
pre_xx_15393,chr17,40475518,40476553,1035
pre_xx_15394,chr17,40485620,40486501,881
pre_xx_15395,chr17,40499084,40499970,886
pre_xx_15396,chr17,40532269,40533819,1550
pre_xx_15397,chr17,40541867,40543875,2008
pre_xx_15398,chr17,40556884,40559592,2708
pre_xx_15399,chr17,40560005,40561353,1348
pre_xx_15400,chr17,40615158,40616001,843
pre_xx_15401,chr17,40619617,40620703,1086
pre_xx_15402,chr17,40647264,40649147,1883
pre_xx_15403,chr17,40697064,40698489,1425
pre_xx_15404,chr17,40699262,40700386,1124
pre_xx_15405,chr17,40743265,40744391,1126
pre_xx_15406,chr17,40803360,40803911,551
pre_xx_15407,chr17,40818247,40820002,1755
pre_xx_15408,chr17,40909089,40910835,1746
pre_xx_15409,chr17,41464254,41465325,1071
pre_xx_15410,chr17,41519007,41520009,1002
pre_xx_15411,chr17,41520690,41521465,775
pre_xx_15412,chr17,41526882,41528633,1751
pre_xx_15413,chr17,41547196,41548334,1138
pre_xx_15414,chr17,41548504,41549930,1426
pre_xx_15415,chr17,41579130,41580072,942
pre_xx_15416,chr17,41592694,41594247,1553
pre_xx_15417,chr17,41617886,41619314,1428
pre_xx_15418,chr17,41624290,41625069,779
pre_xx_15419,chr17,41634639,41635866,1227
pre_xx_15420,chr17,41647385,41648995,1610
pre_xx_15421,chr17,41651349,41651846,497
pre_xx_15422,chr17,41653897,41654485,588
pre_xx_15423,chr17,41655031,41656356,1325
pre_xx_15424,chr17,41662462,41663051,589
pre_xx_15425,chr17,41665391,41667296,1905
pre_xx_15426,chr17,41687852,41690049,2197
pre_xx_15427,chr17,41690998,41692457,1459
pre_xx_15428,chr17,41705074,41706463,1389
pre_xx_15429,chr17,41723985,41725484,1499
pre_xx_15430,chr17,41733504,41735144,1640
pre_xx_15431,chr17,41737820,41738387,567
pre_xx_15432,chr17,41776988,41778288,1300
pre_xx_15433,chr17,41785009,41787184,2175
pre_xx_15434,chr17,41792570,41794673,2103
pre_xx_15435,chr17,41800350,41801939,1589
pre_xx_15436,chr17,41810990,41813916,2926
pre_xx_15437,chr17,41835232,41836725,1493
pre_xx_15438,chr17,41864010,41865740,1730
pre_xx_15439,chr17,41917138,41919836,2698
pre_xx_15440,chr17,41929781,41931104,1323
pre_xx_15441,chr17,41959074,41960003,929
pre_xx_15442,chr17,41962708,41963229,521
pre_xx_15443,chr17,41965632,41967779,2147
pre_xx_15444,chr17,42016322,42018283,1961
pre_xx_15445,chr17,42019676,42020741,1065
pre_xx_15446,chr17,42024562,42025257,695
pre_xx_15447,chr17,42039496,42040536,1040
pre_xx_15448,chr17,42049825,42051106,1281
pre_xx_15449,chr17,42067124,42068145,1021
pre_xx_15450,chr17,42072161,42073141,980
pre_xx_15451,chr17,42086930,42087841,911
pre_xx_15452,chr17,42097814,42099469,1655
pre_xx_15453,chr17,42107402,42108766,1364
pre_xx_15454,chr17,42111802,42112954,1152
pre_xx_15455,chr17,42116690,42117110,420
pre_xx_15456,chr17,42120601,42121702,1101
pre_xx_15457,chr17,42122226,42122907,681
pre_xx_15458,chr17,42132829,42134004,1175
pre_xx_15459,chr17,42135273,42136216,943
pre_xx_15460,chr17,42153672,42155966,2294
pre_xx_15461,chr17,42179924,42180691,767
pre_xx_15462,chr17,42183647,42184685,1038
pre_xx_15463,chr17,42193953,42194693,740
pre_xx_15464,chr17,42275186,42277497,2311
pre_xx_15465,chr17,42281449,42282011,562
pre_xx_15466,chr17,42287991,42289731,1740
pre_xx_15467,chr17,42310267,42313179,2912
pre_xx_15468,chr17,42322446,42323369,923
pre_xx_15469,chr17,42378048,42379669,1621
pre_xx_15470,chr17,42386855,42389279,2424
pre_xx_15471,chr17,42405886,42406384,498
pre_xx_15472,chr17,42406653,42407838,1185
pre_xx_15473,chr17,42421376,42423594,2218
pre_xx_15474,chr17,42458028,42460204,2176
pre_xx_15475,chr17,42518351,42520772,2421
pre_xx_15476,chr17,42527049,42527581,532
pre_xx_15477,chr17,42531455,42532346,891
pre_xx_15478,chr17,42535523,42537537,2014
pre_xx_15479,chr17,42547889,42548859,970
pre_xx_15480,chr17,42552762,42555373,2611
pre_xx_15481,chr17,42561336,42562772,1436
pre_xx_15482,chr17,42566500,42568000,1500
pre_xx_15483,chr17,42577155,42578858,1703
pre_xx_15484,chr17,42608242,42610256,2014
pre_xx_15485,chr17,42617869,42619182,1313
pre_xx_15486,chr17,42652915,42654463,1548
pre_xx_15487,chr17,42658818,42659957,1139
pre_xx_15488,chr17,42669133,42671006,1873
pre_xx_15489,chr17,42675428,42675738,310
pre_xx_15490,chr17,42675955,42677399,1444
pre_xx_15491,chr17,42677945,42678535,590
pre_xx_15492,chr17,42679057,42679309,252
pre_xx_15493,chr17,42679346,42680227,881
pre_xx_15494,chr17,42682303,42683326,1023
pre_xx_15495,chr17,42698556,42700039,1483
pre_xx_15496,chr17,42743790,42745337,1547
pre_xx_15497,chr17,42760419,42761929,1510
pre_xx_15498,chr17,42772870,42774009,1139
pre_xx_15499,chr17,42779328,42781140,1812
pre_xx_15500,chr17,42797917,42799234,1317
pre_xx_15501,chr17,42823517,42824667,1150
pre_xx_15502,chr17,42832629,42834073,1444
pre_xx_15503,chr17,42963931,42965183,1252
pre_xx_15504,chr17,42979625,42981681,2056
pre_xx_15505,chr17,42997571,42999048,1477
pre_xx_15506,chr17,43006388,43007325,937
pre_xx_15507,chr17,43020976,43022535,1559
pre_xx_15508,chr17,43024262,43025831,1569
pre_xx_15509,chr17,43033796,43034885,1089
pre_xx_15510,chr17,43085145,43085865,720
pre_xx_15511,chr17,43118579,43119806,1227
pre_xx_15512,chr17,43124308,43127072,2764
pre_xx_15513,chr17,43152857,43154019,1162
pre_xx_15514,chr17,43168808,43171613,2805
pre_xx_15515,chr17,43171913,43172457,544
pre_xx_15516,chr17,43211156,43212957,1801
pre_xx_15517,chr17,43309443,43310185,742
pre_xx_15518,chr17,43314982,43316949,1967
pre_xx_15519,chr17,43327544,43329318,1774
pre_xx_15520,chr17,43333857,43334503,646
pre_xx_15521,chr17,43338759,43339210,451
pre_xx_15522,chr17,43341438,43343637,2199
pre_xx_15523,chr17,43359772,43362180,2408
pre_xx_15524,chr17,43367494,43369508,2014
pre_xx_15525,chr17,43372247,43373769,1522
pre_xx_15526,chr17,43387997,43389672,1675
pre_xx_15527,chr17,43398425,43399471,1046
pre_xx_15528,chr17,43406569,43407649,1080
pre_xx_15529,chr17,43417088,43418334,1246
pre_xx_15530,chr17,43482669,43484680,2011
pre_xx_15531,chr17,43529689,43531394,1705
pre_xx_15532,chr17,43545010,43546861,1851
pre_xx_15533,chr17,43562357,43563820,1463
pre_xx_15534,chr17,43576383,43576958,575
pre_xx_15535,chr17,43590996,43592897,1901
pre_xx_15536,chr17,43645547,43646543,996
pre_xx_15537,chr17,43661403,43663096,1693
pre_xx_15538,chr17,43669761,43670513,752
pre_xx_15539,chr17,43677584,43678242,658
pre_xx_15540,chr17,43694013,43694827,814
pre_xx_15541,chr17,43712226,43714294,2068
pre_xx_15542,chr17,43720183,43721192,1009
pre_xx_15543,chr17,43754801,43755800,999
pre_xx_15544,chr17,43758566,43759196,630
pre_xx_15545,chr17,43760019,43760951,932
pre_xx_15546,chr17,43777976,43780028,2052
pre_xx_15547,chr17,43832278,43833960,1682
pre_xx_15548,chr17,43846038,43847337,1299
pre_xx_15549,chr17,43878349,43879405,1056
pre_xx_15550,chr17,43899911,43901270,1359
pre_xx_15551,chr17,43905934,43908391,2457
pre_xx_15552,chr17,43911804,43912292,488
pre_xx_15553,chr17,43926688,43928319,1631
pre_xx_15554,chr17,43937511,43939206,1695
pre_xx_15555,chr17,43943804,43944547,743
pre_xx_15556,chr17,43951948,43954123,2175
pre_xx_15557,chr17,43983340,43984761,1421
pre_xx_15558,chr17,43993891,43995234,1343
pre_xx_15559,chr17,44004250,44005469,1219
pre_xx_15560,chr17,44005626,44007986,2360
pre_xx_15561,chr17,44013765,44015292,1527
pre_xx_15562,chr17,44065518,44066871,1353
pre_xx_15563,chr17,44070040,44071337,1297
pre_xx_15564,chr17,44086496,44087743,1247
pre_xx_15565,chr17,44095338,44096472,1134
pre_xx_15566,chr17,44105251,44105893,642
pre_xx_15567,chr17,44108120,44109058,938
pre_xx_15568,chr17,44110773,44111747,974
pre_xx_15569,chr17,44122736,44124304,1568
pre_xx_15570,chr17,44137753,44138650,897
pre_xx_15571,chr17,44141285,44142721,1436
pre_xx_15572,chr17,44168069,44168814,745
pre_xx_15573,chr17,44169869,44171243,1374
pre_xx_15574,chr17,44185896,44187504,1608
pre_xx_15575,chr17,44198168,44200939,2771
pre_xx_15576,chr17,44210007,44211019,1012
pre_xx_15577,chr17,44212589,44213594,1005
pre_xx_15578,chr17,44218222,44222787,4565
pre_xx_15579,chr17,44279401,44280427,1026
pre_xx_15580,chr17,44307501,44309171,1670
pre_xx_15581,chr17,44314617,44315728,1111
pre_xx_15582,chr17,44323954,44325860,1906
pre_xx_15583,chr17,44326543,44327127,584
pre_xx_15584,chr17,44330970,44331651,681
pre_xx_15585,chr17,44344764,44346253,1489
pre_xx_15586,chr17,44350617,44351085,468
pre_xx_15587,chr17,44353177,44355403,2226
pre_xx_15588,chr17,44360591,44364144,3553
pre_xx_15589,chr17,44374498,44376496,1998
pre_xx_15590,chr17,44384322,44386278,1956
pre_xx_15591,chr17,44501939,44504099,2160
pre_xx_15592,chr17,44533321,44534191,870
pre_xx_15593,chr17,44556099,44558653,2554
pre_xx_15594,chr17,44626929,44629302,2373
pre_xx_15595,chr17,44655266,44657547,2281
pre_xx_15596,chr17,44688795,44690601,1806
pre_xx_15597,chr17,44707934,44709451,1517
pre_xx_15598,chr17,44748882,44750731,1849
pre_xx_15599,chr17,44758277,44759985,1708
pre_xx_15600,chr17,44774609,44776249,1640
pre_xx_15601,chr17,44778907,44779612,705
pre_xx_15602,chr17,44829036,44830875,1839
pre_xx_15603,chr17,44884678,44885566,888
pre_xx_15604,chr17,44898547,44900240,1693
pre_xx_15605,chr17,44910940,44911841,901
pre_xx_15606,chr17,44919681,44920355,674
pre_xx_15607,chr17,44946996,44948381,1385
pre_xx_15608,chr17,44959424,44960959,1535
pre_xx_15609,chr17,44967144,44969613,2469
pre_xx_15610,chr17,44970061,44970766,705
pre_xx_15611,chr17,44979294,44980675,1381
pre_xx_15612,chr17,44986874,44988783,1909
pre_xx_15613,chr17,45006753,45007452,699
pre_xx_15614,chr17,45018534,45019653,1119
pre_xx_15615,chr17,45020572,45021228,656
pre_xx_15616,chr17,45021340,45022298,958
pre_xx_15617,chr17,45029676,45032390,2714
pre_xx_15618,chr17,45038221,45039694,1473
pre_xx_15619,chr17,45050320,45051772,1452
pre_xx_15620,chr17,45060324,45061779,1455
pre_xx_15621,chr17,45098533,45099569,1036
pre_xx_15622,chr17,45110681,45111699,1018
pre_xx_15623,chr17,45127281,45128304,1023
pre_xx_15624,chr17,45131736,45133450,1714
pre_xx_15625,chr17,45135160,45135988,828
pre_xx_15626,chr17,45143414,45144798,1384
pre_xx_15627,chr17,45146850,45150256,3406
pre_xx_15628,chr17,45151912,45152249,337
pre_xx_15629,chr17,45160296,45162369,2073
pre_xx_15630,chr17,45170711,45173216,2505
pre_xx_15631,chr17,45175913,45176774,861
pre_xx_15632,chr17,45197046,45198203,1157
pre_xx_15633,chr17,45220981,45222792,1811
pre_xx_15634,chr17,45227934,45229520,1586
pre_xx_15635,chr17,45240634,45242256,1622
pre_xx_15636,chr17,45243717,45244178,461
pre_xx_15637,chr17,45246811,45248513,1702
pre_xx_15638,chr17,45261446,45263530,2084
pre_xx_15639,chr17,45277192,45278483,1291
pre_xx_15640,chr17,45316052,45317858,1806
pre_xx_15641,chr17,45371251,45372252,1001
pre_xx_15642,chr17,45384929,45386120,1191
pre_xx_15643,chr17,45394723,45396505,1782
pre_xx_15644,chr17,45404865,45406121,1256
pre_xx_15645,chr17,45424966,45426078,1112
pre_xx_15646,chr17,45428045,45428556,511
pre_xx_15647,chr17,45429461,45430165,704
pre_xx_15648,chr17,45430678,45433405,2727
pre_xx_15649,chr17,45489923,45491632,1709
pre_xx_15650,chr17,45583202,45585504,2302
pre_xx_15651,chr17,45783061,45785585,2524
pre_xx_15652,chr17,45810500,45811271,771
pre_xx_15653,chr17,45857786,45858582,796
pre_xx_15654,chr17,45893891,45896321,2430
pre_xx_15655,chr17,45907862,45909140,1278
pre_xx_15656,chr17,46003637,46004608,971
pre_xx_15657,chr17,46026219,46029394,3175
pre_xx_15658,chr17,46044010,46044854,844
pre_xx_15659,chr17,46191348,46194359,3011
pre_xx_15660,chr17,46224772,46225795,1023
pre_xx_15661,chr17,46259764,46260758,994
pre_xx_15662,chr17,46265981,46267799,1818
pre_xx_15663,chr17,46286369,46287201,832
pre_xx_15664,chr17,46770711,46772799,2088
pre_xx_15665,chr17,46818299,46820293,1994
pre_xx_15666,chr17,46850764,46852396,1632
pre_xx_15667,chr17,46922496,46923723,1227
pre_xx_15668,chr17,46940534,46941164,630
pre_xx_15669,chr17,46977013,46977692,679
pre_xx_15670,chr17,46978327,46979653,1326
pre_xx_15671,chr17,47066687,47067685,998
pre_xx_15672,chr17,47099389,47100750,1361
pre_xx_15673,chr17,47188168,47189820,1652
pre_xx_15674,chr17,47229401,47231351,1950
pre_xx_15675,chr17,47253356,47254727,1371
pre_xx_15676,chr17,47323279,47325016,1737
pre_xx_15677,chr17,47422901,47424539,1638
pre_xx_15678,chr17,47491564,47493013,1449
pre_xx_15679,chr17,47530409,47531291,882
pre_xx_15680,chr17,47531514,47532477,963
pre_xx_15681,chr17,47648747,47650959,2212
pre_xx_15682,chr17,47692928,47695969,3041
pre_xx_15683,chr17,47707974,47709511,1537
pre_xx_15684,chr17,47717433,47718950,1517
pre_xx_15685,chr17,47726064,47728172,2108
pre_xx_15686,chr17,47732879,47734390,1511
pre_xx_15687,chr17,47742285,47743004,719
pre_xx_15688,chr17,47789496,47790530,1034
pre_xx_15689,chr17,47821003,47822718,1715
pre_xx_15690,chr17,47830556,47832211,1655
pre_xx_15691,chr17,47840361,47841578,1217
pre_xx_15692,chr17,47842936,47843350,414
pre_xx_15693,chr17,47850318,47851520,1202
pre_xx_15694,chr17,47872130,47873213,1083
pre_xx_15695,chr17,47874899,47875645,746
pre_xx_15696,chr17,47877411,47878140,729
pre_xx_15697,chr17,47883304,47886042,2738
pre_xx_15698,chr17,47889707,47890417,710
pre_xx_15699,chr17,47895081,47897374,2293
pre_xx_15700,chr17,47940920,47942337,1417
pre_xx_15701,chr17,47948934,47950089,1155
pre_xx_15702,chr17,47970419,47971560,1141
pre_xx_15703,chr17,48002211,48004127,1916
pre_xx_15704,chr17,48011241,48013019,1778
pre_xx_15705,chr17,48018118,48018639,521
pre_xx_15706,chr17,48023308,48025831,2523
pre_xx_15707,chr17,48026054,48026943,889
pre_xx_15708,chr17,48036718,48038316,1598
pre_xx_15709,chr17,48047258,48049207,1949
pre_xx_15710,chr17,48051604,48052247,643
pre_xx_15711,chr17,48053954,48055032,1078
pre_xx_15712,chr17,48100135,48101943,1808
pre_xx_15713,chr17,48106844,48108507,1663
pre_xx_15714,chr17,48438679,48441000,2321
pre_xx_15715,chr17,48456507,48457683,1176
pre_xx_15716,chr17,48492250,48493476,1226
pre_xx_15717,chr17,48541220,48542513,1293
pre_xx_15718,chr17,48542985,48544086,1101
pre_xx_15719,chr17,48584741,48586586,1845
pre_xx_15720,chr17,48593103,48594502,1399
pre_xx_15721,chr17,48597576,48598531,955
pre_xx_15722,chr17,48602267,48602898,631
pre_xx_15723,chr17,48609825,48611380,1555
pre_xx_15724,chr17,48611720,48613570,1850
pre_xx_15725,chr17,48618401,48620285,1884
pre_xx_15726,chr17,48624801,48626880,2079
pre_xx_15727,chr17,48636338,48636972,634
pre_xx_15728,chr17,48645937,48647878,1941
pre_xx_15729,chr17,48671350,48672261,911
pre_xx_15730,chr17,48718241,48720194,1953
pre_xx_15731,chr17,48724322,48724837,515
pre_xx_15732,chr17,48728285,48729179,894
pre_xx_15733,chr17,48790706,48791365,659
pre_xx_15734,chr17,48816452,48817649,1197
pre_xx_15735,chr17,48830550,48831754,1204
pre_xx_15736,chr17,48891908,48893600,1692
pre_xx_15737,chr17,48907703,48909539,1836
pre_xx_15738,chr17,48943863,48945317,1454
pre_xx_15739,chr17,48960689,48962098,1409
pre_xx_15740,chr17,48995271,48998771,3500
pre_xx_15741,chr17,49003413,49004433,1020
pre_xx_15742,chr17,49013008,49014777,1769
pre_xx_15743,chr17,49016375,49017305,930
pre_xx_15744,chr17,49031848,49032847,999
pre_xx_15745,chr17,49035291,49036341,1050
pre_xx_15746,chr17,49092472,49093510,1038
pre_xx_15747,chr17,49106248,49107125,877
pre_xx_15748,chr17,49132202,49133350,1148
pre_xx_15749,chr17,49191643,49194282,2639
pre_xx_15750,chr17,49223248,49225126,1878
pre_xx_15751,chr17,49229875,49231241,1366
pre_xx_15752,chr17,49259548,49261288,1740
pre_xx_15753,chr17,49360511,49362929,2418
pre_xx_15754,chr17,49407814,49408775,961
pre_xx_15755,chr17,49414170,49415601,1431
pre_xx_15756,chr17,49439803,49440642,839
pre_xx_15757,chr17,49455051,49456587,1536
pre_xx_15758,chr17,49457725,49458605,880
pre_xx_15759,chr17,49469700,49471631,1931
pre_xx_15760,chr17,49485330,49486757,1427
pre_xx_15761,chr17,49494678,49495633,955
pre_xx_15762,chr17,49495665,49496771,1106
pre_xx_15763,chr17,49497077,49497944,867
pre_xx_15764,chr17,49554918,49556805,1887
pre_xx_15765,chr17,49567706,49568539,833
pre_xx_15766,chr17,49569642,49570592,950
pre_xx_15767,chr17,49575414,49577304,1890
pre_xx_15768,chr17,49595818,49597291,1473
pre_xx_15769,chr17,49677053,49678489,1436
pre_xx_15770,chr17,49707169,49708577,1408
pre_xx_15771,chr17,49715274,49716524,1250
pre_xx_15772,chr17,49722801,49724312,1511
pre_xx_15773,chr17,49762821,49764870,2049
pre_xx_15774,chr17,49787680,49789667,1987
pre_xx_15775,chr17,49850578,49852149,1571
pre_xx_15776,chr17,49880194,49880875,681
pre_xx_15777,chr17,49901548,49902293,745
pre_xx_15778,chr17,49934855,49936097,1242
pre_xx_15779,chr17,49952280,49953556,1276
pre_xx_15780,chr17,49963691,49964850,1159
pre_xx_15781,chr17,49968346,49969497,1151
pre_xx_15782,chr17,49971378,49972705,1327
pre_xx_15783,chr17,49993135,49993966,831
pre_xx_15784,chr17,49994800,49995410,610
pre_xx_15785,chr17,49996417,49997351,934
pre_xx_15786,chr17,49997918,49998549,631
pre_xx_15787,chr17,50026644,50028841,2197
pre_xx_15788,chr17,50036680,50038310,1630
pre_xx_15789,chr17,50052897,50053828,931
pre_xx_15790,chr17,50055036,50057416,2380
pre_xx_15791,chr17,50076163,50077238,1075
pre_xx_15792,chr17,50094087,50096335,2248
pre_xx_15793,chr17,50100879,50102517,1638
pre_xx_15794,chr17,50111368,50113376,2008
pre_xx_15795,chr17,50117017,50117884,867
pre_xx_15796,chr17,50128418,50130623,2205
pre_xx_15797,chr17,50147816,50149231,1415
pre_xx_15798,chr17,50150741,50152529,1788
pre_xx_15799,chr17,50153678,50154245,567
pre_xx_15800,chr17,50160692,50162113,1421
pre_xx_15801,chr17,50177706,50178690,984
pre_xx_15802,chr17,50183133,50185070,1937
pre_xx_15803,chr17,50199360,50201902,2542
pre_xx_15804,chr17,50206913,50207295,382
pre_xx_15805,chr17,50209347,50211162,1815
pre_xx_15806,chr17,50263159,50264833,1674
pre_xx_15807,chr17,50265979,50267811,1832
pre_xx_15808,chr17,50272371,50273606,1235
pre_xx_15809,chr17,50274083,50274822,739
pre_xx_15810,chr17,50283387,50284734,1347
pre_xx_15811,chr17,50297158,50298209,1051
pre_xx_15812,chr17,50345329,50347811,2482
pre_xx_15813,chr17,50372285,50373506,1221
pre_xx_15814,chr17,50396234,50397947,1713
pre_xx_15815,chr17,50425314,50427793,2479
pre_xx_15816,chr17,50458276,50460244,1968
pre_xx_15817,chr17,50468486,50469681,1195
pre_xx_15818,chr17,50478071,50479776,1705
pre_xx_15819,chr17,50482308,50482816,508
pre_xx_15820,chr17,50503282,50504377,1095
pre_xx_15821,chr17,50507593,50509418,1825
pre_xx_15822,chr17,50513225,50514403,1178
pre_xx_15823,chr17,50517956,50519334,1378
pre_xx_15824,chr17,50532221,50534945,2724
pre_xx_15825,chr17,50541277,50542640,1363
pre_xx_15826,chr17,50546743,50547561,818
pre_xx_15827,chr17,50550515,50551193,678
pre_xx_15828,chr17,50559791,50561543,1752
pre_xx_15829,chr17,50563992,50565405,1413
pre_xx_15830,chr17,50583604,50584998,1394
pre_xx_15831,chr17,50588356,50590156,1800
pre_xx_15832,chr17,50592795,50594482,1687
pre_xx_15833,chr17,50604093,50605265,1172
pre_xx_15834,chr17,50608668,50609992,1324
pre_xx_15835,chr17,50619685,50621871,2186
pre_xx_15836,chr17,50625952,50626644,692
pre_xx_15837,chr17,50627471,50629259,1788
pre_xx_15838,chr17,50634257,50635312,1055
pre_xx_15839,chr17,50638772,50639723,951
pre_xx_15840,chr17,50661584,50662436,852
pre_xx_15841,chr17,50680948,50681702,754
pre_xx_15842,chr17,50686085,50687067,982
pre_xx_15843,chr17,50706862,50709006,2144
pre_xx_15844,chr17,50718804,50720672,1868
pre_xx_15845,chr17,50782985,50783518,533
pre_xx_15846,chr17,50834587,50835876,1289
pre_xx_15847,chr17,50841480,50842201,721
pre_xx_15848,chr17,50851505,50852811,1306
pre_xx_15849,chr17,50864957,50868074,3117
pre_xx_15850,chr17,50903541,50905907,2366
pre_xx_15851,chr17,50919304,50920191,887
pre_xx_15852,chr17,50930797,50931934,1137
pre_xx_15853,chr17,50943391,50945164,1773
pre_xx_15854,chr17,50949743,50950954,1211
pre_xx_15855,chr17,50956539,50957272,733
pre_xx_15856,chr17,51045659,51047345,1686
pre_xx_15857,chr17,51119382,51121453,2071
pre_xx_15858,chr17,51121647,51122093,446
pre_xx_15859,chr17,51152763,51154728,1965
pre_xx_15860,chr17,51165357,51167390,2033
pre_xx_15861,chr17,51258773,51261439,2666
pre_xx_15862,chr17,52157677,52159756,2079
pre_xx_15863,chr17,54899637,54901716,2079
pre_xx_15864,chr17,54967476,54969450,1974
pre_xx_15865,chr17,55237707,55239325,1618
pre_xx_15866,chr17,55263609,55266459,2850
pre_xx_15867,chr17,55420337,55422348,2011
pre_xx_15868,chr17,55526188,55528014,1826
pre_xx_15869,chr17,55566835,55568298,1463
pre_xx_15870,chr17,55722335,55723335,1000
pre_xx_15871,chr17,55750438,55751942,1504
pre_xx_15872,chr17,55812241,55813050,809
pre_xx_15873,chr17,55844981,55846081,1100
pre_xx_15874,chr17,56577113,56578745,1632
pre_xx_15875,chr17,56592308,56594822,2514
pre_xx_15876,chr17,56597338,56597880,542
pre_xx_15877,chr17,56678078,56679492,1414
pre_xx_15878,chr17,56698825,56699902,1077
pre_xx_15879,chr17,56737366,56738468,1102
pre_xx_15880,chr17,56779350,56780757,1407
pre_xx_15881,chr17,56798554,56799320,766
pre_xx_15882,chr17,56812680,56813530,850
pre_xx_15883,chr17,56832975,56835191,2216
pre_xx_15884,chr17,56876447,56877416,969
pre_xx_15885,chr17,56913119,56915040,1921
pre_xx_15886,chr17,56960320,56961273,953
pre_xx_15887,chr17,56977613,56979061,1448
pre_xx_15888,chr17,57045341,57046741,1400
pre_xx_15889,chr17,57084474,57086711,2237
pre_xx_15890,chr17,57120405,57122020,1615
pre_xx_15891,chr17,57130679,57131472,793
pre_xx_15892,chr17,57255430,57257227,1797
pre_xx_15893,chr17,57257678,57258871,1193
pre_xx_15894,chr17,57284384,57286025,1641
pre_xx_15895,chr17,57407192,57408779,1587
pre_xx_15896,chr17,57440138,57443516,3378
pre_xx_15897,chr17,57465571,57467324,1753
pre_xx_15898,chr17,57472884,57474038,1154
pre_xx_15899,chr17,57475584,57476382,798
pre_xx_15900,chr17,57490343,57491499,1156
pre_xx_15901,chr17,57505861,57508940,3079
pre_xx_15902,chr17,57521346,57522706,1360
pre_xx_15903,chr17,57527557,57529198,1641
pre_xx_15904,chr17,57530492,57530901,409
pre_xx_15905,chr17,57531996,57532455,459
pre_xx_15906,chr17,57534982,57536038,1056
pre_xx_15907,chr17,57551899,57552647,748
pre_xx_15908,chr17,57553439,57554998,1559
pre_xx_15909,chr17,57557523,57558281,758
pre_xx_15910,chr17,57577520,57579062,1542
pre_xx_15911,chr17,57604009,57606099,2090
pre_xx_15912,chr17,57662459,57663632,1173
pre_xx_15913,chr17,57664913,57665847,934
pre_xx_15914,chr17,57671568,57672386,818
pre_xx_15915,chr17,57781728,57783662,1934
pre_xx_15916,chr17,57810381,57812255,1874
pre_xx_15917,chr17,57832366,57833624,1258
pre_xx_15918,chr17,57849305,57850744,1439
pre_xx_15919,chr17,57851109,57852134,1025
pre_xx_15920,chr17,57857733,57858280,547
pre_xx_15921,chr17,57860601,57862313,1712
pre_xx_15922,chr17,57867630,57869103,1473
pre_xx_15923,chr17,57874184,57875763,1579
pre_xx_15924,chr17,57879245,57880214,969
pre_xx_15925,chr17,57880910,57882438,1528
pre_xx_15926,chr17,57892052,57893694,1642
pre_xx_15927,chr17,57898513,57900137,1624
pre_xx_15928,chr17,57915402,57916820,1418
pre_xx_15929,chr17,57934978,57936506,1528
pre_xx_15930,chr17,57939450,57941269,1819
pre_xx_15931,chr17,57946046,57947342,1296
pre_xx_15932,chr17,57954075,57956008,1933
pre_xx_15933,chr17,57986730,57989381,2651
pre_xx_15934,chr17,58006285,58008233,1948
pre_xx_15935,chr17,58060014,58061288,1274
pre_xx_15936,chr17,58082620,58085413,2793
pre_xx_15937,chr17,58156597,58157846,1249
pre_xx_15938,chr17,58218308,58219694,1386
pre_xx_15939,chr17,58248935,58250116,1181
pre_xx_15940,chr17,58278063,58279732,1669
pre_xx_15941,chr17,58323779,58325648,1869
pre_xx_15942,chr17,58328475,58329075,600
pre_xx_15943,chr17,58337207,58338449,1242
pre_xx_15944,chr17,58351566,58353252,1686
pre_xx_15945,chr17,58363832,58365264,1432
pre_xx_15946,chr17,58390930,58392179,1249
pre_xx_15947,chr17,58415199,58416047,848
pre_xx_15948,chr17,58416661,58417975,1314
pre_xx_15949,chr17,58487085,58488690,1605
pre_xx_15950,chr17,58502727,58503846,1119
pre_xx_15951,chr17,58513264,58514856,1592
pre_xx_15952,chr17,58517376,58519559,2183
pre_xx_15953,chr17,58531230,58532654,1424
pre_xx_15954,chr17,58585866,58587219,1353
pre_xx_15955,chr17,58630776,58632952,2176
pre_xx_15956,chr17,58658035,58659818,1783
pre_xx_15957,chr17,58666298,58667308,1010
pre_xx_15958,chr17,58691522,58693460,1938
pre_xx_15959,chr17,58755229,58757460,2231
pre_xx_15960,chr17,59001258,59001953,695
pre_xx_15961,chr17,59092962,59094243,1281
pre_xx_15962,chr17,59105919,59107417,1498
pre_xx_15963,chr17,59153559,59156037,2478
pre_xx_15964,chr17,59209318,59210596,1278
pre_xx_15965,chr17,59219911,59221464,1553
pre_xx_15966,chr17,59329487,59329970,483
pre_xx_15967,chr17,59330329,59330920,591
pre_xx_15968,chr17,59331089,59333107,2018
pre_xx_15969,chr17,59365237,59367464,2227
pre_xx_15970,chr17,59387218,59388829,1611
pre_xx_15971,chr17,59406094,59407424,1330
pre_xx_15972,chr17,59439256,59441483,2227
pre_xx_15973,chr17,59513968,59515027,1059
pre_xx_15974,chr17,59521260,59522176,916
pre_xx_15975,chr17,59565074,59566347,1273
pre_xx_15976,chr17,59618156,59621181,3025
pre_xx_15977,chr17,59634283,59635364,1081
pre_xx_15978,chr17,59706622,59708380,1758
pre_xx_15979,chr17,59837076,59838617,1541
pre_xx_15980,chr17,59842513,59843370,857
pre_xx_15981,chr17,59845557,59847162,1605
pre_xx_15982,chr17,59851441,59852752,1311
pre_xx_15983,chr17,59892176,59893965,1789
pre_xx_15984,chr17,59963428,59965224,1796
pre_xx_15985,chr17,60077253,60079709,2456
pre_xx_15986,chr17,60134282,60135935,1653
pre_xx_15987,chr17,60139398,60140126,728
pre_xx_15988,chr17,60149392,60151304,1912
pre_xx_15989,chr17,60390710,60393322,2612
pre_xx_15990,chr17,60420886,60422560,1674
pre_xx_15991,chr17,60524289,60527000,2711
pre_xx_15992,chr17,60573011,60574054,1043
pre_xx_15993,chr17,60599211,60601485,2274
pre_xx_15994,chr17,60601783,60602600,817
pre_xx_15995,chr17,60676822,60678538,1716
pre_xx_15996,chr17,61149491,61150436,945
pre_xx_15997,chr17,61157008,61158014,1006
pre_xx_15998,chr17,61160334,61161131,797
pre_xx_15999,chr17,61313323,61315262,1939
pre_xx_16000,chr17,61318354,61319014,660
pre_xx_16001,chr17,61335120,61336674,1554
pre_xx_16002,chr17,61366383,61367460,1077
pre_xx_16003,chr17,61395701,61396453,752
pre_xx_16004,chr17,61396621,61397707,1086
pre_xx_16005,chr17,61398985,61400718,1733
pre_xx_16006,chr17,61409289,61410035,746
pre_xx_16007,chr17,61410532,61413065,2533
pre_xx_16008,chr17,61416481,61417189,708
pre_xx_16009,chr17,61451293,61452532,1239
pre_xx_16010,chr17,61454292,61455083,791
pre_xx_16011,chr17,61456866,61457980,1114
pre_xx_16012,chr17,61461523,61462826,1303
pre_xx_16013,chr17,61486148,61488024,1876
pre_xx_16014,chr17,61862721,61864153,1432
pre_xx_16015,chr17,61926341,61928228,1887
pre_xx_16016,chr17,62063933,62066259,2326
pre_xx_16017,chr17,62137451,62139090,1639
pre_xx_16018,chr17,62140620,62141208,588
pre_xx_16019,chr17,62423357,62424724,1367
pre_xx_16020,chr17,62470552,62471932,1380
pre_xx_16021,chr17,62477347,62479926,2579
pre_xx_16022,chr17,62617963,62619906,1943
pre_xx_16023,chr17,62626544,62629857,3313
pre_xx_16024,chr17,62652129,62654614,2485
pre_xx_16025,chr17,62657606,62658983,1377
pre_xx_16026,chr17,62693664,62695707,2043
pre_xx_16027,chr17,62703121,62704805,1684
pre_xx_16028,chr17,62704912,62706241,1329
pre_xx_16029,chr17,62778580,62779579,999
pre_xx_16030,chr17,62807600,62808955,1355
pre_xx_16031,chr17,62819402,62820249,847
pre_xx_16032,chr17,62821674,62822444,770
pre_xx_16033,chr17,62897695,62898927,1232
pre_xx_16034,chr17,62965462,62967567,2105
pre_xx_16035,chr17,62968401,62968768,367
pre_xx_16036,chr17,63425032,63425945,913
pre_xx_16037,chr17,63437774,63438898,1124
pre_xx_16038,chr17,63445482,63447865,2383
pre_xx_16039,chr17,63452210,63453524,1314
pre_xx_16040,chr17,63473870,63475321,1451
pre_xx_16041,chr17,63476237,63478061,1824
pre_xx_16042,chr17,63522588,63523744,1156
pre_xx_16043,chr17,63537753,63538674,921
pre_xx_16044,chr17,63542821,63543532,711
pre_xx_16045,chr17,63549632,63552151,2519
pre_xx_16046,chr17,63578492,63580123,1631
pre_xx_16047,chr17,63600326,63601762,1436
pre_xx_16048,chr17,63621458,63623419,1961
pre_xx_16049,chr17,63629115,63629914,799
pre_xx_16050,chr17,63675127,63676789,1662
pre_xx_16051,chr17,63698397,63701427,3030
pre_xx_16052,chr17,63740328,63743081,2753
pre_xx_16053,chr17,63772704,63774748,2044
pre_xx_16054,chr17,63775021,63775725,704
pre_xx_16055,chr17,63826127,63828017,1890
pre_xx_16056,chr17,63841387,63843936,2549
pre_xx_16057,chr17,63848426,63849988,1562
pre_xx_16058,chr17,63988388,63989717,1329
pre_xx_16059,chr17,63997386,63999155,1769
pre_xx_16060,chr17,64058329,64059437,1108
pre_xx_16061,chr17,64081778,64083134,1356
pre_xx_16062,chr17,64117974,64119044,1070
pre_xx_16063,chr17,64128899,64130990,2091
pre_xx_16064,chr17,64144887,64147251,2364
pre_xx_16065,chr17,64262035,64263925,1890
pre_xx_16066,chr17,64496158,64497947,1789
pre_xx_16067,chr17,64498291,64499122,831
pre_xx_16068,chr17,64504893,64507821,2928
pre_xx_16069,chr17,64534710,64535831,1121
pre_xx_16070,chr17,64614342,64615592,1250
pre_xx_16071,chr17,64660269,64662851,2582
pre_xx_16072,chr17,64776506,64777355,849
pre_xx_16073,chr17,64777666,64779053,1387
pre_xx_16074,chr17,64780116,64781802,1686
pre_xx_16075,chr17,64836167,64838102,1935
pre_xx_16076,chr17,64918716,64920920,2204
pre_xx_16077,chr17,64961614,64962748,1134
pre_xx_16078,chr17,64965582,64966323,741
pre_xx_16079,chr17,64974722,64976264,1542
pre_xx_16080,chr17,65055400,65057334,1934
pre_xx_16081,chr17,65074416,65075436,1020
pre_xx_16082,chr17,65084883,65086242,1359
pre_xx_16083,chr17,65100013,65101516,1503
pre_xx_16084,chr17,65105910,65107283,1373
pre_xx_16085,chr17,65122641,65123760,1119
pre_xx_16086,chr17,65136533,65138179,1646
pre_xx_16087,chr17,65278143,65279065,922
pre_xx_16088,chr17,65293428,65294745,1317
pre_xx_16089,chr17,65433266,65434649,1383
pre_xx_16090,chr17,65455781,65456993,1212
pre_xx_16091,chr17,65494983,65495949,966
pre_xx_16092,chr17,65515515,65517019,1504
pre_xx_16093,chr17,65522864,65524598,1734
pre_xx_16094,chr17,65530121,65532862,2741
pre_xx_16095,chr17,65553662,65555241,1579
pre_xx_16096,chr17,65556353,65556660,307
pre_xx_16097,chr17,65559794,65562150,2356
pre_xx_16098,chr17,65564793,65565238,445
pre_xx_16099,chr17,65586864,65588785,1921
pre_xx_16100,chr17,65637973,65639100,1127
pre_xx_16101,chr17,65749990,65751547,1557
pre_xx_16102,chr17,66190727,66192900,2173
pre_xx_16103,chr17,66301392,66303717,2325
pre_xx_16104,chr17,66337858,66339725,1867
pre_xx_16105,chr17,66715569,66716212,643
pre_xx_16106,chr17,66727645,66728715,1070
pre_xx_16107,chr17,66828989,66830160,1171
pre_xx_16108,chr17,66904440,66905734,1294
pre_xx_16109,chr17,66944046,66945843,1797
pre_xx_16110,chr17,66963893,66966310,2417
pre_xx_16111,chr17,67019545,67021046,1501
pre_xx_16112,chr17,67244150,67246940,2790
pre_xx_16113,chr17,67365315,67366903,1588
pre_xx_16114,chr17,67374533,67374962,429
pre_xx_16115,chr17,67376545,67379259,2714
pre_xx_16116,chr17,67399791,67400709,918
pre_xx_16117,chr17,67474973,67476016,1043
pre_xx_16118,chr17,67490429,67491546,1117
pre_xx_16119,chr17,67492297,67493643,1346
pre_xx_16120,chr17,67514762,67516327,1565
pre_xx_16121,chr17,67528444,67529448,1004
pre_xx_16122,chr17,67546264,67547250,986
pre_xx_16123,chr17,67557479,67559265,1786
pre_xx_16124,chr17,67581989,67583611,1622
pre_xx_16125,chr17,67583872,67584554,682
pre_xx_16126,chr17,67588176,67589376,1200
pre_xx_16127,chr17,67605043,67606129,1086
pre_xx_16128,chr17,67606346,67607440,1094
pre_xx_16129,chr17,67637516,67638534,1018
pre_xx_16130,chr17,67717184,67718983,1799
pre_xx_16131,chr17,67738980,67739975,995
pre_xx_16132,chr17,67824614,67826638,2024
pre_xx_16133,chr17,67992676,67994316,1640
pre_xx_16134,chr17,67995171,67996667,1496
pre_xx_16135,chr17,68019434,68020844,1410
pre_xx_16136,chr17,68035041,68036630,1589
pre_xx_16137,chr17,68069070,68071261,2191
pre_xx_16138,chr17,68100895,68102973,2078
pre_xx_16139,chr17,68195414,68197619,2205
pre_xx_16140,chr17,68198874,68199767,893
pre_xx_16141,chr17,68200552,68201292,740
pre_xx_16142,chr17,68204724,68206856,2132
pre_xx_16143,chr17,68246989,68248754,1765
pre_xx_16144,chr17,68258786,68259413,627
pre_xx_16145,chr17,68290061,68292803,2742
pre_xx_16146,chr17,68398772,68400413,1641
pre_xx_16147,chr17,68456210,68458567,2357
pre_xx_16148,chr17,68462708,68464450,1742
pre_xx_16149,chr17,68474082,68474771,689
pre_xx_16150,chr17,68497719,68499274,1555
pre_xx_16151,chr17,68511215,68513422,2207
pre_xx_16152,chr17,68592477,68593821,1344
pre_xx_16153,chr17,68599045,68601524,2479
pre_xx_16154,chr17,68733132,68734363,1231
pre_xx_16155,chr17,68759060,68760216,1156
pre_xx_16156,chr17,68776553,68778757,2204
pre_xx_16157,chr17,68821029,68822577,1548
pre_xx_16158,chr17,69046966,69048030,1064
pre_xx_16159,chr17,69092679,69093773,1094
pre_xx_16160,chr17,69326081,69327965,1884
pre_xx_16161,chr17,69413814,69416176,2362
pre_xx_16162,chr17,69500907,69502828,1921
pre_xx_16163,chr17,69568824,69569867,1043
pre_xx_16164,chr17,69960547,69963580,3033
pre_xx_16165,chr17,70052886,70054154,1268
pre_xx_16166,chr17,70167914,70170259,2345
pre_xx_16167,chr17,70621156,70622704,1548
pre_xx_16168,chr17,70769964,70770740,776
pre_xx_16169,chr17,72029771,72031283,1512
pre_xx_16170,chr17,72063926,72065346,1420
pre_xx_16171,chr17,72118368,72118821,453
pre_xx_16172,chr17,72120122,72122126,2004
pre_xx_16173,chr17,72122647,72122983,336
pre_xx_16174,chr17,72175286,72176291,1005
pre_xx_16175,chr17,72191492,72192886,1394
pre_xx_16176,chr17,72338728,72339654,926
pre_xx_16177,chr17,72341945,72343560,1615
pre_xx_16178,chr17,72407106,72408059,953
pre_xx_16179,chr17,72517751,72519483,1732
pre_xx_16180,chr17,72539844,72540741,897
pre_xx_16181,chr17,72591289,72593083,1794
pre_xx_16182,chr17,72639931,72641181,1250
pre_xx_16183,chr17,72727534,72729260,1726
pre_xx_16184,chr17,72951381,72952701,1320
pre_xx_16185,chr17,73091673,73093031,1358
pre_xx_16186,chr17,73155239,73156757,1518
pre_xx_16187,chr17,73164182,73166590,2408
pre_xx_16188,chr17,73191468,73193727,2259
pre_xx_16189,chr17,73231203,73233384,2181
pre_xx_16190,chr17,73255474,73256738,1264
pre_xx_16191,chr17,73261619,73263584,1965
pre_xx_16192,chr17,73277954,73279259,1305
pre_xx_16193,chr17,73283469,73284675,1206
pre_xx_16194,chr17,73288526,73289462,936
pre_xx_16195,chr17,73304481,73305554,1073
pre_xx_16196,chr17,73308271,73308622,351
pre_xx_16197,chr17,73310181,73312582,2401
pre_xx_16198,chr17,73320538,73321438,900
pre_xx_16199,chr17,73334659,73337317,2658
pre_xx_16200,chr17,73341432,73344022,2590
pre_xx_16201,chr17,73369008,73370395,1387
pre_xx_16202,chr17,73429246,73431337,2091
pre_xx_16203,chr17,73454906,73456181,1275
pre_xx_16204,chr17,73492080,73493588,1508
pre_xx_16205,chr17,73532188,73533453,1265
pre_xx_16206,chr17,73536670,73537765,1095
pre_xx_16207,chr17,73548289,73549166,877
pre_xx_16208,chr17,73589538,73590390,852
pre_xx_16209,chr17,73598124,73598819,695
pre_xx_16210,chr17,73599632,73600994,1362
pre_xx_16211,chr17,73613007,73614274,1267
pre_xx_16212,chr17,73642850,73645748,2898
pre_xx_16213,chr17,73683784,73685181,1397
pre_xx_16214,chr17,73709797,73710716,919
pre_xx_16215,chr17,73718928,73720214,1286
pre_xx_16216,chr17,73742812,73743554,742
pre_xx_16217,chr17,73748210,73748931,721
pre_xx_16218,chr17,73756823,73757851,1028
pre_xx_16219,chr17,73759368,73760679,1311
pre_xx_16220,chr17,73770227,73771370,1143
pre_xx_16221,chr17,73901592,73903240,1648
pre_xx_16222,chr17,73951798,73953201,1403
pre_xx_16223,chr17,73998050,73999437,1387
pre_xx_16224,chr17,74030737,74031630,893
pre_xx_16225,chr17,74036925,74037792,867
pre_xx_16226,chr17,74115718,74116831,1113
pre_xx_16227,chr17,74176347,74177067,720
pre_xx_16228,chr17,74199434,74199924,490
pre_xx_16229,chr17,74202923,74204384,1461
pre_xx_16230,chr17,74210094,74211476,1382
pre_xx_16231,chr17,74212285,74214388,2103
pre_xx_16232,chr17,74231543,74232745,1202
pre_xx_16233,chr17,74273812,74275148,1336
pre_xx_16234,chr17,74275674,74277031,1357
pre_xx_16235,chr17,74325101,74326757,1656
pre_xx_16236,chr17,74332106,74333389,1283
pre_xx_16237,chr17,74356491,74357678,1187
pre_xx_16238,chr17,74361118,74362368,1250
pre_xx_16239,chr17,74368103,74369544,1441
pre_xx_16240,chr17,74379201,74380935,1734
pre_xx_16241,chr17,74429717,74432790,3073
pre_xx_16242,chr17,74432981,74434122,1141
pre_xx_16243,chr17,74453014,74455305,2291
pre_xx_16244,chr17,74465967,74467688,1721
pre_xx_16245,chr17,74513782,74515170,1388
pre_xx_16246,chr17,74670918,74671896,978
pre_xx_16247,chr17,74736029,74738801,2772
pre_xx_16248,chr17,74744577,74745234,657
pre_xx_16249,chr17,74747944,74750625,2681
pre_xx_16250,chr17,74762770,74764804,2034
pre_xx_16251,chr17,74770009,74771049,1040
pre_xx_16252,chr17,74773459,74774222,763
pre_xx_16253,chr17,74775636,74776985,1349
pre_xx_16254,chr17,74791166,74791837,671
pre_xx_16255,chr17,74807365,74808273,908
pre_xx_16256,chr17,74839925,74843526,3601
pre_xx_16257,chr17,74851895,74853329,1434
pre_xx_16258,chr17,74859444,74862540,3096
pre_xx_16259,chr17,74870462,74870836,374
pre_xx_16260,chr17,74872343,74873735,1392
pre_xx_16261,chr17,74876951,74877895,944
pre_xx_16262,chr17,74892177,74894849,2672
pre_xx_16263,chr17,74922334,74924943,2609
pre_xx_16264,chr17,74957763,74958285,522
pre_xx_16265,chr17,74961427,74962147,720
pre_xx_16266,chr17,74971593,74973171,1578
pre_xx_16267,chr17,74981425,74982892,1467
pre_xx_16268,chr17,74987129,74989043,1914
pre_xx_16269,chr17,75002119,75004262,2143
pre_xx_16270,chr17,75010768,75013502,2734
pre_xx_16271,chr17,75033252,75035690,2438
pre_xx_16272,chr17,75046261,75049001,2740
pre_xx_16273,chr17,75077045,75078306,1261
pre_xx_16274,chr17,75087252,75088478,1226
pre_xx_16275,chr17,75090937,75092119,1182
pre_xx_16276,chr17,75108987,75110771,1784
pre_xx_16277,chr17,75113836,75114604,768
pre_xx_16278,chr17,75130401,75132261,1860
pre_xx_16279,chr17,75152738,75155087,2349
pre_xx_16280,chr17,75181656,75183389,1733
pre_xx_16281,chr17,75204645,75206571,1926
pre_xx_16282,chr17,75260710,75262543,1833
pre_xx_16283,chr17,75269939,75272022,2083
pre_xx_16284,chr17,75288284,75290310,2026
pre_xx_16285,chr17,75393222,75394849,1627
pre_xx_16286,chr17,75403969,75406556,2587
pre_xx_16287,chr17,75412359,75412984,625
pre_xx_16288,chr17,75426127,75426918,791
pre_xx_16289,chr17,75430116,75430898,782
pre_xx_16290,chr17,75455763,75457663,1900
pre_xx_16291,chr17,75474926,75477373,2447
pre_xx_16292,chr17,75497876,75500047,2171
pre_xx_16293,chr17,75514047,75517555,3508
pre_xx_16294,chr17,75524586,75526786,2200
pre_xx_16295,chr17,75545106,75546550,1444
pre_xx_16296,chr17,75549058,75550348,1290
pre_xx_16297,chr17,75552597,75553676,1079
pre_xx_16298,chr17,75578518,75579400,882
pre_xx_16299,chr17,75587550,75590134,2584
pre_xx_16300,chr17,75625736,75626407,671
pre_xx_16301,chr17,75632739,75634720,1981
pre_xx_16302,chr17,75666463,75667811,1348
pre_xx_16303,chr17,75720573,75722020,1447
pre_xx_16304,chr17,75747508,75748183,675
pre_xx_16305,chr17,75749632,75750189,557
pre_xx_16306,chr17,75753411,75754316,905
pre_xx_16307,chr17,75763853,75765681,1828
pre_xx_16308,chr17,75775522,75777744,2222
pre_xx_16309,chr17,75778670,75780148,1478
pre_xx_16310,chr17,75784065,75786131,2066
pre_xx_16311,chr17,75821559,75822989,1430
pre_xx_16312,chr17,75827016,75828314,1298
pre_xx_16313,chr17,75834970,75835849,879
pre_xx_16314,chr17,75843513,75845672,2159
pre_xx_16315,chr17,75848262,75849700,1438
pre_xx_16316,chr17,75854106,75856577,2471
pre_xx_16317,chr17,75872474,75873181,707
pre_xx_16318,chr17,75875548,75876577,1029
pre_xx_16319,chr17,75876745,75879074,2329
pre_xx_16320,chr17,75895371,75897519,2148
pre_xx_16321,chr17,75904093,75905443,1350
pre_xx_16322,chr17,75909157,75910988,1831
pre_xx_16323,chr17,75940295,75941450,1155
pre_xx_16324,chr17,75958805,75960214,1409
pre_xx_16325,chr17,75978464,75980192,1728
pre_xx_16326,chr17,76004697,76005936,1239
pre_xx_16327,chr17,76013669,76014596,927
pre_xx_16328,chr17,76026511,76027735,1224
pre_xx_16329,chr17,76071901,76073079,1178
pre_xx_16330,chr17,76079718,76080710,992
pre_xx_16331,chr17,76102771,76104361,1590
pre_xx_16332,chr17,76120981,76123103,2122
pre_xx_16333,chr17,76131736,76133201,1465
pre_xx_16334,chr17,76137492,76138781,1289
pre_xx_16335,chr17,76140924,76142416,1492
pre_xx_16336,chr17,76181888,76182526,638
pre_xx_16337,chr17,76239224,76241452,2228
pre_xx_16338,chr17,76264586,76266732,2146
pre_xx_16339,chr17,76271611,76273168,1557
pre_xx_16340,chr17,76278672,76279854,1182
pre_xx_16341,chr17,76352791,76354587,1796
pre_xx_16342,chr17,76382028,76386418,4390
pre_xx_16343,chr17,76397663,76398756,1093
pre_xx_16344,chr17,76405606,76406740,1134
pre_xx_16345,chr17,76414264,76415072,808
pre_xx_16346,chr17,76419685,76421379,1694
pre_xx_16347,chr17,76451914,76453637,1723
pre_xx_16348,chr17,76458388,76459355,967
pre_xx_16349,chr17,76480290,76481626,1336
pre_xx_16350,chr17,76491815,76493758,1943
pre_xx_16351,chr17,76497904,76498616,712
pre_xx_16352,chr17,76500344,76501702,1358
pre_xx_16353,chr17,76506083,76507122,1039
pre_xx_16354,chr17,76522887,76523541,654
pre_xx_16355,chr17,76524575,76525222,647
pre_xx_16356,chr17,76527298,76528374,1076
pre_xx_16357,chr17,76528883,76530775,1892
pre_xx_16358,chr17,76537143,76538676,1533
pre_xx_16359,chr17,76540400,76541169,769
pre_xx_16360,chr17,76543664,76545253,1589
pre_xx_16361,chr17,76545832,76547628,1796
pre_xx_16362,chr17,76556887,76558865,1978
pre_xx_16363,chr17,76584514,76586421,1907
pre_xx_16364,chr17,76639442,76640515,1073
pre_xx_16365,chr17,76640697,76641325,628
pre_xx_16366,chr17,76641530,76641893,363
pre_xx_16367,chr17,76642800,76643920,1120
pre_xx_16368,chr17,76659450,76661056,1606
pre_xx_16369,chr17,76670810,76672710,1900
pre_xx_16370,chr17,76680954,76682644,1690
pre_xx_16371,chr17,76687191,76689199,2008
pre_xx_16372,chr17,76700268,76701957,1689
pre_xx_16373,chr17,76708917,76711751,2834
pre_xx_16374,chr17,76725585,76727369,1784
pre_xx_16375,chr17,76736209,76738415,2206
pre_xx_16376,chr17,76839282,76840787,1505
pre_xx_16377,chr17,76867288,76868993,1705
pre_xx_16378,chr17,76909318,76910439,1121
pre_xx_16379,chr17,76968524,76970261,1737
pre_xx_16380,chr17,77036337,77037433,1096
pre_xx_16381,chr17,77085916,77086952,1036
pre_xx_16382,chr17,77088145,77089564,1419
pre_xx_16383,chr17,77096318,77097275,957
pre_xx_16384,chr17,77126413,77126872,459
pre_xx_16385,chr17,77128702,77130177,1475
pre_xx_16386,chr17,77139925,77141792,1867
pre_xx_16387,chr17,77146755,77149196,2441
pre_xx_16388,chr17,77162923,77165118,2195
pre_xx_16389,chr17,77175009,77176023,1014
pre_xx_16390,chr17,77184457,77185863,1406
pre_xx_16391,chr17,77186046,77186809,763
pre_xx_16392,chr17,77217122,77218027,905
pre_xx_16393,chr17,77246531,77247585,1054
pre_xx_16394,chr17,77254613,77255868,1255
pre_xx_16395,chr17,77263977,77265420,1443
pre_xx_16396,chr17,77279991,77282167,2176
pre_xx_16397,chr17,77282571,77283381,810
pre_xx_16398,chr17,77286567,77288072,1505
pre_xx_16399,chr17,77303965,77305483,1518
pre_xx_16400,chr17,77312141,77313738,1597
pre_xx_16401,chr17,77321194,77323751,2557
pre_xx_16402,chr17,77331228,77331891,663
pre_xx_16403,chr17,77350247,77352148,1901
pre_xx_16404,chr17,77363700,77364605,905
pre_xx_16405,chr17,77365544,77367124,1580
pre_xx_16406,chr17,77372378,77374933,2555
pre_xx_16407,chr17,77375825,77376343,518
pre_xx_16408,chr17,77376972,77377747,775
pre_xx_16409,chr17,77382228,77383563,1335
pre_xx_16410,chr17,77391745,77393128,1383
pre_xx_16411,chr17,77408319,77409998,1679
pre_xx_16412,chr17,77420970,77421625,655
pre_xx_16413,chr17,77424716,77425623,907
pre_xx_16414,chr17,77429021,77430608,1587
pre_xx_16415,chr17,77433315,77434085,770
pre_xx_16416,chr17,77435766,77436621,855
pre_xx_16417,chr17,77436878,77437523,645
pre_xx_16418,chr17,77449340,77452491,3151
pre_xx_16419,chr17,77465330,77467801,2471
pre_xx_16420,chr17,77471055,77473112,2057
pre_xx_16421,chr17,77479174,77482232,3058
pre_xx_16422,chr17,77494539,77495286,747
pre_xx_16423,chr17,77527984,77529504,1520
pre_xx_16424,chr17,77542008,77543463,1455
pre_xx_16425,chr17,77546505,77547399,894
pre_xx_16426,chr17,77555230,77557021,1791
pre_xx_16427,chr17,77570654,77573108,2454
pre_xx_16428,chr17,77675672,77677944,2272
pre_xx_16429,chr17,77696104,77697782,1678
pre_xx_16430,chr17,77734098,77736532,2434
pre_xx_16431,chr17,77778621,77780654,2033
pre_xx_16432,chr17,77801942,77803374,1432
pre_xx_16433,chr17,77872987,77874538,1551
pre_xx_16434,chr17,77882357,77883464,1107
pre_xx_16435,chr17,77887246,77888594,1348
pre_xx_16436,chr17,77957356,77960525,3169
pre_xx_16437,chr17,78039663,78041868,2205
pre_xx_16438,chr17,78117212,78118154,942
pre_xx_16439,chr17,78126952,78129244,2292
pre_xx_16440,chr17,78131470,78132635,1165
pre_xx_16441,chr17,78139995,78140971,976
pre_xx_16442,chr17,78144049,78145786,1737
pre_xx_16443,chr17,78168024,78169838,1814
pre_xx_16444,chr17,78172280,78173093,813
pre_xx_16445,chr17,78176367,78176889,522
pre_xx_16446,chr17,78186345,78187548,1203
pre_xx_16447,chr17,78213282,78214867,1585
pre_xx_16448,chr17,78230593,78232938,2345
pre_xx_16449,chr17,78237108,78238454,1346
pre_xx_16450,chr17,78250596,78251613,1017
pre_xx_16451,chr17,78253916,78254951,1035
pre_xx_16452,chr17,78256478,78257092,614
pre_xx_16453,chr17,78257659,78259040,1381
pre_xx_16454,chr17,78262953,78263819,866
pre_xx_16455,chr17,78268091,78268512,421
pre_xx_16456,chr17,78268840,78269704,864
pre_xx_16457,chr17,78271856,78273087,1231
pre_xx_16458,chr17,78277715,78278925,1210
pre_xx_16459,chr17,78289309,78290343,1034
pre_xx_16460,chr17,78313638,78314607,969
pre_xx_16461,chr17,78316537,78318269,1732
pre_xx_16462,chr17,78323868,78325616,1748
pre_xx_16463,chr17,78341447,78343459,2012
pre_xx_16464,chr17,78351298,78352086,788
pre_xx_16465,chr17,78352302,78353708,1406
pre_xx_16466,chr17,78356130,78356700,570
pre_xx_16467,chr17,78358623,78361070,2447
pre_xx_16468,chr17,78365479,78366773,1294
pre_xx_16469,chr17,78377884,78379370,1486
pre_xx_16470,chr17,78421320,78422377,1057
pre_xx_16471,chr17,78470637,78472111,1474
pre_xx_16472,chr17,78496897,78497610,713
pre_xx_16473,chr17,78601387,78602380,993
pre_xx_16474,chr17,78708190,78710343,2153
pre_xx_16475,chr17,78716706,78718296,1590
pre_xx_16476,chr17,78722788,78724184,1396
pre_xx_16477,chr17,78758864,78759906,1042
pre_xx_16478,chr17,78781106,78783070,1964
pre_xx_16479,chr17,78839472,78841608,2136
pre_xx_16480,chr17,78865431,78866385,954
pre_xx_16481,chr17,78879139,78880224,1085
pre_xx_16482,chr17,78882571,78884407,1836
pre_xx_16483,chr17,78902839,78903768,929
pre_xx_16484,chr17,78907697,78909071,1374
pre_xx_16485,chr17,78919824,78920339,515
pre_xx_16486,chr17,78923115,78926379,3264
pre_xx_16487,chr17,78933438,78934937,1499
pre_xx_16488,chr17,78947028,78947969,941
pre_xx_16489,chr17,78970975,78971626,651
pre_xx_16490,chr17,78977585,78978455,870
pre_xx_16491,chr17,78979457,78980571,1114
pre_xx_16492,chr17,78985773,78987237,1464
pre_xx_16493,chr17,79008765,79010300,1535
pre_xx_16494,chr17,79023588,79024932,1344
pre_xx_16495,chr17,79027349,79028378,1029
pre_xx_16496,chr17,79033718,79034532,814
pre_xx_16497,chr17,79045691,79047505,1814
pre_xx_16498,chr17,79074308,79075878,1570
pre_xx_16499,chr17,79087416,79088154,738
pre_xx_16500,chr17,79089646,79091169,1523
pre_xx_16501,chr17,79113970,79116007,2037
pre_xx_16502,chr17,79136625,79138235,1610
pre_xx_16503,chr17,79182177,79184218,2041
pre_xx_16504,chr17,79192214,79193002,788
pre_xx_16505,chr17,79219431,79221160,1729
pre_xx_16506,chr17,79294144,79294879,735
pre_xx_16507,chr17,79304843,79307260,2417
pre_xx_16508,chr17,79388297,79388970,673
pre_xx_16509,chr17,79393124,79393616,492
pre_xx_16510,chr17,79394887,79395701,814
pre_xx_16511,chr17,79400594,79401642,1048
pre_xx_16512,chr17,79607756,79608338,582
pre_xx_16513,chr17,79610585,79611425,840
pre_xx_16514,chr17,79728160,79729147,987
pre_xx_16515,chr17,79741406,79742450,1044
pre_xx_16516,chr17,79746171,79748703,2532
pre_xx_16517,chr17,79776358,79779535,3177
pre_xx_16518,chr17,79789354,79790484,1130
pre_xx_16519,chr17,79792911,79794258,1347
pre_xx_16520,chr17,79796526,79799307,2781
pre_xx_16521,chr17,79808637,79808998,361
pre_xx_16522,chr17,79809672,79810697,1025
pre_xx_16523,chr17,79811051,79811860,809
pre_xx_16524,chr17,79812744,79813821,1077
pre_xx_16525,chr17,79814779,79816300,1521
pre_xx_16526,chr17,79831342,79833138,1796
pre_xx_16527,chr17,79835968,79836518,550
pre_xx_16528,chr17,79837289,79837678,389
pre_xx_16529,chr17,79838242,79839967,1725
pre_xx_16530,chr17,79843666,79844406,740
pre_xx_16531,chr17,79844796,79845890,1094
pre_xx_16532,chr17,79859942,79860853,911
pre_xx_16533,chr17,79918759,79919772,1013
pre_xx_16534,chr17,79951340,79953240,1900
pre_xx_16535,chr17,79977520,79979754,2234
pre_xx_16536,chr17,79985921,79987215,1294
pre_xx_16537,chr17,79987760,79989032,1272
pre_xx_16538,chr17,79990031,79990420,389
pre_xx_16539,chr17,79991204,79992817,1613
pre_xx_16540,chr17,79993447,79994267,820
pre_xx_16541,chr17,80008239,80008994,755
pre_xx_16542,chr17,80028663,80029596,933
pre_xx_16543,chr17,80034738,80037373,2635
pre_xx_16544,chr17,80100802,80102440,1638
pre_xx_16545,chr17,80104237,80104884,647
pre_xx_16546,chr17,80123777,80124982,1205
pre_xx_16547,chr17,80145580,80148168,2588
pre_xx_16548,chr17,80159358,80161476,2118
pre_xx_16549,chr17,80219192,80221183,1991
pre_xx_16550,chr17,80259787,80261802,2015
pre_xx_16551,chr17,80395339,80396328,989
pre_xx_16552,chr17,80408655,80409201,546
pre_xx_16553,chr17,80413761,80415966,2205
pre_xx_16554,chr17,80426618,80427356,738
pre_xx_16555,chr17,80440911,80441566,655
pre_xx_16556,chr17,80454101,80455573,1472
pre_xx_16557,chr17,80474516,80477500,2984
pre_xx_16558,chr17,80477804,80479002,1198
pre_xx_16559,chr17,80499588,80500818,1230
pre_xx_16560,chr17,80501254,80502324,1070
pre_xx_16561,chr17,80544457,80545921,1464
pre_xx_16562,chr17,80583463,80584930,1467
pre_xx_16563,chr17,80663394,80665333,1939
pre_xx_16564,chr17,80688675,80689649,974
pre_xx_16565,chr17,80695082,80696877,1795
pre_xx_16566,chr17,80751082,80752737,1655
pre_xx_16567,chr17,80793400,80796182,2782
pre_xx_16568,chr17,80821853,80823548,1695
pre_xx_16569,chr17,80832282,80834809,2527
pre_xx_16570,chr17,80836206,80836767,561
pre_xx_16571,chr17,80858704,80859891,1187
pre_xx_16572,chr17,80918835,80921476,2641
pre_xx_16573,chr17,80941772,80943274,1502
pre_xx_16574,chr17,80961325,80962733,1408
pre_xx_16575,chr17,80968456,80969829,1373
pre_xx_16576,chr17,80969955,80971500,1545
pre_xx_16577,chr17,80980393,80982360,1967
pre_xx_16578,chr17,80988650,80989352,702
pre_xx_16579,chr17,80991452,80992720,1268
pre_xx_16580,chr17,81003457,81004914,1457
pre_xx_16581,chr17,81017822,81018804,982
pre_xx_16582,chr17,81033967,81036166,2199
pre_xx_16583,chr17,81037959,81038465,506
pre_xx_16584,chr17,81040181,81040716,535
pre_xx_16585,chr17,81043585,81044415,830
pre_xx_16586,chr17,81044509,81045628,1119
pre_xx_16587,chr17,81049254,81050577,1323
pre_xx_16588,chr17,81082709,81083779,1070
pre_xx_16589,chr17,81094562,81095662,1100
pre_xx_16590,chr17,81096240,81097693,1453
pre_xx_16591,chr17,81101518,81102152,634
pre_xx_16592,chr17,81118954,81120431,1477
pre_xx_16593,chr17,81121595,81122721,1126
pre_xx_16594,chr17,81142325,81143276,951
pre_xx_16595,chr17,81164323,81166765,2442
pre_xx_16596,chr17,81178676,81180201,1525
pre_xx_16597,chr17,81198692,81200060,1368
pre_xx_16598,chr17,81221557,81223967,2410
pre_xx_16599,chr17,81238334,81240170,1836
pre_xx_16600,chr17,81250251,81252461,2210
pre_xx_16601,chr17,81254805,81255694,889
pre_xx_16602,chr17,81276976,81278283,1307
pre_xx_16603,chr17,81291565,81292017,452
pre_xx_16604,chr17,81294363,81295779,1416
pre_xx_16605,chr17,81295928,81296381,453
pre_xx_16606,chr17,81308865,81310356,1491
pre_xx_16607,chr17,81313970,81315522,1552
pre_xx_16608,chr17,81328479,81329975,1496
pre_xx_16609,chr17,81336977,81337824,847
pre_xx_16610,chr17,81340701,81341307,606
pre_xx_16611,chr17,81342997,81343533,536
pre_xx_16612,chr17,81345250,81346838,1588
pre_xx_16613,chr17,81364739,81366336,1597
pre_xx_16614,chr17,81385074,81387717,2643
pre_xx_16615,chr17,81391883,81392374,491
pre_xx_16616,chr17,81393040,81394383,1343
pre_xx_16617,chr17,81394772,81395537,765
pre_xx_16618,chr17,81399204,81400754,1550
pre_xx_16619,chr17,81406393,81406988,595
pre_xx_16620,chr17,81412459,81413939,1480
pre_xx_16621,chr17,81418884,81420035,1151
pre_xx_16622,chr17,81427509,81428390,881
pre_xx_16623,chr17,81428625,81430650,2025
pre_xx_16624,chr17,81440074,81441082,1008
pre_xx_16625,chr17,81441486,81442054,568
pre_xx_16626,chr17,81456077,81457302,1225
pre_xx_16627,chr17,81472673,81473308,635
pre_xx_16628,chr17,81481037,81481851,814
pre_xx_16629,chr17,81483824,81484738,914
pre_xx_16630,chr17,81487517,81488589,1072
pre_xx_16631,chr17,81506813,81508145,1332
pre_xx_16632,chr17,81508339,81509711,1372
pre_xx_16633,chr17,81512329,81514278,1949
pre_xx_16634,chr17,81514369,81515436,1067
pre_xx_16635,chr17,81518359,81519982,1623
pre_xx_16636,chr17,81536100,81538234,2134
pre_xx_16637,chr17,81551423,81554263,2840
pre_xx_16638,chr17,81558722,81559689,967
pre_xx_16639,chr17,81566209,81567711,1502
pre_xx_16640,chr17,81621329,81622252,923
pre_xx_16641,chr17,81636107,81637374,1267
pre_xx_16642,chr17,81665484,81667238,1754
pre_xx_16643,chr17,81682714,81684584,1870
pre_xx_16644,chr17,81702248,81704040,1792
pre_xx_16645,chr17,81711145,81713983,2838
pre_xx_16646,chr17,81733548,81734248,700
pre_xx_16647,chr17,81740402,81742414,2012
pre_xx_16648,chr17,81803300,81805307,2007
pre_xx_16649,chr17,81831877,81834121,2244
pre_xx_16650,chr17,81859575,81861696,2121
pre_xx_16651,chr17,81869089,81869677,588
pre_xx_16652,chr17,81869946,81872303,2357
pre_xx_16653,chr17,81890744,81892315,1571
pre_xx_16654,chr17,81901694,81903338,1644
pre_xx_16655,chr17,81910155,81911958,1803
pre_xx_16656,chr17,81917114,81918437,1323
pre_xx_16657,chr17,81923232,81923963,731
pre_xx_16658,chr17,81926307,81929021,2714
pre_xx_16659,chr17,81936552,81937748,1196
pre_xx_16660,chr17,81959326,81961991,2665
pre_xx_16661,chr17,81966369,81968324,1955
pre_xx_16662,chr17,81976484,81978215,1731
pre_xx_16663,chr17,81991284,81992948,1664
pre_xx_16664,chr17,81999729,82001800,2071
pre_xx_16665,chr17,82006290,82007783,1493
pre_xx_16666,chr17,82012141,82013807,1666
pre_xx_16667,chr17,82018444,82019352,908
pre_xx_16668,chr17,82021107,82021414,307
pre_xx_16669,chr17,82022317,82024029,1712
pre_xx_16670,chr17,82029213,82029761,548
pre_xx_16671,chr17,82030101,82032208,2107
pre_xx_16672,chr17,82036618,82037987,1369
pre_xx_16673,chr17,82050801,82052778,1977
pre_xx_16674,chr17,82064497,82066254,1757
pre_xx_16675,chr17,82076752,82078384,1632
pre_xx_16676,chr17,82097088,82099504,2416
pre_xx_16677,chr17,82105809,82106808,999
pre_xx_16678,chr17,82118225,82119785,1560
pre_xx_16679,chr17,82153472,82154467,995
pre_xx_16680,chr17,82171975,82175594,3619
pre_xx_16681,chr17,82200678,82202000,1322
pre_xx_16682,chr17,82205502,82207009,1507
pre_xx_16683,chr17,82212050,82213790,1740
pre_xx_16684,chr17,82228228,82229664,1436
pre_xx_16685,chr17,82229885,82232226,2341
pre_xx_16686,chr17,82235825,82236768,943
pre_xx_16687,chr17,82240963,82242618,1655
pre_xx_16688,chr17,82242826,82243329,503
pre_xx_16689,chr17,82267305,82268405,1100
pre_xx_16690,chr17,82272467,82274162,1695
pre_xx_16691,chr17,82292220,82293987,1767
pre_xx_16692,chr17,82297322,82298597,1275
pre_xx_16693,chr17,82300821,82301136,315
pre_xx_16694,chr17,82301923,82302508,585
pre_xx_16695,chr17,82315221,82316556,1335
pre_xx_16696,chr17,82330039,82330981,942
pre_xx_16697,chr17,82332721,82334235,1514
pre_xx_16698,chr17,82336022,82336987,965
pre_xx_16699,chr17,82348509,82350091,1582
pre_xx_16700,chr17,82351111,82352355,1244
pre_xx_16701,chr17,82370391,82373101,2710
pre_xx_16702,chr17,82384198,82386846,2648
pre_xx_16703,chr17,82412548,82413350,802
pre_xx_16704,chr17,82414505,82415051,546
pre_xx_16705,chr17,82417898,82419103,1205
pre_xx_16706,chr17,82438199,82438905,706
pre_xx_16707,chr17,82448905,82451142,2237
pre_xx_16708,chr17,82457272,82459516,2244
pre_xx_16709,chr17,82494098,82495095,997
pre_xx_16710,chr17,82496650,82498206,1556
pre_xx_16711,chr17,82518811,82520906,2095
pre_xx_16712,chr17,82524452,82524964,512
pre_xx_16713,chr17,82527900,82529170,1270
pre_xx_16714,chr17,82551636,82552206,570
pre_xx_16715,chr17,82592172,82594034,1862
pre_xx_16716,chr17,82613032,82614184,1152
pre_xx_16717,chr17,82614892,82616031,1139
pre_xx_16718,chr17,82646831,82649701,2870
pre_xx_16719,chr17,82696994,82699329,2335
pre_xx_16720,chr17,82715870,82717459,1589
pre_xx_16721,chr17,82734869,82736101,1232
pre_xx_16722,chr17,82737825,82738719,894
pre_xx_16723,chr17,82751091,82753016,1925
pre_xx_16724,chr17,82754436,82755243,807
pre_xx_16725,chr17,82781350,82782289,939
pre_xx_16726,chr17,82962761,82963711,950
pre_xx_16727,chr17,83050694,83052376,1682
pre_xx_16728,chr17,83074761,83075752,991
pre_xx_16729,chr17,83078755,83081620,2865
pre_xx_16730,chr17,83099243,83100608,1365
pre_xx_16731,chr17,83100806,83101305,499
pre_xx_16732,chr17,83109578,83111312,1734
pre_xx_16733,chr17,83117896,83119419,1523
pre_xx_16734,chr17,83150724,83152340,1616
pre_xx_16735,chr18,110994,112526,1532
pre_xx_16736,chr18,157974,159546,1572
pre_xx_16737,chr18,267198,268937,1739
pre_xx_16738,chr18,331431,333581,2150
pre_xx_16739,chr18,340901,341731,830
pre_xx_16740,chr18,361795,363204,1409
pre_xx_16741,chr18,449157,449860,703
pre_xx_16742,chr18,478750,479960,1210
pre_xx_16743,chr18,498780,501639,2859
pre_xx_16744,chr18,596083,597510,1427
pre_xx_16745,chr18,656927,659023,2096
pre_xx_16746,chr18,692435,694317,1882
pre_xx_16747,chr18,711301,713479,2178
pre_xx_16748,chr18,811229,813602,2373
pre_xx_16749,chr18,839029,840294,1265
pre_xx_16750,chr18,841050,842250,1200
pre_xx_16751,chr18,906604,908571,1967
pre_xx_16752,chr18,1976036,1977270,1234
pre_xx_16753,chr18,2223210,2224258,1048
pre_xx_16754,chr18,2570225,2572102,1877
pre_xx_16755,chr18,2654380,2657076,2696
pre_xx_16756,chr18,2846004,2848326,2322
pre_xx_16757,chr18,2853692,2854808,1116
pre_xx_16758,chr18,2905784,2907481,1697
pre_xx_16759,chr18,2913475,2915075,1600
pre_xx_16760,chr18,2932046,2933028,982
pre_xx_16761,chr18,2947379,2948561,1182
pre_xx_16762,chr18,2975779,2977280,1501
pre_xx_16763,chr18,3012169,3013915,1746
pre_xx_16764,chr18,3026780,3028214,1434
pre_xx_16765,chr18,3028929,3029970,1041
pre_xx_16766,chr18,3044690,3045734,1044
pre_xx_16767,chr18,3067255,3068111,856
pre_xx_16768,chr18,3128870,3129713,843
pre_xx_16769,chr18,3245621,3246460,839
pre_xx_16770,chr18,3246621,3248320,1699
pre_xx_16771,chr18,3260873,3263173,2300
pre_xx_16772,chr18,3296485,3297783,1298
pre_xx_16773,chr18,3305322,3306678,1356
pre_xx_16774,chr18,3447441,3448574,1133
pre_xx_16775,chr18,3448835,3450818,1983
pre_xx_16776,chr18,3451137,3451926,789
pre_xx_16777,chr18,3498534,3499843,1309
pre_xx_16778,chr18,3593361,3596195,2834
pre_xx_16779,chr18,3596550,3598077,1527
pre_xx_16780,chr18,3602465,3604263,1798
pre_xx_16781,chr18,3604570,3606384,1814
pre_xx_16782,chr18,3617894,3618582,688
pre_xx_16783,chr18,3623469,3625335,1866
pre_xx_16784,chr18,3653468,3654956,1488
pre_xx_16785,chr18,3664698,3666618,1920
pre_xx_16786,chr18,3670326,3672009,1683
pre_xx_16787,chr18,3688534,3689785,1251
pre_xx_16788,chr18,3702944,3704183,1239
pre_xx_16789,chr18,3712288,3714044,1756
pre_xx_16790,chr18,3770775,3771988,1213
pre_xx_16791,chr18,4453555,4455960,2405
pre_xx_16792,chr18,5196193,5197782,1589
pre_xx_16793,chr18,5236954,5239108,2154
pre_xx_16794,chr18,5294253,5297109,2856
pre_xx_16795,chr18,5542374,5544302,1928
pre_xx_16796,chr18,5628057,5631116,3059
pre_xx_16797,chr18,5890031,5891428,1397
pre_xx_16798,chr18,5894475,5896385,1910
pre_xx_16799,chr18,6370347,6371576,1229
pre_xx_16800,chr18,6413743,6415407,1664
pre_xx_16801,chr18,6728543,6730180,1637
pre_xx_16802,chr18,6740695,6742026,1331
pre_xx_16803,chr18,6784022,6785374,1352
pre_xx_16804,chr18,6925289,6926589,1300
pre_xx_16805,chr18,6949353,6951234,1881
pre_xx_16806,chr18,7038081,7039044,963
pre_xx_16807,chr18,7069068,7071323,2255
pre_xx_16808,chr18,7089998,7091400,1402
pre_xx_16809,chr18,7115915,7118348,2433
pre_xx_16810,chr18,7259116,7260403,1287
pre_xx_16811,chr18,7566230,7568827,2597
pre_xx_16812,chr18,8366560,8367732,1172
pre_xx_16813,chr18,8608285,8610822,2537
pre_xx_16814,chr18,8657140,8658421,1281
pre_xx_16815,chr18,8661367,8662313,946
pre_xx_16816,chr18,8704168,8707522,3354
pre_xx_16817,chr18,8778809,8779815,1006
pre_xx_16818,chr18,8799938,8801292,1354
pre_xx_16819,chr18,9073407,9074146,739
pre_xx_16820,chr18,9101601,9103704,2103
pre_xx_16821,chr18,9135698,9138039,2341
pre_xx_16822,chr18,9320625,9322240,1615
pre_xx_16823,chr18,9333685,9335739,2054
pre_xx_16824,chr18,9416512,9417933,1421
pre_xx_16825,chr18,9474173,9476796,2623
pre_xx_16826,chr18,9535260,9536036,776
pre_xx_16827,chr18,9575340,9576209,869
pre_xx_16828,chr18,9613474,9615376,1902
pre_xx_16829,chr18,9707394,9709973,2579
pre_xx_16830,chr18,9802725,9804762,2037
pre_xx_16831,chr18,9808156,9810033,1877
pre_xx_16832,chr18,9835195,9836852,1657
pre_xx_16833,chr18,9838119,9838879,760
pre_xx_16834,chr18,9868779,9871765,2986
pre_xx_16835,chr18,9876593,9877749,1156
pre_xx_16836,chr18,9913219,9915362,2143
pre_xx_16837,chr18,10031910,10033358,1448
pre_xx_16838,chr18,10066695,10069007,2312
pre_xx_16839,chr18,10100770,10102098,1328
pre_xx_16840,chr18,10111957,10113913,1956
pre_xx_16841,chr18,10131119,10132546,1427
pre_xx_16842,chr18,10246798,10248154,1356
pre_xx_16843,chr18,10403629,10406862,3233
pre_xx_16844,chr18,10453357,10455553,2196
pre_xx_16845,chr18,10475388,10477120,1732
pre_xx_16846,chr18,10486298,10488419,2121
pre_xx_16847,chr18,10524687,10527006,2319
pre_xx_16848,chr18,10559777,10560811,1034
pre_xx_16849,chr18,10725959,10726991,1032
pre_xx_16850,chr18,11148179,11149999,1820
pre_xx_16851,chr18,11163538,11164660,1122
pre_xx_16852,chr18,11688756,11690411,1655
pre_xx_16853,chr18,11732656,11733482,826
pre_xx_16854,chr18,11751020,11752922,1902
pre_xx_16855,chr18,11785185,11786517,1332
pre_xx_16856,chr18,11849704,11852229,2525
pre_xx_16857,chr18,11907537,11909264,1727
pre_xx_16858,chr18,11946827,11948178,1351
pre_xx_16859,chr18,11979999,11982296,2297
pre_xx_16860,chr18,12011611,12016115,4504
pre_xx_16861,chr18,12038042,12039332,1290
pre_xx_16862,chr18,12079481,12080262,781
pre_xx_16863,chr18,12253127,12255151,2024
pre_xx_16864,chr18,12271024,12272257,1233
pre_xx_16865,chr18,12278185,12280317,2132
pre_xx_16866,chr18,12287151,12289118,1967
pre_xx_16867,chr18,12304699,12305274,575
pre_xx_16868,chr18,12307163,12309117,1954
pre_xx_16869,chr18,12373116,12373509,393
pre_xx_16870,chr18,12376040,12378119,2079
pre_xx_16871,chr18,12407441,12408825,1384
pre_xx_16872,chr18,12419659,12421476,1817
pre_xx_16873,chr18,12656651,12658869,2218
pre_xx_16874,chr18,12701842,12704001,2159
pre_xx_16875,chr18,12882493,12884879,2386
pre_xx_16876,chr18,12910883,12912601,1718
pre_xx_16877,chr18,12934058,12934906,848
pre_xx_16878,chr18,12946662,12948987,2325
pre_xx_16879,chr18,12990218,12992145,1927
pre_xx_16880,chr18,12996529,12998230,1701
pre_xx_16881,chr18,13112409,13113368,959
pre_xx_16882,chr18,13136452,13138562,2110
pre_xx_16883,chr18,13190978,13192189,1211
pre_xx_16884,chr18,13216055,13216516,461
pre_xx_16885,chr18,13216878,13219101,2223
pre_xx_16886,chr18,13221799,13223733,1934
pre_xx_16887,chr18,13279524,13280798,1274
pre_xx_16888,chr18,13301762,13303237,1475
pre_xx_16889,chr18,13379354,13380725,1371
pre_xx_16890,chr18,13381617,13382899,1282
pre_xx_16891,chr18,13446518,13448603,2085
pre_xx_16892,chr18,13499972,13501806,1834
pre_xx_16893,chr18,13610602,13612678,2076
pre_xx_16894,chr18,13629743,13630492,749
pre_xx_16895,chr18,13641230,13642616,1386
pre_xx_16896,chr18,13725392,13727467,2075
pre_xx_16897,chr18,13800631,13801595,964
pre_xx_16898,chr18,13823723,13824471,748
pre_xx_16899,chr18,14130868,14133031,2163
pre_xx_16900,chr18,14178362,14179945,1583
pre_xx_16901,chr18,14271039,14272615,1576
pre_xx_16902,chr18,14291114,14292273,1159
pre_xx_16903,chr18,14326412,14327961,1549
pre_xx_16904,chr18,14430451,14431532,1081
pre_xx_16905,chr18,14449973,14450984,1011
pre_xx_16906,chr18,14746951,14748744,1793
pre_xx_16907,chr18,21110412,21112645,2233
pre_xx_16908,chr18,21241201,21243437,2236
pre_xx_16909,chr18,21599001,21601476,2475
pre_xx_16910,chr18,21611689,21612923,1234
pre_xx_16911,chr18,21703285,21705189,1904
pre_xx_16912,chr18,21739761,21742276,2515
pre_xx_16913,chr18,21747170,21748472,1302
pre_xx_16914,chr18,21754345,21755489,1144
pre_xx_16915,chr18,21896553,21898087,1534
pre_xx_16916,chr18,21912093,21913800,1707
pre_xx_16917,chr18,22026054,22027521,1467
pre_xx_16918,chr18,22057495,22058503,1008
pre_xx_16919,chr18,22164281,22164844,563
pre_xx_16920,chr18,22165044,22165771,727
pre_xx_16921,chr18,22166208,22166517,309
pre_xx_16922,chr18,22168390,22172036,3646
pre_xx_16923,chr18,22174839,22175133,294
pre_xx_16924,chr18,22176475,22177355,880
pre_xx_16925,chr18,22188424,22189133,709
pre_xx_16926,chr18,22189592,22190014,422
pre_xx_16927,chr18,22190493,22192419,1926
pre_xx_16928,chr18,22192845,22194586,1741
pre_xx_16929,chr18,22206654,22207510,856
pre_xx_16930,chr18,22265705,22266526,821
pre_xx_16931,chr18,22324014,22325115,1101
pre_xx_16932,chr18,22330529,22332372,1843
pre_xx_16933,chr18,22346398,22347489,1091
pre_xx_16934,chr18,22347999,22350178,2179
pre_xx_16935,chr18,22469545,22471326,1781
pre_xx_16936,chr18,22558864,22560526,1662
pre_xx_16937,chr18,22563041,22563452,411
pre_xx_16938,chr18,22682760,22684087,1327
pre_xx_16939,chr18,22871490,22873467,1977
pre_xx_16940,chr18,22932714,22934200,1486
pre_xx_16941,chr18,23134779,23137156,2377
pre_xx_16942,chr18,23191721,23192853,1132
pre_xx_16943,chr18,23195903,23196921,1018
pre_xx_16944,chr18,23258584,23260881,2297
pre_xx_16945,chr18,23436740,23438120,1380
pre_xx_16946,chr18,23452634,23454288,1654
pre_xx_16947,chr18,23502575,23504259,1684
pre_xx_16948,chr18,23540584,23542615,2031
pre_xx_16949,chr18,23585270,23587194,1924
pre_xx_16950,chr18,23618639,23620032,1393
pre_xx_16951,chr18,23661836,23663596,1760
pre_xx_16952,chr18,23688853,23690729,1876
pre_xx_16953,chr18,23844842,23845641,799
pre_xx_16954,chr18,23966731,23967822,1091
pre_xx_16955,chr18,23981347,23983008,1661
pre_xx_16956,chr18,23992111,23993222,1111
pre_xx_16957,chr18,24013821,24015660,1839
pre_xx_16958,chr18,24138402,24139922,1520
pre_xx_16959,chr18,24157304,24158319,1015
pre_xx_16960,chr18,24270669,24272625,1956
pre_xx_16961,chr18,24388576,24389762,1186
pre_xx_16962,chr18,24396894,24398306,1412
pre_xx_16963,chr18,24426149,24427762,1613
pre_xx_16964,chr18,24560223,24561349,1126
pre_xx_16965,chr18,24830932,24832735,1803
pre_xx_16966,chr18,24836799,24837564,765
pre_xx_16967,chr18,25321624,25322517,893
pre_xx_16968,chr18,25327120,25328501,1381
pre_xx_16969,chr18,25348840,25351236,2396
pre_xx_16970,chr18,25351518,25352738,1220
pre_xx_16971,chr18,25503321,25504299,978
pre_xx_16972,chr18,26057083,26057826,743
pre_xx_16973,chr18,26089238,26091409,2171
pre_xx_16974,chr18,26225923,26227408,1485
pre_xx_16975,chr18,26547088,26551213,4125
pre_xx_16976,chr18,26574600,26576187,1587
pre_xx_16977,chr18,26649104,26650099,995
pre_xx_16978,chr18,26654881,26657831,2950
pre_xx_16979,chr18,26862928,26863887,959
pre_xx_16980,chr18,26868554,26869548,994
pre_xx_16981,chr18,27183771,27185696,1925
pre_xx_16982,chr18,27604504,27605618,1114
pre_xx_16983,chr18,28107532,28108569,1037
pre_xx_16984,chr18,28175089,28178611,3522
pre_xx_16985,chr18,30112991,30114262,1271
pre_xx_16986,chr18,30245601,30246391,790
pre_xx_16987,chr18,31040882,31043196,2314
pre_xx_16988,chr18,31100620,31102633,2013
pre_xx_16989,chr18,31203209,31204095,886
pre_xx_16990,chr18,31496698,31499435,2737
pre_xx_16991,chr18,31683840,31686123,2283
pre_xx_16992,chr18,31723460,31724728,1268
pre_xx_16993,chr18,31941970,31944603,2633
pre_xx_16994,chr18,32017996,32020119,2123
pre_xx_16995,chr18,32091473,32093705,2232
pre_xx_16996,chr18,32157677,32158695,1018
pre_xx_16997,chr18,32308791,32310772,1981
pre_xx_16998,chr18,32468957,32471680,2723
pre_xx_16999,chr18,32629919,32630824,905
pre_xx_17000,chr18,32769108,32772490,3382
pre_xx_17001,chr18,33200972,33202014,1042
pre_xx_17002,chr18,33439896,33441117,1221
pre_xx_17003,chr18,33577557,33580310,2753
pre_xx_17004,chr18,33802263,33803365,1102
pre_xx_17005,chr18,34158493,34159946,1453
pre_xx_17006,chr18,34221916,34223810,1894
pre_xx_17007,chr18,34224107,34225362,1255
pre_xx_17008,chr18,34492716,34494663,1947
pre_xx_17009,chr18,34592600,34593511,911
pre_xx_17010,chr18,34659371,34660479,1108
pre_xx_17011,chr18,34707459,34708128,669
pre_xx_17012,chr18,34709153,34711344,2191
pre_xx_17013,chr18,34772787,34774637,1850
pre_xx_17014,chr18,34976587,34978497,1910
pre_xx_17015,chr18,34978838,34979490,652
pre_xx_17016,chr18,35040806,35043043,2237
pre_xx_17017,chr18,35240013,35241756,1743
pre_xx_17018,chr18,35266920,35268216,1296
pre_xx_17019,chr18,35289210,35291220,2010
pre_xx_17020,chr18,35343288,35345960,2672
pre_xx_17021,chr18,35354844,35355649,805
pre_xx_17022,chr18,35376333,35377643,1310
pre_xx_17023,chr18,35496891,35498216,1325
pre_xx_17024,chr18,35580692,35582328,1636
pre_xx_17025,chr18,35729778,35731315,1537
pre_xx_17026,chr18,35923521,35925972,2451
pre_xx_17027,chr18,35938084,35939993,1909
pre_xx_17028,chr18,35949113,35950738,1625
pre_xx_17029,chr18,35971708,35973136,1428
pre_xx_17030,chr18,36065981,36067938,1957
pre_xx_17031,chr18,36128105,36130385,2280
pre_xx_17032,chr18,36186310,36188258,1948
pre_xx_17033,chr18,36264578,36265671,1093
pre_xx_17034,chr18,36296411,36298817,2406
pre_xx_17035,chr18,36382017,36383287,1270
pre_xx_17036,chr18,36467916,36468797,881
pre_xx_17037,chr18,36828061,36830062,2001
pre_xx_17038,chr18,37253051,37254798,1747
pre_xx_17039,chr18,37269739,37270405,666
pre_xx_17040,chr18,37288487,37289135,648
pre_xx_17041,chr18,37298883,37300218,1335
pre_xx_17042,chr18,37393584,37394917,1333
pre_xx_17043,chr18,37444268,37445641,1373
pre_xx_17044,chr18,37484440,37485977,1537
pre_xx_17045,chr18,37524315,37525257,942
pre_xx_17046,chr18,37537662,37538416,754
pre_xx_17047,chr18,37564664,37567879,3215
pre_xx_17048,chr18,39459616,39460470,854
pre_xx_17049,chr18,39798729,39800483,1754
pre_xx_17050,chr18,39840562,39842824,2262
pre_xx_17051,chr18,40850652,40852159,1507
pre_xx_17052,chr18,41391162,41392663,1501
pre_xx_17053,chr18,41954673,41955985,1312
pre_xx_17054,chr18,42414635,42415626,991
pre_xx_17055,chr18,43276953,43277693,740
pre_xx_17056,chr18,44678825,44681666,2841
pre_xx_17057,chr18,44682160,44683157,997
pre_xx_17058,chr18,44744097,44745090,993
pre_xx_17059,chr18,44937467,44938998,1531
pre_xx_17060,chr18,45015894,45017168,1274
pre_xx_17061,chr18,45358708,45360045,1337
pre_xx_17062,chr18,45384095,45385509,1414
pre_xx_17063,chr18,45456050,45457119,1069
pre_xx_17064,chr18,45625899,45627064,1165
pre_xx_17065,chr18,45723452,45724337,885
pre_xx_17066,chr18,45774971,45776257,1286
pre_xx_17067,chr18,45837301,45838031,730
pre_xx_17068,chr18,45838181,45839175,994
pre_xx_17069,chr18,45879769,45880558,789
pre_xx_17070,chr18,45966492,45967886,1394
pre_xx_17071,chr18,46027481,46028607,1126
pre_xx_17072,chr18,46070753,46072634,1881
pre_xx_17073,chr18,46096616,46098822,2206
pre_xx_17074,chr18,46103786,46105295,1509
pre_xx_17075,chr18,46152123,46153985,1862
pre_xx_17076,chr18,46173065,46175235,2170
pre_xx_17077,chr18,46281043,46281800,757
pre_xx_17078,chr18,46332914,46336013,3099
pre_xx_17079,chr18,46343517,46344754,1237
pre_xx_17080,chr18,46411745,46413487,1742
pre_xx_17081,chr18,46657727,46658621,894
pre_xx_17082,chr18,46711280,46712908,1628
pre_xx_17083,chr18,46754797,46757219,2422
pre_xx_17084,chr18,46757333,46758241,908
pre_xx_17085,chr18,46915901,46918485,2584
pre_xx_17086,chr18,46946177,46947478,1301
pre_xx_17087,chr18,47149433,47151454,2021
pre_xx_17088,chr18,47175332,47176562,1230
pre_xx_17089,chr18,47179281,47180030,749
pre_xx_17090,chr18,47246572,47248788,2216
pre_xx_17091,chr18,47254251,47254927,676
pre_xx_17092,chr18,47531292,47532302,1010
pre_xx_17093,chr18,47748519,47749688,1169
pre_xx_17094,chr18,47756219,47756854,635
pre_xx_17095,chr18,47799013,47800560,1547
pre_xx_17096,chr18,47929785,47932016,2231
pre_xx_17097,chr18,48007631,48008801,1170
pre_xx_17098,chr18,48021984,48024229,2245
pre_xx_17099,chr18,48030725,48031418,693
pre_xx_17100,chr18,48036375,48038437,2062
pre_xx_17101,chr18,48058994,48060378,1384
pre_xx_17102,chr18,48099244,48101235,1991
pre_xx_17103,chr18,48129217,48130205,988
pre_xx_17104,chr18,48135785,48137299,1514
pre_xx_17105,chr18,48139049,48140078,1029
pre_xx_17106,chr18,48160959,48162365,1406
pre_xx_17107,chr18,48165066,48165757,691
pre_xx_17108,chr18,48166726,48168372,1646
pre_xx_17109,chr18,48185113,48187259,2146
pre_xx_17110,chr18,48193395,48194601,1206
pre_xx_17111,chr18,48216392,48217582,1190
pre_xx_17112,chr18,48221867,48223092,1225
pre_xx_17113,chr18,48228247,48230825,2578
pre_xx_17114,chr18,48319602,48320974,1372
pre_xx_17115,chr18,48341815,48342982,1167
pre_xx_17116,chr18,48343506,48343968,462
pre_xx_17117,chr18,48408061,48410931,2870
pre_xx_17118,chr18,48446429,48447052,623
pre_xx_17119,chr18,48475637,48476704,1067
pre_xx_17120,chr18,48488037,48488902,865
pre_xx_17121,chr18,48538412,48541619,3207
pre_xx_17122,chr18,48542876,48543480,604
pre_xx_17123,chr18,48607017,48608093,1076
pre_xx_17124,chr18,48613143,48614240,1097
pre_xx_17125,chr18,48621802,48623854,2052
pre_xx_17126,chr18,48638743,48640049,1306
pre_xx_17127,chr18,48675063,48675787,724
pre_xx_17128,chr18,48776694,48778013,1319
pre_xx_17129,chr18,48780034,48781906,1872
pre_xx_17130,chr18,48802299,48803317,1018
pre_xx_17131,chr18,48827240,48830010,2770
pre_xx_17132,chr18,48841128,48843604,2476
pre_xx_17133,chr18,48848197,48849240,1043
pre_xx_17134,chr18,48850659,48851867,1208
pre_xx_17135,chr18,48859214,48860569,1355
pre_xx_17136,chr18,48866155,48867048,893
pre_xx_17137,chr18,48871908,48873077,1169
pre_xx_17138,chr18,48889187,48890111,924
pre_xx_17139,chr18,48901556,48902740,1184
pre_xx_17140,chr18,48922483,48923191,708
pre_xx_17141,chr18,48923779,48925539,1760
pre_xx_17142,chr18,48938895,48940152,1257
pre_xx_17143,chr18,48940672,48941535,863
pre_xx_17144,chr18,48942307,48943022,715
pre_xx_17145,chr18,48946319,48946806,487
pre_xx_17146,chr18,48948450,48949002,552
pre_xx_17147,chr18,48949345,48950393,1048
pre_xx_17148,chr18,48951365,48953227,1862
pre_xx_17149,chr18,48973698,48976637,2939
pre_xx_17150,chr18,48997788,48998860,1072
pre_xx_17151,chr18,49016323,49017696,1373
pre_xx_17152,chr18,49459431,49461194,1763
pre_xx_17153,chr18,49486377,49487592,1215
pre_xx_17154,chr18,49491569,49492688,1119
pre_xx_17155,chr18,49560543,49562829,2286
pre_xx_17156,chr18,49617593,49618380,787
pre_xx_17157,chr18,49652646,49653490,844
pre_xx_17158,chr18,49668311,49669723,1412
pre_xx_17159,chr18,49812487,49814589,2102
pre_xx_17160,chr18,50161686,50163719,2033
pre_xx_17161,chr18,50193014,50195717,2703
pre_xx_17162,chr18,50203329,50204374,1045
pre_xx_17163,chr18,50265657,50266780,1123
pre_xx_17164,chr18,50268035,50268784,749
pre_xx_17165,chr18,50280821,50282193,1372
pre_xx_17166,chr18,50286531,50288407,1876
pre_xx_17167,chr18,50297638,50299069,1431
pre_xx_17168,chr18,50306738,50308471,1733
pre_xx_17169,chr18,50374079,50375445,1366
pre_xx_17170,chr18,50388522,50389420,898
pre_xx_17171,chr18,50400129,50402323,2194
pre_xx_17172,chr18,50405645,50406192,547
pre_xx_17173,chr18,50407434,50408851,1417
pre_xx_17174,chr18,50427809,50429567,1758
pre_xx_17175,chr18,50559116,50561274,2158
pre_xx_17176,chr18,50638047,50639460,1413
pre_xx_17177,chr18,50819157,50820375,1218
pre_xx_17178,chr18,50878289,50880301,2012
pre_xx_17179,chr18,50967263,50968770,1507
pre_xx_17180,chr18,51029460,51031326,1866
pre_xx_17181,chr18,51044447,51045501,1054
pre_xx_17182,chr18,51195425,51198539,3114
pre_xx_17183,chr18,51446641,51449262,2621
pre_xx_17184,chr18,51890367,51891437,1070
pre_xx_17185,chr18,52339593,52340750,1157
pre_xx_17186,chr18,52341549,52342434,885
pre_xx_17187,chr18,54223103,54225095,1992
pre_xx_17188,chr18,54268705,54270594,1889
pre_xx_17189,chr18,54356998,54359279,2281
pre_xx_17190,chr18,54394744,54395944,1200
pre_xx_17191,chr18,54444178,54445071,893
pre_xx_17192,chr18,54530647,54532771,2124
pre_xx_17193,chr18,54827928,54829246,1318
pre_xx_17194,chr18,54957929,54959659,1730
pre_xx_17195,chr18,55198615,55200257,1642
pre_xx_17196,chr18,55243272,55245071,1799
pre_xx_17197,chr18,55264025,55264573,548
pre_xx_17198,chr18,55321241,55322829,1588
pre_xx_17199,chr18,55400719,55402269,1550
pre_xx_17200,chr18,55405297,55406967,1670
pre_xx_17201,chr18,55477262,55478600,1338
pre_xx_17202,chr18,55509232,55511343,2111
pre_xx_17203,chr18,55534550,55536125,1575
pre_xx_17204,chr18,55582275,55582643,368
pre_xx_17205,chr18,55586877,55588919,2042
pre_xx_17206,chr18,55589595,55590340,745
pre_xx_17207,chr18,55778710,55780717,2007
pre_xx_17208,chr18,56575758,56577177,1419
pre_xx_17209,chr18,56637138,56639372,2234
pre_xx_17210,chr18,56650572,56652340,1768
pre_xx_17211,chr18,57352202,57354326,2124
pre_xx_17212,chr18,57427352,57429065,1713
pre_xx_17213,chr18,57434484,57435732,1248
pre_xx_17214,chr18,57437655,57438215,560
pre_xx_17215,chr18,57585557,57587441,1884
pre_xx_17216,chr18,57620969,57622756,1787
pre_xx_17217,chr18,57629527,57630818,1291
pre_xx_17218,chr18,57779937,57781355,1418
pre_xx_17219,chr18,57801124,57803929,2805
pre_xx_17220,chr18,57845464,57846674,1210
pre_xx_17221,chr18,57930488,57931488,1000
pre_xx_17222,chr18,58043137,58046711,3574
pre_xx_17223,chr18,58194944,58195825,881
pre_xx_17224,chr18,58337248,58338475,1227
pre_xx_17225,chr18,58338778,58339527,749
pre_xx_17226,chr18,58344423,58345463,1040
pre_xx_17227,chr18,58401983,58403255,1272
pre_xx_17228,chr18,58490643,58492020,1377
pre_xx_17229,chr18,58556015,58556914,899
pre_xx_17230,chr18,58576263,58577423,1160
pre_xx_17231,chr18,58578113,58579410,1297
pre_xx_17232,chr18,58589987,58591237,1250
pre_xx_17233,chr18,58670592,58672403,1811
pre_xx_17234,chr18,58764103,58764618,515
pre_xx_17235,chr18,58767823,58769121,1298
pre_xx_17236,chr18,58781314,58782197,883
pre_xx_17237,chr18,58843050,58844159,1109
pre_xx_17238,chr18,58862425,58865044,2619
pre_xx_17239,chr18,59070043,59070813,770
pre_xx_17240,chr18,59083368,59084532,1164
pre_xx_17241,chr18,59139143,59140763,1620
pre_xx_17242,chr18,59219619,59221545,1926
pre_xx_17243,chr18,59268670,59269617,947
pre_xx_17244,chr18,59272354,59273747,1393
pre_xx_17245,chr18,59308052,59309238,1186
pre_xx_17246,chr18,59332900,59333338,438
pre_xx_17247,chr18,59357902,59359824,1922
pre_xx_17248,chr18,59402044,59402973,929
pre_xx_17249,chr18,59459246,59460469,1223
pre_xx_17250,chr18,59470263,59471226,963
pre_xx_17251,chr18,59501627,59503253,1626
pre_xx_17252,chr18,59516005,59517368,1363
pre_xx_17253,chr18,59622913,59624434,1521
pre_xx_17254,chr18,59689756,59691334,1578
pre_xx_17255,chr18,59696102,59698287,2185
pre_xx_17256,chr18,59714524,59715710,1186
pre_xx_17257,chr18,59898918,59901147,2229
pre_xx_17258,chr18,59950108,59951187,1079
pre_xx_17259,chr18,59957543,59958480,937
pre_xx_17260,chr18,60371917,60373260,1343
pre_xx_17261,chr18,61333063,61334761,1698
pre_xx_17262,chr18,61581383,61582755,1372
pre_xx_17263,chr18,61892606,61895006,2400
pre_xx_17264,chr18,62186021,62188496,2475
pre_xx_17265,chr18,62199682,62201038,1356
pre_xx_17266,chr18,62324710,62326423,1713
pre_xx_17267,chr18,62425062,62426223,1161
pre_xx_17268,chr18,62522217,62525082,2865
pre_xx_17269,chr18,62526134,62527007,873
pre_xx_17270,chr18,62583778,62584980,1202
pre_xx_17271,chr18,62595926,62597564,1638
pre_xx_17272,chr18,62610133,62612481,2348
pre_xx_17273,chr18,62714594,62717798,3204
pre_xx_17274,chr18,62876973,62878730,1757
pre_xx_17275,chr18,62982310,62983261,951
pre_xx_17276,chr18,63136945,63138794,1849
pre_xx_17277,chr18,63155133,63156299,1166
pre_xx_17278,chr18,63157203,63157989,786
pre_xx_17279,chr18,63237189,63239048,1859
pre_xx_17280,chr18,63271799,63274270,2471
pre_xx_17281,chr18,63290147,63291560,1413
pre_xx_17282,chr18,63317316,63318770,1454
pre_xx_17283,chr18,63319357,63321125,1768
pre_xx_17284,chr18,63365407,63368054,2647
pre_xx_17285,chr18,63421388,63423236,1848
pre_xx_17286,chr18,63438827,63440548,1721
pre_xx_17287,chr18,63451718,63453198,1480
pre_xx_17288,chr18,63454087,63455362,1275
pre_xx_17289,chr18,63616409,63618102,1693
pre_xx_17290,chr18,63935930,63937064,1134
pre_xx_17291,chr18,63948838,63949873,1035
pre_xx_17292,chr18,63969578,63971406,1828
pre_xx_17293,chr18,65749745,65751875,2130
pre_xx_17294,chr18,65858704,65860038,1334
pre_xx_17295,chr18,66570676,66572661,1985
pre_xx_17296,chr18,67216634,67217895,1261
pre_xx_17297,chr18,67515366,67517666,2300
pre_xx_17298,chr18,67524952,67525750,798
pre_xx_17299,chr18,67580157,67581022,865
pre_xx_17300,chr18,67613590,67615047,1457
pre_xx_17301,chr18,68494575,68495491,916
pre_xx_17302,chr18,68714096,68715578,1482
pre_xx_17303,chr18,68735240,68736073,833
pre_xx_17304,chr18,68943154,68945071,1917
pre_xx_17305,chr18,69265243,69266120,877
pre_xx_17306,chr18,69400044,69403020,2976
pre_xx_17307,chr18,69628653,69629722,1069
pre_xx_17308,chr18,70205051,70206491,1440
pre_xx_17309,chr18,70288174,70290187,2013
pre_xx_17310,chr18,70464296,70465265,969
pre_xx_17311,chr18,70469654,70470399,745
pre_xx_17312,chr18,72541633,72542717,1084
pre_xx_17313,chr18,72542914,72544606,1692
pre_xx_17314,chr18,72675125,72676146,1021
pre_xx_17315,chr18,72691132,72693244,2112
pre_xx_17316,chr18,72866533,72869514,2981
pre_xx_17317,chr18,73714346,73715876,1530
pre_xx_17318,chr18,74147028,74148879,1851
pre_xx_17319,chr18,74195924,74196965,1041
pre_xx_17320,chr18,74224899,74225979,1080
pre_xx_17321,chr18,74290542,74292567,2025
pre_xx_17322,chr18,74299844,74301233,1389
pre_xx_17323,chr18,74456156,74458407,2251
pre_xx_17324,chr18,74495477,74497191,1714
pre_xx_17325,chr18,74500733,74501853,1120
pre_xx_17326,chr18,74596714,74599020,2306
pre_xx_17327,chr18,74796225,74798042,1817
pre_xx_17328,chr18,75203779,75205292,1513
pre_xx_17329,chr18,75207975,75209870,1895
pre_xx_17330,chr18,75210438,75212719,2281
pre_xx_17331,chr18,75226141,75228070,1929
pre_xx_17332,chr18,75246885,75248526,1641
pre_xx_17333,chr18,75454350,75456743,2393
pre_xx_17334,chr18,75638147,75639707,1560
pre_xx_17335,chr18,75653250,75655738,2488
pre_xx_17336,chr18,75915783,75916933,1150
pre_xx_17337,chr18,76050839,76052593,1754
pre_xx_17338,chr18,76398174,76399286,1112
pre_xx_17339,chr18,76415637,76417426,1789
pre_xx_17340,chr18,76444817,76446232,1415
pre_xx_17341,chr18,76450282,76452687,2405
pre_xx_17342,chr18,76454410,76455072,662
pre_xx_17343,chr18,76459489,76460393,904
pre_xx_17344,chr18,76490718,76493387,2669
pre_xx_17345,chr18,76493943,76495909,1966
pre_xx_17346,chr18,76496068,76496547,479
pre_xx_17347,chr18,76517933,76519499,1566
pre_xx_17348,chr18,76521550,76522456,906
pre_xx_17349,chr18,76524974,76525749,775
pre_xx_17350,chr18,76528370,76529849,1479
pre_xx_17351,chr18,76564593,76566058,1465
pre_xx_17352,chr18,76578066,76579899,1833
pre_xx_17353,chr18,76588032,76589606,1574
pre_xx_17354,chr18,76618817,76620731,1914
pre_xx_17355,chr18,76620821,76622171,1350
pre_xx_17356,chr18,76686570,76687912,1342
pre_xx_17357,chr18,76696990,76697965,975
pre_xx_17358,chr18,76787245,76788335,1090
pre_xx_17359,chr18,76801443,76802553,1110
pre_xx_17360,chr18,76821440,76823449,2009
pre_xx_17361,chr18,76823530,76823982,452
pre_xx_17362,chr18,76847443,76848382,939
pre_xx_17363,chr18,76952851,76954103,1252
pre_xx_17364,chr18,76976930,76978200,1270
pre_xx_17365,chr18,76982483,76984140,1657
pre_xx_17366,chr18,77054464,77057268,2804
pre_xx_17367,chr18,77062003,77063117,1114
pre_xx_17368,chr18,77086499,77088166,1667
pre_xx_17369,chr18,77113790,77115745,1955
pre_xx_17370,chr18,77131067,77133903,2836
pre_xx_17371,chr18,77167681,77169348,1667
pre_xx_17372,chr18,77248976,77252149,3173
pre_xx_17373,chr18,77320532,77321371,839
pre_xx_17374,chr18,77321686,77322873,1187
pre_xx_17375,chr18,77366050,77368091,2041
pre_xx_17376,chr18,77379606,77380972,1366
pre_xx_17377,chr18,77620757,77622651,1894
pre_xx_17378,chr18,77634976,77636085,1109
pre_xx_17379,chr18,77650599,77651341,742
pre_xx_17380,chr18,77899744,77900684,940
pre_xx_17381,chr18,78240717,78243220,2503
pre_xx_17382,chr18,78292614,78294718,2104
pre_xx_17383,chr18,78525169,78526125,956
pre_xx_17384,chr18,78641857,78643270,1413
pre_xx_17385,chr18,78972748,78974685,1937
pre_xx_17386,chr18,78978442,78981128,2686
pre_xx_17387,chr18,79068258,79070166,1908
pre_xx_17388,chr18,79169611,79170490,879
pre_xx_17389,chr18,79208734,79209906,1172
pre_xx_17390,chr18,79246295,79246896,601
pre_xx_17391,chr18,79365908,79366972,1064
pre_xx_17392,chr18,79367562,79368510,948
pre_xx_17393,chr18,79378585,79379337,752
pre_xx_17394,chr18,79393132,79396679,3547
pre_xx_17395,chr18,79400143,79401234,1091
pre_xx_17396,chr18,79465238,79466043,805
pre_xx_17397,chr18,79506402,79508497,2095
pre_xx_17398,chr18,79508828,79509556,728
pre_xx_17399,chr18,79522819,79524883,2064
pre_xx_17400,chr18,79567211,79568189,978
pre_xx_17401,chr18,79575710,79578216,2506
pre_xx_17402,chr18,79588324,79589879,1555
pre_xx_17403,chr18,79598220,79600425,2205
pre_xx_17404,chr18,79637257,79639665,2408
pre_xx_17405,chr18,79643735,79645004,1269
pre_xx_17406,chr18,79678403,79680668,2265
pre_xx_17407,chr18,79748681,79750246,1565
pre_xx_17408,chr18,79787827,79788959,1132
pre_xx_17409,chr18,79790726,79792012,1286
pre_xx_17410,chr18,79796723,79799237,2514
pre_xx_17411,chr18,79924736,79925914,1178
pre_xx_17412,chr18,79943562,79944738,1176
pre_xx_17413,chr18,79950484,79952725,2241
pre_xx_17414,chr18,79963981,79965807,1826
pre_xx_17415,chr18,79987638,79989292,1654
pre_xx_17416,chr18,80033130,80034836,1706
pre_xx_17417,chr18,80108084,80110517,2433
pre_xx_17418,chr18,80147075,80149036,1961
pre_xx_17419,chr18,80159492,80160727,1235
pre_xx_17420,chr18,80245291,80247861,2570
pre_xx_17421,chr19,266708,267743,1035
pre_xx_17422,chr19,289593,291993,2400
pre_xx_17423,chr19,294217,295472,1255
pre_xx_17424,chr19,343552,345309,1757
pre_xx_17425,chr19,383688,384714,1026
pre_xx_17426,chr19,405105,405798,693
pre_xx_17427,chr19,408276,410003,1727
pre_xx_17428,chr19,416986,418481,1495
pre_xx_17429,chr19,434232,436287,2055
pre_xx_17430,chr19,459505,461210,1705
pre_xx_17431,chr19,461523,462379,856
pre_xx_17432,chr19,485302,486111,809
pre_xx_17433,chr19,488399,489944,1545
pre_xx_17434,chr19,495206,496331,1125
pre_xx_17435,chr19,506415,508080,1665
pre_xx_17436,chr19,510615,511704,1089
pre_xx_17437,chr19,517188,519464,2276
pre_xx_17438,chr19,530781,533532,2751
pre_xx_17439,chr19,558574,559541,967
pre_xx_17440,chr19,566283,567073,790
pre_xx_17441,chr19,570860,571886,1026
pre_xx_17442,chr19,572026,573671,1645
pre_xx_17443,chr19,574724,575767,1043
pre_xx_17444,chr19,583887,585022,1135
pre_xx_17445,chr19,588092,588757,665
pre_xx_17446,chr19,589434,590820,1386
pre_xx_17447,chr19,590894,592045,1151
pre_xx_17448,chr19,609770,611682,1912
pre_xx_17449,chr19,615607,616598,991
pre_xx_17450,chr19,632288,634342,2054
pre_xx_17451,chr19,639089,640197,1108
pre_xx_17452,chr19,662088,663839,1751
pre_xx_17453,chr19,664869,665224,355
pre_xx_17454,chr19,674883,675734,851
pre_xx_17455,chr19,679574,681483,1909
pre_xx_17456,chr19,708263,710554,2291
pre_xx_17457,chr19,718197,721170,2973
pre_xx_17458,chr19,726605,728510,1905
pre_xx_17459,chr19,733712,734377,665
pre_xx_17460,chr19,750641,751886,1245
pre_xx_17461,chr19,752460,753555,1095
pre_xx_17462,chr19,769855,770744,889
pre_xx_17463,chr19,781941,783742,1801
pre_xx_17464,chr19,796645,798357,1712
pre_xx_17465,chr19,801190,802415,1225
pre_xx_17466,chr19,802550,803230,680
pre_xx_17467,chr19,821146,822727,1581
pre_xx_17468,chr19,843122,844793,1671
pre_xx_17469,chr19,860363,860959,596
pre_xx_17470,chr19,861623,863170,1547
pre_xx_17471,chr19,863725,864180,455
pre_xx_17472,chr19,870851,873515,2664
pre_xx_17473,chr19,892004,893876,1872
pre_xx_17474,chr19,898459,899293,834
pre_xx_17475,chr19,911691,913717,2026
pre_xx_17476,chr19,916957,918046,1089
pre_xx_17477,chr19,918489,920545,2056
pre_xx_17478,chr19,921531,921980,449
pre_xx_17479,chr19,925034,926346,1312
pre_xx_17480,chr19,932556,933840,1284
pre_xx_17481,chr19,934588,935433,845
pre_xx_17482,chr19,940295,941288,993
pre_xx_17483,chr19,944054,945595,1541
pre_xx_17484,chr19,952427,953988,1561
pre_xx_17485,chr19,954517,955514,997
pre_xx_17486,chr19,982478,983124,646
pre_xx_17487,chr19,983931,985040,1109
pre_xx_17488,chr19,989627,990683,1056
pre_xx_17489,chr19,996048,996837,789
pre_xx_17490,chr19,1000083,1001130,1047
pre_xx_17491,chr19,1001274,1001989,715
pre_xx_17492,chr19,1008851,1010382,1531
pre_xx_17493,chr19,1015666,1016327,661
pre_xx_17494,chr19,1019918,1021944,2026
pre_xx_17495,chr19,1026137,1028926,2789
pre_xx_17496,chr19,1039492,1041374,1882
pre_xx_17497,chr19,1064434,1065586,1152
pre_xx_17498,chr19,1071097,1072030,933
pre_xx_17499,chr19,1081228,1082994,1766
pre_xx_17500,chr19,1094283,1095797,1514
pre_xx_17501,chr19,1103448,1105464,2016
pre_xx_17502,chr19,1112962,1113881,919
pre_xx_17503,chr19,1130915,1133923,3008
pre_xx_17504,chr19,1154380,1155794,1414
pre_xx_17505,chr19,1161446,1162077,631
pre_xx_17506,chr19,1168772,1170371,1599
pre_xx_17507,chr19,1171271,1173619,2348
pre_xx_17508,chr19,1173798,1174461,663
pre_xx_17509,chr19,1194019,1194927,908
pre_xx_17510,chr19,1205071,1208314,3243
pre_xx_17511,chr19,1211385,1211946,561
pre_xx_17512,chr19,1221366,1221997,631
pre_xx_17513,chr19,1231895,1233599,1704
pre_xx_17514,chr19,1237635,1238272,637
pre_xx_17515,chr19,1239806,1240582,776
pre_xx_17516,chr19,1241377,1241927,550
pre_xx_17517,chr19,1244235,1244733,498
pre_xx_17518,chr19,1248038,1250016,1978
pre_xx_17519,chr19,1250512,1251926,1414
pre_xx_17520,chr19,1252012,1253602,1590
pre_xx_17521,chr19,1258907,1259656,749
pre_xx_17522,chr19,1260093,1262916,2823
pre_xx_17523,chr19,1265860,1267200,1340
pre_xx_17524,chr19,1268879,1270116,1237
pre_xx_17525,chr19,1274872,1276450,1578
pre_xx_17526,chr19,1279679,1280035,356
pre_xx_17527,chr19,1285124,1286344,1220
pre_xx_17528,chr19,1295123,1296169,1046
pre_xx_17529,chr19,1315467,1316075,608
pre_xx_17530,chr19,1318425,1319483,1058
pre_xx_17531,chr19,1324641,1325754,1113
pre_xx_17532,chr19,1339777,1341388,1611
pre_xx_17533,chr19,1354090,1356262,2172
pre_xx_17534,chr19,1360302,1362330,2028
pre_xx_17535,chr19,1372902,1374346,1444
pre_xx_17536,chr19,1383089,1384831,1742
pre_xx_17537,chr19,1394106,1395443,1337
pre_xx_17538,chr19,1400623,1401891,1268
pre_xx_17539,chr19,1406564,1409279,2715
pre_xx_17540,chr19,1414862,1416375,1513
pre_xx_17541,chr19,1421810,1423907,2097
pre_xx_17542,chr19,1429607,1430480,873
pre_xx_17543,chr19,1437645,1439320,1675
pre_xx_17544,chr19,1444781,1446705,1924
pre_xx_17545,chr19,1454958,1456224,1266
pre_xx_17546,chr19,1456600,1457554,954
pre_xx_17547,chr19,1465163,1466047,884
pre_xx_17548,chr19,1470031,1471684,1653
pre_xx_17549,chr19,1478524,1479701,1177
pre_xx_17550,chr19,1489735,1491956,2221
pre_xx_17551,chr19,1492854,1493591,737
pre_xx_17552,chr19,1502799,1503841,1042
pre_xx_17553,chr19,1507499,1508559,1060
pre_xx_17554,chr19,1512899,1514152,1253
pre_xx_17555,chr19,1523454,1524619,1165
pre_xx_17556,chr19,1545988,1546693,705
pre_xx_17557,chr19,1565794,1568926,3132
pre_xx_17558,chr19,1590724,1593413,2689
pre_xx_17559,chr19,1604766,1606275,1509
pre_xx_17560,chr19,1609475,1609973,498
pre_xx_17561,chr19,1650326,1653314,2988
pre_xx_17562,chr19,1667290,1668043,753
pre_xx_17563,chr19,1671841,1672639,798
pre_xx_17564,chr19,1725228,1726293,1065
pre_xx_17565,chr19,1733905,1735387,1482
pre_xx_17566,chr19,1795588,1796764,1176
pre_xx_17567,chr19,1806223,1808010,1787
pre_xx_17568,chr19,1811494,1813362,1868
pre_xx_17569,chr19,1825896,1827567,1671
pre_xx_17570,chr19,1833048,1834513,1465
pre_xx_17571,chr19,1837319,1837944,625
pre_xx_17572,chr19,1846810,1849040,2230
pre_xx_17573,chr19,1851629,1852531,902
pre_xx_17574,chr19,1855105,1855685,580
pre_xx_17575,chr19,1856642,1857645,1003
pre_xx_17576,chr19,1859999,1860386,387
pre_xx_17577,chr19,1862483,1865585,3102
pre_xx_17578,chr19,1874741,1876943,2202
pre_xx_17579,chr19,1884242,1885910,1668
pre_xx_17580,chr19,1897040,1898329,1289
pre_xx_17581,chr19,1904339,1905921,1582
pre_xx_17582,chr19,1907703,1908540,837
pre_xx_17583,chr19,1928998,1930523,1525
pre_xx_17584,chr19,1939783,1943083,3300
pre_xx_17585,chr19,1979672,1981187,1515
pre_xx_17586,chr19,2012714,2013576,862
pre_xx_17587,chr19,2014527,2016447,1920
pre_xx_17588,chr19,2019424,2019921,497
pre_xx_17589,chr19,2031868,2032992,1124
pre_xx_17590,chr19,2041644,2042899,1255
pre_xx_17591,chr19,2049121,2051635,2514
pre_xx_17592,chr19,2055635,2056936,1301
pre_xx_17593,chr19,2060514,2062376,1862
pre_xx_17594,chr19,2069472,2070062,590
pre_xx_17595,chr19,2095850,2097454,1604
pre_xx_17596,chr19,2150127,2152166,2039
pre_xx_17597,chr19,2163335,2165666,2331
pre_xx_17598,chr19,2168305,2169373,1068
pre_xx_17599,chr19,2171083,2172213,1130
pre_xx_17600,chr19,2185730,2186992,1262
pre_xx_17601,chr19,2197596,2198815,1219
pre_xx_17602,chr19,2214984,2215782,798
pre_xx_17603,chr19,2227214,2228383,1169
pre_xx_17604,chr19,2235075,2237159,2084
pre_xx_17605,chr19,2248491,2249398,907
pre_xx_17606,chr19,2250268,2251947,1679
pre_xx_17607,chr19,2252829,2254333,1504
pre_xx_17608,chr19,2268937,2271353,2416
pre_xx_17609,chr19,2273464,2273956,492
pre_xx_17610,chr19,2275060,2275605,545
pre_xx_17611,chr19,2275707,2276441,734
pre_xx_17612,chr19,2289591,2291880,2289
pre_xx_17613,chr19,2294563,2295418,855
pre_xx_17614,chr19,2302173,2303265,1092
pre_xx_17615,chr19,2315760,2316859,1099
pre_xx_17616,chr19,2327586,2329720,2134
pre_xx_17617,chr19,2336826,2337870,1044
pre_xx_17618,chr19,2371595,2372738,1143
pre_xx_17619,chr19,2422883,2424208,1325
pre_xx_17620,chr19,2424708,2425636,928
pre_xx_17621,chr19,2426825,2428137,1312
pre_xx_17622,chr19,2446108,2446864,756
pre_xx_17623,chr19,2455417,2457397,1980
pre_xx_17624,chr19,2461781,2463458,1677
pre_xx_17625,chr19,2474533,2477530,2997
pre_xx_17626,chr19,2477705,2479753,2048
pre_xx_17627,chr19,2487731,2489631,1900
pre_xx_17628,chr19,2490885,2491496,611
pre_xx_17629,chr19,2493927,2496004,2077
pre_xx_17630,chr19,2511466,2513503,2037
pre_xx_17631,chr19,2517836,2518742,906
pre_xx_17632,chr19,2540443,2541214,771
pre_xx_17633,chr19,2543182,2544329,1147
pre_xx_17634,chr19,2578217,2579926,1709
pre_xx_17635,chr19,2587959,2588900,941
pre_xx_17636,chr19,2598762,2599701,939
pre_xx_17637,chr19,2602212,2602882,670
pre_xx_17638,chr19,2610747,2611528,781
pre_xx_17639,chr19,2620541,2621153,612
pre_xx_17640,chr19,2626978,2628030,1052
pre_xx_17641,chr19,2636586,2637840,1254
pre_xx_17642,chr19,2639161,2639791,630
pre_xx_17643,chr19,2653153,2654476,1323
pre_xx_17644,chr19,2663826,2665058,1232
pre_xx_17645,chr19,2701587,2703021,1434
pre_xx_17646,chr19,2719832,2722109,2277
pre_xx_17647,chr19,2739053,2740442,1389
pre_xx_17648,chr19,2748913,2749543,630
pre_xx_17649,chr19,2782455,2783711,1256
pre_xx_17650,chr19,2784900,2786137,1237
pre_xx_17651,chr19,2819324,2820687,1363
pre_xx_17652,chr19,2840539,2842531,1992
pre_xx_17653,chr19,2865145,2866124,979
pre_xx_17654,chr19,2900154,2901649,1495
pre_xx_17655,chr19,2944433,2945604,1171
pre_xx_17656,chr19,2949732,2951288,1556
pre_xx_17657,chr19,2961753,2962599,846
pre_xx_17658,chr19,2968455,2969565,1110
pre_xx_17659,chr19,2976623,2977803,1180
pre_xx_17660,chr19,2982485,2984431,1946
pre_xx_17661,chr19,2986919,2987595,676
pre_xx_17662,chr19,3024529,3025751,1222
pre_xx_17663,chr19,3027983,3029762,1779
pre_xx_17664,chr19,3034222,3036995,2773
pre_xx_17665,chr19,3041620,3042893,1273
pre_xx_17666,chr19,3045852,3048109,2257
pre_xx_17667,chr19,3055216,3057733,2517
pre_xx_17668,chr19,3061171,3063240,2069
pre_xx_17669,chr19,3067731,3068471,740
pre_xx_17670,chr19,3093663,3095025,1362
pre_xx_17671,chr19,3095286,3096184,898
pre_xx_17672,chr19,3103485,3104516,1031
pre_xx_17673,chr19,3184951,3186793,1842
pre_xx_17674,chr19,3224252,3225352,1100
pre_xx_17675,chr19,3227935,3228920,985
pre_xx_17676,chr19,3275053,3276935,1882
pre_xx_17677,chr19,3284383,3286187,1804
pre_xx_17678,chr19,3289950,3290636,686
pre_xx_17679,chr19,3336362,3337521,1159
pre_xx_17680,chr19,3346093,3347296,1203
pre_xx_17681,chr19,3357349,3361757,4408
pre_xx_17682,chr19,3365784,3367770,1986
pre_xx_17683,chr19,3369367,3370596,1229
pre_xx_17684,chr19,3374733,3376342,1609
pre_xx_17685,chr19,3387576,3388264,688
pre_xx_17686,chr19,3389788,3390458,670
pre_xx_17687,chr19,3403538,3405321,1783
pre_xx_17688,chr19,3428168,3430005,1837
pre_xx_17689,chr19,3434484,3435701,1217
pre_xx_17690,chr19,3457243,3460123,2880
pre_xx_17691,chr19,3463006,3464323,1317
pre_xx_17692,chr19,3478801,3480774,1973
pre_xx_17693,chr19,3499895,3501113,1218
pre_xx_17694,chr19,3505552,3508147,2595
pre_xx_17695,chr19,3515618,3517151,1533
pre_xx_17696,chr19,3536274,3537916,1642
pre_xx_17697,chr19,3556725,3558429,1704
pre_xx_17698,chr19,3572120,3574420,2300
pre_xx_17699,chr19,3576662,3577481,819
pre_xx_17700,chr19,3606159,3608021,1862
pre_xx_17701,chr19,3625753,3627331,1578
pre_xx_17702,chr19,3669871,3672336,2465
pre_xx_17703,chr19,3687461,3688697,1236
pre_xx_17704,chr19,3698588,3700896,2308
pre_xx_17705,chr19,3708026,3709161,1135
pre_xx_17706,chr19,3721009,3721976,967
pre_xx_17707,chr19,3725832,3726366,534
pre_xx_17708,chr19,3761071,3762090,1019
pre_xx_17709,chr19,3762323,3763227,904
pre_xx_17710,chr19,3770071,3771342,1271
pre_xx_17711,chr19,3785169,3786567,1398
pre_xx_17712,chr19,3801045,3802074,1029
pre_xx_17713,chr19,3867829,3869618,1789
pre_xx_17714,chr19,3876804,3877433,629
pre_xx_17715,chr19,3880229,3882101,1872
pre_xx_17716,chr19,3949906,3951848,1942
pre_xx_17717,chr19,3961278,3962367,1089
pre_xx_17718,chr19,3964581,3965300,719
pre_xx_17719,chr19,3968365,3969303,938
pre_xx_17720,chr19,3969542,3971615,2073
pre_xx_17721,chr19,3976329,3977112,783
pre_xx_17722,chr19,3984684,3985686,1002
pre_xx_17723,chr19,3986261,3986919,658
pre_xx_17724,chr19,3987656,3988087,431
pre_xx_17725,chr19,3989840,3990519,679
pre_xx_17726,chr19,4006919,4008583,1664
pre_xx_17727,chr19,4014304,4016482,2178
pre_xx_17728,chr19,4061096,4061701,605
pre_xx_17729,chr19,4064131,4067904,3773
pre_xx_17730,chr19,4077485,4078718,1233
pre_xx_17731,chr19,4122936,4124595,1659
pre_xx_17732,chr19,4139561,4140691,1130
pre_xx_17733,chr19,4172655,4173574,919
pre_xx_17734,chr19,4181867,4182945,1078
pre_xx_17735,chr19,4197665,4199154,1489
pre_xx_17736,chr19,4234336,4235074,738
pre_xx_17737,chr19,4246456,4247884,1428
pre_xx_17738,chr19,4278236,4280361,2125
pre_xx_17739,chr19,4296200,4296965,765
pre_xx_17740,chr19,4326718,4329026,2308
pre_xx_17741,chr19,4337797,4338992,1195
pre_xx_17742,chr19,4342178,4344109,1931
pre_xx_17743,chr19,4360143,4361888,1745
pre_xx_17744,chr19,4368043,4368816,773
pre_xx_17745,chr19,4368889,4370300,1411
pre_xx_17746,chr19,4371122,4371877,755
pre_xx_17747,chr19,4373543,4376134,2591
pre_xx_17748,chr19,4379293,4380909,1616
pre_xx_17749,chr19,4389712,4392265,2553
pre_xx_17750,chr19,4399182,4400855,1673
pre_xx_17751,chr19,4401759,4403022,1263
pre_xx_17752,chr19,4414274,4415866,1592
pre_xx_17753,chr19,4445831,4447279,1448
pre_xx_17754,chr19,4454913,4456160,1247
pre_xx_17755,chr19,4456356,4458153,1797
pre_xx_17756,chr19,4471051,4472783,1732
pre_xx_17757,chr19,4473941,4475016,1075
pre_xx_17758,chr19,4503200,4504800,1600
pre_xx_17759,chr19,4534569,4535581,1012
pre_xx_17760,chr19,4581114,4581992,878
pre_xx_17761,chr19,4597138,4599102,1964
pre_xx_17762,chr19,4606831,4607527,696
pre_xx_17763,chr19,4635475,4636719,1244
pre_xx_17764,chr19,4638867,4640080,1213
pre_xx_17765,chr19,4669394,4671125,1731
pre_xx_17766,chr19,4722293,4724911,2618
pre_xx_17767,chr19,4759308,4760346,1038
pre_xx_17768,chr19,4768870,4769942,1072
pre_xx_17769,chr19,4790787,4792661,1874
pre_xx_17770,chr19,4814711,4816601,1890
pre_xx_17771,chr19,4831205,4831997,792
pre_xx_17772,chr19,4854877,4855722,845
pre_xx_17773,chr19,4866607,4868201,1594
pre_xx_17774,chr19,4872376,4872953,577
pre_xx_17775,chr19,4909165,4910560,1395
pre_xx_17776,chr19,4911517,4912319,802
pre_xx_17777,chr19,4967666,4969581,1915
pre_xx_17778,chr19,4969765,4971659,1894
pre_xx_17779,chr19,5031056,5031920,864
pre_xx_17780,chr19,5034978,5036033,1055
pre_xx_17781,chr19,5046051,5046651,600
pre_xx_17782,chr19,5047930,5049613,1683
pre_xx_17783,chr19,5057732,5059583,1851
pre_xx_17784,chr19,5067131,5069267,2136
pre_xx_17785,chr19,5086555,5087104,549
pre_xx_17786,chr19,5090599,5092298,1699
pre_xx_17787,chr19,5092920,5094027,1107
pre_xx_17788,chr19,5102394,5104565,2171
pre_xx_17789,chr19,5127934,5129621,1687
pre_xx_17790,chr19,5140839,5143015,2176
pre_xx_17791,chr19,5150184,5151427,1243
pre_xx_17792,chr19,5228992,5230083,1091
pre_xx_17793,chr19,5276491,5277308,817
pre_xx_17794,chr19,5292194,5294289,2095
pre_xx_17795,chr19,5308363,5310006,1643
pre_xx_17796,chr19,5313166,5313852,686
pre_xx_17797,chr19,5339369,5341224,1855
pre_xx_17798,chr19,5356663,5357518,855
pre_xx_17799,chr19,5403841,5404428,587
pre_xx_17800,chr19,5435961,5437144,1183
pre_xx_17801,chr19,5483983,5484968,985
pre_xx_17802,chr19,5492256,5493337,1081
pre_xx_17803,chr19,5536109,5536934,825
pre_xx_17804,chr19,5567319,5568265,946
pre_xx_17805,chr19,5577700,5578741,1041
pre_xx_17806,chr19,5585302,5586765,1463
pre_xx_17807,chr19,5621196,5624946,3750
pre_xx_17808,chr19,5679481,5681350,1869
pre_xx_17809,chr19,5686291,5687450,1159
pre_xx_17810,chr19,5689923,5690771,848
pre_xx_17811,chr19,5691053,5692505,1452
pre_xx_17812,chr19,5718458,5720962,2504
pre_xx_17813,chr19,5790319,5791459,1140
pre_xx_17814,chr19,5798948,5799734,786
pre_xx_17815,chr19,5802023,5802666,643
pre_xx_17816,chr19,5803604,5804388,784
pre_xx_17817,chr19,5804752,5806140,1388
pre_xx_17818,chr19,5826446,5826984,538
pre_xx_17819,chr19,5827465,5829678,2213
pre_xx_17820,chr19,5891730,5892838,1108
pre_xx_17821,chr19,5893569,5894891,1322
pre_xx_17822,chr19,5902957,5905227,2270
pre_xx_17823,chr19,5934598,5935876,1278
pre_xx_17824,chr19,5959857,5960542,685
pre_xx_17825,chr19,5967742,5969230,1488
pre_xx_17826,chr19,5977072,5979084,2012
pre_xx_17827,chr19,5986996,5987781,785
pre_xx_17828,chr19,6021783,6023757,1974
pre_xx_17829,chr19,6048486,6049353,867
pre_xx_17830,chr19,6056378,6057758,1380
pre_xx_17831,chr19,6065487,6067580,2093
pre_xx_17832,chr19,6086610,6088272,1662
pre_xx_17833,chr19,6091717,6092843,1126
pre_xx_17834,chr19,6108521,6109423,902
pre_xx_17835,chr19,6110013,6111064,1051
pre_xx_17836,chr19,6198839,6200005,1166
pre_xx_17837,chr19,6216400,6217610,1210
pre_xx_17838,chr19,6218295,6218854,559
pre_xx_17839,chr19,6223339,6224195,856
pre_xx_17840,chr19,6227454,6229176,1722
pre_xx_17841,chr19,6232978,6234521,1543
pre_xx_17842,chr19,6268314,6268797,483
pre_xx_17843,chr19,6271019,6272712,1693
pre_xx_17844,chr19,6273466,6274559,1093
pre_xx_17845,chr19,6278860,6280457,1597
pre_xx_17846,chr19,6361021,6362608,1587
pre_xx_17847,chr19,6372204,6374034,1830
pre_xx_17848,chr19,6392457,6394146,1689
pre_xx_17849,chr19,6411834,6413053,1219
pre_xx_17850,chr19,6423379,6425721,2342
pre_xx_17851,chr19,6458748,6460842,2094
pre_xx_17852,chr19,6475178,6477099,1921
pre_xx_17853,chr19,6501448,6502794,1346
pre_xx_17854,chr19,6515784,6517258,1474
pre_xx_17855,chr19,6530497,6531598,1101
pre_xx_17856,chr19,6659560,6662068,2508
pre_xx_17857,chr19,6736399,6738371,1972
pre_xx_17858,chr19,6738474,6739881,1407
pre_xx_17859,chr19,6740536,6741145,609
pre_xx_17860,chr19,6744289,6745342,1053
pre_xx_17861,chr19,6752387,6754447,2060
pre_xx_17862,chr19,6766693,6768222,1529
pre_xx_17863,chr19,6862479,6863102,623
pre_xx_17864,chr19,7068687,7070170,1483
pre_xx_17865,chr19,7098560,7099794,1234
pre_xx_17866,chr19,7100051,7101219,1168
pre_xx_17867,chr19,7179166,7179984,818
pre_xx_17868,chr19,7182531,7183758,1227
pre_xx_17869,chr19,7196240,7198660,2420
pre_xx_17870,chr19,7207571,7208650,1079
pre_xx_17871,chr19,7211058,7212188,1130
pre_xx_17872,chr19,7293140,7295201,2061
pre_xx_17873,chr19,7394378,7396152,1774
pre_xx_17874,chr19,7398691,7399305,614
pre_xx_17875,chr19,7482658,7484074,1416
pre_xx_17876,chr19,7488331,7489409,1078
pre_xx_17877,chr19,7494166,7495108,942
pre_xx_17878,chr19,7500663,7501518,855
pre_xx_17879,chr19,7505310,7506971,1661
pre_xx_17880,chr19,7515040,7517176,2136
pre_xx_17881,chr19,7521755,7523315,1560
pre_xx_17882,chr19,7533173,7536174,3001
pre_xx_17883,chr19,7550573,7551830,1257
pre_xx_17884,chr19,7568094,7568810,716
pre_xx_17885,chr19,7595175,7597445,2270
pre_xx_17886,chr19,7602172,7603281,1109
pre_xx_17887,chr19,7618017,7620086,2069
pre_xx_17888,chr19,7628905,7630277,1372
pre_xx_17889,chr19,7636683,7637883,1200
pre_xx_17890,chr19,7651757,7652550,793
pre_xx_17891,chr19,7669793,7671049,1256
pre_xx_17892,chr19,7680229,7682449,2220
pre_xx_17893,chr19,7729644,7731269,1625
pre_xx_17894,chr19,7762728,7764745,2017
pre_xx_17895,chr19,7783907,7784482,575
pre_xx_17896,chr19,7787982,7789801,1819
pre_xx_17897,chr19,7792069,7792684,615
pre_xx_17898,chr19,7798581,7800352,1771
pre_xx_17899,chr19,7829217,7830993,1776
pre_xx_17900,chr19,7849945,7850823,878
pre_xx_17901,chr19,7852946,7853797,851
pre_xx_17902,chr19,7861763,7863667,1904
pre_xx_17903,chr19,7868684,7870876,2192
pre_xx_17904,chr19,7871106,7872414,1308
pre_xx_17905,chr19,7873700,7874888,1188
pre_xx_17906,chr19,7888000,7888922,922
pre_xx_17907,chr19,7902665,7904811,2146
pre_xx_17908,chr19,7917387,7918122,735
pre_xx_17909,chr19,7919987,7921355,1368
pre_xx_17910,chr19,7924784,7927255,2471
pre_xx_17911,chr19,7928411,7929634,1223
pre_xx_17912,chr19,7942928,7944652,1724
pre_xx_17913,chr19,8001890,8002729,839
pre_xx_17914,chr19,8004293,8006204,1911
pre_xx_17915,chr19,8028136,8029630,1494
pre_xx_17916,chr19,8032931,8033832,901
pre_xx_17917,chr19,8050048,8051045,997
pre_xx_17918,chr19,8139336,8140226,890
pre_xx_17919,chr19,8142515,8143646,1131
pre_xx_17920,chr19,8145682,8146274,592
pre_xx_17921,chr19,8148425,8149997,1572
pre_xx_17922,chr19,8154586,8155209,623
pre_xx_17923,chr19,8187902,8188579,677
pre_xx_17924,chr19,8208085,8210548,2463
pre_xx_17925,chr19,8240056,8241364,1308
pre_xx_17926,chr19,8252811,8253375,564
pre_xx_17927,chr19,8268380,8269594,1214
pre_xx_17928,chr19,8307219,8308748,1529
pre_xx_17929,chr19,8320303,8322258,1955
pre_xx_17930,chr19,8334227,8336238,2011
pre_xx_17931,chr19,8342198,8343631,1433
pre_xx_17932,chr19,8363565,8364798,1233
pre_xx_17933,chr19,8366879,8367791,912
pre_xx_17934,chr19,8389530,8391117,1587
pre_xx_17935,chr19,8391435,8392482,1047
pre_xx_17936,chr19,8396597,8398735,2138
pre_xx_17937,chr19,8412700,8413811,1111
pre_xx_17938,chr19,8444262,8445890,1628
pre_xx_17939,chr19,8505492,8506900,1408
pre_xx_17940,chr19,8511407,8512373,966
pre_xx_17941,chr19,8513118,8514428,1310
pre_xx_17942,chr19,8525060,8526953,1893
pre_xx_17943,chr19,8580178,8581106,928
pre_xx_17944,chr19,8591663,8593095,1432
pre_xx_17945,chr19,8608971,8611672,2701
pre_xx_17946,chr19,8831441,8833206,1765
pre_xx_17947,chr19,9075149,9076053,904
pre_xx_17948,chr19,9139714,9140951,1237
pre_xx_17949,chr19,9205141,9206093,952
pre_xx_17950,chr19,9309015,9310342,1327
pre_xx_17951,chr19,9323228,9324660,1432
pre_xx_17952,chr19,9362587,9363648,1061
pre_xx_17953,chr19,9406495,9407595,1100
pre_xx_17954,chr19,9434684,9436197,1513
pre_xx_17955,chr19,9537482,9539048,1566
pre_xx_17956,chr19,9583664,9584970,1306
pre_xx_17957,chr19,9620557,9621999,1442
pre_xx_17958,chr19,9674387,9675720,1333
pre_xx_17959,chr19,9767700,9769125,1425
pre_xx_17960,chr19,9784358,9786581,2223
pre_xx_17961,chr19,9789630,9789908,278
pre_xx_17962,chr19,9791525,9793295,1770
pre_xx_17963,chr19,9795994,9796431,437
pre_xx_17964,chr19,9818335,9819911,1576
pre_xx_17965,chr19,9826898,9828760,1862
pre_xx_17966,chr19,9834360,9835851,1491
pre_xx_17967,chr19,9913158,9915078,1920
pre_xx_17968,chr19,9930669,9931199,530
pre_xx_17969,chr19,9933999,9934812,813
pre_xx_17970,chr19,9935221,9937256,2035
pre_xx_17971,chr19,10008269,10009726,1457
pre_xx_17972,chr19,10027214,10028048,834
pre_xx_17973,chr19,10085566,10087287,1721
pre_xx_17974,chr19,10095589,10096927,1338
pre_xx_17975,chr19,10104505,10106987,2482
pre_xx_17976,chr19,10112099,10114451,2352
pre_xx_17977,chr19,10119095,10120154,1059
pre_xx_17978,chr19,10193738,10195450,1712
pre_xx_17979,chr19,10229827,10231711,1884
pre_xx_17980,chr19,10245146,10245993,847
pre_xx_17981,chr19,10251481,10252802,1321
pre_xx_17982,chr19,10258777,10259643,866
pre_xx_17983,chr19,10269294,10270167,873
pre_xx_17984,chr19,10270229,10271952,1723
pre_xx_17985,chr19,10286399,10287430,1031
pre_xx_17986,chr19,10289149,10290131,982
pre_xx_17987,chr19,10315131,10316691,1560
pre_xx_17988,chr19,10332560,10334237,1677
pre_xx_17989,chr19,10334359,10335220,861
pre_xx_17990,chr19,10352359,10354437,2078
pre_xx_17991,chr19,10379845,10381200,1355
pre_xx_17992,chr19,10388585,10389335,750
pre_xx_17993,chr19,10401084,10401529,445
pre_xx_17994,chr19,10403099,10405268,2169
pre_xx_17995,chr19,10416225,10417095,870
pre_xx_17996,chr19,10417814,10419477,1663
pre_xx_17997,chr19,10419541,10421228,1687
pre_xx_17998,chr19,10424066,10424732,666
pre_xx_17999,chr19,10431424,10432527,1103
pre_xx_18000,chr19,10460775,10461957,1182
pre_xx_18001,chr19,10478433,10479575,1142
pre_xx_18002,chr19,10501821,10503695,1874
pre_xx_18003,chr19,10513857,10515007,1150
pre_xx_18004,chr19,10516924,10518916,1992
pre_xx_18005,chr19,10543210,10544568,1358
pre_xx_18006,chr19,10565114,10566372,1258
pre_xx_18007,chr19,10568228,10569454,1226
pre_xx_18008,chr19,10580736,10581548,812
pre_xx_18009,chr19,10601888,10603700,1812
pre_xx_18010,chr19,10624852,10626294,1442
pre_xx_18011,chr19,10642368,10645101,2733
pre_xx_18012,chr19,10651857,10652309,452
pre_xx_18013,chr19,10653107,10655076,1969
pre_xx_18014,chr19,10655754,10656196,442
pre_xx_18015,chr19,10695180,10696279,1099
pre_xx_18016,chr19,10700938,10702494,1556
pre_xx_18017,chr19,10711919,10713786,1867
pre_xx_18018,chr19,10717073,10719967,2894
pre_xx_18019,chr19,10751055,10752401,1346
pre_xx_18020,chr19,10766153,10767150,997
pre_xx_18021,chr19,10769213,10770376,1163
pre_xx_18022,chr19,10835124,10836877,1753
pre_xx_18023,chr19,10864019,10864906,887
pre_xx_18024,chr19,10870380,10872964,2584
pre_xx_18025,chr19,10891024,10892116,1092
pre_xx_18026,chr19,10893787,10894702,915
pre_xx_18027,chr19,10927937,10929779,1842
pre_xx_18028,chr19,10936178,10937106,928
pre_xx_18029,chr19,10960031,10962122,2091
pre_xx_18030,chr19,10975488,10977304,1816
pre_xx_18031,chr19,11035369,11036278,909
pre_xx_18032,chr19,11084997,11085829,832
pre_xx_18033,chr19,11088988,11091281,2293
pre_xx_18034,chr19,11091508,11092027,519
pre_xx_18035,chr19,11130638,11131724,1086
pre_xx_18036,chr19,11137457,11139155,1698
pre_xx_18037,chr19,11142129,11143722,1593
pre_xx_18038,chr19,11155317,11156281,964
pre_xx_18039,chr19,11196568,11198100,1532
pre_xx_18040,chr19,11255960,11256611,651
pre_xx_18041,chr19,11261408,11262712,1304
pre_xx_18042,chr19,11293527,11294458,931
pre_xx_18043,chr19,11323621,11325511,1890
pre_xx_18044,chr19,11338394,11339994,1600
pre_xx_18045,chr19,11345539,11346954,1415
pre_xx_18046,chr19,11354696,11356077,1381
pre_xx_18047,chr19,11361062,11362157,1095
pre_xx_18048,chr19,11374259,11375847,1588
pre_xx_18049,chr19,11380659,11382135,1476
pre_xx_18050,chr19,11382763,11384481,1718
pre_xx_18051,chr19,11405866,11406744,878
pre_xx_18052,chr19,11418207,11419481,1274
pre_xx_18053,chr19,11421674,11422950,1276
pre_xx_18054,chr19,11434591,11436302,1711
pre_xx_18055,chr19,11479375,11480434,1059
pre_xx_18056,chr19,11481648,11482933,1285
pre_xx_18057,chr19,11504545,11506440,1895
pre_xx_18058,chr19,11528296,11529523,1227
pre_xx_18059,chr19,11535721,11536385,664
pre_xx_18060,chr19,11538409,11539050,641
pre_xx_18061,chr19,11539626,11540479,853
pre_xx_18062,chr19,11558305,11559772,1467
pre_xx_18063,chr19,11596567,11598184,1617
pre_xx_18064,chr19,11623663,11625415,1752
pre_xx_18065,chr19,11639206,11640506,1300
pre_xx_18066,chr19,11673340,11674511,1171
pre_xx_18067,chr19,11693831,11695419,1588
pre_xx_18068,chr19,11737743,11739480,1737
pre_xx_18069,chr19,11766467,11768143,1676
pre_xx_18070,chr19,11797268,11799241,1973
pre_xx_18071,chr19,11813569,11814964,1395
pre_xx_18072,chr19,11848211,11849710,1499
pre_xx_18073,chr19,11887241,11888981,1740
pre_xx_18074,chr19,11889533,11890345,812
pre_xx_18075,chr19,11921854,11922633,779
pre_xx_18076,chr19,11923444,11926123,2679
pre_xx_18077,chr19,11963729,11966032,2303
pre_xx_18078,chr19,11987013,11989139,2126
pre_xx_18079,chr19,12034279,12036265,1986
pre_xx_18080,chr19,12051785,12053354,1569
pre_xx_18081,chr19,12059289,12059960,671
pre_xx_18082,chr19,12064228,12065532,1304
pre_xx_18083,chr19,12091852,12092974,1122
pre_xx_18084,chr19,12139083,12141464,2381
pre_xx_18085,chr19,12155370,12157090,1720
pre_xx_18086,chr19,12162597,12164217,1620
pre_xx_18087,chr19,12194208,12195936,1728
pre_xx_18088,chr19,12293345,12295310,1965
pre_xx_18089,chr19,12332039,12334131,2092
pre_xx_18090,chr19,12364445,12366158,1713
pre_xx_18091,chr19,12399902,12401720,1818
pre_xx_18092,chr19,12439580,12441595,2015
pre_xx_18093,chr19,12483655,12485299,1644
pre_xx_18094,chr19,12494857,12496213,1356
pre_xx_18095,chr19,12550454,12552230,1776
pre_xx_18096,chr19,12610137,12611809,1672
pre_xx_18097,chr19,12639676,12640520,844
pre_xx_18098,chr19,12647126,12648608,1482
pre_xx_18099,chr19,12666172,12667115,943
pre_xx_18100,chr19,12668695,12670198,1503
pre_xx_18101,chr19,12676185,12676696,511
pre_xx_18102,chr19,12680887,12682320,1433
pre_xx_18103,chr19,12695898,12697000,1102
pre_xx_18104,chr19,12720775,12723109,2334
pre_xx_18105,chr19,12723438,12724117,679
pre_xx_18106,chr19,12734003,12734932,929
pre_xx_18107,chr19,12736583,12737783,1200
pre_xx_18108,chr19,12757383,12758274,891
pre_xx_18109,chr19,12769462,12770243,781
pre_xx_18110,chr19,12774822,12775878,1056
pre_xx_18111,chr19,12777378,12779518,2140
pre_xx_18112,chr19,12782134,12783268,1134
pre_xx_18113,chr19,12788655,12788940,285
pre_xx_18114,chr19,12789390,12790428,1038
pre_xx_18115,chr19,12791087,12791838,751
pre_xx_18116,chr19,12792212,12794275,2063
pre_xx_18117,chr19,12796518,12796831,313
pre_xx_18118,chr19,12800783,12802396,1613
pre_xx_18119,chr19,12806015,12807207,1192
pre_xx_18120,chr19,12832275,12833081,806
pre_xx_18121,chr19,12833591,12834581,990
pre_xx_18122,chr19,12838082,12838930,848
pre_xx_18123,chr19,12840299,12841498,1199
pre_xx_18124,chr19,12847049,12848172,1123
pre_xx_18125,chr19,12866917,12868068,1151
pre_xx_18126,chr19,12880483,12881851,1368
pre_xx_18127,chr19,12884933,12886025,1092
pre_xx_18128,chr19,12890347,12892032,1685
pre_xx_18129,chr19,12912471,12914292,1821
pre_xx_18130,chr19,12918763,12919788,1025
pre_xx_18131,chr19,12932673,12933998,1325
pre_xx_18132,chr19,12937268,12939614,2346
pre_xx_18133,chr19,12945043,12946472,1429
pre_xx_18134,chr19,12952528,12954727,2199
pre_xx_18135,chr19,12956421,12957547,1126
pre_xx_18136,chr19,12964823,12965860,1037
pre_xx_18137,chr19,12969176,12970006,830
pre_xx_18138,chr19,12977651,12978329,678
pre_xx_18139,chr19,12983101,12983898,797
pre_xx_18140,chr19,12994882,12996996,2114
pre_xx_18141,chr19,13013743,13014774,1031
pre_xx_18142,chr19,13022165,13023942,1777
pre_xx_18143,chr19,13024387,13025328,941
pre_xx_18144,chr19,13051111,13052040,929
pre_xx_18145,chr19,13053693,13054245,552
pre_xx_18146,chr19,13054624,13056378,1754
pre_xx_18147,chr19,13057080,13058077,997
pre_xx_18148,chr19,13060971,13061684,713
pre_xx_18149,chr19,13068983,13071005,2022
pre_xx_18150,chr19,13076461,13077691,1230
pre_xx_18151,chr19,13078726,13080051,1325
pre_xx_18152,chr19,13093595,13094126,531
pre_xx_18153,chr19,13102442,13103381,939
pre_xx_18154,chr19,13115971,13117111,1140
pre_xx_18155,chr19,13117719,13119310,1591
pre_xx_18156,chr19,13149660,13150675,1015
pre_xx_18157,chr19,13151347,13152339,992
pre_xx_18158,chr19,13152662,13153353,691
pre_xx_18159,chr19,13154336,13156332,1996
pre_xx_18160,chr19,13162514,13164935,2421
pre_xx_18161,chr19,13167407,13168133,726
pre_xx_18162,chr19,13181502,13182430,928
pre_xx_18163,chr19,13207162,13208901,1739
pre_xx_18164,chr19,13505240,13507730,2490
pre_xx_18165,chr19,13730911,13732162,1251
pre_xx_18166,chr19,13747338,13748981,1643
pre_xx_18167,chr19,13763948,13765712,1764
pre_xx_18168,chr19,13773843,13775346,1503
pre_xx_18169,chr19,13794313,13796024,1711
pre_xx_18170,chr19,13817175,13818519,1344
pre_xx_18171,chr19,13833017,13834039,1022
pre_xx_18172,chr19,13838964,13840158,1194
pre_xx_18173,chr19,13841094,13841904,810
pre_xx_18174,chr19,13842060,13843109,1049
pre_xx_18175,chr19,13846525,13848073,1548
pre_xx_18176,chr19,13850106,13850769,663
pre_xx_18177,chr19,13861242,13862596,1354
pre_xx_18178,chr19,13864093,13866296,2203
pre_xx_18179,chr19,13872497,13873446,949
pre_xx_18180,chr19,13879884,13880686,802
pre_xx_18181,chr19,13884623,13885745,1122
pre_xx_18182,chr19,13905470,13906891,1421
pre_xx_18183,chr19,13951703,13953554,1851
pre_xx_18184,chr19,13962033,13963985,1952
pre_xx_18185,chr19,13973957,13974467,510
pre_xx_18186,chr19,13977950,13979638,1688
pre_xx_18187,chr19,14005506,14007322,1816
pre_xx_18188,chr19,14031224,14032709,1485
pre_xx_18189,chr19,14056457,14058006,1549
pre_xx_18190,chr19,14071773,14075373,3600
pre_xx_18191,chr19,14080585,14082163,1578
pre_xx_18192,chr19,14089427,14092459,3032
pre_xx_18193,chr19,14111898,14113440,1542
pre_xx_18194,chr19,14116948,14119071,2123
pre_xx_18195,chr19,14135977,14137756,1779
pre_xx_18196,chr19,14142286,14143348,1062
pre_xx_18197,chr19,14147854,14148691,837
pre_xx_18198,chr19,14165614,14168359,2745
pre_xx_18199,chr19,14206161,14207839,1678
pre_xx_18200,chr19,14209285,14210016,731
pre_xx_18201,chr19,14247538,14249711,2173
pre_xx_18202,chr19,14253647,14254504,857
pre_xx_18203,chr19,14265061,14266184,1123
pre_xx_18204,chr19,14293067,14294163,1096
pre_xx_18205,chr19,14347604,14348783,1179
pre_xx_18206,chr19,14363075,14364262,1187
pre_xx_18207,chr19,14366441,14366974,533
pre_xx_18208,chr19,14405436,14406673,1237
pre_xx_18209,chr19,14417983,14419789,1806
pre_xx_18210,chr19,14432741,14435419,2678
pre_xx_18211,chr19,14471969,14472922,953
pre_xx_18212,chr19,14473296,14474239,943
pre_xx_18213,chr19,14495244,14497029,1785
pre_xx_18214,chr19,14512258,14514920,2662
pre_xx_18215,chr19,14516874,14517345,471
pre_xx_18216,chr19,14517494,14519016,1522
pre_xx_18217,chr19,14528532,14530175,1643
pre_xx_18218,chr19,14532366,14532784,418
pre_xx_18219,chr19,14536544,14537652,1108
pre_xx_18220,chr19,14551056,14552176,1120
pre_xx_18221,chr19,14571361,14572335,974
pre_xx_18222,chr19,14689291,14690607,1316
pre_xx_18223,chr19,14888133,14889114,981
pre_xx_18224,chr19,14978963,14980165,1202
pre_xx_18225,chr19,15106726,15108565,1839
pre_xx_18226,chr19,15124424,15126107,1683
pre_xx_18227,chr19,15177275,15178224,949
pre_xx_18228,chr19,15194952,15196347,1395
pre_xx_18229,chr19,15199464,15201242,1778
pre_xx_18230,chr19,15222590,15224241,1651
pre_xx_18231,chr19,15231550,15233756,2206
pre_xx_18232,chr19,15249584,15252656,3072
pre_xx_18233,chr19,15261985,15262438,453
pre_xx_18234,chr19,15265450,15266480,1030
pre_xx_18235,chr19,15280008,15281511,1503
pre_xx_18236,chr19,15293795,15294913,1118
pre_xx_18237,chr19,15296823,15297940,1117
pre_xx_18238,chr19,15330869,15333090,2221
pre_xx_18239,chr19,15377924,15380641,2717
pre_xx_18240,chr19,15412564,15413761,1197
pre_xx_18241,chr19,15417411,15419453,2042
pre_xx_18242,chr19,15431426,15433702,2276
pre_xx_18243,chr19,15448698,15450342,1644
pre_xx_18244,chr19,15452013,15453424,1411
pre_xx_18245,chr19,15456667,15458360,1693
pre_xx_18246,chr19,15555463,15556791,1328
pre_xx_18247,chr19,15562615,15564151,1536
pre_xx_18248,chr19,15584263,15585053,790
pre_xx_18249,chr19,15835743,15837679,1936
pre_xx_18250,chr19,16041244,16042033,789
pre_xx_18251,chr19,16075790,16077535,1745
pre_xx_18252,chr19,16078124,16079523,1399
pre_xx_18253,chr19,16087826,16089906,2080
pre_xx_18254,chr19,16110585,16112204,1619
pre_xx_18255,chr19,16184879,16186249,1370
pre_xx_18256,chr19,16197216,16198577,1361
pre_xx_18257,chr19,16247266,16248111,845
pre_xx_18258,chr19,16261899,16263845,1946
pre_xx_18259,chr19,16283084,16284178,1094
pre_xx_18260,chr19,16292763,16294257,1494
pre_xx_18261,chr19,16315432,16316933,1501
pre_xx_18262,chr19,16324112,16326949,2837
pre_xx_18263,chr19,16328246,16328673,427
pre_xx_18264,chr19,16328914,16329304,390
pre_xx_18265,chr19,16330227,16331349,1122
pre_xx_18266,chr19,16355070,16356212,1142
pre_xx_18267,chr19,16362834,16364157,1323
pre_xx_18268,chr19,16371368,16372530,1162
pre_xx_18269,chr19,16381774,16383757,1983
pre_xx_18270,chr19,16442395,16443120,725
pre_xx_18271,chr19,16470340,16472793,2453
pre_xx_18272,chr19,16495665,16496960,1295
pre_xx_18273,chr19,16541416,16543323,1907
pre_xx_18274,chr19,16571229,16573263,2034
pre_xx_18275,chr19,16580740,16581907,1167
pre_xx_18276,chr19,16583957,16584662,705
pre_xx_18277,chr19,16587051,16589331,2280
pre_xx_18278,chr19,16626670,16629775,3105
pre_xx_18279,chr19,16659386,16662005,2619
pre_xx_18280,chr19,16824478,16826127,1649
pre_xx_18281,chr19,16828829,16830186,1357
pre_xx_18282,chr19,16888524,16890290,1766
pre_xx_18283,chr19,16895764,16898036,2272
pre_xx_18284,chr19,17025731,17027952,2221
pre_xx_18285,chr19,17074429,17076900,2471
pre_xx_18286,chr19,17134411,17136262,1851
pre_xx_18287,chr19,17214593,17216037,1444
pre_xx_18288,chr19,17225584,17227113,1529
pre_xx_18289,chr19,17234661,17236530,1869
pre_xx_18290,chr19,17243792,17244531,739
pre_xx_18291,chr19,17244808,17246901,2093
pre_xx_18292,chr19,17266612,17268455,1843
pre_xx_18293,chr19,17281402,17283034,1632
pre_xx_18294,chr19,17289489,17289866,377
pre_xx_18295,chr19,17292096,17293100,1004
pre_xx_18296,chr19,17302460,17303706,1246
pre_xx_18297,chr19,17305264,17306432,1168
pre_xx_18298,chr19,17309037,17310156,1119
pre_xx_18299,chr19,17327348,17329399,2051
pre_xx_18300,chr19,17333743,17335101,1358
pre_xx_18301,chr19,17336511,17338165,1654
pre_xx_18302,chr19,17345960,17346703,743
pre_xx_18303,chr19,17390356,17391882,1526
pre_xx_18304,chr19,17393712,17394213,501
pre_xx_18305,chr19,17403074,17404442,1368
pre_xx_18306,chr19,17405022,17405962,940
pre_xx_18307,chr19,17407254,17407853,599
pre_xx_18308,chr19,17412223,17413467,1244
pre_xx_18309,chr19,17414972,17415917,945
pre_xx_18310,chr19,17419172,17420853,1681
pre_xx_18311,chr19,17424650,17425349,699
pre_xx_18312,chr19,17429297,17430344,1047
pre_xx_18313,chr19,17447508,17448929,1421
pre_xx_18314,chr19,17454158,17455054,896
pre_xx_18315,chr19,17465924,17466507,583
pre_xx_18316,chr19,17468604,17470965,2361
pre_xx_18317,chr19,17498347,17499348,1001
pre_xx_18318,chr19,17510994,17512688,1694
pre_xx_18319,chr19,17538851,17540458,1607
pre_xx_18320,chr19,17555038,17556554,1516
pre_xx_18321,chr19,17605471,17606956,1485
pre_xx_18322,chr19,17687690,17688682,992
pre_xx_18323,chr19,17719036,17720791,1755
pre_xx_18324,chr19,17747180,17748594,1414
pre_xx_18325,chr19,17766278,17767041,763
pre_xx_18326,chr19,17777981,17779977,1996
pre_xx_18327,chr19,17784062,17784753,691
pre_xx_18328,chr19,17794589,17795691,1102
pre_xx_18329,chr19,17829942,17831517,1575
pre_xx_18330,chr19,17841241,17843008,1767
pre_xx_18331,chr19,17847388,17848296,908
pre_xx_18332,chr19,17859255,17860549,1294
pre_xx_18333,chr19,17863541,17864204,663
pre_xx_18334,chr19,17871766,17872833,1067
pre_xx_18335,chr19,17931517,17933341,1824
pre_xx_18336,chr19,17938103,17938578,475
pre_xx_18337,chr19,17941899,17943630,1731
pre_xx_18338,chr19,17947465,17949238,1773
pre_xx_18339,chr19,17950021,17951355,1334
pre_xx_18340,chr19,17951956,17952953,997
pre_xx_18341,chr19,17966480,17968040,1560
pre_xx_18342,chr19,17996640,17997164,524
pre_xx_18343,chr19,18000581,18001986,1405
pre_xx_18344,chr19,18006675,18008640,1965
pre_xx_18345,chr19,18058063,18058906,843
pre_xx_18346,chr19,18103971,18104861,890
pre_xx_18347,chr19,18109259,18110823,1564
pre_xx_18348,chr19,18117328,18118472,1144
pre_xx_18349,chr19,18151996,18154460,2464
pre_xx_18350,chr19,18156942,18157992,1050
pre_xx_18351,chr19,18160692,18161819,1127
pre_xx_18352,chr19,18172947,18174476,1529
pre_xx_18353,chr19,18191633,18193973,2340
pre_xx_18354,chr19,18202527,18205815,3288
pre_xx_18355,chr19,18223622,18226470,2848
pre_xx_18356,chr19,18232566,18233864,1298
pre_xx_18357,chr19,18272277,18272848,571
pre_xx_18358,chr19,18274205,18275293,1088
pre_xx_18359,chr19,18278131,18278402,271
pre_xx_18360,chr19,18278507,18278843,336
pre_xx_18361,chr19,18279272,18282436,3164
pre_xx_18362,chr19,18287779,18288153,374
pre_xx_18363,chr19,18291274,18293988,2714
pre_xx_18364,chr19,18303382,18305645,2263
pre_xx_18365,chr19,18321758,18324024,2266
pre_xx_18366,chr19,18328151,18329289,1138
pre_xx_18367,chr19,18339693,18341581,1888
pre_xx_18368,chr19,18364277,18365416,1139
pre_xx_18369,chr19,18388090,18389051,961
pre_xx_18370,chr19,18396300,18397824,1524
pre_xx_18371,chr19,18410311,18410919,608
pre_xx_18372,chr19,18414611,18415867,1256
pre_xx_18373,chr19,18416320,18418032,1712
pre_xx_18374,chr19,18418781,18419935,1154
pre_xx_18375,chr19,18428521,18429765,1244
pre_xx_18376,chr19,18433078,18434248,1170
pre_xx_18377,chr19,18436716,18439058,2342
pre_xx_18378,chr19,18444354,18445980,1626
pre_xx_18379,chr19,18450386,18451808,1422
pre_xx_18380,chr19,18468989,18470565,1576
pre_xx_18381,chr19,18488661,18489480,819
pre_xx_18382,chr19,18519947,18522889,2942
pre_xx_18383,chr19,18542446,18544299,1853
pre_xx_18384,chr19,18556951,18558997,2046
pre_xx_18385,chr19,18570992,18572505,1513
pre_xx_18386,chr19,18588169,18590950,2781
pre_xx_18387,chr19,18593984,18595369,1385
pre_xx_18388,chr19,18603352,18604097,745
pre_xx_18389,chr19,18605220,18607562,2342
pre_xx_18390,chr19,18611343,18612028,685
pre_xx_18391,chr19,18612338,18614182,1844
pre_xx_18392,chr19,18633213,18633650,437
pre_xx_18393,chr19,18635875,18637622,1747
pre_xx_18394,chr19,18646756,18647484,728
pre_xx_18395,chr19,18648961,18651067,2106
pre_xx_18396,chr19,18657338,18658438,1100
pre_xx_18397,chr19,18682900,18684359,1459
pre_xx_18398,chr19,18699970,18701542,1572
pre_xx_18399,chr19,18710895,18711891,996
pre_xx_18400,chr19,18730868,18731896,1028
pre_xx_18401,chr19,18732940,18733785,845
pre_xx_18402,chr19,18742949,18744539,1590
pre_xx_18403,chr19,18744737,18745645,908
pre_xx_18404,chr19,18761394,18763096,1702
pre_xx_18405,chr19,18767953,18769647,1694
pre_xx_18406,chr19,18784847,18785959,1112
pre_xx_18407,chr19,18789549,18791336,1787
pre_xx_18408,chr19,18831367,18834513,3146
pre_xx_18409,chr19,18839399,18841109,1710
pre_xx_18410,chr19,18846912,18849742,2830
pre_xx_18411,chr19,18866151,18866888,737
pre_xx_18412,chr19,18868300,18870692,2392
pre_xx_18413,chr19,18893718,18896801,3083
pre_xx_18414,chr19,18905452,18907055,1603
pre_xx_18415,chr19,18915384,18915946,562
pre_xx_18416,chr19,18918526,18919891,1365
pre_xx_18417,chr19,18931769,18933029,1260
pre_xx_18418,chr19,18939619,18941729,2110
pre_xx_18419,chr19,18957020,18957670,650
pre_xx_18420,chr19,18961396,18962088,692
pre_xx_18421,chr19,18986460,18987385,925
pre_xx_18422,chr19,19032179,19034578,2399
pre_xx_18423,chr19,19063077,19065497,2420
pre_xx_18424,chr19,19104980,19106595,1615
pre_xx_18425,chr19,19110231,19110928,697
pre_xx_18426,chr19,19119732,19121171,1439
pre_xx_18427,chr19,19137516,19138719,1203
pre_xx_18428,chr19,19169617,19171064,1447
pre_xx_18429,chr19,19191446,19193309,1863
pre_xx_18430,chr19,19202558,19203865,1307
pre_xx_18431,chr19,19214660,19215352,692
pre_xx_18432,chr19,19224655,19225610,955
pre_xx_18433,chr19,19260836,19262400,1564
pre_xx_18434,chr19,19272570,19273724,1154
pre_xx_18435,chr19,19305317,19306182,865
pre_xx_18436,chr19,19319094,19319504,410
pre_xx_18437,chr19,19319836,19322009,2173
pre_xx_18438,chr19,19360878,19361611,733
pre_xx_18439,chr19,19366501,19367192,691
pre_xx_18440,chr19,19384847,19386829,1982
pre_xx_18441,chr19,19404884,19407515,2631
pre_xx_18442,chr19,19461576,19462860,1284
pre_xx_18443,chr19,19473813,19476216,2403
pre_xx_18444,chr19,19488036,19490716,2680
pre_xx_18445,chr19,19513984,19515193,1209
pre_xx_18446,chr19,19515609,19516815,1206
pre_xx_18447,chr19,19528377,19529383,1006
pre_xx_18448,chr19,19532051,19532584,533
pre_xx_18449,chr19,19537983,19539164,1181
pre_xx_18450,chr19,19540050,19541544,1494
pre_xx_18451,chr19,19549965,19550921,956
pre_xx_18452,chr19,19617786,19619587,1801
pre_xx_18453,chr19,19627369,19629111,1742
pre_xx_18454,chr19,19642652,19644194,1542
pre_xx_18455,chr19,19662717,19664318,1601
pre_xx_18456,chr19,19668006,19669378,1372
pre_xx_18457,chr19,19731975,19733563,1588
pre_xx_18458,chr19,19775586,19777128,1542
pre_xx_18459,chr19,19820799,19822354,1555
pre_xx_18460,chr19,19860481,19861419,938
pre_xx_18461,chr19,19865594,19867613,2019
pre_xx_18462,chr19,19900182,19902067,1885
pre_xx_18463,chr19,19958731,19959485,754
pre_xx_18464,chr19,20038474,20039733,1259
pre_xx_18465,chr19,20051626,20053041,1415
pre_xx_18466,chr19,20067511,20069127,1616
pre_xx_18467,chr19,20077674,20079376,1702
pre_xx_18468,chr19,20166839,20168211,1372
pre_xx_18469,chr19,20237322,20239678,2356
pre_xx_18470,chr19,20320043,20321330,1287
pre_xx_18471,chr19,20367641,20368342,701
pre_xx_18472,chr19,20371053,20372591,1538
pre_xx_18473,chr19,20423133,20425161,2028
pre_xx_18474,chr19,20564430,20566048,1618
pre_xx_18475,chr19,20610835,20612504,1669
pre_xx_18476,chr19,20660374,20661844,1470
pre_xx_18477,chr19,20775837,20777134,1297
pre_xx_18478,chr19,20922870,20924132,1262
pre_xx_18479,chr19,20999458,21000467,1009
pre_xx_18480,chr19,21020035,21021517,1482
pre_xx_18481,chr19,21081852,21082936,1084
pre_xx_18482,chr19,21128360,21129270,910
pre_xx_18483,chr19,21141589,21142573,984
pre_xx_18484,chr19,21197040,21198243,1203
pre_xx_18485,chr19,21206500,21207240,740
pre_xx_18486,chr19,21327812,21329650,1838
pre_xx_18487,chr19,21358324,21359694,1370
pre_xx_18488,chr19,21396467,21398228,1761
pre_xx_18489,chr19,21439734,21441545,1811
pre_xx_18490,chr19,21462946,21464153,1207
pre_xx_18491,chr19,21474069,21475463,1394
pre_xx_18492,chr19,21505196,21506445,1249
pre_xx_18493,chr19,21568359,21569825,1466
pre_xx_18494,chr19,21586144,21587983,1839
pre_xx_18495,chr19,21602510,21605484,2974
pre_xx_18496,chr19,21610908,21612722,1814
pre_xx_18497,chr19,21693975,21694972,997
pre_xx_18498,chr19,21696639,21698547,1908
pre_xx_18499,chr19,21766219,21767816,1597
pre_xx_18500,chr19,21835137,21836720,1583
pre_xx_18501,chr19,21850705,21852405,1700
pre_xx_18502,chr19,22051984,22053421,1437
pre_xx_18503,chr19,22421615,22422877,1262
pre_xx_18504,chr19,22426772,22428803,2031
pre_xx_18505,chr19,22531640,22533330,1690
pre_xx_18506,chr19,22621422,22622250,828
pre_xx_18507,chr19,22622806,22624155,1349
pre_xx_18508,chr19,22633610,22634889,1279
pre_xx_18509,chr19,22783470,22784558,1088
pre_xx_18510,chr19,23070234,23071554,1320
pre_xx_18511,chr19,23074805,23075968,1163
pre_xx_18512,chr19,23116442,23117838,1396
pre_xx_18513,chr19,23249110,23250668,1558
pre_xx_18514,chr19,23272896,23274491,1595
pre_xx_18515,chr19,23277159,23278197,1038
pre_xx_18516,chr19,23394356,23395766,1410
pre_xx_18517,chr19,23414914,23416293,1379
pre_xx_18518,chr19,23686186,23687429,1243
pre_xx_18519,chr19,23758058,23759365,1307
pre_xx_18520,chr19,23762387,23763960,1573
pre_xx_18521,chr19,23914182,23915389,1207
pre_xx_18522,chr19,24032915,24034741,1826
pre_xx_18523,chr19,24044695,24045830,1135
pre_xx_18524,chr19,24086426,24088035,1609
pre_xx_18525,chr19,27792818,27794874,2056
pre_xx_18526,chr19,28163940,28164744,804
pre_xx_18527,chr19,28169211,28170561,1350
pre_xx_18528,chr19,28264398,28264992,594
pre_xx_18529,chr19,28288533,28290397,1864
pre_xx_18530,chr19,28393489,28394417,928
pre_xx_18531,chr19,28405301,28406654,1353
pre_xx_18532,chr19,28576838,28578044,1206
pre_xx_18533,chr19,28793118,28794385,1267
pre_xx_18534,chr19,28863646,28865171,1525
pre_xx_18535,chr19,28970641,28971671,1030
pre_xx_18536,chr19,29211775,29213471,1696
pre_xx_18537,chr19,29404484,29405738,1254
pre_xx_18538,chr19,29524747,29525599,852
pre_xx_18539,chr19,29528020,29528911,891
pre_xx_18540,chr19,29529801,29530884,1083
pre_xx_18541,chr19,29605333,29606648,1315
pre_xx_18542,chr19,29610270,29611052,782
pre_xx_18543,chr19,29662165,29663308,1143
pre_xx_18544,chr19,29664894,29667147,2253
pre_xx_18545,chr19,29714074,29716889,2815
pre_xx_18546,chr19,29723703,29725004,1301
pre_xx_18547,chr19,29771582,29772261,679
pre_xx_18548,chr19,29795774,29796795,1021
pre_xx_18549,chr19,29811021,29812804,1783
pre_xx_18550,chr19,29842915,29845968,3053
pre_xx_18551,chr19,29872940,29873986,1046
pre_xx_18552,chr19,29941757,29943006,1249
pre_xx_18553,chr19,29963461,29964540,1079
pre_xx_18554,chr19,30083259,30084858,1599
pre_xx_18555,chr19,30224574,30225772,1198
pre_xx_18556,chr19,30227183,30229182,1999
pre_xx_18557,chr19,30374362,30375794,1432
pre_xx_18558,chr19,30449522,30450557,1035
pre_xx_18559,chr19,30663691,30664979,1288
pre_xx_18560,chr19,30669119,30670315,1196
pre_xx_18561,chr19,30682532,30683534,1002
pre_xx_18562,chr19,30686096,30687500,1404
pre_xx_18563,chr19,30690904,30693378,2474
pre_xx_18564,chr19,30718447,30720404,1957
pre_xx_18565,chr19,30733857,30735159,1302
pre_xx_18566,chr19,31036991,31039187,2196
pre_xx_18567,chr19,31092035,31092930,895
pre_xx_18568,chr19,31253792,31254841,1049
pre_xx_18569,chr19,31273875,31275396,1521
pre_xx_18570,chr19,31285566,31286567,1001
pre_xx_18571,chr19,31331506,31332498,992
pre_xx_18572,chr19,31337764,31339125,1361
pre_xx_18573,chr19,31339300,31340942,1642
pre_xx_18574,chr19,31348523,31352022,3499
pre_xx_18575,chr19,31354748,31356224,1476
pre_xx_18576,chr19,31961185,31964247,3062
pre_xx_18577,chr19,32011729,32013628,1899
pre_xx_18578,chr19,32032236,32033010,774
pre_xx_18579,chr19,32037750,32039810,2060
pre_xx_18580,chr19,32041209,32042147,938
pre_xx_18581,chr19,32171322,32173104,1782
pre_xx_18582,chr19,32181046,32182069,1023
pre_xx_18583,chr19,32223412,32224945,1533
pre_xx_18584,chr19,32344950,32346723,1773
pre_xx_18585,chr19,32404703,32406488,1785
pre_xx_18586,chr19,32406927,32407702,775
pre_xx_18587,chr19,32470977,32472847,1870
pre_xx_18588,chr19,32569883,32570762,879
pre_xx_18589,chr19,32580446,32582158,1712
pre_xx_18590,chr19,32652727,32653920,1193
pre_xx_18591,chr19,32674212,32676732,2520
pre_xx_18592,chr19,32691258,32692884,1626
pre_xx_18593,chr19,32971071,32972467,1396
pre_xx_18594,chr19,33047202,33047739,537
pre_xx_18595,chr19,33048613,33049612,999
pre_xx_18596,chr19,33063280,33065538,2258
pre_xx_18597,chr19,33080435,33081821,1386
pre_xx_18598,chr19,33175927,33178375,2448
pre_xx_18599,chr19,33193694,33195910,2216
pre_xx_18600,chr19,33225313,33227377,2064
pre_xx_18601,chr19,33301065,33304451,3386
pre_xx_18602,chr19,33372948,33374711,1763
pre_xx_18603,chr19,33392305,33392997,692
pre_xx_18604,chr19,33416083,33417160,1077
pre_xx_18605,chr19,33520850,33522557,1707
pre_xx_18606,chr19,33621332,33623470,2138
pre_xx_18607,chr19,33683875,33685265,1390
pre_xx_18608,chr19,33777612,33778565,953
pre_xx_18609,chr19,33795194,33799069,3875
pre_xx_18610,chr19,33819582,33821468,1886
pre_xx_18611,chr19,33905224,33907321,2097
pre_xx_18612,chr19,34134001,34135382,1381
pre_xx_18613,chr19,34171513,34173722,2209
pre_xx_18614,chr19,34253604,34255462,1858
pre_xx_18615,chr19,34260580,34261957,1377
pre_xx_18616,chr19,34358724,34360244,1520
pre_xx_18617,chr19,34364646,34366248,1602
pre_xx_18618,chr19,34403935,34405054,1119
pre_xx_18619,chr19,34427732,34429295,1563
pre_xx_18620,chr19,34480461,34482888,2427
pre_xx_18621,chr19,34501215,34501894,679
pre_xx_18622,chr19,34557147,34558477,1330
pre_xx_18623,chr19,34560072,34561415,1343
pre_xx_18624,chr19,34577077,34578142,1065
pre_xx_18625,chr19,34676749,34678465,1716
pre_xx_18626,chr19,34721872,34723205,1333
pre_xx_18627,chr19,34724418,34725304,886
pre_xx_18628,chr19,34732608,34735067,2459
pre_xx_18629,chr19,34771924,34773485,1561
pre_xx_18630,chr19,34837006,34839564,2558
pre_xx_18631,chr19,34904163,34905772,1609
pre_xx_18632,chr19,34926555,34928052,1497
pre_xx_18633,chr19,34962217,34964475,2258
pre_xx_18634,chr19,34972818,34973914,1096
pre_xx_18635,chr19,34999028,35001395,2367
pre_xx_18636,chr19,35003113,35003682,569
pre_xx_18637,chr19,35012628,35013525,897
pre_xx_18638,chr19,35029693,35031844,2151
pre_xx_18639,chr19,35038981,35041848,2867
pre_xx_18640,chr19,35090168,35091367,1199
pre_xx_18641,chr19,35114408,35115632,1224
pre_xx_18642,chr19,35123484,35125187,1703
pre_xx_18643,chr19,35133665,35134310,645
pre_xx_18644,chr19,35134635,35135716,1081
pre_xx_18645,chr19,35138554,35139780,1226
pre_xx_18646,chr19,35141040,35141670,630
pre_xx_18647,chr19,35142258,35143764,1506
pre_xx_18648,chr19,35144500,35145393,893
pre_xx_18649,chr19,35153575,35155612,2037
pre_xx_18650,chr19,35247551,35249717,2166
pre_xx_18651,chr19,35266880,35270078,3198
pre_xx_18652,chr19,35309064,35310242,1178
pre_xx_18653,chr19,35352410,35353280,870
pre_xx_18654,chr19,35435980,35437695,1715
pre_xx_18655,chr19,35438337,35439096,759
pre_xx_18656,chr19,35494992,35495868,876
pre_xx_18657,chr19,35509026,35510925,1899
pre_xx_18658,chr19,35513896,35514569,673
pre_xx_18659,chr19,35544614,35546284,1670
pre_xx_18660,chr19,35557454,35558941,1487
pre_xx_18661,chr19,35612040,35613410,1370
pre_xx_18662,chr19,35627942,35629540,1598
pre_xx_18663,chr19,35643057,35645331,2274
pre_xx_18664,chr19,35647958,35648996,1038
pre_xx_18665,chr19,35693422,35694297,875
pre_xx_18666,chr19,35701912,35703162,1250
pre_xx_18667,chr19,35715945,35718982,3037
pre_xx_18668,chr19,35739851,35741364,1513
pre_xx_18669,chr19,35744633,35746050,1417
pre_xx_18670,chr19,35748104,35748994,890
pre_xx_18671,chr19,35755280,35758718,3438
pre_xx_18672,chr19,35766690,35768454,1764
pre_xx_18673,chr19,35774724,35776400,1676
pre_xx_18674,chr19,35783291,35785082,1791
pre_xx_18675,chr19,35790787,35792014,1227
pre_xx_18676,chr19,35796600,35798126,1526
pre_xx_18677,chr19,35845142,35846618,1476
pre_xx_18678,chr19,35852277,35852738,461
pre_xx_18679,chr19,35854982,35857218,2236
pre_xx_18680,chr19,35867994,35870413,2419
pre_xx_18681,chr19,35878937,35880301,1364
pre_xx_18682,chr19,35898613,35900743,2130
pre_xx_18683,chr19,35903366,35904078,712
pre_xx_18684,chr19,35931124,35932029,905
pre_xx_18685,chr19,35935679,35936750,1071
pre_xx_18686,chr19,35986714,35987668,954
pre_xx_18687,chr19,35993955,35996002,2047
pre_xx_18688,chr19,36008356,36009825,1469
pre_xx_18689,chr19,36013578,36014817,1239
pre_xx_18690,chr19,36032058,36033262,1204
pre_xx_18691,chr19,36053355,36055433,2078
pre_xx_18692,chr19,36113857,36116136,2279
pre_xx_18693,chr19,36127347,36128705,1358
pre_xx_18694,chr19,36139361,36141572,2211
pre_xx_18695,chr19,36150645,36153101,2456
pre_xx_18696,chr19,36170268,36171048,780
pre_xx_18697,chr19,36213696,36216092,2396
pre_xx_18698,chr19,36244835,36247092,2257
pre_xx_18699,chr19,36256896,36258118,1222
pre_xx_18700,chr19,36330372,36332616,2244
pre_xx_18701,chr19,36377623,36380030,2407
pre_xx_18702,chr19,36417419,36419039,1620
pre_xx_18703,chr19,36421051,36422029,978
pre_xx_18704,chr19,36488729,36490391,1662
pre_xx_18705,chr19,36527438,36529341,1903
pre_xx_18706,chr19,36572338,36574572,2234
pre_xx_18707,chr19,36604182,36606222,2040
pre_xx_18708,chr19,36665882,36667665,1783
pre_xx_18709,chr19,36686330,36688234,1904
pre_xx_18710,chr19,36771062,36773429,2367
pre_xx_18711,chr19,36775462,36776140,678
pre_xx_18712,chr19,36790892,36792170,1278
pre_xx_18713,chr19,36796711,36797962,1251
pre_xx_18714,chr19,36837283,36839193,1910
pre_xx_18715,chr19,36849565,36851820,2255
pre_xx_18716,chr19,36915527,36917331,1804
pre_xx_18717,chr19,36972362,36974126,1764
pre_xx_18718,chr19,37007356,37008255,899
pre_xx_18719,chr19,37062772,37064401,1629
pre_xx_18720,chr19,37077501,37079170,1669
pre_xx_18721,chr19,37172108,37173224,1116
pre_xx_18722,chr19,37209667,37211279,1612
pre_xx_18723,chr19,37217364,37218939,1575
pre_xx_18724,chr19,37227523,37228339,816
pre_xx_18725,chr19,37251159,37252230,1071
pre_xx_18726,chr19,37312073,37313130,1057
pre_xx_18727,chr19,37317014,37318233,1219
pre_xx_18728,chr19,37333915,37335271,1356
pre_xx_18729,chr19,37370325,37371564,1239
pre_xx_18730,chr19,37466439,37467775,1336
pre_xx_18731,chr19,37468680,37469930,1250
pre_xx_18732,chr19,37505752,37507928,2176
pre_xx_18733,chr19,37550611,37552009,1398
pre_xx_18734,chr19,37593556,37595617,2061
pre_xx_18735,chr19,37653891,37656471,2580
pre_xx_18736,chr19,37691297,37692603,1306
pre_xx_18737,chr19,37718168,37720092,1924
pre_xx_18738,chr19,37778556,37780060,1504
pre_xx_18739,chr19,37816786,37818209,1423
pre_xx_18740,chr19,37854489,37856095,1606
pre_xx_18741,chr19,37905976,37907709,1733
pre_xx_18742,chr19,37931646,37932862,1216
pre_xx_18743,chr19,38003105,38005317,2212
pre_xx_18744,chr19,38054942,38056438,1496
pre_xx_18745,chr19,38182866,38184232,1366
pre_xx_18746,chr19,38209352,38211615,2263
pre_xx_18747,chr19,38223695,38224793,1098
pre_xx_18748,chr19,38227839,38230066,2227
pre_xx_18749,chr19,38250734,38252043,1309
pre_xx_18750,chr19,38255424,38256791,1367
pre_xx_18751,chr19,38263720,38266325,2605
pre_xx_18752,chr19,38267003,38267596,593
pre_xx_18753,chr19,38267724,38268505,781
pre_xx_18754,chr19,38281737,38282920,1183
pre_xx_18755,chr19,38303772,38305619,1847
pre_xx_18756,chr19,38315343,38316475,1132
pre_xx_18757,chr19,38319573,38320708,1135
pre_xx_18758,chr19,38320969,38322182,1213
pre_xx_18759,chr19,38335341,38337449,2108
pre_xx_18760,chr19,38361355,38363008,1653
pre_xx_18761,chr19,38373921,38375666,1745
pre_xx_18762,chr19,38385598,38386856,1258
pre_xx_18763,chr19,38387405,38389280,1875
pre_xx_18764,chr19,38394299,38396134,1835
pre_xx_18765,chr19,38402462,38403775,1313
pre_xx_18766,chr19,38417390,38418578,1188
pre_xx_18767,chr19,38496502,38497696,1194
pre_xx_18768,chr19,38514750,38515599,849
pre_xx_18769,chr19,38564777,38566066,1289
pre_xx_18770,chr19,38617748,38619651,1903
pre_xx_18771,chr19,38646970,38650461,3491
pre_xx_18772,chr19,38653014,38655285,2271
pre_xx_18773,chr19,38657625,38658960,1335
pre_xx_18774,chr19,38663895,38665107,1212
pre_xx_18775,chr19,38665774,38667469,1695
pre_xx_18776,chr19,38674348,38675307,959
pre_xx_18777,chr19,38675714,38676998,1284
pre_xx_18778,chr19,38683071,38684048,977
pre_xx_18779,chr19,38685500,38686627,1127
pre_xx_18780,chr19,38711612,38712194,582
pre_xx_18781,chr19,38718520,38720466,1946
pre_xx_18782,chr19,38727985,38728890,905
pre_xx_18783,chr19,38731765,38732308,543
pre_xx_18784,chr19,38734887,38735612,725
pre_xx_18785,chr19,38735969,38737611,1642
pre_xx_18786,chr19,38769133,38770399,1266
pre_xx_18787,chr19,38778586,38779235,649
pre_xx_18788,chr19,38780795,38781796,1001
pre_xx_18789,chr19,38830958,38832452,1494
pre_xx_18790,chr19,38849087,38851385,2298
pre_xx_18791,chr19,38851603,38852698,1095
pre_xx_18792,chr19,38859129,38860190,1061
pre_xx_18793,chr19,38862227,38863401,1174
pre_xx_18794,chr19,38869096,38870563,1467
pre_xx_18795,chr19,38885423,38886626,1203
pre_xx_18796,chr19,38892704,38893844,1140
pre_xx_18797,chr19,38898769,38900532,1763
pre_xx_18798,chr19,38929982,38931579,1597
pre_xx_18799,chr19,38949418,38950616,1198
pre_xx_18800,chr19,38961837,38962692,855
pre_xx_18801,chr19,38974576,38976868,2292
pre_xx_18802,chr19,38988679,38989609,930
pre_xx_18803,chr19,39031026,39032815,1789
pre_xx_18804,chr19,39083036,39084817,1781
pre_xx_18805,chr19,39109995,39110724,729
pre_xx_18806,chr19,39121869,39122372,503
pre_xx_18807,chr19,39125275,39126329,1054
pre_xx_18808,chr19,39126416,39127317,901
pre_xx_18809,chr19,39127578,39128513,935
pre_xx_18810,chr19,39133169,39134496,1327
pre_xx_18811,chr19,39138491,39140964,2473
pre_xx_18812,chr19,39144207,39145988,1781
pre_xx_18813,chr19,39155989,39157029,1040
pre_xx_18814,chr19,39166546,39167835,1289
pre_xx_18815,chr19,39173811,39175035,1224
pre_xx_18816,chr19,39196779,39197404,625
pre_xx_18817,chr19,39198807,39199380,573
pre_xx_18818,chr19,39203486,39205284,1798
pre_xx_18819,chr19,39246892,39248699,1807
pre_xx_18820,chr19,39249218,39250035,817
pre_xx_18821,chr19,39258023,39259268,1245
pre_xx_18822,chr19,39263716,39265973,2257
pre_xx_18823,chr19,39306766,39308857,2091
pre_xx_18824,chr19,39310421,39311305,884
pre_xx_18825,chr19,39319443,39321289,1846
pre_xx_18826,chr19,39327049,39328405,1356
pre_xx_18827,chr19,39340946,39343301,2355
pre_xx_18828,chr19,39390146,39391780,1634
pre_xx_18829,chr19,39397027,39398001,974
pre_xx_18830,chr19,39402263,39404158,1895
pre_xx_18831,chr19,39406401,39407130,729
pre_xx_18832,chr19,39409408,39410475,1067
pre_xx_18833,chr19,39411842,39414125,2283
pre_xx_18834,chr19,39428080,39429102,1022
pre_xx_18835,chr19,39435186,39436906,1720
pre_xx_18836,chr19,39444567,39446100,1533
pre_xx_18837,chr19,39479971,39481674,1703
pre_xx_18838,chr19,39497671,39499450,1779
pre_xx_18839,chr19,39506742,39507721,979
pre_xx_18840,chr19,39514555,39516052,1497
pre_xx_18841,chr19,39531880,39533249,1369
pre_xx_18842,chr19,39538942,39540459,1517
pre_xx_18843,chr19,39792827,39793549,722
pre_xx_18844,chr19,39823431,39825099,1668
pre_xx_18845,chr19,39832389,39834677,2288
pre_xx_18846,chr19,39839485,39840433,948
pre_xx_18847,chr19,39845494,39847335,1841
pre_xx_18848,chr19,39891257,39892328,1071
pre_xx_18849,chr19,39970211,39971806,1595
pre_xx_18850,chr19,39996292,39997824,1532
pre_xx_18851,chr19,40055108,40056657,1549
pre_xx_18852,chr19,40089557,40091282,1725
pre_xx_18853,chr19,40190462,40192477,2015
pre_xx_18854,chr19,40225763,40226784,1021
pre_xx_18855,chr19,40278424,40279628,1204
pre_xx_18856,chr19,40283735,40285895,2160
pre_xx_18857,chr19,40347628,40349420,1792
pre_xx_18858,chr19,40365392,40367243,1851
pre_xx_18859,chr19,40403335,40404716,1381
pre_xx_18860,chr19,40420544,40421559,1015
pre_xx_18861,chr19,40424738,40426605,1867
pre_xx_18862,chr19,40433096,40434511,1415
pre_xx_18863,chr19,40442675,40445092,2417
pre_xx_18864,chr19,40465190,40467444,2254
pre_xx_18865,chr19,40512297,40513448,1151
pre_xx_18866,chr19,40523087,40523677,590
pre_xx_18867,chr19,40528935,40529758,823
pre_xx_18868,chr19,40529934,40530895,961
pre_xx_18869,chr19,40548897,40549600,703
pre_xx_18870,chr19,40570062,40571117,1055
pre_xx_18871,chr19,40576010,40577535,1525
pre_xx_18872,chr19,40596778,40597296,518
pre_xx_18873,chr19,40597894,40598848,954
pre_xx_18874,chr19,40601067,40601520,453
pre_xx_18875,chr19,40603274,40604415,1141
pre_xx_18876,chr19,40605313,40605821,508
pre_xx_18877,chr19,40609603,40610653,1050
pre_xx_18878,chr19,40612901,40615325,2424
pre_xx_18879,chr19,40633942,40634972,1030
pre_xx_18880,chr19,40662149,40664193,2044
pre_xx_18881,chr19,40689368,40691788,2420
pre_xx_18882,chr19,40714445,40717461,3016
pre_xx_18883,chr19,40749904,40751872,1968
pre_xx_18884,chr19,40777156,40779064,1908
pre_xx_18885,chr19,40798058,40800100,2042
pre_xx_18886,chr19,40806463,40807229,766
pre_xx_18887,chr19,40810561,40812732,2171
pre_xx_18888,chr19,40818450,40818984,534
pre_xx_18889,chr19,40822552,40823575,1023
pre_xx_18890,chr19,40833233,40834296,1063
pre_xx_18891,chr19,40848297,40849167,870
pre_xx_18892,chr19,40864175,40865326,1151
pre_xx_18893,chr19,40921695,40923424,1729
pre_xx_18894,chr19,41127475,41128249,774
pre_xx_18895,chr19,41135076,41136165,1089
pre_xx_18896,chr19,41189218,41189971,753
pre_xx_18897,chr19,41192682,41194184,1502
pre_xx_18898,chr19,41204055,41204648,593
pre_xx_18899,chr19,41218470,41220587,2117
pre_xx_18900,chr19,41223442,41223895,453
pre_xx_18901,chr19,41225313,41227063,1750
pre_xx_18902,chr19,41262052,41262720,668
pre_xx_18903,chr19,41262918,41266095,3177
pre_xx_18904,chr19,41308216,41308955,739
pre_xx_18905,chr19,41309185,41311000,1815
pre_xx_18906,chr19,41323075,41323973,898
pre_xx_18907,chr19,41324936,41326459,1523
pre_xx_18908,chr19,41327209,41328377,1168
pre_xx_18909,chr19,41350922,41352125,1203
pre_xx_18910,chr19,41352356,41354271,1915
pre_xx_18911,chr19,41363211,41364780,1569
pre_xx_18912,chr19,41373661,41374395,734
pre_xx_18913,chr19,41376153,41377256,1103
pre_xx_18914,chr19,41396751,41398292,1541
pre_xx_18915,chr19,41426712,41428812,2100
pre_xx_18916,chr19,41439289,41440196,907
pre_xx_18917,chr19,41448941,41449939,998
pre_xx_18918,chr19,41859243,41861114,1871
pre_xx_18919,chr19,41872847,41873489,642
pre_xx_18920,chr19,41882281,41883593,1312
pre_xx_18921,chr19,41883746,41884645,899
pre_xx_18922,chr19,41887537,41888436,899
pre_xx_18923,chr19,41912637,41913868,1231
pre_xx_18924,chr19,41927671,41929185,1514
pre_xx_18925,chr19,41939752,41941154,1402
pre_xx_18926,chr19,41957612,41959761,2149
pre_xx_18927,chr19,41993440,41994647,1207
pre_xx_18928,chr19,41996972,41997639,667
pre_xx_18929,chr19,42068028,42070439,2411
pre_xx_18930,chr19,42075082,42076908,1826
pre_xx_18931,chr19,42132750,42133742,992
pre_xx_18932,chr19,42139766,42140673,907
pre_xx_18933,chr19,42175922,42177609,1687
pre_xx_18934,chr19,42216511,42218102,1591
pre_xx_18935,chr19,42219740,42220948,1208
pre_xx_18936,chr19,42242076,42243474,1398
pre_xx_18937,chr19,42244182,42245078,896
pre_xx_18938,chr19,42246154,42246481,327
pre_xx_18939,chr19,42252224,42256628,4404
pre_xx_18940,chr19,42267693,42270002,2309
pre_xx_18941,chr19,42277847,42278740,893
pre_xx_18942,chr19,42279624,42282029,2405
pre_xx_18943,chr19,42283380,42284953,1573
pre_xx_18944,chr19,42286190,42286835,645
pre_xx_18945,chr19,42293073,42293949,876
pre_xx_18946,chr19,42295371,42296401,1030
pre_xx_18947,chr19,42301654,42303280,1626
pre_xx_18948,chr19,42313029,42313984,955
pre_xx_18949,chr19,42323543,42326568,3025
pre_xx_18950,chr19,42386731,42387667,936
pre_xx_18951,chr19,42396314,42397515,1201
pre_xx_18952,chr19,42401172,42403183,2011
pre_xx_18953,chr19,42422751,42425256,2505
pre_xx_18954,chr19,42667322,42668616,1294
pre_xx_18955,chr19,43353318,43354817,1499
pre_xx_18956,chr19,43379752,43380685,933
pre_xx_18957,chr19,43462837,43464498,1661
pre_xx_18958,chr19,43474796,43475690,894
pre_xx_18959,chr19,43503350,43505062,1712
pre_xx_18960,chr19,43525231,43527533,2302
pre_xx_18961,chr19,43532472,43534546,2074
pre_xx_18962,chr19,43535479,43535797,318
pre_xx_18963,chr19,43574806,43576123,1317
pre_xx_18964,chr19,43579958,43580966,1008
pre_xx_18965,chr19,43594662,43596850,2188
pre_xx_18966,chr19,43618768,43620367,1599
pre_xx_18967,chr19,43634514,43635558,1044
pre_xx_18968,chr19,43639192,43640618,1426
pre_xx_18969,chr19,43667570,43669405,1835
pre_xx_18970,chr19,43669702,43670413,711
pre_xx_18971,chr19,43699053,43700160,1107
pre_xx_18972,chr19,43753915,43755775,1860
pre_xx_18973,chr19,43773570,43775046,1476
pre_xx_18974,chr19,43798288,43799320,1032
pre_xx_18975,chr19,43826614,43828035,1421
pre_xx_18976,chr19,43901026,43902235,1209
pre_xx_18977,chr19,43934148,43935749,1601
pre_xx_18978,chr19,43950723,43951867,1144
pre_xx_18979,chr19,43983454,43985025,1571
pre_xx_18980,chr19,44002068,44004039,1971
pre_xx_18981,chr19,44024695,44026227,1532
pre_xx_18982,chr19,44050655,44052463,1808
pre_xx_18983,chr19,44071075,44073284,2209
pre_xx_18984,chr19,44093795,44095493,1698
pre_xx_18985,chr19,44111759,44112422,663
pre_xx_18986,chr19,44112715,44114255,1540
pre_xx_18987,chr19,44140727,44142522,1795
pre_xx_18988,chr19,44164405,44166138,1733
pre_xx_18989,chr19,44207085,44208141,1056
pre_xx_18990,chr19,44211866,44213319,1453
pre_xx_18991,chr19,44259465,44260705,1240
pre_xx_18992,chr19,44303384,44305260,1876
pre_xx_18993,chr19,44355941,44357170,1229
pre_xx_18994,chr19,44400710,44401797,1087
pre_xx_18995,chr19,44447595,44448726,1131
pre_xx_18996,chr19,44499670,44501149,1479
pre_xx_18997,chr19,44573433,44574579,1146
pre_xx_18998,chr19,44633545,44634834,1289
pre_xx_18999,chr19,44643296,44644865,1569
pre_xx_19000,chr19,44717938,44719194,1256
pre_xx_19001,chr19,44723683,44724266,583
pre_xx_19002,chr19,44741470,44742359,889
pre_xx_19003,chr19,44747120,44749052,1932
pre_xx_19004,chr19,44753092,44754669,1577
pre_xx_19005,chr19,44756953,44758630,1677
pre_xx_19006,chr19,44770342,44771028,686
pre_xx_19007,chr19,44777579,44778267,688
pre_xx_19008,chr19,44799919,44800823,904
pre_xx_19009,chr19,44807024,44807466,442
pre_xx_19010,chr19,44807722,44810709,2987
pre_xx_19011,chr19,44820426,44821657,1231
pre_xx_19012,chr19,44844396,44845061,665
pre_xx_19013,chr19,44845540,44846604,1064
pre_xx_19014,chr19,44846680,44847128,448
pre_xx_19015,chr19,44847499,44848083,584
pre_xx_19016,chr19,44848185,44849306,1121
pre_xx_19017,chr19,44875635,44876603,968
pre_xx_19018,chr19,44876948,44878320,1372
pre_xx_19019,chr19,44890078,44891888,1810
pre_xx_19020,chr19,44903288,44904236,948
pre_xx_19021,chr19,44905284,44906742,1458
pre_xx_19022,chr19,44910972,44911526,554
pre_xx_19023,chr19,44914114,44915495,1381
pre_xx_19024,chr19,44926436,44927478,1042
pre_xx_19025,chr19,44954289,44956393,2104
pre_xx_19026,chr19,45000879,45002386,1507
pre_xx_19027,chr19,45038421,45039875,1454
pre_xx_19028,chr19,45074848,45076655,1807
pre_xx_19029,chr19,45078848,45080040,1192
pre_xx_19030,chr19,45090788,45093646,2858
pre_xx_19031,chr19,45103010,45104386,1376
pre_xx_19032,chr19,45116942,45118342,1400
pre_xx_19033,chr19,45151927,45154136,2209
pre_xx_19034,chr19,45161678,45162353,675
pre_xx_19035,chr19,45163999,45165081,1082
pre_xx_19036,chr19,45166353,45167213,860
pre_xx_19037,chr19,45177687,45180274,2587
pre_xx_19038,chr19,45217066,45218296,1230
pre_xx_19039,chr19,45233830,45234966,1136
pre_xx_19040,chr19,45250564,45252475,1911
pre_xx_19041,chr19,45272813,45273564,751
pre_xx_19042,chr19,45276009,45276770,761
pre_xx_19043,chr19,45306033,45306927,894
pre_xx_19044,chr19,45321727,45323972,2245
pre_xx_19045,chr19,45338457,45338976,519
pre_xx_19046,chr19,45340408,45341375,967
pre_xx_19047,chr19,45369839,45371099,1260
pre_xx_19048,chr19,45376032,45377222,1190
pre_xx_19049,chr19,45397882,45398743,861
pre_xx_19050,chr19,45404775,45406916,2141
pre_xx_19051,chr19,45423085,45424590,1505
pre_xx_19052,chr19,45427563,45429104,1541
pre_xx_19053,chr19,45439486,45440363,877
pre_xx_19054,chr19,45442809,45444708,1899
pre_xx_19055,chr19,45450102,45451683,1581
pre_xx_19056,chr19,45455467,45456528,1061
pre_xx_19057,chr19,45467269,45468298,1029
pre_xx_19058,chr19,45468858,45470437,1579
pre_xx_19059,chr19,45473006,45473380,374
pre_xx_19060,chr19,45473596,45476026,2430
pre_xx_19061,chr19,45476309,45476545,236
pre_xx_19062,chr19,45477951,45479226,1275
pre_xx_19063,chr19,45485044,45486275,1231
pre_xx_19064,chr19,45492583,45493718,1135
pre_xx_19065,chr19,45496158,45497362,1204
pre_xx_19066,chr19,45498397,45499828,1431
pre_xx_19067,chr19,45506125,45509632,3507
pre_xx_19068,chr19,45523195,45524068,873
pre_xx_19069,chr19,45528094,45529478,1384
pre_xx_19070,chr19,45553272,45553950,678
pre_xx_19071,chr19,45583704,45585278,1574
pre_xx_19072,chr19,45606816,45607798,982
pre_xx_19073,chr19,45615530,45616927,1397
pre_xx_19074,chr19,45632192,45633424,1232
pre_xx_19075,chr19,45638875,45639598,723
pre_xx_19076,chr19,45640869,45642687,1818
pre_xx_19077,chr19,45642951,45643857,906
pre_xx_19078,chr19,45645201,45646363,1162
pre_xx_19079,chr19,45667685,45669680,1995
pre_xx_19080,chr19,45676740,45678251,1511
pre_xx_19081,chr19,45681302,45682075,773
pre_xx_19082,chr19,45691478,45693585,2107
pre_xx_19083,chr19,45716191,45718362,2171
pre_xx_19084,chr19,45729757,45731275,1518
pre_xx_19085,chr19,45766947,45767949,1002
pre_xx_19086,chr19,45768026,45771066,3040
pre_xx_19087,chr19,45779034,45780938,1904
pre_xx_19088,chr19,45782029,45783694,1665
pre_xx_19089,chr19,45791614,45793317,1703
pre_xx_19090,chr19,45798706,45800621,1915
pre_xx_19091,chr19,45809357,45810070,713
pre_xx_19092,chr19,45814815,45817500,2685
pre_xx_19093,chr19,45817772,45818625,853
pre_xx_19094,chr19,45862237,45864589,2352
pre_xx_19095,chr19,45876172,45877328,1156
pre_xx_19096,chr19,45882565,45883631,1066
pre_xx_19097,chr19,45885021,45887350,2329
pre_xx_19098,chr19,45901116,45903535,2419
pre_xx_19099,chr19,45927449,45928144,695
pre_xx_19100,chr19,45952337,45953355,1018
pre_xx_19101,chr19,45971087,45974265,3178
pre_xx_19102,chr19,45994764,45996237,1473
pre_xx_19103,chr19,45999477,46001224,1747
pre_xx_19104,chr19,46009429,46010271,842
pre_xx_19105,chr19,46014589,46017090,2501
pre_xx_19106,chr19,46030520,46031597,1077
pre_xx_19107,chr19,46040697,46042671,1974
pre_xx_19108,chr19,46076751,46077900,1149
pre_xx_19109,chr19,46210766,46212004,1238
pre_xx_19110,chr19,46221210,46222766,1556
pre_xx_19111,chr19,46264935,46265617,682
pre_xx_19112,chr19,46288665,46289678,1013
pre_xx_19113,chr19,46296479,46297406,927
pre_xx_19114,chr19,46297798,46299359,1561
pre_xx_19115,chr19,46300603,46301284,681
pre_xx_19116,chr19,46303348,46304460,1112
pre_xx_19117,chr19,46346167,46347663,1496
pre_xx_19118,chr19,46372835,46374455,1620
pre_xx_19119,chr19,46395276,46396091,815
pre_xx_19120,chr19,46403700,46405322,1622
pre_xx_19121,chr19,46408449,46408943,494
pre_xx_19122,chr19,46413006,46413946,940
pre_xx_19123,chr19,46415975,46416953,978
pre_xx_19124,chr19,46425752,46427151,1399
pre_xx_19125,chr19,46428436,46429109,673
pre_xx_19126,chr19,46441341,46443607,2266
pre_xx_19127,chr19,46470689,46472377,1688
pre_xx_19128,chr19,46480108,46482370,2262
pre_xx_19129,chr19,46487275,46488299,1024
pre_xx_19130,chr19,46489320,46490151,831
pre_xx_19131,chr19,46492820,46494300,1480
pre_xx_19132,chr19,46495099,46496282,1183
pre_xx_19133,chr19,46600331,46603224,2893
pre_xx_19134,chr19,46613311,46614475,1164
pre_xx_19135,chr19,46616694,46617400,706
pre_xx_19136,chr19,46620563,46621618,1055
pre_xx_19137,chr19,46633784,46634623,839
pre_xx_19138,chr19,46638328,46639979,1651
pre_xx_19139,chr19,46659074,46662309,3235
pre_xx_19140,chr19,46696871,46698027,1156
pre_xx_19141,chr19,46713664,46714731,1067
pre_xx_19142,chr19,46715798,46717644,1846
pre_xx_19143,chr19,46726902,46729109,2207
pre_xx_19144,chr19,46736448,46737990,1542
pre_xx_19145,chr19,46745157,46747295,2138
pre_xx_19146,chr19,46753555,46754123,568
pre_xx_19147,chr19,46755470,46756903,1433
pre_xx_19148,chr19,46757044,46757653,609
pre_xx_19149,chr19,46768154,46769556,1402
pre_xx_19150,chr19,46784302,46785073,771
pre_xx_19151,chr19,46786010,46787044,1034
pre_xx_19152,chr19,46787165,46788907,1742
pre_xx_19153,chr19,46849100,46851213,2113
pre_xx_19154,chr19,46855853,46856764,911
pre_xx_19155,chr19,46859757,46862402,2645
pre_xx_19156,chr19,46863744,46864252,508
pre_xx_19157,chr19,46913063,46914274,1211
pre_xx_19158,chr19,46944321,46946023,1702
pre_xx_19159,chr19,46975204,46977274,2070
pre_xx_19160,chr19,46990764,46991763,999
pre_xx_19161,chr19,46992757,46993587,830
pre_xx_19162,chr19,47004721,47005532,811
pre_xx_19163,chr19,47012569,47013451,882
pre_xx_19164,chr19,47020300,47021944,1644
pre_xx_19165,chr19,47035143,47036600,1457
pre_xx_19166,chr19,47047448,47048991,1543
pre_xx_19167,chr19,47110704,47111400,696
pre_xx_19168,chr19,47111843,47114207,2364
pre_xx_19169,chr19,47130196,47131881,1685
pre_xx_19170,chr19,47189056,47190878,1822
pre_xx_19171,chr19,47225795,47226842,1047
pre_xx_19172,chr19,47227061,47228703,1642
pre_xx_19173,chr19,47230196,47231650,1454
pre_xx_19174,chr19,47239250,47240101,851
pre_xx_19175,chr19,47242801,47243464,663
pre_xx_19176,chr19,47243924,47244584,660
pre_xx_19177,chr19,47256034,47257997,1963
pre_xx_19178,chr19,47272726,47275531,2805
pre_xx_19179,chr19,47348601,47349872,1271
pre_xx_19180,chr19,47406769,47407827,1058
pre_xx_19181,chr19,47416613,47417319,706
pre_xx_19182,chr19,47418328,47421281,2953
pre_xx_19183,chr19,47427122,47428649,1527
pre_xx_19184,chr19,47429910,47430529,619
pre_xx_19185,chr19,47436314,47437108,794
pre_xx_19186,chr19,47445500,47446480,980
pre_xx_19187,chr19,47446996,47448105,1109
pre_xx_19188,chr19,47456802,47457776,974
pre_xx_19189,chr19,47471299,47472438,1139
pre_xx_19190,chr19,47483547,47484746,1199
pre_xx_19191,chr19,47510778,47511961,1183
pre_xx_19192,chr19,47514111,47515750,1639
pre_xx_19193,chr19,47539598,47541244,1646
pre_xx_19194,chr19,47544456,47545965,1509
pre_xx_19195,chr19,47572621,47574031,1410
pre_xx_19196,chr19,47598593,47599314,721
pre_xx_19197,chr19,47599930,47601021,1091
pre_xx_19198,chr19,47607844,47610534,2690
pre_xx_19199,chr19,47697757,47698439,682
pre_xx_19200,chr19,47712966,47714077,1111
pre_xx_19201,chr19,47718623,47720232,1609
pre_xx_19202,chr19,47729012,47730512,1500
pre_xx_19203,chr19,47742545,47743907,1362
pre_xx_19204,chr19,47744949,47745991,1042
pre_xx_19205,chr19,47765429,47766233,804
pre_xx_19206,chr19,47769842,47770817,975
pre_xx_19207,chr19,47777730,47779631,1901
pre_xx_19208,chr19,47788307,47789274,967
pre_xx_19209,chr19,47839389,47840365,976
pre_xx_19210,chr19,48107186,48108016,830
pre_xx_19211,chr19,48110219,48111055,836
pre_xx_19212,chr19,48169435,48171486,2051
pre_xx_19213,chr19,48203374,48204815,1441
pre_xx_19214,chr19,48255465,48256116,651
pre_xx_19215,chr19,48259621,48260424,803
pre_xx_19216,chr19,48270808,48272109,1301
pre_xx_19217,chr19,48290146,48291643,1497
pre_xx_19218,chr19,48308409,48310763,2354
pre_xx_19219,chr19,48320583,48322370,1787
pre_xx_19220,chr19,48325082,48325761,679
pre_xx_19221,chr19,48330076,48330613,537
pre_xx_19222,chr19,48332131,48334306,2175
pre_xx_19223,chr19,48347782,48348579,797
pre_xx_19224,chr19,48362913,48364599,1686
pre_xx_19225,chr19,48390324,48391750,1426
pre_xx_19226,chr19,48393457,48394049,592
pre_xx_19227,chr19,48398015,48399106,1091
pre_xx_19228,chr19,48413796,48415991,2195
pre_xx_19229,chr19,48442583,48444082,1499
pre_xx_19230,chr19,48444750,48446504,1754
pre_xx_19231,chr19,48468150,48470085,1935
pre_xx_19232,chr19,48479597,48481460,1863
pre_xx_19233,chr19,48492664,48494116,1452
pre_xx_19234,chr19,48501237,48502712,1475
pre_xx_19235,chr19,48510275,48512270,1995
pre_xx_19236,chr19,48513304,48514128,824
pre_xx_19237,chr19,48553472,48554826,1354
pre_xx_19238,chr19,48568034,48568920,886
pre_xx_19239,chr19,48583792,48584616,824
pre_xx_19240,chr19,48588692,48589722,1030
pre_xx_19241,chr19,48613522,48615234,1712
pre_xx_19242,chr19,48618657,48619714,1057
pre_xx_19243,chr19,48621580,48621974,394
pre_xx_19244,chr19,48623562,48625145,1583
pre_xx_19245,chr19,48629406,48631115,1709
pre_xx_19246,chr19,48634335,48634782,447
pre_xx_19247,chr19,48635389,48636024,635
pre_xx_19248,chr19,48636340,48638512,2172
pre_xx_19249,chr19,48644487,48647032,2545
pre_xx_19250,chr19,48654379,48655160,781
pre_xx_19251,chr19,48675017,48675871,854
pre_xx_19252,chr19,48695686,48697087,1401
pre_xx_19253,chr19,48702542,48703348,806
pre_xx_19254,chr19,48713090,48714679,1589
pre_xx_19255,chr19,48716375,48717220,845
pre_xx_19256,chr19,48719528,48720132,604
pre_xx_19257,chr19,48720165,48721296,1131
pre_xx_19258,chr19,48724842,48725797,955
pre_xx_19259,chr19,48728725,48729577,852
pre_xx_19260,chr19,48738284,48740881,2597
pre_xx_19261,chr19,48746561,48747564,1003
pre_xx_19262,chr19,48751901,48753831,1930
pre_xx_19263,chr19,48781607,48782789,1182
pre_xx_19264,chr19,48787977,48788636,659
pre_xx_19265,chr19,48794922,48796144,1222
pre_xx_19266,chr19,48806421,48807398,977
pre_xx_19267,chr19,48810029,48811327,1298
pre_xx_19268,chr19,48812002,48812922,920
pre_xx_19269,chr19,48818193,48818869,676
pre_xx_19270,chr19,48829832,48830989,1157
pre_xx_19271,chr19,48835511,48837564,2053
pre_xx_19272,chr19,48866710,48868838,2128
pre_xx_19273,chr19,48871966,48873794,1828
pre_xx_19274,chr19,48874450,48875986,1536
pre_xx_19275,chr19,48877873,48878848,975
pre_xx_19276,chr19,48895752,48896692,940
pre_xx_19277,chr19,48899726,48901229,1503
pre_xx_19278,chr19,48933017,48935061,2044
pre_xx_19279,chr19,48954128,48955480,1352
pre_xx_19280,chr19,48964756,48966136,1380
pre_xx_19281,chr19,48970708,48971271,563
pre_xx_19282,chr19,48992032,48994319,2287
pre_xx_19283,chr19,49017149,49019029,1880
pre_xx_19284,chr19,49055598,49058131,2533
pre_xx_19285,chr19,49064505,49066463,1958
pre_xx_19286,chr19,49071520,49073014,1494
pre_xx_19287,chr19,49084569,49086182,1613
pre_xx_19288,chr19,49113731,49115258,1527
pre_xx_19289,chr19,49118414,49120361,1947
pre_xx_19290,chr19,49127673,49128636,963
pre_xx_19291,chr19,49132898,49134275,1377
pre_xx_19292,chr19,49142527,49143288,761
pre_xx_19293,chr19,49145839,49146371,532
pre_xx_19294,chr19,49148731,49150952,2221
pre_xx_19295,chr19,49157303,49158479,1176
pre_xx_19296,chr19,49209948,49212504,2556
pre_xx_19297,chr19,49337915,49340599,2684
pre_xx_19298,chr19,49361099,49364084,2985
pre_xx_19299,chr19,49391594,49392364,770
pre_xx_19300,chr19,49412623,49413982,1359
pre_xx_19301,chr19,49420705,49421449,744
pre_xx_19302,chr19,49422327,49423754,1427
pre_xx_19303,chr19,49427774,49428693,919
pre_xx_19304,chr19,49442372,49444021,1649
pre_xx_19305,chr19,49451295,49452112,817
pre_xx_19306,chr19,49452588,49453879,1291
pre_xx_19307,chr19,49473735,49474730,995
pre_xx_19308,chr19,49475944,49476550,606
pre_xx_19309,chr19,49478629,49479165,536
pre_xx_19310,chr19,49486867,49488434,1567
pre_xx_19311,chr19,49495582,49496600,1018
pre_xx_19312,chr19,49502547,49503645,1098
pre_xx_19313,chr19,49511870,49514005,2135
pre_xx_19314,chr19,49527422,49528732,1310
pre_xx_19315,chr19,49533181,49534497,1316
pre_xx_19316,chr19,49546451,49547367,916
pre_xx_19317,chr19,49569966,49571645,1679
pre_xx_19318,chr19,49579834,49580847,1013
pre_xx_19319,chr19,49589764,49592440,2676
pre_xx_19320,chr19,49592721,49593763,1042
pre_xx_19321,chr19,49624611,49625664,1053
pre_xx_19322,chr19,49639675,49641144,1469
pre_xx_19323,chr19,49641479,49642522,1043
pre_xx_19324,chr19,49664015,49666395,2380
pre_xx_19325,chr19,49672047,49672617,570
pre_xx_19326,chr19,49676199,49678657,2458
pre_xx_19327,chr19,49680475,49680951,476
pre_xx_19328,chr19,49689434,49691846,2412
pre_xx_19329,chr19,49726745,49728953,2208
pre_xx_19330,chr19,49757877,49758850,973
pre_xx_19331,chr19,49765401,49767731,2330
pre_xx_19332,chr19,49790435,49791374,939
pre_xx_19333,chr19,49801520,49802974,1454
pre_xx_19334,chr19,49808464,49809760,1296
pre_xx_19335,chr19,49812770,49813831,1061
pre_xx_19336,chr19,49817179,49819112,1933
pre_xx_19337,chr19,49819266,49820794,1528
pre_xx_19338,chr19,49850235,49852732,2497
pre_xx_19339,chr19,49859712,49861848,2136
pre_xx_19340,chr19,49865328,49865618,290
pre_xx_19341,chr19,49866877,49867980,1103
pre_xx_19342,chr19,49869038,49870122,1084
pre_xx_19343,chr19,49875910,49878578,2668
pre_xx_19344,chr19,49887119,49888794,1675
pre_xx_19345,chr19,49889679,49891270,1591
pre_xx_19346,chr19,49928464,49930789,2325
pre_xx_19347,chr19,49937457,49938233,776
pre_xx_19348,chr19,49953241,49955668,2427
pre_xx_19349,chr19,49957103,49957953,850
pre_xx_19350,chr19,49958102,49958788,686
pre_xx_19351,chr19,49971504,49972792,1288
pre_xx_19352,chr19,49977666,49978760,1094
pre_xx_19353,chr19,49986885,49987693,808
pre_xx_19354,chr19,50024639,50026279,1640
pre_xx_19355,chr19,50050127,50051311,1184
pre_xx_19356,chr19,50147253,50148470,1217
pre_xx_19357,chr19,50198649,50199628,979
pre_xx_19358,chr19,50202970,50203913,943
pre_xx_19359,chr19,50205091,50206099,1008
pre_xx_19360,chr19,50314844,50316399,1555
pre_xx_19361,chr19,50325364,50325951,587
pre_xx_19362,chr19,50328662,50329817,1155
pre_xx_19363,chr19,50330573,50331109,536
pre_xx_19364,chr19,50333091,50334041,950
pre_xx_19365,chr19,50357022,50359054,2032
pre_xx_19366,chr19,50368276,50369538,1262
pre_xx_19367,chr19,50376049,50377663,1614
pre_xx_19368,chr19,50383439,50385515,2076
pre_xx_19369,chr19,50427655,50428410,755
pre_xx_19370,chr19,50431116,50433034,1918
pre_xx_19371,chr19,50460880,50461577,697
pre_xx_19372,chr19,50475690,50477055,1365
pre_xx_19373,chr19,50510350,50511930,1580
pre_xx_19374,chr19,50550432,50552177,1745
pre_xx_19375,chr19,50555847,50557430,1583
pre_xx_19376,chr19,50566984,50568998,2014
pre_xx_19377,chr19,50607727,50608600,873
pre_xx_19378,chr19,50638567,50640128,1561
pre_xx_19379,chr19,50657763,50659509,1746
pre_xx_19380,chr19,50666127,50669223,3096
pre_xx_19381,chr19,50679052,50679809,757
pre_xx_19382,chr19,50694754,50696189,1435
pre_xx_19383,chr19,50717942,50719138,1196
pre_xx_19384,chr19,50720952,50721777,825
pre_xx_19385,chr19,50724271,50725773,1502
pre_xx_19386,chr19,50728187,50728725,538
pre_xx_19387,chr19,50749361,50750406,1045
pre_xx_19388,chr19,50783197,50783944,747
pre_xx_19389,chr19,50803246,50805359,2113
pre_xx_19390,chr19,50835362,50837014,1652
pre_xx_19391,chr19,50921276,50922644,1368
pre_xx_19392,chr19,51016769,51017659,890
pre_xx_19393,chr19,51018597,51020384,1787
pre_xx_19394,chr19,51025561,51027689,2128
pre_xx_19395,chr19,51064591,51065887,1296
pre_xx_19396,chr19,51098459,51099685,1226
pre_xx_19397,chr19,51107553,51109047,1494
pre_xx_19398,chr19,51168630,51169668,1038
pre_xx_19399,chr19,51311232,51313412,2180
pre_xx_19400,chr19,51319414,51320778,1364
pre_xx_19401,chr19,51326739,51328063,1324
pre_xx_19402,chr19,51338574,51340692,2118
pre_xx_19403,chr19,51354035,51355113,1078
pre_xx_19404,chr19,51365516,51368856,3340
pre_xx_19405,chr19,51393767,51394784,1017
pre_xx_19406,chr19,51421412,51422374,962
pre_xx_19407,chr19,51552940,51553612,672
pre_xx_19408,chr19,51570740,51571992,1252
pre_xx_19409,chr19,51593577,51595041,1464
pre_xx_19410,chr19,51687817,51691746,3929
pre_xx_19411,chr19,51702089,51704937,2848
pre_xx_19412,chr19,51719109,51720260,1151
pre_xx_19413,chr19,51887197,51888374,1177
pre_xx_19414,chr19,51903677,51905225,1548
pre_xx_19415,chr19,51926439,51927999,1560
pre_xx_19416,chr19,51948514,51949748,1234
pre_xx_19417,chr19,51959823,51961169,1346
pre_xx_19418,chr19,51985995,51987132,1137
pre_xx_19419,chr19,52007288,52008902,1614
pre_xx_19420,chr19,52027773,52029007,1234
pre_xx_19421,chr19,52047917,52049596,1679
pre_xx_19422,chr19,52094335,52096105,1770
pre_xx_19423,chr19,52138402,52140514,2112
pre_xx_19424,chr19,52170069,52172097,2028
pre_xx_19425,chr19,52188710,52191275,2565
pre_xx_19426,chr19,52268929,52270937,2008
pre_xx_19427,chr19,52296435,52298350,1915
pre_xx_19428,chr19,52335807,52337335,1528
pre_xx_19429,chr19,52343245,52344254,1009
pre_xx_19430,chr19,52369314,52370632,1318
pre_xx_19431,chr19,52396751,52398906,2155
pre_xx_19432,chr19,52453001,52454171,1170
pre_xx_19433,chr19,52492121,52493561,1440
pre_xx_19434,chr19,52518553,52521815,3262
pre_xx_19435,chr19,52526787,52528743,1956
pre_xx_19436,chr19,52535113,52536760,1647
pre_xx_19437,chr19,52569387,52570953,1566
pre_xx_19438,chr19,52584695,52586208,1513
pre_xx_19439,chr19,52600588,52602335,1747
pre_xx_19440,chr19,52637181,52638983,1802
pre_xx_19441,chr19,52688750,52691185,2435
pre_xx_19442,chr19,52733792,52736102,2310
pre_xx_19443,chr19,52741058,52743044,1986
pre_xx_19444,chr19,52785546,52787617,2071
pre_xx_19445,chr19,52820600,52822216,1616
pre_xx_19446,chr19,52846717,52848371,1654
pre_xx_19447,chr19,52856611,52858450,1839
pre_xx_19448,chr19,52896397,52898864,2467
pre_xx_19449,chr19,52922336,52924512,2176
pre_xx_19450,chr19,52941469,52943248,1779
pre_xx_19451,chr19,52961713,52963648,1935
pre_xx_19452,chr19,52992186,52994233,2047
pre_xx_19453,chr19,53037024,53038088,1064
pre_xx_19454,chr19,53057502,53058969,1467
pre_xx_19455,chr19,53076614,53077391,777
pre_xx_19456,chr19,53102235,53104057,1822
pre_xx_19457,chr19,53131575,53133247,1672
pre_xx_19458,chr19,53157425,53159515,2090
pre_xx_19459,chr19,53192262,53193605,1343
pre_xx_19460,chr19,53196497,53197430,933
pre_xx_19461,chr19,53254000,53255551,1551
pre_xx_19462,chr19,53308124,53308907,783
pre_xx_19463,chr19,53333045,53334704,1659
pre_xx_19464,chr19,53363931,53366356,2425
pre_xx_19465,chr19,53394366,53396788,2422
pre_xx_19466,chr19,53424814,53425508,694
pre_xx_19467,chr19,53431169,53432717,1548
pre_xx_19468,chr19,53459761,53460880,1119
pre_xx_19469,chr19,53466816,53469135,2319
pre_xx_19470,chr19,53520179,53521711,1532
pre_xx_19471,chr19,53537158,53538991,1833
pre_xx_19472,chr19,53553356,53555041,1685
pre_xx_19473,chr19,53772849,53775095,2246
pre_xx_19474,chr19,53792593,53793360,767
pre_xx_19475,chr19,53841804,53842828,1024
pre_xx_19476,chr19,53852743,53853292,549
pre_xx_19477,chr19,53865806,53866725,919
pre_xx_19478,chr19,53866949,53869783,2834
pre_xx_19479,chr19,53877352,53877790,438
pre_xx_19480,chr19,53878929,53879806,877
pre_xx_19481,chr19,53881640,53882497,857
pre_xx_19482,chr19,53902895,53903490,595
pre_xx_19483,chr19,53907754,53910429,2675
pre_xx_19484,chr19,53979663,53983065,3402
pre_xx_19485,chr19,53991042,53992095,1053
pre_xx_19486,chr19,54094632,54096274,1642
pre_xx_19487,chr19,54101806,54103746,1940
pre_xx_19488,chr19,54114368,54115945,1577
pre_xx_19489,chr19,54136070,54139089,3019
pre_xx_19490,chr19,54158994,54161161,2167
pre_xx_19491,chr19,54162180,54162761,581
pre_xx_19492,chr19,54168168,54168816,648
pre_xx_19493,chr19,54172447,54173426,979
pre_xx_19494,chr19,54179507,54181205,1698
pre_xx_19495,chr19,54186792,54187322,530
pre_xx_19496,chr19,54189036,54191841,2805
pre_xx_19497,chr19,54200178,54201567,1389
pre_xx_19498,chr19,54207290,54210494,3204
pre_xx_19499,chr19,54231167,54232203,1036
pre_xx_19500,chr19,54418005,54418854,849
pre_xx_19501,chr19,54420056,54421385,1329
pre_xx_19502,chr19,54429942,54431814,1872
pre_xx_19503,chr19,54435506,54437125,1619
pre_xx_19504,chr19,54448066,54450213,2147
pre_xx_19505,chr19,54462693,54465537,2844
pre_xx_19506,chr19,54470876,54471765,889
pre_xx_19507,chr19,54472766,54473911,1145
pre_xx_19508,chr19,54880939,54881655,716
pre_xx_19509,chr19,55005596,55006439,843
pre_xx_19510,chr19,55062152,55063417,1265
pre_xx_19511,chr19,55075043,55076637,1594
pre_xx_19512,chr19,55080037,55081869,1832
pre_xx_19513,chr19,55086307,55087875,1568
pre_xx_19514,chr19,55116060,55119106,3046
pre_xx_19515,chr19,55140907,55141633,726
pre_xx_19516,chr19,55146092,55147300,1208
pre_xx_19517,chr19,55155988,55157346,1358
pre_xx_19518,chr19,55160262,55161168,906
pre_xx_19519,chr19,55165864,55167355,1491
pre_xx_19520,chr19,55172730,55174387,1657
pre_xx_19521,chr19,55178727,55180494,1767
pre_xx_19522,chr19,55206406,55207537,1131
pre_xx_19523,chr19,55216254,55217319,1065
pre_xx_19524,chr19,55246674,55248545,1871
pre_xx_19525,chr19,55257423,55259899,2476
pre_xx_19526,chr19,55278777,55280710,1933
pre_xx_19527,chr19,55283686,55285839,2153
pre_xx_19528,chr19,55300800,55302356,1556
pre_xx_19529,chr19,55338470,55340554,2084
pre_xx_19530,chr19,55340587,55341489,902
pre_xx_19531,chr19,55347677,55348944,1267
pre_xx_19532,chr19,55353309,55355781,2472
pre_xx_19533,chr19,55358712,55359669,957
pre_xx_19534,chr19,55368421,55370867,2446
pre_xx_19535,chr19,55377430,55378234,804
pre_xx_19536,chr19,55383477,55386554,3077
pre_xx_19537,chr19,55398490,55401183,2693
pre_xx_19538,chr19,55406879,55408740,1861
pre_xx_19539,chr19,55417750,55418656,906
pre_xx_19540,chr19,55437184,55437757,573
pre_xx_19541,chr19,55441960,55443726,1766
pre_xx_19542,chr19,55451160,55453402,2242
pre_xx_19543,chr19,55459474,55462147,2673
pre_xx_19544,chr19,55475855,55477300,1445
pre_xx_19545,chr19,55481623,55482550,927
pre_xx_19546,chr19,55484621,55485670,1049
pre_xx_19547,chr19,55492974,55494849,1875
pre_xx_19548,chr19,55503373,55504379,1006
pre_xx_19549,chr19,55516687,55517749,1062
pre_xx_19550,chr19,55525332,55527436,2104
pre_xx_19551,chr19,55549339,55550552,1213
pre_xx_19552,chr19,55552343,55553844,1501
pre_xx_19553,chr19,55579595,55581253,1658
pre_xx_19554,chr19,55585468,55586340,872
pre_xx_19555,chr19,55586752,55587641,889
pre_xx_19556,chr19,55598808,55600790,1982
pre_xx_19557,chr19,55604528,55606631,2103
pre_xx_19558,chr19,55623584,55625131,1547
pre_xx_19559,chr19,55631481,55631981,500
pre_xx_19560,chr19,55634383,55635463,1080
pre_xx_19561,chr19,55640031,55643943,3912
pre_xx_19562,chr19,55647506,55649165,1659
pre_xx_19563,chr19,55653546,55655760,2214
pre_xx_19564,chr19,55674262,55675929,1667
pre_xx_19565,chr19,55688213,55689594,1381
pre_xx_19566,chr19,55701841,55703273,1432
pre_xx_19567,chr19,55703595,55704405,810
pre_xx_19568,chr19,55717404,55718867,1463
pre_xx_19569,chr19,56066107,56067033,926
pre_xx_19570,chr19,56080593,56081474,881
pre_xx_19571,chr19,56105102,56105661,559
pre_xx_19572,chr19,56107708,56109620,1912
pre_xx_19573,chr19,56112191,56112918,727
pre_xx_19574,chr19,56119680,56121927,2247
pre_xx_19575,chr19,56132046,56132937,891
pre_xx_19576,chr19,56140107,56142406,2299
pre_xx_19577,chr19,56216975,56217977,1002
pre_xx_19578,chr19,56314016,56315698,1682
pre_xx_19579,chr19,56367518,56369237,1719
pre_xx_19580,chr19,56392729,56393966,1237
pre_xx_19581,chr19,56403230,56404827,1597
pre_xx_19582,chr19,56476263,56478657,2394
pre_xx_19583,chr19,56507125,56508972,1847
pre_xx_19584,chr19,56537961,56539572,1611
pre_xx_19585,chr19,56566718,56568062,1344
pre_xx_19586,chr19,56594465,56596976,2511
pre_xx_19587,chr19,56637616,56638449,833
pre_xx_19588,chr19,56670476,56672114,1638
pre_xx_19589,chr19,56685856,56686949,1093
pre_xx_19590,chr19,56692290,56692879,589
pre_xx_19591,chr19,56750743,56751591,848
pre_xx_19592,chr19,56764356,56765809,1453
pre_xx_19593,chr19,56837467,56840997,3530
pre_xx_19594,chr19,56884390,56886161,1771
pre_xx_19595,chr19,56965797,56967205,1408
pre_xx_19596,chr19,56969630,56970161,531
pre_xx_19597,chr19,56973627,56974167,540
pre_xx_19598,chr19,56974864,56975704,840
pre_xx_19599,chr19,56977871,56978471,600
pre_xx_19600,chr19,56980458,56981999,1541
pre_xx_19601,chr19,56993944,56995854,1910
pre_xx_19602,chr19,57001658,57002633,975
pre_xx_19603,chr19,57056556,57058054,1498
pre_xx_19604,chr19,57068705,57069589,884
pre_xx_19605,chr19,57098864,57099507,643
pre_xx_19606,chr19,57103539,57104390,851
pre_xx_19607,chr19,57171349,57172791,1442
pre_xx_19608,chr19,57190885,57192763,1878
pre_xx_19609,chr19,57239921,57241517,1596
pre_xx_19610,chr19,57279465,57281311,1846
pre_xx_19611,chr19,57319853,57321461,1608
pre_xx_19612,chr19,57350629,57352221,1592
pre_xx_19613,chr19,57361513,57362118,605
pre_xx_19614,chr19,57362737,57364193,1456
pre_xx_19615,chr19,57389287,57390908,1621
pre_xx_19616,chr19,57410283,57412110,1827
pre_xx_19617,chr19,57434411,57436389,1978
pre_xx_19618,chr19,57476860,57477948,1088
pre_xx_19619,chr19,57487320,57488076,756
pre_xx_19620,chr19,57499415,57500183,768
pre_xx_19621,chr19,57526791,57528642,1851
pre_xx_19622,chr19,57558034,57560567,2533
pre_xx_19623,chr19,57578268,57579215,947
pre_xx_19624,chr19,57583321,57584553,1232
pre_xx_19625,chr19,57599288,57600565,1277
pre_xx_19626,chr19,57613646,57614778,1132
pre_xx_19627,chr19,57632703,57634108,1405
pre_xx_19628,chr19,57663900,57665403,1503
pre_xx_19629,chr19,57681355,57682775,1420
pre_xx_19630,chr19,57707897,57709763,1866
pre_xx_19631,chr19,57726426,57728009,1583
pre_xx_19632,chr19,57738208,57739258,1050
pre_xx_19633,chr19,57746368,57747852,1484
pre_xx_19634,chr19,57769064,57770679,1615
pre_xx_19635,chr19,57803291,57805222,1931
pre_xx_19636,chr19,57813932,57815198,1266
pre_xx_19637,chr19,57819154,57820619,1465
pre_xx_19638,chr19,57828785,57831450,2665
pre_xx_19639,chr19,57849404,57851102,1698
pre_xx_19640,chr19,57887061,57889446,2385
pre_xx_19641,chr19,57915502,57917127,1625
pre_xx_19642,chr19,57934418,57935668,1250
pre_xx_19643,chr19,57946794,57948139,1345
pre_xx_19644,chr19,58001863,58003558,1695
pre_xx_19645,chr19,58009251,58010261,1010
pre_xx_19646,chr19,58013481,58014774,1293
pre_xx_19647,chr19,58033498,58034946,1448
pre_xx_19648,chr19,58037867,58039081,1214
pre_xx_19649,chr19,58058602,58060679,2077
pre_xx_19650,chr19,58097252,58099599,2347
pre_xx_19651,chr19,58150019,58150967,948
pre_xx_19652,chr19,58154233,58155452,1219
pre_xx_19653,chr19,58182391,58184028,1637
pre_xx_19654,chr19,58227971,58229565,1594
pre_xx_19655,chr19,58278023,58279828,1805
pre_xx_19656,chr19,58304479,58306215,1736
pre_xx_19657,chr19,58326301,58327779,1478
pre_xx_19658,chr19,58346719,58348014,1295
pre_xx_19659,chr19,58349957,58350762,805
pre_xx_19660,chr19,58355781,58357548,1767
pre_xx_19661,chr19,58361786,58363195,1409
pre_xx_19662,chr19,58379992,58381735,1743
pre_xx_19663,chr19,58385882,58388112,2230
pre_xx_19664,chr19,58395416,58396843,1427
pre_xx_19665,chr19,58400375,58402052,1677
pre_xx_19666,chr19,58407054,58409533,2479
pre_xx_19667,chr19,58439532,58441053,1521
pre_xx_19668,chr19,58450823,58452299,1476
pre_xx_19669,chr19,58466402,58467850,1448
pre_xx_19670,chr19,58475191,58477112,1921
pre_xx_19671,chr19,58498632,58499896,1264
pre_xx_19672,chr19,58513531,58514546,1015
pre_xx_19673,chr19,58518588,58520416,1828
pre_xx_19674,chr19,58537870,58539039,1169
pre_xx_19675,chr19,58543522,58545914,2392
pre_xx_19676,chr19,58554361,58555412,1051
pre_xx_19677,chr19,58558109,58559824,1715
pre_xx_19678,chr19,58562079,58563434,1355
pre_xx_19679,chr19,58572404,58574059,1655
pre_xx_19680,chr19,58575131,58576146,1015
pre_xx_19681,chr2,44922,47891,2969
pre_xx_19682,chr2,174955,176468,1513
pre_xx_19683,chr2,263234,265438,2204
pre_xx_19684,chr2,286919,290430,3511
pre_xx_19685,chr2,467584,469244,1660
pre_xx_19686,chr2,544704,546619,1915
pre_xx_19687,chr2,636028,637317,1289
pre_xx_19688,chr2,660062,661421,1359
pre_xx_19689,chr2,676009,677836,1827
pre_xx_19690,chr2,702410,703367,957
pre_xx_19691,chr2,739677,741294,1617
pre_xx_19692,chr2,794467,796491,2024
pre_xx_19693,chr2,949476,951502,2026
pre_xx_19694,chr2,974076,975090,1014
pre_xx_19695,chr2,1080897,1082195,1298
pre_xx_19696,chr2,1224290,1224956,666
pre_xx_19697,chr2,1226888,1228422,1534
pre_xx_19698,chr2,1281442,1283341,1899
pre_xx_19699,chr2,1338504,1340440,1936
pre_xx_19700,chr2,1366244,1367483,1239
pre_xx_19701,chr2,1487602,1488720,1118
pre_xx_19702,chr2,1550331,1551210,879
pre_xx_19703,chr2,1586463,1587451,988
pre_xx_19704,chr2,1590531,1592704,2173
pre_xx_19705,chr2,1604763,1606262,1499
pre_xx_19706,chr2,1619588,1620280,692
pre_xx_19707,chr2,1707547,1709686,2139
pre_xx_19708,chr2,1728177,1729260,1083
pre_xx_19709,chr2,1742403,1745243,2840
pre_xx_19710,chr2,1750636,1752030,1394
pre_xx_19711,chr2,1766255,1767743,1488
pre_xx_19712,chr2,1822709,1823821,1112
pre_xx_19713,chr2,1836792,1837844,1052
pre_xx_19714,chr2,1854599,1855594,995
pre_xx_19715,chr2,2112402,2113695,1293
pre_xx_19716,chr2,2114027,2115177,1150
pre_xx_19717,chr2,2291400,2292250,850
pre_xx_19718,chr2,2563707,2565176,1469
pre_xx_19719,chr2,2613097,2614748,1651
pre_xx_19720,chr2,2646166,2647662,1496
pre_xx_19721,chr2,2655316,2656919,1603
pre_xx_19722,chr2,2845936,2847463,1527
pre_xx_19723,chr2,2848364,2849635,1271
pre_xx_19724,chr2,2876101,2878121,2020
pre_xx_19725,chr2,2960519,2961274,755
pre_xx_19726,chr2,3251739,3252615,876
pre_xx_19727,chr2,3263421,3264677,1256
pre_xx_19728,chr2,3281976,3283334,1358
pre_xx_19729,chr2,3302739,3303948,1209
pre_xx_19730,chr2,3377301,3378319,1018
pre_xx_19731,chr2,3379282,3380565,1283
pre_xx_19732,chr2,3460067,3462601,2534
pre_xx_19733,chr2,3482750,3483775,1025
pre_xx_19734,chr2,3488736,3489358,622
pre_xx_19735,chr2,3492865,3494453,1588
pre_xx_19736,chr2,3518085,3519882,1797
pre_xx_19737,chr2,3535510,3537058,1548
pre_xx_19738,chr2,3557528,3559174,1646
pre_xx_19739,chr2,3574549,3576325,1776
pre_xx_19740,chr2,3594421,3595628,1207
pre_xx_19741,chr2,3628236,3629127,891
pre_xx_19742,chr2,3630650,3631635,985
pre_xx_19743,chr2,3632939,3633814,875
pre_xx_19744,chr2,3650279,3652383,2104
pre_xx_19745,chr2,3702817,3704350,1533
pre_xx_19746,chr2,3727435,3728951,1516
pre_xx_19747,chr2,3959049,3960598,1549
pre_xx_19748,chr2,4019931,4020996,1065
pre_xx_19749,chr2,4053747,4055828,2081
pre_xx_19750,chr2,4076493,4077519,1026
pre_xx_19751,chr2,4628307,4629648,1341
pre_xx_19752,chr2,4937215,4938656,1441
pre_xx_19753,chr2,5390891,5391986,1095
pre_xx_19754,chr2,5538419,5540482,2063
pre_xx_19755,chr2,5672563,5674203,1640
pre_xx_19756,chr2,5690201,5693326,3125
pre_xx_19757,chr2,5695727,5697592,1865
pre_xx_19758,chr2,5725527,5726667,1140
pre_xx_19759,chr2,5755613,5757063,1450
pre_xx_19760,chr2,5980409,5982121,1712
pre_xx_19761,chr2,6072254,6074549,2295
pre_xx_19762,chr2,6164138,6165870,1732
pre_xx_19763,chr2,6309849,6312009,2160
pre_xx_19764,chr2,6771442,6773558,2116
pre_xx_19765,chr2,6780379,6781598,1219
pre_xx_19766,chr2,6864692,6866699,2007
pre_xx_19767,chr2,6916829,6918313,1484
pre_xx_19768,chr2,6925899,6927647,1748
pre_xx_19769,chr2,7022478,7024232,1754
pre_xx_19770,chr2,7053576,7054360,784
pre_xx_19771,chr2,7096378,7097861,1483
pre_xx_19772,chr2,7191500,7192454,954
pre_xx_19773,chr2,7377651,7378538,887
pre_xx_19774,chr2,7430522,7431749,1227
pre_xx_19775,chr2,7847500,7848800,1300
pre_xx_19776,chr2,7994177,7996399,2222
pre_xx_19777,chr2,8329718,8330619,901
pre_xx_19778,chr2,8410366,8411127,761
pre_xx_19779,chr2,8455833,8458162,2329
pre_xx_19780,chr2,8515170,8516550,1380
pre_xx_19781,chr2,8524886,8526451,1565
pre_xx_19782,chr2,8534416,8536484,2068
pre_xx_19783,chr2,8573263,8576198,2935
pre_xx_19784,chr2,8583223,8584363,1140
pre_xx_19785,chr2,8635965,8637561,1596
pre_xx_19786,chr2,8659206,8660445,1239
pre_xx_19787,chr2,8676160,8677086,926
pre_xx_19788,chr2,8677713,8678452,739
pre_xx_19789,chr2,8678699,8679427,728
pre_xx_19790,chr2,8679803,8680414,611
pre_xx_19791,chr2,8681205,8682501,1296
pre_xx_19792,chr2,8682951,8683637,686
pre_xx_19793,chr2,8684478,8686071,1593
pre_xx_19794,chr2,8796261,8797373,1112
pre_xx_19795,chr2,8836166,8838065,1899
pre_xx_19796,chr2,9002273,9004549,2276
pre_xx_19797,chr2,9105791,9106858,1067
pre_xx_19798,chr2,9142363,9143504,1141
pre_xx_19799,chr2,9205840,9208242,2402
pre_xx_19800,chr2,9234100,9236117,2017
pre_xx_19801,chr2,9246392,9248274,1882
pre_xx_19802,chr2,9318068,9319515,1447
pre_xx_19803,chr2,9331641,9332674,1033
pre_xx_19804,chr2,9336184,9337372,1188
pre_xx_19805,chr2,9422295,9424507,2212
pre_xx_19806,chr2,9473379,9475528,2149
pre_xx_19807,chr2,9554767,9556653,1886
pre_xx_19808,chr2,9629810,9631491,1681
pre_xx_19809,chr2,9638362,9640445,2083
pre_xx_19810,chr2,9652663,9654875,2212
pre_xx_19811,chr2,9738538,9739984,1446
pre_xx_19812,chr2,9757020,9758328,1308
pre_xx_19813,chr2,9763118,9764545,1427
pre_xx_19814,chr2,9768223,9768777,554
pre_xx_19815,chr2,9769029,9770860,1831
pre_xx_19816,chr2,9771450,9771941,491
pre_xx_19817,chr2,9799207,9800177,970
pre_xx_19818,chr2,9813127,9814395,1268
pre_xx_19819,chr2,9842871,9844531,1660
pre_xx_19820,chr2,9950314,9952354,2040
pre_xx_19821,chr2,10035703,10036881,1178
pre_xx_19822,chr2,10042242,10044579,2337
pre_xx_19823,chr2,10056501,10058389,1888
pre_xx_19824,chr2,10072277,10074177,1900
pre_xx_19825,chr2,10078774,10080922,2148
pre_xx_19826,chr2,10096691,10098055,1364
pre_xx_19827,chr2,10119928,10120898,970
pre_xx_19828,chr2,10121916,10123197,1281
pre_xx_19829,chr2,10169430,10171375,1945
pre_xx_19830,chr2,10186910,10187819,909
pre_xx_19831,chr2,10196149,10197152,1003
pre_xx_19832,chr2,10225067,10226601,1534
pre_xx_19833,chr2,10267427,10268347,920
pre_xx_19834,chr2,10277055,10278845,1790
pre_xx_19835,chr2,10301953,10304982,3029
pre_xx_19836,chr2,10326303,10327234,931
pre_xx_19837,chr2,10357237,10358147,910
pre_xx_19838,chr2,10368329,10370581,2252
pre_xx_19839,chr2,10381171,10383088,1917
pre_xx_19840,chr2,10407962,10409635,1673
pre_xx_19841,chr2,10413412,10415306,1894
pre_xx_19842,chr2,10417293,10418024,731
pre_xx_19843,chr2,10431735,10433277,1542
pre_xx_19844,chr2,10434309,10435272,963
pre_xx_19845,chr2,10438634,10440228,1594
pre_xx_19846,chr2,10447297,10449321,2024
pre_xx_19847,chr2,10477266,10478243,977
pre_xx_19848,chr2,10689089,10690776,1687
pre_xx_19849,chr2,10707457,10709040,1583
pre_xx_19850,chr2,10720782,10723003,2221
pre_xx_19851,chr2,10773676,10775706,2030
pre_xx_19852,chr2,10811645,10813343,1698
pre_xx_19853,chr2,10832061,10832830,769
pre_xx_19854,chr2,10883390,10885473,2083
pre_xx_19855,chr2,10889686,10890636,950
pre_xx_19856,chr2,10911192,10912555,1363
pre_xx_19857,chr2,10918568,10920172,1604
pre_xx_19858,chr2,10934007,10935406,1399
pre_xx_19859,chr2,11123776,11124778,1002
pre_xx_19860,chr2,11129513,11130335,822
pre_xx_19861,chr2,11132254,11134120,1866
pre_xx_19862,chr2,11154348,11155873,1525
pre_xx_19863,chr2,11342571,11345616,3045
pre_xx_19864,chr2,11374209,11375158,949
pre_xx_19865,chr2,11389200,11390458,1258
pre_xx_19866,chr2,11391375,11392317,942
pre_xx_19867,chr2,11465173,11466950,1777
pre_xx_19868,chr2,11481760,11484206,2446
pre_xx_19869,chr2,11495607,11496618,1011
pre_xx_19870,chr2,11498313,11499482,1169
pre_xx_19871,chr2,11505740,11506848,1108
pre_xx_19872,chr2,11532097,11532963,866
pre_xx_19873,chr2,11539287,11540893,1606
pre_xx_19874,chr2,11581918,11583508,1590
pre_xx_19875,chr2,11583992,11584577,585
pre_xx_19876,chr2,11669435,11670358,923
pre_xx_19877,chr2,11679450,11680764,1314
pre_xx_19878,chr2,11687860,11688772,912
pre_xx_19879,chr2,11743948,11744875,927
pre_xx_19880,chr2,11746018,11748032,2014
pre_xx_19881,chr2,11778772,11779527,755
pre_xx_19882,chr2,11784336,11785531,1195
pre_xx_19883,chr2,11829005,11830743,1738
pre_xx_19884,chr2,11863481,11864401,920
pre_xx_19885,chr2,12031726,12033218,1492
pre_xx_19886,chr2,12201809,12203482,1673
pre_xx_19887,chr2,12262094,12263366,1272
pre_xx_19888,chr2,12492873,12493730,857
pre_xx_19889,chr2,12715570,12719394,3824
pre_xx_19890,chr2,13006461,13007690,1229
pre_xx_19891,chr2,13816866,13818748,1882
pre_xx_19892,chr2,14400729,14402596,1867
pre_xx_19893,chr2,14632037,14633837,1800
pre_xx_19894,chr2,14634097,14635904,1807
pre_xx_19895,chr2,15560284,15562391,2107
pre_xx_19896,chr2,15591297,15592583,1286
pre_xx_19897,chr2,15630222,15631151,929
pre_xx_19898,chr2,15634728,15635586,858
pre_xx_19899,chr2,15636445,15637849,1404
pre_xx_19900,chr2,15730073,15730967,894
pre_xx_19901,chr2,15733374,15735112,1738
pre_xx_19902,chr2,15810408,15811706,1298
pre_xx_19903,chr2,15918819,15920380,1561
pre_xx_19904,chr2,15939531,15944215,4684
pre_xx_19905,chr2,15983886,15985330,1444
pre_xx_19906,chr2,16012450,16014619,2169
pre_xx_19907,chr2,16069482,16070895,1413
pre_xx_19908,chr2,16154998,16156202,1204
pre_xx_19909,chr2,16251481,16252443,962
pre_xx_19910,chr2,16329767,16331254,1487
pre_xx_19911,chr2,16507437,16508639,1202
pre_xx_19912,chr2,16521962,16523053,1091
pre_xx_19913,chr2,16608397,16609403,1006
pre_xx_19914,chr2,16665128,16666796,1668
pre_xx_19915,chr2,16756778,16757638,860
pre_xx_19916,chr2,17012998,17014235,1237
pre_xx_19917,chr2,17083357,17085329,1972
pre_xx_19918,chr2,17517720,17518985,1265
pre_xx_19919,chr2,17537987,17541402,3415
pre_xx_19920,chr2,17593632,17595404,1772
pre_xx_19921,chr2,17627959,17629229,1270
pre_xx_19922,chr2,17634754,17635333,579
pre_xx_19923,chr2,17636955,17637994,1039
pre_xx_19924,chr2,17644640,17646416,1776
pre_xx_19925,chr2,17752662,17754977,2315
pre_xx_19926,chr2,17799721,17801456,1735
pre_xx_19927,chr2,17830162,17831057,895
pre_xx_19928,chr2,17877558,17879746,2188
pre_xx_19929,chr2,18519554,18521046,1492
pre_xx_19930,chr2,18559336,18560985,1649
pre_xx_19931,chr2,18830764,18832594,1830
pre_xx_19932,chr2,18949560,18951128,1568
pre_xx_19933,chr2,18961544,18962686,1142
pre_xx_19934,chr2,18990987,18992298,1311
pre_xx_19935,chr2,19237769,19239524,1755
pre_xx_19936,chr2,19250087,19251858,1771
pre_xx_19937,chr2,19330044,19331070,1026
pre_xx_19938,chr2,19347431,19348801,1370
pre_xx_19939,chr2,19350148,19350757,609
pre_xx_19940,chr2,19357491,19359106,1615
pre_xx_19941,chr2,19361180,19361959,779
pre_xx_19942,chr2,19362344,19363743,1399
pre_xx_19943,chr2,19863080,19864059,979
pre_xx_19944,chr2,19868369,19870054,1685
pre_xx_19945,chr2,19900492,19902690,2198
pre_xx_19946,chr2,19989039,19990661,1622
pre_xx_19947,chr2,20011889,20013516,1627
pre_xx_19948,chr2,20050632,20053158,2526
pre_xx_19949,chr2,20065881,20066656,775
pre_xx_19950,chr2,20071172,20072548,1376
pre_xx_19951,chr2,20073314,20074668,1354
pre_xx_19952,chr2,20080227,20081503,1276
pre_xx_19953,chr2,20093429,20094153,724
pre_xx_19954,chr2,20097678,20098539,861
pre_xx_19955,chr2,20135295,20135968,673
pre_xx_19956,chr2,20197754,20199417,1663
pre_xx_19957,chr2,20211554,20213993,2439
pre_xx_19958,chr2,20222903,20225833,2930
pre_xx_19959,chr2,20349872,20351795,1923
pre_xx_19960,chr2,20378704,20379546,842
pre_xx_19961,chr2,20446310,20451113,4803
pre_xx_19962,chr2,20584196,20585707,1511
pre_xx_19963,chr2,20616898,20618752,1854
pre_xx_19964,chr2,20633715,20636172,2457
pre_xx_19965,chr2,20642055,20643093,1038
pre_xx_19966,chr2,20650126,20651801,1675
pre_xx_19967,chr2,20666038,20667875,1837
pre_xx_19968,chr2,20670254,20671181,927
pre_xx_19969,chr2,20821978,20823410,1432
pre_xx_19970,chr2,20930451,20931525,1074
pre_xx_19971,chr2,20939256,20941142,1886
pre_xx_19972,chr2,21042638,21044147,1509
pre_xx_19973,chr2,23350977,23352464,1487
pre_xx_19974,chr2,23384450,23387353,2903
pre_xx_19975,chr2,23403419,23404839,1420
pre_xx_19976,chr2,23477954,23478722,768
pre_xx_19977,chr2,23480716,23481582,866
pre_xx_19978,chr2,23522866,23525060,2194
pre_xx_19979,chr2,23532085,23533723,1638
pre_xx_19980,chr2,23595559,23596687,1128
pre_xx_19981,chr2,23662937,23664244,1307
pre_xx_19982,chr2,23925724,23927989,2265
pre_xx_19983,chr2,23939168,23941616,2448
pre_xx_19984,chr2,24009236,24011048,1812
pre_xx_19985,chr2,24046870,24047804,934
pre_xx_19986,chr2,24049350,24050589,1239
pre_xx_19987,chr2,24075781,24077780,1999
pre_xx_19988,chr2,24083467,24085504,2037
pre_xx_19989,chr2,24122473,24124290,1817
pre_xx_19990,chr2,24303614,24305094,1480
pre_xx_19991,chr2,24359262,24361619,2357
pre_xx_19992,chr2,24490011,24493131,3120
pre_xx_19993,chr2,24792386,24794190,1804
pre_xx_19994,chr2,24827213,24828129,916
pre_xx_19995,chr2,24918952,24920834,1882
pre_xx_19996,chr2,24926310,24927306,996
pre_xx_19997,chr2,24970822,24972865,2043
pre_xx_19998,chr2,24984606,24985558,952
pre_xx_19999,chr2,25041125,25043502,2377
pre_xx_20000,chr2,25055657,25056940,1283
pre_xx_20001,chr2,25077992,25079099,1107
pre_xx_20002,chr2,25131400,25132808,1408
pre_xx_20003,chr2,25160613,25161971,1358
pre_xx_20004,chr2,25167733,25169165,1432
pre_xx_20005,chr2,25195919,25196776,857
pre_xx_20006,chr2,25209561,25210659,1098
pre_xx_20007,chr2,25214758,25216558,1800
pre_xx_20008,chr2,25228566,25231329,2763
pre_xx_20009,chr2,25236590,25237182,592
pre_xx_20010,chr2,25245759,25246590,831
pre_xx_20011,chr2,25250253,25253377,3124
pre_xx_20012,chr2,25276394,25277609,1215
pre_xx_20013,chr2,25290705,25291579,874
pre_xx_20014,chr2,25294250,25295479,1229
pre_xx_20015,chr2,25310429,25311707,1278
pre_xx_20016,chr2,25314071,25315560,1489
pre_xx_20017,chr2,25338957,25342781,3824
pre_xx_20018,chr2,25361506,25363044,1538
pre_xx_20019,chr2,25376211,25377647,1436
pre_xx_20020,chr2,25411028,25412181,1153
pre_xx_20021,chr2,25444339,25445376,1037
pre_xx_20022,chr2,25672275,25674227,1952
pre_xx_20023,chr2,25683578,25685618,2040
pre_xx_20024,chr2,25697214,25698532,1318
pre_xx_20025,chr2,25821453,25822921,1468
pre_xx_20026,chr2,25877161,25878880,1719
pre_xx_20027,chr2,25936687,25937779,1092
pre_xx_20028,chr2,25976885,25978128,1243
pre_xx_20029,chr2,25981585,25983279,1694
pre_xx_20030,chr2,26011765,26012899,1134
pre_xx_20031,chr2,26017737,26018739,1002
pre_xx_20032,chr2,26033072,26035388,2316
pre_xx_20033,chr2,26052160,26053388,1228
pre_xx_20034,chr2,26172199,26174350,2151
pre_xx_20035,chr2,26178575,26180061,1486
pre_xx_20036,chr2,26184082,26185579,1497
pre_xx_20037,chr2,26243094,26246054,2960
pre_xx_20038,chr2,26272864,26274653,1789
pre_xx_20039,chr2,26297723,26300731,3008
pre_xx_20040,chr2,26344615,26347341,2726
pre_xx_20041,chr2,26401510,26402430,920
pre_xx_20042,chr2,26502899,26504273,1374
pre_xx_20043,chr2,26558270,26559071,801
pre_xx_20044,chr2,26562052,26563533,1481
pre_xx_20045,chr2,26641031,26641585,554
pre_xx_20046,chr2,26691716,26693789,2073
pre_xx_20047,chr2,26706503,26707544,1041
pre_xx_20048,chr2,26709559,26711311,1752
pre_xx_20049,chr2,26720122,26722072,1950
pre_xx_20050,chr2,26723878,26724885,1007
pre_xx_20051,chr2,26740553,26741726,1173
pre_xx_20052,chr2,26763777,26765176,1399
pre_xx_20053,chr2,26785266,26786630,1364
pre_xx_20054,chr2,26807509,26808352,843
pre_xx_20055,chr2,26843175,26843740,565
pre_xx_20056,chr2,26846287,26846807,520
pre_xx_20057,chr2,26847406,26850321,2915
pre_xx_20058,chr2,26922072,26923049,977
pre_xx_20059,chr2,26961366,26962103,737
pre_xx_20060,chr2,26970082,26971650,1568
pre_xx_20061,chr2,27032103,27033990,1887
pre_xx_20062,chr2,27049676,27052457,2781
pre_xx_20063,chr2,27070955,27073214,2259
pre_xx_20064,chr2,27078066,27079261,1195
pre_xx_20065,chr2,27080831,27081623,792
pre_xx_20066,chr2,27085502,27087468,1966
pre_xx_20067,chr2,27095712,27096735,1023
pre_xx_20068,chr2,27118148,27119399,1251
pre_xx_20069,chr2,27123257,27124554,1297
pre_xx_20070,chr2,27133101,27135334,2233
pre_xx_20071,chr2,27148554,27149532,978
pre_xx_20072,chr2,27211122,27213066,1944
pre_xx_20073,chr2,27216916,27218219,1303
pre_xx_20074,chr2,27249979,27250734,755
pre_xx_20075,chr2,27254522,27256078,1556
pre_xx_20076,chr2,27261869,27263513,1644
pre_xx_20077,chr2,27264439,27265398,959
pre_xx_20078,chr2,27307581,27308788,1207
pre_xx_20079,chr2,27322286,27324146,1860
pre_xx_20080,chr2,27355992,27357498,1506
pre_xx_20081,chr2,27369503,27371703,2200
pre_xx_20082,chr2,27379662,27381520,1858
pre_xx_20083,chr2,27407920,27408396,476
pre_xx_20084,chr2,27408676,27410252,1576
pre_xx_20085,chr2,27427882,27430189,2307
pre_xx_20086,chr2,27441155,27443478,2323
pre_xx_20087,chr2,27488914,27490125,1211
pre_xx_20088,chr2,27493989,27495622,1633
pre_xx_20089,chr2,27582129,27583845,1716
pre_xx_20090,chr2,27627900,27629876,1976
pre_xx_20091,chr2,27662907,27664492,1585
pre_xx_20092,chr2,27702956,27704153,1197
pre_xx_20093,chr2,27714854,27717385,2531
pre_xx_20094,chr2,27723118,27724728,1610
pre_xx_20095,chr2,27724940,27725741,801
pre_xx_20096,chr2,27735005,27736183,1178
pre_xx_20097,chr2,27752107,27753389,1282
pre_xx_20098,chr2,27765451,27766598,1147
pre_xx_20099,chr2,27771065,27772320,1255
pre_xx_20100,chr2,27874804,27875895,1091
pre_xx_20101,chr2,27889727,27891437,1710
pre_xx_20102,chr2,28219396,28220318,922
pre_xx_20103,chr2,28224317,28225739,1422
pre_xx_20104,chr2,28268651,28269813,1162
pre_xx_20105,chr2,28345300,28346123,823
pre_xx_20106,chr2,28355482,28357191,1709
pre_xx_20107,chr2,28389972,28391295,1323
pre_xx_20108,chr2,28391591,28393184,1593
pre_xx_20109,chr2,28393328,28393640,312
pre_xx_20110,chr2,28396239,28397026,787
pre_xx_20111,chr2,28398370,28398713,343
pre_xx_20112,chr2,28399919,28400274,355
pre_xx_20113,chr2,28413221,28414202,981
pre_xx_20114,chr2,28423278,28424784,1506
pre_xx_20115,chr2,28436267,28438157,1890
pre_xx_20116,chr2,28566026,28567499,1473
pre_xx_20117,chr2,28593910,28595148,1238
pre_xx_20118,chr2,28663977,28665636,1659
pre_xx_20119,chr2,28682924,28684418,1494
pre_xx_20120,chr2,28750347,28752631,2284
pre_xx_20121,chr2,28752983,28753645,662
pre_xx_20122,chr2,28809938,28811352,1414
pre_xx_20123,chr2,28869474,28870924,1450
pre_xx_20124,chr2,28893911,28895853,1942
pre_xx_20125,chr2,28904228,28905403,1175
pre_xx_20126,chr2,28958473,28959197,724
pre_xx_20127,chr2,28976405,28977132,727
pre_xx_20128,chr2,28980820,28981504,684
pre_xx_20129,chr2,28993051,28994111,1060
pre_xx_20130,chr2,29010839,29012096,1257
pre_xx_20131,chr2,29014737,29017101,2364
pre_xx_20132,chr2,29042087,29043068,981
pre_xx_20133,chr2,29070100,29072201,2101
pre_xx_20134,chr2,29114442,29116826,2384
pre_xx_20135,chr2,29220436,29221309,873
pre_xx_20136,chr2,29252792,29253824,1032
pre_xx_20137,chr2,29281126,29282150,1024
pre_xx_20138,chr2,29579705,29580758,1053
pre_xx_20139,chr2,29802486,29803878,1392
pre_xx_20140,chr2,29919940,29921963,2023
pre_xx_20141,chr2,30114786,30116115,1329
pre_xx_20142,chr2,30145926,30148162,2236
pre_xx_20143,chr2,30164253,30165386,1133
pre_xx_20144,chr2,30217426,30219190,1764
pre_xx_20145,chr2,30224770,30225875,1105
pre_xx_20146,chr2,30230323,30232967,2644
pre_xx_20147,chr2,30421151,30422895,1744
pre_xx_20148,chr2,30446026,30448002,1976
pre_xx_20149,chr2,30604100,30605519,1419
pre_xx_20150,chr2,30979034,30980294,1260
pre_xx_20151,chr2,30981019,30981980,961
pre_xx_20152,chr2,30987229,30988277,1048
pre_xx_20153,chr2,31065970,31067569,1599
pre_xx_20154,chr2,31136974,31139051,2077
pre_xx_20155,chr2,31233138,31234826,1688
pre_xx_20156,chr2,31580043,31581223,1180
pre_xx_20157,chr2,32008838,32011356,2518
pre_xx_20158,chr2,32038917,32040342,1425
pre_xx_20159,chr2,32062428,32064681,2253
pre_xx_20160,chr2,32165103,32166532,1429
pre_xx_20161,chr2,32277406,32278930,1524
pre_xx_20162,chr2,32356199,32358476,2277
pre_xx_20163,chr2,32627153,32628604,1451
pre_xx_20164,chr2,32946234,32948403,2169
pre_xx_20165,chr2,33475337,33476969,1632
pre_xx_20166,chr2,33598267,33599993,1726
pre_xx_20167,chr2,33877041,33878486,1445
pre_xx_20168,chr2,34626778,34627449,671
pre_xx_20169,chr2,35176145,35177130,985
pre_xx_20170,chr2,35185844,35186483,639
pre_xx_20171,chr2,36354937,36358628,3691
pre_xx_20172,chr2,36376029,36377378,1349
pre_xx_20173,chr2,36388490,36389843,1353
pre_xx_20174,chr2,36597030,36598667,1637
pre_xx_20175,chr2,36965295,36967336,2041
pre_xx_20176,chr2,37083613,37085143,1530
pre_xx_20177,chr2,37155773,37157812,2039
pre_xx_20178,chr2,37195964,37197351,1387
pre_xx_20179,chr2,37230581,37232664,2083
pre_xx_20180,chr2,37323667,37325583,1916
pre_xx_20181,chr2,37344233,37345369,1136
pre_xx_20182,chr2,37449215,37450603,1388
pre_xx_20183,chr2,37584522,37585756,1234
pre_xx_20184,chr2,37670218,37672956,2738
pre_xx_20185,chr2,37688639,37690027,1388
pre_xx_20186,chr2,37827663,37828582,919
pre_xx_20187,chr2,37919478,37920917,1439
pre_xx_20188,chr2,37924696,37926019,1323
pre_xx_20189,chr2,38073493,38074102,609
pre_xx_20190,chr2,38074412,38077422,3010
pre_xx_20191,chr2,38376152,38378328,2176
pre_xx_20192,chr2,38466476,38468024,1548
pre_xx_20193,chr2,38499356,38500683,1327
pre_xx_20194,chr2,38514700,38516162,1462
pre_xx_20195,chr2,38534862,38536735,1873
pre_xx_20196,chr2,38601242,38603713,2471
pre_xx_20197,chr2,38665481,38666992,1511
pre_xx_20198,chr2,38735048,38736242,1194
pre_xx_20199,chr2,38749812,38752005,2193
pre_xx_20200,chr2,38777631,38779000,1369
pre_xx_20201,chr2,38875038,38876719,1681
pre_xx_20202,chr2,38959448,38961514,2066
pre_xx_20203,chr2,38980661,38982069,1408
pre_xx_20204,chr2,39119663,39121536,1873
pre_xx_20205,chr2,39123867,39125255,1388
pre_xx_20206,chr2,39227851,39229104,1253
pre_xx_20207,chr2,39435671,39438261,2590
pre_xx_20208,chr2,39664946,39667043,2097
pre_xx_20209,chr2,39778285,39779566,1281
pre_xx_20210,chr2,40092932,40093752,820
pre_xx_20211,chr2,40449999,40452557,2558
pre_xx_20212,chr2,40811000,40812315,1315
pre_xx_20213,chr2,41337277,41339282,2005
pre_xx_20214,chr2,41720031,41721532,1501
pre_xx_20215,chr2,41840428,41841653,1225
pre_xx_20216,chr2,41869342,41870296,954
pre_xx_20217,chr2,41932007,41933159,1152
pre_xx_20218,chr2,41937443,41941118,3675
pre_xx_20219,chr2,41963056,41964530,1474
pre_xx_20220,chr2,42029748,42030590,842
pre_xx_20221,chr2,42046108,42048942,2834
pre_xx_20222,chr2,42053010,42055059,2049
pre_xx_20223,chr2,42071879,42073112,1233
pre_xx_20224,chr2,42084075,42084842,767
pre_xx_20225,chr2,42100835,42103036,2201
pre_xx_20226,chr2,42127722,42129687,1965
pre_xx_20227,chr2,42132109,42133762,1653
pre_xx_20228,chr2,42141058,42143364,2306
pre_xx_20229,chr2,42168733,42170616,1883
pre_xx_20230,chr2,42233834,42234653,819
pre_xx_20231,chr2,42359953,42362007,2054
pre_xx_20232,chr2,42492574,42495451,2877
pre_xx_20233,chr2,42567135,42570157,3022
pre_xx_20234,chr2,42721901,42723134,1233
pre_xx_20235,chr2,42752722,42755062,2340
pre_xx_20236,chr2,42792109,42793927,1818
pre_xx_20237,chr2,42809562,42811770,2208
pre_xx_20238,chr2,42827432,42828324,892
pre_xx_20239,chr2,42924151,42925610,1459
pre_xx_20240,chr2,42926431,42927041,610
pre_xx_20241,chr2,42927402,42928809,1407
pre_xx_20242,chr2,42959075,42960440,1365
pre_xx_20243,chr2,42974408,42975703,1295
pre_xx_20244,chr2,43031796,43033116,1320
pre_xx_20245,chr2,43082203,43085022,2819
pre_xx_20246,chr2,43100529,43101625,1096
pre_xx_20247,chr2,43210157,43211289,1132
pre_xx_20248,chr2,43217864,43220468,2604
pre_xx_20249,chr2,43220877,43222319,1442
pre_xx_20250,chr2,43224213,43224963,750
pre_xx_20251,chr2,43225559,43227958,2399
pre_xx_20252,chr2,43311058,43311645,587
pre_xx_20253,chr2,43595210,43597038,1828
pre_xx_20254,chr2,43636650,43638373,1723
pre_xx_20255,chr2,43675676,43676802,1126
pre_xx_20256,chr2,43723328,43725844,2516
pre_xx_20257,chr2,43773676,43774960,1284
pre_xx_20258,chr2,43831362,43832703,1341
pre_xx_20259,chr2,43995099,43996734,1635
pre_xx_20260,chr2,44044025,44044744,719
pre_xx_20261,chr2,44086397,44088126,1729
pre_xx_20262,chr2,44135728,44137216,1488
pre_xx_20263,chr2,44167555,44169832,2277
pre_xx_20264,chr2,44244046,44244694,648
pre_xx_20265,chr2,44360665,44362975,2310
pre_xx_20266,chr2,44479178,44479815,637
pre_xx_20267,chr2,44927815,44930566,2751
pre_xx_20268,chr2,44938502,44939078,576
pre_xx_20269,chr2,44951981,44953272,1291
pre_xx_20270,chr2,44954821,44955956,1135
pre_xx_20271,chr2,45000232,45001751,1519
pre_xx_20272,chr2,45003775,45005049,1274
pre_xx_20273,chr2,45008516,45010576,2060
pre_xx_20274,chr2,45013269,45014759,1490
pre_xx_20275,chr2,45168624,45171539,2915
pre_xx_20276,chr2,45257014,45258746,1732
pre_xx_20277,chr2,45261354,45262083,729
pre_xx_20278,chr2,45610088,45611584,1496
pre_xx_20279,chr2,45642968,45644198,1230
pre_xx_20280,chr2,45649604,45652971,3367
pre_xx_20281,chr2,45689712,45691987,2275
pre_xx_20282,chr2,45736422,45738054,1632
pre_xx_20283,chr2,45758917,45760032,1115
pre_xx_20284,chr2,45793059,45794729,1670
pre_xx_20285,chr2,45860090,45861264,1174
pre_xx_20286,chr2,45888690,45889922,1232
pre_xx_20287,chr2,45891484,45893078,1594
pre_xx_20288,chr2,45918657,45919519,862
pre_xx_20289,chr2,45935823,45936732,909
pre_xx_20290,chr2,45961953,45962992,1039
pre_xx_20291,chr2,46097387,46098316,929
pre_xx_20292,chr2,46296438,46300070,3632
pre_xx_20293,chr2,46334628,46336425,1797
pre_xx_20294,chr2,46499392,46500562,1170
pre_xx_20295,chr2,46541443,46544472,3029
pre_xx_20296,chr2,46615674,46617955,2281
pre_xx_20297,chr2,46662228,46663275,1047
pre_xx_20298,chr2,46698178,46700285,2107
pre_xx_20299,chr2,46811987,46813450,1463
pre_xx_20300,chr2,46846544,46848274,1730
pre_xx_20301,chr2,46848420,46851165,2745
pre_xx_20302,chr2,46914622,46916784,2162
pre_xx_20303,chr2,46939376,46942457,3081
pre_xx_20304,chr2,46986372,46987868,1496
pre_xx_20305,chr2,46988135,46989548,1413
pre_xx_20306,chr2,47007061,47009619,2558
pre_xx_20307,chr2,47032991,47035612,2621
pre_xx_20308,chr2,47042699,47044171,1472
pre_xx_20309,chr2,47069449,47070717,1268
pre_xx_20310,chr2,47174862,47177256,2394
pre_xx_20311,chr2,47191354,47192171,817
pre_xx_20312,chr2,47192414,47193898,1484
pre_xx_20313,chr2,47205090,47206441,1351
pre_xx_20314,chr2,47237263,47238347,1084
pre_xx_20315,chr2,47249035,47249911,876
pre_xx_20316,chr2,47250487,47251290,803
pre_xx_20317,chr2,47271721,47272802,1081
pre_xx_20318,chr2,47306738,47307526,788
pre_xx_20319,chr2,47309247,47311544,2297
pre_xx_20320,chr2,47322874,47323650,776
pre_xx_20321,chr2,47344332,47346112,1780
pre_xx_20322,chr2,47368835,47370180,1345
pre_xx_20323,chr2,47402021,47404013,1992
pre_xx_20324,chr2,47520657,47521823,1166
pre_xx_20325,chr2,47569617,47572045,2428
pre_xx_20326,chr2,47653683,47655703,2020
pre_xx_20327,chr2,47767583,47768444,861
pre_xx_20328,chr2,47776422,47778163,1741
pre_xx_20329,chr2,47782259,47784695,2436
pre_xx_20330,chr2,47904190,47907183,2993
pre_xx_20331,chr2,48105817,48107209,1392
pre_xx_20332,chr2,48111009,48112377,1368
pre_xx_20333,chr2,48248332,48250458,2126
pre_xx_20334,chr2,48313914,48316189,2275
pre_xx_20335,chr2,48419910,48421110,1200
pre_xx_20336,chr2,48439948,48441672,1724
pre_xx_20337,chr2,48470623,48471555,932
pre_xx_20338,chr2,48529349,48531721,2372
pre_xx_20339,chr2,49152642,49155186,2544
pre_xx_20340,chr2,49224079,49225670,1591
pre_xx_20341,chr2,49973584,49974786,1202
pre_xx_20342,chr2,50143311,50144593,1282
pre_xx_20343,chr2,50334943,50336250,1307
pre_xx_20344,chr2,50346050,50348126,2076
pre_xx_20345,chr2,50491445,50492790,1345
pre_xx_20346,chr2,51031625,51032753,1128
pre_xx_20347,chr2,52859652,52860287,635
pre_xx_20348,chr2,53251806,53252542,736
pre_xx_20349,chr2,53452941,53453940,999
pre_xx_20350,chr2,53767167,53768415,1248
pre_xx_20351,chr2,53785704,53788118,2414
pre_xx_20352,chr2,53859204,53860381,1177
pre_xx_20353,chr2,53968698,53971998,3300
pre_xx_20354,chr2,54029251,54030767,1516
pre_xx_20355,chr2,54114567,54116137,1570
pre_xx_20356,chr2,54329721,54331817,2096
pre_xx_20357,chr2,54359747,54360943,1196
pre_xx_20358,chr2,54455041,54458049,3008
pre_xx_20359,chr2,54557487,54559348,1861
pre_xx_20360,chr2,54559530,54560777,1247
pre_xx_20361,chr2,54569746,54573248,3502
pre_xx_20362,chr2,54633753,54635891,2138
pre_xx_20363,chr2,54708380,54709845,1465
pre_xx_20364,chr2,54722619,54725471,2852
pre_xx_20365,chr2,54879338,54880767,1429
pre_xx_20366,chr2,54897800,54900155,2355
pre_xx_20367,chr2,55048533,55051544,3011
pre_xx_20368,chr2,55119655,55121283,1628
pre_xx_20369,chr2,55136864,55138958,2094
pre_xx_20370,chr2,55222806,55225953,3147
pre_xx_20371,chr2,55231420,55233423,2003
pre_xx_20372,chr2,55268210,55270000,1790
pre_xx_20373,chr2,55281676,55282834,1158
pre_xx_20374,chr2,55418554,55420614,2060
pre_xx_20375,chr2,55518778,55520737,1959
pre_xx_20376,chr2,55616389,55619004,2615
pre_xx_20377,chr2,55692719,55694116,1397
pre_xx_20378,chr2,55922222,55924162,1940
pre_xx_20379,chr2,56008735,56010072,1337
pre_xx_20380,chr2,56183427,56185976,2549
pre_xx_20381,chr2,57720580,57721597,1017
pre_xx_20382,chr2,57758626,57760388,1762
pre_xx_20383,chr2,58046048,58047760,1712
pre_xx_20384,chr2,58240263,58241597,1334
pre_xx_20385,chr2,58427366,58429522,2156
pre_xx_20386,chr2,58431946,58432451,505
pre_xx_20387,chr2,59301463,59302197,734
pre_xx_20388,chr2,59584918,59586376,1458
pre_xx_20389,chr2,60215136,60216924,1788
pre_xx_20390,chr2,60462993,60464183,1190
pre_xx_20391,chr2,60529327,60531718,2391
pre_xx_20392,chr2,60532954,60533872,918
pre_xx_20393,chr2,60549237,60551021,1784
pre_xx_20394,chr2,60552342,60552638,296
pre_xx_20395,chr2,60553213,60555721,2508
pre_xx_20396,chr2,60568077,60570224,2147
pre_xx_20397,chr2,60581308,60582154,846
pre_xx_20398,chr2,60676872,60677784,912
pre_xx_20399,chr2,60755671,60757396,1725
pre_xx_20400,chr2,60847572,60849041,1469
pre_xx_20401,chr2,60880474,60882692,2218
pre_xx_20402,chr2,61016130,61018653,2523
pre_xx_20403,chr2,61055355,61056261,906
pre_xx_20404,chr2,61065219,61066662,1443
pre_xx_20405,chr2,61143858,61145570,1712
pre_xx_20406,chr2,61176432,61178288,1856
pre_xx_20407,chr2,61469703,61472249,2546
pre_xx_20408,chr2,61536156,61539483,3327
pre_xx_20409,chr2,61694029,61695453,1424
pre_xx_20410,chr2,61763138,61764831,1693
pre_xx_20411,chr2,61793127,61794092,965
pre_xx_20412,chr2,61853050,61855495,2445
pre_xx_20413,chr2,61887168,61889557,2389
pre_xx_20414,chr2,61905130,61906254,1124
pre_xx_20415,chr2,61970829,61971737,908
pre_xx_20416,chr2,62194658,62197968,3310
pre_xx_20417,chr2,62231287,62232276,989
pre_xx_20418,chr2,62292871,62294393,1522
pre_xx_20419,chr2,62410716,62412518,1802
pre_xx_20420,chr2,62456606,62457859,1253
pre_xx_20421,chr2,62505154,62506757,1603
pre_xx_20422,chr2,62569308,62571506,2198
pre_xx_20423,chr2,62672385,62673209,824
pre_xx_20424,chr2,62704694,62706748,2054
pre_xx_20425,chr2,63047220,63048923,1703
pre_xx_20426,chr2,63049885,63051443,1558
pre_xx_20427,chr2,63053890,63054518,628
pre_xx_20428,chr2,63058054,63060040,1986
pre_xx_20429,chr2,63587581,63589450,1869
pre_xx_20430,chr2,63779968,63781224,1256
pre_xx_20431,chr2,63840132,63843115,2983
pre_xx_20432,chr2,63888448,63889108,660
pre_xx_20433,chr2,64017757,64020082,2325
pre_xx_20434,chr2,64049335,64050316,981
pre_xx_20435,chr2,64142920,64144831,1911
pre_xx_20436,chr2,64227362,64228816,1454
pre_xx_20437,chr2,64272326,64274576,2250
pre_xx_20438,chr2,64276318,64277635,1317
pre_xx_20439,chr2,64283303,64284456,1153
pre_xx_20440,chr2,64295271,64297040,1769
pre_xx_20441,chr2,64311052,64312852,1800
pre_xx_20442,chr2,64330367,64331668,1301
pre_xx_20443,chr2,64453062,64455208,2146
pre_xx_20444,chr2,64522805,64525401,2596
pre_xx_20445,chr2,64600983,64601901,918
pre_xx_20446,chr2,64608840,64609936,1096
pre_xx_20447,chr2,64626791,64627765,974
pre_xx_20448,chr2,64629066,64629837,771
pre_xx_20449,chr2,64641368,64641921,553
pre_xx_20450,chr2,64644007,64645396,1389
pre_xx_20451,chr2,64652184,64654815,2631
pre_xx_20452,chr2,64729655,64732385,2730
pre_xx_20453,chr2,64749915,64752287,2372
pre_xx_20454,chr2,64766657,64768754,2097
pre_xx_20455,chr2,64858949,64860438,1489
pre_xx_20456,chr2,64864443,64865972,1529
pre_xx_20457,chr2,64873120,64873798,678
pre_xx_20458,chr2,64917186,64918285,1099
pre_xx_20459,chr2,64988203,64990547,2344
pre_xx_20460,chr2,65030784,65032650,1866
pre_xx_20461,chr2,65040363,65041949,1586
pre_xx_20462,chr2,65055448,65057310,1862
pre_xx_20463,chr2,65069970,65071313,1343
pre_xx_20464,chr2,65129087,65131032,1945
pre_xx_20465,chr2,65226870,65228668,1798
pre_xx_20466,chr2,65349518,65351605,2087
pre_xx_20467,chr2,65382192,65384255,2063
pre_xx_20468,chr2,65430239,65433108,2869
pre_xx_20469,chr2,65435540,65437175,1635
pre_xx_20470,chr2,65639044,65640832,1788
pre_xx_20471,chr2,65661765,65663628,1863
pre_xx_20472,chr2,66425366,66427638,2272
pre_xx_20473,chr2,66432504,66433766,1262
pre_xx_20474,chr2,66433936,66435502,1566
pre_xx_20475,chr2,66445124,66447073,1949
pre_xx_20476,chr2,66469041,66470194,1153
pre_xx_20477,chr2,66507441,66509067,1626
pre_xx_20478,chr2,66554271,66556140,1869
pre_xx_20479,chr2,66574619,66578710,4091
pre_xx_20480,chr2,66581018,66584254,3236
pre_xx_20481,chr2,66803305,66805753,2448
pre_xx_20482,chr2,67214740,67215588,848
pre_xx_20483,chr2,67396840,67398218,1378
pre_xx_20484,chr2,67560519,67561988,1469
pre_xx_20485,chr2,67649012,67651251,2239
pre_xx_20486,chr2,67750111,67751251,1140
pre_xx_20487,chr2,67845386,67846778,1392
pre_xx_20488,chr2,68062142,68063424,1282
pre_xx_20489,chr2,68120700,68121687,987
pre_xx_20490,chr2,68122026,68123049,1023
pre_xx_20491,chr2,68156587,68158449,1862
pre_xx_20492,chr2,68250842,68254011,3169
pre_xx_20493,chr2,68318324,68320632,2308
pre_xx_20494,chr2,68427200,68429811,2611
pre_xx_20495,chr2,68441246,68442112,866
pre_xx_20496,chr2,68466270,68468023,1753
pre_xx_20497,chr2,68642847,68644517,1670
pre_xx_20498,chr2,68751518,68752192,674
pre_xx_20499,chr2,68762469,68763437,968
pre_xx_20500,chr2,68765932,68766869,937
pre_xx_20501,chr2,68774225,68775508,1283
pre_xx_20502,chr2,68828778,68829793,1015
pre_xx_20503,chr2,68943255,68944486,1231
pre_xx_20504,chr2,69012533,69014870,2337
pre_xx_20505,chr2,69177036,69178676,1640
pre_xx_20506,chr2,69305993,69307780,1787
pre_xx_20507,chr2,69386312,69388114,1802
pre_xx_20508,chr2,69436324,69438073,1749
pre_xx_20509,chr2,69642368,69644640,2272
pre_xx_20510,chr2,69682410,69683979,1569
pre_xx_20511,chr2,69724312,69725170,858
pre_xx_20512,chr2,69741054,69742981,1927
pre_xx_20513,chr2,69780759,69782287,1528
pre_xx_20514,chr2,69789108,69791330,2222
pre_xx_20515,chr2,69797555,69799490,1935
pre_xx_20516,chr2,69817681,69819017,1336
pre_xx_20517,chr2,69828916,69830778,1862
pre_xx_20518,chr2,69893466,69894896,1430
pre_xx_20519,chr2,69913913,69915925,2012
pre_xx_20520,chr2,69948075,69949191,1116
pre_xx_20521,chr2,70070111,70071350,1239
pre_xx_20522,chr2,70086103,70088589,2486
pre_xx_20523,chr2,70089183,70089902,719
pre_xx_20524,chr2,70123098,70125524,2426
pre_xx_20525,chr2,70132164,70134298,2134
pre_xx_20526,chr2,70141060,70143071,2011
pre_xx_20527,chr2,70143241,70143830,589
pre_xx_20528,chr2,70189880,70191352,1472
pre_xx_20529,chr2,70247008,70249174,2166
pre_xx_20530,chr2,70257224,70258917,1693
pre_xx_20531,chr2,70292629,70294350,1721
pre_xx_20532,chr2,70300992,70302343,1351
pre_xx_20533,chr2,70303728,70304238,510
pre_xx_20534,chr2,70328747,70330506,1759
pre_xx_20535,chr2,70552511,70554495,1984
pre_xx_20536,chr2,70557017,70557610,593
pre_xx_20537,chr2,70626164,70628049,1885
pre_xx_20538,chr2,70766967,70768656,1689
pre_xx_20539,chr2,70789352,70790904,1552
pre_xx_20540,chr2,70861549,70862534,985
pre_xx_20541,chr2,70870776,70872213,1437
pre_xx_20542,chr2,70887293,70889716,2423
pre_xx_20543,chr2,70899228,70902001,2773
pre_xx_20544,chr2,70906630,70907855,1225
pre_xx_20545,chr2,70921724,70922901,1177
pre_xx_20546,chr2,70931216,70931934,718
pre_xx_20547,chr2,70935377,70936034,657
pre_xx_20548,chr2,70948091,70948970,879
pre_xx_20549,chr2,70964523,70965603,1080
pre_xx_20550,chr2,70976588,70977658,1070
pre_xx_20551,chr2,70977835,70979358,1523
pre_xx_20552,chr2,70993519,70995707,2188
pre_xx_20553,chr2,71067535,71069429,1894
pre_xx_20554,chr2,71129107,71131390,2283
pre_xx_20555,chr2,71225815,71227818,2003
pre_xx_20556,chr2,71275851,71278112,2261
pre_xx_20557,chr2,71331146,71332746,1600
pre_xx_20558,chr2,71347363,71348677,1314
pre_xx_20559,chr2,71453072,71454956,1884
pre_xx_20560,chr2,71465606,71467369,1763
pre_xx_20561,chr2,71504776,71505889,1113
pre_xx_20562,chr2,71545047,71546362,1315
pre_xx_20563,chr2,71559713,71561285,1572
pre_xx_20564,chr2,71618388,71620012,1624
pre_xx_20565,chr2,71630056,71632058,2002
pre_xx_20566,chr2,71682928,71684304,1376
pre_xx_20567,chr2,71882348,71883694,1346
pre_xx_20568,chr2,72129745,72131831,2086
pre_xx_20569,chr2,72138244,72139394,1150
pre_xx_20570,chr2,72139650,72140390,740
pre_xx_20571,chr2,72142682,72143868,1186
pre_xx_20572,chr2,72144322,72145921,1599
pre_xx_20573,chr2,72147350,72147837,487
pre_xx_20574,chr2,72148428,72149393,965
pre_xx_20575,chr2,72149665,72150643,978
pre_xx_20576,chr2,72694439,72695404,965
pre_xx_20577,chr2,72825101,72826241,1140
pre_xx_20578,chr2,72862147,72863401,1254
pre_xx_20579,chr2,72886798,72888198,1400
pre_xx_20580,chr2,72895115,72896240,1125
pre_xx_20581,chr2,72915682,72916502,820
pre_xx_20582,chr2,72916859,72918818,1959
pre_xx_20583,chr2,72919921,72921115,1194
pre_xx_20584,chr2,72923912,72925682,1770
pre_xx_20585,chr2,72950993,72952002,1009
pre_xx_20586,chr2,72962877,72964397,1520
pre_xx_20587,chr2,72972413,72974033,1620
pre_xx_20588,chr2,73069958,73072330,2372
pre_xx_20589,chr2,73080154,73081717,1563
pre_xx_20590,chr2,73085435,73086181,746
pre_xx_20591,chr2,73111392,73113731,2339
pre_xx_20592,chr2,73175107,73178116,3009
pre_xx_20593,chr2,73201882,73203686,1804
pre_xx_20594,chr2,73213570,73214832,1262
pre_xx_20595,chr2,73232706,73235105,2399
pre_xx_20596,chr2,73250802,73251633,831
pre_xx_20597,chr2,73268486,73270113,1627
pre_xx_20598,chr2,73283025,73285482,2457
pre_xx_20599,chr2,73290911,73292457,1546
pre_xx_20600,chr2,73293029,73293907,878
pre_xx_20601,chr2,73385202,73386899,1697
pre_xx_20602,chr2,73560570,73561675,1105
pre_xx_20603,chr2,73610899,73612326,1427
pre_xx_20604,chr2,73736430,73737924,1494
pre_xx_20605,chr2,73758736,73760322,1586
pre_xx_20606,chr2,73778951,73780375,1424
pre_xx_20607,chr2,73828414,73829872,1458
pre_xx_20608,chr2,73926329,73927336,1007
pre_xx_20609,chr2,73981091,73981912,821
pre_xx_20610,chr2,73983390,73986027,2637
pre_xx_20611,chr2,73987417,73988411,994
pre_xx_20612,chr2,73999814,74000615,801
pre_xx_20613,chr2,74002073,74004393,2320
pre_xx_20614,chr2,74009730,74010615,885
pre_xx_20615,chr2,74031982,74033152,1170
pre_xx_20616,chr2,74119790,74120748,958
pre_xx_20617,chr2,74146755,74148821,2066
pre_xx_20618,chr2,74177763,74179402,1639
pre_xx_20619,chr2,74197977,74200214,2237
pre_xx_20620,chr2,74261250,74262109,859
pre_xx_20621,chr2,74373898,74375103,1205
pre_xx_20622,chr2,74379724,74380647,923
pre_xx_20623,chr2,74390568,74392566,1998
pre_xx_20624,chr2,74414109,74416111,2002
pre_xx_20625,chr2,74420954,74422459,1505
pre_xx_20626,chr2,74439570,74442503,2933
pre_xx_20627,chr2,74454596,74455428,832
pre_xx_20628,chr2,74457123,74458824,1701
pre_xx_20629,chr2,74464361,74465811,1450
pre_xx_20630,chr2,74471471,74473071,1600
pre_xx_20631,chr2,74481694,74483653,1959
pre_xx_20632,chr2,74488759,74490012,1253
pre_xx_20633,chr2,74497655,74499952,2297
pre_xx_20634,chr2,74501111,74501758,647
pre_xx_20635,chr2,74502496,74503523,1027
pre_xx_20636,chr2,74506955,74508796,1841
pre_xx_20637,chr2,74513619,74516690,3071
pre_xx_20638,chr2,74528988,74531087,2099
pre_xx_20639,chr2,74548337,74549782,1445
pre_xx_20640,chr2,74553003,74555525,2522
pre_xx_20641,chr2,74646279,74648526,2247
pre_xx_20642,chr2,74653483,74654990,1507
pre_xx_20643,chr2,74714732,74716114,1382
pre_xx_20644,chr2,74767386,74768915,1529
pre_xx_20645,chr2,74777966,74779182,1216
pre_xx_20646,chr2,74833458,74836728,3270
pre_xx_20647,chr2,74867550,74869030,1480
pre_xx_20648,chr2,74875793,74876752,959
pre_xx_20649,chr2,74908122,74909462,1340
pre_xx_20650,chr2,74919500,74920407,907
pre_xx_20651,chr2,74958002,74959125,1123
pre_xx_20652,chr2,75198878,75201215,2337
pre_xx_20653,chr2,75421396,75422381,985
pre_xx_20654,chr2,75559800,75561570,1770
pre_xx_20655,chr2,75608312,75609410,1098
pre_xx_20656,chr2,75646121,75648039,1918
pre_xx_20657,chr2,75709867,75711323,1456
pre_xx_20658,chr2,76684319,76685708,1389
pre_xx_20659,chr2,78778701,78781452,2751
pre_xx_20660,chr2,78992428,78993923,1495
pre_xx_20661,chr2,79512177,79513481,1304
pre_xx_20662,chr2,79522273,79522997,724
pre_xx_20663,chr2,79935599,79936626,1027
pre_xx_20664,chr2,80302143,80304843,2700
pre_xx_20665,chr2,80324127,80325012,885
pre_xx_20666,chr2,80361396,80362723,1327
pre_xx_20667,chr2,83394141,83395007,866
pre_xx_20668,chr2,84194546,84196121,1575
pre_xx_20669,chr2,84458310,84460100,1790
pre_xx_20670,chr2,84515748,84516887,1139
pre_xx_20671,chr2,84796876,84797946,1070
pre_xx_20672,chr2,84806906,84807805,899
pre_xx_20673,chr2,84879512,84882439,2927
pre_xx_20674,chr2,84884640,84885598,958
pre_xx_20675,chr2,84904406,84907780,3374
pre_xx_20676,chr2,84919496,84920665,1169
pre_xx_20677,chr2,84925496,84927304,1808
pre_xx_20678,chr2,84957343,84958803,1460
pre_xx_20679,chr2,84969949,84972343,2394
pre_xx_20680,chr2,85065793,85067427,1634
pre_xx_20681,chr2,85132483,85135321,2838
pre_xx_20682,chr2,85214425,85216370,1945
pre_xx_20683,chr2,85255272,85256670,1398
pre_xx_20684,chr2,85276683,85278664,1981
pre_xx_20685,chr2,85285113,85285808,695
pre_xx_20686,chr2,85303403,85304449,1046
pre_xx_20687,chr2,85308676,85310674,1998
pre_xx_20688,chr2,85326132,85328576,2444
pre_xx_20689,chr2,85353607,85355641,2034
pre_xx_20690,chr2,85394393,85395314,921
pre_xx_20691,chr2,85412898,85414293,1395
pre_xx_20692,chr2,85418043,85419221,1178
pre_xx_20693,chr2,85420450,85421990,1540
pre_xx_20694,chr2,85430403,85431466,1063
pre_xx_20695,chr2,85437118,85439248,2130
pre_xx_20696,chr2,85445378,85446581,1203
pre_xx_20697,chr2,85456504,85457507,1003
pre_xx_20698,chr2,85537646,85540405,2759
pre_xx_20699,chr2,85545333,85548064,2731
pre_xx_20700,chr2,85560627,85562226,1599
pre_xx_20701,chr2,85577243,85578136,893
pre_xx_20702,chr2,85584006,85586076,2070
pre_xx_20703,chr2,85594532,85596263,1731
pre_xx_20704,chr2,85601717,85603528,1811
pre_xx_20705,chr2,85605442,85606152,710
pre_xx_20706,chr2,85611281,85612568,1287
pre_xx_20707,chr2,85615628,85616821,1193
pre_xx_20708,chr2,85678450,85679575,1125
pre_xx_20709,chr2,85728712,85729486,774
pre_xx_20710,chr2,85741483,85743048,1565
pre_xx_20711,chr2,85750548,85751443,895
pre_xx_20712,chr2,85753153,85755541,2388
pre_xx_20713,chr2,85763583,85764249,666
pre_xx_20714,chr2,85768522,85769129,607
pre_xx_20715,chr2,85771813,85773453,1640
pre_xx_20716,chr2,85794521,85795935,1414
pre_xx_20717,chr2,85813917,85815346,1429
pre_xx_20718,chr2,85826986,85828469,1483
pre_xx_20719,chr2,85886153,85887012,859
pre_xx_20720,chr2,85887455,85889819,2364
pre_xx_20721,chr2,85907448,85908213,765
pre_xx_20722,chr2,85920983,85922687,1704
pre_xx_20723,chr2,86035674,86037823,2149
pre_xx_20724,chr2,86105088,86106740,1652
pre_xx_20725,chr2,86114255,86116143,1888
pre_xx_20726,chr2,86194431,86196105,1674
pre_xx_20727,chr2,86199158,86199789,631
pre_xx_20728,chr2,86222475,86224157,1682
pre_xx_20729,chr2,86241044,86241938,894
pre_xx_20730,chr2,86249089,86250397,1308
pre_xx_20731,chr2,86283138,86285217,2079
pre_xx_20732,chr2,86300750,86301436,686
pre_xx_20733,chr2,86335853,86338399,2546
pre_xx_20734,chr2,86360632,86361665,1033
pre_xx_20735,chr2,86367917,86368682,765
pre_xx_20736,chr2,86440451,86443181,2730
pre_xx_20737,chr2,86562252,86563801,1549
pre_xx_20738,chr2,86622181,86624112,1931
pre_xx_20739,chr2,86719535,86721569,2034
pre_xx_20740,chr2,86788656,86791926,3270
pre_xx_20741,chr2,86807125,86809022,1897
pre_xx_20742,chr2,87074973,87077130,2157
pre_xx_20743,chr2,88015457,88017721,2264
pre_xx_20744,chr2,88054367,88056301,1934
pre_xx_20745,chr2,88169644,88171276,1632
pre_xx_20746,chr2,88211897,88212817,920
pre_xx_20747,chr2,88349365,88351530,2165
pre_xx_20748,chr2,88451463,88453331,1868
pre_xx_20749,chr2,88471167,88472175,1008
pre_xx_20750,chr2,88626181,88628415,2234
pre_xx_20751,chr2,88690964,88692714,1750
pre_xx_20752,chr2,88764508,88766324,1816
pre_xx_20753,chr2,88880220,88881026,806
pre_xx_20754,chr2,91476751,91479541,2790
pre_xx_20755,chr2,94207562,94209521,1959
pre_xx_20756,chr2,94856866,94858159,1293
pre_xx_20757,chr2,94997892,94998721,829
pre_xx_20758,chr2,95024309,95027281,2972
pre_xx_20759,chr2,95076515,95077497,982
pre_xx_20760,chr2,95121009,95122476,1467
pre_xx_20761,chr2,95158601,95160441,1840
pre_xx_20762,chr2,95165048,95166317,1269
pre_xx_20763,chr2,95205692,95208058,2366
pre_xx_20764,chr2,95295865,95298266,2401
pre_xx_20765,chr2,95345067,95347430,2363
pre_xx_20766,chr2,95391594,95392915,1321
pre_xx_20767,chr2,95401657,95403603,1946
pre_xx_20768,chr2,95525267,95527387,2120
pre_xx_20769,chr2,95681709,95683740,2031
pre_xx_20770,chr2,95728585,95729299,714
pre_xx_20771,chr2,95755832,95756965,1133
pre_xx_20772,chr2,95990933,95993113,2180
pre_xx_20773,chr2,96009602,96010632,1030
pre_xx_20774,chr2,96089129,96090722,1593
pre_xx_20775,chr2,96108113,96109602,1489
pre_xx_20776,chr2,96115762,96117501,1739
pre_xx_20777,chr2,96138172,96139013,841
pre_xx_20778,chr2,96140991,96141322,331
pre_xx_20779,chr2,96142394,96143098,704
pre_xx_20780,chr2,96144553,96145712,1159
pre_xx_20781,chr2,96145963,96147239,1276
pre_xx_20782,chr2,96148250,96149037,787
pre_xx_20783,chr2,96163334,96164417,1083
pre_xx_20784,chr2,96174055,96174860,805
pre_xx_20785,chr2,96207075,96209330,2255
pre_xx_20786,chr2,96260148,96261096,948
pre_xx_20787,chr2,96264787,96266869,2082
pre_xx_20788,chr2,96304724,96306648,1924
pre_xx_20789,chr2,96320974,96322331,1357
pre_xx_20790,chr2,96324805,96326161,1356
pre_xx_20791,chr2,96334999,96336504,1505
pre_xx_20792,chr2,96469895,96471086,1191
pre_xx_20793,chr2,96485492,96486620,1128
pre_xx_20794,chr2,96502733,96503509,776
pre_xx_20795,chr2,96507846,96509948,2102
pre_xx_20796,chr2,96527084,96528888,1804
pre_xx_20797,chr2,96531719,96532509,790
pre_xx_20798,chr2,96536197,96538198,2001
pre_xx_20799,chr2,96554157,96555462,1305
pre_xx_20800,chr2,96636594,96638747,2153
pre_xx_20801,chr2,96642423,96643134,711
pre_xx_20802,chr2,96684545,96686441,1896
pre_xx_20803,chr2,96687442,96688141,699
pre_xx_20804,chr2,96739244,96740639,1395
pre_xx_20805,chr2,96760296,96761668,1372
pre_xx_20806,chr2,96762556,96764562,2006
pre_xx_20807,chr2,96800317,96801836,1519
pre_xx_20808,chr2,96815268,96817542,2274
pre_xx_20809,chr2,96822989,96824794,1805
pre_xx_20810,chr2,96832454,96833722,1268
pre_xx_20811,chr2,96838849,96840010,1161
pre_xx_20812,chr2,96856964,96859948,2984
pre_xx_20813,chr2,96867720,96870495,2775
pre_xx_20814,chr2,96870677,96871161,484
pre_xx_20815,chr2,96887218,96888962,1744
pre_xx_20816,chr2,96895300,96896575,1275
pre_xx_20817,chr2,96906221,96908205,1984
pre_xx_20818,chr2,96926867,96928890,2023
pre_xx_20819,chr2,96931375,96932358,983
pre_xx_20820,chr2,96949976,96951515,1539
pre_xx_20821,chr2,96960178,96960997,819
pre_xx_20822,chr2,96969955,96971366,1411
pre_xx_20823,chr2,97094745,97095930,1185
pre_xx_20824,chr2,97112228,97114159,1931
pre_xx_20825,chr2,97589213,97591087,1874
pre_xx_20826,chr2,97623105,97624315,1210
pre_xx_20827,chr2,97645051,97646865,1814
pre_xx_20828,chr2,97662581,97664731,2150
pre_xx_20829,chr2,97711636,97713862,2226
pre_xx_20830,chr2,97994919,97996640,1721
pre_xx_20831,chr2,98086395,98087515,1120
pre_xx_20832,chr2,98346101,98347695,1594
pre_xx_20833,chr2,98444215,98446534,2319
pre_xx_20834,chr2,98479537,98481294,1757
pre_xx_20835,chr2,98607569,98609745,2176
pre_xx_20836,chr2,98729907,98731873,1966
pre_xx_20837,chr2,98805258,98806889,1631
pre_xx_20838,chr2,98821629,98823882,2253
pre_xx_20839,chr2,98908876,98910129,1253
pre_xx_20840,chr2,98912190,98912982,792
pre_xx_20841,chr2,98934950,98937377,2427
pre_xx_20842,chr2,99065976,99066966,990
pre_xx_20843,chr2,99140249,99142068,1819
pre_xx_20844,chr2,99153778,99155931,2153
pre_xx_20845,chr2,99180523,99181905,1382
pre_xx_20846,chr2,99335551,99338412,2861
pre_xx_20847,chr2,99488510,99491051,2541
pre_xx_20848,chr2,99636171,99637647,1476
pre_xx_20849,chr2,99881469,99882847,1378
pre_xx_20850,chr2,100104341,100107190,2849
pre_xx_20851,chr2,100196810,100199246,2436
pre_xx_20852,chr2,100260493,100261195,702
pre_xx_20853,chr2,100281394,100282393,999
pre_xx_20854,chr2,100290650,100292634,1984
pre_xx_20855,chr2,100320547,100322842,2295
pre_xx_20856,chr2,100416461,100418166,1705
pre_xx_20857,chr2,100561828,100563935,2107
pre_xx_20858,chr2,100817916,100821079,3163
pre_xx_20859,chr2,101001576,101003495,1919
pre_xx_20860,chr2,101150502,101153027,2525
pre_xx_20861,chr2,101251829,101254074,2245
pre_xx_20862,chr2,101307644,101309241,1597
pre_xx_20863,chr2,101338527,101340615,2088
pre_xx_20864,chr2,101359304,101360698,1394
pre_xx_20865,chr2,101386326,101387861,1535
pre_xx_20866,chr2,101399497,101401446,1949
pre_xx_20867,chr2,101434476,101435790,1314
pre_xx_20868,chr2,101439841,101440873,1032
pre_xx_20869,chr2,101473358,101475235,1877
pre_xx_20870,chr2,101518503,101519253,750
pre_xx_20871,chr2,101565860,101567282,1422
pre_xx_20872,chr2,101579753,101580932,1179
pre_xx_20873,chr2,101696178,101699787,3609
pre_xx_20874,chr2,101741780,101742597,817
pre_xx_20875,chr2,101830956,101832397,1441
pre_xx_20876,chr2,101905120,101906158,1038
pre_xx_20877,chr2,102020431,102021176,745
pre_xx_20878,chr2,102032945,102034245,1300
pre_xx_20879,chr2,102057122,102058473,1351
pre_xx_20880,chr2,102063403,102064912,1509
pre_xx_20881,chr2,102068866,102070823,1957
pre_xx_20882,chr2,102141119,102143996,2877
pre_xx_20883,chr2,102186711,102188170,1459
pre_xx_20884,chr2,102226742,102228472,1730
pre_xx_20885,chr2,102240214,102241235,1021
pre_xx_20886,chr2,102249877,102251889,2012
pre_xx_20887,chr2,102355391,102356492,1101
pre_xx_20888,chr2,102618334,102620102,1768
pre_xx_20889,chr2,102735609,102737370,1761
pre_xx_20890,chr2,102848185,102849174,989
pre_xx_20891,chr2,104378579,104379454,875
pre_xx_20892,chr2,104658104,104659618,1514
pre_xx_20893,chr2,104842440,104843759,1319
pre_xx_20894,chr2,104844373,104845468,1095
pre_xx_20895,chr2,104852887,104854371,1484
pre_xx_20896,chr2,104854635,104855764,1129
pre_xx_20897,chr2,104871957,104874093,2136
pre_xx_20898,chr2,105037151,105038883,1732
pre_xx_20899,chr2,105079966,105081795,1829
pre_xx_20900,chr2,105143290,105144685,1395
pre_xx_20901,chr2,105328294,105330345,2051
pre_xx_20902,chr2,105336797,105338262,1465
pre_xx_20903,chr2,105369641,105370546,905
pre_xx_20904,chr2,105397976,105399496,1520
pre_xx_20905,chr2,105409547,105411001,1454
pre_xx_20906,chr2,105425195,105427297,2102
pre_xx_20907,chr2,105431441,105433036,1595
pre_xx_20908,chr2,105437586,105439344,1758
pre_xx_20909,chr2,105576072,105577256,1184
pre_xx_20910,chr2,105743818,105746623,2805
pre_xx_20911,chr2,105768986,105769852,866
pre_xx_20912,chr2,105779187,105780018,831
pre_xx_20913,chr2,105782348,105783971,1623
pre_xx_20914,chr2,105811342,105813047,1705
pre_xx_20915,chr2,106020009,106021817,1808
pre_xx_20916,chr2,106064932,106066759,1827
pre_xx_20917,chr2,106192809,106194847,2038
pre_xx_20918,chr2,106269403,106270696,1293
pre_xx_20919,chr2,106310505,106311595,1090
pre_xx_20920,chr2,106542723,106543872,1149
pre_xx_20921,chr2,106575640,106577142,1502
pre_xx_20922,chr2,106581256,106582853,1597
pre_xx_20923,chr2,106699973,106701028,1055
pre_xx_20924,chr2,106839626,106841609,1983
pre_xx_20925,chr2,106868853,106870088,1235
pre_xx_20926,chr2,106885115,106887747,2632
pre_xx_20927,chr2,107304899,107306471,1572
pre_xx_20928,chr2,107587828,107589469,1641
pre_xx_20929,chr2,107986052,107987141,1089
pre_xx_20930,chr2,108377191,108378971,1780
pre_xx_20931,chr2,108448223,108450168,1945
pre_xx_20932,chr2,108533290,108535551,2261
pre_xx_20933,chr2,108636127,108637993,1866
pre_xx_20934,chr2,108718382,108720029,1647
pre_xx_20935,chr2,108785895,108787503,1608
pre_xx_20936,chr2,108934933,108937270,2337
pre_xx_20937,chr2,108957158,108958688,1530
pre_xx_20938,chr2,108988525,108989646,1121
pre_xx_20939,chr2,109031146,109032827,1681
pre_xx_20940,chr2,109127818,109130731,2913
pre_xx_20941,chr2,109173135,109174076,941
pre_xx_20942,chr2,109185067,109186328,1261
pre_xx_20943,chr2,109260891,109261752,861
pre_xx_20944,chr2,109266476,109267848,1372
pre_xx_20945,chr2,109279158,109280051,893
pre_xx_20946,chr2,109305425,109306765,1340
pre_xx_20947,chr2,109317500,109320743,3243
pre_xx_20948,chr2,109393258,109394111,853
pre_xx_20949,chr2,109409973,109411505,1532
pre_xx_20950,chr2,109482222,109483829,1607
pre_xx_20951,chr2,109509943,109510620,677
pre_xx_20952,chr2,109542208,109542713,505
pre_xx_20953,chr2,109612863,109615540,2677
pre_xx_20954,chr2,109690239,109691540,1301
pre_xx_20955,chr2,109699547,109701733,2186
pre_xx_20956,chr2,110100019,110102214,2195
pre_xx_20957,chr2,110114898,110116708,1810
pre_xx_20958,chr2,110178793,110180159,1366
pre_xx_20959,chr2,110204100,110205354,1254
pre_xx_20960,chr2,110211649,110212883,1234
pre_xx_20961,chr2,110674626,110675503,877
pre_xx_20962,chr2,110677606,110679726,2120
pre_xx_20963,chr2,110694545,110695544,999
pre_xx_20964,chr2,110731924,110733557,1633
pre_xx_20965,chr2,110747714,110748948,1234
pre_xx_20966,chr2,110770077,110771536,1459
pre_xx_20967,chr2,111049068,111050565,1497
pre_xx_20968,chr2,111116831,111117339,508
pre_xx_20969,chr2,111120178,111121630,1452
pre_xx_20970,chr2,111121837,111123415,1578
pre_xx_20971,chr2,111184334,111186350,2016
pre_xx_20972,chr2,111677449,111679172,1723
pre_xx_20973,chr2,111705544,111706399,855
pre_xx_20974,chr2,111883424,111884903,1479
pre_xx_20975,chr2,111897344,111899655,2311
pre_xx_20976,chr2,111926599,111928286,1687
pre_xx_20977,chr2,111945727,111947067,1340
pre_xx_20978,chr2,112053925,112056731,2806
pre_xx_20979,chr2,112137511,112138914,1403
pre_xx_20980,chr2,112181391,112182796,1405
pre_xx_20981,chr2,112254234,112255438,1204
pre_xx_20982,chr2,112259263,112259965,702
pre_xx_20983,chr2,112275030,112276533,1503
pre_xx_20984,chr2,112480613,112483411,2798
pre_xx_20985,chr2,112541337,112543547,2210
pre_xx_20986,chr2,112583516,112585238,1722
pre_xx_20987,chr2,112626443,112627703,1260
pre_xx_20988,chr2,112630309,112631901,1592
pre_xx_20989,chr2,112643834,112644799,965
pre_xx_20990,chr2,112645007,112646990,1983
pre_xx_20991,chr2,112726206,112727077,871
pre_xx_20992,chr2,112763653,112765345,1692
pre_xx_20993,chr2,112851537,112852647,1110
pre_xx_20994,chr2,113156319,113158637,2318
pre_xx_20995,chr2,113166855,113167849,994
pre_xx_20996,chr2,113181164,113182082,918
pre_xx_20997,chr2,113198436,113199549,1113
pre_xx_20998,chr2,113203854,113204623,769
pre_xx_20999,chr2,113211270,113213091,1821
pre_xx_21000,chr2,113216890,113218736,1846
pre_xx_21001,chr2,113225118,113226305,1187
pre_xx_21002,chr2,113229396,113230108,712
pre_xx_21003,chr2,113230680,113231614,934
pre_xx_21004,chr2,113234832,113235866,1034
pre_xx_21005,chr2,113239958,113241646,1688
pre_xx_21006,chr2,113276881,113279200,2319
pre_xx_21007,chr2,113283643,113284459,816
pre_xx_21008,chr2,113323870,113325793,1923
pre_xx_21009,chr2,113370176,113370895,719
pre_xx_21010,chr2,113502007,113503921,1914
pre_xx_21011,chr2,113540902,113542419,1517
pre_xx_21012,chr2,113583292,113584210,918
pre_xx_21013,chr2,113601959,113604449,2490
pre_xx_21014,chr2,113626554,113627694,1140
pre_xx_21015,chr2,113705706,113706707,1001
pre_xx_21016,chr2,113754998,113757474,2476
pre_xx_21017,chr2,113794759,113795995,1236
pre_xx_21018,chr2,113817676,113819267,1591
pre_xx_21019,chr2,113826114,113827342,1228
pre_xx_21020,chr2,113889107,113891573,2466
pre_xx_21021,chr2,113966567,113967535,968
pre_xx_21022,chr2,113977399,113978487,1088
pre_xx_21023,chr2,114143244,114144609,1365
pre_xx_21024,chr2,114212806,114213597,791
pre_xx_21025,chr2,114442186,114442911,725
pre_xx_21026,chr2,114542675,114543925,1250
pre_xx_21027,chr2,114661476,114662884,1408
pre_xx_21028,chr2,115160453,115163372,2919
pre_xx_21029,chr2,115234120,115235344,1224
pre_xx_21030,chr2,115440071,115441706,1635
pre_xx_21031,chr2,117086638,117088484,1846
pre_xx_21032,chr2,117354118,117355500,1382
pre_xx_21033,chr2,117522956,117524203,1247
pre_xx_21034,chr2,117814162,117815502,1340
pre_xx_21035,chr2,117835627,117836850,1223
pre_xx_21036,chr2,117849773,117851151,1378
pre_xx_21037,chr2,118012755,118015104,2349
pre_xx_21038,chr2,118087771,118089767,1996
pre_xx_21039,chr2,118185186,118186835,1649
pre_xx_21040,chr2,118223501,118225356,1855
pre_xx_21041,chr2,118309429,118311370,1941
pre_xx_21042,chr2,118773789,118775190,1401
pre_xx_21043,chr2,118834572,118836541,1969
pre_xx_21044,chr2,118846237,118847363,1126
pre_xx_21045,chr2,118847547,118848446,899
pre_xx_21046,chr2,118855381,118856128,747
pre_xx_21047,chr2,119011254,119011909,655
pre_xx_21048,chr2,119157972,119159115,1143
pre_xx_21049,chr2,119166767,119167638,871
pre_xx_21050,chr2,119197324,119198849,1525
pre_xx_21051,chr2,119222987,119224501,1514
pre_xx_21052,chr2,119365705,119368003,2298
pre_xx_21053,chr2,119431146,119432727,1581
pre_xx_21054,chr2,119439633,119441183,1550
pre_xx_21055,chr2,119475799,119476749,950
pre_xx_21056,chr2,119481546,119483434,1888
pre_xx_21057,chr2,119523367,119524611,1244
pre_xx_21058,chr2,119543877,119545344,1467
pre_xx_21059,chr2,119641415,119642169,754
pre_xx_21060,chr2,119678128,119679633,1505
pre_xx_21061,chr2,119683547,119684798,1251
pre_xx_21062,chr2,119694265,119696116,1851
pre_xx_21063,chr2,119759063,119761245,2182
pre_xx_21064,chr2,120012413,120013807,1394
pre_xx_21065,chr2,120222415,120223949,1534
pre_xx_21066,chr2,120231870,120232826,956
pre_xx_21067,chr2,120238624,120240250,1626
pre_xx_21068,chr2,120244994,120246309,1315
pre_xx_21069,chr2,120251951,120253896,1945
pre_xx_21070,chr2,120312709,120314183,1474
pre_xx_21071,chr2,120343151,120343740,589
pre_xx_21072,chr2,120344237,120347712,3475
pre_xx_21073,chr2,120366944,120368169,1225
pre_xx_21074,chr2,120383573,120384360,787
pre_xx_21075,chr2,120388336,120389627,1291
pre_xx_21076,chr2,120395281,120396510,1229
pre_xx_21077,chr2,120418913,120419625,712
pre_xx_21078,chr2,120441803,120443552,1749
pre_xx_21079,chr2,120521868,120522873,1005
pre_xx_21080,chr2,120545461,120546947,1486
pre_xx_21081,chr2,120552220,120553534,1314
pre_xx_21082,chr2,120566284,120567545,1261
pre_xx_21083,chr2,120576106,120577430,1324
pre_xx_21084,chr2,120586494,120587954,1460
pre_xx_21085,chr2,120695371,120696220,849
pre_xx_21086,chr2,120734933,120738106,3173
pre_xx_21087,chr2,120740814,120742373,1559
pre_xx_21088,chr2,120757573,120759044,1471
pre_xx_21089,chr2,120765243,120766588,1345
pre_xx_21090,chr2,120779518,120781049,1531
pre_xx_21091,chr2,120819720,120821253,1533
pre_xx_21092,chr2,120825226,120826541,1315
pre_xx_21093,chr2,120847280,120848409,1129
pre_xx_21094,chr2,120866923,120868413,1490
pre_xx_21095,chr2,120886452,120888516,2064
pre_xx_21096,chr2,120911723,120913176,1453
pre_xx_21097,chr2,120934329,120936065,1736
pre_xx_21098,chr2,120937398,120938789,1391
pre_xx_21099,chr2,121018207,121019519,1312
pre_xx_21100,chr2,121035923,121036943,1020
pre_xx_21101,chr2,121038552,121039898,1346
pre_xx_21102,chr2,121074231,121076450,2219
pre_xx_21103,chr2,121284035,121285592,1557
pre_xx_21104,chr2,121479782,121481255,1473
pre_xx_21105,chr2,121529518,121532130,2612
pre_xx_21106,chr2,121595470,121597033,1563
pre_xx_21107,chr2,121648104,121650892,2788
pre_xx_21108,chr2,121735539,121738152,2613
pre_xx_21109,chr2,121754874,121756644,1770
pre_xx_21110,chr2,121778063,121779504,1441
pre_xx_21111,chr2,121809472,121810165,693
pre_xx_21112,chr2,121810886,121812409,1523
pre_xx_21113,chr2,121855457,121856904,1447
pre_xx_21114,chr2,121974581,121975756,1175
pre_xx_21115,chr2,122660348,122661684,1336
pre_xx_21116,chr2,124024492,124025797,1305
pre_xx_21117,chr2,124250217,124251405,1188
pre_xx_21118,chr2,125982992,125983802,810
pre_xx_21119,chr2,126627120,126628047,927
pre_xx_21120,chr2,126655612,126658362,2750
pre_xx_21121,chr2,126776253,126777692,1439
pre_xx_21122,chr2,126885437,126887265,1828
pre_xx_21123,chr2,126908465,126909969,1504
pre_xx_21124,chr2,126971331,126972522,1191
pre_xx_21125,chr2,127024484,127026098,1614
pre_xx_21126,chr2,127049787,127050829,1042
pre_xx_21127,chr2,127072405,127074643,2238
pre_xx_21128,chr2,127080614,127082364,1750
pre_xx_21129,chr2,127083806,127084569,763
pre_xx_21130,chr2,127085137,127085512,375
pre_xx_21131,chr2,127086820,127088092,1272
pre_xx_21132,chr2,127094431,127095319,888
pre_xx_21133,chr2,127105155,127107947,2792
pre_xx_21134,chr2,127218647,127221119,2472
pre_xx_21135,chr2,127293271,127294845,1574
pre_xx_21136,chr2,127386767,127388644,1877
pre_xx_21137,chr2,127407546,127408944,1398
pre_xx_21138,chr2,127415639,127416787,1148
pre_xx_21139,chr2,127422337,127424113,1776
pre_xx_21140,chr2,127511120,127512226,1106
pre_xx_21141,chr2,127525171,127527473,2302
pre_xx_21142,chr2,127575859,127576969,1110
pre_xx_21143,chr2,127624958,127626221,1263
pre_xx_21144,chr2,127639876,127640683,807
pre_xx_21145,chr2,127673978,127676272,2294
pre_xx_21146,chr2,127682558,127684395,1837
pre_xx_21147,chr2,127695085,127696222,1137
pre_xx_21148,chr2,127700546,127702461,1915
pre_xx_21149,chr2,127809959,127811840,1881
pre_xx_21150,chr2,127857295,127858445,1150
pre_xx_21151,chr2,127859682,127860996,1314
pre_xx_21152,chr2,127884239,127886800,2561
pre_xx_21153,chr2,128026471,128028753,2282
pre_xx_21154,chr2,128090010,128092190,2180
pre_xx_21155,chr2,128232575,128233873,1298
pre_xx_21156,chr2,128304777,128306657,1880
pre_xx_21157,chr2,128309238,128309887,649
pre_xx_21158,chr2,128313204,128313813,609
pre_xx_21159,chr2,128315165,128315726,561
pre_xx_21160,chr2,128317290,128317901,611
pre_xx_21161,chr2,128318651,128319469,818
pre_xx_21162,chr2,128321571,128323121,1550
pre_xx_21163,chr2,128346224,128349395,3171
pre_xx_21164,chr2,128361862,128363249,1387
pre_xx_21165,chr2,128378493,128379917,1424
pre_xx_21166,chr2,128472686,128474786,2100
pre_xx_21167,chr2,128488051,128488779,728
pre_xx_21168,chr2,128494039,128495429,1390
pre_xx_21169,chr2,128736073,128737630,1557
pre_xx_21170,chr2,129396964,129397559,595
pre_xx_21171,chr2,129876626,129878662,2036
pre_xx_21172,chr2,129922621,129924124,1503
pre_xx_21173,chr2,129979205,129980129,924
pre_xx_21174,chr2,130143351,130145445,2094
pre_xx_21175,chr2,130155389,130156406,1017
pre_xx_21176,chr2,130180763,130182579,1816
pre_xx_21177,chr2,130182865,130184370,1505
pre_xx_21178,chr2,130251542,130253538,1996
pre_xx_21179,chr2,130332123,130332917,794
pre_xx_21180,chr2,130336791,130337699,908
pre_xx_21181,chr2,130341590,130343479,1889
pre_xx_21182,chr2,130355214,130356686,1472
pre_xx_21183,chr2,130371642,130373159,1517
pre_xx_21184,chr2,130390496,130392306,1810
pre_xx_21185,chr2,130726716,130728483,1767
pre_xx_21186,chr2,130755142,130756796,1654
pre_xx_21187,chr2,130759838,130760307,469
pre_xx_21188,chr2,130797075,130799188,2113
pre_xx_21189,chr2,130819199,130820766,1567
pre_xx_21190,chr2,130836172,130837891,1719
pre_xx_21191,chr2,130963072,130964840,1768
pre_xx_21192,chr2,131033981,131036031,2050
pre_xx_21193,chr2,131039587,131040868,1281
pre_xx_21194,chr2,131092391,131094012,1621
pre_xx_21195,chr2,131104502,131106690,2188
pre_xx_21196,chr2,131153682,131155994,2312
pre_xx_21197,chr2,131363203,131364516,1313
pre_xx_21198,chr2,131394106,131395643,1537
pre_xx_21199,chr2,131424448,131425926,1478
pre_xx_21200,chr2,131491953,131493968,2015
pre_xx_21201,chr2,131516425,131517043,618
pre_xx_21202,chr2,131527228,131529463,2235
pre_xx_21203,chr2,131671994,131674281,2287
pre_xx_21204,chr2,131681669,131683306,1637
pre_xx_21205,chr2,131721247,131722577,1330
pre_xx_21206,chr2,131801224,131803117,1893
pre_xx_21207,chr2,132037143,132038958,1815
pre_xx_21208,chr2,132256304,132258363,2059
pre_xx_21209,chr2,132267112,132268901,1789
pre_xx_21210,chr2,132304206,132305297,1091
pre_xx_21211,chr2,132346826,132347757,931
pre_xx_21212,chr2,132352208,132353835,1627
pre_xx_21213,chr2,132415565,132416915,1350
pre_xx_21214,chr2,132563265,132564692,1427
pre_xx_21215,chr2,132662179,132663452,1273
pre_xx_21216,chr2,132667781,132668868,1087
pre_xx_21217,chr2,132669006,132671714,2708
pre_xx_21218,chr2,132883155,132884331,1176
pre_xx_21219,chr2,132911391,132912794,1403
pre_xx_21220,chr2,133229555,133230423,868
pre_xx_21221,chr2,133264785,133267527,2742
pre_xx_21222,chr2,133567535,133568946,1411
pre_xx_21223,chr2,133673650,133675534,1884
pre_xx_21224,chr2,133749358,133751205,1847
pre_xx_21225,chr2,133828953,133830514,1561
pre_xx_21226,chr2,133843230,133844742,1512
pre_xx_21227,chr2,133886485,133887650,1165
pre_xx_21228,chr2,134119490,134121700,2210
pre_xx_21229,chr2,134207396,134209122,1726
pre_xx_21230,chr2,134245010,134246739,1729
pre_xx_21231,chr2,134314276,134315337,1061
pre_xx_21232,chr2,134359198,134360239,1041
pre_xx_21233,chr2,134367774,134368828,1054
pre_xx_21234,chr2,134411532,134412580,1048
pre_xx_21235,chr2,134450369,134451228,859
pre_xx_21236,chr2,134460197,134461166,969
pre_xx_21237,chr2,134717717,134719571,1854
pre_xx_21238,chr2,134726071,134728059,1988
pre_xx_21239,chr2,134763139,134764708,1569
pre_xx_21240,chr2,134917471,134919645,2174
pre_xx_21241,chr2,135004063,135004921,858
pre_xx_21242,chr2,135051732,135053549,1817
pre_xx_21243,chr2,135530026,135532252,2226
pre_xx_21244,chr2,135741144,135743099,1955
pre_xx_21245,chr2,135875423,135876762,1339
pre_xx_21246,chr2,135984335,135986156,1821
pre_xx_21247,chr2,136005535,136006989,1454
pre_xx_21248,chr2,136024623,136026097,1474
pre_xx_21249,chr2,136030613,136032553,1940
pre_xx_21250,chr2,136116077,136118697,2620
pre_xx_21251,chr2,136118932,136119646,714
pre_xx_21252,chr2,136125163,136126807,1644
pre_xx_21253,chr2,136141285,136142373,1088
pre_xx_21254,chr2,136423009,136424085,1076
pre_xx_21255,chr2,136764271,136767035,2764
pre_xx_21256,chr2,137963555,137965534,1979
pre_xx_21257,chr2,138087365,138088579,1214
pre_xx_21258,chr2,138500948,138502969,2021
pre_xx_21259,chr2,138707279,138709262,1983
pre_xx_21260,chr2,138760258,138761204,946
pre_xx_21261,chr2,138777854,138778364,510
pre_xx_21262,chr2,138778869,138781154,2285
pre_xx_21263,chr2,142129811,142131662,1851
pre_xx_21264,chr2,143934102,143935547,1445
pre_xx_21265,chr2,143936500,143937936,1436
pre_xx_21266,chr2,144099129,144100433,1304
pre_xx_21267,chr2,144331070,144333107,2037
pre_xx_21268,chr2,144426762,144427743,981
pre_xx_21269,chr2,144443303,144444566,1263
pre_xx_21270,chr2,144451994,144453295,1301
pre_xx_21271,chr2,144515524,144517810,2286
pre_xx_21272,chr2,144519936,144520650,714
pre_xx_21273,chr2,144522927,144524810,1883
pre_xx_21274,chr2,144580230,144582142,1912
pre_xx_21275,chr2,144834252,144836249,1997
pre_xx_21276,chr2,146881817,146882776,959
pre_xx_21277,chr2,147843292,147845927,2635
pre_xx_21278,chr2,148019925,148022081,2156
pre_xx_21279,chr2,148643812,148646373,2561
pre_xx_21280,chr2,148811769,148812803,1034
pre_xx_21281,chr2,148874782,148877282,2500
pre_xx_21282,chr2,148887312,148888673,1361
pre_xx_21283,chr2,149037766,149039481,1715
pre_xx_21284,chr2,149070492,149071407,915
pre_xx_21285,chr2,149329504,149331548,2044
pre_xx_21286,chr2,149490160,149491192,1032
pre_xx_21287,chr2,149586599,149588187,1588
pre_xx_21288,chr2,149597382,149598313,931
pre_xx_21289,chr2,149860051,149861210,1159
pre_xx_21290,chr2,149884743,149885970,1227
pre_xx_21291,chr2,150484477,150487893,3416
pre_xx_21292,chr2,150526470,150527212,742
pre_xx_21293,chr2,150643012,150643769,757
pre_xx_21294,chr2,150872480,150873705,1225
pre_xx_21295,chr2,151260327,151262273,1946
pre_xx_21296,chr2,151288646,151290618,1972
pre_xx_21297,chr2,151408384,151410837,2453
pre_xx_21298,chr2,151826694,151828942,2248
pre_xx_21299,chr2,152025321,152026198,877
pre_xx_21300,chr2,152093307,152093822,515
pre_xx_21301,chr2,152097334,152099779,2445
pre_xx_21302,chr2,152174635,152176649,2014
pre_xx_21303,chr2,152222699,152224514,1815
pre_xx_21304,chr2,152334690,152337476,2786
pre_xx_21305,chr2,152376176,152377068,892
pre_xx_21306,chr2,152463851,152465260,1409
pre_xx_21307,chr2,152542426,152543643,1217
pre_xx_21308,chr2,152716790,152719232,2442
pre_xx_21309,chr2,153100723,153101896,1173
pre_xx_21310,chr2,153143092,153144243,1151
pre_xx_21311,chr2,153476506,153480032,3526
pre_xx_21312,chr2,153871099,153872853,1754
pre_xx_21313,chr2,153873043,153873698,655
pre_xx_21314,chr2,154697077,154699745,2668
pre_xx_21315,chr2,155546255,155547339,1084
pre_xx_21316,chr2,156319496,156320913,1417
pre_xx_21317,chr2,156322028,156323204,1176
pre_xx_21318,chr2,156331897,156333367,1470
pre_xx_21319,chr2,156333677,156334972,1295
pre_xx_21320,chr2,156335430,156335826,396
pre_xx_21321,chr2,156340975,156343190,2215
pre_xx_21322,chr2,156399472,156401384,1912
pre_xx_21323,chr2,156435288,156437121,1833
pre_xx_21324,chr2,156892304,156893481,1177
pre_xx_21325,chr2,157257269,157258416,1147
pre_xx_21326,chr2,157488119,157489418,1299
pre_xx_21327,chr2,157627744,157629426,1682
pre_xx_21328,chr2,157837590,157839667,2077
pre_xx_21329,chr2,157874865,157876985,2120
pre_xx_21330,chr2,158455922,158458692,2770
pre_xx_21331,chr2,158685426,158687019,1593
pre_xx_21332,chr2,158745034,158746153,1119
pre_xx_21333,chr2,158753416,158754406,990
pre_xx_21334,chr2,158953187,158954820,1633
pre_xx_21335,chr2,158967309,158970778,3469
pre_xx_21336,chr2,158984238,158985304,1066
pre_xx_21337,chr2,159035659,159036360,701
pre_xx_21338,chr2,159064253,159066099,1846
pre_xx_21339,chr2,159098454,159099680,1226
pre_xx_21340,chr2,159118162,159119364,1202
pre_xx_21341,chr2,159129292,159130187,895
pre_xx_21342,chr2,159285583,159287403,1820
pre_xx_21343,chr2,159516021,159516980,959
pre_xx_21344,chr2,159614627,159616743,2116
pre_xx_21345,chr2,159711716,159713381,1665
pre_xx_21346,chr2,159797037,159798665,1628
pre_xx_21347,chr2,159840145,159841085,940
pre_xx_21348,chr2,159903397,159905293,1896
pre_xx_21349,chr2,160061715,160063491,1776
pre_xx_21350,chr2,160164348,160166615,2267
pre_xx_21351,chr2,160269357,160271827,2470
pre_xx_21352,chr2,160338738,160339872,1134
pre_xx_21353,chr2,160406640,160408313,1673
pre_xx_21354,chr2,160491812,160494741,2929
pre_xx_21355,chr2,160630589,160631736,1147
pre_xx_21356,chr2,160920354,160922674,2320
pre_xx_21357,chr2,160969875,160970647,772
pre_xx_21358,chr2,161062349,161064042,1693
pre_xx_21359,chr2,161159839,161161586,1747
pre_xx_21360,chr2,161236819,161239742,2923
pre_xx_21361,chr2,161307644,161309246,1602
pre_xx_21362,chr2,161413954,161415047,1093
pre_xx_21363,chr2,161415602,161417149,1547
pre_xx_21364,chr2,161423095,161424326,1231
pre_xx_21365,chr2,161426597,161428436,1839
pre_xx_21366,chr2,161624063,161625899,1836
pre_xx_21367,chr2,162025091,162026119,1028
pre_xx_21368,chr2,162073113,162074739,1626
pre_xx_21369,chr2,162317783,162319155,1372
pre_xx_21370,chr2,162343542,162345491,1949
pre_xx_21371,chr2,162837982,162839819,1837
pre_xx_21372,chr2,162840279,162840944,665
pre_xx_21373,chr2,163119628,163120792,1164
pre_xx_21374,chr2,163347707,163349332,1625
pre_xx_21375,chr2,163734819,163737249,2430
pre_xx_21376,chr2,164541895,164543275,1380
pre_xx_21377,chr2,164554031,164555249,1218
pre_xx_21378,chr2,164570338,164571468,1130
pre_xx_21379,chr2,164620396,164622039,1643
pre_xx_21380,chr2,164839914,164842454,2540
pre_xx_21381,chr2,165067633,165068607,974
pre_xx_21382,chr2,165293353,165294618,1265
pre_xx_21383,chr2,165439371,165440729,1358
pre_xx_21384,chr2,165468884,165470180,1296
pre_xx_21385,chr2,165573406,165574478,1072
pre_xx_21386,chr2,165634065,165635446,1381
pre_xx_21387,chr2,165793041,165794986,1945
pre_xx_21388,chr2,165802518,165803741,1223
pre_xx_21389,chr2,165867559,165868904,1345
pre_xx_21390,chr2,165952642,165954382,1740
pre_xx_21391,chr2,166126623,166128189,1566
pre_xx_21392,chr2,166375098,166376714,1616
pre_xx_21393,chr2,166493621,166494789,1168
pre_xx_21394,chr2,167292120,167295061,2941
pre_xx_21395,chr2,168246148,168248362,2214
pre_xx_21396,chr2,168346645,168347484,839
pre_xx_21397,chr2,168355660,168357327,1667
pre_xx_21398,chr2,168455604,168457801,2197
pre_xx_21399,chr2,168520958,168521847,889
pre_xx_21400,chr2,168849245,168850121,876
pre_xx_21401,chr2,168889745,168891039,1294
pre_xx_21402,chr2,169025224,169026454,1230
pre_xx_21403,chr2,169109390,169110241,851
pre_xx_21404,chr2,169361090,169362991,1901
pre_xx_21405,chr2,169363441,169365046,1605
pre_xx_21406,chr2,169392731,169393795,1064
pre_xx_21407,chr2,169478909,169480394,1485
pre_xx_21408,chr2,169572969,169574103,1134
pre_xx_21409,chr2,169583994,169586045,2051
pre_xx_21410,chr2,169693163,169694905,1742
pre_xx_21411,chr2,169715195,169717522,2327
pre_xx_21412,chr2,169732934,169734796,1862
pre_xx_21413,chr2,169789621,169790345,724
pre_xx_21414,chr2,169798331,169799926,1595
pre_xx_21415,chr2,169824115,169825298,1183
pre_xx_21416,chr2,169827017,169828825,1808
pre_xx_21417,chr2,170529921,170530888,967
pre_xx_21418,chr2,170678704,170681737,3033
pre_xx_21419,chr2,170694838,170697159,2321
pre_xx_21420,chr2,170711177,170712641,1464
pre_xx_21421,chr2,170713702,170717432,3730
pre_xx_21422,chr2,170770027,170771677,1650
pre_xx_21423,chr2,170814171,170814459,288
pre_xx_21424,chr2,170815588,170817791,2203
pre_xx_21425,chr2,170822253,170823962,1709
pre_xx_21426,chr2,170872786,170873675,889
pre_xx_21427,chr2,170928320,170930989,2669
pre_xx_21428,chr2,170972689,170974392,1703
pre_xx_21429,chr2,171158897,171161445,2548
pre_xx_21430,chr2,171166214,171167368,1154
pre_xx_21431,chr2,171433098,171434924,1826
pre_xx_21432,chr2,171521737,171524294,2557
pre_xx_21433,chr2,171687059,171688655,1596
pre_xx_21434,chr2,171893157,171895264,2107
pre_xx_21435,chr2,171921493,171923583,2090
pre_xx_21436,chr2,171999037,172000455,1418
pre_xx_21437,chr2,172051715,172053009,1294
pre_xx_21438,chr2,172084269,172085968,1699
pre_xx_21439,chr2,172094614,172096118,1504
pre_xx_21440,chr2,172096364,172097482,1118
pre_xx_21441,chr2,172098814,172099343,529
pre_xx_21442,chr2,172101904,172103222,1318
pre_xx_21443,chr2,172107825,172109045,1220
pre_xx_21444,chr2,172172010,172173521,1511
pre_xx_21445,chr2,172230358,172231377,1019
pre_xx_21446,chr2,172233924,172235721,1797
pre_xx_21447,chr2,172296893,172298429,1536
pre_xx_21448,chr2,172341635,172343302,1667
pre_xx_21449,chr2,172408084,172409360,1276
pre_xx_21450,chr2,172427072,172429881,2809
pre_xx_21451,chr2,172465184,172466036,852
pre_xx_21452,chr2,172555316,172556937,1621
pre_xx_21453,chr2,172557913,172558778,865
pre_xx_21454,chr2,172600102,172601668,1566
pre_xx_21455,chr2,172734517,172736819,2302
pre_xx_21456,chr2,172810950,172811783,833
pre_xx_21457,chr2,172894535,172895372,837
pre_xx_21458,chr2,172926762,172929155,2393
pre_xx_21459,chr2,172930788,172932190,1402
pre_xx_21460,chr2,173075229,173077253,2024
pre_xx_21461,chr2,173089966,173091611,1645
pre_xx_21462,chr2,173230791,173231827,1036
pre_xx_21463,chr2,173249815,173251102,1287
pre_xx_21464,chr2,173354206,173356018,1812
pre_xx_21465,chr2,173401458,173403032,1574
pre_xx_21466,chr2,173427521,173428790,1269
pre_xx_21467,chr2,173890775,173891970,1195
pre_xx_21468,chr2,173963321,173966086,2765
pre_xx_21469,chr2,174012393,174013765,1372
pre_xx_21470,chr2,174023525,174026898,3373
pre_xx_21471,chr2,174051465,174052695,1230
pre_xx_21472,chr2,174053077,174054235,1158
pre_xx_21473,chr2,174247482,174249093,1611
pre_xx_21474,chr2,174325399,174327488,2089
pre_xx_21475,chr2,174327987,174328998,1011
pre_xx_21476,chr2,174334422,174335167,745
pre_xx_21477,chr2,174335587,174337815,2228
pre_xx_21478,chr2,174341342,174342932,1590
pre_xx_21479,chr2,174395124,174396535,1411
pre_xx_21480,chr2,174485789,174487768,1979
pre_xx_21481,chr2,174681586,174683775,2189
pre_xx_21482,chr2,174729315,174730846,1531
pre_xx_21483,chr2,174771112,174773539,2427
pre_xx_21484,chr2,174844197,174844935,738
pre_xx_21485,chr2,174846050,174847970,1920
pre_xx_21486,chr2,175003811,175005894,2083
pre_xx_21487,chr2,175166985,175168846,1861
pre_xx_21488,chr2,175180472,175182002,1530
pre_xx_21489,chr2,176001104,176002974,1870
pre_xx_21490,chr2,176066597,176068197,1600
pre_xx_21491,chr2,176079400,176081171,1771
pre_xx_21492,chr2,176087941,176088628,687
pre_xx_21493,chr2,176092239,176093491,1252
pre_xx_21494,chr2,176097123,176097944,821
pre_xx_21495,chr2,176099538,176100320,782
pre_xx_21496,chr2,176106524,176108142,1618
pre_xx_21497,chr2,176111226,176111565,339
pre_xx_21498,chr2,176115954,176116874,920
pre_xx_21499,chr2,176121727,176123536,1809
pre_xx_21500,chr2,176128602,176131011,2409
pre_xx_21501,chr2,176132485,176133677,1192
pre_xx_21502,chr2,176134981,176135408,427
pre_xx_21503,chr2,176135579,176137041,1462
pre_xx_21504,chr2,176139655,176141154,1499
pre_xx_21505,chr2,176147391,176148578,1187
pre_xx_21506,chr2,176151052,176152618,1566
pre_xx_21507,chr2,176156595,176158521,1926
pre_xx_21508,chr2,176159758,176160982,1224
pre_xx_21509,chr2,176164675,176165752,1077
pre_xx_21510,chr2,176170455,176172469,2014
pre_xx_21511,chr2,176174428,176175908,1480
pre_xx_21512,chr2,176177706,176179126,1420
pre_xx_21513,chr2,176187485,176190154,2669
pre_xx_21514,chr2,176268781,176270339,1558
pre_xx_21515,chr2,176454419,176456490,2071
pre_xx_21516,chr2,176489858,176491875,2017
pre_xx_21517,chr2,176552197,176553022,825
pre_xx_21518,chr2,176553443,176554720,1277
pre_xx_21519,chr2,176589690,176590884,1194
pre_xx_21520,chr2,176620682,176622385,1703
pre_xx_21521,chr2,176637018,176639002,1984
pre_xx_21522,chr2,176643327,176644336,1009
pre_xx_21523,chr2,176729387,176730233,846
pre_xx_21524,chr2,176816859,176817580,721
pre_xx_21525,chr2,177147878,177149246,1368
pre_xx_21526,chr2,177164179,177166032,1853
pre_xx_21527,chr2,177211213,177213517,2304
pre_xx_21528,chr2,177241491,177242987,1496
pre_xx_21529,chr2,177263221,177265601,2380
pre_xx_21530,chr2,177392144,177393675,1531
pre_xx_21531,chr2,177552055,177553735,1680
pre_xx_21532,chr2,177597150,177599351,2201
pre_xx_21533,chr2,177618063,177619318,1255
pre_xx_21534,chr2,177633037,177635000,1963
pre_xx_21535,chr2,177753416,177755164,1748
pre_xx_21536,chr2,177758491,177759159,668
pre_xx_21537,chr2,178071938,178073545,1607
pre_xx_21538,chr2,178111864,178113432,1568
pre_xx_21539,chr2,178193444,178195569,2125
pre_xx_21540,chr2,178281800,178283003,1203
pre_xx_21541,chr2,178333503,178334424,921
pre_xx_21542,chr2,178413212,178415161,1949
pre_xx_21543,chr2,178449812,178451988,2176
pre_xx_21544,chr2,178477767,178479309,1542
pre_xx_21545,chr2,178479892,178481207,1315
pre_xx_21546,chr2,178522204,178524074,1870
pre_xx_21547,chr2,179262847,179265385,2538
pre_xx_21548,chr2,179859738,179862069,2331
pre_xx_21549,chr2,180005934,180007542,1608
pre_xx_21550,chr2,180125285,180126107,822
pre_xx_21551,chr2,180979307,180981868,2561
pre_xx_21552,chr2,180983600,180984042,442
pre_xx_21553,chr2,181456390,181458332,1942
pre_xx_21554,chr2,181656186,181657789,1603
pre_xx_21555,chr2,181677788,181678490,702
pre_xx_21556,chr2,181682932,181684466,1534
pre_xx_21557,chr2,181891119,181893385,2266
pre_xx_21558,chr2,182715098,182716921,1823
pre_xx_21559,chr2,182763157,182763811,654
pre_xx_21560,chr2,182865779,182867604,1825
pre_xx_21561,chr2,183037075,183039081,2006
pre_xx_21562,chr2,183078163,183079683,1520
pre_xx_21563,chr2,183123501,183125313,1812
pre_xx_21564,chr2,183614670,183615465,795
pre_xx_21565,chr2,184596817,184599091,2274
pre_xx_21566,chr2,185638201,185639144,943
pre_xx_21567,chr2,185643336,185645481,2145
pre_xx_21568,chr2,185737990,185739313,1323
pre_xx_21569,chr2,186485310,186487518,2208
pre_xx_21570,chr2,186589140,186591762,2622
pre_xx_21571,chr2,186693315,186695701,2386
pre_xx_21572,chr2,186848535,186849813,1278
pre_xx_21573,chr2,187446620,187448851,2231
pre_xx_21574,chr2,187985984,187987365,1381
pre_xx_21575,chr2,188291102,188294224,3122
pre_xx_21576,chr2,188786220,188789121,2901
pre_xx_21577,chr2,188973615,188974616,1001
pre_xx_21578,chr2,188975583,188976205,622
pre_xx_21579,chr2,188978191,188979260,1069
pre_xx_21580,chr2,189178542,189180016,1474
pre_xx_21581,chr2,189406537,189408099,1562
pre_xx_21582,chr2,189440266,189442003,1737
pre_xx_21583,chr2,189579683,189582156,2473
pre_xx_21584,chr2,189612724,189614318,1594
pre_xx_21585,chr2,189660752,189662966,2214
pre_xx_21586,chr2,189673614,189675341,1727
pre_xx_21587,chr2,189684963,189686288,1325
pre_xx_21588,chr2,189762050,189763800,1750
pre_xx_21589,chr2,189783265,189785093,1828
pre_xx_21590,chr2,190179689,190181542,1853
pre_xx_21591,chr2,190318493,190320202,1709
pre_xx_21592,chr2,190342645,190344560,1915
pre_xx_21593,chr2,190407321,190409191,1870
pre_xx_21594,chr2,190468576,190470209,1633
pre_xx_21595,chr2,190533628,190535336,1708
pre_xx_21596,chr2,190627291,190629364,2073
pre_xx_21597,chr2,190645971,190646431,460
pre_xx_21598,chr2,190647752,190650254,2502
pre_xx_21599,chr2,190678106,190679239,1133
pre_xx_21600,chr2,190863329,190864648,1319
pre_xx_21601,chr2,190879943,190882365,2422
pre_xx_21602,chr2,190946849,190948335,1486
pre_xx_21603,chr2,190979711,190981809,2098
pre_xx_21604,chr2,191012435,191014662,2227
pre_xx_21605,chr2,191019976,191021236,1260
pre_xx_21606,chr2,191051591,191052478,887
pre_xx_21607,chr2,191150163,191151466,1303
pre_xx_21608,chr2,191244724,191246578,1854
pre_xx_21609,chr2,191478600,191479924,1324
pre_xx_21610,chr2,191676908,191679092,2184
pre_xx_21611,chr2,191846223,191847671,1448
pre_xx_21612,chr2,192072370,192073583,1213
pre_xx_21613,chr2,192194029,192196182,2153
pre_xx_21614,chr2,192223154,192224136,982
pre_xx_21615,chr2,192370521,192371485,964
pre_xx_21616,chr2,192415780,192416661,881
pre_xx_21617,chr2,195321943,195322792,849
pre_xx_21618,chr2,195363181,195364667,1486
pre_xx_21619,chr2,195612354,195613472,1118
pre_xx_21620,chr2,195656504,195658427,1923
pre_xx_21621,chr2,196067986,196069283,1297
pre_xx_21622,chr2,196170169,196172269,2100
pre_xx_21623,chr2,196273963,196275315,1352
pre_xx_21624,chr2,196592132,196593858,1726
pre_xx_21625,chr2,196638909,196640288,1379
pre_xx_21626,chr2,196798973,196800108,1135
pre_xx_21627,chr2,196925504,196928231,2727
pre_xx_21628,chr2,197031316,197032359,1043
pre_xx_21629,chr2,197163553,197164880,1327
pre_xx_21630,chr2,197309427,197311395,1968
pre_xx_21631,chr2,197433647,197436146,2499
pre_xx_21632,chr2,197452721,197454398,1677
pre_xx_21633,chr2,197484239,197486130,1891
pre_xx_21634,chr2,197498716,197501070,2354
pre_xx_21635,chr2,197514742,197516783,2041
pre_xx_21636,chr2,197704690,197706500,1810
pre_xx_21637,chr2,197784882,197786879,1997
pre_xx_21638,chr2,197804089,197805979,1890
pre_xx_21639,chr2,199455425,199456352,927
pre_xx_21640,chr2,199458268,199459913,1645
pre_xx_21641,chr2,199463206,199463697,491
pre_xx_21642,chr2,199468585,199469549,964
pre_xx_21643,chr2,199470605,199471789,1184
pre_xx_21644,chr2,199580902,199582461,1559
pre_xx_21645,chr2,199603010,199604841,1831
pre_xx_21646,chr2,199658944,199660081,1137
pre_xx_21647,chr2,199805703,199807226,1523
pre_xx_21648,chr2,199850302,199851655,1353
pre_xx_21649,chr2,199910549,199912161,1612
pre_xx_21650,chr2,199954557,199956473,1916
pre_xx_21651,chr2,199979466,199980376,910
pre_xx_21652,chr2,200305784,200308254,2470
pre_xx_21653,chr2,200509155,200510601,1446
pre_xx_21654,chr2,200525571,200526754,1183
pre_xx_21655,chr2,200585514,200586899,1385
pre_xx_21656,chr2,200712787,200714028,1241
pre_xx_21657,chr2,200735528,200737245,1717
pre_xx_21658,chr2,200747593,200748665,1072
pre_xx_21659,chr2,200810638,200812934,2296
pre_xx_21660,chr2,200849667,200852428,2761
pre_xx_21661,chr2,200862109,200862969,860
pre_xx_21662,chr2,200863162,200865501,2339
pre_xx_21663,chr2,200887942,200890192,2250
pre_xx_21664,chr2,200901267,200901837,570
pre_xx_21665,chr2,200962661,200964572,1911
pre_xx_21666,chr2,201070686,201072365,1679
pre_xx_21667,chr2,201115833,201117783,1950
pre_xx_21668,chr2,201118202,201119396,1194
pre_xx_21669,chr2,201125396,201127864,2468
pre_xx_21670,chr2,201139320,201140484,1164
pre_xx_21671,chr2,201157729,201158676,947
pre_xx_21672,chr2,201219338,201220812,1474
pre_xx_21673,chr2,201356887,201357737,850
pre_xx_21674,chr2,201450668,201452567,1899
pre_xx_21675,chr2,201618717,201619612,895
pre_xx_21676,chr2,201641731,201644393,2662
pre_xx_21677,chr2,201779990,201782146,2156
pre_xx_21678,chr2,201806228,201808430,2202
pre_xx_21679,chr2,201860149,201861023,874
pre_xx_21680,chr2,201938900,201940123,1223
pre_xx_21681,chr2,202032311,202035063,2752
pre_xx_21682,chr2,202039325,202040620,1295
pre_xx_21683,chr2,202148497,202150179,1682
pre_xx_21684,chr2,202237190,202239098,1908
pre_xx_21685,chr2,202264697,202267094,2397
pre_xx_21686,chr2,202316791,202318066,1275
pre_xx_21687,chr2,202374901,202377739,2838
pre_xx_21688,chr2,202588437,202589321,884
pre_xx_21689,chr2,202634103,202636554,2451
pre_xx_21690,chr2,202870460,202872194,1734
pre_xx_21691,chr2,202911095,202912528,1433
pre_xx_21692,chr2,203013632,203015676,2044
pre_xx_21693,chr2,203238309,203240162,1853
pre_xx_21694,chr2,203327480,203329510,2030
pre_xx_21695,chr2,203533212,203535925,2713
pre_xx_21696,chr2,204023650,204025344,1694
pre_xx_21697,chr2,204144764,204146167,1403
pre_xx_21698,chr2,204345959,204347193,1234
pre_xx_21699,chr2,204451948,204452958,1010
pre_xx_21700,chr2,204544694,204546519,1825
pre_xx_21701,chr2,204664340,204665644,1304
pre_xx_21702,chr2,204706521,204707351,830
pre_xx_21703,chr2,204868914,204870594,1680
pre_xx_21704,chr2,205625131,205625962,831
pre_xx_21705,chr2,205681840,205682888,1048
pre_xx_21706,chr2,205684849,205686961,2112
pre_xx_21707,chr2,205696265,205697845,1580
pre_xx_21708,chr2,205763458,205764453,995
pre_xx_21709,chr2,205895758,205897035,1277
pre_xx_21710,chr2,205902081,205903159,1078
pre_xx_21711,chr2,205925349,205926333,984
pre_xx_21712,chr2,205947541,205948629,1088
pre_xx_21713,chr2,206084216,206086412,2196
pre_xx_21714,chr2,206158659,206160590,1931
pre_xx_21715,chr2,206273974,206275833,1859
pre_xx_21716,chr2,206422088,206423448,1360
pre_xx_21717,chr2,206442607,206444467,1860
pre_xx_21718,chr2,206764653,206766138,1485
pre_xx_21719,chr2,206800337,206801051,714
pre_xx_21720,chr2,207073511,207076277,2766
pre_xx_21721,chr2,207163944,207164740,796
pre_xx_21722,chr2,207164969,207167687,2718
pre_xx_21723,chr2,207226845,207228771,1926
pre_xx_21724,chr2,207230325,207231844,1519
pre_xx_21725,chr2,207238969,207240488,1519
pre_xx_21726,chr2,207257913,207259045,1132
pre_xx_21727,chr2,207309763,207311788,2025
pre_xx_21728,chr2,207481671,207482414,743
pre_xx_21729,chr2,207528911,207531480,2569
pre_xx_21730,chr2,207624101,207626462,2361
pre_xx_21731,chr2,207710627,207712742,2115
pre_xx_21732,chr2,207767944,207770365,2421
pre_xx_21733,chr2,207847244,207848431,1187
pre_xx_21734,chr2,207930546,207931390,844
pre_xx_21735,chr2,208024891,208026146,1255
pre_xx_21736,chr2,208033303,208034453,1150
pre_xx_21737,chr2,208123667,208124750,1083
pre_xx_21738,chr2,208253705,208255671,1966
pre_xx_21739,chr2,208256817,208257586,769
pre_xx_21740,chr2,208265211,208267313,2102
pre_xx_21741,chr2,208406339,208408014,1675
pre_xx_21742,chr2,208826940,208828297,1357
pre_xx_21743,chr2,209423315,209425337,2022
pre_xx_21744,chr2,209457597,209458877,1280
pre_xx_21745,chr2,209771181,209772619,1438
pre_xx_21746,chr2,209933457,209934720,1263
pre_xx_21747,chr2,209960255,209961319,1064
pre_xx_21748,chr2,209970083,209971150,1067
pre_xx_21749,chr2,210001805,210003260,1455
pre_xx_21750,chr2,210169915,210172457,2542
pre_xx_21751,chr2,210179203,210180671,1468
pre_xx_21752,chr2,210194703,210195773,1070
pre_xx_21753,chr2,210224457,210225708,1251
pre_xx_21754,chr2,210475589,210476985,1396
pre_xx_21755,chr2,210502797,210504236,1439
pre_xx_21756,chr2,211591258,211592761,1503
pre_xx_21757,chr2,212451517,212452593,1076
pre_xx_21758,chr2,212535961,212539568,3607
pre_xx_21759,chr2,213150124,213150954,830
pre_xx_21760,chr2,213151201,213152648,1447
pre_xx_21761,chr2,213187872,213188614,742
pre_xx_21762,chr2,213283352,213285141,1789
pre_xx_21763,chr2,213451330,213452440,1110
pre_xx_21764,chr2,214410286,214411480,1194
pre_xx_21765,chr2,214807770,214808426,656
pre_xx_21766,chr2,214808696,214810905,2209
pre_xx_21767,chr2,215311429,215312746,1317
pre_xx_21768,chr2,215435096,215437221,2125
pre_xx_21769,chr2,215618773,215620250,1477
pre_xx_21770,chr2,215795399,215796796,1397
pre_xx_21771,chr2,215826295,215827598,1303
pre_xx_21772,chr2,216012049,216013866,1817
pre_xx_21773,chr2,216081121,216082701,1580
pre_xx_21774,chr2,216107502,216108755,1253
pre_xx_21775,chr2,216108931,216109820,889
pre_xx_21776,chr2,216110126,216110553,427
pre_xx_21777,chr2,216114244,216115574,1330
pre_xx_21778,chr2,216210471,216211611,1140
pre_xx_21779,chr2,216215463,216216302,839
pre_xx_21780,chr2,216362511,216363505,994
pre_xx_21781,chr2,216371128,216372664,1536
pre_xx_21782,chr2,216411796,216413282,1486
pre_xx_21783,chr2,216491629,216493631,2002
pre_xx_21784,chr2,216498078,216499509,1431
pre_xx_21785,chr2,216503573,216504709,1136
pre_xx_21786,chr2,216534686,216535968,1282
pre_xx_21787,chr2,216539900,216541382,1482
pre_xx_21788,chr2,216589089,216591194,2105
pre_xx_21789,chr2,216606342,216607384,1042
pre_xx_21790,chr2,216618819,216621671,2852
pre_xx_21791,chr2,216632816,216634728,1912
pre_xx_21792,chr2,216634891,216636998,2107
pre_xx_21793,chr2,216664526,216666035,1509
pre_xx_21794,chr2,216666347,216666955,608
pre_xx_21795,chr2,216690814,216693587,2773
pre_xx_21796,chr2,216694113,216694686,573
pre_xx_21797,chr2,216695325,216695925,600
pre_xx_21798,chr2,216698829,216699122,293
pre_xx_21799,chr2,216775806,216776878,1072
pre_xx_21800,chr2,216849058,216850470,1412
pre_xx_21801,chr2,216880455,216881450,995
pre_xx_21802,chr2,217248233,217250571,2338
pre_xx_21803,chr2,217288782,217290291,1509
pre_xx_21804,chr2,217371630,217372275,645
pre_xx_21805,chr2,217402463,217403928,1465
pre_xx_21806,chr2,217433464,217434867,1403
pre_xx_21807,chr2,217510546,217511462,916
pre_xx_21808,chr2,217529787,217531693,1906
pre_xx_21809,chr2,217554559,217556385,1826
pre_xx_21810,chr2,217621163,217623077,1914
pre_xx_21811,chr2,217713087,217713982,895
pre_xx_21812,chr2,217756011,217756909,898
pre_xx_21813,chr2,217785246,217785975,729
pre_xx_21814,chr2,217788846,217790133,1287
pre_xx_21815,chr2,217800922,217802560,1638
pre_xx_21816,chr2,217857556,217859467,1911
pre_xx_21817,chr2,217903574,217904544,970
pre_xx_21818,chr2,217911841,217913137,1296
pre_xx_21819,chr2,217917862,217919027,1165
pre_xx_21820,chr2,217920743,217921606,863
pre_xx_21821,chr2,217922151,217923133,982
pre_xx_21822,chr2,217934317,217935762,1445
pre_xx_21823,chr2,217942860,217944626,1766
pre_xx_21824,chr2,217952944,217954131,1187
pre_xx_21825,chr2,217959665,217960836,1171
pre_xx_21826,chr2,217964045,217965533,1488
pre_xx_21827,chr2,217965540,217966640,1100
pre_xx_21828,chr2,217978209,217979744,1535
pre_xx_21829,chr2,217980957,217981707,750
pre_xx_21830,chr2,217987765,217989115,1350
pre_xx_21831,chr2,218002189,218004550,2361
pre_xx_21832,chr2,218009333,218011675,2342
pre_xx_21833,chr2,218033557,218035130,1573
pre_xx_21834,chr2,218068460,218069374,914
pre_xx_21835,chr2,218216272,218218671,2399
pre_xx_21836,chr2,218252515,218254128,1613
pre_xx_21837,chr2,218258826,218260164,1338
pre_xx_21838,chr2,218260550,218261261,711
pre_xx_21839,chr2,218269280,218271212,1932
pre_xx_21840,chr2,218272501,218273167,666
pre_xx_21841,chr2,218286273,218287460,1187
pre_xx_21842,chr2,218291599,218292770,1171
pre_xx_21843,chr2,218301106,218301670,564
pre_xx_21844,chr2,218310794,218312498,1704
pre_xx_21845,chr2,218322094,218324484,2390
pre_xx_21846,chr2,218356369,218358201,1832
pre_xx_21847,chr2,218367138,218368219,1081
pre_xx_21848,chr2,218368398,218369483,1085
pre_xx_21849,chr2,218386937,218388187,1250
pre_xx_21850,chr2,218395740,218397101,1361
pre_xx_21851,chr2,218397688,218400735,3047
pre_xx_21852,chr2,218405557,218407600,2043
pre_xx_21853,chr2,218567685,218570156,2471
pre_xx_21854,chr2,218658417,218660203,1786
pre_xx_21855,chr2,218671051,218672714,1663
pre_xx_21856,chr2,218710213,218711855,1642
pre_xx_21857,chr2,218780951,218782861,1910
pre_xx_21858,chr2,218852675,218853235,560
pre_xx_21859,chr2,218856278,218856765,487
pre_xx_21860,chr2,218857366,218857875,509
pre_xx_21861,chr2,218858660,218861335,2675
pre_xx_21862,chr2,218861720,218862273,553
pre_xx_21863,chr2,218867673,218868668,995
pre_xx_21864,chr2,218871229,218872963,1734
pre_xx_21865,chr2,218873296,218873919,623
pre_xx_21866,chr2,218876625,218876977,352
pre_xx_21867,chr2,218879646,218881283,1637
pre_xx_21868,chr2,218883403,218884377,974
pre_xx_21869,chr2,218886103,218886923,820
pre_xx_21870,chr2,218892314,218893306,992
pre_xx_21871,chr2,218896339,218897715,1376
pre_xx_21872,chr2,218897865,218898743,878
pre_xx_21873,chr2,218908511,218909790,1279
pre_xx_21874,chr2,218959014,218960456,1442
pre_xx_21875,chr2,218962781,218963583,802
pre_xx_21876,chr2,218979761,218980399,638
pre_xx_21877,chr2,218981580,218982514,934
pre_xx_21878,chr2,218991660,218992206,546
pre_xx_21879,chr2,218992907,218994181,1274
pre_xx_21880,chr2,218995848,218996504,656
pre_xx_21881,chr2,219001385,219003489,2104
pre_xx_21882,chr2,219029356,219030202,846
pre_xx_21883,chr2,219057284,219058393,1109
pre_xx_21884,chr2,219058894,219061397,2503
pre_xx_21885,chr2,219124144,219126103,1959
pre_xx_21886,chr2,219159729,219161122,1393
pre_xx_21887,chr2,219176108,219178967,2859
pre_xx_21888,chr2,219206097,219207502,1405
pre_xx_21889,chr2,219217664,219219643,1979
pre_xx_21890,chr2,219228079,219230546,2467
pre_xx_21891,chr2,219244826,219246091,1265
pre_xx_21892,chr2,219252652,219254738,2086
pre_xx_21893,chr2,219274303,219274942,639
pre_xx_21894,chr2,219277544,219278048,504
pre_xx_21895,chr2,219278638,219280237,1599
pre_xx_21896,chr2,219285574,219286798,1224
pre_xx_21897,chr2,219289321,219290120,799
pre_xx_21898,chr2,219294153,219295291,1138
pre_xx_21899,chr2,219307949,219309670,1721
pre_xx_21900,chr2,219331278,219332202,924
pre_xx_21901,chr2,219357817,219359222,1405
pre_xx_21902,chr2,219386829,219388974,2145
pre_xx_21903,chr2,219402373,219403254,881
pre_xx_21904,chr2,219417180,219419059,1879
pre_xx_21905,chr2,219433824,219435581,1757
pre_xx_21906,chr2,219441177,219442942,1765
pre_xx_21907,chr2,219447963,219449358,1395
pre_xx_21908,chr2,219452639,219454362,1723
pre_xx_21909,chr2,219460119,219461900,1781
pre_xx_21910,chr2,219475758,219477335,1577
pre_xx_21911,chr2,219483935,219485236,1301
pre_xx_21912,chr2,219496448,219497330,882
pre_xx_21913,chr2,219497675,219499140,1465
pre_xx_21914,chr2,219508842,219510575,1733
pre_xx_21915,chr2,219514075,219514657,582
pre_xx_21916,chr2,219520046,219521782,1736
pre_xx_21917,chr2,219521998,219523337,1339
pre_xx_21918,chr2,219529745,219530511,766
pre_xx_21919,chr2,219541553,219542159,606
pre_xx_21920,chr2,219542856,219544571,1715
pre_xx_21921,chr2,219551171,219553163,1992
pre_xx_21922,chr2,219561504,219562601,1097
pre_xx_21923,chr2,219570014,219572436,2422
pre_xx_21924,chr2,219576559,219577431,872
pre_xx_21925,chr2,219595068,219595727,659
pre_xx_21926,chr2,219597062,219598502,1440
pre_xx_21927,chr2,219626382,219628254,1872
pre_xx_21928,chr2,219642028,219643305,1277
pre_xx_21929,chr2,219684716,219685762,1046
pre_xx_21930,chr2,219744243,219745243,1000
pre_xx_21931,chr2,219759350,219760348,998
pre_xx_21932,chr2,219851639,219853320,1681
pre_xx_21933,chr2,220006026,220007164,1138
pre_xx_21934,chr2,221103915,221105022,1107
pre_xx_21935,chr2,221369737,221371854,2117
pre_xx_21936,chr2,221518169,221519574,1405
pre_xx_21937,chr2,221569326,221570027,701
pre_xx_21938,chr2,221570402,221570732,330
pre_xx_21939,chr2,221570979,221574228,3249
pre_xx_21940,chr2,221809888,221811110,1222
pre_xx_21941,chr2,222290421,222291532,1111
pre_xx_21942,chr2,222305194,222306551,1357
pre_xx_21943,chr2,222318008,222321132,3124
pre_xx_21944,chr2,222423610,222425653,2043
pre_xx_21945,chr2,222467362,222468924,1562
pre_xx_21946,chr2,222654908,222657134,2226
pre_xx_21947,chr2,222670978,222672213,1235
pre_xx_21948,chr2,222752407,222754177,1770
pre_xx_21949,chr2,222859835,222862503,2668
pre_xx_21950,chr2,223051031,223052287,1256
pre_xx_21951,chr2,223536554,223539529,2975
pre_xx_21952,chr2,223602001,223602767,766
pre_xx_21953,chr2,223612671,223613883,1212
pre_xx_21954,chr2,223836759,223838409,1650
pre_xx_21955,chr2,223943276,223945538,2262
pre_xx_21956,chr2,223956788,223958334,1546
pre_xx_21957,chr2,224038192,224040314,2122
pre_xx_21958,chr2,224155403,224157373,1970
pre_xx_21959,chr2,224240009,224241265,1256
pre_xx_21960,chr2,224569677,224571079,1402
pre_xx_21961,chr2,224583705,224586158,2453
pre_xx_21962,chr2,225037477,225038480,1003
pre_xx_21963,chr2,225040896,225043063,2167
pre_xx_21964,chr2,225164063,225165325,1262
pre_xx_21965,chr2,225894205,225894933,728
pre_xx_21966,chr2,226030055,226032444,2389
pre_xx_21967,chr2,226353038,226354237,1199
pre_xx_21968,chr2,226423317,226425276,1959
pre_xx_21969,chr2,226556956,226557706,750
pre_xx_21970,chr2,226631160,226632668,1508
pre_xx_21971,chr2,226754305,226756434,2129
pre_xx_21972,chr2,226781340,226782712,1372
pre_xx_21973,chr2,226790964,226792272,1308
pre_xx_21974,chr2,226798320,226801666,3346
pre_xx_21975,chr2,226835327,226836933,1606
pre_xx_21976,chr2,226981244,226982700,1456
pre_xx_21977,chr2,226984739,226985659,920
pre_xx_21978,chr2,227163239,227165293,2054
pre_xx_21979,chr2,227324531,227326536,2005
pre_xx_21980,chr2,227405680,227406941,1261
pre_xx_21981,chr2,227471579,227473324,1745
pre_xx_21982,chr2,227717230,227718432,1202
pre_xx_21983,chr2,227765742,227766851,1109
pre_xx_21984,chr2,227870706,227871936,1230
pre_xx_21985,chr2,228179907,228182146,2239
pre_xx_21986,chr2,228506674,228508531,1857
pre_xx_21987,chr2,229129561,229130924,1363
pre_xx_21988,chr2,229270604,229271612,1008
pre_xx_21989,chr2,229272899,229274041,1142
pre_xx_21990,chr2,229586563,229587462,899
pre_xx_21991,chr2,229713266,229715541,2275
pre_xx_21992,chr2,229920062,229923318,3256
pre_xx_21993,chr2,230066814,230069104,2290
pre_xx_21994,chr2,230130484,230131646,1162
pre_xx_21995,chr2,230219311,230220680,1369
pre_xx_21996,chr2,230411040,230412346,1306
pre_xx_21997,chr2,230415801,230416864,1063
pre_xx_21998,chr2,230610838,230611699,861
pre_xx_21999,chr2,230627578,230628961,1383
pre_xx_22000,chr2,230712166,230714402,2236
pre_xx_22001,chr2,230737679,230739181,1502
pre_xx_22002,chr2,230827857,230829061,1204
pre_xx_22003,chr2,230847643,230848386,743
pre_xx_22004,chr2,230861310,230861923,613
pre_xx_22005,chr2,230864390,230866414,2024
pre_xx_22006,chr2,230866654,230867472,818
pre_xx_22007,chr2,230868164,230868791,627
pre_xx_22008,chr2,230868928,230871200,2272
pre_xx_22009,chr2,230877473,230879886,2413
pre_xx_22010,chr2,230956694,230958051,1357
pre_xx_22011,chr2,230986700,230987762,1062
pre_xx_22012,chr2,231037140,231038961,1821
pre_xx_22013,chr2,231052429,231053180,751
pre_xx_22014,chr2,231056410,231057890,1480
pre_xx_22015,chr2,231138247,231139276,1029
pre_xx_22016,chr2,231189666,231191181,1515
pre_xx_22017,chr2,231191829,231192768,939
pre_xx_22018,chr2,231197712,231199561,1849
pre_xx_22019,chr2,231227152,231228917,1765
pre_xx_22020,chr2,231394463,231396674,2211
pre_xx_22021,chr2,231399404,231401447,2043
pre_xx_22022,chr2,231411691,231412954,1263
pre_xx_22023,chr2,231451632,231452496,864
pre_xx_22024,chr2,231452624,231454600,1976
pre_xx_22025,chr2,231463530,231465561,2031
pre_xx_22026,chr2,231482546,231484327,1781
pre_xx_22027,chr2,231513803,231515017,1214
pre_xx_22028,chr2,231529818,231530998,1180
pre_xx_22029,chr2,231601135,231601942,807
pre_xx_22030,chr2,231603968,231605388,1420
pre_xx_22031,chr2,231612230,231612906,676
pre_xx_22032,chr2,231613393,231615419,2026
pre_xx_22033,chr2,231620732,231621936,1204
pre_xx_22034,chr2,231627397,231628451,1054
pre_xx_22035,chr2,231661865,231663040,1175
pre_xx_22036,chr2,231665933,231667278,1345
pre_xx_22037,chr2,231672478,231673697,1219
pre_xx_22038,chr2,231674504,231675332,828
pre_xx_22039,chr2,231677472,231677973,501
pre_xx_22040,chr2,231680301,231681668,1367
pre_xx_22041,chr2,231682878,231683660,782
pre_xx_22042,chr2,231684302,231685133,831
pre_xx_22043,chr2,231706248,231709007,2759
pre_xx_22044,chr2,231709316,231709836,520
pre_xx_22045,chr2,231710037,231710548,511
pre_xx_22046,chr2,231713582,231715519,1937
pre_xx_22047,chr2,231764826,231766504,1678
pre_xx_22048,chr2,231779935,231781894,1959
pre_xx_22049,chr2,231786019,231787214,1195
pre_xx_22050,chr2,231924906,231927369,2463
pre_xx_22051,chr2,231960931,231962407,1476
pre_xx_22052,chr2,232309562,232311128,1566
pre_xx_22053,chr2,232350789,232353039,2250
pre_xx_22054,chr2,232385609,232386164,555
pre_xx_22055,chr2,232386366,232388826,2460
pre_xx_22056,chr2,232418562,232421399,2837
pre_xx_22057,chr2,232440243,232440881,638
pre_xx_22058,chr2,232485479,232488579,3100
pre_xx_22059,chr2,232501141,232503842,2701
pre_xx_22060,chr2,232505700,232506637,937
pre_xx_22061,chr2,232521931,232522583,652
pre_xx_22062,chr2,232523620,232524486,866
pre_xx_22063,chr2,232525456,232526721,1265
pre_xx_22064,chr2,232549919,232551458,1539
pre_xx_22065,chr2,232605557,232606619,1062
pre_xx_22066,chr2,232609562,232610400,838
pre_xx_22067,chr2,232632675,232635088,2413
pre_xx_22068,chr2,232696659,232698254,1595
pre_xx_22069,chr2,232779358,232780531,1173
pre_xx_22070,chr2,232875459,232877301,1842
pre_xx_22071,chr2,232890633,232892079,1446
pre_xx_22072,chr2,232926464,232929567,3103
pre_xx_22073,chr2,232987733,232988866,1133
pre_xx_22074,chr2,233208936,233210187,1251
pre_xx_22075,chr2,233210728,233211685,957
pre_xx_22076,chr2,233251050,233252764,1714
pre_xx_22077,chr2,233348470,233349545,1075
pre_xx_22078,chr2,233353472,233355612,2140
pre_xx_22079,chr2,233386423,233388697,2274
pre_xx_22080,chr2,233413193,233414497,1304
pre_xx_22081,chr2,233565432,233566984,1552
pre_xx_22082,chr2,233853806,233855039,1233
pre_xx_22083,chr2,233938634,233939656,1022
pre_xx_22084,chr2,234081946,234083359,1413
pre_xx_22085,chr2,234090834,234092671,1837
pre_xx_22086,chr2,234334753,234336240,1487
pre_xx_22087,chr2,234427260,234428074,814
pre_xx_22088,chr2,234494798,234497787,2989
pre_xx_22089,chr2,234771495,234773226,1731
pre_xx_22090,chr2,234795120,234796661,1541
pre_xx_22091,chr2,234839813,234841307,1494
pre_xx_22092,chr2,234880068,234882268,2200
pre_xx_22093,chr2,234916914,234918058,1144
pre_xx_22094,chr2,234950663,234953097,2434
pre_xx_22095,chr2,234953377,234954071,694
pre_xx_22096,chr2,234954381,234954963,582
pre_xx_22097,chr2,234974537,234975272,735
pre_xx_22098,chr2,234979161,234979687,526
pre_xx_22099,chr2,234980315,234982055,1740
pre_xx_22100,chr2,234988741,234989710,969
pre_xx_22101,chr2,234995465,234997109,1644
pre_xx_22102,chr2,235000327,235001671,1344
pre_xx_22103,chr2,235005502,235006610,1108
pre_xx_22104,chr2,235026784,235028071,1287
pre_xx_22105,chr2,235087432,235089056,1624
pre_xx_22106,chr2,235238136,235238925,789
pre_xx_22107,chr2,235264279,235265855,1576
pre_xx_22108,chr2,235286991,235288203,1212
pre_xx_22109,chr2,235324017,235324985,968
pre_xx_22110,chr2,235405961,235407063,1102
pre_xx_22111,chr2,235432571,235434273,1702
pre_xx_22112,chr2,235457550,235459304,1754
pre_xx_22113,chr2,235492942,235495652,2710
pre_xx_22114,chr2,235588434,235589220,786
pre_xx_22115,chr2,235660582,235661654,1072
pre_xx_22116,chr2,235665730,235666764,1034
pre_xx_22117,chr2,235669206,235671550,2344
pre_xx_22118,chr2,235716601,235717951,1350
pre_xx_22119,chr2,235745929,235746852,923
pre_xx_22120,chr2,235765223,235766704,1481
pre_xx_22121,chr2,235779054,235779930,876
pre_xx_22122,chr2,235918484,235919378,894
pre_xx_22123,chr2,236107842,236108877,1035
pre_xx_22124,chr2,236163672,236164854,1182
pre_xx_22125,chr2,236166116,236166749,633
pre_xx_22126,chr2,236167213,236167820,607
pre_xx_22127,chr2,236168007,236168936,929
pre_xx_22128,chr2,236177591,236180480,2889
pre_xx_22129,chr2,236236154,236238086,1932
pre_xx_22130,chr2,236317547,236318779,1232
pre_xx_22131,chr2,236507033,236508020,987
pre_xx_22132,chr2,236567210,236569087,1877
pre_xx_22133,chr2,236569218,236570172,954
pre_xx_22134,chr2,236630864,236632182,1318
pre_xx_22135,chr2,236898838,236900462,1624
pre_xx_22136,chr2,236972512,236973295,783
pre_xx_22137,chr2,236985426,236986401,975
pre_xx_22138,chr2,237012088,237013273,1185
pre_xx_22139,chr2,237060030,237061314,1284
pre_xx_22140,chr2,237084942,237086464,1522
pre_xx_22141,chr2,237171111,237172297,1186
pre_xx_22142,chr2,237290143,237291929,1786
pre_xx_22143,chr2,237314881,237316240,1359
pre_xx_22144,chr2,237353096,237353776,680
pre_xx_22145,chr2,237412768,237414632,1864
pre_xx_22146,chr2,237473909,237475987,2078
pre_xx_22147,chr2,237486231,237487683,1452
pre_xx_22148,chr2,237497389,237498722,1333
pre_xx_22149,chr2,237512466,237513558,1092
pre_xx_22150,chr2,237571716,237573094,1378
pre_xx_22151,chr2,237581487,237582799,1312
pre_xx_22152,chr2,237594470,237595539,1069
pre_xx_22153,chr2,237626617,237628242,1625
pre_xx_22154,chr2,237631098,237631856,758
pre_xx_22155,chr2,237661964,237663250,1286
pre_xx_22156,chr2,237669077,237671157,2080
pre_xx_22157,chr2,237673016,237674021,1005
pre_xx_22158,chr2,237674610,237675589,979
pre_xx_22159,chr2,237690881,237693495,2614
pre_xx_22160,chr2,237697469,237698541,1072
pre_xx_22161,chr2,237702297,237703395,1098
pre_xx_22162,chr2,237708332,237709279,947
pre_xx_22163,chr2,237714817,237716033,1216
pre_xx_22164,chr2,237732170,237734175,2005
pre_xx_22165,chr2,237858207,237860261,2054
pre_xx_22166,chr2,237898042,237899019,977
pre_xx_22167,chr2,237904685,237905653,968
pre_xx_22168,chr2,237955030,237956825,1795
pre_xx_22169,chr2,237966016,237968896,2880
pre_xx_22170,chr2,238060082,238061927,1845
pre_xx_22171,chr2,238096100,238096850,750
pre_xx_22172,chr2,238119922,238121144,1222
pre_xx_22173,chr2,238126986,238128065,1079
pre_xx_22174,chr2,238141992,238143190,1198
pre_xx_22175,chr2,238157475,238159417,1942
pre_xx_22176,chr2,238163362,238164381,1019
pre_xx_22177,chr2,238202205,238204320,2115
pre_xx_22178,chr2,238230978,238231817,839
pre_xx_22179,chr2,238234118,238234759,641
pre_xx_22180,chr2,238238943,238241622,2679
pre_xx_22181,chr2,238256364,238256918,554
pre_xx_22182,chr2,238263073,238264405,1332
pre_xx_22183,chr2,238287404,238289739,2335
pre_xx_22184,chr2,238319694,238321613,1919
pre_xx_22185,chr2,238425577,238427853,2276
pre_xx_22186,chr2,238522853,238524249,1396
pre_xx_22187,chr2,238846237,238849828,3591
pre_xx_22188,chr2,238866676,238868040,1364
pre_xx_22189,chr2,238984657,238986428,1771
pre_xx_22190,chr2,238998414,238999685,1271
pre_xx_22191,chr2,239077618,239079137,1519
pre_xx_22192,chr2,239094517,239096006,1489
pre_xx_22193,chr2,239096705,239097334,629
pre_xx_22194,chr2,239105923,239107265,1342
pre_xx_22195,chr2,239222787,239224505,1718
pre_xx_22196,chr2,239225328,239226501,1173
pre_xx_22197,chr2,239239394,239240838,1444
pre_xx_22198,chr2,239245568,239247144,1576
pre_xx_22199,chr2,239264149,239265884,1735
pre_xx_22200,chr2,239308456,239310059,1603
pre_xx_22201,chr2,239327681,239330275,2594
pre_xx_22202,chr2,239399292,239402229,2937
pre_xx_22203,chr2,239439875,239441936,2061
pre_xx_22204,chr2,239498990,239500522,1532
pre_xx_22205,chr2,239574095,239575177,1082
pre_xx_22206,chr2,239687939,239688975,1036
pre_xx_22207,chr2,239745267,239746478,1211
pre_xx_22208,chr2,239756321,239757540,1219
pre_xx_22209,chr2,239768937,239770625,1688
pre_xx_22210,chr2,239823956,239824719,763
pre_xx_22211,chr2,239953093,239954034,941
pre_xx_22212,chr2,240024742,240026096,1354
pre_xx_22213,chr2,240135402,240136888,1486
pre_xx_22214,chr2,240143513,240144266,753
pre_xx_22215,chr2,240145201,240146895,1694
pre_xx_22216,chr2,240169329,240171152,1823
pre_xx_22217,chr2,240212779,240214674,1895
pre_xx_22218,chr2,240232675,240234080,1405
pre_xx_22219,chr2,240236442,240238129,1687
pre_xx_22220,chr2,240250877,240252366,1489
pre_xx_22221,chr2,240255715,240256522,807
pre_xx_22222,chr2,240258603,240260042,1439
pre_xx_22223,chr2,240325223,240326624,1401
pre_xx_22224,chr2,240350806,240352427,1621
pre_xx_22225,chr2,240362766,240365023,2257
pre_xx_22226,chr2,240369459,240370570,1111
pre_xx_22227,chr2,240373951,240374766,815
pre_xx_22228,chr2,240434581,240436945,2364
pre_xx_22229,chr2,240437887,240438555,668
pre_xx_22230,chr2,240452157,240453232,1075
pre_xx_22231,chr2,240455324,240456741,1417
pre_xx_22232,chr2,240466303,240467322,1019
pre_xx_22233,chr2,240468383,240469709,1326
pre_xx_22234,chr2,240519258,240520707,1449
pre_xx_22235,chr2,240557192,240558172,980
pre_xx_22236,chr2,240560082,240561462,1380
pre_xx_22237,chr2,240565600,240566837,1237
pre_xx_22238,chr2,240567461,240569533,2072
pre_xx_22239,chr2,240585711,240587950,2239
pre_xx_22240,chr2,240672260,240673287,1027
pre_xx_22241,chr2,240707041,240708182,1141
pre_xx_22242,chr2,240713711,240715339,1628
pre_xx_22243,chr2,240761553,240762472,919
pre_xx_22244,chr2,240774736,240776498,1762
pre_xx_22245,chr2,240781420,240782799,1379
pre_xx_22246,chr2,240791609,240793111,1502
pre_xx_22247,chr2,240798984,240800629,1645
pre_xx_22248,chr2,240818520,240821538,3018
pre_xx_22249,chr2,240831588,240833218,1630
pre_xx_22250,chr2,240840118,240840983,865
pre_xx_22251,chr2,240850859,240851688,829
pre_xx_22252,chr2,240895870,240897151,1281
pre_xx_22253,chr2,240913300,240914906,1606
pre_xx_22254,chr2,240915700,240917044,1344
pre_xx_22255,chr2,240925656,240927333,1677
pre_xx_22256,chr2,240960260,240961487,1227
pre_xx_22257,chr2,240961772,240962976,1204
pre_xx_22258,chr2,240983055,240984517,1462
pre_xx_22259,chr2,240997854,240999722,1868
pre_xx_22260,chr2,241009305,241010996,1691
pre_xx_22261,chr2,241034943,241036992,2049
pre_xx_22262,chr2,241063065,241064463,1398
pre_xx_22263,chr2,241066841,241067318,477
pre_xx_22264,chr2,241101190,241103447,2257
pre_xx_22265,chr2,241148703,241151467,2764
pre_xx_22266,chr2,241199802,241200545,743
pre_xx_22267,chr2,241215235,241216611,1376
pre_xx_22268,chr2,241217104,241219062,1958
pre_xx_22269,chr2,241223409,241224974,1565
pre_xx_22270,chr2,241271385,241273329,1944
pre_xx_22271,chr2,241302341,241303650,1309
pre_xx_22272,chr2,241314475,241316682,2207
pre_xx_22273,chr2,241355864,241357260,1396
pre_xx_22274,chr2,241507164,241509557,2393
pre_xx_22275,chr2,241540353,241542091,1738
pre_xx_22276,chr2,241546716,241547612,896
pre_xx_22277,chr2,241558397,241560185,1788
pre_xx_22278,chr2,241564264,241565752,1488
pre_xx_22279,chr2,241609738,241610831,1093
pre_xx_22280,chr2,241635873,241638375,2502
pre_xx_22281,chr2,241646523,241647621,1098
pre_xx_22282,chr2,241657907,241659651,1744
pre_xx_22283,chr2,241686185,241687907,1722
pre_xx_22284,chr2,241701012,241703416,2404
pre_xx_22285,chr2,241733826,241735750,1924
pre_xx_22286,chr2,241771254,241772447,1193
pre_xx_22287,chr2,241774489,241776143,1654
pre_xx_22288,chr2,241801817,241805197,3380
pre_xx_22289,chr2,241843306,241844553,1247
pre_xx_22290,chr2,241858402,241860588,2186
pre_xx_22291,chr2,241865836,241866950,1114
pre_xx_22292,chr2,241880910,241882647,1737
pre_xx_22293,chr2,241891808,241894149,2341
pre_xx_22294,chr2,241898843,241899956,1113
pre_xx_22295,chr2,241901537,241902844,1307
pre_xx_22296,chr2,241906002,241907041,1039
pre_xx_22297,chr2,241925772,241927542,1770
pre_xx_22298,chr2,241950425,241951707,1282
pre_xx_22299,chr2,242087690,242089314,1624
pre_xx_22300,chr20,266169,267364,1195
pre_xx_22301,chr20,289855,291941,2086
pre_xx_22302,chr20,297009,298779,1770
pre_xx_22303,chr20,300368,301522,1154
pre_xx_22304,chr20,309311,310881,1570
pre_xx_22305,chr20,323984,327655,3671
pre_xx_22306,chr20,330390,330876,486
pre_xx_22307,chr20,346305,348845,2540
pre_xx_22308,chr20,354111,354986,875
pre_xx_22309,chr20,360250,361163,913
pre_xx_22310,chr20,380547,382385,1838
pre_xx_22311,chr20,407118,409344,2226
pre_xx_22312,chr20,417248,418377,1129
pre_xx_22313,chr20,419368,420092,724
pre_xx_22314,chr20,431196,431871,675
pre_xx_22315,chr20,435764,436765,1001
pre_xx_22316,chr20,461412,463294,1882
pre_xx_22317,chr20,483400,484453,1053
pre_xx_22318,chr20,542749,544292,1543
pre_xx_22319,chr20,571651,573056,1405
pre_xx_22320,chr20,595353,596331,978
pre_xx_22321,chr20,609463,610626,1163
pre_xx_22322,chr20,611146,612383,1237
pre_xx_22323,chr20,635755,636431,676
pre_xx_22324,chr20,642349,643100,751
pre_xx_22325,chr20,645188,645859,671
pre_xx_22326,chr20,652110,653762,1652
pre_xx_22327,chr20,663328,664546,1218
pre_xx_22328,chr20,672111,673193,1082
pre_xx_22329,chr20,674968,676816,1848
pre_xx_22330,chr20,709257,710953,1696
pre_xx_22331,chr20,727656,728959,1303
pre_xx_22332,chr20,738669,739566,897
pre_xx_22333,chr20,774757,776321,1564
pre_xx_22334,chr20,811659,812767,1108
pre_xx_22335,chr20,833003,834543,1540
pre_xx_22336,chr20,840943,842496,1553
pre_xx_22337,chr20,844175,845345,1170
pre_xx_22338,chr20,884809,885506,697
pre_xx_22339,chr20,965051,966432,1381
pre_xx_22340,chr20,1001676,1003074,1398
pre_xx_22341,chr20,1118108,1119507,1399
pre_xx_22342,chr20,1184606,1186101,1495
pre_xx_22343,chr20,1225263,1226847,1584
pre_xx_22344,chr20,1265876,1267448,1572
pre_xx_22345,chr20,1312845,1314062,1217
pre_xx_22346,chr20,1324656,1326380,1724
pre_xx_22347,chr20,1391344,1393515,2171
pre_xx_22348,chr20,1466112,1468004,1892
pre_xx_22349,chr20,1764089,1764941,852
pre_xx_22350,chr20,1776269,1777616,1347
pre_xx_22351,chr20,1802126,1804192,2066
pre_xx_22352,chr20,1893621,1895548,1927
pre_xx_22353,chr20,1900148,1900842,694
pre_xx_22354,chr20,1934813,1936197,1384
pre_xx_22355,chr20,1946621,1947674,1053
pre_xx_22356,chr20,1965070,1966400,1330
pre_xx_22357,chr20,2005554,2006360,806
pre_xx_22358,chr20,2101430,2104035,2605
pre_xx_22359,chr20,2172115,2172901,786
pre_xx_22360,chr20,2177940,2179503,1563
pre_xx_22361,chr20,2206748,2208056,1308
pre_xx_22362,chr20,2469666,2471278,1612
pre_xx_22363,chr20,2507820,2510054,2234
pre_xx_22364,chr20,2524152,2525983,1831
pre_xx_22365,chr20,2558216,2559434,1218
pre_xx_22366,chr20,2651689,2653668,1979
pre_xx_22367,chr20,2663390,2665112,1722
pre_xx_22368,chr20,2691857,2694357,2500
pre_xx_22369,chr20,2749741,2753045,3304
pre_xx_22370,chr20,2798953,2801392,2439
pre_xx_22371,chr20,2804873,2806459,1586
pre_xx_22372,chr20,2819848,2822385,2537
pre_xx_22373,chr20,2839698,2841658,1960
pre_xx_22374,chr20,2851594,2852463,869
pre_xx_22375,chr20,2872163,2874277,2114
pre_xx_22376,chr20,3045191,3047027,1836
pre_xx_22377,chr20,3071285,3072666,1381
pre_xx_22378,chr20,3082233,3083767,1534
pre_xx_22379,chr20,3092489,3093637,1148
pre_xx_22380,chr20,3158845,3160258,1413
pre_xx_22381,chr20,3167891,3168671,780
pre_xx_22382,chr20,3172845,3174564,1719
pre_xx_22383,chr20,3203140,3204823,1683
pre_xx_22384,chr20,3208595,3210430,1835
pre_xx_22385,chr20,3237736,3240476,2740
pre_xx_22386,chr20,3247629,3249275,1646
pre_xx_22387,chr20,3406345,3409165,2820
pre_xx_22388,chr20,3470250,3472099,1849
pre_xx_22389,chr20,3660012,3661542,1530
pre_xx_22390,chr20,3665765,3666760,995
pre_xx_22391,chr20,3676603,3677146,543
pre_xx_22392,chr20,3680937,3682622,1685
pre_xx_22393,chr20,3710011,3711262,1251
pre_xx_22394,chr20,3720274,3721102,828
pre_xx_22395,chr20,3731787,3733707,1920
pre_xx_22396,chr20,3738670,3740753,2083
pre_xx_22397,chr20,3749156,3750073,917
pre_xx_22398,chr20,3751433,3752582,1149
pre_xx_22399,chr20,3766872,3769013,2141
pre_xx_22400,chr20,3777497,3778637,1140
pre_xx_22401,chr20,3781029,3781695,666
pre_xx_22402,chr20,3785389,3787068,1679
pre_xx_22403,chr20,3795376,3796749,1373
pre_xx_22404,chr20,3799242,3800363,1121
pre_xx_22405,chr20,3811156,3812292,1136
pre_xx_22406,chr20,3818216,3818828,612
pre_xx_22407,chr20,3819549,3821049,1500
pre_xx_22408,chr20,3845998,3847800,1802
pre_xx_22409,chr20,3874970,3876515,1545
pre_xx_22410,chr20,3888019,3890677,2658
pre_xx_22411,chr20,4013825,4016069,2244
pre_xx_22412,chr20,4063626,4065088,1462
pre_xx_22413,chr20,4085054,4085868,814
pre_xx_22414,chr20,4108259,4109099,840
pre_xx_22415,chr20,4148230,4150464,2234
pre_xx_22416,chr20,4160484,4162461,1977
pre_xx_22417,chr20,4170878,4172956,2078
pre_xx_22418,chr20,4220943,4222808,1865
pre_xx_22419,chr20,4242734,4243605,871
pre_xx_22420,chr20,4248649,4249932,1283
pre_xx_22421,chr20,4592057,4593099,1042
pre_xx_22422,chr20,4601407,4602468,1061
pre_xx_22423,chr20,4613102,4614684,1582
pre_xx_22424,chr20,4686018,4687722,1704
pre_xx_22425,chr20,4719807,4721922,2115
pre_xx_22426,chr20,4726500,4727372,872
pre_xx_22427,chr20,4730362,4731513,1151
pre_xx_22428,chr20,4760397,4761408,1011
pre_xx_22429,chr20,4822038,4824485,2447
pre_xx_22430,chr20,4936602,4938032,1430
pre_xx_22431,chr20,4972631,4974182,1551
pre_xx_22432,chr20,5000178,5002261,2083
pre_xx_22433,chr20,5077778,5078818,1040
pre_xx_22434,chr20,5112293,5113614,1321
pre_xx_22435,chr20,5118781,5120383,1602
pre_xx_22436,chr20,5126010,5128065,2055
pre_xx_22437,chr20,5170361,5172168,1807
pre_xx_22438,chr20,5191591,5192903,1312
pre_xx_22439,chr20,5205237,5206184,947
pre_xx_22440,chr20,5315698,5317140,1442
pre_xx_22441,chr20,5503715,5504964,1249
pre_xx_22442,chr20,5528567,5530230,1663
pre_xx_22443,chr20,5609724,5611359,1635
pre_xx_22444,chr20,5658763,5659901,1138
pre_xx_22445,chr20,5662657,5663872,1215
pre_xx_22446,chr20,5749434,5751301,1867
pre_xx_22447,chr20,5784639,5785127,488
pre_xx_22448,chr20,5786738,5788671,1933
pre_xx_22449,chr20,5835184,5836624,1440
pre_xx_22450,chr20,5845568,5846817,1249
pre_xx_22451,chr20,5910795,5912095,1300
pre_xx_22452,chr20,5949513,5951277,1764
pre_xx_22453,chr20,6005518,6006914,1396
pre_xx_22454,chr20,6040078,6042298,2220
pre_xx_22455,chr20,6051523,6052973,1450
pre_xx_22456,chr20,6053545,6054670,1125
pre_xx_22457,chr20,6058660,6059435,775
pre_xx_22458,chr20,6075252,6076082,830
pre_xx_22459,chr20,6122002,6123601,1599
pre_xx_22460,chr20,6697623,6698443,820
pre_xx_22461,chr20,6767184,6770891,3707
pre_xx_22462,chr20,6870067,6871280,1213
pre_xx_22463,chr20,7145804,7147973,2169
pre_xx_22464,chr20,7285511,7286628,1117
pre_xx_22465,chr20,7935830,7936836,1006
pre_xx_22466,chr20,8018254,8020117,1863
pre_xx_22467,chr20,8131358,8133340,1982
pre_xx_22468,chr20,8214644,8216461,1817
pre_xx_22469,chr20,8431141,8433564,2423
pre_xx_22470,chr20,8544961,8546018,1057
pre_xx_22471,chr20,8853317,8855709,2392
pre_xx_22472,chr20,9067245,9069655,2410
pre_xx_22473,chr20,9112644,9113491,847
pre_xx_22474,chr20,9348464,9349310,846
pre_xx_22475,chr20,9513964,9516838,2874
pre_xx_22476,chr20,9837956,9839578,1622
pre_xx_22477,chr20,10034433,10035536,1103
pre_xx_22478,chr20,10131399,10132795,1396
pre_xx_22479,chr20,10171701,10172927,1226
pre_xx_22480,chr20,10217141,10219825,2684
pre_xx_22481,chr20,10433278,10435759,2481
pre_xx_22482,chr20,10652478,10654066,1588
pre_xx_22483,chr20,10670905,10675054,4149
pre_xx_22484,chr20,11372470,11373918,1448
pre_xx_22485,chr20,11686093,11688178,2085
pre_xx_22486,chr20,11890142,11892572,2430
pre_xx_22487,chr20,11917417,11919872,2455
pre_xx_22488,chr20,11993827,11994606,779
pre_xx_22489,chr20,12432302,12433371,1069
pre_xx_22490,chr20,12672913,12674624,1711
pre_xx_22491,chr20,12925092,12925714,622
pre_xx_22492,chr20,12925960,12927216,1256
pre_xx_22493,chr20,13008595,13011031,2436
pre_xx_22494,chr20,13219724,13222224,2500
pre_xx_22495,chr20,13638159,13639422,1263
pre_xx_22496,chr20,13784199,13785675,1476
pre_xx_22497,chr20,13799647,13801227,1580
pre_xx_22498,chr20,13819892,13820691,799
pre_xx_22499,chr20,13934479,13935823,1344
pre_xx_22500,chr20,13994841,13996761,1920
pre_xx_22501,chr20,14140546,14141092,546
pre_xx_22502,chr20,14141987,14142598,611
pre_xx_22503,chr20,14142864,14143651,787
pre_xx_22504,chr20,14334341,14334751,410
pre_xx_22505,chr20,14336467,14337930,1463
pre_xx_22506,chr20,14415152,14416033,881
pre_xx_22507,chr20,14512225,14513574,1349
pre_xx_22508,chr20,15061122,15062326,1204
pre_xx_22509,chr20,15184335,15185269,934
pre_xx_22510,chr20,15185489,15186372,883
pre_xx_22511,chr20,15759419,15760813,1394
pre_xx_22512,chr20,16003982,16004926,944
pre_xx_22513,chr20,16190951,16192012,1061
pre_xx_22514,chr20,16261722,16263225,1503
pre_xx_22515,chr20,16572657,16573810,1153
pre_xx_22516,chr20,16574596,16575730,1134
pre_xx_22517,chr20,16729380,16730795,1415
pre_xx_22518,chr20,16760506,16761590,1084
pre_xx_22519,chr20,17169278,17170326,1048
pre_xx_22520,chr20,17202227,17203464,1237
pre_xx_22521,chr20,17225829,17228296,2467
pre_xx_22522,chr20,17504335,17505838,1503
pre_xx_22523,chr20,17530397,17531796,1399
pre_xx_22524,chr20,17536718,17537449,731
pre_xx_22525,chr20,17568685,17571301,2616
pre_xx_22526,chr20,17610717,17612820,2103
pre_xx_22527,chr20,17634510,17636977,2467
pre_xx_22528,chr20,17643532,17644793,1261
pre_xx_22529,chr20,17646040,17647137,1097
pre_xx_22530,chr20,17679930,17682915,2985
pre_xx_22531,chr20,17806255,17807520,1265
pre_xx_22532,chr20,17859393,17860108,715
pre_xx_22533,chr20,17863506,17864269,763
pre_xx_22534,chr20,17873576,17874589,1013
pre_xx_22535,chr20,17874992,17876465,1473
pre_xx_22536,chr20,17894905,17896732,1827
pre_xx_22537,chr20,17936356,17937788,1432
pre_xx_22538,chr20,17938731,17939733,1002
pre_xx_22539,chr20,17957808,17959283,1475
pre_xx_22540,chr20,17967948,17969628,1680
pre_xx_22541,chr20,18056104,18058207,2103
pre_xx_22542,chr20,18058585,18059393,808
pre_xx_22543,chr20,18136861,18138629,1768
pre_xx_22544,chr20,18287581,18289339,1758
pre_xx_22545,chr20,18466284,18467942,1658
pre_xx_22546,chr20,18495970,18497435,1465
pre_xx_22547,chr20,18506818,18508286,1468
pre_xx_22548,chr20,18566722,18568192,1470
pre_xx_22549,chr20,18587419,18588868,1449
pre_xx_22550,chr20,18739122,18740551,1429
pre_xx_22551,chr20,18793544,18794725,1181
pre_xx_22552,chr20,19211363,19213587,2224
pre_xx_22553,chr20,19274341,19276425,2084
pre_xx_22554,chr20,19551656,19553006,1350
pre_xx_22555,chr20,19756857,19759332,2475
pre_xx_22556,chr20,19783413,19785702,2289
pre_xx_22557,chr20,19902834,19903813,979
pre_xx_22558,chr20,19973934,19977359,3425
pre_xx_22559,chr20,19992862,19993723,861
pre_xx_22560,chr20,20002184,20004015,1831
pre_xx_22561,chr20,20016654,20018186,1532
pre_xx_22562,chr20,20037853,20039244,1391
pre_xx_22563,chr20,20051514,20052973,1459
pre_xx_22564,chr20,20366921,20369801,2880
pre_xx_22565,chr20,20410407,20412157,1750
pre_xx_22566,chr20,20663987,20665581,1594
pre_xx_22567,chr20,20711473,20713509,2036
pre_xx_22568,chr20,20872014,20873221,1207
pre_xx_22569,chr20,21101093,21102574,1481
pre_xx_22570,chr20,21102682,21103315,633
pre_xx_22571,chr20,21105380,21106410,1030
pre_xx_22572,chr20,21125148,21126990,1842
pre_xx_22573,chr20,21302104,21304652,2548
pre_xx_22574,chr20,21391221,21392141,920
pre_xx_22575,chr20,21395567,21397878,2311
pre_xx_22576,chr20,21505025,21506610,1585
pre_xx_22577,chr20,21509728,21511016,1288
pre_xx_22578,chr20,21511687,21512664,977
pre_xx_22579,chr20,21521473,21522901,1428
pre_xx_22580,chr20,21702729,21703536,807
pre_xx_22581,chr20,22403005,22404752,1747
pre_xx_22582,chr20,22583453,22585503,2050
pre_xx_22583,chr20,22691429,22692376,947
pre_xx_22584,chr20,22923539,22924621,1082
pre_xx_22585,chr20,23024173,23025130,957
pre_xx_22586,chr20,23034887,23035916,1029
pre_xx_22587,chr20,23048315,23051579,3264
pre_xx_22588,chr20,23124457,23126160,1703
pre_xx_22589,chr20,23349343,23351760,2417
pre_xx_22590,chr20,23357360,23358508,1148
pre_xx_22591,chr20,23361240,23363180,1940
pre_xx_22592,chr20,23419759,23421929,2170
pre_xx_22593,chr20,23637041,23638769,1728
pre_xx_22594,chr20,23868020,23869131,1111
pre_xx_22595,chr20,23937129,23937883,754
pre_xx_22596,chr20,23979915,23981518,1603
pre_xx_22597,chr20,23995180,23995963,783
pre_xx_22598,chr20,24116201,24119544,3343
pre_xx_22599,chr20,24210050,24210840,790
pre_xx_22600,chr20,24468843,24471534,2691
pre_xx_22601,chr20,24745596,24747657,2061
pre_xx_22602,chr20,24871433,24873205,1772
pre_xx_22603,chr20,24917881,24919717,1836
pre_xx_22604,chr20,24991917,24993163,1246
pre_xx_22605,chr20,24994674,24995332,658
pre_xx_22606,chr20,25032011,25034240,2229
pre_xx_22607,chr20,25039426,25040785,1359
pre_xx_22608,chr20,25052996,25053831,835
pre_xx_22609,chr20,25056846,25059479,2633
pre_xx_22610,chr20,25080866,25082128,1262
pre_xx_22611,chr20,25147820,25149127,1307
pre_xx_22612,chr20,25190958,25192302,1344
pre_xx_22613,chr20,25195147,25197423,2276
pre_xx_22614,chr20,25247099,25249027,1928
pre_xx_22615,chr20,25294112,25294781,669
pre_xx_22616,chr20,25389344,25391234,1890
pre_xx_22617,chr20,25397761,25399483,1722
pre_xx_22618,chr20,25407044,25408680,1636
pre_xx_22619,chr20,25436903,25437665,762
pre_xx_22620,chr20,25497002,25497725,723
pre_xx_22621,chr20,25533882,25534613,731
pre_xx_22622,chr20,25549217,25551010,1793
pre_xx_22623,chr20,25584338,25585955,1617
pre_xx_22624,chr20,25622574,25624665,2091
pre_xx_22625,chr20,25695648,25697196,1548
pre_xx_22626,chr20,25750179,25751719,1540
pre_xx_22627,chr20,25853041,25854404,1363
pre_xx_22628,chr20,25861317,25862080,763
pre_xx_22629,chr20,25863010,25863907,897
pre_xx_22630,chr20,25865424,25866159,735
pre_xx_22631,chr20,25867867,25868753,886
pre_xx_22632,chr20,25986804,25987803,999
pre_xx_22633,chr20,26009257,26010808,1551
pre_xx_22634,chr20,26207903,26209913,2010
pre_xx_22635,chr20,28602098,28603407,1309
pre_xx_22636,chr20,30283434,30284774,1340
pre_xx_22637,chr20,30288986,30290886,1900
pre_xx_22638,chr20,30376443,30377704,1261
pre_xx_22639,chr20,30499201,30500796,1595
pre_xx_22640,chr20,30579043,30580517,1474
pre_xx_22641,chr20,30585025,30586517,1492
pre_xx_22642,chr20,30723407,30725065,1658
pre_xx_22643,chr20,31474234,31476599,2365
pre_xx_22644,chr20,31502814,31503490,676
pre_xx_22645,chr20,31513643,31515301,1658
pre_xx_22646,chr20,31546488,31548376,1888
pre_xx_22647,chr20,31562522,31563334,812
pre_xx_22648,chr20,31572433,31573507,1074
pre_xx_22649,chr20,31587304,31588379,1075
pre_xx_22650,chr20,31603978,31606304,2326
pre_xx_22651,chr20,31606865,31607511,646
pre_xx_22652,chr20,31608074,31608873,799
pre_xx_22653,chr20,31612531,31613432,901
pre_xx_22654,chr20,31661232,31662429,1197
pre_xx_22655,chr20,31711999,31713656,1657
pre_xx_22656,chr20,31722363,31724128,1765
pre_xx_22657,chr20,31738390,31739820,1430
pre_xx_22658,chr20,31812004,31812792,788
pre_xx_22659,chr20,31822224,31824744,2520
pre_xx_22660,chr20,31841812,31843201,1389
pre_xx_22661,chr20,31860290,31862226,1936
pre_xx_22662,chr20,31869510,31871190,1680
pre_xx_22663,chr20,31879196,31880566,1370
pre_xx_22664,chr20,31913737,31914928,1191
pre_xx_22665,chr20,31917508,31918619,1111
pre_xx_22666,chr20,31942610,31943915,1305
pre_xx_22667,chr20,31950853,31952334,1481
pre_xx_22668,chr20,31967633,31968985,1352
pre_xx_22669,chr20,32017679,32019523,1844
pre_xx_22670,chr20,32030787,32031818,1031
pre_xx_22671,chr20,32051897,32053077,1180
pre_xx_22672,chr20,32091539,32092291,752
pre_xx_22673,chr20,32109096,32110719,1623
pre_xx_22674,chr20,32154838,32155980,1142
pre_xx_22675,chr20,32164839,32166273,1434
pre_xx_22676,chr20,32189549,32190795,1246
pre_xx_22677,chr20,32206625,32208353,1728
pre_xx_22678,chr20,32276815,32278500,1685
pre_xx_22679,chr20,32282185,32283159,974
pre_xx_22680,chr20,32301742,32303181,1439
pre_xx_22681,chr20,32357436,32359735,2299
pre_xx_22682,chr20,32362559,32363438,879
pre_xx_22683,chr20,32368817,32369386,569
pre_xx_22684,chr20,32431854,32432985,1131
pre_xx_22685,chr20,32445580,32446304,724
pre_xx_22686,chr20,32456635,32458389,1754
pre_xx_22687,chr20,32462834,32463280,446
pre_xx_22688,chr20,32463385,32464356,971
pre_xx_22689,chr20,32474344,32476417,2073
pre_xx_22690,chr20,32482180,32485881,3701
pre_xx_22691,chr20,32510216,32511623,1407
pre_xx_22692,chr20,32521488,32523472,1984
pre_xx_22693,chr20,32527197,32528853,1656
pre_xx_22694,chr20,32535825,32537459,1634
pre_xx_22695,chr20,32562024,32563510,1486
pre_xx_22696,chr20,32582775,32585802,3027
pre_xx_22697,chr20,32604971,32606373,1402
pre_xx_22698,chr20,32610371,32611741,1370
pre_xx_22699,chr20,32626807,32628418,1611
pre_xx_22700,chr20,32635695,32637155,1460
pre_xx_22701,chr20,32638550,32639280,730
pre_xx_22702,chr20,32649931,32651010,1079
pre_xx_22703,chr20,32652389,32653233,844
pre_xx_22704,chr20,32672395,32674727,2332
pre_xx_22705,chr20,32680772,32681852,1080
pre_xx_22706,chr20,32701987,32703488,1501
pre_xx_22707,chr20,32742249,32744181,1932
pre_xx_22708,chr20,32761700,32763705,2005
pre_xx_22709,chr20,32819391,32820862,1471
pre_xx_22710,chr20,32950016,32951185,1169
pre_xx_22711,chr20,32974739,32975793,1054
pre_xx_22712,chr20,33095751,33096311,560
pre_xx_22713,chr20,33209561,33210335,774
pre_xx_22714,chr20,33400570,33402216,1646
pre_xx_22715,chr20,33418844,33419950,1106
pre_xx_22716,chr20,33442409,33444646,2237
pre_xx_22717,chr20,33489185,33490824,1639
pre_xx_22718,chr20,33554240,33555753,1513
pre_xx_22719,chr20,33561804,33563020,1216
pre_xx_22720,chr20,33652909,33653830,921
pre_xx_22721,chr20,33662977,33664054,1077
pre_xx_22722,chr20,33666203,33668224,2021
pre_xx_22723,chr20,33673584,33675834,2250
pre_xx_22724,chr20,33684611,33686871,2260
pre_xx_22725,chr20,33719519,33720794,1275
pre_xx_22726,chr20,33731327,33733053,1726
pre_xx_22727,chr20,33810723,33813404,2681
pre_xx_22728,chr20,33862382,33863441,1059
pre_xx_22729,chr20,33866302,33867146,844
pre_xx_22730,chr20,33914848,33916518,1670
pre_xx_22731,chr20,33992669,33994737,2068
pre_xx_22732,chr20,33994947,33995743,796
pre_xx_22733,chr20,34068851,34070184,1333
pre_xx_22734,chr20,34110650,34113289,2639
pre_xx_22735,chr20,34190027,34191128,1101
pre_xx_22736,chr20,34215358,34216479,1121
pre_xx_22737,chr20,34268525,34269719,1194
pre_xx_22738,chr20,34302311,34303651,1340
pre_xx_22739,chr20,34311160,34313205,2045
pre_xx_22740,chr20,34362559,34364254,1695
pre_xx_22741,chr20,34424450,34426395,1945
pre_xx_22742,chr20,34514963,34517186,2223
pre_xx_22743,chr20,34522740,34523766,1026
pre_xx_22744,chr20,34525434,34526622,1188
pre_xx_22745,chr20,34544141,34545046,905
pre_xx_22746,chr20,34557962,34560325,2363
pre_xx_22747,chr20,34603864,34605448,1584
pre_xx_22748,chr20,34639268,34640455,1187
pre_xx_22749,chr20,34676046,34677820,1774
pre_xx_22750,chr20,34703447,34705335,1888
pre_xx_22751,chr20,34708560,34710377,1817
pre_xx_22752,chr20,34713001,34713859,858
pre_xx_22753,chr20,34824116,34825911,1795
pre_xx_22754,chr20,34872359,34873123,764
pre_xx_22755,chr20,34874036,34874367,331
pre_xx_22756,chr20,34875854,34877210,1356
pre_xx_22757,chr20,34938008,34938946,938
pre_xx_22758,chr20,34954870,34956648,1778
pre_xx_22759,chr20,34968417,34969622,1205
pre_xx_22760,chr20,34996811,34997748,937
pre_xx_22761,chr20,35091670,35093262,1592
pre_xx_22762,chr20,35145094,35145449,355
pre_xx_22763,chr20,35146230,35148348,2118
pre_xx_22764,chr20,35171563,35172927,1364
pre_xx_22765,chr20,35187629,35188293,664
pre_xx_22766,chr20,35191380,35192876,1496
pre_xx_22767,chr20,35207887,35208737,850
pre_xx_22768,chr20,35225153,35227556,2403
pre_xx_22769,chr20,35257190,35258861,1671
pre_xx_22770,chr20,35262867,35264338,1471
pre_xx_22771,chr20,35268971,35269781,810
pre_xx_22772,chr20,35277087,35278821,1734
pre_xx_22773,chr20,35283753,35285395,1642
pre_xx_22774,chr20,35303426,35304524,1098
pre_xx_22775,chr20,35363053,35363850,797
pre_xx_22776,chr20,35411147,35412521,1374
pre_xx_22777,chr20,35437679,35439377,1698
pre_xx_22778,chr20,35446632,35447524,892
pre_xx_22779,chr20,35454250,35455940,1690
pre_xx_22780,chr20,35466918,35467961,1043
pre_xx_22781,chr20,35541117,35542701,1584
pre_xx_22782,chr20,35600495,35602194,1699
pre_xx_22783,chr20,35615508,35617898,2390
pre_xx_22784,chr20,35618590,35619807,1217
pre_xx_22785,chr20,35663471,35665292,1821
pre_xx_22786,chr20,35697951,35699969,2018
pre_xx_22787,chr20,35741468,35743467,1999
pre_xx_22788,chr20,35771387,35772623,1236
pre_xx_22789,chr20,35883723,35884621,898
pre_xx_22790,chr20,35952627,35955184,2557
pre_xx_22791,chr20,36017014,36018675,1661
pre_xx_22792,chr20,36050203,36051693,1490
pre_xx_22793,chr20,36064033,36065497,1464
pre_xx_22794,chr20,36091464,36094818,3354
pre_xx_22795,chr20,36100635,36101527,892
pre_xx_22796,chr20,36102653,36103565,912
pre_xx_22797,chr20,36138480,36139224,744
pre_xx_22798,chr20,36153783,36155454,1671
pre_xx_22799,chr20,36156511,36156969,458
pre_xx_22800,chr20,36202673,36204209,1536
pre_xx_22801,chr20,36235844,36237565,1721
pre_xx_22802,chr20,36305780,36307691,1911
pre_xx_22803,chr20,36344320,36345046,726
pre_xx_22804,chr20,36435763,36436610,847
pre_xx_22805,chr20,36454405,36455657,1252
pre_xx_22806,chr20,36460596,36462032,1436
pre_xx_22807,chr20,36462286,36463061,775
pre_xx_22808,chr20,36467002,36468885,1883
pre_xx_22809,chr20,36486792,36487491,699
pre_xx_22810,chr20,36526538,36528272,1734
pre_xx_22811,chr20,36540478,36542851,2373
pre_xx_22812,chr20,36556112,36556892,780
pre_xx_22813,chr20,36571402,36572036,634
pre_xx_22814,chr20,36572718,36575797,3079
pre_xx_22815,chr20,36579828,36580624,796
pre_xx_22816,chr20,36586688,36587709,1021
pre_xx_22817,chr20,36591193,36592727,1534
pre_xx_22818,chr20,36604814,36606888,2074
pre_xx_22819,chr20,36623893,36625290,1397
pre_xx_22820,chr20,36696779,36697415,636
pre_xx_22821,chr20,36719138,36720084,946
pre_xx_22822,chr20,36744738,36746505,1767
pre_xx_22823,chr20,36773138,36774538,1400
pre_xx_22824,chr20,36776908,36778199,1291
pre_xx_22825,chr20,36821776,36822643,867
pre_xx_22826,chr20,36825263,36825916,653
pre_xx_22827,chr20,36827664,36828360,696
pre_xx_22828,chr20,36835226,36836322,1096
pre_xx_22829,chr20,36861672,36864305,2633
pre_xx_22830,chr20,36864678,36865086,408
pre_xx_22831,chr20,36886652,36888198,1546
pre_xx_22832,chr20,36950442,36952396,1954
pre_xx_22833,chr20,37095030,37097086,2056
pre_xx_22834,chr20,37178009,37180185,2176
pre_xx_22835,chr20,37191989,37192681,692
pre_xx_22836,chr20,37269331,37270074,743
pre_xx_22837,chr20,37288958,37290404,1446
pre_xx_22838,chr20,37303512,37304093,581
pre_xx_22839,chr20,37309592,37310792,1200
pre_xx_22840,chr20,37314047,37315854,1807
pre_xx_22841,chr20,37336017,37337022,1005
pre_xx_22842,chr20,37340302,37341033,731
pre_xx_22843,chr20,37345576,37346939,1363
pre_xx_22844,chr20,37383871,37385201,1330
pre_xx_22845,chr20,37395961,37396944,983
pre_xx_22846,chr20,37406065,37406872,807
pre_xx_22847,chr20,37412048,37412920,872
pre_xx_22848,chr20,37413966,37414882,916
pre_xx_22849,chr20,37520176,37521679,1503
pre_xx_22850,chr20,37522285,37522871,586
pre_xx_22851,chr20,37526281,37528467,2186
pre_xx_22852,chr20,37564087,37564934,847
pre_xx_22853,chr20,37567268,37568129,861
pre_xx_22854,chr20,37597787,37599315,1528
pre_xx_22855,chr20,37629994,37631076,1082
pre_xx_22856,chr20,37640902,37641694,792
pre_xx_22857,chr20,37693252,37694790,1538
pre_xx_22858,chr20,37844827,37845959,1132
pre_xx_22859,chr20,37901111,37902430,1319
pre_xx_22860,chr20,37914566,37915515,949
pre_xx_22861,chr20,37915688,37916595,907
pre_xx_22862,chr20,38032682,38034569,1887
pre_xx_22863,chr20,38083295,38085388,2093
pre_xx_22864,chr20,38143284,38145429,2145
pre_xx_22865,chr20,38164668,38165928,1260
pre_xx_22866,chr20,38258896,38261078,2182
pre_xx_22867,chr20,38433924,38435541,1617
pre_xx_22868,chr20,38446121,38447649,1528
pre_xx_22869,chr20,38471435,38473596,2161
pre_xx_22870,chr20,38645794,38647010,1216
pre_xx_22871,chr20,38673710,38674931,1221
pre_xx_22872,chr20,38723138,38724590,1452
pre_xx_22873,chr20,38730716,38731767,1051
pre_xx_22874,chr20,38747505,38749049,1544
pre_xx_22875,chr20,38804602,38807560,2958
pre_xx_22876,chr20,38825734,38826633,899
pre_xx_22877,chr20,38893135,38894657,1522
pre_xx_22878,chr20,38925715,38927332,1617
pre_xx_22879,chr20,38961611,38963277,1666
pre_xx_22880,chr20,39049473,39050700,1227
pre_xx_22881,chr20,39108547,39110124,1577
pre_xx_22882,chr20,39111288,39112533,1245
pre_xx_22883,chr20,39849289,39851388,2099
pre_xx_22884,chr20,39876919,39878740,1821
pre_xx_22885,chr20,39993459,39994320,861
pre_xx_22886,chr20,40682484,40683835,1351
pre_xx_22887,chr20,40687377,40688070,693
pre_xx_22888,chr20,40688350,40690320,1970
pre_xx_22889,chr20,40962635,40963330,695
pre_xx_22890,chr20,40968407,40969491,1084
pre_xx_22891,chr20,40990293,40991236,943
pre_xx_22892,chr20,41028004,41029899,1895
pre_xx_22893,chr20,41054550,41056174,1624
pre_xx_22894,chr20,41136354,41138967,2613
pre_xx_22895,chr20,41316543,41318221,1678
pre_xx_22896,chr20,41339661,41341623,1962
pre_xx_22897,chr20,41362141,41362608,467
pre_xx_22898,chr20,41365733,41367563,1830
pre_xx_22899,chr20,41373408,41374789,1381
pre_xx_22900,chr20,41395043,41396361,1318
pre_xx_22901,chr20,41408819,41409557,738
pre_xx_22902,chr20,41475093,41476699,1606
pre_xx_22903,chr20,41524671,41526206,1535
pre_xx_22904,chr20,41617210,41619968,2758
pre_xx_22905,chr20,41692508,41694248,1740
pre_xx_22906,chr20,41783522,41785162,1640
pre_xx_22907,chr20,43456815,43458957,2142
pre_xx_22908,chr20,43463075,43464078,1003
pre_xx_22909,chr20,43506929,43508978,2049
pre_xx_22910,chr20,43513480,43515435,1955
pre_xx_22911,chr20,43589990,43591614,1624
pre_xx_22912,chr20,43656731,43658317,1586
pre_xx_22913,chr20,43665533,43668007,2474
pre_xx_22914,chr20,43899179,43900954,1775
pre_xx_22915,chr20,43914108,43916994,2886
pre_xx_22916,chr20,44109857,44110501,644
pre_xx_22917,chr20,44115666,44116999,1333
pre_xx_22918,chr20,44136847,44137870,1023
pre_xx_22919,chr20,44142028,44142818,790
pre_xx_22920,chr20,44153385,44154881,1496
pre_xx_22921,chr20,44186376,44188394,2018
pre_xx_22922,chr20,44209704,44211848,2144
pre_xx_22923,chr20,44246896,44248523,1627
pre_xx_22924,chr20,44309741,44311499,1758
pre_xx_22925,chr20,44326263,44327330,1067
pre_xx_22926,chr20,44410811,44411782,971
pre_xx_22927,chr20,44475329,44476795,1466
pre_xx_22928,chr20,44494073,44495218,1145
pre_xx_22929,chr20,44521278,44522522,1244
pre_xx_22930,chr20,44523305,44524263,958
pre_xx_22931,chr20,44531190,44533254,2064
pre_xx_22932,chr20,44608994,44610360,1366
pre_xx_22933,chr20,44642054,44643111,1057
pre_xx_22934,chr20,44650870,44652972,2102
pre_xx_22935,chr20,44684689,44685744,1055
pre_xx_22936,chr20,44702555,44704252,1697
pre_xx_22937,chr20,44714213,44715168,955
pre_xx_22938,chr20,44728685,44729635,950
pre_xx_22939,chr20,44733185,44733690,505
pre_xx_22940,chr20,44736106,44736595,489
pre_xx_22941,chr20,44745339,44746353,1014
pre_xx_22942,chr20,44746803,44747846,1043
pre_xx_22943,chr20,44805421,44806538,1117
pre_xx_22944,chr20,44809251,44811197,1946
pre_xx_22945,chr20,44861379,44862402,1023
pre_xx_22946,chr20,44862994,44864161,1167
pre_xx_22947,chr20,44884743,44887014,2271
pre_xx_22948,chr20,44909302,44910940,1638
pre_xx_22949,chr20,44959026,44960815,1789
pre_xx_22950,chr20,44965903,44967195,1292
pre_xx_22951,chr20,45097492,45098803,1311
pre_xx_22952,chr20,45292817,45294097,1280
pre_xx_22953,chr20,45337266,45338094,828
pre_xx_22954,chr20,45341660,45342717,1057
pre_xx_22955,chr20,45346891,45348718,1827
pre_xx_22956,chr20,45362531,45363716,1185
pre_xx_22957,chr20,45372566,45374193,1627
pre_xx_22958,chr20,45405509,45407568,2059
pre_xx_22959,chr20,45415662,45416798,1136
pre_xx_22960,chr20,45436511,45437387,876
pre_xx_22961,chr20,45469261,45471433,2172
pre_xx_22962,chr20,45781164,45782062,898
pre_xx_22963,chr20,45791279,45792823,1544
pre_xx_22964,chr20,45811790,45813217,1427
pre_xx_22965,chr20,45823763,45824739,976
pre_xx_22966,chr20,45828380,45829132,752
pre_xx_22967,chr20,45833285,45834693,1408
pre_xx_22968,chr20,45856548,45858072,1524
pre_xx_22969,chr20,45878252,45878970,718
pre_xx_22970,chr20,45880573,45881536,963
pre_xx_22971,chr20,45889903,45891824,1921
pre_xx_22972,chr20,45910422,45912423,2001
pre_xx_22973,chr20,45924319,45926011,1692
pre_xx_22974,chr20,45933314,45935907,2593
pre_xx_22975,chr20,45948068,45950353,2285
pre_xx_22976,chr20,45970814,45972835,2021
pre_xx_22977,chr20,46013335,46014623,1288
pre_xx_22978,chr20,46021321,46023184,1863
pre_xx_22979,chr20,46029067,46029784,717
pre_xx_22980,chr20,46056978,46059253,2275
pre_xx_22981,chr20,46088398,46090571,2173
pre_xx_22982,chr20,46111984,46113456,1472
pre_xx_22983,chr20,46130070,46130770,700
pre_xx_22984,chr20,46132046,46132968,922
pre_xx_22985,chr20,46138773,46140389,1616
pre_xx_22986,chr20,46174154,46175059,905
pre_xx_22987,chr20,46188523,46189586,1063
pre_xx_22988,chr20,46192110,46192957,847
pre_xx_22989,chr20,46202757,46203590,833
pre_xx_22990,chr20,46206782,46207700,918
pre_xx_22991,chr20,46209771,46210740,969
pre_xx_22992,chr20,46230539,46231309,770
pre_xx_22993,chr20,46251027,46251751,724
pre_xx_22994,chr20,46255288,46256133,845
pre_xx_22995,chr20,46292850,46293511,661
pre_xx_22996,chr20,46305339,46305977,638
pre_xx_22997,chr20,46306893,46308930,2037
pre_xx_22998,chr20,46312221,46312847,626
pre_xx_22999,chr20,46329623,46330843,1220
pre_xx_23000,chr20,46341244,46342597,1353
pre_xx_23001,chr20,46347803,46349451,1648
pre_xx_23002,chr20,46349621,46350868,1247
pre_xx_23003,chr20,46356170,46357874,1704
pre_xx_23004,chr20,46363577,46364796,1219
pre_xx_23005,chr20,46405731,46407352,1621
pre_xx_23006,chr20,46410696,46411337,641
pre_xx_23007,chr20,46420573,46421273,700
pre_xx_23008,chr20,46458629,46459642,1013
pre_xx_23009,chr20,46512856,46513942,1086
pre_xx_23010,chr20,46562091,46563476,1385
pre_xx_23011,chr20,46568284,46569200,916
pre_xx_23012,chr20,46650842,46651825,983
pre_xx_23013,chr20,46682750,46684661,1911
pre_xx_23014,chr20,46688648,46690324,1676
pre_xx_23015,chr20,46708130,46710364,2234
pre_xx_23016,chr20,46810481,46811865,1384
pre_xx_23017,chr20,46894272,46896157,1885
pre_xx_23018,chr20,46897269,46898231,962
pre_xx_23019,chr20,47049820,47051051,1231
pre_xx_23020,chr20,47124302,47126591,2289
pre_xx_23021,chr20,47241952,47243324,1372
pre_xx_23022,chr20,47253404,47254560,1156
pre_xx_23023,chr20,47280798,47282222,1424
pre_xx_23024,chr20,47317995,47320159,2164
pre_xx_23025,chr20,47351670,47352945,1275
pre_xx_23026,chr20,47356465,47357983,1518
pre_xx_23027,chr20,47358566,47359572,1006
pre_xx_23028,chr20,47360196,47361305,1109
pre_xx_23029,chr20,47383734,47384857,1123
pre_xx_23030,chr20,47492888,47494267,1379
pre_xx_23031,chr20,47501178,47503267,2089
pre_xx_23032,chr20,47576100,47577081,981
pre_xx_23033,chr20,47663506,47664317,811
pre_xx_23034,chr20,47664687,47665821,1134
pre_xx_23035,chr20,47677660,47678337,677
pre_xx_23036,chr20,47725165,47725862,697
pre_xx_23037,chr20,47758450,47759186,736
pre_xx_23038,chr20,47761036,47761848,812
pre_xx_23039,chr20,47773277,47774484,1207
pre_xx_23040,chr20,47778082,47779209,1127
pre_xx_23041,chr20,47784428,47786873,2445
pre_xx_23042,chr20,47842782,47843307,525
pre_xx_23043,chr20,48069603,48071624,2021
pre_xx_23044,chr20,48075522,48076382,860
pre_xx_23045,chr20,48153005,48153920,915
pre_xx_23046,chr20,48164430,48165681,1251
pre_xx_23047,chr20,48186306,48187280,974
pre_xx_23048,chr20,48216918,48217678,760
pre_xx_23049,chr20,48295057,48296386,1329
pre_xx_23050,chr20,48485875,48486452,577
pre_xx_23051,chr20,48522855,48524134,1279
pre_xx_23052,chr20,48538093,48538861,768
pre_xx_23053,chr20,48585686,48586504,818
pre_xx_23054,chr20,48619409,48621655,2246
pre_xx_23055,chr20,48622346,48622986,640
pre_xx_23056,chr20,48657447,48658400,953
pre_xx_23057,chr20,48667896,48669043,1147
pre_xx_23058,chr20,48682188,48683471,1283
pre_xx_23059,chr20,48697627,48698477,850
pre_xx_23060,chr20,48702357,48703928,1571
pre_xx_23061,chr20,48758124,48759097,973
pre_xx_23062,chr20,48768728,48770357,1629
pre_xx_23063,chr20,48771328,48771916,588
pre_xx_23064,chr20,48826822,48828665,1843
pre_xx_23065,chr20,48904341,48905529,1188
pre_xx_23066,chr20,48920669,48922586,1917
pre_xx_23067,chr20,49045569,49047360,1791
pre_xx_23068,chr20,49132831,49133845,1014
pre_xx_23069,chr20,49186549,49189008,2459
pre_xx_23070,chr20,49216891,49217434,543
pre_xx_23071,chr20,49218761,49220317,1556
pre_xx_23072,chr20,49276149,49279111,2962
pre_xx_23073,chr20,49306577,49307534,957
pre_xx_23074,chr20,49317982,49319754,1772
pre_xx_23075,chr20,49347615,49348185,570
pre_xx_23076,chr20,49482247,49484669,2422
pre_xx_23077,chr20,49505189,49505901,712
pre_xx_23078,chr20,49567507,49569083,1576
pre_xx_23079,chr20,49608657,49609239,582
pre_xx_23080,chr20,49610547,49611503,956
pre_xx_23081,chr20,49635918,49637486,1568
pre_xx_23082,chr20,49641156,49643110,1954
pre_xx_23083,chr20,49696499,49697449,950
pre_xx_23084,chr20,49712382,49714265,1883
pre_xx_23085,chr20,49750418,49751712,1294
pre_xx_23086,chr20,49774870,49776696,1826
pre_xx_23087,chr20,49811875,49813373,1498
pre_xx_23088,chr20,49890056,49892002,1946
pre_xx_23089,chr20,49914165,49916234,2069
pre_xx_23090,chr20,49928274,49929254,980
pre_xx_23091,chr20,49935773,49937946,2173
pre_xx_23092,chr20,49978850,49979591,741
pre_xx_23093,chr20,49981884,49983456,1572
pre_xx_23094,chr20,49988871,49990779,1908
pre_xx_23095,chr20,50009392,50010418,1026
pre_xx_23096,chr20,50052576,50053536,960
pre_xx_23097,chr20,50054571,50055661,1090
pre_xx_23098,chr20,50070972,50071668,696
pre_xx_23099,chr20,50075451,50076001,550
pre_xx_23100,chr20,50085273,50087133,1860
pre_xx_23101,chr20,50107029,50108042,1013
pre_xx_23102,chr20,50112012,50113445,1433
pre_xx_23103,chr20,50115384,50116215,831
pre_xx_23104,chr20,50120675,50121327,652
pre_xx_23105,chr20,50152344,50154250,1906
pre_xx_23106,chr20,50165400,50166517,1117
pre_xx_23107,chr20,50171428,50173014,1586
pre_xx_23108,chr20,50189916,50193543,3627
pre_xx_23109,chr20,50233233,50234357,1124
pre_xx_23110,chr20,50242523,50243555,1032
pre_xx_23111,chr20,50284400,50287065,2665
pre_xx_23112,chr20,50295554,50296412,858
pre_xx_23113,chr20,50308221,50309808,1587
pre_xx_23114,chr20,50320606,50322338,1732
pre_xx_23115,chr20,50334978,50335492,514
pre_xx_23116,chr20,50338523,50339709,1186
pre_xx_23117,chr20,50366292,50367178,886
pre_xx_23118,chr20,50388825,50390515,1690
pre_xx_23119,chr20,50398805,50400497,1692
pre_xx_23120,chr20,50464065,50464713,648
pre_xx_23121,chr20,50509400,50511856,2456
pre_xx_23122,chr20,50628114,50629210,1096
pre_xx_23123,chr20,50635521,50637179,1658
pre_xx_23124,chr20,50644967,50646110,1143
pre_xx_23125,chr20,50654796,50656062,1266
pre_xx_23126,chr20,50662962,50663741,779
pre_xx_23127,chr20,50676704,50677259,555
pre_xx_23128,chr20,50678056,50679040,984
pre_xx_23129,chr20,50679767,50680790,1023
pre_xx_23130,chr20,50689553,50692348,2795
pre_xx_23131,chr20,50724309,50725545,1236
pre_xx_23132,chr20,50730248,50732646,2398
pre_xx_23133,chr20,50790264,50791145,881
pre_xx_23134,chr20,50794204,50795742,1538
pre_xx_23135,chr20,50818021,50818854,833
pre_xx_23136,chr20,50848038,50849426,1388
pre_xx_23137,chr20,50855605,50857187,1582
pre_xx_23138,chr20,50870160,50871747,1587
pre_xx_23139,chr20,50929112,50929732,620
pre_xx_23140,chr20,50929938,50932172,2234
pre_xx_23141,chr20,50957152,50959792,2640
pre_xx_23142,chr20,50987379,50988146,767
pre_xx_23143,chr20,51022423,51023884,1461
pre_xx_23144,chr20,51190297,51191323,1026
pre_xx_23145,chr20,51211620,51212255,635
pre_xx_23146,chr20,51306257,51307141,884
pre_xx_23147,chr20,51372106,51372832,726
pre_xx_23148,chr20,51411765,51413430,1665
pre_xx_23149,chr20,51426883,51429709,2826
pre_xx_23150,chr20,51446518,51447909,1391
pre_xx_23151,chr20,51456209,51457753,1544
pre_xx_23152,chr20,51469521,51470727,1206
pre_xx_23153,chr20,51491783,51493223,1440
pre_xx_23154,chr20,51506635,51507695,1060
pre_xx_23155,chr20,51528528,51530054,1526
pre_xx_23156,chr20,51540628,51543363,2735
pre_xx_23157,chr20,51561531,51564186,2655
pre_xx_23158,chr20,51565749,51566442,693
pre_xx_23159,chr20,51594240,51595620,1380
pre_xx_23160,chr20,51645349,51646512,1163
pre_xx_23161,chr20,51677464,51678869,1405
pre_xx_23162,chr20,51695453,51697291,1838
pre_xx_23163,chr20,51766785,51769141,2356
pre_xx_23164,chr20,51799971,51802824,2853
pre_xx_23165,chr20,52031148,52032285,1137
pre_xx_23166,chr20,52103457,52106651,3194
pre_xx_23167,chr20,52190553,52192661,2108
pre_xx_23168,chr20,52382280,52383547,1267
pre_xx_23169,chr20,52409824,52411373,1549
pre_xx_23170,chr20,52971883,52973869,1986
pre_xx_23171,chr20,52974062,52975628,1566
pre_xx_23172,chr20,53161919,53162913,994
pre_xx_23173,chr20,53216545,53217413,868
pre_xx_23174,chr20,53444029,53445841,1812
pre_xx_23175,chr20,53578475,53580064,1589
pre_xx_23176,chr20,53592498,53594901,2403
pre_xx_23177,chr20,53596400,53596846,446
pre_xx_23178,chr20,53622698,53624296,1598
pre_xx_23179,chr20,53736129,53738835,2706
pre_xx_23180,chr20,53914299,53916349,2050
pre_xx_23181,chr20,54172570,54175038,2468
pre_xx_23182,chr20,54207321,54209356,2035
pre_xx_23183,chr20,54474463,54476900,2437
pre_xx_23184,chr20,54513839,54514879,1040
pre_xx_23185,chr20,55095532,55096788,1256
pre_xx_23186,chr20,55253483,55254266,783
pre_xx_23187,chr20,56002881,56005854,2973
pre_xx_23188,chr20,56186620,56188187,1567
pre_xx_23189,chr20,56347546,56349087,1541
pre_xx_23190,chr20,56358302,56360246,1944
pre_xx_23191,chr20,56360627,56361292,665
pre_xx_23192,chr20,56362608,56363438,830
pre_xx_23193,chr20,56382051,56383628,1577
pre_xx_23194,chr20,56391064,56393293,2229
pre_xx_23195,chr20,56467929,56469025,1096
pre_xx_23196,chr20,56628308,56629428,1120
pre_xx_23197,chr20,56629662,56631206,1544
pre_xx_23198,chr20,56924362,56926146,1784
pre_xx_23199,chr20,57089467,57090170,703
pre_xx_23200,chr20,57211453,57213287,1834
pre_xx_23201,chr20,57265673,57267242,1569
pre_xx_23202,chr20,57287078,57289483,2405
pre_xx_23203,chr20,57350363,57351971,1608
pre_xx_23204,chr20,57388957,57392296,3339
pre_xx_23205,chr20,57397771,57399476,1705
pre_xx_23206,chr20,57435318,57436160,842
pre_xx_23207,chr20,57440527,57441661,1134
pre_xx_23208,chr20,57469207,57470056,849
pre_xx_23209,chr20,57480550,57482695,2145
pre_xx_23210,chr20,57494702,57495574,872
pre_xx_23211,chr20,57596694,57597447,753
pre_xx_23212,chr20,57708580,57710793,2213
pre_xx_23213,chr20,57718378,57719073,695
pre_xx_23214,chr20,57748196,57750203,2007
pre_xx_23215,chr20,58131175,58132098,923
pre_xx_23216,chr20,58150301,58151159,858
pre_xx_23217,chr20,58179151,58180082,931
pre_xx_23218,chr20,58209019,58210265,1246
pre_xx_23219,chr20,58227845,58229321,1476
pre_xx_23220,chr20,58236617,58237411,794
pre_xx_23221,chr20,58288874,58289673,799
pre_xx_23222,chr20,58308648,58310660,2012
pre_xx_23223,chr20,58388689,58390022,1333
pre_xx_23224,chr20,58395424,58396293,869
pre_xx_23225,chr20,58402094,58403011,917
pre_xx_23226,chr20,58422979,58424521,1542
pre_xx_23227,chr20,58466854,58468483,1629
pre_xx_23228,chr20,58511015,58512192,1177
pre_xx_23229,chr20,58514119,58515575,1456
pre_xx_23230,chr20,58522505,58524242,1737
pre_xx_23231,chr20,58549835,58550983,1148
pre_xx_23232,chr20,58553547,58554309,762
pre_xx_23233,chr20,58557664,58559013,1349
pre_xx_23234,chr20,58567851,58570055,2204
pre_xx_23235,chr20,58603626,58604939,1313
pre_xx_23236,chr20,58611077,58613074,1997
pre_xx_23237,chr20,58634005,58635487,1482
pre_xx_23238,chr20,58649527,58652759,3232
pre_xx_23239,chr20,58692154,58694049,1895
pre_xx_23240,chr20,58697008,58697832,824
pre_xx_23241,chr20,58839276,58840361,1085
pre_xx_23242,chr20,58850431,58851314,883
pre_xx_23243,chr20,58852389,58853078,689
pre_xx_23244,chr20,58888515,58889393,878
pre_xx_23245,chr20,58890226,58892825,2599
pre_xx_23246,chr20,58906868,58908526,1658
pre_xx_23247,chr20,58980599,58982170,1571
pre_xx_23248,chr20,59006162,59007500,1338
pre_xx_23249,chr20,59016193,59017747,1554
pre_xx_23250,chr20,59031588,59033074,1486
pre_xx_23251,chr20,59041895,59043427,1532
pre_xx_23252,chr20,59221210,59223623,2413
pre_xx_23253,chr20,59294331,59295127,796
pre_xx_23254,chr20,59299759,59301266,1507
pre_xx_23255,chr20,59402200,59404737,2537
pre_xx_23256,chr20,59455073,59456292,1219
pre_xx_23257,chr20,59514576,59515987,1411
pre_xx_23258,chr20,59525253,59526510,1257
pre_xx_23259,chr20,59571297,59572389,1092
pre_xx_23260,chr20,59576967,59577760,793
pre_xx_23261,chr20,59583064,59583858,794
pre_xx_23262,chr20,59603779,59605989,2210
pre_xx_23263,chr20,59782713,59783434,721
pre_xx_23264,chr20,59834955,59836385,1430
pre_xx_23265,chr20,59932461,59934510,2049
pre_xx_23266,chr20,59939020,59941247,2227
pre_xx_23267,chr20,60010112,60012090,1978
pre_xx_23268,chr20,60078095,60079475,1380
pre_xx_23269,chr20,60254936,60256399,1463
pre_xx_23270,chr20,60263786,60265461,1675
pre_xx_23271,chr20,60715265,60716339,1074
pre_xx_23272,chr20,61099209,61100704,1495
pre_xx_23273,chr20,61192174,61192854,680
pre_xx_23274,chr20,61202905,61203984,1079
pre_xx_23275,chr20,61251758,61254565,2807
pre_xx_23276,chr20,61322024,61323347,1323
pre_xx_23277,chr20,61530458,61531059,601
pre_xx_23278,chr20,61581730,61582680,950
pre_xx_23279,chr20,61608093,61608727,634
pre_xx_23280,chr20,61643621,61645103,1482
pre_xx_23281,chr20,61672578,61674297,1719
pre_xx_23282,chr20,61719187,61720314,1127
pre_xx_23283,chr20,61802715,61804554,1839
pre_xx_23284,chr20,61806827,61808016,1189
pre_xx_23285,chr20,61899850,61901091,1241
pre_xx_23286,chr20,61951689,61952474,785
pre_xx_23287,chr20,61955902,61957247,1345
pre_xx_23288,chr20,61964445,61966323,1878
pre_xx_23289,chr20,62009798,62011228,1430
pre_xx_23290,chr20,62018984,62020509,1525
pre_xx_23291,chr20,62042456,62043791,1335
pre_xx_23292,chr20,62063205,62064489,1284
pre_xx_23293,chr20,62064578,62067359,2781
pre_xx_23294,chr20,62103682,62105495,1813
pre_xx_23295,chr20,62119675,62120128,453
pre_xx_23296,chr20,62121308,62124064,2756
pre_xx_23297,chr20,62141780,62144983,3203
pre_xx_23298,chr20,62148939,62151233,2294
pre_xx_23299,chr20,62156056,62157299,1243
pre_xx_23300,chr20,62182272,62183924,1652
pre_xx_23301,chr20,62186849,62187743,894
pre_xx_23302,chr20,62208124,62209206,1082
pre_xx_23303,chr20,62218922,62221576,2654
pre_xx_23304,chr20,62237806,62239460,1654
pre_xx_23305,chr20,62243936,62245158,1222
pre_xx_23306,chr20,62274194,62275173,979
pre_xx_23307,chr20,62301785,62304197,2412
pre_xx_23308,chr20,62355271,62357988,2717
pre_xx_23309,chr20,62359050,62360105,1055
pre_xx_23310,chr20,62361762,62362177,415
pre_xx_23311,chr20,62364777,62365153,376
pre_xx_23312,chr20,62365766,62366839,1073
pre_xx_23313,chr20,62366949,62367663,714
pre_xx_23314,chr20,62367929,62369433,1504
pre_xx_23315,chr20,62370038,62370643,605
pre_xx_23316,chr20,62375147,62376820,1673
pre_xx_23317,chr20,62377298,62378441,1143
pre_xx_23318,chr20,62382541,62383018,477
pre_xx_23319,chr20,62385798,62387737,1939
pre_xx_23320,chr20,62405149,62405640,491
pre_xx_23321,chr20,62406621,62407831,1210
pre_xx_23322,chr20,62409788,62410801,1013
pre_xx_23323,chr20,62473948,62474571,623
pre_xx_23324,chr20,62474977,62476738,1761
pre_xx_23325,chr20,62484979,62485960,981
pre_xx_23326,chr20,62486629,62488054,1425
pre_xx_23327,chr20,62499902,62500618,716
pre_xx_23328,chr20,62511405,62513179,1774
pre_xx_23329,chr20,62529138,62530963,1825
pre_xx_23330,chr20,62549942,62551809,1867
pre_xx_23331,chr20,62576431,62577217,786
pre_xx_23332,chr20,62595385,62596755,1370
pre_xx_23333,chr20,62606140,62607242,1102
pre_xx_23334,chr20,62616615,62617235,620
pre_xx_23335,chr20,62623034,62625071,2037
pre_xx_23336,chr20,62641769,62643652,1883
pre_xx_23337,chr20,62651706,62653025,1319
pre_xx_23338,chr20,62667964,62669221,1257
pre_xx_23339,chr20,62704148,62705053,905
pre_xx_23340,chr20,62707957,62709338,1381
pre_xx_23341,chr20,62751502,62753239,1737
pre_xx_23342,chr20,62766466,62767114,648
pre_xx_23343,chr20,62768301,62769226,925
pre_xx_23344,chr20,62780068,62781195,1127
pre_xx_23345,chr20,62791292,62791748,456
pre_xx_23346,chr20,62793752,62794831,1079
pre_xx_23347,chr20,62795055,62795732,677
pre_xx_23348,chr20,62796077,62796825,748
pre_xx_23349,chr20,62803994,62806269,2275
pre_xx_23350,chr20,62815363,62817505,2142
pre_xx_23351,chr20,62818415,62819764,1349
pre_xx_23352,chr20,62824522,62825715,1193
pre_xx_23353,chr20,62860217,62862945,2728
pre_xx_23354,chr20,62873509,62874499,990
pre_xx_23355,chr20,62899396,62901233,1837
pre_xx_23356,chr20,62919440,62920369,929
pre_xx_23357,chr20,62925563,62927101,1538
pre_xx_23358,chr20,62928738,62929558,820
pre_xx_23359,chr20,62936805,62939039,2234
pre_xx_23360,chr20,62952302,62954827,2525
pre_xx_23361,chr20,62972178,62973517,1339
pre_xx_23362,chr20,62979653,62981352,1699
pre_xx_23363,chr20,63006152,63007258,1106
pre_xx_23364,chr20,63008650,63009517,867
pre_xx_23365,chr20,63055710,63057378,1668
pre_xx_23366,chr20,63069521,63070201,680
pre_xx_23367,chr20,63081970,63082749,779
pre_xx_23368,chr20,63101669,63103624,1955
pre_xx_23369,chr20,63178505,63179690,1185
pre_xx_23370,chr20,63215089,63217041,1952
pre_xx_23371,chr20,63224346,63225376,1030
pre_xx_23372,chr20,63230435,63231198,763
pre_xx_23373,chr20,63234418,63235085,667
pre_xx_23374,chr20,63252999,63255299,2300
pre_xx_23375,chr20,63260975,63262289,1314
pre_xx_23376,chr20,63268379,63269253,874
pre_xx_23377,chr20,63272016,63274053,2037
pre_xx_23378,chr20,63294899,63296160,1261
pre_xx_23379,chr20,63309205,63310030,825
pre_xx_23380,chr20,63315031,63316194,1163
pre_xx_23381,chr20,63320997,63321884,887
pre_xx_23382,chr20,63332962,63333851,889
pre_xx_23383,chr20,63351495,63353281,1786
pre_xx_23384,chr20,63360058,63362446,2388
pre_xx_23385,chr20,63366473,63367363,890
pre_xx_23386,chr20,63377188,63378990,1802
pre_xx_23387,chr20,63393702,63394890,1188
pre_xx_23388,chr20,63410416,63411468,1052
pre_xx_23389,chr20,63452763,63455414,2651
pre_xx_23390,chr20,63470960,63472775,1815
pre_xx_23391,chr20,63475050,63475618,568
pre_xx_23392,chr20,63487764,63489048,1284
pre_xx_23393,chr20,63495976,63496764,788
pre_xx_23394,chr20,63498798,63499903,1105
pre_xx_23395,chr20,63501603,63503041,1438
pre_xx_23396,chr20,63519590,63521499,1909
pre_xx_23397,chr20,63537556,63538492,936
pre_xx_23398,chr20,63541971,63542856,885
pre_xx_23399,chr20,63552865,63554839,1974
pre_xx_23400,chr20,63572930,63574909,1979
pre_xx_23401,chr20,63625890,63627642,1752
pre_xx_23402,chr20,63627907,63628612,705
pre_xx_23403,chr20,63641215,63643221,2006
pre_xx_23404,chr20,63651565,63654030,2465
pre_xx_23405,chr20,63657495,63659257,1762
pre_xx_23406,chr20,63696149,63697561,1412
pre_xx_23407,chr20,63703217,63703495,278
pre_xx_23408,chr20,63706783,63708876,2093
pre_xx_23409,chr20,63738679,63741400,2721
pre_xx_23410,chr20,63747496,63748646,1150
pre_xx_23411,chr20,63774942,63776195,1253
pre_xx_23412,chr20,63785672,63786652,980
pre_xx_23413,chr20,63829641,63832579,2938
pre_xx_23414,chr20,63834782,63835748,966
pre_xx_23415,chr20,63845991,63846898,907
pre_xx_23416,chr20,63847229,63848342,1113
pre_xx_23417,chr20,63853927,63855947,2020
pre_xx_23418,chr20,63857141,63859216,2075
pre_xx_23419,chr20,63863807,63866018,2211
pre_xx_23420,chr20,63894120,63896942,2822
pre_xx_23421,chr20,63948156,63950198,2042
pre_xx_23422,chr20,63955243,63958088,2845
pre_xx_23423,chr20,63969101,63970717,1616
pre_xx_23424,chr20,63973531,63974212,681
pre_xx_23425,chr20,63978504,63980330,1826
pre_xx_23426,chr20,63980573,63981665,1092
pre_xx_23427,chr20,64038237,64039538,1301
pre_xx_23428,chr20,64041467,64042428,961
pre_xx_23429,chr20,64047820,64050150,2330
pre_xx_23430,chr20,64057092,64058087,995
pre_xx_23431,chr20,64062253,64064320,2067
pre_xx_23432,chr20,64065230,64065702,472
pre_xx_23433,chr20,64079260,64080519,1259
pre_xx_23434,chr20,64083306,64085097,1791
pre_xx_23435,chr20,64091477,64093500,2023
pre_xx_23436,chr20,64098766,64099603,837
pre_xx_23437,chr20,64101715,64103010,1295
pre_xx_23438,chr20,64119755,64120775,1020
pre_xx_23439,chr20,64161350,64162283,933
pre_xx_23440,chr20,64212498,64213705,1207
pre_xx_23441,chr20,64221092,64224781,3689
pre_xx_23442,chr20,64254608,64256772,2164
pre_xx_23443,chr20,64327275,64328605,1330
pre_xx_23444,chr21,5154350,5154978,628
pre_xx_23445,chr21,8219463,8220254,791
pre_xx_23446,chr21,14026840,14027775,935
pre_xx_23447,chr21,14215722,14217255,1533
pre_xx_23448,chr21,14382350,14384071,1721
pre_xx_23449,chr21,14988694,14989795,1101
pre_xx_23450,chr21,15005074,15005974,900
pre_xx_23451,chr21,15063818,15066435,2617
pre_xx_23452,chr21,15443216,15444849,1633
pre_xx_23453,chr21,15482819,15483521,702
pre_xx_23454,chr21,15638713,15639690,977
pre_xx_23455,chr21,15728896,15731010,2114
pre_xx_23456,chr21,16193793,16195828,2035
pre_xx_23457,chr21,16279466,16281041,1575
pre_xx_23458,chr21,16418756,16420562,1806
pre_xx_23459,chr21,16586991,16588897,1906
pre_xx_23460,chr21,16779056,16780435,1379
pre_xx_23461,chr21,16837010,16838988,1978
pre_xx_23462,chr21,17454011,17455208,1197
pre_xx_23463,chr21,17511820,17514327,2507
pre_xx_23464,chr21,17610558,17613567,3009
pre_xx_23465,chr21,17688764,17689760,996
pre_xx_23466,chr21,17818109,17820195,2086
pre_xx_23467,chr21,18244361,18246031,1670
pre_xx_23468,chr21,19228016,19228898,882
pre_xx_23469,chr21,19607779,19608702,923
pre_xx_23470,chr21,20996900,20998892,1992
pre_xx_23471,chr21,22223120,22223886,766
pre_xx_23472,chr21,24903441,24904827,1386
pre_xx_23473,chr21,24994619,24995937,1318
pre_xx_23474,chr21,25385723,25386457,734
pre_xx_23475,chr21,25561356,25562655,1299
pre_xx_23476,chr21,25606761,25608620,1859
pre_xx_23477,chr21,25637902,25640592,2690
pre_xx_23478,chr21,25733918,25736546,2628
pre_xx_23479,chr21,25856960,25858538,1578
pre_xx_23480,chr21,26067781,26068587,806
pre_xx_23481,chr21,26123979,26125835,1856
pre_xx_23482,chr21,26168889,26171378,2489
pre_xx_23483,chr21,26571880,26573410,1530
pre_xx_23484,chr21,26795455,26796482,1027
pre_xx_23485,chr21,26842920,26846931,4011
pre_xx_23486,chr21,26965137,26967934,2797
pre_xx_23487,chr21,27104705,27105511,806
pre_xx_23488,chr21,28074120,28075467,1347
pre_xx_23489,chr21,28110640,28113265,2625
pre_xx_23490,chr21,28744725,28746012,1287
pre_xx_23491,chr21,28883761,28885561,1800
pre_xx_23492,chr21,28991835,28993350,1515
pre_xx_23493,chr21,29002293,29003677,1384
pre_xx_23494,chr21,29017943,29019564,1621
pre_xx_23495,chr21,29023915,29025671,1756
pre_xx_23496,chr21,29072873,29074155,1282
pre_xx_23497,chr21,29076605,29077951,1346
pre_xx_23498,chr21,29297964,29300553,2589
pre_xx_23499,chr21,29433327,29434397,1070
pre_xx_23500,chr21,29938709,29940629,1920
pre_xx_23501,chr21,30923970,30924663,693
pre_xx_23502,chr21,30994295,30995623,1328
pre_xx_23503,chr21,30996233,30996983,750
pre_xx_23504,chr21,31343245,31344687,1442
pre_xx_23505,chr21,31543000,31543844,844
pre_xx_23506,chr21,31546314,31547519,1205
pre_xx_23507,chr21,31556649,31557011,362
pre_xx_23508,chr21,31557489,31560130,2641
pre_xx_23509,chr21,31659133,31660860,1727
pre_xx_23510,chr21,31730613,31733177,2564
pre_xx_23511,chr21,31865651,31866575,924
pre_xx_23512,chr21,31872113,31875135,3022
pre_xx_23513,chr21,31878858,31880488,1630
pre_xx_23514,chr21,31888848,31889899,1051
pre_xx_23515,chr21,31907937,31910091,2154
pre_xx_23516,chr21,32076489,32077860,1371
pre_xx_23517,chr21,32197162,32198917,1755
pre_xx_23518,chr21,32206623,32207884,1261
pre_xx_23519,chr21,32256337,32257415,1078
pre_xx_23520,chr21,32257917,32258698,781
pre_xx_23521,chr21,32278000,32280103,2103
pre_xx_23522,chr21,32392100,32393737,1637
pre_xx_23523,chr21,32402885,32403813,928
pre_xx_23524,chr21,32411395,32413521,2126
pre_xx_23525,chr21,32432844,32433680,836
pre_xx_23526,chr21,32537197,32537884,687
pre_xx_23527,chr21,32569018,32570146,1128
pre_xx_23528,chr21,32600518,32601342,824
pre_xx_23529,chr21,32611416,32613489,2073
pre_xx_23530,chr21,32726702,32728801,2099
pre_xx_23531,chr21,32770632,32772849,2217
pre_xx_23532,chr21,32802766,32803998,1232
pre_xx_23533,chr21,32813052,32813895,843
pre_xx_23534,chr21,33019579,33020843,1264
pre_xx_23535,chr21,33069754,33072268,2514
pre_xx_23536,chr21,33196691,33197880,1189
pre_xx_23537,chr21,33199588,33200230,642
pre_xx_23538,chr21,33229299,33231222,1923
pre_xx_23539,chr21,33265612,33267350,1738
pre_xx_23540,chr21,33285705,33287570,1865
pre_xx_23541,chr21,33300547,33301780,1233
pre_xx_23542,chr21,33324094,33325817,1723
pre_xx_23543,chr21,33360718,33362570,1852
pre_xx_23544,chr21,33402084,33404565,2481
pre_xx_23545,chr21,33478320,33480670,2350
pre_xx_23546,chr21,33490921,33492183,1262
pre_xx_23547,chr21,33541469,33543657,2188
pre_xx_23548,chr21,33587701,33589370,1669
pre_xx_23549,chr21,33641015,33643994,2979
pre_xx_23550,chr21,33650238,33652337,2099
pre_xx_23551,chr21,33684697,33686216,1519
pre_xx_23552,chr21,33894373,33895349,976
pre_xx_23553,chr21,33914976,33916308,1332
pre_xx_23554,chr21,33922691,33924981,2290
pre_xx_23555,chr21,33947480,33948962,1482
pre_xx_23556,chr21,34072523,34075085,2562
pre_xx_23557,chr21,34128298,34130515,2217
pre_xx_23558,chr21,34158970,34160087,1117
pre_xx_23559,chr21,34201360,34203242,1882
pre_xx_23560,chr21,34361624,34362227,603
pre_xx_23561,chr21,34526210,34527278,1068
pre_xx_23562,chr21,34613592,34615715,2123
pre_xx_23563,chr21,34644487,34645233,746
pre_xx_23564,chr21,34668805,34670976,2171
pre_xx_23565,chr21,34723811,34725143,1332
pre_xx_23566,chr21,34744734,34746182,1448
pre_xx_23567,chr21,34790435,34791279,844
pre_xx_23568,chr21,34885858,34886208,350
pre_xx_23569,chr21,34886366,34887132,766
pre_xx_23570,chr21,34887916,34890554,2638
pre_xx_23571,chr21,34890825,34891622,797
pre_xx_23572,chr21,35026394,35027902,1508
pre_xx_23573,chr21,35188768,35190339,1571
pre_xx_23574,chr21,35204735,35206581,1846
pre_xx_23575,chr21,35256175,35257016,841
pre_xx_23576,chr21,35696683,35698236,1553
pre_xx_23577,chr21,35939843,35940644,801
pre_xx_23578,chr21,36028069,36028821,752
pre_xx_23579,chr21,36029839,36031117,1278
pre_xx_23580,chr21,36059504,36061060,1556
pre_xx_23581,chr21,36069587,36070654,1067
pre_xx_23582,chr21,36104285,36106576,2291
pre_xx_23583,chr21,36125302,36126365,1063
pre_xx_23584,chr21,36134449,36136520,2071
pre_xx_23585,chr21,36141213,36142247,1034
pre_xx_23586,chr21,36155587,36157630,2043
pre_xx_23587,chr21,36260019,36260881,862
pre_xx_23588,chr21,36319542,36321139,1597
pre_xx_23589,chr21,36384980,36386281,1301
pre_xx_23590,chr21,36419381,36420325,944
pre_xx_23591,chr21,36429671,36430707,1036
pre_xx_23592,chr21,36692573,36693619,1046
pre_xx_23593,chr21,36698341,36699800,1459
pre_xx_23594,chr21,36700614,36701744,1130
pre_xx_23595,chr21,36707801,36709534,1733
pre_xx_23596,chr21,36747057,36748409,1352
pre_xx_23597,chr21,36767976,36769775,1799
pre_xx_23598,chr21,36773101,36773808,707
pre_xx_23599,chr21,36965733,36967628,1895
pre_xx_23600,chr21,36976825,36977435,610
pre_xx_23601,chr21,36980138,36981245,1107
pre_xx_23602,chr21,36989203,36990715,1512
pre_xx_23603,chr21,37005797,37007245,1448
pre_xx_23604,chr21,37009673,37010231,558
pre_xx_23605,chr21,37061722,37062388,666
pre_xx_23606,chr21,37071833,37074499,2666
pre_xx_23607,chr21,37219454,37221606,2152
pre_xx_23608,chr21,37257193,37258923,1730
pre_xx_23609,chr21,37266682,37268396,1714
pre_xx_23610,chr21,37365493,37368320,2827
pre_xx_23611,chr21,37434695,37436069,1374
pre_xx_23612,chr21,37563258,37564984,1726
pre_xx_23613,chr21,37566744,37567825,1081
pre_xx_23614,chr21,37658127,37659494,1367
pre_xx_23615,chr21,37710095,37712489,2394
pre_xx_23616,chr21,37913792,37914706,914
pre_xx_23617,chr21,37915533,37917059,1526
pre_xx_23618,chr21,38307983,38309032,1049
pre_xx_23619,chr21,38355839,38356377,538
pre_xx_23620,chr21,38660176,38662367,2191
pre_xx_23621,chr21,38733714,38734647,933
pre_xx_23622,chr21,38804728,38807788,3060
pre_xx_23623,chr21,38906795,38907710,915
pre_xx_23624,chr21,38912728,38913831,1103
pre_xx_23625,chr21,38955999,38957607,1608
pre_xx_23626,chr21,38984442,38986166,1724
pre_xx_23627,chr21,38989530,38990685,1155
pre_xx_23628,chr21,39003976,39005590,1614
pre_xx_23629,chr21,39022401,39023836,1435
pre_xx_23630,chr21,39056482,39057703,1221
pre_xx_23631,chr21,39182188,39184278,2090
pre_xx_23632,chr21,39312156,39314868,2712
pre_xx_23633,chr21,39348141,39349904,1763
pre_xx_23634,chr21,39379445,39381373,1928
pre_xx_23635,chr21,39385328,39386530,1202
pre_xx_23636,chr21,39387407,39388915,1508
pre_xx_23637,chr21,39441560,39442575,1015
pre_xx_23638,chr21,39444537,39446172,1635
pre_xx_23639,chr21,39527147,39528585,1438
pre_xx_23640,chr21,39612223,39613800,1577
pre_xx_23641,chr21,39762529,39764323,1794
pre_xx_23642,chr21,39788164,39789182,1018
pre_xx_23643,chr21,39866893,39868093,1200
pre_xx_23644,chr21,40054175,40055334,1159
pre_xx_23645,chr21,40151655,40152976,1321
pre_xx_23646,chr21,40840876,40842294,1418
pre_xx_23647,chr21,40846558,40847361,803
pre_xx_23648,chr21,41045269,41046489,1220
pre_xx_23649,chr21,41068432,41069377,945
pre_xx_23650,chr21,41108513,41109483,970
pre_xx_23651,chr21,41112936,41114109,1173
pre_xx_23652,chr21,41166719,41169317,2598
pre_xx_23653,chr21,41257807,41259194,1387
pre_xx_23654,chr21,41316146,41317406,1260
pre_xx_23655,chr21,41368866,41370131,1265
pre_xx_23656,chr21,41419757,41420915,1158
pre_xx_23657,chr21,41425706,41427384,1678
pre_xx_23658,chr21,41506756,41508754,1998
pre_xx_23659,chr21,41612136,41613452,1316
pre_xx_23660,chr21,41678034,41679382,1348
pre_xx_23661,chr21,41711594,41712956,1362
pre_xx_23662,chr21,41714004,41714931,927
pre_xx_23663,chr21,41725333,41726415,1082
pre_xx_23664,chr21,41760984,41762233,1249
pre_xx_23665,chr21,41765914,41767336,1422
pre_xx_23666,chr21,41767857,41769302,1445
pre_xx_23667,chr21,41777735,41778609,874
pre_xx_23668,chr21,41778941,41779919,978
pre_xx_23669,chr21,41816275,41817567,1292
pre_xx_23670,chr21,41877849,41879950,2101
pre_xx_23671,chr21,41952893,41954710,1817
pre_xx_23672,chr21,42008998,42011445,2447
pre_xx_23673,chr21,42107444,42108384,940
pre_xx_23674,chr21,42117054,42117769,715
pre_xx_23675,chr21,42145324,42146285,961
pre_xx_23676,chr21,42218534,42220731,2197
pre_xx_23677,chr21,42234144,42235428,1284
pre_xx_23678,chr21,42245415,42246287,872
pre_xx_23679,chr21,42261080,42261817,737
pre_xx_23680,chr21,42309279,42310896,1617
pre_xx_23681,chr21,42311873,42312652,779
pre_xx_23682,chr21,42335813,42336530,717
pre_xx_23683,chr21,42374612,42376985,2373
pre_xx_23684,chr21,42449593,42450385,792
pre_xx_23685,chr21,42495584,42497291,1707
pre_xx_23686,chr21,42513106,42514941,1835
pre_xx_23687,chr21,42530238,42531494,1256
pre_xx_23688,chr21,42554057,42554866,809
pre_xx_23689,chr21,42592939,42594144,1205
pre_xx_23690,chr21,42616970,42618200,1230
pre_xx_23691,chr21,42640460,42641806,1346
pre_xx_23692,chr21,42652461,42654773,2312
pre_xx_23693,chr21,42668011,42669363,1352
pre_xx_23694,chr21,42673931,42675699,1768
pre_xx_23695,chr21,42703866,42706255,2389
pre_xx_23696,chr21,42780808,42782558,1750
pre_xx_23697,chr21,42878303,42880172,1869
pre_xx_23698,chr21,42892428,42894220,1792
pre_xx_23699,chr21,42923606,42924406,800
pre_xx_23700,chr21,42936243,42937900,1657
pre_xx_23701,chr21,42973691,42976008,2317
pre_xx_23702,chr21,43193548,43196169,2621
pre_xx_23703,chr21,43210516,43212276,1760
pre_xx_23704,chr21,43289893,43291302,1409
pre_xx_23705,chr21,43307032,43309049,2017
pre_xx_23706,chr21,43331933,43334111,2178
pre_xx_23707,chr21,43343004,43343776,772
pre_xx_23708,chr21,43344027,43345046,1019
pre_xx_23709,chr21,43361064,43362738,1674
pre_xx_23710,chr21,43364735,43366452,1717
pre_xx_23711,chr21,43585604,43586494,890
pre_xx_23712,chr21,43645209,43645914,705
pre_xx_23713,chr21,43646338,43647007,669
pre_xx_23714,chr21,43657387,43660735,3348
pre_xx_23715,chr21,43702014,43703801,1787
pre_xx_23716,chr21,43718302,43720846,2544
pre_xx_23717,chr21,43725672,43726343,671
pre_xx_23718,chr21,43726846,43729571,2725
pre_xx_23719,chr21,43733306,43733943,637
pre_xx_23720,chr21,43738209,43738842,633
pre_xx_23721,chr21,43739910,43741176,1266
pre_xx_23722,chr21,43757554,43759111,1557
pre_xx_23723,chr21,43766633,43767410,777
pre_xx_23724,chr21,43775591,43776980,1389
pre_xx_23725,chr21,43788673,43790262,1589
pre_xx_23726,chr21,43810541,43811814,1273
pre_xx_23727,chr21,43814178,43815552,1374
pre_xx_23728,chr21,43825699,43827496,1797
pre_xx_23729,chr21,43859516,43861022,1506
pre_xx_23730,chr21,43864142,43866906,2764
pre_xx_23731,chr21,43909682,43912132,2450
pre_xx_23732,chr21,43921495,43922807,1312
pre_xx_23733,chr21,43935467,43936872,1405
pre_xx_23734,chr21,43938687,43939448,761
pre_xx_23735,chr21,43972589,43973655,1066
pre_xx_23736,chr21,43975079,43975966,887
pre_xx_23737,chr21,43980251,43981444,1193
pre_xx_23738,chr21,43991290,43992162,872
pre_xx_23739,chr21,44011446,44014011,2565
pre_xx_23740,chr21,44024734,44026591,1857
pre_xx_23741,chr21,44059442,44060083,641
pre_xx_23742,chr21,44091889,44092738,849
pre_xx_23743,chr21,44285278,44286213,935
pre_xx_23744,chr21,44299184,44301294,2110
pre_xx_23745,chr21,44301994,44302426,432
pre_xx_23746,chr21,44306754,44307853,1099
pre_xx_23747,chr21,44326466,44327220,754
pre_xx_23748,chr21,44337592,44339941,2349
pre_xx_23749,chr21,44368692,44369519,827
pre_xx_23750,chr21,44369881,44370763,882
pre_xx_23751,chr21,44454849,44456594,1745
pre_xx_23752,chr21,44463394,44464260,866
pre_xx_23753,chr21,44496648,44498665,2017
pre_xx_23754,chr21,44510082,44511235,1153
pre_xx_23755,chr21,44513119,44513751,632
pre_xx_23756,chr21,44710926,44711991,1065
pre_xx_23757,chr21,44722626,44724245,1619
pre_xx_23758,chr21,44748488,44750206,1718
pre_xx_23759,chr21,44792729,44793700,971
pre_xx_23760,chr21,44800876,44802986,2110
pre_xx_23761,chr21,44816858,44819099,2241
pre_xx_23762,chr21,44845342,44846940,1598
pre_xx_23763,chr21,44871566,44875209,3643
pre_xx_23764,chr21,44907202,44908891,1689
pre_xx_23765,chr21,44909942,44911912,1970
pre_xx_23766,chr21,44930759,44933149,2390
pre_xx_23767,chr21,44939384,44940903,1519
pre_xx_23768,chr21,44948810,44950420,1610
pre_xx_23769,chr21,44958188,44959232,1044
pre_xx_23770,chr21,44982405,44983305,900
pre_xx_23771,chr21,44989304,44990384,1080
pre_xx_23772,chr21,44991510,44992202,692
pre_xx_23773,chr21,44996251,44997902,1651
pre_xx_23774,chr21,45011795,45013486,1691
pre_xx_23775,chr21,45018223,45019482,1259
pre_xx_23776,chr21,45052962,45054355,1393
pre_xx_23777,chr21,45072827,45075818,2991
pre_xx_23778,chr21,45104023,45105043,1020
pre_xx_23779,chr21,45129400,45130963,1563
pre_xx_23780,chr21,45140178,45140711,533
pre_xx_23781,chr21,45256456,45258086,1630
pre_xx_23782,chr21,45286458,45288788,2330
pre_xx_23783,chr21,45292085,45292861,776
pre_xx_23784,chr21,45293766,45295307,1541
pre_xx_23785,chr21,45306440,45307539,1099
pre_xx_23786,chr21,45322453,45324163,1710
pre_xx_23787,chr21,45329373,45330476,1103
pre_xx_23788,chr21,45365440,45366142,702
pre_xx_23789,chr21,45366728,45368114,1386
pre_xx_23790,chr21,45384507,45385641,1134
pre_xx_23791,chr21,45386252,45387485,1233
pre_xx_23792,chr21,45403774,45406682,2908
pre_xx_23793,chr21,45412833,45414196,1363
pre_xx_23794,chr21,45421123,45421956,833
pre_xx_23795,chr21,45430355,45431337,982
pre_xx_23796,chr21,45431647,45433503,1856
pre_xx_23797,chr21,45438650,45440282,1632
pre_xx_23798,chr21,45448629,45449610,981
pre_xx_23799,chr21,45477750,45478770,1020
pre_xx_23800,chr21,45533922,45536004,2082
pre_xx_23801,chr21,45540421,45543415,2994
pre_xx_23802,chr21,45554440,45556444,2004
pre_xx_23803,chr21,45570794,45571924,1130
pre_xx_23804,chr21,45589841,45591401,1560
pre_xx_23805,chr21,45617079,45618905,1826
pre_xx_23806,chr21,45642173,45644403,2230
pre_xx_23807,chr21,45820260,45821166,906
pre_xx_23808,chr21,45830092,45831386,1294
pre_xx_23809,chr21,45876248,45877178,930
pre_xx_23810,chr21,45910143,45911117,974
pre_xx_23811,chr21,45949332,45951565,2233
pre_xx_23812,chr21,45952979,45954695,1716
pre_xx_23813,chr21,45970047,45970973,926
pre_xx_23814,chr21,45971618,45974367,2749
pre_xx_23815,chr21,45981036,45983413,2377
pre_xx_23816,chr21,46033270,46034341,1071
pre_xx_23817,chr21,46038367,46039501,1134
pre_xx_23818,chr21,46055884,46057854,1970
pre_xx_23819,chr21,46064814,46067451,2637
pre_xx_23820,chr21,46097057,46099824,2767
pre_xx_23821,chr21,46127978,46129242,1264
pre_xx_23822,chr21,46133823,46135233,1410
pre_xx_23823,chr21,46143501,46144327,826
pre_xx_23824,chr21,46152433,46153993,1560
pre_xx_23825,chr21,46160443,46162112,1669
pre_xx_23826,chr21,46183859,46185267,1408
pre_xx_23827,chr21,46226944,46229853,2909
pre_xx_23828,chr21,46285266,46287352,2086
pre_xx_23829,chr21,46297093,46298274,1181
pre_xx_23830,chr21,46322432,46325506,3074
pre_xx_23831,chr21,46362736,46363997,1261
pre_xx_23832,chr21,46457665,46460086,2421
pre_xx_23833,chr21,46598598,46599984,1386
pre_xx_23834,chr21,46621323,46622614,1291
pre_xx_23835,chr21,46634645,46636306,1661
pre_xx_23836,chr21,46661206,46662151,945
pre_xx_23837,chr21,46667026,46668445,1419
pre_xx_23838,chr22,16600843,16603148,2305
pre_xx_23839,chr22,17083912,17086195,2283
pre_xx_23840,chr22,17119540,17121921,2381
pre_xx_23841,chr22,17158198,17160184,1986
pre_xx_23842,chr22,17171069,17172539,1470
pre_xx_23843,chr22,17198148,17199812,1664
pre_xx_23844,chr22,17256962,17259048,2086
pre_xx_23845,chr22,17260786,17261328,542
pre_xx_23846,chr22,17264029,17265191,1162
pre_xx_23847,chr22,17266023,17267036,1013
pre_xx_23848,chr22,17368252,17371196,2944
pre_xx_23849,chr22,17562273,17564406,2133
pre_xx_23850,chr22,17569058,17571743,2685
pre_xx_23851,chr22,17580019,17581996,1977
pre_xx_23852,chr22,17627809,17629223,1414
pre_xx_23853,chr22,17637683,17639915,2232
pre_xx_23854,chr22,17742242,17742908,666
pre_xx_23855,chr22,17772766,17774863,2097
pre_xx_23856,chr22,17780928,17782436,1508
pre_xx_23857,chr22,17829781,17830732,951
pre_xx_23858,chr22,17845269,17847605,2336
pre_xx_23859,chr22,17883573,17885427,1854
pre_xx_23860,chr22,17910227,17911477,1250
pre_xx_23861,chr22,17919714,17920635,921
pre_xx_23862,chr22,17921763,17923603,1840
pre_xx_23863,chr22,17937621,17939013,1392
pre_xx_23864,chr22,17945021,17947265,2244
pre_xx_23865,chr22,17979912,17981045,1133
pre_xx_23866,chr22,17999985,18002077,2092
pre_xx_23867,chr22,18022966,18025154,2188
pre_xx_23868,chr22,18043999,18045432,1433
pre_xx_23869,chr22,18075846,18076409,563
pre_xx_23870,chr22,18077325,18078774,1449
pre_xx_23871,chr22,18091531,18092600,1069
pre_xx_23872,chr22,18109857,18111535,1678
pre_xx_23873,chr22,18114072,18115178,1106
pre_xx_23874,chr22,18149347,18150970,1623
pre_xx_23875,chr22,18967758,18968522,764
pre_xx_23876,chr22,18970074,18971320,1246
pre_xx_23877,chr22,19097424,19098729,1305
pre_xx_23878,chr22,19121363,19123157,1794
pre_xx_23879,chr22,19143802,19144978,1176
pre_xx_23880,chr22,19149175,19151373,2198
pre_xx_23881,chr22,19170899,19172262,1363
pre_xx_23882,chr22,19177663,19179746,2083
pre_xx_23883,chr22,19290813,19292780,1967
pre_xx_23884,chr22,19396357,19397609,1252
pre_xx_23885,chr22,19407640,19408816,1176
pre_xx_23886,chr22,19430273,19432938,2665
pre_xx_23887,chr22,19446695,19448466,1771
pre_xx_23888,chr22,19477583,19480362,2779
pre_xx_23889,chr22,19522986,19525680,2694
pre_xx_23890,chr22,19607132,19608291,1159
pre_xx_23891,chr22,19629439,19630277,838
pre_xx_23892,chr22,19663160,19664625,1465
pre_xx_23893,chr22,19713885,19714957,1072
pre_xx_23894,chr22,19717640,19719383,1743
pre_xx_23895,chr22,19722580,19724656,2076
pre_xx_23896,chr22,19730289,19731332,1043
pre_xx_23897,chr22,19754862,19756108,1246
pre_xx_23898,chr22,19756490,19757053,563
pre_xx_23899,chr22,19760525,19761811,1286
pre_xx_23900,chr22,19765509,19768332,2823
pre_xx_23901,chr22,19798739,19799905,1166
pre_xx_23902,chr22,19810356,19812532,2176
pre_xx_23903,chr22,19817344,19818582,1238
pre_xx_23904,chr22,19841843,19844978,3135
pre_xx_23905,chr22,19853824,19856350,2526
pre_xx_23906,chr22,19873896,19875164,1268
pre_xx_23907,chr22,19880612,19882184,1572
pre_xx_23908,chr22,19891239,19892930,1691
pre_xx_23909,chr22,19896430,19897892,1462
pre_xx_23910,chr22,19902436,19903800,1364
pre_xx_23911,chr22,19904335,19905792,1457
pre_xx_23912,chr22,19909482,19910302,820
pre_xx_23913,chr22,19932150,19934207,2057
pre_xx_23914,chr22,19940839,19943427,2588
pre_xx_23915,chr22,19947379,19948048,669
pre_xx_23916,chr22,19958568,19960127,1559
pre_xx_23917,chr22,19962276,19962695,419
pre_xx_23918,chr22,19974367,19975425,1058
pre_xx_23919,chr22,19986096,19987526,1430
pre_xx_23920,chr22,19997931,19999650,1719
pre_xx_23921,chr22,20013067,20013726,659
pre_xx_23922,chr22,20015943,20017295,1352
pre_xx_23923,chr22,20020576,20022166,1590
pre_xx_23924,chr22,20058527,20059607,1080
pre_xx_23925,chr22,20079445,20081472,2027
pre_xx_23926,chr22,20116431,20118317,1886
pre_xx_23927,chr22,20130334,20132572,2238
pre_xx_23928,chr22,20137036,20138589,1553
pre_xx_23929,chr22,20146481,20147322,841
pre_xx_23930,chr22,20156734,20157444,710
pre_xx_23931,chr22,20158869,20159832,963
pre_xx_23932,chr22,20196286,20197369,1083
pre_xx_23933,chr22,20205948,20207089,1141
pre_xx_23934,chr22,20238064,20239632,1568
pre_xx_23935,chr22,20239852,20240871,1019
pre_xx_23936,chr22,20243360,20244096,736
pre_xx_23937,chr22,20245877,20246775,898
pre_xx_23938,chr22,20249371,20250420,1049
pre_xx_23939,chr22,20260021,20260784,763
pre_xx_23940,chr22,20267034,20268919,1885
pre_xx_23941,chr22,20298010,20300164,2154
pre_xx_23942,chr22,20319075,20320938,1863
pre_xx_23943,chr22,20391847,20395869,4022
pre_xx_23944,chr22,20417955,20418712,757
pre_xx_23945,chr22,20422438,20424419,1981
pre_xx_23946,chr22,20430548,20432010,1462
pre_xx_23947,chr22,20436151,20439342,3191
pre_xx_23948,chr22,20456065,20456805,740
pre_xx_23949,chr22,20466693,20467478,785
pre_xx_23950,chr22,20468963,20470030,1067
pre_xx_23951,chr22,20494654,20496959,2305
pre_xx_23952,chr22,20507098,20508422,1324
pre_xx_23953,chr22,20508732,20509755,1023
pre_xx_23954,chr22,20523475,20524745,1270
pre_xx_23955,chr22,20531051,20533033,1982
pre_xx_23956,chr22,20550483,20553609,3126
pre_xx_23957,chr22,20568834,20569888,1054
pre_xx_23958,chr22,20605986,20606734,748
pre_xx_23959,chr22,20638014,20639132,1118
pre_xx_23960,chr22,20697190,20697823,633
pre_xx_23961,chr22,20701981,20704594,2613
pre_xx_23962,chr22,20777470,20778225,755
pre_xx_23963,chr22,20792715,20794600,1885
pre_xx_23964,chr22,20857403,20859449,2046
pre_xx_23965,chr22,20885148,20886083,935
pre_xx_23966,chr22,20916711,20918371,1660
pre_xx_23967,chr22,20956298,20958327,2029
pre_xx_23968,chr22,20964605,20965913,1308
pre_xx_23969,chr22,20979102,20979863,761
pre_xx_23970,chr22,20981413,20982789,1376
pre_xx_23971,chr22,21000864,21003120,2256
pre_xx_23972,chr22,21009423,21009989,566
pre_xx_23973,chr22,21013573,21015317,1744
pre_xx_23974,chr22,21026434,21027720,1286
pre_xx_23975,chr22,21031945,21033171,1226
pre_xx_23976,chr22,21037533,21038989,1456
pre_xx_23977,chr22,21044858,21046572,1714
pre_xx_23978,chr22,21102402,21103277,875
pre_xx_23979,chr22,21567277,21568992,1715
pre_xx_23980,chr22,21628681,21630301,1620
pre_xx_23981,chr22,21641321,21643332,2011
pre_xx_23982,chr22,21651092,21652933,1841
pre_xx_23983,chr22,21657086,21658456,1370
pre_xx_23984,chr22,21665260,21666629,1369
pre_xx_23985,chr22,21707352,21708225,873
pre_xx_23986,chr22,21712883,21713598,715
pre_xx_23987,chr22,21734614,21736563,1949
pre_xx_23988,chr22,21754322,21756039,1717
pre_xx_23989,chr22,21774602,21775546,944
pre_xx_23990,chr22,21866195,21868264,2069
pre_xx_23991,chr22,21916403,21918003,1600
pre_xx_23992,chr22,21921057,21922045,988
pre_xx_23993,chr22,21926558,21929183,2625
pre_xx_23994,chr22,21937578,21938872,1294
pre_xx_23995,chr22,21951768,21953275,1507
pre_xx_23996,chr22,21981834,21983027,1193
pre_xx_23997,chr22,22297123,22298686,1563
pre_xx_23998,chr22,22507704,22509194,1490
pre_xx_23999,chr22,22651347,22652876,1529
pre_xx_24000,chr22,22799131,22800155,1024
pre_xx_24001,chr22,22958993,22959593,600
pre_xx_24002,chr22,23069133,23071458,2325
pre_xx_24003,chr22,23098343,23099516,1173
pre_xx_24004,chr22,23112736,23113717,981
pre_xx_24005,chr22,23127529,23128712,1183
pre_xx_24006,chr22,23141182,23142384,1202
pre_xx_24007,chr22,23144897,23145965,1068
pre_xx_24008,chr22,23156019,23157451,1432
pre_xx_24009,chr22,23173727,23174307,580
pre_xx_24010,chr22,23178463,23178758,295
pre_xx_24011,chr22,23179807,23181559,1752
pre_xx_24012,chr22,23182125,23182781,656
pre_xx_24013,chr22,23204067,23205998,1931
pre_xx_24014,chr22,23236732,23237816,1084
pre_xx_24015,chr22,23261976,23263419,1443
pre_xx_24016,chr22,23269402,23270943,1541
pre_xx_24017,chr22,23281271,23282440,1169
pre_xx_24018,chr22,23305178,23306842,1664
pre_xx_24019,chr22,23315198,23316126,928
pre_xx_24020,chr22,23366832,23368104,1272
pre_xx_24021,chr22,23382429,23384616,2187
pre_xx_24022,chr22,23385623,23386440,817
pre_xx_24023,chr22,23393748,23394975,1227
pre_xx_24024,chr22,23401641,23403014,1373
pre_xx_24025,chr22,23404408,23405009,601
pre_xx_24026,chr22,23432838,23434602,1764
pre_xx_24027,chr22,23450878,23452121,1243
pre_xx_24028,chr22,23520527,23523317,2790
pre_xx_24029,chr22,23533211,23534550,1339
pre_xx_24030,chr22,23536184,23536852,668
pre_xx_24031,chr22,23537388,23538934,1546
pre_xx_24032,chr22,23539183,23539890,707
pre_xx_24033,chr22,23565274,23567775,2501
pre_xx_24034,chr22,23590828,23592227,1399
pre_xx_24035,chr22,23716571,23717731,1160
pre_xx_24036,chr22,23749701,23751877,2176
pre_xx_24037,chr22,23762755,23763919,1164
pre_xx_24038,chr22,23767256,23768684,1428
pre_xx_24039,chr22,23772362,23773889,1527
pre_xx_24040,chr22,23786193,23787792,1599
pre_xx_24041,chr22,23789158,23789967,809
pre_xx_24042,chr22,23804244,23805416,1172
pre_xx_24043,chr22,23838368,23839614,1246
pre_xx_24044,chr22,23841758,23842490,732
pre_xx_24045,chr22,23849105,23849928,823
pre_xx_24046,chr22,23856576,23858760,2184
pre_xx_24047,chr22,23893655,23895695,2040
pre_xx_24048,chr22,23913233,23914369,1136
pre_xx_24049,chr22,24010733,24012031,1298
pre_xx_24050,chr22,24066179,24067300,1121
pre_xx_24051,chr22,24145651,24147965,2314
pre_xx_24052,chr22,24155514,24158066,2552
pre_xx_24053,chr22,24189059,24190364,1305
pre_xx_24054,chr22,24242583,24243918,1335
pre_xx_24055,chr22,24247014,24247965,951
pre_xx_24056,chr22,24270295,24272050,1755
pre_xx_24057,chr22,24331545,24332615,1070
pre_xx_24058,chr22,24423435,24424879,1444
pre_xx_24059,chr22,24431934,24433183,1249
pre_xx_24060,chr22,24444743,24446104,1361
pre_xx_24061,chr22,24455164,24456436,1272
pre_xx_24062,chr22,24493894,24495624,1730
pre_xx_24063,chr22,24521552,24522132,580
pre_xx_24064,chr22,24544305,24545696,1391
pre_xx_24065,chr22,24553933,24556222,2289
pre_xx_24066,chr22,24583154,24585292,2138
pre_xx_24067,chr22,24592158,24593466,1308
pre_xx_24068,chr22,24599589,24600363,774
pre_xx_24069,chr22,24602911,24604303,1392
pre_xx_24070,chr22,24695268,24698092,2824
pre_xx_24071,chr22,24728714,24729702,988
pre_xx_24072,chr22,24772318,24772924,606
pre_xx_24073,chr22,24805826,24807074,1248
pre_xx_24074,chr22,24819581,24820546,965
pre_xx_24075,chr22,24952056,24954404,2348
pre_xx_24076,chr22,24975711,24976842,1131
pre_xx_24077,chr22,25043986,25044831,845
pre_xx_24078,chr22,25051719,25052384,665
pre_xx_24079,chr22,25056900,25057704,804
pre_xx_24080,chr22,25110575,25112662,2087
pre_xx_24081,chr22,25147926,25148902,976
pre_xx_24082,chr22,25402879,25405772,2893
pre_xx_24083,chr22,25414742,25415663,921
pre_xx_24084,chr22,25420362,25421893,1531
pre_xx_24085,chr22,25447101,25449035,1934
pre_xx_24086,chr22,25451270,25452564,1294
pre_xx_24087,chr22,25462073,25462942,869
pre_xx_24088,chr22,25475180,25476264,1084
pre_xx_24089,chr22,25487811,25488898,1087
pre_xx_24090,chr22,25563343,25565741,2398
pre_xx_24091,chr22,25797435,25798323,888
pre_xx_24092,chr22,26168689,26170111,1422
pre_xx_24093,chr22,26360107,26360957,850
pre_xx_24094,chr22,26428366,26429975,1609
pre_xx_24095,chr22,26462743,26464004,1261
pre_xx_24096,chr22,26482695,26484391,1696
pre_xx_24097,chr22,26511725,26513246,1521
pre_xx_24098,chr22,26570054,26570986,932
pre_xx_24099,chr22,26584838,26585559,721
pre_xx_24100,chr22,26589249,26590719,1470
pre_xx_24101,chr22,26644693,26645890,1197
pre_xx_24102,chr22,26656651,26657910,1259
pre_xx_24103,chr22,26658354,26659253,899
pre_xx_24104,chr22,26665266,26666251,985
pre_xx_24105,chr22,26672130,26673684,1554
pre_xx_24106,chr22,26678730,26679447,717
pre_xx_24107,chr22,26681228,26681819,591
pre_xx_24108,chr22,26750897,26751857,960
pre_xx_24109,chr22,26756468,26757200,732
pre_xx_24110,chr22,27086204,27087057,853
pre_xx_24111,chr22,27090373,27091173,800
pre_xx_24112,chr22,27100137,27101249,1112
pre_xx_24113,chr22,27202358,27203291,933
pre_xx_24114,chr22,27223551,27225535,1984
pre_xx_24115,chr22,27238735,27239754,1019
pre_xx_24116,chr22,27241575,27242287,712
pre_xx_24117,chr22,27299044,27299753,709
pre_xx_24118,chr22,27328960,27329863,903
pre_xx_24119,chr22,27331472,27332244,772
pre_xx_24120,chr22,27415600,27417741,2141
pre_xx_24121,chr22,27420406,27421542,1136
pre_xx_24122,chr22,27438083,27438892,809
pre_xx_24123,chr22,27474789,27476029,1240
pre_xx_24124,chr22,27512104,27513252,1148
pre_xx_24125,chr22,27576910,27577682,772
pre_xx_24126,chr22,27590547,27591695,1148
pre_xx_24127,chr22,27613984,27614818,834
pre_xx_24128,chr22,27615858,27616795,937
pre_xx_24129,chr22,27704935,27706058,1123
pre_xx_24130,chr22,27748371,27750334,1963
pre_xx_24131,chr22,27775502,27777035,1533
pre_xx_24132,chr22,27790405,27791991,1586
pre_xx_24133,chr22,27798434,27799401,967
pre_xx_24134,chr22,27799859,27802532,2673
pre_xx_24135,chr22,27844951,27845927,976
pre_xx_24136,chr22,27866026,27868264,2238
pre_xx_24137,chr22,27918262,27920406,2144
pre_xx_24138,chr22,28008921,28009680,759
pre_xx_24139,chr22,28019420,28021454,2034
pre_xx_24140,chr22,28028879,28030038,1159
pre_xx_24141,chr22,28034000,28035899,1899
pre_xx_24142,chr22,28441415,28443798,2383
pre_xx_24143,chr22,28678770,28680373,1603
pre_xx_24144,chr22,28741309,28743064,1755
pre_xx_24145,chr22,28759439,28760671,1232
pre_xx_24146,chr22,28772310,28773935,1625
pre_xx_24147,chr22,28799043,28801046,2003
pre_xx_24148,chr22,28822709,28823758,1049
pre_xx_24149,chr22,28882478,28885332,2854
pre_xx_24150,chr22,28902861,28905002,2141
pre_xx_24151,chr22,28911004,28912588,1584
pre_xx_24152,chr22,28916877,28919152,2275
pre_xx_24153,chr22,28920735,28921384,649
pre_xx_24154,chr22,28923477,28924330,853
pre_xx_24155,chr22,28932291,28934209,1918
pre_xx_24156,chr22,28942774,28944219,1445
pre_xx_24157,chr22,28976962,28978525,1563
pre_xx_24158,chr22,28999457,29000438,981
pre_xx_24159,chr22,29003952,29005339,1387
pre_xx_24160,chr22,29029495,29032198,2703
pre_xx_24161,chr22,29040283,29041872,1589
pre_xx_24162,chr22,29061971,29062792,821
pre_xx_24163,chr22,29071224,29071846,622
pre_xx_24164,chr22,29072459,29074283,1824
pre_xx_24165,chr22,29151907,29153271,1364
pre_xx_24166,chr22,29154206,29154807,601
pre_xx_24167,chr22,29205406,29206772,1366
pre_xx_24168,chr22,29216612,29217606,994
pre_xx_24169,chr22,29223860,29226114,2254
pre_xx_24170,chr22,29244833,29245895,1062
pre_xx_24171,chr22,29267248,29269839,2591
pre_xx_24172,chr22,29302704,29303874,1170
pre_xx_24173,chr22,29305953,29307417,1464
pre_xx_24174,chr22,29310592,29311387,795
pre_xx_24175,chr22,29314695,29315933,1238
pre_xx_24176,chr22,29330385,29331232,847
pre_xx_24177,chr22,29387578,29389030,1452
pre_xx_24178,chr22,29394780,29395544,764
pre_xx_24179,chr22,29442852,29444434,1582
pre_xx_24180,chr22,29469788,29470760,972
pre_xx_24181,chr22,29478036,29478786,750
pre_xx_24182,chr22,29479473,29482406,2933
pre_xx_24183,chr22,29516857,29518024,1167
pre_xx_24184,chr22,29553008,29554377,1369
pre_xx_24185,chr22,29579906,29581492,1586
pre_xx_24186,chr22,29602725,29604263,1538
pre_xx_24187,chr22,29692324,29694235,1911
pre_xx_24188,chr22,29700689,29702548,1859
pre_xx_24189,chr22,29704430,29705319,889
pre_xx_24190,chr22,29710699,29711579,880
pre_xx_24191,chr22,29716521,29717202,681
pre_xx_24192,chr22,29719705,29721120,1415
pre_xx_24193,chr22,29726691,29727600,909
pre_xx_24194,chr22,29733070,29734443,1373
pre_xx_24195,chr22,29766255,29768316,2061
pre_xx_24196,chr22,29800689,29802186,1497
pre_xx_24197,chr22,29831301,29832473,1172
pre_xx_24198,chr22,29837639,29838861,1222
pre_xx_24199,chr22,29871226,29872532,1306
pre_xx_24200,chr22,29882529,29884128,1599
pre_xx_24201,chr22,29907405,29908513,1108
pre_xx_24202,chr22,30201994,30203120,1126
pre_xx_24203,chr22,30206748,30207419,671
pre_xx_24204,chr22,30214471,30215356,885
pre_xx_24205,chr22,30235567,30236204,637
pre_xx_24206,chr22,30238084,30239303,1219
pre_xx_24207,chr22,30245350,30247151,1801
pre_xx_24208,chr22,30255782,30256477,695
pre_xx_24209,chr22,30262675,30263660,985
pre_xx_24210,chr22,30287816,30288368,552
pre_xx_24211,chr22,30288937,30290364,1427
pre_xx_24212,chr22,30310955,30311915,960
pre_xx_24213,chr22,30325818,30327565,1747
pre_xx_24214,chr22,30356073,30357644,1571
pre_xx_24215,chr22,30362396,30363386,990
pre_xx_24216,chr22,30386506,30387818,1312
pre_xx_24217,chr22,30396455,30398222,1767
pre_xx_24218,chr22,30422846,30424543,1697
pre_xx_24219,chr22,30425447,30426833,1386
pre_xx_24220,chr22,30440890,30442028,1138
pre_xx_24221,chr22,30474876,30475582,706
pre_xx_24222,chr22,30505063,30505925,862
pre_xx_24223,chr22,30541535,30542976,1441
pre_xx_24224,chr22,30573502,30575742,2240
pre_xx_24225,chr22,30590948,30592561,1613
pre_xx_24226,chr22,30606179,30607543,1364
pre_xx_24227,chr22,30634273,30636884,2611
pre_xx_24228,chr22,30666708,30668563,1855
pre_xx_24229,chr22,30675270,30675910,640
pre_xx_24230,chr22,30679404,30680021,617
pre_xx_24231,chr22,30693842,30695692,1850
pre_xx_24232,chr22,30802226,30803436,1210
pre_xx_24233,chr22,30821864,30823748,1884
pre_xx_24234,chr22,30968351,30969948,1597
pre_xx_24235,chr22,31080567,31081711,1144
pre_xx_24236,chr22,31084330,31085827,1497
pre_xx_24237,chr22,31104298,31105288,990
pre_xx_24238,chr22,31106841,31108174,1333
pre_xx_24239,chr22,31122247,31123332,1085
pre_xx_24240,chr22,31139778,31141043,1265
pre_xx_24241,chr22,31159597,31160911,1314
pre_xx_24242,chr22,31211596,31213520,1924
pre_xx_24243,chr22,31230188,31231642,1454
pre_xx_24244,chr22,31247750,31249821,2071
pre_xx_24245,chr22,31290211,31292690,2479
pre_xx_24246,chr22,31313090,31314043,953
pre_xx_24247,chr22,31345034,31347786,2752
pre_xx_24248,chr22,31398855,31400770,1915
pre_xx_24249,chr22,31488930,31490894,1964
pre_xx_24250,chr22,31495771,31497312,1541
pre_xx_24251,chr22,31533011,31533792,781
pre_xx_24252,chr22,31560948,31561635,687
pre_xx_24253,chr22,31623850,31624893,1043
pre_xx_24254,chr22,31625257,31626021,764
pre_xx_24255,chr22,31627284,31627758,474
pre_xx_24256,chr22,31629751,31631491,1740
pre_xx_24257,chr22,31633817,31634134,317
pre_xx_24258,chr22,31661223,31662692,1469
pre_xx_24259,chr22,31676200,31677265,1065
pre_xx_24260,chr22,31748555,31750395,1840
pre_xx_24261,chr22,31752964,31755572,2608
pre_xx_24262,chr22,31943604,31945914,2310
pre_xx_24263,chr22,31969914,31971428,1514
pre_xx_24264,chr22,32175454,32176654,1200
pre_xx_24265,chr22,32202290,32203531,1241
pre_xx_24266,chr22,32204213,32205331,1118
pre_xx_24267,chr22,32363639,32364576,937
pre_xx_24268,chr22,32411121,32412606,1485
pre_xx_24269,chr22,32474142,32476060,1918
pre_xx_24270,chr22,32615517,32616494,977
pre_xx_24271,chr22,32621833,32623032,1199
pre_xx_24272,chr22,32801039,32802716,1677
pre_xx_24273,chr22,32802999,32803794,795
pre_xx_24274,chr22,32839487,32840952,1465
pre_xx_24275,chr22,32880562,32881672,1110
pre_xx_24276,chr22,32919707,32920886,1179
pre_xx_24277,chr22,32949196,32951580,2384
pre_xx_24278,chr22,32985675,32987706,2031
pre_xx_24279,chr22,33057505,33058869,1364
pre_xx_24280,chr22,33163317,33164295,978
pre_xx_24281,chr22,33301862,33303063,1201
pre_xx_24282,chr22,33656752,33658073,1321
pre_xx_24283,chr22,33792475,33793917,1442
pre_xx_24284,chr22,33919365,33922656,3291
pre_xx_24285,chr22,34587081,34589300,2219
pre_xx_24286,chr22,35065490,35066497,1007
pre_xx_24287,chr22,35230817,35231920,1103
pre_xx_24288,chr22,35257046,35258907,1861
pre_xx_24289,chr22,35298929,35300854,1925
pre_xx_24290,chr22,35313209,35314471,1262
pre_xx_24291,chr22,35349222,35350245,1023
pre_xx_24292,chr22,35350342,35351834,1492
pre_xx_24293,chr22,35371546,35372397,851
pre_xx_24294,chr22,35376659,35377386,727
pre_xx_24295,chr22,35380540,35381527,987
pre_xx_24296,chr22,35393410,35394420,1010
pre_xx_24297,chr22,35397409,35398017,608
pre_xx_24298,chr22,35399485,35400679,1194
pre_xx_24299,chr22,35430609,35431320,711
pre_xx_24300,chr22,35522968,35523988,1020
pre_xx_24301,chr22,35539832,35541530,1698
pre_xx_24302,chr22,35548788,35549764,976
pre_xx_24303,chr22,35582378,35584050,1672
pre_xx_24304,chr22,35604668,35606656,1988
pre_xx_24305,chr22,35611587,35612437,850
pre_xx_24306,chr22,35622009,35623564,1555
pre_xx_24307,chr22,35627111,35628109,998
pre_xx_24308,chr22,35647880,35649257,1377
pre_xx_24309,chr22,35835892,35836696,804
pre_xx_24310,chr22,35838545,35840784,2239
pre_xx_24311,chr22,35913919,35916091,2172
pre_xx_24312,chr22,35960936,35962337,1401
pre_xx_24313,chr22,36027335,36029391,2056
pre_xx_24314,chr22,36065302,36066609,1307
pre_xx_24315,chr22,36123255,36124531,1276
pre_xx_24316,chr22,36155337,36157387,2050
pre_xx_24317,chr22,36196666,36198222,1556
pre_xx_24318,chr22,36201553,36202155,602
pre_xx_24319,chr22,36202730,36203831,1101
pre_xx_24320,chr22,36221606,36222213,607
pre_xx_24321,chr22,36238504,36240240,1736
pre_xx_24322,chr22,36258538,36259847,1309
pre_xx_24323,chr22,36286186,36286873,687
pre_xx_24324,chr22,36301014,36301905,891
pre_xx_24325,chr22,36327598,36329881,2283
pre_xx_24326,chr22,36350699,36351518,819
pre_xx_24327,chr22,36351895,36353387,1492
pre_xx_24328,chr22,36360791,36361754,963
pre_xx_24329,chr22,36368299,36369666,1367
pre_xx_24330,chr22,36370033,36371455,1422
pre_xx_24331,chr22,36385526,36388572,3046
pre_xx_24332,chr22,36409559,36410701,1142
pre_xx_24333,chr22,36418879,36420593,1714
pre_xx_24334,chr22,36432355,36433946,1591
pre_xx_24335,chr22,36451485,36452308,823
pre_xx_24336,chr22,36454659,36455774,1115
pre_xx_24337,chr22,36459332,36459872,540
pre_xx_24338,chr22,36464872,36466037,1165
pre_xx_24339,chr22,36470038,36470614,576
pre_xx_24340,chr22,36480740,36482854,2114
pre_xx_24341,chr22,36504891,36505548,657
pre_xx_24342,chr22,36505894,36507592,1698
pre_xx_24343,chr22,36528129,36530366,2237
pre_xx_24344,chr22,36610612,36611980,1368
pre_xx_24345,chr22,36613313,36614634,1321
pre_xx_24346,chr22,36702897,36704064,1167
pre_xx_24347,chr22,36769959,36771049,1090
pre_xx_24348,chr22,36775362,36776706,1344
pre_xx_24349,chr22,36781682,36782601,919
pre_xx_24350,chr22,36816061,36817527,1466
pre_xx_24351,chr22,36855887,36856796,909
pre_xx_24352,chr22,36921261,36922788,1527
pre_xx_24353,chr22,36976972,36978381,1409
pre_xx_24354,chr22,37018343,37020397,2054
pre_xx_24355,chr22,37043708,37044392,684
pre_xx_24356,chr22,37051248,37052510,1262
pre_xx_24357,chr22,37060579,37061925,1346
pre_xx_24358,chr22,37068665,37069656,991
pre_xx_24359,chr22,37165781,37166975,1194
pre_xx_24360,chr22,37175815,37177137,1322
pre_xx_24361,chr22,37187034,37189462,2428
pre_xx_24362,chr22,37198288,37200090,1802
pre_xx_24363,chr22,37210020,37210678,658
pre_xx_24364,chr22,37211381,37212952,1571
pre_xx_24365,chr22,37243787,37244735,948
pre_xx_24366,chr22,37258559,37260005,1446
pre_xx_24367,chr22,37260256,37261197,941
pre_xx_24368,chr22,37266552,37267579,1027
pre_xx_24369,chr22,37316687,37317279,592
pre_xx_24370,chr22,37324414,37325253,839
pre_xx_24371,chr22,37330405,37331360,955
pre_xx_24372,chr22,37344220,37344896,676
pre_xx_24373,chr22,37345597,37346522,925
pre_xx_24374,chr22,37377217,37380255,3038
pre_xx_24375,chr22,37418590,37420620,2030
pre_xx_24376,chr22,37425645,37428047,2402
pre_xx_24377,chr22,37462041,37463258,1217
pre_xx_24378,chr22,37485923,37486810,887
pre_xx_24379,chr22,37498184,37498694,510
pre_xx_24380,chr22,37500973,37502723,1750
pre_xx_24381,chr22,37512002,37512938,936
pre_xx_24382,chr22,37518365,37520170,1805
pre_xx_24383,chr22,37538482,37539237,755
pre_xx_24384,chr22,37545123,37547532,2409
pre_xx_24385,chr22,37549556,37550068,512
pre_xx_24386,chr22,37551960,37553057,1097
pre_xx_24387,chr22,37559878,37562050,2172
pre_xx_24388,chr22,37567149,37567640,491
pre_xx_24389,chr22,37568915,37570468,1553
pre_xx_24390,chr22,37579789,37580467,678
pre_xx_24391,chr22,37601111,37602325,1214
pre_xx_24392,chr22,37606951,37609845,2894
pre_xx_24393,chr22,37623089,37624142,1053
pre_xx_24394,chr22,37632846,37634883,2037
pre_xx_24395,chr22,37638936,37640643,1707
pre_xx_24396,chr22,37657676,37659587,1911
pre_xx_24397,chr22,37661042,37661690,648
pre_xx_24398,chr22,37674799,37677585,2786
pre_xx_24399,chr22,37685916,37687135,1219
pre_xx_24400,chr22,37696333,37697833,1500
pre_xx_24401,chr22,37740538,37741655,1117
pre_xx_24402,chr22,37745557,37747053,1496
pre_xx_24403,chr22,37752037,37753071,1034
pre_xx_24404,chr22,37801948,37802983,1035
pre_xx_24405,chr22,37804576,37805618,1042
pre_xx_24406,chr22,37806598,37808407,1809
pre_xx_24407,chr22,37817428,37819302,1874
pre_xx_24408,chr22,37824480,37825603,1123
pre_xx_24409,chr22,37842084,37842735,651
pre_xx_24410,chr22,37843494,37844715,1221
pre_xx_24411,chr22,37848681,37850122,1441
pre_xx_24412,chr22,37854632,37855579,947
pre_xx_24413,chr22,37862001,37863877,1876
pre_xx_24414,chr22,37905079,37907590,2511
pre_xx_24415,chr22,37933051,37934327,1276
pre_xx_24416,chr22,37952613,37954285,1672
pre_xx_24417,chr22,37964709,37965514,805
pre_xx_24418,chr22,37972085,37973368,1283
pre_xx_24419,chr22,37982935,37984004,1069
pre_xx_24420,chr22,38051989,38052689,700
pre_xx_24421,chr22,38056593,38058052,1459
pre_xx_24422,chr22,38080636,38082810,2174
pre_xx_24423,chr22,38087566,38089939,2373
pre_xx_24424,chr22,38114326,38114988,662
pre_xx_24425,chr22,38180798,38182297,1499
pre_xx_24426,chr22,38201205,38203622,2417
pre_xx_24427,chr22,38205027,38205630,603
pre_xx_24428,chr22,38213951,38215052,1101
pre_xx_24429,chr22,38217977,38219109,1132
pre_xx_24430,chr22,38238658,38239837,1179
pre_xx_24431,chr22,38242894,38243651,757
pre_xx_24432,chr22,38256788,38258271,1483
pre_xx_24433,chr22,38258706,38259636,930
pre_xx_24434,chr22,38260331,38261734,1403
pre_xx_24435,chr22,38265976,38266731,755
pre_xx_24436,chr22,38271760,38273575,1815
pre_xx_24437,chr22,38283044,38284579,1535
pre_xx_24438,chr22,38305176,38306461,1285
pre_xx_24439,chr22,38314489,38315844,1355
pre_xx_24440,chr22,38316008,38317883,1875
pre_xx_24441,chr22,38335698,38336803,1105
pre_xx_24442,chr22,38397175,38399652,2477
pre_xx_24443,chr22,38412248,38413626,1378
pre_xx_24444,chr22,38419239,38420174,935
pre_xx_24445,chr22,38422373,38424513,2140
pre_xx_24446,chr22,38431413,38432704,1291
pre_xx_24447,chr22,38454220,38456364,2144
pre_xx_24448,chr22,38461130,38461923,793
pre_xx_24449,chr22,38463218,38463785,567
pre_xx_24450,chr22,38467500,38468972,1472
pre_xx_24451,chr22,38504638,38505031,393
pre_xx_24452,chr22,38505439,38506982,1543
pre_xx_24453,chr22,38569405,38571105,1700
pre_xx_24454,chr22,38655689,38657738,2049
pre_xx_24455,chr22,38681116,38682442,1326
pre_xx_24456,chr22,38699573,38701555,1982
pre_xx_24457,chr22,38705107,38707012,1905
pre_xx_24458,chr22,38714069,38715710,1641
pre_xx_24459,chr22,38733122,38735177,2055
pre_xx_24460,chr22,38754102,38756511,2409
pre_xx_24461,chr22,38760546,38761549,1003
pre_xx_24462,chr22,38765921,38766457,536
pre_xx_24463,chr22,38768644,38769289,645
pre_xx_24464,chr22,38787824,38789180,1356
pre_xx_24465,chr22,38793340,38794450,1110
pre_xx_24466,chr22,38840803,38841574,771
pre_xx_24467,chr22,38842947,38844508,1561
pre_xx_24468,chr22,38862027,38862903,876
pre_xx_24469,chr22,38864332,38865200,868
pre_xx_24470,chr22,38868875,38869122,247
pre_xx_24471,chr22,38870272,38870595,323
pre_xx_24472,chr22,38871131,38873293,2162
pre_xx_24473,chr22,38881230,38883351,2121
pre_xx_24474,chr22,38923737,38924827,1090
pre_xx_24475,chr22,38927023,38927855,832
pre_xx_24476,chr22,38980848,38982606,1758
pre_xx_24477,chr22,38992463,38993814,1351
pre_xx_24478,chr22,39002923,39003757,834
pre_xx_24479,chr22,39011105,39011569,464
pre_xx_24480,chr22,39012388,39013422,1034
pre_xx_24481,chr22,39013628,39014939,1311
pre_xx_24482,chr22,39020388,39022276,1888
pre_xx_24483,chr22,39039924,39041590,1666
pre_xx_24484,chr22,39076662,39077762,1100
pre_xx_24485,chr22,39087655,39088939,1284
pre_xx_24486,chr22,39100065,39101489,1424
pre_xx_24487,chr22,39110654,39111849,1195
pre_xx_24488,chr22,39113713,39115619,1906
pre_xx_24489,chr22,39134886,39135593,707
pre_xx_24490,chr22,39144115,39146319,2204
pre_xx_24491,chr22,39152074,39153601,1527
pre_xx_24492,chr22,39170651,39171297,646
pre_xx_24493,chr22,39174263,39175164,901
pre_xx_24494,chr22,39175821,39176595,774
pre_xx_24495,chr22,39229726,39231064,1338
pre_xx_24496,chr22,39233196,39236017,2821
pre_xx_24497,chr22,39239574,39239995,421
pre_xx_24498,chr22,39240602,39245297,4695
pre_xx_24499,chr22,39252810,39253975,1165
pre_xx_24500,chr22,39291867,39292987,1120
pre_xx_24501,chr22,39296816,39298720,1904
pre_xx_24502,chr22,39308540,39309197,657
pre_xx_24503,chr22,39309696,39311317,1621
pre_xx_24504,chr22,39316373,39316735,362
pre_xx_24505,chr22,39318713,39320475,1762
pre_xx_24506,chr22,39349084,39351005,1921
pre_xx_24507,chr22,39387963,39389188,1225
pre_xx_24508,chr22,39399128,39400406,1278
pre_xx_24509,chr22,39404887,39406136,1249
pre_xx_24510,chr22,39437175,39438401,1226
pre_xx_24511,chr22,39447825,39448809,984
pre_xx_24512,chr22,39456108,39458519,2411
pre_xx_24513,chr22,39478141,39478944,803
pre_xx_24514,chr22,39496193,39496876,683
pre_xx_24515,chr22,39500643,39503283,2640
pre_xx_24516,chr22,39519137,39521249,2112
pre_xx_24517,chr22,39522481,39523706,1225
pre_xx_24518,chr22,39528750,39529517,767
pre_xx_24519,chr22,39532133,39533140,1007
pre_xx_24520,chr22,39534453,39535130,677
pre_xx_24521,chr22,39545443,39546138,695
pre_xx_24522,chr22,39557184,39558658,1474
pre_xx_24523,chr22,39592212,39593385,1173
pre_xx_24524,chr22,39597308,39598590,1282
pre_xx_24525,chr22,39655006,39656513,1507
pre_xx_24526,chr22,39685034,39686469,1435
pre_xx_24527,chr22,39689815,39691667,1852
pre_xx_24528,chr22,39703318,39704757,1439
pre_xx_24529,chr22,39994183,39995713,1530
pre_xx_24530,chr22,39997830,39998606,776
pre_xx_24531,chr22,40008434,40010639,2205
pre_xx_24532,chr22,40028165,40029120,955
pre_xx_24533,chr22,40036478,40036980,502
pre_xx_24534,chr22,40043808,40045871,2063
pre_xx_24535,chr22,40120764,40121934,1170
pre_xx_24536,chr22,40176783,40178222,1439
pre_xx_24537,chr22,40178431,40179774,1343
pre_xx_24538,chr22,40193403,40195240,1837
pre_xx_24539,chr22,40202109,40203066,957
pre_xx_24540,chr22,40345668,40347350,1682
pre_xx_24541,chr22,40370091,40371450,1359
pre_xx_24542,chr22,40387512,40388735,1223
pre_xx_24543,chr22,40436423,40437570,1147
pre_xx_24544,chr22,40508907,40511451,2544
pre_xx_24545,chr22,40531630,40532898,1268
pre_xx_24546,chr22,40634510,40637632,3122
pre_xx_24547,chr22,40651479,40652993,1514
pre_xx_24548,chr22,40678933,40680767,1834
pre_xx_24549,chr22,40713947,40715031,1084
pre_xx_24550,chr22,40818523,40820001,1478
pre_xx_24551,chr22,40855678,40857669,1991
pre_xx_24552,chr22,40927917,40929281,1364
pre_xx_24553,chr22,40950381,40952495,2114
pre_xx_24554,chr22,41021014,41023482,2468
pre_xx_24555,chr22,41048406,41049741,1335
pre_xx_24556,chr22,41090859,41093290,2431
pre_xx_24557,chr22,41196807,41198487,1680
pre_xx_24558,chr22,41204702,41205941,1239
pre_xx_24559,chr22,41216119,41218148,2029
pre_xx_24560,chr22,41237202,41238790,1588
pre_xx_24561,chr22,41256746,41257948,1202
pre_xx_24562,chr22,41285017,41286982,1965
pre_xx_24563,chr22,41290423,41291268,845
pre_xx_24564,chr22,41300888,41303198,2310
pre_xx_24565,chr22,41304342,41304779,437
pre_xx_24566,chr22,41366719,41368498,1779
pre_xx_24567,chr22,41368857,41370119,1262
pre_xx_24568,chr22,41380459,41382885,2426
pre_xx_24569,chr22,41401651,41402451,800
pre_xx_24570,chr22,41403608,41404303,695
pre_xx_24571,chr22,41412936,41414946,2010
pre_xx_24572,chr22,41417965,41418486,521
pre_xx_24573,chr22,41444063,41444815,752
pre_xx_24574,chr22,41446266,41448800,2534
pre_xx_24575,chr22,41468148,41470027,1879
pre_xx_24576,chr22,41512619,41513579,960
pre_xx_24577,chr22,41530443,41531114,671
pre_xx_24578,chr22,41543641,41544923,1282
pre_xx_24579,chr22,41555122,41555983,861
pre_xx_24580,chr22,41557118,41557974,856
pre_xx_24581,chr22,41560151,41562185,2034
pre_xx_24582,chr22,41588726,41590363,1637
pre_xx_24583,chr22,41596971,41598421,1450
pre_xx_24584,chr22,41619667,41622104,2437
pre_xx_24585,chr22,41656189,41657224,1035
pre_xx_24586,chr22,41666140,41667759,1619
pre_xx_24587,chr22,41681644,41682886,1242
pre_xx_24588,chr22,41687636,41689656,2020
pre_xx_24589,chr22,41696732,41697718,986
pre_xx_24590,chr22,41799516,41801443,1927
pre_xx_24591,chr22,41832140,41834628,2488
pre_xx_24592,chr22,41880365,41881115,750
pre_xx_24593,chr22,41908974,41911228,2254
pre_xx_24594,chr22,41914500,41915300,800
pre_xx_24595,chr22,41919247,41920364,1117
pre_xx_24596,chr22,41925347,41926980,1633
pre_xx_24597,chr22,41928442,41929761,1319
pre_xx_24598,chr22,41940839,41941606,767
pre_xx_24599,chr22,41945941,41947513,1572
pre_xx_24600,chr22,41957238,41958322,1084
pre_xx_24601,chr22,41968422,41970421,1999
pre_xx_24602,chr22,41976130,41977646,1516
pre_xx_24603,chr22,41998186,41999322,1136
pre_xx_24604,chr22,42069971,42071368,1397
pre_xx_24605,chr22,42073943,42074789,846
pre_xx_24606,chr22,42078737,42080745,2008
pre_xx_24607,chr22,42089742,42091551,1809
pre_xx_24608,chr22,42268842,42271213,2371
pre_xx_24609,chr22,42273323,42274244,921
pre_xx_24610,chr22,42282168,42284273,2105
pre_xx_24611,chr22,42289377,42290386,1009
pre_xx_24612,chr22,42294098,42294741,643
pre_xx_24613,chr22,42296197,42296859,662
pre_xx_24614,chr22,42299574,42301023,1449
pre_xx_24615,chr22,42303228,42304580,1352
pre_xx_24616,chr22,42313772,42314722,950
pre_xx_24617,chr22,42328586,42329520,934
pre_xx_24618,chr22,42343171,42344962,1791
pre_xx_24619,chr22,42347065,42348129,1064
pre_xx_24620,chr22,42367774,42369748,1974
pre_xx_24621,chr22,42431427,42432606,1179
pre_xx_24622,chr22,42433559,42434698,1139
pre_xx_24623,chr22,42437333,42438586,1253
pre_xx_24624,chr22,42443492,42445113,1621
pre_xx_24625,chr22,42458805,42460433,1628
pre_xx_24626,chr22,42499662,42501121,1459
pre_xx_24627,chr22,42511373,42512969,1596
pre_xx_24628,chr22,42515675,42516256,581
pre_xx_24629,chr22,42519252,42520405,1153
pre_xx_24630,chr22,42532891,42533724,833
pre_xx_24631,chr22,42553162,42554434,1272
pre_xx_24632,chr22,42561448,42562939,1491
pre_xx_24633,chr22,42581427,42582502,1075
pre_xx_24634,chr22,42612853,42613137,284
pre_xx_24635,chr22,42613908,42616150,2242
pre_xx_24636,chr22,42621211,42621917,706
pre_xx_24637,chr22,42645913,42647346,1433
pre_xx_24638,chr22,42648619,42649951,1332
pre_xx_24639,chr22,42661740,42663018,1278
pre_xx_24640,chr22,42688012,42689248,1236
pre_xx_24641,chr22,42716924,42717978,1054
pre_xx_24642,chr22,42719231,42721350,2119
pre_xx_24643,chr22,42769278,42770522,1244
pre_xx_24644,chr22,42779757,42780504,747
pre_xx_24645,chr22,42856020,42857738,1718
pre_xx_24646,chr22,42867267,42868153,886
pre_xx_24647,chr22,42892444,42893240,796
pre_xx_24648,chr22,42905148,42906110,962
pre_xx_24649,chr22,42925690,42927284,1594
pre_xx_24650,chr22,42938629,42940657,2028
pre_xx_24651,chr22,42959276,42961193,1917
pre_xx_24652,chr22,43013605,43015725,2120
pre_xx_24653,chr22,43088785,43089660,875
pre_xx_24654,chr22,43103662,43104579,917
pre_xx_24655,chr22,43109405,43111876,2471
pre_xx_24656,chr22,43142461,43143638,1177
pre_xx_24657,chr22,43151020,43152967,1947
pre_xx_24658,chr22,43185405,43188103,2698
pre_xx_24659,chr22,43202771,43204258,1487
pre_xx_24660,chr22,43212657,43213644,987
pre_xx_24661,chr22,43225903,43227614,1711
pre_xx_24662,chr22,43230725,43231885,1160
pre_xx_24663,chr22,43236186,43236861,675
pre_xx_24664,chr22,43239118,43240903,1785
pre_xx_24665,chr22,43260330,43261253,923
pre_xx_24666,chr22,43263124,43264557,1433
pre_xx_24667,chr22,43269104,43270041,937
pre_xx_24668,chr22,43289012,43290603,1591
pre_xx_24669,chr22,43341999,43344402,2403
pre_xx_24670,chr22,43376790,43378838,2048
pre_xx_24671,chr22,43385319,43386094,775
pre_xx_24672,chr22,43388138,43389053,915
pre_xx_24673,chr22,43410961,43413108,2147
pre_xx_24674,chr22,43740084,43741554,1470
pre_xx_24675,chr22,43811434,43812997,1563
pre_xx_24676,chr22,43861072,43862919,1847
pre_xx_24677,chr22,43867646,43868306,660
pre_xx_24678,chr22,43890916,43892315,1399
pre_xx_24679,chr22,43923080,43924561,1481
pre_xx_24680,chr22,43954688,43956284,1596
pre_xx_24681,chr22,43992551,43994792,2241
pre_xx_24682,chr22,44002341,44004638,2297
pre_xx_24683,chr22,44023561,44025167,1606
pre_xx_24684,chr22,44080709,44081676,967
pre_xx_24685,chr22,44085595,44087545,1950
pre_xx_24686,chr22,44144604,44145881,1277
pre_xx_24687,chr22,44147028,44148608,1580
pre_xx_24688,chr22,44158565,44161330,2765
pre_xx_24689,chr22,44200634,44201520,886
pre_xx_24690,chr22,44242519,44243327,808
pre_xx_24691,chr22,44261885,44263101,1216
pre_xx_24692,chr22,44325529,44326522,993
pre_xx_24693,chr22,44330401,44332264,1863
pre_xx_24694,chr22,44336946,44338000,1054
pre_xx_24695,chr22,44344446,44345061,615
pre_xx_24696,chr22,44348725,44349818,1093
pre_xx_24697,chr22,44351607,44352888,1281
pre_xx_24698,chr22,44357160,44359126,1966
pre_xx_24699,chr22,44364752,44367178,2426
pre_xx_24700,chr22,44380966,44382873,1907
pre_xx_24701,chr22,44496935,44498774,1839
pre_xx_24702,chr22,44574016,44575591,1575
pre_xx_24703,chr22,44586099,44587512,1413
pre_xx_24704,chr22,44597436,44598289,853
pre_xx_24705,chr22,44619887,44621013,1126
pre_xx_24706,chr22,44625890,44626548,658
pre_xx_24707,chr22,44667819,44669437,1618
pre_xx_24708,chr22,44676505,44677482,977
pre_xx_24709,chr22,44684430,44685708,1278
pre_xx_24710,chr22,44698591,44699452,861
pre_xx_24711,chr22,44701619,44703466,1847
pre_xx_24712,chr22,44710698,44712421,1723
pre_xx_24713,chr22,44719134,44720318,1184
pre_xx_24714,chr22,44728624,44730408,1784
pre_xx_24715,chr22,44735648,44736242,594
pre_xx_24716,chr22,44737089,44738712,1623
pre_xx_24717,chr22,44745767,44747557,1790
pre_xx_24718,chr22,44752220,44754118,1898
pre_xx_24719,chr22,44755061,44756309,1248
pre_xx_24720,chr22,44764785,44767491,2706
pre_xx_24721,chr22,44820079,44820980,901
pre_xx_24722,chr22,44930193,44932040,1847
pre_xx_24723,chr22,44975165,44975987,822
pre_xx_24724,chr22,44994674,44995634,960
pre_xx_24725,chr22,45006054,45008395,2341
pre_xx_24726,chr22,45008732,45010572,1840
pre_xx_24727,chr22,45035821,45036843,1022
pre_xx_24728,chr22,45163053,45165366,2313
pre_xx_24729,chr22,45169572,45170548,976
pre_xx_24730,chr22,45192278,45193484,1206
pre_xx_24731,chr22,45200976,45202051,1075
pre_xx_24732,chr22,45202283,45202940,657
pre_xx_24733,chr22,45216136,45216994,858
pre_xx_24734,chr22,45226421,45227985,1564
pre_xx_24735,chr22,45239757,45241709,1952
pre_xx_24736,chr22,45263371,45264099,728
pre_xx_24737,chr22,45267856,45269799,1943
pre_xx_24738,chr22,45284374,45285925,1551
pre_xx_24739,chr22,45308913,45311462,2549
pre_xx_24740,chr22,45317460,45319001,1541
pre_xx_24741,chr22,45412735,45414247,1512
pre_xx_24742,chr22,45435251,45436040,789
pre_xx_24743,chr22,45502041,45505552,3511
pre_xx_24744,chr22,45533842,45535600,1758
pre_xx_24745,chr22,45552029,45554772,2743
pre_xx_24746,chr22,45577292,45578374,1082
pre_xx_24747,chr22,45644754,45646187,1433
pre_xx_24748,chr22,45670961,45672776,1815
pre_xx_24749,chr22,45756571,45757564,993
pre_xx_24750,chr22,45762163,45764553,2390
pre_xx_24751,chr22,45866191,45867768,1577
pre_xx_24752,chr22,45877882,45879331,1449
pre_xx_24753,chr22,45880067,45881250,1183
pre_xx_24754,chr22,45884201,45884917,716
pre_xx_24755,chr22,45905371,45906692,1321
pre_xx_24756,chr22,45918364,45919876,1512
pre_xx_24757,chr22,45934312,45935522,1210
pre_xx_24758,chr22,45970571,45972685,2114
pre_xx_24759,chr22,45975727,45977384,1657
pre_xx_24760,chr22,45978503,45979451,948
pre_xx_24761,chr22,45994545,45995196,651
pre_xx_24762,chr22,46006129,46008286,2157
pre_xx_24763,chr22,46013004,46014412,1408
pre_xx_24764,chr22,46026964,46028491,1527
pre_xx_24765,chr22,46035215,46037166,1951
pre_xx_24766,chr22,46043450,46046096,2646
pre_xx_24767,chr22,46052753,46054964,2211
pre_xx_24768,chr22,46069620,46072796,3176
pre_xx_24769,chr22,46087515,46089136,1621
pre_xx_24770,chr22,46105266,46106463,1197
pre_xx_24771,chr22,46106691,46107701,1010
pre_xx_24772,chr22,46116213,46116992,779
pre_xx_24773,chr22,46136155,46137169,1014
pre_xx_24774,chr22,46149310,46151786,2476
pre_xx_24775,chr22,46249467,46251299,1832
pre_xx_24776,chr22,46262171,46263386,1215
pre_xx_24777,chr22,46267365,46268575,1210
pre_xx_24778,chr22,46295766,46297568,1802
pre_xx_24779,chr22,46334835,46336982,2147
pre_xx_24780,chr22,46355223,46355860,637
pre_xx_24781,chr22,46446805,46447708,903
pre_xx_24782,chr22,46452868,46453920,1052
pre_xx_24783,chr22,46536360,46539035,2675
pre_xx_24784,chr22,46542073,46542653,580
pre_xx_24785,chr22,46546771,46548213,1442
pre_xx_24786,chr22,46563189,46564619,1430
pre_xx_24787,chr22,46575167,46578005,2838
pre_xx_24788,chr22,46587035,46588042,1007
pre_xx_24789,chr22,46612404,46614883,2479
pre_xx_24790,chr22,46633187,46634552,1365
pre_xx_24791,chr22,46649009,46650298,1289
pre_xx_24792,chr22,46660056,46661751,1695
pre_xx_24793,chr22,46669773,46670636,863
pre_xx_24794,chr22,46685381,46687164,1783
pre_xx_24795,chr22,46721514,46722555,1041
pre_xx_24796,chr22,46730306,46731973,1667
pre_xx_24797,chr22,46737139,46739491,2352
pre_xx_24798,chr22,46741276,46741769,493
pre_xx_24799,chr22,46761960,46763431,1471
pre_xx_24800,chr22,46770001,46771066,1065
pre_xx_24801,chr22,46773683,46774738,1055
pre_xx_24802,chr22,46798265,46799173,908
pre_xx_24803,chr22,46802664,46803836,1172
pre_xx_24804,chr22,46947376,46948449,1073
pre_xx_24805,chr22,46970654,46971784,1130
pre_xx_24806,chr22,46993455,46994095,640
pre_xx_24807,chr22,47018532,47019582,1050
pre_xx_24808,chr22,47043434,47045506,2072
pre_xx_24809,chr22,47089847,47091695,1848
pre_xx_24810,chr22,47153828,47155591,1763
pre_xx_24811,chr22,47191782,47193408,1626
pre_xx_24812,chr22,47197209,47197989,780
pre_xx_24813,chr22,47199747,47200976,1229
pre_xx_24814,chr22,47207890,47209310,1420
pre_xx_24815,chr22,47629076,47630133,1057
pre_xx_24816,chr22,47850275,47851848,1573
pre_xx_24817,chr22,48089225,48090864,1639
pre_xx_24818,chr22,48140955,48141962,1007
pre_xx_24819,chr22,48257269,48258545,1276
pre_xx_24820,chr22,48286387,48287668,1281
pre_xx_24821,chr22,48369059,48371144,2085
pre_xx_24822,chr22,48382069,48382922,853
pre_xx_24823,chr22,48488727,48491061,2334
pre_xx_24824,chr22,48492201,48492699,498
pre_xx_24825,chr22,48534001,48535123,1122
pre_xx_24826,chr22,48536211,48537380,1169
pre_xx_24827,chr22,48574721,48577097,2376
pre_xx_24828,chr22,48635460,48636336,876
pre_xx_24829,chr22,48743112,48743991,879
pre_xx_24830,chr22,48795392,48796965,1573
pre_xx_24831,chr22,48827042,48828302,1260
pre_xx_24832,chr22,48835396,48836545,1149
pre_xx_24833,chr22,49015510,49016713,1203
pre_xx_24834,chr22,49197289,49198374,1085
pre_xx_24835,chr22,49304752,49305602,850
pre_xx_24836,chr22,49449946,49451332,1386
pre_xx_24837,chr22,49460015,49461212,1197
pre_xx_24838,chr22,49481146,49482882,1736
pre_xx_24839,chr22,49489698,49491451,1753
pre_xx_24840,chr22,49632126,49633277,1151
pre_xx_24841,chr22,49669913,49671971,2058
pre_xx_24842,chr22,49703565,49705966,2401
pre_xx_24843,chr22,49711882,49712637,755
pre_xx_24844,chr22,49723907,49725378,1471
pre_xx_24845,chr22,49734822,49735999,1177
pre_xx_24846,chr22,49825941,49828430,2489
pre_xx_24847,chr22,49847936,49848986,1050
pre_xx_24848,chr22,49852837,49854820,1983
pre_xx_24849,chr22,49917461,49919371,1910
pre_xx_24850,chr22,49928778,49929886,1108
pre_xx_24851,chr22,49934816,49936861,2045
pre_xx_24852,chr22,49951938,49952758,820
pre_xx_24853,chr22,49959893,49963008,3115
pre_xx_24854,chr22,49966879,49968165,1286
pre_xx_24855,chr22,49970530,49971944,1414
pre_xx_24856,chr22,49982622,49984320,1698
pre_xx_24857,chr22,50014721,50015453,732
pre_xx_24858,chr22,50029434,50030945,1511
pre_xx_24859,chr22,50057764,50060369,2605
pre_xx_24860,chr22,50085144,50086794,1650
pre_xx_24861,chr22,50118438,50119504,1066
pre_xx_24862,chr22,50145586,50147147,1561
pre_xx_24863,chr22,50148934,50149477,543
pre_xx_24864,chr22,50169003,50171170,2167
pre_xx_24865,chr22,50183959,50187009,3050
pre_xx_24866,chr22,50189120,50189624,504
pre_xx_24867,chr22,50189874,50191734,1860
pre_xx_24868,chr22,50199743,50202449,2706
pre_xx_24869,chr22,50208912,50210172,1260
pre_xx_24870,chr22,50219018,50219978,960
pre_xx_24871,chr22,50241126,50241511,385
pre_xx_24872,chr22,50243987,50245712,1725
pre_xx_24873,chr22,50250447,50252474,2027
pre_xx_24874,chr22,50260405,50262157,1752
pre_xx_24875,chr22,50267044,50268020,976
pre_xx_24876,chr22,50269297,50271070,1773
pre_xx_24877,chr22,50271583,50272155,572
pre_xx_24878,chr22,50292658,50294613,1955
pre_xx_24879,chr22,50299215,50300658,1443
pre_xx_24880,chr22,50301045,50302870,1825
pre_xx_24881,chr22,50305730,50306581,851
pre_xx_24882,chr22,50306911,50308359,1448
pre_xx_24883,chr22,50325823,50327857,2034
pre_xx_24884,chr22,50341961,50343648,1687
pre_xx_24885,chr22,50398806,50400368,1562
pre_xx_24886,chr22,50469558,50470343,785
pre_xx_24887,chr22,50473851,50475655,1804
pre_xx_24888,chr22,50480989,50482659,1670
pre_xx_24889,chr22,50498038,50498917,879
pre_xx_24890,chr22,50506573,50508824,2251
pre_xx_24891,chr22,50524721,50526780,2059
pre_xx_24892,chr22,50531527,50532577,1050
pre_xx_24893,chr22,50544001,50544525,524
pre_xx_24894,chr22,50546615,50547781,1166
pre_xx_24895,chr22,50547954,50549125,1171
pre_xx_24896,chr22,50562476,50564020,1544
pre_xx_24897,chr22,50582017,50583768,1751
pre_xx_24898,chr22,50599866,50601673,1807
pre_xx_24899,chr22,50619936,50622510,2574
pre_xx_24900,chr22,50627183,50629123,1940
pre_xx_24901,chr22,50640808,50642723,1915
pre_xx_24902,chr22,50671727,50675660,3933
pre_xx_24903,chr22,50696335,50698032,1697
pre_xx_24904,chr22,50704717,50706298,1581
pre_xx_24905,chr22,50719783,50721140,1357
pre_xx_24906,chr22,50783049,50784258,1209
pre_xx_24907,chr3,196308,198508,2200
pre_xx_24908,chr3,480354,482238,1884
pre_xx_24909,chr3,540161,542369,2208
pre_xx_24910,chr3,1092114,1093741,1627
pre_xx_24911,chr3,1446556,1448237,1681
pre_xx_24912,chr3,2097571,2100373,2802
pre_xx_24913,chr3,3014907,3015958,1051
pre_xx_24914,chr3,3109601,3111218,1617
pre_xx_24915,chr3,3125993,3127867,1874
pre_xx_24916,chr3,3178995,3179975,980
pre_xx_24917,chr3,3798363,3800452,2089
pre_xx_24918,chr3,3800661,3801308,647
pre_xx_24919,chr3,4302674,4304121,1447
pre_xx_24920,chr3,4466345,4467697,1352
pre_xx_24921,chr3,4492112,4494311,2199
pre_xx_24922,chr3,4503520,4505123,1603
pre_xx_24923,chr3,4720224,4721148,924
pre_xx_24924,chr3,4750106,4751171,1065
pre_xx_24925,chr3,4867314,4869111,1797
pre_xx_24926,chr3,4976963,4980575,3612
pre_xx_24927,chr3,4985398,4987385,1987
pre_xx_24928,chr3,5026043,5027474,1431
pre_xx_24929,chr3,5095477,5096773,1296
pre_xx_24930,chr3,5121723,5123626,1903
pre_xx_24931,chr3,5186709,5189095,2386
pre_xx_24932,chr3,5426057,5426860,803
pre_xx_24933,chr3,6518473,6519170,697
pre_xx_24934,chr3,6860113,6862087,1974
pre_xx_24935,chr3,6862303,6863049,746
pre_xx_24936,chr3,6863449,6864029,580
pre_xx_24937,chr3,7112414,7113053,639
pre_xx_24938,chr3,7270555,7271259,704
pre_xx_24939,chr3,7682449,7683649,1200
pre_xx_24940,chr3,7875647,7877318,1671
pre_xx_24941,chr3,8069110,8070383,1273
pre_xx_24942,chr3,8443802,8444761,959
pre_xx_24943,chr3,8500549,8502019,1470
pre_xx_24944,chr3,8606521,8608022,1501
pre_xx_24945,chr3,8622555,8623999,1444
pre_xx_24946,chr3,8658003,8658922,919
pre_xx_24947,chr3,8741323,8742554,1231
pre_xx_24948,chr3,8767272,8769715,2443
pre_xx_24949,chr3,8962315,8963899,1584
pre_xx_24950,chr3,8987625,8988615,990
pre_xx_24951,chr3,9011573,9012508,935
pre_xx_24952,chr3,9018913,9020841,1928
pre_xx_24953,chr3,9027844,9028649,805
pre_xx_24954,chr3,9035778,9038108,2330
pre_xx_24955,chr3,9067199,9068666,1467
pre_xx_24956,chr3,9135613,9136625,1012
pre_xx_24957,chr3,9247290,9250072,2782
pre_xx_24958,chr3,9302032,9302911,879
pre_xx_24959,chr3,9362577,9363938,1361
pre_xx_24960,chr3,9395765,9398051,2286
pre_xx_24961,chr3,9398172,9398944,772
pre_xx_24962,chr3,9399770,9400066,296
pre_xx_24963,chr3,9422526,9423452,926
pre_xx_24964,chr3,9499261,9500962,1701
pre_xx_24965,chr3,9552011,9552903,892
pre_xx_24966,chr3,9599844,9601410,1566
pre_xx_24967,chr3,9630209,9631744,1535
pre_xx_24968,chr3,9648843,9650427,1584
pre_xx_24969,chr3,9703591,9705369,1778
pre_xx_24970,chr3,9730591,9732992,2401
pre_xx_24971,chr3,9749176,9751045,1869
pre_xx_24972,chr3,9768956,9770993,2037
pre_xx_24973,chr3,9792105,9793785,1680
pre_xx_24974,chr3,9809283,9811011,1728
pre_xx_24975,chr3,9843057,9844418,1361
pre_xx_24976,chr3,9862326,9863326,1000
pre_xx_24977,chr3,9889619,9891247,1628
pre_xx_24978,chr3,9914810,9917474,2664
pre_xx_24979,chr3,9932503,9934512,2009
pre_xx_24980,chr3,9945934,9947592,1658
pre_xx_24981,chr3,9951631,9952622,991
pre_xx_24982,chr3,9986025,9987605,1580
pre_xx_24983,chr3,10008657,10009391,734
pre_xx_24984,chr3,10010399,10011748,1349
pre_xx_24985,chr3,10025640,10026813,1173
pre_xx_24986,chr3,10104132,10105103,971
pre_xx_24987,chr3,10115087,10116520,1433
pre_xx_24988,chr3,10141130,10142408,1278
pre_xx_24989,chr3,10164414,10165952,1538
pre_xx_24990,chr3,10193638,10194819,1181
pre_xx_24991,chr3,10247710,10250609,2899
pre_xx_24992,chr3,10263044,10264449,1405
pre_xx_24993,chr3,10273201,10275037,1836
pre_xx_24994,chr3,10289902,10290995,1093
pre_xx_24995,chr3,10319830,10321507,1677
pre_xx_24996,chr3,10378968,10379769,801
pre_xx_24997,chr3,10459810,10460673,863
pre_xx_24998,chr3,10504169,10506264,2095
pre_xx_24999,chr3,10594747,10595327,580
pre_xx_25000,chr3,10707070,10708898,1828
pre_xx_25001,chr3,10738328,10739404,1076
pre_xx_25002,chr3,10961970,10962830,860
pre_xx_25003,chr3,10982633,10983647,1014
pre_xx_25004,chr3,10991846,10993926,2080
pre_xx_25005,chr3,11096064,11097169,1105
pre_xx_25006,chr3,11153694,11155773,2079
pre_xx_25007,chr3,11171577,11172689,1112
pre_xx_25008,chr3,11185491,11186298,807
pre_xx_25009,chr3,11271724,11272842,1118
pre_xx_25010,chr3,11370977,11372269,1292
pre_xx_25011,chr3,11378951,11380734,1783
pre_xx_25012,chr3,11433432,11434997,1565
pre_xx_25013,chr3,11508383,11510706,2323
pre_xx_25014,chr3,11548389,11549142,753
pre_xx_25015,chr3,11575117,11576835,1718
pre_xx_25016,chr3,11581296,11582993,1697
pre_xx_25017,chr3,11590793,11593838,3045
pre_xx_25018,chr3,11600361,11601077,716
pre_xx_25019,chr3,11609626,11611937,2311
pre_xx_25020,chr3,11618575,11620560,1985
pre_xx_25021,chr3,11634729,11636616,1887
pre_xx_25022,chr3,11637829,11638857,1028
pre_xx_25023,chr3,11641335,11642101,766
pre_xx_25024,chr3,11642405,11644211,1806
pre_xx_25025,chr3,11690525,11691746,1221
pre_xx_25026,chr3,11717845,11721215,3370
pre_xx_25027,chr3,11770000,11771334,1334
pre_xx_25028,chr3,11845651,11847326,1675
pre_xx_25029,chr3,11953723,11954930,1207
pre_xx_25030,chr3,11956285,11957103,818
pre_xx_25031,chr3,12003546,12005351,1805
pre_xx_25032,chr3,12287293,12289110,1817
pre_xx_25033,chr3,12483446,12485266,1820
pre_xx_25034,chr3,12553851,12554366,515
pre_xx_25035,chr3,12556213,12558025,1812
pre_xx_25036,chr3,12642398,12643624,1226
pre_xx_25037,chr3,12662565,12664770,2205
pre_xx_25038,chr3,12719477,12720773,1296
pre_xx_25039,chr3,12757915,12758848,933
pre_xx_25040,chr3,12759830,12760703,873
pre_xx_25041,chr3,12780224,12781336,1112
pre_xx_25042,chr3,12796240,12797465,1225
pre_xx_25043,chr3,12809592,12811012,1420
pre_xx_25044,chr3,12840301,12842014,1713
pre_xx_25045,chr3,12867965,12869651,1686
pre_xx_25046,chr3,12875659,12876830,1171
pre_xx_25047,chr3,12878070,12879511,1441
pre_xx_25048,chr3,12891611,12892872,1261
pre_xx_25049,chr3,12954800,12955831,1031
pre_xx_25050,chr3,12963808,12964710,902
pre_xx_25051,chr3,12966228,12968290,2062
pre_xx_25052,chr3,12993086,12995347,2261
pre_xx_25053,chr3,13007132,13008805,1673
pre_xx_25054,chr3,13017907,13018909,1002
pre_xx_25055,chr3,13019068,13019652,584
pre_xx_25056,chr3,13021121,13023041,1920
pre_xx_25057,chr3,13041966,13043249,1283
pre_xx_25058,chr3,13072081,13073928,1847
pre_xx_25059,chr3,13077366,13078853,1487
pre_xx_25060,chr3,13281230,13283431,2201
pre_xx_25061,chr3,13419074,13420866,1792
pre_xx_25062,chr3,13451196,13452337,1141
pre_xx_25063,chr3,13479295,13481170,1875
pre_xx_25064,chr3,13484798,13485673,875
pre_xx_25065,chr3,13506817,13508236,1419
pre_xx_25066,chr3,13546385,13547272,887
pre_xx_25067,chr3,13548564,13549971,1407
pre_xx_25068,chr3,13553293,13554024,731
pre_xx_25069,chr3,13559453,13560694,1241
pre_xx_25070,chr3,13573900,13576097,2197
pre_xx_25071,chr3,13581152,13583215,2063
pre_xx_25072,chr3,13600810,13601599,789
pre_xx_25073,chr3,13621613,13623627,2014
pre_xx_25074,chr3,13647379,13648613,1234
pre_xx_25075,chr3,13650282,13650867,585
pre_xx_25076,chr3,13654840,13655725,885
pre_xx_25077,chr3,13657631,13658179,548
pre_xx_25078,chr3,13877918,13881022,3104
pre_xx_25079,chr3,13894848,13896207,1359
pre_xx_25080,chr3,13896352,13897082,730
pre_xx_25081,chr3,14123978,14126152,2174
pre_xx_25082,chr3,14152214,14153130,916
pre_xx_25083,chr3,14177638,14179179,1541
pre_xx_25084,chr3,14216013,14217073,1060
pre_xx_25085,chr3,14266111,14267334,1223
pre_xx_25086,chr3,14289162,14290018,856
pre_xx_25087,chr3,14297253,14298242,989
pre_xx_25088,chr3,14351018,14352450,1432
pre_xx_25089,chr3,14358032,14359045,1013
pre_xx_25090,chr3,14401871,14404743,2872
pre_xx_25091,chr3,14412627,14413860,1233
pre_xx_25092,chr3,14438785,14441789,3004
pre_xx_25093,chr3,14451768,14453450,1682
pre_xx_25094,chr3,14466656,14467367,711
pre_xx_25095,chr3,14479776,14480664,888
pre_xx_25096,chr3,14508747,14509555,808
pre_xx_25097,chr3,14534351,14535224,873
pre_xx_25098,chr3,14539302,14540569,1267
pre_xx_25099,chr3,14547896,14548855,959
pre_xx_25100,chr3,14550776,14551535,759
pre_xx_25101,chr3,14555099,14556422,1323
pre_xx_25102,chr3,14601981,14603464,1483
pre_xx_25103,chr3,14626791,14627732,941
pre_xx_25104,chr3,14651076,14652784,1708
pre_xx_25105,chr3,14783513,14784744,1231
pre_xx_25106,chr3,14810023,14812428,2405
pre_xx_25107,chr3,14920751,14921584,833
pre_xx_25108,chr3,14946763,14949107,2344
pre_xx_25109,chr3,15064134,15065685,1551
pre_xx_25110,chr3,15098336,15099789,1453
pre_xx_25111,chr3,15205586,15207448,1862
pre_xx_25112,chr3,15267623,15268508,885
pre_xx_25113,chr3,15309431,15311245,1814
pre_xx_25114,chr3,15324006,15325634,1628
pre_xx_25115,chr3,15330958,15333370,2412
pre_xx_25116,chr3,15360630,15362995,2365
pre_xx_25117,chr3,15377846,15378575,729
pre_xx_25118,chr3,15426928,15428888,1960
pre_xx_25119,chr3,15557093,15557992,899
pre_xx_25120,chr3,15600768,15602388,1620
pre_xx_25121,chr3,15796850,15798290,1440
pre_xx_25122,chr3,15858586,15860915,2329
pre_xx_25123,chr3,16148265,16149359,1094
pre_xx_25124,chr3,16246987,16247820,833
pre_xx_25125,chr3,16264069,16265590,1521
pre_xx_25126,chr3,16313339,16314350,1011
pre_xx_25127,chr3,16480119,16481991,1872
pre_xx_25128,chr3,16511565,16514010,2445
pre_xx_25129,chr3,16550327,16551190,863
pre_xx_25130,chr3,16768748,16769658,910
pre_xx_25131,chr3,16864430,16867244,2814
pre_xx_25132,chr3,16875976,16877754,1778
pre_xx_25133,chr3,16883624,16885738,2114
pre_xx_25134,chr3,16897002,16897949,947
pre_xx_25135,chr3,16900577,16902027,1450
pre_xx_25136,chr3,17124314,17126108,1794
pre_xx_25137,chr3,17741437,17743314,1877
pre_xx_25138,chr3,17934890,17936011,1121
pre_xx_25139,chr3,18160954,18162076,1122
pre_xx_25140,chr3,18369204,18370330,1126
pre_xx_25141,chr3,18388952,18390635,1683
pre_xx_25142,chr3,18423407,18426308,2901
pre_xx_25143,chr3,18443544,18445918,2374
pre_xx_25144,chr3,18649599,18650633,1034
pre_xx_25145,chr3,19146284,19148890,2606
pre_xx_25146,chr3,19946264,19948278,2014
pre_xx_25147,chr3,20039653,20041844,2191
pre_xx_25148,chr3,20054246,20055566,1320
pre_xx_25149,chr3,20064493,20065778,1285
pre_xx_25150,chr3,20185048,20187385,2337
pre_xx_25151,chr3,21256569,21257787,1218
pre_xx_25152,chr3,21749920,21751700,1780
pre_xx_25153,chr3,22371689,22373387,1698
pre_xx_25154,chr3,22383156,22384184,1028
pre_xx_25155,chr3,22857610,22859194,1584
pre_xx_25156,chr3,22927824,22929132,1308
pre_xx_25157,chr3,23128823,23130303,1480
pre_xx_25158,chr3,23173716,23175664,1948
pre_xx_25159,chr3,23202140,23204323,2183
pre_xx_25160,chr3,23611507,23612613,1106
pre_xx_25161,chr3,23629312,23629992,680
pre_xx_25162,chr3,23632849,23633865,1016
pre_xx_25163,chr3,23648318,23649707,1389
pre_xx_25164,chr3,23669351,23670221,870
pre_xx_25165,chr3,23701465,23702536,1071
pre_xx_25166,chr3,23710020,23711177,1157
pre_xx_25167,chr3,23755469,23756954,1485
pre_xx_25168,chr3,23762483,23763580,1097
pre_xx_25169,chr3,23805396,23807594,2198
pre_xx_25170,chr3,23809930,23811441,1511
pre_xx_25171,chr3,23916280,23917841,1561
pre_xx_25172,chr3,23944480,23946678,2198
pre_xx_25173,chr3,24399748,24402043,2295
pre_xx_25174,chr3,24493905,24495907,2002
pre_xx_25175,chr3,24520904,24522486,1582
pre_xx_25176,chr3,24828644,24830689,2045
pre_xx_25177,chr3,25427486,25428935,1449
pre_xx_25178,chr3,25429317,25430842,1525
pre_xx_25179,chr3,25593300,25594799,1499
pre_xx_25180,chr3,25663012,25665684,2672
pre_xx_25181,chr3,25782487,25784113,1626
pre_xx_25182,chr3,25789495,25790647,1152
pre_xx_25183,chr3,26621953,26624723,2770
pre_xx_25184,chr3,27368562,27369729,1167
pre_xx_25185,chr3,27482996,27484990,1994
pre_xx_25186,chr3,27632297,27633496,1199
pre_xx_25187,chr3,27666070,27667131,1061
pre_xx_25188,chr3,27680671,27681838,1167
pre_xx_25189,chr3,27711770,27715521,3751
pre_xx_25190,chr3,27720839,27722553,1714
pre_xx_25191,chr3,28240491,28242082,1591
pre_xx_25192,chr3,28347963,28349693,1730
pre_xx_25193,chr3,28574672,28576878,2206
pre_xx_25194,chr3,29064880,29065835,955
pre_xx_25195,chr3,29140112,29141847,1735
pre_xx_25196,chr3,29144425,29145561,1136
pre_xx_25197,chr3,29280472,29283273,2801
pre_xx_25198,chr3,29285426,29286450,1024
pre_xx_25199,chr3,29334665,29336173,1508
pre_xx_25200,chr3,30285704,30286573,869
pre_xx_25201,chr3,30370171,30371460,1289
pre_xx_25202,chr3,30605633,30607506,1873
pre_xx_25203,chr3,30845636,30846849,1213
pre_xx_25204,chr3,30893703,30895541,1838
pre_xx_25205,chr3,30933216,30934703,1487
pre_xx_25206,chr3,31041152,31041991,839
pre_xx_25207,chr3,31287894,31289850,1956
pre_xx_25208,chr3,31531429,31534229,2800
pre_xx_25209,chr3,31743228,31744160,932
pre_xx_25210,chr3,31747435,31749552,2117
pre_xx_25211,chr3,31980176,31982175,1999
pre_xx_25212,chr3,32105996,32107672,1676
pre_xx_25213,chr3,32126067,32126964,897
pre_xx_25214,chr3,32237723,32239447,1724
pre_xx_25215,chr3,32391260,32392902,1642
pre_xx_25216,chr3,32400819,32402263,1444
pre_xx_25217,chr3,32467337,32468150,813
pre_xx_25218,chr3,32501734,32503159,1425
pre_xx_25219,chr3,32569548,32571499,1951
pre_xx_25220,chr3,32684379,32686062,1683
pre_xx_25221,chr3,32780409,32781831,1422
pre_xx_25222,chr3,32815892,32818958,3066
pre_xx_25223,chr3,32821363,32822077,714
pre_xx_25224,chr3,32872354,32873846,1492
pre_xx_25225,chr3,32902487,32903608,1121
pre_xx_25226,chr3,33095672,33097942,2270
pre_xx_25227,chr3,33113378,33114857,1479
pre_xx_25228,chr3,33131368,33132651,1283
pre_xx_25229,chr3,33217566,33219413,1847
pre_xx_25230,chr3,33276978,33278720,1742
pre_xx_25231,chr3,33439136,33441439,2303
pre_xx_25232,chr3,33658523,33660295,1772
pre_xx_25233,chr3,33716626,33718945,2319
pre_xx_25234,chr3,33797783,33799441,1658
pre_xx_25235,chr3,33883312,33884519,1207
pre_xx_25236,chr3,35638785,35640219,1434
pre_xx_25237,chr3,35664131,35665230,1099
pre_xx_25238,chr3,35769102,35770237,1135
pre_xx_25239,chr3,36362240,36363405,1165
pre_xx_25240,chr3,36379843,36381055,1212
pre_xx_25241,chr3,36763567,36765509,1942
pre_xx_25242,chr3,36923435,36925585,2150
pre_xx_25243,chr3,36926972,36927736,764
pre_xx_25244,chr3,36932197,36933624,1427
pre_xx_25245,chr3,36943426,36945946,2520
pre_xx_25246,chr3,36957579,36959089,1510
pre_xx_25247,chr3,36969391,36970329,938
pre_xx_25248,chr3,36992227,36993947,1720
pre_xx_25249,chr3,37175215,37177333,2118
pre_xx_25250,chr3,37242670,37244587,1917
pre_xx_25251,chr3,37451391,37454299,2908
pre_xx_25252,chr3,37859948,37863187,3239
pre_xx_25253,chr3,37890570,37891645,1075
pre_xx_25254,chr3,37905950,37908273,2323
pre_xx_25255,chr3,37943830,37946950,3120
pre_xx_25256,chr3,37993597,37994584,987
pre_xx_25257,chr3,37998125,37999466,1341
pre_xx_25258,chr3,38003196,38003745,549
pre_xx_25259,chr3,38017208,38019168,1960
pre_xx_25260,chr3,38023855,38025458,1603
pre_xx_25261,chr3,38028870,38030060,1190
pre_xx_25262,chr3,38038794,38040343,1549
pre_xx_25263,chr3,38083888,38085878,1990
pre_xx_25264,chr3,38136182,38137767,1585
pre_xx_25265,chr3,38138035,38139330,1295
pre_xx_25266,chr3,38164422,38166382,1960
pre_xx_25267,chr3,38346218,38347698,1480
pre_xx_25268,chr3,38453070,38456121,3051
pre_xx_25269,chr3,38459059,38459954,895
pre_xx_25270,chr3,38495664,38497228,1564
pre_xx_25271,chr3,38579108,38579545,437
pre_xx_25272,chr3,38579754,38581568,1814
pre_xx_25273,chr3,38582836,38583563,727
pre_xx_25274,chr3,38648700,38650298,1598
pre_xx_25275,chr3,38650982,38651548,566
pre_xx_25276,chr3,38657885,38659404,1519
pre_xx_25277,chr3,39051344,39052954,1610
pre_xx_25278,chr3,39106197,39108671,2474
pre_xx_25279,chr3,39141000,39142480,1480
pre_xx_25280,chr3,39143972,39144527,555
pre_xx_25281,chr3,39146725,39147480,755
pre_xx_25282,chr3,39147835,39148408,573
pre_xx_25283,chr3,39150807,39154024,3217
pre_xx_25284,chr3,39177063,39178300,1237
pre_xx_25285,chr3,39180389,39181292,903
pre_xx_25286,chr3,39189440,39190185,745
pre_xx_25287,chr3,39287959,39288792,833
pre_xx_25288,chr3,39346398,39348119,1721
pre_xx_25289,chr3,39353350,39354794,1444
pre_xx_25290,chr3,39383127,39384650,1523
pre_xx_25291,chr3,39385164,39385984,820
pre_xx_25292,chr3,39406092,39407573,1481
pre_xx_25293,chr3,39501879,39502936,1057
pre_xx_25294,chr3,39808476,39810878,2402
pre_xx_25295,chr3,40308830,40310568,1738
pre_xx_25296,chr3,40386672,40387748,1076
pre_xx_25297,chr3,40452652,40454001,1349
pre_xx_25298,chr3,40456719,40457718,999
pre_xx_25299,chr3,40476562,40477986,1424
pre_xx_25300,chr3,40505439,40506780,1341
pre_xx_25301,chr3,40523840,40525784,1944
pre_xx_25302,chr3,40584291,40585419,1128
pre_xx_25303,chr3,40615113,40616464,1351
pre_xx_25304,chr3,41198554,41200441,1887
pre_xx_25305,chr3,41259361,41260440,1079
pre_xx_25306,chr3,41681289,41681918,629
pre_xx_25307,chr3,41960820,41962721,1901
pre_xx_25308,chr3,42012637,42015482,2845
pre_xx_25309,chr3,42024177,42026473,2296
pre_xx_25310,chr3,42031474,42033508,2034
pre_xx_25311,chr3,42042704,42043825,1121
pre_xx_25312,chr3,42066348,42067682,1334
pre_xx_25313,chr3,42071659,42073442,1783
pre_xx_25314,chr3,42099480,42100166,686
pre_xx_25315,chr3,42148838,42149525,687
pre_xx_25316,chr3,42247143,42248164,1021
pre_xx_25317,chr3,42264403,42265957,1554
pre_xx_25318,chr3,42501203,42503110,1907
pre_xx_25319,chr3,42581254,42582784,1530
pre_xx_25320,chr3,42590119,42591857,1738
pre_xx_25321,chr3,42599724,42601447,1723
pre_xx_25322,chr3,42653147,42655290,2143
pre_xx_25323,chr3,42701200,42701844,644
pre_xx_25324,chr3,42702106,42703080,974
pre_xx_25325,chr3,42772301,42773628,1327
pre_xx_25326,chr3,42803116,42805504,2388
pre_xx_25327,chr3,42811269,42812301,1032
pre_xx_25328,chr3,42830270,42831644,1374
pre_xx_25329,chr3,42839216,42840004,788
pre_xx_25330,chr3,42871447,42872954,1507
pre_xx_25331,chr3,42880346,42881570,1224
pre_xx_25332,chr3,42905552,42907095,1543
pre_xx_25333,chr3,42935800,42936896,1096
pre_xx_25334,chr3,42978837,42979914,1077
pre_xx_25335,chr3,43104870,43106522,1652
pre_xx_25336,chr3,43152435,43154174,1739
pre_xx_25337,chr3,43231099,43232144,1045
pre_xx_25338,chr3,43285637,43287726,2089
pre_xx_25339,chr3,43620962,43622794,1832
pre_xx_25340,chr3,43689834,43691846,2012
pre_xx_25341,chr3,43769162,43770290,1128
pre_xx_25342,chr3,43893781,43895030,1249
pre_xx_25343,chr3,43922771,43924344,1573
pre_xx_25344,chr3,43957713,43958901,1188
pre_xx_25345,chr3,43959546,43960805,1259
pre_xx_25346,chr3,43994747,43997284,2537
pre_xx_25347,chr3,43997873,43999570,1697
pre_xx_25348,chr3,44021571,44022530,959
pre_xx_25349,chr3,44198269,44199052,783
pre_xx_25350,chr3,44206163,44207293,1130
pre_xx_25351,chr3,44235517,44236911,1394
pre_xx_25352,chr3,44337340,44340025,2685
pre_xx_25353,chr3,44477070,44478221,1151
pre_xx_25354,chr3,44509480,44511334,1854
pre_xx_25355,chr3,44554562,44556278,1716
pre_xx_25356,chr3,44584180,44585493,1313
pre_xx_25357,chr3,44624368,44626081,1713
pre_xx_25358,chr3,44648170,44649336,1166
pre_xx_25359,chr3,44684845,44685851,1006
pre_xx_25360,chr3,44712121,44713140,1019
pre_xx_25361,chr3,44728868,44729931,1063
pre_xx_25362,chr3,44760665,44762602,1937
pre_xx_25363,chr3,44845404,44846402,998
pre_xx_25364,chr3,44861172,44862752,1580
pre_xx_25365,chr3,44974838,44977341,2503
pre_xx_25366,chr3,45035438,45036653,1215
pre_xx_25367,chr3,45036854,45038056,1202
pre_xx_25368,chr3,45091906,45093822,1916
pre_xx_25369,chr3,45145178,45146927,1749
pre_xx_25370,chr3,45166997,45168044,1047
pre_xx_25371,chr3,45182804,45183751,947
pre_xx_25372,chr3,45210138,45210954,816
pre_xx_25373,chr3,45224757,45227321,2564
pre_xx_25374,chr3,45387880,45389585,1705
pre_xx_25375,chr3,45507711,45509206,1495
pre_xx_25376,chr3,45537539,45538882,1343
pre_xx_25377,chr3,45553343,45554880,1537
pre_xx_25378,chr3,45573688,45574664,976
pre_xx_25379,chr3,45592956,45595161,2205
pre_xx_25380,chr3,45606971,45608408,1437
pre_xx_25381,chr3,45617083,45618670,1587
pre_xx_25382,chr3,45664304,45665844,1540
pre_xx_25383,chr3,45666642,45668396,1754
pre_xx_25384,chr3,45676094,45678442,2348
pre_xx_25385,chr3,45683951,45684892,941
pre_xx_25386,chr3,45688182,45690049,1867
pre_xx_25387,chr3,45756168,45757628,1460
pre_xx_25388,chr3,45776264,45777036,772
pre_xx_25389,chr3,45795374,45796781,1407
pre_xx_25390,chr3,45840971,45842523,1552
pre_xx_25391,chr3,45994490,45996116,1626
pre_xx_25392,chr3,46065102,46066194,1092
pre_xx_25393,chr3,46078349,46079185,836
pre_xx_25394,chr3,46415734,46416999,1265
pre_xx_25395,chr3,46484485,46485609,1124
pre_xx_25396,chr3,46488523,46489293,770
pre_xx_25397,chr3,46498394,46499712,1318
pre_xx_25398,chr3,46557968,46559538,1570
pre_xx_25399,chr3,46565303,46566843,1540
pre_xx_25400,chr3,46576591,46577923,1332
pre_xx_25401,chr3,46578900,46580212,1312
pre_xx_25402,chr3,46628669,46630365,1696
pre_xx_25403,chr3,46662680,46664190,1510
pre_xx_25404,chr3,46692556,46694295,1739
pre_xx_25405,chr3,46700590,46701756,1166
pre_xx_25406,chr3,46704814,46705542,728
pre_xx_25407,chr3,46811447,46812948,1501
pre_xx_25408,chr3,46844664,46846605,1941
pre_xx_25409,chr3,46853878,46854973,1095
pre_xx_25410,chr3,46881364,46883726,2362
pre_xx_25411,chr3,46892012,46893330,1318
pre_xx_25412,chr3,46898210,46899308,1098
pre_xx_25413,chr3,46909098,46909992,894
pre_xx_25414,chr3,46935004,46935863,859
pre_xx_25415,chr3,46959818,46961199,1381
pre_xx_25416,chr3,46975958,46977186,1228
pre_xx_25417,chr3,46979076,46980146,1070
pre_xx_25418,chr3,46998365,46999446,1081
pre_xx_25419,chr3,47008745,47010487,1742
pre_xx_25420,chr3,47162742,47165329,2587
pre_xx_25421,chr3,47281455,47283951,2496
pre_xx_25422,chr3,47323686,47324614,928
pre_xx_25423,chr3,47379853,47382071,2218
pre_xx_25424,chr3,47404712,47405696,984
pre_xx_25425,chr3,47411771,47413365,1594
pre_xx_25426,chr3,47420708,47422640,1932
pre_xx_25427,chr3,47441815,47442600,785
pre_xx_25428,chr3,47442761,47443924,1163
pre_xx_25429,chr3,47474603,47476253,1650
pre_xx_25430,chr3,47481266,47482864,1598
pre_xx_25431,chr3,47511988,47514041,2053
pre_xx_25432,chr3,47514682,47516383,1701
pre_xx_25433,chr3,47521915,47522876,961
pre_xx_25434,chr3,47577486,47579592,2106
pre_xx_25435,chr3,47780164,47782538,2374
pre_xx_25436,chr3,47788389,47789660,1271
pre_xx_25437,chr3,47802145,47804077,1932
pre_xx_25438,chr3,47824289,47826211,1922
pre_xx_25439,chr3,47835333,47836253,920
pre_xx_25440,chr3,47841003,47842977,1974
pre_xx_25441,chr3,47849483,47850678,1195
pre_xx_25442,chr3,47891945,47893448,1503
pre_xx_25443,chr3,47989630,47990574,944
pre_xx_25444,chr3,48015235,48016955,1720
pre_xx_25445,chr3,48087197,48089499,2302
pre_xx_25446,chr3,48115575,48116626,1051
pre_xx_25447,chr3,48124877,48125657,780
pre_xx_25448,chr3,48150993,48152391,1398
pre_xx_25449,chr3,48186832,48189027,2195
pre_xx_25450,chr3,48194097,48194949,852
pre_xx_25451,chr3,48231610,48233135,1525
pre_xx_25452,chr3,48240651,48241969,1318
pre_xx_25453,chr3,48300444,48302159,1715
pre_xx_25454,chr3,48372170,48373961,1791
pre_xx_25455,chr3,48425079,48425655,576
pre_xx_25456,chr3,48426452,48427837,1385
pre_xx_25457,chr3,48428381,48430449,2068
pre_xx_25458,chr3,48435814,48436329,515
pre_xx_25459,chr3,48439631,48440933,1302
pre_xx_25460,chr3,48445992,48447491,1499
pre_xx_25461,chr3,48465196,48467285,2089
pre_xx_25462,chr3,48472361,48473675,1314
pre_xx_25463,chr3,48503406,48505016,1610
pre_xx_25464,chr3,48556324,48557535,1211
pre_xx_25465,chr3,48558088,48558453,365
pre_xx_25466,chr3,48560724,48561373,649
pre_xx_25467,chr3,48594388,48596067,1679
pre_xx_25468,chr3,48598221,48599272,1051
pre_xx_25469,chr3,48608741,48610037,1296
pre_xx_25470,chr3,48634449,48636248,1799
pre_xx_25471,chr3,48655524,48656955,1431
pre_xx_25472,chr3,48661204,48662073,869
pre_xx_25473,chr3,48662492,48664397,1905
pre_xx_25474,chr3,48683024,48684237,1213
pre_xx_25475,chr3,48685263,48686472,1209
pre_xx_25476,chr3,48694318,48695729,1411
pre_xx_25477,chr3,48716318,48717824,1506
pre_xx_25478,chr3,48720240,48720768,528
pre_xx_25479,chr3,48739593,48740703,1110
pre_xx_25480,chr3,48846786,48848284,1498
pre_xx_25481,chr3,48898046,48899130,1084
pre_xx_25482,chr3,48918015,48920125,2110
pre_xx_25483,chr3,48989118,48991319,2201
pre_xx_25484,chr3,49006424,49008620,2196
pre_xx_25485,chr3,49017662,49018761,1099
pre_xx_25486,chr3,49020399,49022556,2157
pre_xx_25487,chr3,49028655,49029710,1055
pre_xx_25488,chr3,49092692,49094788,2096
pre_xx_25489,chr3,49104048,49105386,1338
pre_xx_25490,chr3,49119693,49121355,1662
pre_xx_25491,chr3,49132133,49134076,1943
pre_xx_25492,chr3,49165179,49166517,1338
pre_xx_25493,chr3,49170863,49174126,3263
pre_xx_25494,chr3,49198799,49200098,1299
pre_xx_25495,chr3,49217636,49218942,1306
pre_xx_25496,chr3,49238097,49239220,1123
pre_xx_25497,chr3,49276214,49277984,1770
pre_xx_25498,chr3,49339092,49340958,1866
pre_xx_25499,chr3,49357241,49359367,2126
pre_xx_25500,chr3,49410934,49412813,1879
pre_xx_25501,chr3,49421889,49423081,1192
pre_xx_25502,chr3,49428691,49430210,1519
pre_xx_25503,chr3,49448452,49449454,1002
pre_xx_25504,chr3,49458857,49459795,938
pre_xx_25505,chr3,49468985,49471333,2348
pre_xx_25506,chr3,49539387,49540836,1449
pre_xx_25507,chr3,49553567,49555258,1691
pre_xx_25508,chr3,49671581,49672012,431
pre_xx_25509,chr3,49673160,49674914,1754
pre_xx_25510,chr3,49685868,49687288,1420
pre_xx_25511,chr3,49688867,49690233,1366
pre_xx_25512,chr3,49718050,49719976,1926
pre_xx_25513,chr3,49723295,49724839,1544
pre_xx_25514,chr3,49785530,49787227,1697
pre_xx_25515,chr3,49802388,49804022,1634
pre_xx_25516,chr3,49839014,49839964,950
pre_xx_25517,chr3,49855895,49857010,1115
pre_xx_25518,chr3,49902888,49904257,1369
pre_xx_25519,chr3,49910220,49910986,766
pre_xx_25520,chr3,49929094,49931197,2103
pre_xx_25521,chr3,49939510,49941108,1598
pre_xx_25522,chr3,50088178,50090000,1822
pre_xx_25523,chr3,50121247,50121942,695
pre_xx_25524,chr3,50125536,50127117,1581
pre_xx_25525,chr3,50132565,50133519,954
pre_xx_25526,chr3,50137176,50140286,3110
pre_xx_25527,chr3,50154382,50156208,1826
pre_xx_25528,chr3,50156443,50157445,1002
pre_xx_25529,chr3,50165100,50167770,2670
pre_xx_25530,chr3,50189027,50189642,615
pre_xx_25531,chr3,50192438,50192953,515
pre_xx_25532,chr3,50193800,50196115,2315
pre_xx_25533,chr3,50204634,50206247,1613
pre_xx_25534,chr3,50225871,50226582,711
pre_xx_25535,chr3,50226785,50228273,1488
pre_xx_25536,chr3,50235512,50236518,1006
pre_xx_25537,chr3,50236695,50238426,1731
pre_xx_25538,chr3,50245490,50246959,1469
pre_xx_25539,chr3,50259419,50260994,1575
pre_xx_25540,chr3,50264257,50265170,913
pre_xx_25541,chr3,50267074,50267912,838
pre_xx_25542,chr3,50268588,50269294,706
pre_xx_25543,chr3,50272816,50273580,764
pre_xx_25544,chr3,50291515,50293018,1503
pre_xx_25545,chr3,50298560,50300008,1448
pre_xx_25546,chr3,50316642,50317622,980
pre_xx_25547,chr3,50320496,50323995,3499
pre_xx_25548,chr3,50327622,50328686,1064
pre_xx_25549,chr3,50336371,50338233,1862
pre_xx_25550,chr3,50345192,50345961,769
pre_xx_25551,chr3,50350274,50351422,1148
pre_xx_25552,chr3,50358582,50359906,1324
pre_xx_25553,chr3,50364433,50365890,1457
pre_xx_25554,chr3,50372274,50372799,525
pre_xx_25555,chr3,50405008,50405757,749
pre_xx_25556,chr3,50435397,50436543,1146
pre_xx_25557,chr3,50437706,50438724,1018
pre_xx_25558,chr3,50441917,50443537,1620
pre_xx_25559,chr3,50481145,50482342,1197
pre_xx_25560,chr3,50502297,50504342,2045
pre_xx_25561,chr3,50515405,50517016,1611
pre_xx_25562,chr3,50549269,50550659,1390
pre_xx_25563,chr3,50566970,50567969,999
pre_xx_25564,chr3,50568605,50569820,1215
pre_xx_25565,chr3,50572086,50572439,353
pre_xx_25566,chr3,50600632,50602886,2254
pre_xx_25567,chr3,50611096,50612908,1812
pre_xx_25568,chr3,50615961,50617853,1892
pre_xx_25569,chr3,50674168,50675646,1478
pre_xx_25570,chr3,51384130,51385967,1837
pre_xx_25571,chr3,51390482,51392409,1927
pre_xx_25572,chr3,51498922,51500705,1783
pre_xx_25573,chr3,51537914,51539927,2013
pre_xx_25574,chr3,51670420,51672357,1937
pre_xx_25575,chr3,51681295,51682426,1131
pre_xx_25576,chr3,51686213,51687904,1691
pre_xx_25577,chr3,51705952,51707654,1702
pre_xx_25578,chr3,51941066,51943300,2234
pre_xx_25579,chr3,51955310,51956856,1546
pre_xx_25580,chr3,51966933,51968657,1724
pre_xx_25581,chr3,51973535,51976258,2723
pre_xx_25582,chr3,51982250,51983750,1500
pre_xx_25583,chr3,51995106,51996481,1375
pre_xx_25584,chr3,52001351,52001877,526
pre_xx_25585,chr3,52004048,52006374,2326
pre_xx_25586,chr3,52052684,52053774,1090
pre_xx_25587,chr3,52054833,52055353,520
pre_xx_25588,chr3,52055626,52057786,2160
pre_xx_25589,chr3,52067599,52069115,1516
pre_xx_25590,chr3,52092136,52092990,854
pre_xx_25591,chr3,52108212,52110065,1853
pre_xx_25592,chr3,52122555,52123474,919
pre_xx_25593,chr3,52143892,52144795,903
pre_xx_25594,chr3,52153338,52155218,1880
pre_xx_25595,chr3,52197479,52198807,1328
pre_xx_25596,chr3,52220158,52221024,866
pre_xx_25597,chr3,52227896,52228629,733
pre_xx_25598,chr3,52237499,52239761,2262
pre_xx_25599,chr3,52245118,52246551,1433
pre_xx_25600,chr3,52277174,52279180,2006
pre_xx_25601,chr3,52286972,52288271,1299
pre_xx_25602,chr3,52297832,52300959,3127
pre_xx_25603,chr3,52307170,52308475,1305
pre_xx_25604,chr3,52317207,52318072,865
pre_xx_25605,chr3,52336353,52337238,885
pre_xx_25606,chr3,52379198,52380285,1087
pre_xx_25607,chr3,52409416,52411599,2183
pre_xx_25608,chr3,52436248,52437104,856
pre_xx_25609,chr3,52444790,52445260,470
pre_xx_25610,chr3,52449619,52450714,1095
pre_xx_25611,chr3,52454940,52456983,2043
pre_xx_25612,chr3,52483286,52484734,1448
pre_xx_25613,chr3,52494196,52496098,1902
pre_xx_25614,chr3,52524718,52526608,1890
pre_xx_25615,chr3,52532851,52535048,2197
pre_xx_25616,chr3,52536186,52537457,1271
pre_xx_25617,chr3,52685184,52686469,1285
pre_xx_25618,chr3,52704180,52706816,2636
pre_xx_25619,chr3,52769860,52771627,1767
pre_xx_25620,chr3,52896295,52897983,1688
pre_xx_25621,chr3,53044448,53047057,2609
pre_xx_25622,chr3,53072344,53074447,2103
pre_xx_25623,chr3,53129756,53131025,1269
pre_xx_25624,chr3,53160517,53162502,1985
pre_xx_25625,chr3,53166509,53167315,806
pre_xx_25626,chr3,53195560,53196544,984
pre_xx_25627,chr3,53254239,53256312,2073
pre_xx_25628,chr3,53346337,53348103,1766
pre_xx_25629,chr3,53493500,53494837,1337
pre_xx_25630,chr3,53495122,53496329,1207
pre_xx_25631,chr3,53679745,53680553,808
pre_xx_25632,chr3,53709761,53710517,756
pre_xx_25633,chr3,53806141,53807782,1641
pre_xx_25634,chr3,53845364,53846802,1438
pre_xx_25635,chr3,53880822,53882803,1981
pre_xx_25636,chr3,53890788,53892370,1582
pre_xx_25637,chr3,54052513,54053620,1107
pre_xx_25638,chr3,54087071,54088444,1373
pre_xx_25639,chr3,54120705,54124188,3483
pre_xx_25640,chr3,54146189,54147355,1166
pre_xx_25641,chr3,54342267,54343342,1075
pre_xx_25642,chr3,54348977,54350055,1078
pre_xx_25643,chr3,54353464,54354580,1116
pre_xx_25644,chr3,54890822,54892088,1266
pre_xx_25645,chr3,54949771,54951798,2027
pre_xx_25646,chr3,54987778,54989589,1811
pre_xx_25647,chr3,55243642,55244890,1248
pre_xx_25648,chr3,55337053,55338318,1265
pre_xx_25649,chr3,55368373,55370064,1691
pre_xx_25650,chr3,55480841,55481768,927
pre_xx_25651,chr3,55481889,55483082,1193
pre_xx_25652,chr3,55484988,55485456,468
pre_xx_25653,chr3,55486099,55486514,415
pre_xx_25654,chr3,55486862,55487631,769
pre_xx_25655,chr3,55487956,55489299,1343
pre_xx_25656,chr3,55489507,55490156,649
pre_xx_25657,chr3,55524104,55525156,1052
pre_xx_25658,chr3,55568752,55571021,2269
pre_xx_25659,chr3,55628963,55630015,1052
pre_xx_25660,chr3,55630586,55632321,1735
pre_xx_25661,chr3,56019137,56020812,1675
pre_xx_25662,chr3,56269092,56270506,1414
pre_xx_25663,chr3,56319762,56321770,2008
pre_xx_25664,chr3,56466675,56468854,2179
pre_xx_25665,chr3,56494298,56495081,783
pre_xx_25666,chr3,56556455,56558268,1813
pre_xx_25667,chr3,56590077,56592546,2469
pre_xx_25668,chr3,56682037,56683793,1756
pre_xx_25669,chr3,56800296,56802408,2112
pre_xx_25670,chr3,56823309,56824602,1293
pre_xx_25671,chr3,56969835,56971519,1684
pre_xx_25672,chr3,56988470,56990065,1595
pre_xx_25673,chr3,57016405,57017868,1463
pre_xx_25674,chr3,57078166,57079897,1731
pre_xx_25675,chr3,57163864,57166080,2216
pre_xx_25676,chr3,57169811,57170698,887
pre_xx_25677,chr3,57226644,57229004,2360
pre_xx_25678,chr3,57543823,57545013,1190
pre_xx_25679,chr3,57555350,57557939,2589
pre_xx_25680,chr3,57596441,57598284,1843
pre_xx_25681,chr3,57691157,57693359,2202
pre_xx_25682,chr3,57755255,57758348,3093
pre_xx_25683,chr3,57787776,57789364,1588
pre_xx_25684,chr3,57821196,57822694,1498
pre_xx_25685,chr3,58007916,58010512,2596
pre_xx_25686,chr3,58048914,58049900,986
pre_xx_25687,chr3,58059106,58060061,955
pre_xx_25688,chr3,58062103,58063769,1666
pre_xx_25689,chr3,58163064,58165930,2866
pre_xx_25690,chr3,58173317,58174780,1463
pre_xx_25691,chr3,58175017,58175970,953
pre_xx_25692,chr3,58177457,58178387,930
pre_xx_25693,chr3,58216602,58217813,1211
pre_xx_25694,chr3,58236851,58238881,2030
pre_xx_25695,chr3,58305796,58307924,2128
pre_xx_25696,chr3,58332287,58334246,1959
pre_xx_25697,chr3,58414137,58414992,855
pre_xx_25698,chr3,58432927,58434254,1327
pre_xx_25699,chr3,58462835,58464083,1248
pre_xx_25700,chr3,58491041,58492887,1846
pre_xx_25701,chr3,58528277,58529118,841
pre_xx_25702,chr3,58532604,58533101,497
pre_xx_25703,chr3,58535799,58538109,2310
pre_xx_25704,chr3,58560562,58561204,642
pre_xx_25705,chr3,58565534,58566801,1267
pre_xx_25706,chr3,58580864,58582067,1203
pre_xx_25707,chr3,58584608,58585769,1161
pre_xx_25708,chr3,58626725,58628211,1486
pre_xx_25709,chr3,58628586,58630449,1863
pre_xx_25710,chr3,58633308,58633844,536
pre_xx_25711,chr3,58640350,58641118,768
pre_xx_25712,chr3,58721595,58723417,1822
pre_xx_25713,chr3,58723986,58724831,845
pre_xx_25714,chr3,58824003,58825229,1226
pre_xx_25715,chr3,58899017,58900802,1785
pre_xx_25716,chr3,59048570,59050422,1852
pre_xx_25717,chr3,59185377,59186909,1532
pre_xx_25718,chr3,59244933,59246763,1830
pre_xx_25719,chr3,59574956,59575761,805
pre_xx_25720,chr3,59776835,59777827,992
pre_xx_25721,chr3,60101193,60102044,851
pre_xx_25722,chr3,60647965,60649010,1045
pre_xx_25723,chr3,61154083,61155219,1136
pre_xx_25724,chr3,61249802,61252043,2241
pre_xx_25725,chr3,61560271,61562525,2254
pre_xx_25726,chr3,61562770,61564080,1310
pre_xx_25727,chr3,61564271,61564974,703
pre_xx_25728,chr3,61685313,61686320,1007
pre_xx_25729,chr3,62070138,62071196,1058
pre_xx_25730,chr3,62141551,62142810,1259
pre_xx_25731,chr3,62143820,62145421,1601
pre_xx_25732,chr3,62188600,62189190,590
pre_xx_25733,chr3,62318419,62319616,1197
pre_xx_25734,chr3,62372000,62372908,908
pre_xx_25735,chr3,62873280,62875534,2254
pre_xx_25736,chr3,63278026,63279553,1527
pre_xx_25737,chr3,63725546,63726154,608
pre_xx_25738,chr3,63862858,63864838,1980
pre_xx_25739,chr3,63911533,63913510,1977
pre_xx_25740,chr3,63945199,63946099,900
pre_xx_25741,chr3,64011314,64012033,719
pre_xx_25742,chr3,64022409,64023745,1336
pre_xx_25743,chr3,64030173,64031177,1004
pre_xx_25744,chr3,64104031,64105319,1288
pre_xx_25745,chr3,64224839,64225903,1064
pre_xx_25746,chr3,64238767,64239699,932
pre_xx_25747,chr3,64267566,64268426,860
pre_xx_25748,chr3,64331437,64333195,1758
pre_xx_25749,chr3,64396523,64397828,1305
pre_xx_25750,chr3,64443632,64445839,2207
pre_xx_25751,chr3,64488979,64492586,3607
pre_xx_25752,chr3,64533449,64534229,780
pre_xx_25753,chr3,64684695,64686898,2203
pre_xx_25754,chr3,64687348,64689078,1730
pre_xx_25755,chr3,65548678,65549859,1181
pre_xx_25756,chr3,65596292,65598364,2072
pre_xx_25757,chr3,65732059,65732731,672
pre_xx_25758,chr3,65901681,65902876,1195
pre_xx_25759,chr3,65953020,65954778,1758
pre_xx_25760,chr3,66036692,66039934,3242
pre_xx_25761,chr3,66153419,66154588,1169
pre_xx_25762,chr3,66194656,66195731,1075
pre_xx_25763,chr3,66220001,66221725,1724
pre_xx_25764,chr3,66298502,66299493,991
pre_xx_25765,chr3,66393112,66394409,1297
pre_xx_25766,chr3,66400584,66402978,2394
pre_xx_25767,chr3,66406860,66409384,2524
pre_xx_25768,chr3,66435898,66436786,888
pre_xx_25769,chr3,66441909,66443470,1561
pre_xx_25770,chr3,66499307,66501632,2325
pre_xx_25771,chr3,66971377,66972751,1374
pre_xx_25772,chr3,66997501,66999208,1707
pre_xx_25773,chr3,67113628,67114371,743
pre_xx_25774,chr3,67550689,67551885,1196
pre_xx_25775,chr3,67653636,67656013,2377
pre_xx_25776,chr3,68007175,68008304,1129
pre_xx_25777,chr3,68793648,68794815,1167
pre_xx_25778,chr3,68931285,68932980,1695
pre_xx_25779,chr3,69012181,69014124,1943
pre_xx_25780,chr3,69050816,69052822,2006
pre_xx_25781,chr3,69078981,69080581,1600
pre_xx_25782,chr3,69084252,69086732,2480
pre_xx_25783,chr3,69199151,69201124,1973
pre_xx_25784,chr3,69236643,69237633,990
pre_xx_25785,chr3,69242333,69243674,1341
pre_xx_25786,chr3,69249046,69250400,1354
pre_xx_25787,chr3,69251113,69251938,825
pre_xx_25788,chr3,69287453,69289557,2104
pre_xx_25789,chr3,69306191,69307242,1051
pre_xx_25790,chr3,69385021,69386850,1829
pre_xx_25791,chr3,69505424,69506364,940
pre_xx_25792,chr3,69540747,69543095,2348
pre_xx_25793,chr3,69690893,69691489,596
pre_xx_25794,chr3,69738320,69740402,2082
pre_xx_25795,chr3,69865608,69867305,1697
pre_xx_25796,chr3,70954822,70957211,2389
pre_xx_25797,chr3,71063668,71065833,2165
pre_xx_25798,chr3,71128880,71131003,2123
pre_xx_25799,chr3,71167872,71170567,2695
pre_xx_25800,chr3,71206255,71209039,2784
pre_xx_25801,chr3,71244189,71245560,1371
pre_xx_25802,chr3,71245875,71246844,969
pre_xx_25803,chr3,71304675,71306234,1559
pre_xx_25804,chr3,71414998,71416269,1271
pre_xx_25805,chr3,71581333,71584926,3593
pre_xx_25806,chr3,71651891,71653377,1486
pre_xx_25807,chr3,71659791,71660753,962
pre_xx_25808,chr3,71689978,71691167,1189
pre_xx_25809,chr3,71724174,71725898,1724
pre_xx_25810,chr3,71752758,71755438,2680
pre_xx_25811,chr3,71784213,71786895,2682
pre_xx_25812,chr3,71875087,71876115,1028
pre_xx_25813,chr3,71955112,71956517,1405
pre_xx_25814,chr3,72085038,72086922,1884
pre_xx_25815,chr3,72099680,72101660,1980
pre_xx_25816,chr3,72152248,72153579,1331
pre_xx_25817,chr3,72154934,72155933,999
pre_xx_25818,chr3,72176564,72178085,1521
pre_xx_25819,chr3,72254933,72256789,1856
pre_xx_25820,chr3,72269431,72270468,1037
pre_xx_25821,chr3,72288478,72289692,1214
pre_xx_25822,chr3,72306683,72308021,1338
pre_xx_25823,chr3,72328885,72329900,1015
pre_xx_25824,chr3,72336554,72337519,965
pre_xx_25825,chr3,72445528,72447924,2396
pre_xx_25826,chr3,72738338,72739694,1356
pre_xx_25827,chr3,72767298,72769031,1733
pre_xx_25828,chr3,72820200,72821478,1278
pre_xx_25829,chr3,72847284,72848985,1701
pre_xx_25830,chr3,72887277,72889382,2105
pre_xx_25831,chr3,72890634,72891633,999
pre_xx_25832,chr3,72938153,72939143,990
pre_xx_25833,chr3,72960266,72961553,1287
pre_xx_25834,chr3,72996017,72997931,1914
pre_xx_25835,chr3,73100583,73101781,1198
pre_xx_25836,chr3,73147938,73149143,1205
pre_xx_25837,chr3,73253871,73255945,2074
pre_xx_25838,chr3,73259897,73261361,1464
pre_xx_25839,chr3,73283704,73285043,1339
pre_xx_25840,chr3,73285405,73286021,616
pre_xx_25841,chr3,73350816,73351973,1157
pre_xx_25842,chr3,73490200,73491594,1394
pre_xx_25843,chr3,73509507,73510517,1010
pre_xx_25844,chr3,73551855,73553046,1191
pre_xx_25845,chr3,73559424,73560155,731
pre_xx_25846,chr3,73622069,73622468,399
pre_xx_25847,chr3,73623335,73625713,2378
pre_xx_25848,chr3,74106480,74107711,1231
pre_xx_25849,chr3,74613297,74615129,1832
pre_xx_25850,chr3,74841554,74842956,1402
pre_xx_25851,chr3,74917537,74918847,1310
pre_xx_25852,chr3,75340597,75342021,1424
pre_xx_25853,chr3,75393339,75396653,3314
pre_xx_25854,chr3,75434270,75436469,2199
pre_xx_25855,chr3,75502497,75504049,1552
pre_xx_25856,chr3,75579161,75580544,1383
pre_xx_25857,chr3,75618483,75620005,1522
pre_xx_25858,chr3,75640906,75641944,1038
pre_xx_25859,chr3,75658082,75659128,1046
pre_xx_25860,chr3,75668336,75670704,2368
pre_xx_25861,chr3,75670907,75672744,1837
pre_xx_25862,chr3,75784800,75785819,1019
pre_xx_25863,chr3,75906217,75907624,1407
pre_xx_25864,chr3,76428829,76430422,1593
pre_xx_25865,chr3,77038385,77040602,2217
pre_xx_25866,chr3,77189887,77191025,1138
pre_xx_25867,chr3,78765449,78766614,1165
pre_xx_25868,chr3,78871872,78872837,965
pre_xx_25869,chr3,79017244,79019875,2631
pre_xx_25870,chr3,79765712,79768205,2493
pre_xx_25871,chr3,81299689,81300807,1118
pre_xx_25872,chr3,81490275,81491423,1148
pre_xx_25873,chr3,81760473,81762254,1781
pre_xx_25874,chr3,81777624,81779370,1746
pre_xx_25875,chr3,84958340,84960223,1883
pre_xx_25876,chr3,86418465,86419465,1000
pre_xx_25877,chr3,86990140,86992086,1946
pre_xx_25878,chr3,87088592,87089913,1321
pre_xx_25879,chr3,87226303,87228615,2312
pre_xx_25880,chr3,87267712,87269284,1572
pre_xx_25881,chr3,87792149,87793648,1499
pre_xx_25882,chr3,88057767,88060135,2368
pre_xx_25883,chr3,88148907,88150676,1769
pre_xx_25884,chr3,88406199,88407203,1004
pre_xx_25885,chr3,89107083,89108527,1444
pre_xx_25886,chr3,89113871,89115081,1210
pre_xx_25887,chr3,93470253,93470831,578
pre_xx_25888,chr3,93972659,93974212,1553
pre_xx_25889,chr3,93979561,93980971,1410
pre_xx_25890,chr3,94062099,94063929,1830
pre_xx_25891,chr3,94303233,94304335,1102
pre_xx_25892,chr3,94348877,94350125,1248
pre_xx_25893,chr3,94480965,94481945,980
pre_xx_25894,chr3,94523566,94525737,2171
pre_xx_25895,chr3,95171946,95172985,1039
pre_xx_25896,chr3,95938989,95939845,856
pre_xx_25897,chr3,96000607,96001988,1381
pre_xx_25898,chr3,96812654,96815566,2912
pre_xx_25899,chr3,97232263,97233250,987
pre_xx_25900,chr3,97763625,97765503,1878
pre_xx_25901,chr3,97820993,97822854,1861
pre_xx_25902,chr3,97971286,97972822,1536
pre_xx_25903,chr3,98038977,98039919,942
pre_xx_25904,chr3,98521592,98523267,1675
pre_xx_25905,chr3,98592209,98594284,2075
pre_xx_25906,chr3,98731659,98734312,2653
pre_xx_25907,chr3,98900577,98902480,1903
pre_xx_25908,chr3,99636889,99639080,2191
pre_xx_25909,chr3,99816876,99818648,1772
pre_xx_25910,chr3,99842851,99844181,1330
pre_xx_25911,chr3,99875382,99876786,1404
pre_xx_25912,chr3,99920097,99921480,1383
pre_xx_25913,chr3,100023211,100025336,2125
pre_xx_25914,chr3,100210009,100211452,1443
pre_xx_25915,chr3,100259937,100261757,1820
pre_xx_25916,chr3,100334056,100335738,1682
pre_xx_25917,chr3,100400221,100402635,2414
pre_xx_25918,chr3,100491625,100493131,1506
pre_xx_25919,chr3,100708887,100710881,1994
pre_xx_25920,chr3,100875011,100875767,756
pre_xx_25921,chr3,101155599,101156637,1038
pre_xx_25922,chr3,101199863,101201414,1551
pre_xx_25923,chr3,101512001,101513643,1642
pre_xx_25924,chr3,101561222,101562708,1486
pre_xx_25925,chr3,101573189,101575189,2000
pre_xx_25926,chr3,101641264,101642030,766
pre_xx_25927,chr3,101675549,101677517,1968
pre_xx_25928,chr3,101685775,101687788,2013
pre_xx_25929,chr3,101723970,101725876,1906
pre_xx_25930,chr3,101778584,101780594,2010
pre_xx_25931,chr3,101827100,101828138,1038
pre_xx_25932,chr3,101848770,101851519,2749
pre_xx_25933,chr3,101861151,101863127,1976
pre_xx_25934,chr3,102162551,102163991,1440
pre_xx_25935,chr3,102673328,102674131,803
pre_xx_25936,chr3,104290360,104292280,1920
pre_xx_25937,chr3,105353436,105354444,1008
pre_xx_25938,chr3,105365506,105370028,4522
pre_xx_25939,chr3,105843911,105845807,1896
pre_xx_25940,chr3,105867807,105870105,2298
pre_xx_25941,chr3,105933740,105934419,679
pre_xx_25942,chr3,105950613,105951746,1133
pre_xx_25943,chr3,106609417,106611265,1848
pre_xx_25944,chr3,107063974,107065699,1725
pre_xx_25945,chr3,107117835,107118830,995
pre_xx_25946,chr3,107124460,107125495,1035
pre_xx_25947,chr3,107128868,107129478,610
pre_xx_25948,chr3,107142372,107143906,1534
pre_xx_25949,chr3,107207633,107209031,1398
pre_xx_25950,chr3,107235244,107236386,1142
pre_xx_25951,chr3,107240083,107241647,1564
pre_xx_25952,chr3,107420806,107421528,722
pre_xx_25953,chr3,107429302,107432473,3171
pre_xx_25954,chr3,107522486,107526165,3679
pre_xx_25955,chr3,107577811,107578758,947
pre_xx_25956,chr3,107598641,107600156,1515
pre_xx_25957,chr3,107812485,107813379,894
pre_xx_25958,chr3,107837884,107838760,876
pre_xx_25959,chr3,107926984,107928460,1476
pre_xx_25960,chr3,107956353,107958391,2038
pre_xx_25961,chr3,108005675,108007405,1730
pre_xx_25962,chr3,108089582,108091898,2316
pre_xx_25963,chr3,108221297,108223276,1979
pre_xx_25964,chr3,108403387,108404866,1479
pre_xx_25965,chr3,108437209,108437776,567
pre_xx_25966,chr3,108440363,108441939,1576
pre_xx_25967,chr3,108551619,108553072,1453
pre_xx_25968,chr3,108588084,108590160,2076
pre_xx_25969,chr3,108602233,108603969,1736
pre_xx_25970,chr3,110069656,110070886,1230
pre_xx_25971,chr3,111069939,111072878,2939
pre_xx_25972,chr3,111314013,111316500,2487
pre_xx_25973,chr3,111538516,111540051,1535
pre_xx_25974,chr3,111673944,111675462,1518
pre_xx_25975,chr3,111717211,111717937,726
pre_xx_25976,chr3,111722968,111724777,1809
pre_xx_25977,chr3,111847456,111849066,1610
pre_xx_25978,chr3,111858669,111860920,2251
pre_xx_25979,chr3,111864771,111865598,827
pre_xx_25980,chr3,111966428,111968035,1607
pre_xx_25981,chr3,111978369,111979866,1497
pre_xx_25982,chr3,111998516,112000243,1727
pre_xx_25983,chr3,112042632,112044097,1465
pre_xx_25984,chr3,112074695,112075467,772
pre_xx_25985,chr3,112085750,112087446,1696
pre_xx_25986,chr3,112128573,112129566,993
pre_xx_25987,chr3,112293158,112294394,1236
pre_xx_25988,chr3,112301710,112304361,2651
pre_xx_25989,chr3,112307932,112308527,595
pre_xx_25990,chr3,112320689,112322501,1812
pre_xx_25991,chr3,112332768,112334447,1679
pre_xx_25992,chr3,112390619,112391785,1166
pre_xx_25993,chr3,112560531,112562693,2162
pre_xx_25994,chr3,112639982,112641719,1737
pre_xx_25995,chr3,112642887,112643282,395
pre_xx_25996,chr3,112990412,112991717,1305
pre_xx_25997,chr3,113018321,113019951,1630
pre_xx_25998,chr3,113050893,113052179,1286
pre_xx_25999,chr3,113166366,113168828,2462
pre_xx_26000,chr3,113173617,113175771,2154
pre_xx_26001,chr3,113210259,113213260,3001
pre_xx_26002,chr3,113221469,113224270,2801
pre_xx_26003,chr3,113240809,113242610,1801
pre_xx_26004,chr3,113440784,113442012,1228
pre_xx_26005,chr3,113513781,113515643,1862
pre_xx_26006,chr3,113531971,113533859,1888
pre_xx_26007,chr3,113695034,113697882,2848
pre_xx_26008,chr3,113744911,113747876,2965
pre_xx_26009,chr3,113838130,113839426,1296
pre_xx_26010,chr3,113947199,113948857,1658
pre_xx_26011,chr3,114055942,114057586,1644
pre_xx_26012,chr3,114152220,114153165,945
pre_xx_26013,chr3,114453614,114455803,2189
pre_xx_26014,chr3,114519214,114519888,674
pre_xx_26015,chr3,114847889,114849577,1688
pre_xx_26016,chr3,114899242,114899976,734
pre_xx_26017,chr3,115099193,115101185,1992
pre_xx_26018,chr3,115145904,115148532,2628
pre_xx_26019,chr3,115512159,115513763,1604
pre_xx_26020,chr3,115623036,115624875,1839
pre_xx_26021,chr3,115657817,115659507,1690
pre_xx_26022,chr3,115765762,115767333,1571
pre_xx_26023,chr3,115783787,115785989,2202
pre_xx_26024,chr3,115819543,115820690,1147
pre_xx_26025,chr3,116443093,116446320,3227
pre_xx_26026,chr3,116473980,116475297,1317
pre_xx_26027,chr3,116863563,116864733,1170
pre_xx_26028,chr3,117035144,117036977,1833
pre_xx_26029,chr3,117442325,117443502,1177
pre_xx_26030,chr3,117688407,117689143,736
pre_xx_26031,chr3,117872623,117874771,2148
pre_xx_26032,chr3,117995326,117997820,2494
pre_xx_26033,chr3,118229011,118230370,1359
pre_xx_26034,chr3,118435882,118437736,1854
pre_xx_26035,chr3,118500564,118502078,1514
pre_xx_26036,chr3,118628326,118629265,939
pre_xx_26037,chr3,118987121,118988139,1018
pre_xx_26038,chr3,119033996,119035289,1293
pre_xx_26039,chr3,119239499,119241179,1680
pre_xx_26040,chr3,119293407,119295686,2279
pre_xx_26041,chr3,119322063,119324020,1957
pre_xx_26042,chr3,119462749,119464108,1359
pre_xx_26043,chr3,119468455,119470054,1599
pre_xx_26044,chr3,119497554,119499540,1986
pre_xx_26045,chr3,119579139,119580686,1547
pre_xx_26046,chr3,119676021,119677812,1791
pre_xx_26047,chr3,119702398,119704316,1918
pre_xx_26048,chr3,119809494,119810536,1042
pre_xx_26049,chr3,120093700,120096147,2447
pre_xx_26050,chr3,120284348,120285854,1506
pre_xx_26051,chr3,120348002,120350137,2135
pre_xx_26052,chr3,120416734,120417911,1177
pre_xx_26053,chr3,120449669,120452018,2349
pre_xx_26054,chr3,120558326,120560091,1765
pre_xx_26055,chr3,120566534,120568315,1781
pre_xx_26056,chr3,120595682,120596808,1126
pre_xx_26057,chr3,120741842,120743667,1825
pre_xx_26058,chr3,120855280,120856471,1191
pre_xx_26059,chr3,120907480,120909761,2281
pre_xx_26060,chr3,121545041,121547459,2418
pre_xx_26061,chr3,121592436,121593741,1305
pre_xx_26062,chr3,121748415,121750586,2171
pre_xx_26063,chr3,121834112,121835789,1677
pre_xx_26064,chr3,122021436,122022556,1120
pre_xx_26065,chr3,122382697,122384793,2096
pre_xx_26066,chr3,122414972,122417380,2408
pre_xx_26067,chr3,122513485,122515307,1822
pre_xx_26068,chr3,122563076,122564958,1882
pre_xx_26069,chr3,122679044,122681732,2688
pre_xx_26070,chr3,122793108,122795762,2654
pre_xx_26071,chr3,122921642,122922660,1018
pre_xx_26072,chr3,122929045,122930791,1746
pre_xx_26073,chr3,122942756,122943313,557
pre_xx_26074,chr3,122974571,122976194,1623
pre_xx_26075,chr3,122992575,122994163,1588
pre_xx_26076,chr3,123026008,123028792,2784
pre_xx_26077,chr3,123066550,123067949,1399
pre_xx_26078,chr3,123071146,123071677,531
pre_xx_26079,chr3,123071823,123072644,821
pre_xx_26080,chr3,123076234,123077197,963
pre_xx_26081,chr3,123081101,123082759,1658
pre_xx_26082,chr3,123089466,123090539,1073
pre_xx_26083,chr3,123096498,123097518,1020
pre_xx_26084,chr3,123098227,123100124,1897
pre_xx_26085,chr3,123152771,123154173,1402
pre_xx_26086,chr3,123155040,123155943,903
pre_xx_26087,chr3,123201302,123202851,1549
pre_xx_26088,chr3,123282982,123284879,1897
pre_xx_26089,chr3,123390587,123392224,1637
pre_xx_26090,chr3,123409502,123410439,937
pre_xx_26091,chr3,123412029,123414008,1979
pre_xx_26092,chr3,123447347,123450499,3152
pre_xx_26093,chr3,123488727,123489829,1102
pre_xx_26094,chr3,123584117,123586494,2377
pre_xx_26095,chr3,123608611,123609540,929
pre_xx_26096,chr3,123617271,123619546,2275
pre_xx_26097,chr3,123631915,123633028,1113
pre_xx_26098,chr3,123652039,123653917,1878
pre_xx_26099,chr3,123660108,123661645,1537
pre_xx_26100,chr3,123677922,123678724,802
pre_xx_26101,chr3,123698488,123699930,1442
pre_xx_26102,chr3,123700462,123701586,1124
pre_xx_26103,chr3,123701809,123702387,578
pre_xx_26104,chr3,123711485,123712771,1286
pre_xx_26105,chr3,123718961,123720943,1982
pre_xx_26106,chr3,123740339,123741705,1366
pre_xx_26107,chr3,123807404,123808484,1080
pre_xx_26108,chr3,123883279,123884797,1518
pre_xx_26109,chr3,123960441,123961801,1360
pre_xx_26110,chr3,123979613,123980532,919
pre_xx_26111,chr3,124032132,124034826,2694
pre_xx_26112,chr3,124078722,124079614,892
pre_xx_26113,chr3,124174016,124175213,1197
pre_xx_26114,chr3,124557120,124558144,1024
pre_xx_26115,chr3,124558855,124560542,1687
pre_xx_26116,chr3,124576305,124577395,1090
pre_xx_26117,chr3,124584210,124586682,2472
pre_xx_26118,chr3,124592293,124593400,1107
pre_xx_26119,chr3,124729852,124731243,1391
pre_xx_26120,chr3,124760514,124761751,1237
pre_xx_26121,chr3,124771830,124772879,1049
pre_xx_26122,chr3,124799777,124801268,1491
pre_xx_26123,chr3,124834600,124835731,1131
pre_xx_26124,chr3,124885555,124887911,2356
pre_xx_26125,chr3,125038755,125040142,1387
pre_xx_26126,chr3,125054443,125056670,2227
pre_xx_26127,chr3,125062549,125063608,1059
pre_xx_26128,chr3,125115322,125117027,1705
pre_xx_26129,chr3,125120154,125121156,1002
pre_xx_26130,chr3,125140828,125142276,1448
pre_xx_26131,chr3,125143807,125144726,919
pre_xx_26132,chr3,125211588,125213672,2084
pre_xx_26133,chr3,125356698,125357859,1161
pre_xx_26134,chr3,125373618,125375979,2361
pre_xx_26135,chr3,125519364,125520795,1431
pre_xx_26136,chr3,125593888,125595926,2038
pre_xx_26137,chr3,125601892,125603785,1893
pre_xx_26138,chr3,125682405,125684539,2134
pre_xx_26139,chr3,125766051,125767284,1233
pre_xx_26140,chr3,125835470,125836614,1144
pre_xx_26141,chr3,125915072,125917444,2372
pre_xx_26142,chr3,125971814,125972779,965
pre_xx_26143,chr3,125989900,125991248,1348
pre_xx_26144,chr3,126083190,126084638,1448
pre_xx_26145,chr3,126133821,126134637,816
pre_xx_26146,chr3,126179425,126181425,2000
pre_xx_26147,chr3,126212534,126214129,1595
pre_xx_26148,chr3,126266389,126267894,1505
pre_xx_26149,chr3,126287131,126288647,1516
pre_xx_26150,chr3,126355308,126358008,2700
pre_xx_26151,chr3,126388801,126389777,976
pre_xx_26152,chr3,126394447,126395345,898
pre_xx_26153,chr3,126474502,126476845,2343
pre_xx_26154,chr3,126509447,126511094,1647
pre_xx_26155,chr3,126523776,126524832,1056
pre_xx_26156,chr3,126528576,126529432,856
pre_xx_26157,chr3,126646184,126647567,1383
pre_xx_26158,chr3,126654212,126655508,1296
pre_xx_26159,chr3,126678233,126679978,1745
pre_xx_26160,chr3,126703482,126705120,1638
pre_xx_26161,chr3,126745437,126747029,1592
pre_xx_26162,chr3,126751808,126753895,2087
pre_xx_26163,chr3,126850328,126851278,950
pre_xx_26164,chr3,126960058,126961644,1586
pre_xx_26165,chr3,126968198,126969836,1638
pre_xx_26166,chr3,126982071,126985465,3394
pre_xx_26167,chr3,126990973,126992356,1383
pre_xx_26168,chr3,127001675,127002892,1217
pre_xx_26169,chr3,127012740,127013975,1235
pre_xx_26170,chr3,127042925,127044048,1123
pre_xx_26171,chr3,127135018,127136122,1104
pre_xx_26172,chr3,127141605,127142604,999
pre_xx_26173,chr3,127158639,127159251,612
pre_xx_26174,chr3,127233064,127233884,820
pre_xx_26175,chr3,127455091,127456128,1037
pre_xx_26176,chr3,127458554,127459081,527
pre_xx_26177,chr3,127479076,127480727,1651
pre_xx_26178,chr3,127526434,127527622,1188
pre_xx_26179,chr3,127535766,127537362,1596
pre_xx_26180,chr3,127546941,127548300,1359
pre_xx_26181,chr3,127574693,127575853,1160
pre_xx_26182,chr3,127588786,127591380,2594
pre_xx_26183,chr3,127597621,127599358,1737
pre_xx_26184,chr3,127628481,127630396,1915
pre_xx_26185,chr3,127671727,127674045,2318
pre_xx_26186,chr3,127694375,127694744,369
pre_xx_26187,chr3,127785834,127786731,897
pre_xx_26188,chr3,127822147,127823647,1500
pre_xx_26189,chr3,127914424,127915949,1525
pre_xx_26190,chr3,127959630,127960849,1219
pre_xx_26191,chr3,128011007,128011615,608
pre_xx_26192,chr3,128051345,128053308,1963
pre_xx_26193,chr3,128075250,128077605,2355
pre_xx_26194,chr3,128083126,128084962,1836
pre_xx_26195,chr3,128094976,128095711,735
pre_xx_26196,chr3,128100208,128101902,1694
pre_xx_26197,chr3,128122772,128124326,1554
pre_xx_26198,chr3,128152461,128154338,1877
pre_xx_26199,chr3,128164844,128165866,1022
pre_xx_26200,chr3,128278407,128279463,1056
pre_xx_26201,chr3,128309744,128310888,1144
pre_xx_26202,chr3,128316104,128317734,1630
pre_xx_26203,chr3,128353835,128355335,1500
pre_xx_26204,chr3,128382076,128383977,1901
pre_xx_26205,chr3,128401901,128403950,2049
pre_xx_26206,chr3,128426157,128426889,732
pre_xx_26207,chr3,128432035,128434165,2130
pre_xx_26208,chr3,128480873,128483600,2727
pre_xx_26209,chr3,128487414,128488616,1202
pre_xx_26210,chr3,128488809,128490436,1627
pre_xx_26211,chr3,128492278,128493129,851
pre_xx_26212,chr3,128496312,128498165,1853
pre_xx_26213,chr3,128559443,128559994,551
pre_xx_26214,chr3,128577487,128578373,886
pre_xx_26215,chr3,128584063,128584791,728
pre_xx_26216,chr3,128607696,128608709,1013
pre_xx_26217,chr3,128616949,128618558,1609
pre_xx_26218,chr3,128649191,128651241,2050
pre_xx_26219,chr3,128675173,128676624,1451
pre_xx_26220,chr3,128680016,128681739,1723
pre_xx_26221,chr3,128697879,128699182,1303
pre_xx_26222,chr3,128725553,128727690,2137
pre_xx_26223,chr3,128794013,128795614,1601
pre_xx_26224,chr3,128845146,128846769,1623
pre_xx_26225,chr3,128863961,128865881,1920
pre_xx_26226,chr3,128878475,128880360,1885
pre_xx_26227,chr3,128992893,128994417,1524
pre_xx_26228,chr3,129000727,129002379,1652
pre_xx_26229,chr3,129003551,129004104,553
pre_xx_26230,chr3,129015194,129016969,1775
pre_xx_26231,chr3,129026582,129027665,1083
pre_xx_26232,chr3,129038582,129040182,1600
pre_xx_26233,chr3,129045503,129047262,1759
pre_xx_26234,chr3,129052508,129053982,1474
pre_xx_26235,chr3,129054486,129055049,563
pre_xx_26236,chr3,129058188,129059062,874
pre_xx_26237,chr3,129067513,129069121,1608
pre_xx_26238,chr3,129101300,129102271,971
pre_xx_26239,chr3,129119434,129122920,3486
pre_xx_26240,chr3,129159907,129162290,2383
pre_xx_26241,chr3,129182313,129184593,2280
pre_xx_26242,chr3,129245473,129246087,614
pre_xx_26243,chr3,129248885,129250027,1142
pre_xx_26244,chr3,129277881,129279986,2105
pre_xx_26245,chr3,129304680,129306317,1637
pre_xx_26246,chr3,129313635,129316925,3290
pre_xx_26247,chr3,129343650,129344941,1291
pre_xx_26248,chr3,129357497,129358629,1132
pre_xx_26249,chr3,129359854,129361245,1391
pre_xx_26250,chr3,129383115,129383779,664
pre_xx_26251,chr3,129398204,129400262,2058
pre_xx_26252,chr3,129412922,129414247,1325
pre_xx_26253,chr3,129427824,129429072,1248
pre_xx_26254,chr3,129439232,129441020,1788
pre_xx_26255,chr3,129480932,129482420,1488
pre_xx_26256,chr3,129489882,129490694,812
pre_xx_26257,chr3,129553068,129555598,2530
pre_xx_26258,chr3,129560372,129561690,1318
pre_xx_26259,chr3,129596043,129598244,2201
pre_xx_26260,chr3,129605228,129607358,2130
pre_xx_26261,chr3,129626162,129628300,2138
pre_xx_26262,chr3,129687667,129688836,1169
pre_xx_26263,chr3,129793704,129795264,1560
pre_xx_26264,chr3,129892338,129894208,1870
pre_xx_26265,chr3,129973960,129976125,2165
pre_xx_26266,chr3,130002120,130003365,1245
pre_xx_26267,chr3,130110645,130112980,2335
pre_xx_26268,chr3,130122688,130124088,1400
pre_xx_26269,chr3,130179064,130180898,1834
pre_xx_26270,chr3,130275667,130276849,1182
pre_xx_26271,chr3,130516571,130518138,1567
pre_xx_26272,chr3,130661134,130663086,1952
pre_xx_26273,chr3,130745544,130747136,1592
pre_xx_26274,chr3,130747236,130748111,875
pre_xx_26275,chr3,130824900,130826223,1323
pre_xx_26276,chr3,130839021,130840338,1317
pre_xx_26277,chr3,130892885,130895167,2282
pre_xx_26278,chr3,131025906,131027257,1351
pre_xx_26279,chr3,131361090,131362487,1397
pre_xx_26280,chr3,131380812,131382370,1558
pre_xx_26281,chr3,131501728,131503369,1641
pre_xx_26282,chr3,131526374,131527405,1031
pre_xx_26283,chr3,132034398,132035318,920
pre_xx_26284,chr3,132316857,132318126,1269
pre_xx_26285,chr3,132416691,132418747,2056
pre_xx_26286,chr3,132658843,132661353,2510
pre_xx_26287,chr3,132721432,132723383,1951
pre_xx_26288,chr3,133037521,133039339,1818
pre_xx_26289,chr3,133040938,133041556,618
pre_xx_26290,chr3,133096595,133098033,1438
pre_xx_26291,chr3,133124359,133125026,667
pre_xx_26292,chr3,133384068,133384836,768
pre_xx_26293,chr3,133401099,133402017,918
pre_xx_26294,chr3,133488720,133489529,809
pre_xx_26295,chr3,133572797,133574907,2110
pre_xx_26296,chr3,133661143,133662621,1478
pre_xx_26297,chr3,133673872,133675021,1149
pre_xx_26298,chr3,133745628,133746671,1043
pre_xx_26299,chr3,133805230,133806954,1724
pre_xx_26300,chr3,133867941,133869228,1287
pre_xx_26301,chr3,133894014,133896517,2503
pre_xx_26302,chr3,133926921,133928004,1083
pre_xx_26303,chr3,134028681,134030959,2278
pre_xx_26304,chr3,134249381,134251210,1829
pre_xx_26305,chr3,134290452,134292222,1770
pre_xx_26306,chr3,134308084,134308932,848
pre_xx_26307,chr3,134311839,134313858,2019
pre_xx_26308,chr3,134357365,134358716,1351
pre_xx_26309,chr3,134363443,134364874,1431
pre_xx_26310,chr3,134366857,134367681,824
pre_xx_26311,chr3,134372595,134375506,2911
pre_xx_26312,chr3,134380545,134382352,1807
pre_xx_26313,chr3,134406122,134407616,1494
pre_xx_26314,chr3,134463627,134464991,1364
pre_xx_26315,chr3,134473624,134474268,644
pre_xx_26316,chr3,134484745,134487075,2330
pre_xx_26317,chr3,134600376,134602888,2512
pre_xx_26318,chr3,134650383,134651997,1614
pre_xx_26319,chr3,134794730,134797226,2496
pre_xx_26320,chr3,134804272,134805211,939
pre_xx_26321,chr3,135033653,135035088,1435
pre_xx_26322,chr3,135238139,135239891,1752
pre_xx_26323,chr3,135271514,135272886,1372
pre_xx_26324,chr3,135324070,135326199,2129
pre_xx_26325,chr3,135503588,135504579,991
pre_xx_26326,chr3,135965028,135966946,1918
pre_xx_26327,chr3,136194409,136197299,2890
pre_xx_26328,chr3,136249809,136251412,1603
pre_xx_26329,chr3,136750900,136753442,2542
pre_xx_26330,chr3,136818138,136820466,2328
pre_xx_26331,chr3,136861042,136863340,2298
pre_xx_26332,chr3,137013656,137014784,1128
pre_xx_26333,chr3,137032242,137033250,1008
pre_xx_26334,chr3,137065243,137066348,1105
pre_xx_26335,chr3,137763173,137764508,1335
pre_xx_26336,chr3,137770232,137772147,1915
pre_xx_26337,chr3,138114358,138116141,1783
pre_xx_26338,chr3,138173913,138175069,1156
pre_xx_26339,chr3,138186759,138188316,1557
pre_xx_26340,chr3,138328928,138330189,1261
pre_xx_26341,chr3,138334536,138335224,688
pre_xx_26342,chr3,138347403,138350431,3028
pre_xx_26343,chr3,138389316,138390857,1541
pre_xx_26344,chr3,138417203,138418024,821
pre_xx_26345,chr3,138433909,138435800,1891
pre_xx_26346,chr3,138593215,138595060,1845
pre_xx_26347,chr3,138608188,138609983,1795
pre_xx_26348,chr3,138833349,138835494,2145
pre_xx_26349,chr3,138914833,138916551,1718
pre_xx_26350,chr3,138935744,138937205,1461
pre_xx_26351,chr3,138937574,138938688,1114
pre_xx_26352,chr3,138939451,138940066,615
pre_xx_26353,chr3,138944842,138947899,3057
pre_xx_26354,chr3,138948650,138949398,748
pre_xx_26355,chr3,138949748,138950602,854
pre_xx_26356,chr3,139226636,139228728,2092
pre_xx_26357,chr3,139252299,139253546,1247
pre_xx_26358,chr3,139287791,139289044,1253
pre_xx_26359,chr3,139299049,139299985,936
pre_xx_26360,chr3,139326675,139327141,466
pre_xx_26361,chr3,139327820,139329711,1891
pre_xx_26362,chr3,139343512,139344671,1159
pre_xx_26363,chr3,139388743,139390523,1780
pre_xx_26364,chr3,139427375,139428577,1202
pre_xx_26365,chr3,139533375,139535617,2242
pre_xx_26366,chr3,139538636,139540642,2006
pre_xx_26367,chr3,139677194,139678613,1419
pre_xx_26368,chr3,139934337,139936711,2374
pre_xx_26369,chr3,140186105,140188043,1938
pre_xx_26370,chr3,140205821,140207032,1211
pre_xx_26371,chr3,140296621,140297564,943
pre_xx_26372,chr3,140340950,140341717,767
pre_xx_26373,chr3,140349612,140351015,1403
pre_xx_26374,chr3,140365811,140367050,1239
pre_xx_26375,chr3,140385663,140387562,1899
pre_xx_26376,chr3,140395165,140396321,1156
pre_xx_26377,chr3,140423249,140424144,895
pre_xx_26378,chr3,140431784,140433628,1844
pre_xx_26379,chr3,140585823,140586854,1031
pre_xx_26380,chr3,140941300,140943367,2067
pre_xx_26381,chr3,141050656,141053008,2352
pre_xx_26382,chr3,141056538,141057225,687
pre_xx_26383,chr3,141076127,141077712,1585
pre_xx_26384,chr3,141093526,141094426,900
pre_xx_26385,chr3,141104016,141104884,868
pre_xx_26386,chr3,141191879,141192668,789
pre_xx_26387,chr3,141230943,141233135,2192
pre_xx_26388,chr3,141310969,141312599,1630
pre_xx_26389,chr3,141365986,141367009,1023
pre_xx_26390,chr3,141369985,141370557,572
pre_xx_26391,chr3,141401548,141403177,1629
pre_xx_26392,chr3,141409407,141413379,3972
pre_xx_26393,chr3,141486025,141488107,2082
pre_xx_26394,chr3,141659183,141660824,1641
pre_xx_26395,chr3,141698622,141700255,1633
pre_xx_26396,chr3,141737700,141739388,1688
pre_xx_26397,chr3,141796983,141798982,1999
pre_xx_26398,chr3,141875454,141877557,2103
pre_xx_26399,chr3,142027262,142028754,1492
pre_xx_26400,chr3,142148110,142150098,1988
pre_xx_26401,chr3,142224646,142225815,1169
pre_xx_26402,chr3,142446956,142448633,1677
pre_xx_26403,chr3,142577591,142579743,2152
pre_xx_26404,chr3,142595412,142596978,1566
pre_xx_26405,chr3,142723600,142725490,1890
pre_xx_26406,chr3,142888017,142889510,1493
pre_xx_26407,chr3,142962233,142964517,2284
pre_xx_26408,chr3,143000494,143002686,2192
pre_xx_26409,chr3,143090356,143091562,1206
pre_xx_26410,chr3,143098937,143100149,1212
pre_xx_26411,chr3,143118721,143121660,2939
pre_xx_26412,chr3,143124537,143125522,985
pre_xx_26413,chr3,143133993,143134846,853
pre_xx_26414,chr3,143244384,143245207,823
pre_xx_26415,chr3,143329470,143330922,1452
pre_xx_26416,chr3,143847585,143848639,1054
pre_xx_26417,chr3,143897459,143898504,1045
pre_xx_26418,chr3,143970719,143973948,3229
pre_xx_26419,chr3,144126857,144128837,1980
pre_xx_26420,chr3,144199766,144201055,1289
pre_xx_26421,chr3,144238689,144239663,974
pre_xx_26422,chr3,144547853,144548841,988
pre_xx_26423,chr3,144894095,144895267,1172
pre_xx_26424,chr3,145080971,145082797,1826
pre_xx_26425,chr3,146159731,146161987,2256
pre_xx_26426,chr3,146249969,146252359,2390
pre_xx_26427,chr3,146373798,146375583,1785
pre_xx_26428,chr3,146468111,146470210,2099
pre_xx_26429,chr3,146542997,146545036,2039
pre_xx_26430,chr3,147297783,147299038,1255
pre_xx_26431,chr3,147391803,147392793,990
pre_xx_26432,chr3,147393200,147393941,741
pre_xx_26433,chr3,147410259,147411562,1303
pre_xx_26434,chr3,147418768,147419780,1012
pre_xx_26435,chr3,148697419,148698404,985
pre_xx_26436,chr3,148990981,148992412,1431
pre_xx_26437,chr3,149085549,149087531,1982
pre_xx_26438,chr3,149091694,149092602,908
pre_xx_26439,chr3,149128790,149130436,1646
pre_xx_26440,chr3,149376601,149378713,2112
pre_xx_26441,chr3,149536207,149536956,749
pre_xx_26442,chr3,149575170,149576637,1467
pre_xx_26443,chr3,149656589,149659220,2631
pre_xx_26444,chr3,149751326,149752817,1491
pre_xx_26445,chr3,149812275,149814459,2184
pre_xx_26446,chr3,149969078,149969506,428
pre_xx_26447,chr3,149969782,149972069,2287
pre_xx_26448,chr3,150183578,150184889,1311
pre_xx_26449,chr3,150220606,150221888,1282
pre_xx_26450,chr3,150299003,150299728,725
pre_xx_26451,chr3,150371432,150372275,843
pre_xx_26452,chr3,150407615,150411037,3422
pre_xx_26453,chr3,150545394,150547344,1950
pre_xx_26454,chr3,150602439,150604331,1892
pre_xx_26455,chr3,150702683,150704339,1656
pre_xx_26456,chr3,150761597,150764255,2658
pre_xx_26457,chr3,150843510,150845083,1573
pre_xx_26458,chr3,150925374,150926230,856
pre_xx_26459,chr3,151084821,151087958,3137
pre_xx_26460,chr3,151145686,151146676,990
pre_xx_26461,chr3,151227411,151228368,957
pre_xx_26462,chr3,151274787,151275972,1185
pre_xx_26463,chr3,151459912,151461396,1484
pre_xx_26464,chr3,151630824,151631629,805
pre_xx_26465,chr3,151815681,151816678,997
pre_xx_26466,chr3,152258267,152259377,1110
pre_xx_26467,chr3,152267850,152270578,2728
pre_xx_26468,chr3,152298297,152299633,1336
pre_xx_26469,chr3,152834374,152836144,1770
pre_xx_26470,chr3,153160285,153163554,3269
pre_xx_26471,chr3,153304954,153306159,1205
pre_xx_26472,chr3,154120592,154123494,2902
pre_xx_26473,chr3,154228304,154229676,1372
pre_xx_26474,chr3,154252550,154253378,828
pre_xx_26475,chr3,154323429,154324842,1413
pre_xx_26476,chr3,154427765,154429261,1496
pre_xx_26477,chr3,154791330,154792372,1042
pre_xx_26478,chr3,155078694,155081085,2391
pre_xx_26479,chr3,155109932,155111733,1801
pre_xx_26480,chr3,155743657,155745391,1734
pre_xx_26481,chr3,155805497,155806632,1135
pre_xx_26482,chr3,155853109,155855218,2109
pre_xx_26483,chr3,155869819,155872318,2499
pre_xx_26484,chr3,156145786,156146675,889
pre_xx_26485,chr3,156148616,156150779,2163
pre_xx_26486,chr3,156216252,156217817,1565
pre_xx_26487,chr3,156290868,156292211,1343
pre_xx_26488,chr3,156553919,156555708,1789
pre_xx_26489,chr3,156605285,156606653,1368
pre_xx_26490,chr3,156673777,156676205,2428
pre_xx_26491,chr3,156680396,156681344,948
pre_xx_26492,chr3,156815726,156817636,1910
pre_xx_26493,chr3,156825563,156827496,1933
pre_xx_26494,chr3,157081218,157082201,983
pre_xx_26495,chr3,157087906,157090120,2214
pre_xx_26496,chr3,157127892,157129557,1665
pre_xx_26497,chr3,157129783,157131020,1237
pre_xx_26498,chr3,157135507,157137800,2293
pre_xx_26499,chr3,157146320,157147674,1354
pre_xx_26500,chr3,157154453,157154873,420
pre_xx_26501,chr3,157159190,157161334,2144
pre_xx_26502,chr3,157173932,157176492,2560
pre_xx_26503,chr3,157436367,157438689,2322
pre_xx_26504,chr3,157499003,157500198,1195
pre_xx_26505,chr3,157542485,157543588,1103
pre_xx_26506,chr3,158094166,158095812,1646
pre_xx_26507,chr3,158097582,158098410,828
pre_xx_26508,chr3,158103036,158103946,910
pre_xx_26509,chr3,158106314,158107485,1171
pre_xx_26510,chr3,158109525,158110924,1399
pre_xx_26511,chr3,158329204,158330408,1204
pre_xx_26512,chr3,158570488,158572985,2497
pre_xx_26513,chr3,158643946,158645020,1074
pre_xx_26514,chr3,158671683,158673073,1390
pre_xx_26515,chr3,158731355,158733199,1844
pre_xx_26516,chr3,158768121,158769979,1858
pre_xx_26517,chr3,158800793,158802709,1916
pre_xx_26518,chr3,159762851,159766004,3153
pre_xx_26519,chr3,159839516,159840405,889
pre_xx_26520,chr3,159856078,159857123,1045
pre_xx_26521,chr3,159882336,159883749,1413
pre_xx_26522,chr3,159897154,159898460,1306
pre_xx_26523,chr3,159988349,159989361,1012
pre_xx_26524,chr3,160038415,160039498,1083
pre_xx_26525,chr3,160224180,160226924,2744
pre_xx_26526,chr3,160398579,160401096,2517
pre_xx_26527,chr3,160448832,160450495,1663
pre_xx_26528,chr3,160564135,160566658,2523
pre_xx_26529,chr3,160754262,160756569,2307
pre_xx_26530,chr3,161104070,161105607,1537
pre_xx_26531,chr3,161220697,161222396,1699
pre_xx_26532,chr3,161371347,161373180,1833
pre_xx_26533,chr3,164332351,164333816,1465
pre_xx_26534,chr3,165193293,165194149,856
pre_xx_26535,chr3,165194482,165197355,2873
pre_xx_26536,chr3,165206486,165207262,776
pre_xx_26537,chr3,167066727,167068051,1324
pre_xx_26538,chr3,167379506,167380568,1062
pre_xx_26539,chr3,167734048,167736313,2265
pre_xx_26540,chr3,168094497,168096727,2230
pre_xx_26541,chr3,168248449,168250777,2328
pre_xx_26542,chr3,168340988,168343037,2049
pre_xx_26543,chr3,168347394,168348597,1203
pre_xx_26544,chr3,169146003,169147875,1872
pre_xx_26545,chr3,169148553,169149696,1143
pre_xx_26546,chr3,169241353,169243420,2067
pre_xx_26547,chr3,169264353,169265377,1024
pre_xx_26548,chr3,169661383,169663450,2067
pre_xx_26549,chr3,169667961,169669584,1623
pre_xx_26550,chr3,169764183,169765476,1293
pre_xx_26551,chr3,169769272,169770025,753
pre_xx_26552,chr3,169771553,169773857,2304
pre_xx_26553,chr3,169811466,169813353,1887
pre_xx_26554,chr3,169922888,169924052,1164
pre_xx_26555,chr3,169965976,169967777,1801
pre_xx_26556,chr3,170037527,170039087,1560
pre_xx_26557,chr3,170180105,170181946,1841
pre_xx_26558,chr3,170221798,170223787,1989
pre_xx_26559,chr3,170355544,170358582,3038
pre_xx_26560,chr3,170418291,170420652,2361
pre_xx_26561,chr3,170584328,170586223,1895
pre_xx_26562,chr3,170697464,170698528,1064
pre_xx_26563,chr3,170764763,170766274,1511
pre_xx_26564,chr3,170815100,170815927,827
pre_xx_26565,chr3,170869149,170870924,1775
pre_xx_26566,chr3,170907607,170909107,1500
pre_xx_26567,chr3,171027939,171029314,1375
pre_xx_26568,chr3,171156066,171157803,1737
pre_xx_26569,chr3,171458664,171461545,2881
pre_xx_26570,chr3,171770537,171771696,1159
pre_xx_26571,chr3,171809267,171810888,1621
pre_xx_26572,chr3,171829233,171830508,1275
pre_xx_26573,chr3,171838060,171838914,854
pre_xx_26574,chr3,172039145,172041075,1930
pre_xx_26575,chr3,172103517,172105133,1616
pre_xx_26576,chr3,172170991,172171963,972
pre_xx_26577,chr3,172449335,172450098,763
pre_xx_26578,chr3,172709614,172711639,2025
pre_xx_26579,chr3,172750056,172751832,1776
pre_xx_26580,chr3,173394967,173396960,1993
pre_xx_26581,chr3,173397115,173398307,1192
pre_xx_26582,chr3,173584029,173585871,1842
pre_xx_26583,chr3,174439321,174442513,3192
pre_xx_26584,chr3,176696380,176697814,1434
pre_xx_26585,chr3,176905946,176907002,1056
pre_xx_26586,chr3,177196170,177199315,3145
pre_xx_26587,chr3,177358310,177361625,3315
pre_xx_26588,chr3,177450926,177452853,1927
pre_xx_26589,chr3,177515846,177517143,1297
pre_xx_26590,chr3,177780945,177782385,1440
pre_xx_26591,chr3,178058200,178059931,1731
pre_xx_26592,chr3,178083729,178085545,1816
pre_xx_26593,chr3,178102637,178103677,1040
pre_xx_26594,chr3,178260495,178261851,1356
pre_xx_26595,chr3,178319865,178321226,1361
pre_xx_26596,chr3,178352233,178353710,1477
pre_xx_26597,chr3,178384216,178385656,1440
pre_xx_26598,chr3,178404644,178406958,2314
pre_xx_26599,chr3,178535784,178537335,1551
pre_xx_26600,chr3,179070837,179072441,1604
pre_xx_26601,chr3,179146998,179149727,2729
pre_xx_26602,chr3,179260755,179261827,1072
pre_xx_26603,chr3,179322109,179323978,1869
pre_xx_26604,chr3,179335961,179336996,1035
pre_xx_26605,chr3,179346334,179348452,2118
pre_xx_26606,chr3,179450210,179452615,2405
pre_xx_26607,chr3,179562454,179564124,1670
pre_xx_26608,chr3,179603909,179605372,1463
pre_xx_26609,chr3,179626922,179627930,1008
pre_xx_26610,chr3,179652279,179654747,2468
pre_xx_26611,chr3,179661527,179663220,1693
pre_xx_26612,chr3,179666093,179667012,919
pre_xx_26613,chr3,179680563,179682286,1723
pre_xx_26614,chr3,179942012,179942813,801
pre_xx_26615,chr3,180035999,180037589,1590
pre_xx_26616,chr3,180601385,180603123,1738
pre_xx_26617,chr3,180678504,180680341,1837
pre_xx_26618,chr3,180869445,180870762,1317
pre_xx_26619,chr3,180911829,180914293,2464
pre_xx_26620,chr3,180988779,180990312,1533
pre_xx_26621,chr3,181338308,181339127,819
pre_xx_26622,chr3,181694770,181696430,1660
pre_xx_26623,chr3,181700295,181700845,550
pre_xx_26624,chr3,181711055,181713279,2224
pre_xx_26625,chr3,181725643,181728030,2387
pre_xx_26626,chr3,182017124,182018450,1326
pre_xx_26627,chr3,182241432,182242747,1315
pre_xx_26628,chr3,182486054,182487850,1796
pre_xx_26629,chr3,182508483,182510254,1771
pre_xx_26630,chr3,182567260,182569306,2046
pre_xx_26631,chr3,182682052,182683910,1858
pre_xx_26632,chr3,182725375,182727261,1886
pre_xx_26633,chr3,182792605,182794825,2220
pre_xx_26634,chr3,182978857,182981295,2438
pre_xx_26635,chr3,183098425,183099909,1484
pre_xx_26636,chr3,183113786,183115057,1271
pre_xx_26637,chr3,183115651,183116594,943
pre_xx_26638,chr3,183161625,183163012,1387
pre_xx_26639,chr3,183178691,183181193,2502
pre_xx_26640,chr3,183252853,183254963,2110
pre_xx_26641,chr3,183341242,183342452,1210
pre_xx_26642,chr3,183385296,183387038,1742
pre_xx_26643,chr3,183427046,183429255,2209
pre_xx_26644,chr3,183433604,183435653,2049
pre_xx_26645,chr3,183447053,183448302,1249
pre_xx_26646,chr3,183449317,183450034,717
pre_xx_26647,chr3,183477733,183480633,2900
pre_xx_26648,chr3,183579956,183581014,1058
pre_xx_26649,chr3,183583689,183584967,1278
pre_xx_26650,chr3,183635155,183637472,2317
pre_xx_26651,chr3,183697318,183699175,1857
pre_xx_26652,chr3,183824529,183826816,2287
pre_xx_26653,chr3,183883642,183885326,1684
pre_xx_26654,chr3,183907226,183908351,1125
pre_xx_26655,chr3,184015579,184016516,937
pre_xx_26656,chr3,184016802,184018424,1622
pre_xx_26657,chr3,184133839,184136224,2385
pre_xx_26658,chr3,184154614,184157444,2830
pre_xx_26659,chr3,184174168,184175903,1735
pre_xx_26660,chr3,184176255,184177363,1108
pre_xx_26661,chr3,184185279,184187147,1868
pre_xx_26662,chr3,184228723,184231206,2483
pre_xx_26663,chr3,184241174,184242228,1054
pre_xx_26664,chr3,184248447,184250571,2124
pre_xx_26665,chr3,184259581,184262971,3390
pre_xx_26666,chr3,184275286,184276970,1684
pre_xx_26667,chr3,184298295,184299969,1674
pre_xx_26668,chr3,184313993,184316498,2505
pre_xx_26669,chr3,184319285,184320405,1120
pre_xx_26670,chr3,184335281,184337667,2386
pre_xx_26671,chr3,184338216,184339204,988
pre_xx_26672,chr3,184344908,184346147,1239
pre_xx_26673,chr3,184360952,184363746,2794
pre_xx_26674,chr3,184371332,184372900,1568
pre_xx_26675,chr3,184378670,184380958,2288
pre_xx_26676,chr3,184465823,184467005,1182
pre_xx_26677,chr3,184489208,184490070,862
pre_xx_26678,chr3,184490331,184491645,1314
pre_xx_26679,chr3,184496461,184497384,923
pre_xx_26680,chr3,184513174,184514545,1371
pre_xx_26681,chr3,184524971,184526401,1430
pre_xx_26682,chr3,184543364,184544672,1308
pre_xx_26683,chr3,184560910,184563292,2382
pre_xx_26684,chr3,184568131,184569790,1659
pre_xx_26685,chr3,184582593,184584934,2341
pre_xx_26686,chr3,184592301,184595098,2797
pre_xx_26687,chr3,184600954,184604941,3987
pre_xx_26688,chr3,184678503,184679716,1213
pre_xx_26689,chr3,184691357,184692170,813
pre_xx_26690,chr3,184710768,184712631,1863
pre_xx_26691,chr3,184716329,184717949,1620
pre_xx_26692,chr3,184726500,184727811,1311
pre_xx_26693,chr3,184755542,184757743,2201
pre_xx_26694,chr3,184760678,184762116,1438
pre_xx_26695,chr3,184772884,184774243,1359
pre_xx_26696,chr3,184777401,184778080,679
pre_xx_26697,chr3,184811750,184813080,1330
pre_xx_26698,chr3,184910952,184912735,1783
pre_xx_26699,chr3,185069040,185071683,2643
pre_xx_26700,chr3,185088532,185089826,1294
pre_xx_26701,chr3,185151989,185153901,1912
pre_xx_26702,chr3,185253544,185254483,939
pre_xx_26703,chr3,185282379,185283539,1160
pre_xx_26704,chr3,185328185,185329911,1726
pre_xx_26705,chr3,185362519,185364287,1768
pre_xx_26706,chr3,185402040,185403298,1258
pre_xx_26707,chr3,185497081,185499403,2322
pre_xx_26708,chr3,185558324,185559384,1060
pre_xx_26709,chr3,185560222,185562384,2162
pre_xx_26710,chr3,185574501,185575921,1420
pre_xx_26711,chr3,185585491,185587026,1535
pre_xx_26712,chr3,185660025,185660963,938
pre_xx_26713,chr3,185701573,185703403,1830
pre_xx_26714,chr3,185796396,185797452,1056
pre_xx_26715,chr3,185823008,185826508,3500
pre_xx_26716,chr3,185912569,185914373,1804
pre_xx_26717,chr3,185936741,185938355,1614
pre_xx_26718,chr3,185943046,185943851,805
pre_xx_26719,chr3,185983196,185984242,1046
pre_xx_26720,chr3,186070127,186071487,1360
pre_xx_26721,chr3,186095507,186096719,1212
pre_xx_26722,chr3,186097462,186098558,1096
pre_xx_26723,chr3,186107143,186110411,3268
pre_xx_26724,chr3,186121795,186122542,747
pre_xx_26725,chr3,186193135,186194657,1522
pre_xx_26726,chr3,186209555,186211150,1595
pre_xx_26727,chr3,186255539,186256743,1204
pre_xx_26728,chr3,186258919,186260081,1162
pre_xx_26729,chr3,186303361,186304503,1142
pre_xx_26730,chr3,186360574,186362605,2031
pre_xx_26731,chr3,186413100,186414463,1363
pre_xx_26732,chr3,186418236,186419324,1088
pre_xx_26733,chr3,186427322,186428313,991
pre_xx_26734,chr3,186539772,186540882,1110
pre_xx_26735,chr3,186566384,186567909,1525
pre_xx_26736,chr3,186570001,186571362,1361
pre_xx_26737,chr3,186616819,186617792,973
pre_xx_26738,chr3,186772192,186773442,1250
pre_xx_26739,chr3,186782484,186784499,2015
pre_xx_26740,chr3,186789647,186791603,1956
pre_xx_26741,chr3,186805804,186807545,1741
pre_xx_26742,chr3,186824509,186825838,1329
pre_xx_26743,chr3,186826384,186827856,1472
pre_xx_26744,chr3,186896547,186897783,1236
pre_xx_26745,chr3,186929958,186933089,3131
pre_xx_26746,chr3,186976798,186977745,947
pre_xx_26747,chr3,187138694,187139990,1296
pre_xx_26748,chr3,187164785,187165677,892
pre_xx_26749,chr3,187263017,187264934,1917
pre_xx_26750,chr3,187291024,187292285,1261
pre_xx_26751,chr3,187318606,187320187,1581
pre_xx_26752,chr3,187499868,187500931,1063
pre_xx_26753,chr3,187510339,187511115,776
pre_xx_26754,chr3,187522000,187522862,862
pre_xx_26755,chr3,187669473,187670933,1460
pre_xx_26756,chr3,187678725,187679956,1231
pre_xx_26757,chr3,187737309,187740373,3064
pre_xx_26758,chr3,187740942,187741181,239
pre_xx_26759,chr3,187743636,187745960,2324
pre_xx_26760,chr3,187746452,187746886,434
pre_xx_26761,chr3,187748023,187748332,309
pre_xx_26762,chr3,188051375,188052953,1578
pre_xx_26763,chr3,188092164,188093009,845
pre_xx_26764,chr3,188126003,188127628,1625
pre_xx_26765,chr3,188152645,188155209,2564
pre_xx_26766,chr3,188159109,188159921,812
pre_xx_26767,chr3,188216576,188218166,1590
pre_xx_26768,chr3,188745835,188747207,1372
pre_xx_26769,chr3,188926699,188927548,849
pre_xx_26770,chr3,188946957,188948838,1881
pre_xx_26771,chr3,189147570,189148396,826
pre_xx_26772,chr3,189304331,189305394,1063
pre_xx_26773,chr3,189340719,189341657,938
pre_xx_26774,chr3,189710268,189711381,1113
pre_xx_26775,chr3,190051139,190052272,1133
pre_xx_26776,chr3,190072874,190073959,1085
pre_xx_26777,chr3,190119989,190121229,1240
pre_xx_26778,chr3,190321697,190323543,1846
pre_xx_26779,chr3,190424203,190425204,1001
pre_xx_26780,chr3,190513394,190515406,2012
pre_xx_26781,chr3,190862237,190863311,1074
pre_xx_26782,chr3,191328649,191331009,2360
pre_xx_26783,chr3,191350179,191351243,1064
pre_xx_26784,chr3,191499170,191500422,1252
pre_xx_26785,chr3,192407856,192410874,3018
pre_xx_26786,chr3,192443856,192444853,997
pre_xx_26787,chr3,192513957,192515761,1804
pre_xx_26788,chr3,192570628,192571860,1232
pre_xx_26789,chr3,192726890,192728135,1245
pre_xx_26790,chr3,192851531,192852858,1327
pre_xx_26791,chr3,192878842,192880728,1886
pre_xx_26792,chr3,192915083,192915605,522
pre_xx_26793,chr3,192916194,192918498,2304
pre_xx_26794,chr3,193015988,193016931,943
pre_xx_26795,chr3,193187005,193188154,1149
pre_xx_26796,chr3,193207322,193208423,1101
pre_xx_26797,chr3,193229914,193230947,1033
pre_xx_26798,chr3,193232789,193233529,740
pre_xx_26799,chr3,193240382,193242030,1648
pre_xx_26800,chr3,193592590,193594295,1705
pre_xx_26801,chr3,193743673,193745619,1946
pre_xx_26802,chr3,193780268,193781529,1261
pre_xx_26803,chr3,193782053,193782708,655
pre_xx_26804,chr3,193787763,193788889,1126
pre_xx_26805,chr3,193793989,193795284,1295
pre_xx_26806,chr3,193805245,193805948,703
pre_xx_26807,chr3,193816473,193817587,1114
pre_xx_26808,chr3,194002339,194004011,1672
pre_xx_26809,chr3,194023503,194024390,887
pre_xx_26810,chr3,194057926,194059212,1286
pre_xx_26811,chr3,194070343,194071718,1375
pre_xx_26812,chr3,194089273,194089984,711
pre_xx_26813,chr3,194112173,194113158,985
pre_xx_26814,chr3,194123683,194125059,1376
pre_xx_26815,chr3,194133625,194135394,1769
pre_xx_26816,chr3,194135834,194136239,405
pre_xx_26817,chr3,194136853,194138133,1280
pre_xx_26818,chr3,194138877,194139878,1001
pre_xx_26819,chr3,194140625,194142707,2082
pre_xx_26820,chr3,194160666,194161860,1194
pre_xx_26821,chr3,194166226,194168569,2343
pre_xx_26822,chr3,194176075,194177712,1637
pre_xx_26823,chr3,194189120,194189934,814
pre_xx_26824,chr3,194203751,194204856,1105
pre_xx_26825,chr3,194224219,194225477,1258
pre_xx_26826,chr3,194249385,194251280,1895
pre_xx_26827,chr3,194255185,194256902,1717
pre_xx_26828,chr3,194270626,194271739,1113
pre_xx_26829,chr3,194276800,194278172,1372
pre_xx_26830,chr3,194296221,194297557,1336
pre_xx_26831,chr3,194305553,194306997,1444
pre_xx_26832,chr3,194312053,194314150,2097
pre_xx_26833,chr3,194314664,194316197,1533
pre_xx_26834,chr3,194323637,194324616,979
pre_xx_26835,chr3,194333254,194334127,873
pre_xx_26836,chr3,194368098,194369080,982
pre_xx_26837,chr3,194395854,194398400,2546
pre_xx_26838,chr3,194485321,194488035,2714
pre_xx_26839,chr3,194536829,194538251,1422
pre_xx_26840,chr3,194583384,194584494,1110
pre_xx_26841,chr3,194632651,194634015,1364
pre_xx_26842,chr3,194660600,194662229,1629
pre_xx_26843,chr3,194671306,194673223,1917
pre_xx_26844,chr3,194682412,194683103,691
pre_xx_26845,chr3,194685524,194686295,771
pre_xx_26846,chr3,194686665,194688781,2116
pre_xx_26847,chr3,194749596,194751056,1460
pre_xx_26848,chr3,194760976,194761958,982
pre_xx_26849,chr3,194768649,194769733,1084
pre_xx_26850,chr3,194870592,194872930,2338
pre_xx_26851,chr3,194930313,194931745,1432
pre_xx_26852,chr3,194984423,194985702,1279
pre_xx_26853,chr3,195001790,195003600,1810
pre_xx_26854,chr3,195079982,195082069,2087
pre_xx_26855,chr3,195106139,195107059,920
pre_xx_26856,chr3,195123935,195125055,1120
pre_xx_26857,chr3,195154070,195156137,2067
pre_xx_26858,chr3,195161951,195163134,1183
pre_xx_26859,chr3,195209451,195211070,1619
pre_xx_26860,chr3,195258182,195260887,2705
pre_xx_26861,chr3,195270043,195272051,2008
pre_xx_26862,chr3,195441571,195443823,2252
pre_xx_26863,chr3,195541600,195544254,2654
pre_xx_26864,chr3,195747290,195748334,1044
pre_xx_26865,chr3,195752734,195753409,675
pre_xx_26866,chr3,195761474,195762470,996
pre_xx_26867,chr3,195801773,195803569,1796
pre_xx_26868,chr3,195850542,195851281,739
pre_xx_26869,chr3,195859031,195860209,1178
pre_xx_26870,chr3,195862807,195863932,1125
pre_xx_26871,chr3,195884698,195887338,2640
pre_xx_26872,chr3,195891883,195893823,1940
pre_xx_26873,chr3,195894556,195897504,2948
pre_xx_26874,chr3,195907210,195910463,3253
pre_xx_26875,chr3,195914552,195915464,912
pre_xx_26876,chr3,195954117,195955794,1677
pre_xx_26877,chr3,195989603,195990858,1255
pre_xx_26878,chr3,196080772,196082567,1795
pre_xx_26879,chr3,196127055,196128105,1050
pre_xx_26880,chr3,196138396,196139490,1094
pre_xx_26881,chr3,196140117,196140574,457
pre_xx_26882,chr3,196163639,196164525,886
pre_xx_26883,chr3,196168348,196169435,1087
pre_xx_26884,chr3,196186333,196187380,1047
pre_xx_26885,chr3,196192038,196194434,2396
pre_xx_26886,chr3,196196430,196196917,487
pre_xx_26887,chr3,196206973,196208587,1614
pre_xx_26888,chr3,196215701,196217246,1545
pre_xx_26889,chr3,196219057,196220317,1260
pre_xx_26890,chr3,196226892,196228582,1690
pre_xx_26891,chr3,196286850,196288459,1609
pre_xx_26892,chr3,196317466,196318654,1188
pre_xx_26893,chr3,196431126,196433290,2164
pre_xx_26894,chr3,196501776,196504244,2468
pre_xx_26895,chr3,196528400,196529298,898
pre_xx_26896,chr3,196567801,196569677,1876
pre_xx_26897,chr3,196631655,196633257,1602
pre_xx_26898,chr3,196638880,196640890,2010
pre_xx_26899,chr3,196711433,196713163,1730
pre_xx_26900,chr3,196739396,196741524,2128
pre_xx_26901,chr3,196867072,196869048,1976
pre_xx_26902,chr3,196941275,196943298,2023
pre_xx_26903,chr3,196966890,196967811,921
pre_xx_26904,chr3,196968203,196970182,1979
pre_xx_26905,chr3,196978283,196979279,996
pre_xx_26906,chr3,196987941,196988898,957
pre_xx_26907,chr3,197001787,197004070,2283
pre_xx_26908,chr3,197007283,197007782,499
pre_xx_26909,chr3,197022162,197024470,2308
pre_xx_26910,chr3,197028274,197030185,1911
pre_xx_26911,chr3,197297042,197299666,2624
pre_xx_26912,chr3,197308367,197310220,1853
pre_xx_26913,chr3,197455525,197457047,1522
pre_xx_26914,chr3,197487607,197488472,865
pre_xx_26915,chr3,197509636,197510546,910
pre_xx_26916,chr3,197554279,197556311,2032
pre_xx_26917,chr3,197598825,197599629,804
pre_xx_26918,chr3,197626986,197628409,1423
pre_xx_26919,chr3,197711858,197712774,916
pre_xx_26920,chr3,197735950,197737649,1699
pre_xx_26921,chr3,197748894,197751624,2730
pre_xx_26922,chr3,197790587,197792352,1765
pre_xx_26923,chr3,197905830,197907260,1430
pre_xx_26924,chr3,197912477,197913873,1396
pre_xx_26925,chr3,197949346,197951260,1914
pre_xx_26926,chr3,197959490,197961233,1743
pre_xx_26927,chr3,198079937,198081781,1844
pre_xx_26928,chr4,106995,108468,1473
pre_xx_26929,chr4,123881,125979,2098
pre_xx_26930,chr4,212151,213732,1581
pre_xx_26931,chr4,304124,305740,1616
pre_xx_26932,chr4,336043,338992,2949
pre_xx_26933,chr4,472989,474668,1679
pre_xx_26934,chr4,498433,500120,1687
pre_xx_26935,chr4,574756,576724,1968
pre_xx_26936,chr4,651187,652539,1352
pre_xx_26937,chr4,656637,659308,2671
pre_xx_26938,chr4,663093,664457,1364
pre_xx_26939,chr4,673460,675311,1851
pre_xx_26940,chr4,676058,676700,642
pre_xx_26941,chr4,680534,682024,1490
pre_xx_26942,chr4,683715,684643,928
pre_xx_26943,chr4,688455,689702,1247
pre_xx_26944,chr4,692532,694015,1483
pre_xx_26945,chr4,704134,706287,2153
pre_xx_26946,chr4,720811,722347,1536
pre_xx_26947,chr4,726188,727396,1208
pre_xx_26948,chr4,751415,752381,966
pre_xx_26949,chr4,780764,782601,1837
pre_xx_26950,chr4,785061,787907,2846
pre_xx_26951,chr4,791682,792811,1129
pre_xx_26952,chr4,794328,795942,1614
pre_xx_26953,chr4,815363,816279,916
pre_xx_26954,chr4,825261,826272,1011
pre_xx_26955,chr4,836327,837179,852
pre_xx_26956,chr4,930975,933035,2060
pre_xx_26957,chr4,945072,946135,1063
pre_xx_26958,chr4,948140,948744,604
pre_xx_26959,chr4,967530,968464,934
pre_xx_26960,chr4,972628,974299,1671
pre_xx_26961,chr4,986342,987837,1495
pre_xx_26962,chr4,997004,998408,1404
pre_xx_26963,chr4,1001906,1003668,1762
pre_xx_26964,chr4,1009210,1012754,3544
pre_xx_26965,chr4,1017808,1018520,712
pre_xx_26966,chr4,1019261,1020368,1107
pre_xx_26967,chr4,1030145,1030955,810
pre_xx_26968,chr4,1038718,1039886,1168
pre_xx_26969,chr4,1045556,1047895,2339
pre_xx_26970,chr4,1055402,1056167,765
pre_xx_26971,chr4,1112918,1114320,1402
pre_xx_26972,chr4,1129985,1131055,1070
pre_xx_26973,chr4,1135694,1136480,786
pre_xx_26974,chr4,1166960,1168018,1058
pre_xx_26975,chr4,1170862,1173870,3008
pre_xx_26976,chr4,1199982,1201798,1816
pre_xx_26977,chr4,1207679,1210282,2603
pre_xx_26978,chr4,1232789,1234646,1857
pre_xx_26979,chr4,1245755,1246374,619
pre_xx_26980,chr4,1247235,1250172,2937
pre_xx_26981,chr4,1288912,1291022,2110
pre_xx_26982,chr4,1308944,1310399,1455
pre_xx_26983,chr4,1345594,1347905,2311
pre_xx_26984,chr4,1351757,1352180,423
pre_xx_26985,chr4,1410058,1410909,851
pre_xx_26986,chr4,1462511,1463600,1089
pre_xx_26987,chr4,1469537,1471073,1536
pre_xx_26988,chr4,1490210,1491284,1074
pre_xx_26989,chr4,1512555,1513641,1086
pre_xx_26990,chr4,1547835,1549429,1594
pre_xx_26991,chr4,1578892,1580854,1962
pre_xx_26992,chr4,1603889,1605441,1552
pre_xx_26993,chr4,1644368,1645702,1334
pre_xx_26994,chr4,1683213,1685501,2288
pre_xx_26995,chr4,1709183,1709625,442
pre_xx_26996,chr4,1711151,1713221,2070
pre_xx_26997,chr4,1719730,1721922,2192
pre_xx_26998,chr4,1726072,1726582,510
pre_xx_26999,chr4,1745908,1746711,803
pre_xx_27000,chr4,1748362,1748993,631
pre_xx_27001,chr4,1751779,1753029,1250
pre_xx_27002,chr4,1763248,1763857,609
pre_xx_27003,chr4,1766229,1768067,1838
pre_xx_27004,chr4,1772618,1773490,872
pre_xx_27005,chr4,1792532,1795558,3026
pre_xx_27006,chr4,1809620,1810504,884
pre_xx_27007,chr4,1855236,1857464,2228
pre_xx_27008,chr4,1870012,1872747,2735
pre_xx_27009,chr4,1898691,1899579,888
pre_xx_27010,chr4,1913029,1913734,705
pre_xx_27011,chr4,1960297,1962170,1873
pre_xx_27012,chr4,2007666,2010157,2491
pre_xx_27013,chr4,2021245,2022388,1143
pre_xx_27014,chr4,2040329,2042884,2555
pre_xx_27015,chr4,2046532,2047306,774
pre_xx_27016,chr4,2058128,2060080,1952
pre_xx_27017,chr4,2060459,2061490,1031
pre_xx_27018,chr4,2071295,2073133,1838
pre_xx_27019,chr4,2126556,2128421,1865
pre_xx_27020,chr4,2192990,2193983,993
pre_xx_27021,chr4,2219731,2220550,819
pre_xx_27022,chr4,2222532,2223488,956
pre_xx_27023,chr4,2241128,2242669,1541
pre_xx_27024,chr4,2255110,2256416,1306
pre_xx_27025,chr4,2260715,2263050,2335
pre_xx_27026,chr4,2271208,2272915,1707
pre_xx_27027,chr4,2273185,2274550,1365
pre_xx_27028,chr4,2364198,2365654,1456
pre_xx_27029,chr4,2366113,2367259,1146
pre_xx_27030,chr4,2392778,2394143,1365
pre_xx_27031,chr4,2401316,2403156,1840
pre_xx_27032,chr4,2412697,2413713,1016
pre_xx_27033,chr4,2416530,2417626,1096
pre_xx_27034,chr4,2417786,2419637,1851
pre_xx_27035,chr4,2461984,2463236,1252
pre_xx_27036,chr4,2468040,2470251,2211
pre_xx_27037,chr4,2535255,2537863,2608
pre_xx_27038,chr4,2595154,2595779,625
pre_xx_27039,chr4,2596818,2597809,991
pre_xx_27040,chr4,2755304,2756844,1540
pre_xx_27041,chr4,2763526,2764559,1033
pre_xx_27042,chr4,2788294,2789053,759
pre_xx_27043,chr4,2792367,2793167,800
pre_xx_27044,chr4,2796374,2796853,479
pre_xx_27045,chr4,2797707,2799170,1463
pre_xx_27046,chr4,2800346,2801584,1238
pre_xx_27047,chr4,2805601,2807326,1725
pre_xx_27048,chr4,2811652,2813358,1706
pre_xx_27049,chr4,2817593,2819069,1476
pre_xx_27050,chr4,2842770,2844516,1746
pre_xx_27051,chr4,2867235,2870199,2964
pre_xx_27052,chr4,2933446,2935834,2388
pre_xx_27053,chr4,2944257,2945612,1355
pre_xx_27054,chr4,2961873,2964399,2526
pre_xx_27055,chr4,3030753,3032093,1340
pre_xx_27056,chr4,3036961,3037648,687
pre_xx_27057,chr4,3040987,3042245,1258
pre_xx_27058,chr4,3047392,3048051,659
pre_xx_27059,chr4,3073174,3076118,2944
pre_xx_27060,chr4,3106236,3106948,712
pre_xx_27061,chr4,3239607,3240553,946
pre_xx_27062,chr4,3241134,3243743,2609
pre_xx_27063,chr4,3267613,3270482,2869
pre_xx_27064,chr4,3291593,3293834,2241
pre_xx_27065,chr4,3299125,3300454,1329
pre_xx_27066,chr4,3304354,3306343,1989
pre_xx_27067,chr4,3320248,3322484,2236
pre_xx_27068,chr4,3369635,3370478,843
pre_xx_27069,chr4,3371038,3372394,1356
pre_xx_27070,chr4,3387681,3389465,1784
pre_xx_27071,chr4,3413949,3415162,1213
pre_xx_27072,chr4,3461126,3462248,1122
pre_xx_27073,chr4,3462603,3463582,979
pre_xx_27074,chr4,3466319,3467376,1057
pre_xx_27075,chr4,3472236,3472844,608
pre_xx_27076,chr4,3480395,3480941,546
pre_xx_27077,chr4,3484154,3485787,1633
pre_xx_27078,chr4,3497482,3498782,1300
pre_xx_27079,chr4,3530811,3533139,2328
pre_xx_27080,chr4,3607592,3608515,923
pre_xx_27081,chr4,3613849,3614969,1120
pre_xx_27082,chr4,3655385,3656766,1381
pre_xx_27083,chr4,3660200,3660771,571
pre_xx_27084,chr4,3700828,3702205,1377
pre_xx_27085,chr4,3702668,3704163,1495
pre_xx_27086,chr4,3709995,3711446,1451
pre_xx_27087,chr4,3724192,3725414,1222
pre_xx_27088,chr4,3765235,3766881,1646
pre_xx_27089,chr4,3767035,3768132,1097
pre_xx_27090,chr4,3780213,3781782,1569
pre_xx_27091,chr4,3791457,3792488,1031
pre_xx_27092,chr4,3817871,3818769,898
pre_xx_27093,chr4,3821373,3822744,1371
pre_xx_27094,chr4,3835147,3837283,2136
pre_xx_27095,chr4,3871058,3872408,1350
pre_xx_27096,chr4,3879477,3880923,1446
pre_xx_27097,chr4,3954504,3956446,1942
pre_xx_27098,chr4,4106508,4107806,1298
pre_xx_27099,chr4,4225814,4228380,2566
pre_xx_27100,chr4,4247523,4249056,1533
pre_xx_27101,chr4,4289349,4291367,2018
pre_xx_27102,chr4,4315025,4316323,1298
pre_xx_27103,chr4,4323767,4324811,1044
pre_xx_27104,chr4,4333047,4333673,626
pre_xx_27105,chr4,4339127,4340162,1035
pre_xx_27106,chr4,4349281,4350224,943
pre_xx_27107,chr4,4356071,4357133,1062
pre_xx_27108,chr4,4385643,4388304,2661
pre_xx_27109,chr4,4395441,4397551,2110
pre_xx_27110,chr4,4416064,4416853,789
pre_xx_27111,chr4,4426064,4428151,2087
pre_xx_27112,chr4,4487532,4489282,1750
pre_xx_27113,chr4,4541008,4543119,2111
pre_xx_27114,chr4,4574116,4575810,1694
pre_xx_27115,chr4,4626812,4628265,1453
pre_xx_27116,chr4,4640727,4642935,2208
pre_xx_27117,chr4,4666164,4668130,1966
pre_xx_27118,chr4,4693710,4694895,1185
pre_xx_27119,chr4,4852436,4853676,1240
pre_xx_27120,chr4,4856165,4857069,904
pre_xx_27121,chr4,4859238,4861491,2253
pre_xx_27122,chr4,4865786,4866806,1020
pre_xx_27123,chr4,4867039,4867858,819
pre_xx_27124,chr4,4872552,4872958,406
pre_xx_27125,chr4,5018602,5020331,1729
pre_xx_27126,chr4,5050425,5052478,2053
pre_xx_27127,chr4,5705549,5706300,751
pre_xx_27128,chr4,5708035,5709312,1277
pre_xx_27129,chr4,5710527,5711929,1402
pre_xx_27130,chr4,5886987,5889024,2037
pre_xx_27131,chr4,5890026,5890570,544
pre_xx_27132,chr4,5890937,5891329,392
pre_xx_27133,chr4,5892443,5893451,1008
pre_xx_27134,chr4,5955014,5957435,2421
pre_xx_27135,chr4,5998076,5998850,774
pre_xx_27136,chr4,6011210,6012045,835
pre_xx_27137,chr4,6019285,6019993,708
pre_xx_27138,chr4,6031360,6032287,927
pre_xx_27139,chr4,6093291,6094774,1483
pre_xx_27140,chr4,6188720,6189610,890
pre_xx_27141,chr4,6198429,6201118,2689
pre_xx_27142,chr4,6245078,6246146,1068
pre_xx_27143,chr4,6250259,6251045,786
pre_xx_27144,chr4,6269072,6270903,1831
pre_xx_27145,chr4,6272722,6273630,908
pre_xx_27146,chr4,6276720,6277708,988
pre_xx_27147,chr4,6278560,6279170,610
pre_xx_27148,chr4,6281750,6283064,1314
pre_xx_27149,chr4,6308094,6309944,1850
pre_xx_27150,chr4,6326947,6327916,969
pre_xx_27151,chr4,6419509,6420685,1176
pre_xx_27152,chr4,6446540,6448062,1522
pre_xx_27153,chr4,6470368,6472989,2621
pre_xx_27154,chr4,6493253,6494296,1043
pre_xx_27155,chr4,6562725,6564120,1395
pre_xx_27156,chr4,6574347,6576023,1676
pre_xx_27157,chr4,6639794,6642207,2413
pre_xx_27158,chr4,6657181,6659151,1970
pre_xx_27159,chr4,6663633,6664980,1347
pre_xx_27160,chr4,6673007,6675120,2113
pre_xx_27161,chr4,6708946,6710619,1673
pre_xx_27162,chr4,6715683,6717225,1542
pre_xx_27163,chr4,6720222,6720604,382
pre_xx_27164,chr4,6724370,6725189,819
pre_xx_27165,chr4,6746501,6748120,1619
pre_xx_27166,chr4,6767266,6768166,900
pre_xx_27167,chr4,6772384,6773408,1024
pre_xx_27168,chr4,6782039,6783986,1947
pre_xx_27169,chr4,6891731,6893022,1291
pre_xx_27170,chr4,6900744,6902816,2072
pre_xx_27171,chr4,6908332,6910949,2617
pre_xx_27172,chr4,6916517,6918715,2198
pre_xx_27173,chr4,6926681,6927742,1061
pre_xx_27174,chr4,6929403,6930494,1091
pre_xx_27175,chr4,6941486,6943864,2378
pre_xx_27176,chr4,6974035,6974828,793
pre_xx_27177,chr4,6986104,6987996,1892
pre_xx_27178,chr4,7041778,7044885,3107
pre_xx_27179,chr4,7049798,7051526,1728
pre_xx_27180,chr4,7067235,7069131,1896
pre_xx_27181,chr4,7101517,7102366,849
pre_xx_27182,chr4,7102707,7104194,1487
pre_xx_27183,chr4,7127031,7128439,1408
pre_xx_27184,chr4,7156267,7157385,1118
pre_xx_27185,chr4,7160996,7162373,1377
pre_xx_27186,chr4,7191863,7193915,2052
pre_xx_27187,chr4,7206436,7208140,1704
pre_xx_27188,chr4,7236762,7237360,598
pre_xx_27189,chr4,7249844,7251004,1160
pre_xx_27190,chr4,7298575,7299914,1339
pre_xx_27191,chr4,7331885,7332576,691
pre_xx_27192,chr4,7364917,7366742,1825
pre_xx_27193,chr4,7392730,7393579,849
pre_xx_27194,chr4,7397671,7398392,721
pre_xx_27195,chr4,7434476,7436284,1808
pre_xx_27196,chr4,7462305,7464171,1866
pre_xx_27197,chr4,7516053,7517576,1523
pre_xx_27198,chr4,7524154,7525277,1123
pre_xx_27199,chr4,7581282,7581845,563
pre_xx_27200,chr4,7630376,7631667,1291
pre_xx_27201,chr4,7651140,7651985,845
pre_xx_27202,chr4,7654941,7656494,1553
pre_xx_27203,chr4,7698580,7699768,1188
pre_xx_27204,chr4,7719219,7720067,848
pre_xx_27205,chr4,7761361,7762061,700
pre_xx_27206,chr4,7771912,7773315,1403
pre_xx_27207,chr4,7780619,7782335,1716
pre_xx_27208,chr4,7802020,7802457,437
pre_xx_27209,chr4,7805313,7807003,1690
pre_xx_27210,chr4,7811167,7813453,2286
pre_xx_27211,chr4,7817509,7819180,1671
pre_xx_27212,chr4,7928982,7930143,1161
pre_xx_27213,chr4,7937623,7940151,2528
pre_xx_27214,chr4,7948769,7950108,1339
pre_xx_27215,chr4,7956227,7957613,1386
pre_xx_27216,chr4,7960076,7961375,1299
pre_xx_27217,chr4,7969347,7970860,1513
pre_xx_27218,chr4,8009812,8011253,1441
pre_xx_27219,chr4,8016247,8017001,754
pre_xx_27220,chr4,8038792,8039847,1055
pre_xx_27221,chr4,8050214,8051519,1305
pre_xx_27222,chr4,8072458,8073591,1133
pre_xx_27223,chr4,8078656,8079733,1077
pre_xx_27224,chr4,8100558,8101721,1163
pre_xx_27225,chr4,8123106,8123900,794
pre_xx_27226,chr4,8127953,8128990,1037
pre_xx_27227,chr4,8157903,8159723,1820
pre_xx_27228,chr4,8176510,8178133,1623
pre_xx_27229,chr4,8192524,8193399,875
pre_xx_27230,chr4,8198305,8199475,1170
pre_xx_27231,chr4,8205387,8206655,1268
pre_xx_27232,chr4,8214803,8215664,861
pre_xx_27233,chr4,8225512,8226657,1145
pre_xx_27234,chr4,8241982,8242769,787
pre_xx_27235,chr4,8266505,8267498,993
pre_xx_27236,chr4,8269384,8270326,942
pre_xx_27237,chr4,8274619,8275312,693
pre_xx_27238,chr4,8305796,8307162,1366
pre_xx_27239,chr4,8315130,8317143,2013
pre_xx_27240,chr4,8340406,8342045,1639
pre_xx_27241,chr4,8346373,8347160,787
pre_xx_27242,chr4,8351442,8352704,1262
pre_xx_27243,chr4,8402198,8403668,1470
pre_xx_27244,chr4,8410431,8411306,875
pre_xx_27245,chr4,8427555,8429299,1744
pre_xx_27246,chr4,8435429,8436316,887
pre_xx_27247,chr4,8437185,8437707,522
pre_xx_27248,chr4,8440129,8441387,1258
pre_xx_27249,chr4,8468577,8469124,547
pre_xx_27250,chr4,8472292,8474619,2327
pre_xx_27251,chr4,8502700,8505039,2339
pre_xx_27252,chr4,8556133,8556843,710
pre_xx_27253,chr4,8580188,8581485,1297
pre_xx_27254,chr4,8592188,8593889,1701
pre_xx_27255,chr4,8594067,8594720,653
pre_xx_27256,chr4,8607067,8608337,1270
pre_xx_27257,chr4,8687929,8688784,855
pre_xx_27258,chr4,8860337,8861751,1414
pre_xx_27259,chr4,8871099,8872344,1245
pre_xx_27260,chr4,8891882,8894336,2454
pre_xx_27261,chr4,8917452,8918634,1182
pre_xx_27262,chr4,8939205,8940628,1423
pre_xx_27263,chr4,8955964,8957308,1344
pre_xx_27264,chr4,8963479,8964770,1291
pre_xx_27265,chr4,9000323,9001590,1267
pre_xx_27266,chr4,9074913,9075982,1069
pre_xx_27267,chr4,9122192,9124951,2759
pre_xx_27268,chr4,9151830,9153882,2052
pre_xx_27269,chr4,9531764,9533107,1343
pre_xx_27270,chr4,9603321,9604596,1275
pre_xx_27271,chr4,9690855,9692150,1295
pre_xx_27272,chr4,10018418,10020071,1653
pre_xx_27273,chr4,10106246,10107543,1297
pre_xx_27274,chr4,10115781,10118249,2468
pre_xx_27275,chr4,10440128,10441112,984
pre_xx_27276,chr4,10456340,10457812,1472
pre_xx_27277,chr4,10461038,10461942,904
pre_xx_27278,chr4,10577068,10578350,1282
pre_xx_27279,chr4,10917159,10918443,1284
pre_xx_27280,chr4,11009020,11010488,1468
pre_xx_27281,chr4,11229114,11230173,1059
pre_xx_27282,chr4,11231563,11232640,1077
pre_xx_27283,chr4,11366555,11368038,1483
pre_xx_27284,chr4,11422869,11424259,1390
pre_xx_27285,chr4,11426620,11427939,1319
pre_xx_27286,chr4,11428226,11429785,1559
pre_xx_27287,chr4,13482924,13485267,2343
pre_xx_27288,chr4,13541573,13542477,904
pre_xx_27289,chr4,13543720,13545248,1528
pre_xx_27290,chr4,13546994,13547991,997
pre_xx_27291,chr4,13548865,13549493,628
pre_xx_27292,chr4,13626660,13628484,1824
pre_xx_27293,chr4,13653853,13654883,1030
pre_xx_27294,chr4,13830057,13830989,932
pre_xx_27295,chr4,13984547,13986167,1620
pre_xx_27296,chr4,15001224,15005174,3950
pre_xx_27297,chr4,15339553,15341942,2389
pre_xx_27298,chr4,15456979,15457968,989
pre_xx_27299,chr4,15469276,15470566,1290
pre_xx_27300,chr4,15478666,15480104,1438
pre_xx_27301,chr4,15653732,15656363,2631
pre_xx_27302,chr4,15681113,15683062,1949
pre_xx_27303,chr4,15690047,15690978,931
pre_xx_27304,chr4,15702629,15703631,1002
pre_xx_27305,chr4,15777921,15780066,2145
pre_xx_27306,chr4,16000772,16001863,1091
pre_xx_27307,chr4,16002222,16003496,1274
pre_xx_27308,chr4,16081949,16084489,2540
pre_xx_27309,chr4,16225657,16227844,2187
pre_xx_27310,chr4,16378756,16379870,1114
pre_xx_27311,chr4,16703892,16704886,994
pre_xx_27312,chr4,16897961,16899275,1314
pre_xx_27313,chr4,17094049,17095288,1239
pre_xx_27314,chr4,17510806,17512728,1922
pre_xx_27315,chr4,17548932,17549883,951
pre_xx_27316,chr4,17576087,17578442,2355
pre_xx_27317,chr4,17613555,17615389,1834
pre_xx_27318,chr4,17780432,17782185,1753
pre_xx_27319,chr4,17809554,17811502,1948
pre_xx_27320,chr4,18020150,18023021,2871
pre_xx_27321,chr4,18318531,18319777,1246
pre_xx_27322,chr4,19009265,19011216,1951
pre_xx_27323,chr4,20251139,20255224,4085
pre_xx_27324,chr4,20699551,20701303,1752
pre_xx_27325,chr4,20958553,20960738,2185
pre_xx_27326,chr4,20983150,20985064,1914
pre_xx_27327,chr4,21303729,21304721,992
pre_xx_27328,chr4,21599476,21600341,865
pre_xx_27329,chr4,21697292,21698393,1101
pre_xx_27330,chr4,21947785,21949563,1778
pre_xx_27331,chr4,22514074,22516637,2563
pre_xx_27332,chr4,22780086,22781345,1259
pre_xx_27333,chr4,23888136,23891026,2890
pre_xx_27334,chr4,24469591,24473676,4085
pre_xx_27335,chr4,24583204,24585024,1820
pre_xx_27336,chr4,24794198,24796064,1866
pre_xx_27337,chr4,24799251,24800877,1626
pre_xx_27338,chr4,24911570,24913314,1744
pre_xx_27339,chr4,25029903,25031650,1747
pre_xx_27340,chr4,25087727,25089555,1828
pre_xx_27341,chr4,25099224,25100580,1356
pre_xx_27342,chr4,25159331,25161815,2484
pre_xx_27343,chr4,25233551,25235381,1830
pre_xx_27344,chr4,25312267,25313770,1503
pre_xx_27345,chr4,25376134,25378030,1896
pre_xx_27346,chr4,25424625,25425811,1186
pre_xx_27347,chr4,25439927,25441859,1932
pre_xx_27348,chr4,25520493,25521535,1042
pre_xx_27349,chr4,25654767,25656061,1294
pre_xx_27350,chr4,25767355,25768833,1478
pre_xx_27351,chr4,25861556,25864175,2619
pre_xx_27352,chr4,25913206,25914917,1711
pre_xx_27353,chr4,25969756,25971348,1592
pre_xx_27354,chr4,26028577,26029418,841
pre_xx_27355,chr4,26318882,26322280,3398
pre_xx_27356,chr4,26451974,26453366,1392
pre_xx_27357,chr4,26583386,26584781,1395
pre_xx_27358,chr4,26856991,26858078,1087
pre_xx_27359,chr4,26859951,26861991,2040
pre_xx_27360,chr4,26867541,26868573,1032
pre_xx_27361,chr4,26992285,26993878,1593
pre_xx_27362,chr4,27084021,27085669,1648
pre_xx_27363,chr4,27251505,27252878,1373
pre_xx_27364,chr4,27812902,27814021,1119
pre_xx_27365,chr4,28436042,28437266,1224
pre_xx_27366,chr4,30716806,30718410,1604
pre_xx_27367,chr4,30718930,30721508,2578
pre_xx_27368,chr4,30721823,30722247,424
pre_xx_27369,chr4,36242736,36244995,2259
pre_xx_27370,chr4,36280133,36281654,1521
pre_xx_27371,chr4,37218618,37220505,1887
pre_xx_27372,chr4,37243057,37245671,2614
pre_xx_27373,chr4,37452784,37454830,2046
pre_xx_27374,chr4,37566620,37567862,1242
pre_xx_27375,chr4,37684981,37687346,2365
pre_xx_27376,chr4,37696334,37697692,1358
pre_xx_27377,chr4,37715521,37716809,1288
pre_xx_27378,chr4,37757863,37759179,1316
pre_xx_27379,chr4,37825394,37827559,2165
pre_xx_27380,chr4,37827775,37828551,776
pre_xx_27381,chr4,37889746,37891856,2110
pre_xx_27382,chr4,37976521,37978275,1754
pre_xx_27383,chr4,38023403,38025828,2425
pre_xx_27384,chr4,38050477,38052179,1702
pre_xx_27385,chr4,38061683,38063069,1386
pre_xx_27386,chr4,38068828,38070071,1243
pre_xx_27387,chr4,38093870,38094865,995
pre_xx_27388,chr4,38106150,38107590,1440
pre_xx_27389,chr4,38119502,38121452,1950
pre_xx_27390,chr4,38179484,38180363,879
pre_xx_27391,chr4,38318470,38320504,2034
pre_xx_27392,chr4,38423716,38425140,1424
pre_xx_27393,chr4,38662984,38665338,2354
pre_xx_27394,chr4,38666846,38667524,678
pre_xx_27395,chr4,38672110,38675089,2979
pre_xx_27396,chr4,38675254,38675862,608
pre_xx_27397,chr4,38752366,38753759,1393
pre_xx_27398,chr4,38782366,38783222,856
pre_xx_27399,chr4,38867031,38868974,1943
pre_xx_27400,chr4,39043162,39045857,2695
pre_xx_27401,chr4,39134456,39135676,1220
pre_xx_27402,chr4,39181727,39183434,1707
pre_xx_27403,chr4,39365191,39367291,2100
pre_xx_27404,chr4,39445715,39447588,1873
pre_xx_27405,chr4,39458173,39460032,1859
pre_xx_27406,chr4,39469069,39469946,877
pre_xx_27407,chr4,39526328,39528451,2123
pre_xx_27408,chr4,39557930,39558999,1069
pre_xx_27409,chr4,39637311,39640539,3228
pre_xx_27410,chr4,39697305,39698886,1581
pre_xx_27411,chr4,39976198,39978369,2171
pre_xx_27412,chr4,40055481,40058429,2948
pre_xx_27413,chr4,40130068,40130835,767
pre_xx_27414,chr4,40308986,40309906,920
pre_xx_27415,chr4,40316129,40317632,1503
pre_xx_27416,chr4,40395206,40396582,1376
pre_xx_27417,chr4,40492470,40493525,1055
pre_xx_27418,chr4,40514097,40516215,2118
pre_xx_27419,chr4,40550689,40551602,913
pre_xx_27420,chr4,40628972,40630993,2021
pre_xx_27421,chr4,40718275,40719334,1059
pre_xx_27422,chr4,40749231,40751262,2031
pre_xx_27423,chr4,40842002,40843418,1416
pre_xx_27424,chr4,40855968,40857449,1481
pre_xx_27425,chr4,40874331,40876158,1827
pre_xx_27426,chr4,40908064,40909839,1775
pre_xx_27427,chr4,40933219,40934285,1066
pre_xx_27428,chr4,41119940,41121547,1607
pre_xx_27429,chr4,41141716,41144202,2486
pre_xx_27430,chr4,41179418,41180531,1113
pre_xx_27431,chr4,41195593,41197340,1747
pre_xx_27432,chr4,41213331,41214912,1581
pre_xx_27433,chr4,41215861,41217076,1215
pre_xx_27434,chr4,41256054,41258204,2150
pre_xx_27435,chr4,41339859,41340822,963
pre_xx_27436,chr4,41359929,41362214,2285
pre_xx_27437,chr4,41418109,41418935,826
pre_xx_27438,chr4,41453901,41455800,1899
pre_xx_27439,chr4,41611747,41614092,2345
pre_xx_27440,chr4,41643957,41644841,884
pre_xx_27441,chr4,41865786,41867726,1940
pre_xx_27442,chr4,41880198,41882573,2375
pre_xx_27443,chr4,41934568,41936000,1432
pre_xx_27444,chr4,41989569,41991216,1647
pre_xx_27445,chr4,42150640,42152844,2204
pre_xx_27446,chr4,42396466,42399611,3145
pre_xx_27447,chr4,42655767,42657856,2089
pre_xx_27448,chr4,43432856,43434000,1144
pre_xx_27449,chr4,43853351,43854420,1069
pre_xx_27450,chr4,43990448,43991870,1422
pre_xx_27451,chr4,44029770,44030821,1051
pre_xx_27452,chr4,44056458,44057368,910
pre_xx_27453,chr4,44446003,44449500,3497
pre_xx_27454,chr4,44522652,44523409,757
pre_xx_27455,chr4,44677627,44679426,1799
pre_xx_27456,chr4,44725055,44727143,2088
pre_xx_27457,chr4,45662587,45663782,1195
pre_xx_27458,chr4,46123017,46125389,2372
pre_xx_27459,chr4,46388651,46391303,2652
pre_xx_27460,chr4,46992317,46994420,2103
pre_xx_27461,chr4,47030908,47033083,2175
pre_xx_27462,chr4,47462796,47464056,1260
pre_xx_27463,chr4,47484828,47486679,1851
pre_xx_27464,chr4,47836165,47838226,2061
pre_xx_27465,chr4,47913369,47915151,1782
pre_xx_27466,chr4,47926402,47927259,857
pre_xx_27467,chr4,48016050,48017703,1653
pre_xx_27468,chr4,48127069,48128429,1360
pre_xx_27469,chr4,48268834,48270469,1635
pre_xx_27470,chr4,48340316,48342784,2468
pre_xx_27471,chr4,48482910,48484538,1628
pre_xx_27472,chr4,48489621,48491650,2029
pre_xx_27473,chr4,48778451,48781252,2801
pre_xx_27474,chr4,48830451,48831928,1477
pre_xx_27475,chr4,48905894,48907264,1370
pre_xx_27476,chr4,51842099,51845063,2964
pre_xx_27477,chr4,52037462,52038926,1464
pre_xx_27478,chr4,52050979,52052251,1272
pre_xx_27479,chr4,52234183,52236055,1872
pre_xx_27480,chr4,52657316,52658472,1156
pre_xx_27481,chr4,52658657,52660325,1668
pre_xx_27482,chr4,52711819,52713967,2148
pre_xx_27483,chr4,52721697,52722811,1114
pre_xx_27484,chr4,52750636,52752025,1389
pre_xx_27485,chr4,52824286,52825769,1483
pre_xx_27486,chr4,52861369,52863605,2236
pre_xx_27487,chr4,52867695,52868603,908
pre_xx_27488,chr4,52873099,52874394,1295
pre_xx_27489,chr4,52913624,52914684,1060
pre_xx_27490,chr4,52954195,52955252,1057
pre_xx_27491,chr4,52956886,52958030,1144
pre_xx_27492,chr4,52995861,52997575,1714
pre_xx_27493,chr4,53364965,53366363,1398
pre_xx_27494,chr4,53376901,53378514,1613
pre_xx_27495,chr4,53496782,53498142,1360
pre_xx_27496,chr4,53575883,53577417,1534
pre_xx_27497,chr4,53592075,53593491,1416
pre_xx_27498,chr4,53702244,53703481,1237
pre_xx_27499,chr4,53905409,53906486,1077
pre_xx_27500,chr4,53908217,53909314,1097
pre_xx_27501,chr4,53929206,53930515,1309
pre_xx_27502,chr4,54062998,54065174,2176
pre_xx_27503,chr4,54066506,54067532,1026
pre_xx_27504,chr4,54090907,54092483,1576
pre_xx_27505,chr4,54099484,54101004,1520
pre_xx_27506,chr4,54103240,54104322,1082
pre_xx_27507,chr4,54109060,54110123,1063
pre_xx_27508,chr4,54217223,54218401,1178
pre_xx_27509,chr4,54225015,54226408,1393
pre_xx_27510,chr4,54226612,54228381,1769
pre_xx_27511,chr4,54232822,54234531,1709
pre_xx_27512,chr4,54253999,54255087,1088
pre_xx_27513,chr4,54539245,54540092,847
pre_xx_27514,chr4,54656959,54659615,2656
pre_xx_27515,chr4,55124333,55126430,2097
pre_xx_27516,chr4,55157228,55158327,1099
pre_xx_27517,chr4,55345623,55347211,1588
pre_xx_27518,chr4,55395251,55397381,2130
pre_xx_27519,chr4,55545108,55547719,2611
pre_xx_27520,chr4,55635070,55637490,2420
pre_xx_27521,chr4,55742335,55744825,2490
pre_xx_27522,chr4,55852914,55854681,1767
pre_xx_27523,chr4,55947045,55950035,2990
pre_xx_27524,chr4,56048360,56050381,2021
pre_xx_27525,chr4,56234702,56236092,1390
pre_xx_27526,chr4,56300934,56302665,1731
pre_xx_27527,chr4,56303318,56304208,890
pre_xx_27528,chr4,56386750,56388637,1887
pre_xx_27529,chr4,56409244,56410927,1683
pre_xx_27530,chr4,56434655,56437735,3080
pre_xx_27531,chr4,56466371,56468655,2284
pre_xx_27532,chr4,56504883,56506985,2102
pre_xx_27533,chr4,56513093,56514136,1043
pre_xx_27534,chr4,56529482,56531442,1960
pre_xx_27535,chr4,56544173,56545276,1103
pre_xx_27536,chr4,56605177,56606674,1497
pre_xx_27537,chr4,56653981,56656720,2739
pre_xx_27538,chr4,56680832,56682127,1295
pre_xx_27539,chr4,56786627,56788172,1545
pre_xx_27540,chr4,56799168,56800464,1296
pre_xx_27541,chr4,56820949,56822107,1158
pre_xx_27542,chr4,56907021,56909631,2610
pre_xx_27543,chr4,56976186,56978245,2059
pre_xx_27544,chr4,56978515,56979899,1384
pre_xx_27545,chr4,57100874,57102550,1676
pre_xx_27546,chr4,57109521,57111474,1953
pre_xx_27547,chr4,57131703,57132952,1249
pre_xx_27548,chr4,57163233,57164445,1212
pre_xx_27549,chr4,57193091,57194657,1566
pre_xx_27550,chr4,57503745,57505387,1642
pre_xx_27551,chr4,58301027,58301930,903
pre_xx_27552,chr4,58737285,58738739,1454
pre_xx_27553,chr4,59001376,59002933,1557
pre_xx_27554,chr4,60934119,60935357,1238
pre_xx_27555,chr4,61199865,61203422,3557
pre_xx_27556,chr4,61531757,61533013,1256
pre_xx_27557,chr4,64642492,64643426,934
pre_xx_27558,chr4,65668105,65668939,834
pre_xx_27559,chr4,65669055,65671044,1989
pre_xx_27560,chr4,66927541,66928561,1020
pre_xx_27561,chr4,67150606,67152857,2251
pre_xx_27562,chr4,67342628,67343936,1308
pre_xx_27563,chr4,67344089,67344909,820
pre_xx_27564,chr4,67544607,67546044,1437
pre_xx_27565,chr4,67700088,67701653,1565
pre_xx_27566,chr4,67756442,67757975,1533
pre_xx_27567,chr4,67933707,67935373,1666
pre_xx_27568,chr4,68148307,68149551,1244
pre_xx_27569,chr4,68271637,68272747,1110
pre_xx_27570,chr4,68348541,68350679,2138
pre_xx_27571,chr4,68373118,68373934,816
pre_xx_27572,chr4,68375734,68376582,848
pre_xx_27573,chr4,68732661,68733831,1170
pre_xx_27574,chr4,69321200,69322606,1406
pre_xx_27575,chr4,70687477,70689277,1800
pre_xx_27576,chr4,70703715,70706273,2558
pre_xx_27577,chr4,70721519,70722941,1422
pre_xx_27578,chr4,70838149,70840491,2342
pre_xx_27579,chr4,70895358,70896769,1411
pre_xx_27580,chr4,70901579,70903551,1972
pre_xx_27581,chr4,70992797,70994217,1420
pre_xx_27582,chr4,71186238,71188490,2252
pre_xx_27583,chr4,71230601,71231671,1070
pre_xx_27584,chr4,71857618,71858553,935
pre_xx_27585,chr4,72031314,72032765,1451
pre_xx_27586,chr4,72036909,72038318,1409
pre_xx_27587,chr4,72567497,72570079,2582
pre_xx_27588,chr4,73068300,73070679,2379
pre_xx_27589,chr4,73222491,73223458,967
pre_xx_27590,chr4,73257186,73260064,2878
pre_xx_27591,chr4,73619818,73620845,1027
pre_xx_27592,chr4,73653474,73654369,895
pre_xx_27593,chr4,73668532,73670798,2266
pre_xx_27594,chr4,73836219,73837229,1010
pre_xx_27595,chr4,73852860,73854119,1259
pre_xx_27596,chr4,73868295,73869938,1643
pre_xx_27597,chr4,73943929,73945251,1322
pre_xx_27598,chr4,73981280,73982320,1040
pre_xx_27599,chr4,73998015,73999032,1017
pre_xx_27600,chr4,74038041,74039554,1513
pre_xx_27601,chr4,74098583,74099914,1331
pre_xx_27602,chr4,74157036,74159104,2068
pre_xx_27603,chr4,74320176,74321018,842
pre_xx_27604,chr4,74363947,74366169,2222
pre_xx_27605,chr4,74422236,74423584,1348
pre_xx_27606,chr4,74444612,74445706,1094
pre_xx_27607,chr4,74793411,74795168,1757
pre_xx_27608,chr4,74932623,74935301,2678
pre_xx_27609,chr4,75229076,75230724,1648
pre_xx_27610,chr4,75248868,75250178,1310
pre_xx_27611,chr4,75286370,75287301,931
pre_xx_27612,chr4,75513574,75515172,1598
pre_xx_27613,chr4,75573155,75574001,846
pre_xx_27614,chr4,75629962,75631256,1294
pre_xx_27615,chr4,75671912,75674337,2425
pre_xx_27616,chr4,75723092,75725635,2543
pre_xx_27617,chr4,75847724,75848607,883
pre_xx_27618,chr4,75939608,75941345,1737
pre_xx_27619,chr4,75989619,75991501,1882
pre_xx_27620,chr4,76105584,76106994,1410
pre_xx_27621,chr4,76147231,76148902,1671
pre_xx_27622,chr4,76155916,76157228,1312
pre_xx_27623,chr4,76197432,76199005,1573
pre_xx_27624,chr4,76212853,76214368,1515
pre_xx_27625,chr4,76216824,76217542,718
pre_xx_27626,chr4,76223489,76224620,1131
pre_xx_27627,chr4,76251009,76252342,1333
pre_xx_27628,chr4,76305791,76307589,1798
pre_xx_27629,chr4,76420072,76421643,1571
pre_xx_27630,chr4,76434591,76436277,1686
pre_xx_27631,chr4,76585101,76586462,1361
pre_xx_27632,chr4,76589897,76590644,747
pre_xx_27633,chr4,76606551,76607740,1189
pre_xx_27634,chr4,76610910,76612149,1239
pre_xx_27635,chr4,76622311,76624789,2478
pre_xx_27636,chr4,76687453,76690588,3135
pre_xx_27637,chr4,76723323,76724778,1455
pre_xx_27638,chr4,76801337,76803164,1827
pre_xx_27639,chr4,76896626,76899321,2695
pre_xx_27640,chr4,76948293,76951252,2959
pre_xx_27641,chr4,76984101,76985502,1401
pre_xx_27642,chr4,77074508,77076776,2268
pre_xx_27643,chr4,77155644,77158692,3048
pre_xx_27644,chr4,77817962,77820926,2964
pre_xx_27645,chr4,77861570,77863674,2104
pre_xx_27646,chr4,77993924,77994822,898
pre_xx_27647,chr4,78055924,78058192,2268
pre_xx_27648,chr4,78058442,78059861,1419
pre_xx_27649,chr4,78336118,78337646,1528
pre_xx_27650,chr4,78353982,78355750,1768
pre_xx_27651,chr4,78360437,78361447,1010
pre_xx_27652,chr4,78551196,78552972,1776
pre_xx_27653,chr4,78568819,78569622,803
pre_xx_27654,chr4,78774796,78777311,2515
pre_xx_27655,chr4,78938333,78940442,2109
pre_xx_27656,chr4,80042525,80044140,1615
pre_xx_27657,chr4,80071277,80073801,2524
pre_xx_27658,chr4,80182940,80185203,2263
pre_xx_27659,chr4,80196192,80197591,1399
pre_xx_27660,chr4,80201364,80203414,2050
pre_xx_27661,chr4,80265458,80267341,1883
pre_xx_27662,chr4,80306836,80308847,2011
pre_xx_27663,chr4,80335315,80336930,1615
pre_xx_27664,chr4,80425190,80426053,863
pre_xx_27665,chr4,80470907,80472973,2066
pre_xx_27666,chr4,81030004,81032571,2567
pre_xx_27667,chr4,81069487,81070248,761
pre_xx_27668,chr4,81214219,81215778,1559
pre_xx_27669,chr4,81350838,81352396,1558
pre_xx_27670,chr4,81379789,81380968,1179
pre_xx_27671,chr4,81405536,81406419,883
pre_xx_27672,chr4,81470254,81472646,2392
pre_xx_27673,chr4,81512551,81513803,1252
pre_xx_27674,chr4,81598730,81600283,1553
pre_xx_27675,chr4,81648287,81649485,1198
pre_xx_27676,chr4,81651411,81652554,1143
pre_xx_27677,chr4,81722173,81723726,1553
pre_xx_27678,chr4,82043021,82045020,1999
pre_xx_27679,chr4,82284240,82285481,1241
pre_xx_27680,chr4,82372507,82375156,2649
pre_xx_27681,chr4,82428668,82431535,2867
pre_xx_27682,chr4,82560902,82562380,1478
pre_xx_27683,chr4,82583431,82585635,2204
pre_xx_27684,chr4,82717896,82719113,1217
pre_xx_27685,chr4,82730568,82731679,1111
pre_xx_27686,chr4,82752999,82754725,1726
pre_xx_27687,chr4,82779827,82781126,1299
pre_xx_27688,chr4,82796987,82799846,2859
pre_xx_27689,chr4,82811701,82812792,1091
pre_xx_27690,chr4,82839276,82840661,1385
pre_xx_27691,chr4,82889832,82892129,2297
pre_xx_27692,chr4,82899495,82901666,2171
pre_xx_27693,chr4,83010158,83011164,1006
pre_xx_27694,chr4,83011851,83013671,1820
pre_xx_27695,chr4,83034255,83035965,1710
pre_xx_27696,chr4,83109285,83110752,1467
pre_xx_27697,chr4,83283738,83285555,1817
pre_xx_27698,chr4,83333975,83335384,1409
pre_xx_27699,chr4,83340638,83341767,1129
pre_xx_27700,chr4,83454387,83456389,2002
pre_xx_27701,chr4,83484047,83485547,1500
pre_xx_27702,chr4,83535041,83537046,2005
pre_xx_27703,chr4,83581710,83582812,1102
pre_xx_27704,chr4,83618231,83619265,1034
pre_xx_27705,chr4,83625736,83627575,1839
pre_xx_27706,chr4,84481110,84482191,1081
pre_xx_27707,chr4,84482462,84484142,1680
pre_xx_27708,chr4,84492761,84493745,984
pre_xx_27709,chr4,84496422,84499726,3304
pre_xx_27710,chr4,84582102,84584189,2087
pre_xx_27711,chr4,84965331,84967510,2179
pre_xx_27712,chr4,85420320,85421260,940
pre_xx_27713,chr4,85474427,85475920,1493
pre_xx_27714,chr4,85607274,85608322,1048
pre_xx_27715,chr4,85827274,85828466,1192
pre_xx_27716,chr4,85928934,85930956,2022
pre_xx_27717,chr4,86593405,86595759,2354
pre_xx_27718,chr4,86891321,86892860,1539
pre_xx_27719,chr4,86903358,86904985,1627
pre_xx_27720,chr4,86934075,86936710,2635
pre_xx_27721,chr4,86959507,86962008,2501
pre_xx_27722,chr4,87005735,87008124,2389
pre_xx_27723,chr4,87030235,87032387,2152
pre_xx_27724,chr4,87053760,87056239,2479
pre_xx_27725,chr4,87219133,87221263,2130
pre_xx_27726,chr4,87235121,87236553,1432
pre_xx_27727,chr4,87390604,87391865,1261
pre_xx_27728,chr4,87421982,87423138,1156
pre_xx_27729,chr4,87972931,87973946,1015
pre_xx_27730,chr4,88006914,88009126,2212
pre_xx_27731,chr4,88158127,88159370,1243
pre_xx_27732,chr4,88282866,88285266,2400
pre_xx_27733,chr4,88297037,88298571,1534
pre_xx_27734,chr4,88378443,88379596,1153
pre_xx_27735,chr4,88455983,88457973,1990
pre_xx_27736,chr4,88515252,88516023,771
pre_xx_27737,chr4,88522670,88524483,1813
pre_xx_27738,chr4,88591378,88593677,2299
pre_xx_27739,chr4,88696571,88698453,1882
pre_xx_27740,chr4,88737184,88738360,1176
pre_xx_27741,chr4,88757676,88760260,2584
pre_xx_27742,chr4,88822527,88823913,1386
pre_xx_27743,chr4,89056392,89057491,1099
pre_xx_27744,chr4,89109886,89112518,2632
pre_xx_27745,chr4,89307264,89308503,1239
pre_xx_27746,chr4,89752799,89754103,1304
pre_xx_27747,chr4,89835960,89838381,2421
pre_xx_27748,chr4,90126768,90128855,2087
pre_xx_27749,chr4,91063988,91065137,1149
pre_xx_27750,chr4,91126852,91128722,1870
pre_xx_27751,chr4,91962316,91963884,1568
pre_xx_27752,chr4,92303503,92306385,2882
pre_xx_27753,chr4,92334277,92335364,1087
pre_xx_27754,chr4,93437047,93438461,1414
pre_xx_27755,chr4,93827989,93829903,1914
pre_xx_27756,chr4,93834203,93835159,956
pre_xx_27757,chr4,94207087,94208572,1485
pre_xx_27758,chr4,94451036,94453303,2267
pre_xx_27759,chr4,94757394,94759311,1917
pre_xx_27760,chr4,95016735,95019786,3051
pre_xx_27761,chr4,95046040,95046659,619
pre_xx_27762,chr4,95546880,95550112,3232
pre_xx_27763,chr4,95984646,95985669,1023
pre_xx_27764,chr4,98142562,98143962,1400
pre_xx_27765,chr4,98259704,98262331,2627
pre_xx_27766,chr4,98467202,98468208,1006
pre_xx_27767,chr4,98495229,98496745,1516
pre_xx_27768,chr4,98516593,98518864,2271
pre_xx_27769,chr4,98657221,98659452,2231
pre_xx_27770,chr4,98779111,98780674,1563
pre_xx_27771,chr4,98927704,98930150,2446
pre_xx_27772,chr4,98994610,98996842,2232
pre_xx_27773,chr4,99087947,99089620,1673
pre_xx_27774,chr4,99300448,99301769,1321
pre_xx_27775,chr4,99562933,99564238,1305
pre_xx_27776,chr4,99678797,99679690,893
pre_xx_27777,chr4,99893565,99894967,1402
pre_xx_27778,chr4,99945874,99947225,1351
pre_xx_27779,chr4,99948855,99951032,2177
pre_xx_27780,chr4,100093044,100093933,889
pre_xx_27781,chr4,100189481,100192170,2689
pre_xx_27782,chr4,100590337,100591872,1535
pre_xx_27783,chr4,101070731,101071636,905
pre_xx_27784,chr4,101197261,101199612,2351
pre_xx_27785,chr4,101345384,101348754,3370
pre_xx_27786,chr4,101790341,101791485,1144
pre_xx_27787,chr4,102343815,102346009,2194
pre_xx_27788,chr4,102430333,102431685,1352
pre_xx_27789,chr4,102500454,102502606,2152
pre_xx_27790,chr4,102620438,102621286,848
pre_xx_27791,chr4,102759802,102762054,2252
pre_xx_27792,chr4,102825490,102825999,509
pre_xx_27793,chr4,102826503,102828858,2355
pre_xx_27794,chr4,102868195,102870057,1862
pre_xx_27795,chr4,103011322,103012707,1385
pre_xx_27796,chr4,103018570,103020246,1676
pre_xx_27797,chr4,103075430,103077034,1604
pre_xx_27798,chr4,103098392,103100118,1726
pre_xx_27799,chr4,103197406,103199124,1718
pre_xx_27800,chr4,103477703,103478993,1290
pre_xx_27801,chr4,103718946,103720653,1707
pre_xx_27802,chr4,104394082,104395662,1580
pre_xx_27803,chr4,104490442,104492706,2264
pre_xx_27804,chr4,104494446,104495545,1099
pre_xx_27805,chr4,104591416,104592051,635
pre_xx_27806,chr4,105145123,105148160,3037
pre_xx_27807,chr4,105471505,105472327,822
pre_xx_27808,chr4,105472928,105474369,1441
pre_xx_27809,chr4,105707853,105709525,1672
pre_xx_27810,chr4,105894450,105896838,2388
pre_xx_27811,chr4,105944205,105945041,836
pre_xx_27812,chr4,105965690,105967587,1897
pre_xx_27813,chr4,105998030,105998963,933
pre_xx_27814,chr4,106036507,106037398,891
pre_xx_27815,chr4,106056609,106057944,1335
pre_xx_27816,chr4,106062206,106063410,1204
pre_xx_27817,chr4,106315451,106317350,1899
pre_xx_27818,chr4,106532553,106533761,1208
pre_xx_27819,chr4,107033822,107034582,760
pre_xx_27820,chr4,107035064,107037484,2420
pre_xx_27821,chr4,107719062,107721901,2839
pre_xx_27822,chr4,107823956,107825857,1901
pre_xx_27823,chr4,107930709,107932335,1626
pre_xx_27824,chr4,107989146,107990775,1629
pre_xx_27825,chr4,108029968,108030721,753
pre_xx_27826,chr4,108044985,108046826,1841
pre_xx_27827,chr4,108139965,108140840,875
pre_xx_27828,chr4,108140995,108142064,1069
pre_xx_27829,chr4,108166323,108168230,1907
pre_xx_27830,chr4,108168402,108169478,1076
pre_xx_27831,chr4,108171394,108173725,2331
pre_xx_27832,chr4,108224081,108225041,960
pre_xx_27833,chr4,108247359,108248777,1418
pre_xx_27834,chr4,108360622,108361747,1125
pre_xx_27835,chr4,108370088,108371537,1449
pre_xx_27836,chr4,108512431,108513497,1066
pre_xx_27837,chr4,108610582,108612721,2139
pre_xx_27838,chr4,108619798,108621130,1332
pre_xx_27839,chr4,108649766,108651723,1957
pre_xx_27840,chr4,108761700,108763513,1813
pre_xx_27841,chr4,109046299,109047226,927
pre_xx_27842,chr4,109067209,109068577,1368
pre_xx_27843,chr4,109301489,109303512,2023
pre_xx_27844,chr4,109388913,109390185,1272
pre_xx_27845,chr4,109419149,109420490,1341
pre_xx_27846,chr4,109432661,109435016,2355
pre_xx_27847,chr4,109559458,109561486,2028
pre_xx_27848,chr4,109701644,109704371,2727
pre_xx_27849,chr4,109727925,109730742,2817
pre_xx_27850,chr4,109735491,109736596,1105
pre_xx_27851,chr4,109800950,109802452,1502
pre_xx_27852,chr4,109814666,109816541,1875
pre_xx_27853,chr4,110193718,110194168,450
pre_xx_27854,chr4,110195968,110199242,3274
pre_xx_27855,chr4,110475433,110476794,1361
pre_xx_27856,chr4,110515638,110516701,1063
pre_xx_27857,chr4,110610656,110611988,1332
pre_xx_27858,chr4,110620619,110621530,911
pre_xx_27859,chr4,110621981,110623397,1416
pre_xx_27860,chr4,110631604,110632979,1375
pre_xx_27861,chr4,110636519,110637878,1359
pre_xx_27862,chr4,110793374,110794633,1259
pre_xx_27863,chr4,110850524,110851579,1055
pre_xx_27864,chr4,111813313,111814499,1186
pre_xx_27865,chr4,112144653,112146396,1743
pre_xx_27866,chr4,112230682,112232693,2011
pre_xx_27867,chr4,112284049,112286372,2323
pre_xx_27868,chr4,112296830,112298313,1483
pre_xx_27869,chr4,112510292,112511504,1212
pre_xx_27870,chr4,112514534,112516958,2424
pre_xx_27871,chr4,112522730,112524525,1795
pre_xx_27872,chr4,112636455,112637894,1439
pre_xx_27873,chr4,112704941,112707112,2171
pre_xx_27874,chr4,112765200,112765946,746
pre_xx_27875,chr4,112817613,112819011,1398
pre_xx_27876,chr4,113049019,113050661,1642
pre_xx_27877,chr4,113760130,113763137,3007
pre_xx_27878,chr4,113978468,113980472,2004
pre_xx_27879,chr4,114597872,114600150,2278
pre_xx_27880,chr4,115113254,115114288,1034
pre_xx_27881,chr4,116925331,116926573,1242
pre_xx_27882,chr4,117084219,117085763,1544
pre_xx_27883,chr4,118032783,118034547,1764
pre_xx_27884,chr4,118265044,118266445,1401
pre_xx_27885,chr4,118278109,118279633,1524
pre_xx_27886,chr4,118280745,118281301,556
pre_xx_27887,chr4,118351828,118353660,1832
pre_xx_27888,chr4,118591177,118592489,1312
pre_xx_27889,chr4,118684834,118686331,1497
pre_xx_27890,chr4,118834921,118836926,2005
pre_xx_27891,chr4,118888364,118889603,1239
pre_xx_27892,chr4,118889911,118891144,1233
pre_xx_27893,chr4,118904158,118905948,1790
pre_xx_27894,chr4,118909262,118910824,1562
pre_xx_27895,chr4,118917872,118918753,881
pre_xx_27896,chr4,118968811,118969721,910
pre_xx_27897,chr4,119211743,119213472,1729
pre_xx_27898,chr4,119299077,119301172,2095
pre_xx_27899,chr4,119454012,119455281,1269
pre_xx_27900,chr4,119626978,119629407,2429
pre_xx_27901,chr4,120065947,120067592,1645
pre_xx_27902,chr4,120921455,120923319,1864
pre_xx_27903,chr4,121070185,121073284,3099
pre_xx_27904,chr4,121156692,121157558,866
pre_xx_27905,chr4,121379868,121381244,1376
pre_xx_27906,chr4,121675298,121676315,1017
pre_xx_27907,chr4,121695730,121697990,2260
pre_xx_27908,chr4,121711321,121712203,882
pre_xx_27909,chr4,121731277,121733109,1832
pre_xx_27910,chr4,121740911,121742280,1369
pre_xx_27911,chr4,121764110,121765738,1628
pre_xx_27912,chr4,121800515,121801760,1245
pre_xx_27913,chr4,121822534,121824326,1792
pre_xx_27914,chr4,121869479,121871089,1610
pre_xx_27915,chr4,121949646,121952190,2544
pre_xx_27916,chr4,122151478,122153369,1891
pre_xx_27917,chr4,122699760,122700763,1003
pre_xx_27918,chr4,122731817,122733517,1700
pre_xx_27919,chr4,122826068,122828298,2230
pre_xx_27920,chr4,122921723,122923942,2219
pre_xx_27921,chr4,123304065,123306070,2005
pre_xx_27922,chr4,123348961,123350517,1556
pre_xx_27923,chr4,123396528,123400271,3743
pre_xx_27924,chr4,123504856,123506739,1883
pre_xx_27925,chr4,123545314,123547882,2568
pre_xx_27926,chr4,123699429,123701489,2060
pre_xx_27927,chr4,124111038,124112566,1528
pre_xx_27928,chr4,124143815,124144718,903
pre_xx_27929,chr4,124482702,124483789,1087
pre_xx_27930,chr4,124711432,124713645,2213
pre_xx_27931,chr4,124903665,124904924,1259
pre_xx_27932,chr4,125313377,125313749,372
pre_xx_27933,chr4,125314148,125317848,3700
pre_xx_27934,chr4,125734456,125735491,1035
pre_xx_27935,chr4,126071033,126072397,1364
pre_xx_27936,chr4,127622551,127624323,1772
pre_xx_27937,chr4,127632114,127633772,1658
pre_xx_27938,chr4,127777899,127778557,658
pre_xx_27939,chr4,127781417,127783610,2193
pre_xx_27940,chr4,127880195,127881981,1786
pre_xx_27941,chr4,127963517,127966315,2798
pre_xx_27942,chr4,128060311,128062601,2290
pre_xx_27943,chr4,128286325,128286826,501
pre_xx_27944,chr4,128287049,128289083,2034
pre_xx_27945,chr4,128453528,128455245,1717
pre_xx_27946,chr4,128552288,128554277,1989
pre_xx_27947,chr4,128652841,128654479,1638
pre_xx_27948,chr4,128809322,128812831,3509
pre_xx_27949,chr4,129092543,129094031,1488
pre_xx_27950,chr4,130849427,130850928,1501
pre_xx_27951,chr4,132510951,132512686,1735
pre_xx_27952,chr4,133145900,133147174,1274
pre_xx_27953,chr4,133147925,133149420,1495
pre_xx_27954,chr4,133150466,133153151,2685
pre_xx_27955,chr4,134200778,134202233,1455
pre_xx_27956,chr4,137474151,137475745,1594
pre_xx_27957,chr4,137531157,137533321,2164
pre_xx_27958,chr4,138180915,138181822,907
pre_xx_27959,chr4,138241286,138242725,1439
pre_xx_27960,chr4,138804299,138805561,1262
pre_xx_27961,chr4,138851164,138852375,1211
pre_xx_27962,chr4,138864941,138866106,1165
pre_xx_27963,chr4,139014295,139016506,2211
pre_xx_27964,chr4,139082513,139085059,2546
pre_xx_27965,chr4,139175803,139178775,2972
pre_xx_27966,chr4,139266270,139267406,1136
pre_xx_27967,chr4,139278488,139280678,2190
pre_xx_27968,chr4,139294839,139296160,1321
pre_xx_27969,chr4,139300534,139302922,2388
pre_xx_27970,chr4,139452713,139454839,2126
pre_xx_27971,chr4,139554560,139557521,2961
pre_xx_27972,chr4,139592693,139593870,1177
pre_xx_27973,chr4,139603061,139604482,1421
pre_xx_27974,chr4,139650956,139651923,967
pre_xx_27975,chr4,139656559,139657339,780
pre_xx_27976,chr4,139665278,139667339,2061
pre_xx_27977,chr4,139728633,139729241,608
pre_xx_27978,chr4,139733034,139733759,725
pre_xx_27979,chr4,139734032,139736060,2028
pre_xx_27980,chr4,139798391,139799883,1492
pre_xx_27981,chr4,139808251,139809760,1509
pre_xx_27982,chr4,139814026,139815159,1133
pre_xx_27983,chr4,139815406,139816941,1535
pre_xx_27984,chr4,139865695,139867343,1648
pre_xx_27985,chr4,139900876,139903108,2232
pre_xx_27986,chr4,139912402,139914462,2060
pre_xx_27987,chr4,139921000,139922194,1194
pre_xx_27988,chr4,139956228,139956954,726
pre_xx_27989,chr4,139960906,139962846,1940
pre_xx_27990,chr4,139986632,139987731,1099
pre_xx_27991,chr4,140003783,140006190,2407
pre_xx_27992,chr4,140037321,140038656,1335
pre_xx_27993,chr4,140048562,140050556,1994
pre_xx_27994,chr4,140084292,140085629,1337
pre_xx_27995,chr4,140092142,140093072,930
pre_xx_27996,chr4,140094547,140095220,673
pre_xx_27997,chr4,140134840,140136407,1567
pre_xx_27998,chr4,140137377,140138006,629
pre_xx_27999,chr4,140149992,140153368,3376
pre_xx_28000,chr4,140153696,140154582,886
pre_xx_28001,chr4,140185394,140187559,2165
pre_xx_28002,chr4,140237265,140238896,1631
pre_xx_28003,chr4,140242595,140244064,1469
pre_xx_28004,chr4,140251973,140253775,1802
pre_xx_28005,chr4,140296041,140297647,1606
pre_xx_28006,chr4,140359000,140360590,1590
pre_xx_28007,chr4,140372469,140374437,1968
pre_xx_28008,chr4,140426464,140427973,1509
pre_xx_28009,chr4,140497481,140498668,1187
pre_xx_28010,chr4,140522926,140524890,1964
pre_xx_28011,chr4,140566879,140569484,2605
pre_xx_28012,chr4,140726829,140728656,1827
pre_xx_28013,chr4,140755191,140757517,2326
pre_xx_28014,chr4,141131688,141134329,2641
pre_xx_28015,chr4,141153671,141155014,1343
pre_xx_28016,chr4,141220133,141221707,1574
pre_xx_28017,chr4,141635848,141637481,1633
pre_xx_28018,chr4,141651791,141652993,1202
pre_xx_28019,chr4,141852972,141853945,973
pre_xx_28020,chr4,142404931,142406734,1803
pre_xx_28021,chr4,142752016,142753232,1216
pre_xx_28022,chr4,142817296,142818846,1550
pre_xx_28023,chr4,142845060,142847611,2551
pre_xx_28024,chr4,143183750,143186033,2283
pre_xx_28025,chr4,143335562,143338097,2535
pre_xx_28026,chr4,143512645,143515029,2384
pre_xx_28027,chr4,143558544,143560055,1511
pre_xx_28028,chr4,143699617,143701609,1992
pre_xx_28029,chr4,144178018,144178925,907
pre_xx_28030,chr4,144355659,144357897,2238
pre_xx_28031,chr4,144644919,144647911,2992
pre_xx_28032,chr4,145097091,145099235,2144
pre_xx_28033,chr4,145178905,145181360,2455
pre_xx_28034,chr4,145436191,145437663,1472
pre_xx_28035,chr4,145481112,145483810,2698
pre_xx_28036,chr4,145618268,145620139,1871
pre_xx_28037,chr4,145732496,145733903,1407
pre_xx_28038,chr4,145935648,145939126,3478
pre_xx_28039,chr4,146175307,146176511,1204
pre_xx_28040,chr4,146520653,146523041,2388
pre_xx_28041,chr4,146636685,146639400,2715
pre_xx_28042,chr4,146654353,146655639,1286
pre_xx_28043,chr4,146945110,146946362,1252
pre_xx_28044,chr4,147157703,147158714,1011
pre_xx_28045,chr4,147480467,147482116,1649
pre_xx_28046,chr4,147596427,147597877,1450
pre_xx_28047,chr4,147616851,147618358,1507
pre_xx_28048,chr4,147682649,147684720,2071
pre_xx_28049,chr4,147730966,147733459,2493
pre_xx_28050,chr4,147816076,147817519,1443
pre_xx_28051,chr4,147821520,147822998,1478
pre_xx_28052,chr4,148375671,148376554,883
pre_xx_28053,chr4,148441576,148443117,1541
pre_xx_28054,chr4,148444045,148445994,1949
pre_xx_28055,chr4,148794945,148795823,878
pre_xx_28056,chr4,150077696,150079608,1912
pre_xx_28057,chr4,150337296,150338289,993
pre_xx_28058,chr4,150402766,150403405,639
pre_xx_28059,chr4,150578995,150580246,1251
pre_xx_28060,chr4,150581613,150584100,2487
pre_xx_28061,chr4,151014106,151016656,2550
pre_xx_28062,chr4,151098619,151100332,1713
pre_xx_28063,chr4,151173463,151175534,2071
pre_xx_28064,chr4,151324226,151326050,1824
pre_xx_28065,chr4,151407740,151410484,2744
pre_xx_28066,chr4,151624220,151625414,1194
pre_xx_28067,chr4,151674009,151675796,1787
pre_xx_28068,chr4,151759959,151761560,1601
pre_xx_28069,chr4,152008970,152011185,2215
pre_xx_28070,chr4,152045464,152046841,1377
pre_xx_28071,chr4,152072004,152074208,2204
pre_xx_28072,chr4,152085218,152086032,814
pre_xx_28073,chr4,152351848,152353315,1467
pre_xx_28074,chr4,152534350,152537057,2707
pre_xx_28075,chr4,152591148,152592080,932
pre_xx_28076,chr4,152679310,152680289,979
pre_xx_28077,chr4,152778587,152780794,2207
pre_xx_28078,chr4,152935267,152938468,3201
pre_xx_28079,chr4,152942607,152944165,1558
pre_xx_28080,chr4,152956275,152958199,1924
pre_xx_28081,chr4,152972849,152974193,1344
pre_xx_28082,chr4,153083235,153084057,822
pre_xx_28083,chr4,153127312,153128240,928
pre_xx_28084,chr4,153142934,153144304,1370
pre_xx_28085,chr4,153151912,153154370,2458
pre_xx_28086,chr4,153222021,153224464,2443
pre_xx_28087,chr4,153246652,153247433,781
pre_xx_28088,chr4,153248407,153250117,1710
pre_xx_28089,chr4,153256759,153257755,996
pre_xx_28090,chr4,153344008,153345998,1990
pre_xx_28091,chr4,153465343,153467653,2310
pre_xx_28092,chr4,153497136,153499250,2114
pre_xx_28093,chr4,153683560,153685309,1749
pre_xx_28094,chr4,153759123,153760533,1410
pre_xx_28095,chr4,153785865,153786640,775
pre_xx_28096,chr4,153788166,153789442,1276
pre_xx_28097,chr4,153790809,153791501,692
pre_xx_28098,chr4,153791908,153793099,1191
pre_xx_28099,chr4,154160310,154161598,1288
pre_xx_28100,chr4,154205276,154206147,871
pre_xx_28101,chr4,154332466,154333625,1159
pre_xx_28102,chr4,154416034,154417564,1530
pre_xx_28103,chr4,154424179,154425890,1711
pre_xx_28104,chr4,154428739,154429688,949
pre_xx_28105,chr4,154489992,154492583,2591
pre_xx_28106,chr4,154549443,154550818,1375
pre_xx_28107,chr4,154626291,154627646,1355
pre_xx_28108,chr4,154727181,154728376,1195
pre_xx_28109,chr4,154741806,154742853,1047
pre_xx_28110,chr4,154743367,154744656,1289
pre_xx_28111,chr4,155207383,155209216,1833
pre_xx_28112,chr4,155376192,155377278,1086
pre_xx_28113,chr4,155505743,155507134,1391
pre_xx_28114,chr4,155666389,155668306,1917
pre_xx_28115,chr4,155675475,155677041,1566
pre_xx_28116,chr4,155758510,155760314,1804
pre_xx_28117,chr4,155952204,155954291,2087
pre_xx_28118,chr4,156062651,156064510,1859
pre_xx_28119,chr4,156597678,156598749,1071
pre_xx_28120,chr4,156941673,156942544,871
pre_xx_28121,chr4,156970374,156972412,2038
pre_xx_28122,chr4,156998528,156999774,1246
pre_xx_28123,chr4,157012266,157013237,971
pre_xx_28124,chr4,157075501,157076982,1481
pre_xx_28125,chr4,157219960,157220949,989
pre_xx_28126,chr4,157221523,157222975,1452
pre_xx_28127,chr4,157578807,157580187,1380
pre_xx_28128,chr4,158093785,158095397,1612
pre_xx_28129,chr4,158172062,158173234,1172
pre_xx_28130,chr4,158209765,158210727,962
pre_xx_28131,chr4,158670656,158672855,2199
pre_xx_28132,chr4,158722183,158723994,1811
pre_xx_28133,chr4,158768126,158769769,1643
pre_xx_28134,chr4,158870140,158871713,1573
pre_xx_28135,chr4,159016092,159017528,1436
pre_xx_28136,chr4,159047486,159048631,1145
pre_xx_28137,chr4,159102239,159105041,2802
pre_xx_28138,chr4,159174864,159176063,1199
pre_xx_28139,chr4,159227455,159228557,1102
pre_xx_28140,chr4,159228948,159229526,578
pre_xx_28141,chr4,162163614,162164719,1105
pre_xx_28142,chr4,163165054,163167414,2360
pre_xx_28143,chr4,163194645,163196219,1574
pre_xx_28144,chr4,163330696,163333409,2713
pre_xx_28145,chr4,163343211,163344999,1788
pre_xx_28146,chr4,163494084,163495373,1289
pre_xx_28147,chr4,163549908,163550935,1027
pre_xx_28148,chr4,164382946,164384418,1472
pre_xx_28149,chr4,164956550,164957589,1039
pre_xx_28150,chr4,164976867,164978076,1209
pre_xx_28151,chr4,165060192,165061586,1394
pre_xx_28152,chr4,165072783,165074346,1563
pre_xx_28153,chr4,165111963,165113822,1859
pre_xx_28154,chr4,165206332,165208492,2160
pre_xx_28155,chr4,165326476,165328448,1972
pre_xx_28156,chr4,165378375,165380226,1851
pre_xx_28157,chr4,165461147,165461912,765
pre_xx_28158,chr4,165872243,165875211,2968
pre_xx_28159,chr4,167232817,167235081,2264
pre_xx_28160,chr4,168317530,168319001,1471
pre_xx_28161,chr4,168408443,168409695,1252
pre_xx_28162,chr4,168479679,168481525,1846
pre_xx_28163,chr4,168630866,168633337,2471
pre_xx_28164,chr4,168634199,168634991,792
pre_xx_28165,chr4,168651018,168652151,1133
pre_xx_28166,chr4,168693029,168695092,2063
pre_xx_28167,chr4,168815343,168817770,2427
pre_xx_28168,chr4,168831429,168833667,2238
pre_xx_28169,chr4,168847984,168850458,2474
pre_xx_28170,chr4,168877425,168878545,1120
pre_xx_28171,chr4,169009183,169010946,1763
pre_xx_28172,chr4,169062235,169063961,1726
pre_xx_28173,chr4,169079727,169081451,1724
pre_xx_28174,chr4,169160344,169161619,1275
pre_xx_28175,chr4,169184074,169186061,1987
pre_xx_28176,chr4,169201152,169202523,1371
pre_xx_28177,chr4,169241297,169241923,626
pre_xx_28178,chr4,169251324,169253553,2229
pre_xx_28179,chr4,169268800,169269695,895
pre_xx_28180,chr4,169269894,169271718,1824
pre_xx_28181,chr4,169314674,169316245,1571
pre_xx_28182,chr4,169611820,169613652,1832
pre_xx_28183,chr4,169619305,169621220,1915
pre_xx_28184,chr4,169659442,169660775,1333
pre_xx_28185,chr4,169756731,169758743,2012
pre_xx_28186,chr4,169791285,169792127,842
pre_xx_28187,chr4,170013882,170015122,1240
pre_xx_28188,chr4,170025600,170027720,2120
pre_xx_28189,chr4,170088886,170090447,1561
pre_xx_28190,chr4,170228647,170229714,1067
pre_xx_28191,chr4,170230238,170231141,903
pre_xx_28192,chr4,170259351,170260399,1048
pre_xx_28193,chr4,170496872,170498026,1154
pre_xx_28194,chr4,171157201,171158635,1434
pre_xx_28195,chr4,171792894,171794294,1400
pre_xx_28196,chr4,171812190,171814754,2564
pre_xx_28197,chr4,172366390,172367502,1112
pre_xx_28198,chr4,173039076,173040636,1560
pre_xx_28199,chr4,173120924,173121847,923
pre_xx_28200,chr4,173167883,173170346,2463
pre_xx_28201,chr4,173264039,173265245,1206
pre_xx_28202,chr4,173333328,173335663,2335
pre_xx_28203,chr4,173369226,173372323,3097
pre_xx_28204,chr4,173493952,173494748,796
pre_xx_28205,chr4,173505890,173507131,1241
pre_xx_28206,chr4,173509008,173509975,967
pre_xx_28207,chr4,173521297,173523127,1830
pre_xx_28208,chr4,173527164,173527639,475
pre_xx_28209,chr4,173528448,173531532,3084
pre_xx_28210,chr4,173537687,173539416,1729
pre_xx_28211,chr4,173934210,173936237,2027
pre_xx_28212,chr4,174119751,174120821,1070
pre_xx_28213,chr4,174213517,174214820,1303
pre_xx_28214,chr4,174217003,174218756,1753
pre_xx_28215,chr4,174282854,174284813,1959
pre_xx_28216,chr4,174521580,174523302,1722
pre_xx_28217,chr4,174828596,174829843,1247
pre_xx_28218,chr4,175671262,175672026,764
pre_xx_28219,chr4,176000986,176002612,1626
pre_xx_28220,chr4,176046470,176047312,842
pre_xx_28221,chr4,176065095,176066375,1280
pre_xx_28222,chr4,176194831,176195986,1155
pre_xx_28223,chr4,176319180,176321360,2180
pre_xx_28224,chr4,176383160,176384597,1437
pre_xx_28225,chr4,176791495,176793519,2024
pre_xx_28226,chr4,177118375,177119411,1036
pre_xx_28227,chr4,177249709,177250444,735
pre_xx_28228,chr4,177309253,177310452,1199
pre_xx_28229,chr4,177441088,177443117,2029
pre_xx_28230,chr4,180057221,180059945,2724
pre_xx_28231,chr4,180197208,180198222,1014
pre_xx_28232,chr4,180563648,180565167,1519
pre_xx_28233,chr4,180596711,180598858,2147
pre_xx_28234,chr4,181387930,181388960,1030
pre_xx_28235,chr4,182141037,182141588,551
pre_xx_28236,chr4,182142225,182145391,3166
pre_xx_28237,chr4,182189183,182190617,1434
pre_xx_28238,chr4,182447934,182450435,2501
pre_xx_28239,chr4,182806147,182807272,1125
pre_xx_28240,chr4,182862169,182863814,1645
pre_xx_28241,chr4,182916317,182918209,1892
pre_xx_28242,chr4,183097460,183100188,2728
pre_xx_28243,chr4,183118014,183119378,1364
pre_xx_28244,chr4,183261704,183262790,1086
pre_xx_28245,chr4,183397994,183399108,1114
pre_xx_28246,chr4,183406906,183407634,728
pre_xx_28247,chr4,183443576,183445635,2059
pre_xx_28248,chr4,183503617,183506555,2938
pre_xx_28249,chr4,183540424,183542059,1635
pre_xx_28250,chr4,183571024,183571987,963
pre_xx_28251,chr4,183618367,183619971,1604
pre_xx_28252,chr4,183658202,183660232,2030
pre_xx_28253,chr4,183721112,183722004,892
pre_xx_28254,chr4,183722391,183723579,1188
pre_xx_28255,chr4,183796934,183799201,2267
pre_xx_28256,chr4,183875709,183876993,1284
pre_xx_28257,chr4,183904890,183907606,2716
pre_xx_28258,chr4,183987130,183988692,1562
pre_xx_28259,chr4,184039005,184040522,1517
pre_xx_28260,chr4,184065959,184067465,1506
pre_xx_28261,chr4,184094367,184095301,934
pre_xx_28262,chr4,184168259,184169126,867
pre_xx_28263,chr4,184263741,184264548,807
pre_xx_28264,chr4,184287487,184289164,1677
pre_xx_28265,chr4,184343275,184344158,883
pre_xx_28266,chr4,184347210,184349239,2029
pre_xx_28267,chr4,184472231,184475439,3208
pre_xx_28268,chr4,184534380,184534896,516
pre_xx_28269,chr4,184536504,184538358,1854
pre_xx_28270,chr4,184647784,184650446,2662
pre_xx_28271,chr4,184732778,184734658,1880
pre_xx_28272,chr4,184814637,184815543,906
pre_xx_28273,chr4,184825063,184826902,1839
pre_xx_28274,chr4,184897385,184899028,1643
pre_xx_28275,chr4,185004423,185005555,1132
pre_xx_28276,chr4,185115721,185116462,741
pre_xx_28277,chr4,185127139,185129152,2013
pre_xx_28278,chr4,185142500,185143914,1414
pre_xx_28279,chr4,185202959,185204387,1428
pre_xx_28280,chr4,185208934,185211328,2394
pre_xx_28281,chr4,185218922,185220199,1277
pre_xx_28282,chr4,185332524,185333532,1008
pre_xx_28283,chr4,185395646,185397445,1799
pre_xx_28284,chr4,185421219,185422132,913
pre_xx_28285,chr4,185424967,185426558,1591
pre_xx_28286,chr4,185470189,185472124,1935
pre_xx_28287,chr4,185534504,185536619,2115
pre_xx_28288,chr4,185587183,185588227,1044
pre_xx_28289,chr4,185590827,185592167,1340
pre_xx_28290,chr4,185638360,185639406,1046
pre_xx_28291,chr4,185810590,185812552,1962
pre_xx_28292,chr4,186020623,186021904,1281
pre_xx_28293,chr4,186029082,186030939,1857
pre_xx_28294,chr4,186067854,186069855,2001
pre_xx_28295,chr4,186104240,186106335,2095
pre_xx_28296,chr4,186132315,186133218,903
pre_xx_28297,chr4,186143942,186145635,1693
pre_xx_28298,chr4,186190440,186192613,2173
pre_xx_28299,chr4,186202825,186204747,1922
pre_xx_28300,chr4,186260457,186261625,1168
pre_xx_28301,chr4,186265697,186267418,1721
pre_xx_28302,chr4,186554262,186555743,1481
pre_xx_28303,chr4,186569774,186570932,1158
pre_xx_28304,chr4,186669034,186670264,1230
pre_xx_28305,chr4,186684254,186685403,1149
pre_xx_28306,chr4,186700586,186701863,1277
pre_xx_28307,chr4,186722856,186724847,1991
pre_xx_28308,chr4,186725284,186727446,2162
pre_xx_28309,chr4,186733262,186734720,1458
pre_xx_28310,chr4,186739606,186740820,1214
pre_xx_28311,chr4,186843883,186845890,2007
pre_xx_28312,chr4,187183547,187184890,1343
pre_xx_28313,chr4,187995139,187997172,2033
pre_xx_28314,chr4,188222886,188223811,925
pre_xx_28315,chr4,188282233,188283356,1123
pre_xx_28316,chr4,189419941,189421183,1242
pre_xx_28317,chr4,189548446,189549332,886
pre_xx_28318,chr4,189621915,189623227,1312
pre_xx_28319,chr4,189792640,189793810,1170
pre_xx_28320,chr4,189939980,189942022,2042
pre_xx_28321,chr4,190020487,190021594,1107
pre_xx_28322,chr5,52813,54200,1387
pre_xx_28323,chr5,81301,83089,1788
pre_xx_28324,chr5,90534,93336,2802
pre_xx_28325,chr5,104921,106358,1437
pre_xx_28326,chr5,170330,171960,1630
pre_xx_28327,chr5,187994,189049,1055
pre_xx_28328,chr5,190551,191969,1418
pre_xx_28329,chr5,217531,219855,2324
pre_xx_28330,chr5,270333,271990,1657
pre_xx_28331,chr5,308197,309303,1106
pre_xx_28332,chr5,320362,322673,2311
pre_xx_28333,chr5,343445,344433,988
pre_xx_28334,chr5,372668,374728,2060
pre_xx_28335,chr5,399440,401203,1763
pre_xx_28336,chr5,414866,416481,1615
pre_xx_28337,chr5,442336,444088,1752
pre_xx_28338,chr5,471961,474172,2211
pre_xx_28339,chr5,492702,494122,1420
pre_xx_28340,chr5,521703,522460,757
pre_xx_28341,chr5,522805,524784,1979
pre_xx_28342,chr5,529909,531812,1903
pre_xx_28343,chr5,539157,541869,2712
pre_xx_28344,chr5,611120,612891,1771
pre_xx_28345,chr5,670915,674253,3338
pre_xx_28346,chr5,692136,694388,2252
pre_xx_28347,chr5,757691,759581,1890
pre_xx_28348,chr5,783603,785681,2078
pre_xx_28349,chr5,891710,893395,1685
pre_xx_28350,chr5,902597,903416,819
pre_xx_28351,chr5,922949,923748,799
pre_xx_28352,chr5,926259,927517,1258
pre_xx_28353,chr5,943305,944406,1101
pre_xx_28354,chr5,956600,958033,1433
pre_xx_28355,chr5,963253,964795,1542
pre_xx_28356,chr5,1003895,1005321,1426
pre_xx_28357,chr5,1007451,1009730,2279
pre_xx_28358,chr5,1020342,1022114,1772
pre_xx_28359,chr5,1088797,1090833,2036
pre_xx_28360,chr5,1101798,1102820,1022
pre_xx_28361,chr5,1110267,1112243,1976
pre_xx_28362,chr5,1117596,1119471,1875
pre_xx_28363,chr5,1130183,1131475,1292
pre_xx_28364,chr5,1140031,1140784,753
pre_xx_28365,chr5,1155124,1156411,1287
pre_xx_28366,chr5,1167465,1168530,1065
pre_xx_28367,chr5,1180794,1181871,1077
pre_xx_28368,chr5,1182550,1183476,926
pre_xx_28369,chr5,1185637,1186274,637
pre_xx_28370,chr5,1204412,1205289,877
pre_xx_28371,chr5,1217551,1218474,923
pre_xx_28372,chr5,1227199,1228497,1298
pre_xx_28373,chr5,1245602,1247303,1701
pre_xx_28374,chr5,1294237,1295771,1534
pre_xx_28375,chr5,1315437,1316795,1358
pre_xx_28376,chr5,1344037,1345821,1784
pre_xx_28377,chr5,1385440,1387142,1702
pre_xx_28378,chr5,1444519,1446785,2266
pre_xx_28379,chr5,1522797,1524774,1977
pre_xx_28380,chr5,1567499,1569060,1561
pre_xx_28381,chr5,1593638,1594965,1327
pre_xx_28382,chr5,1633129,1634817,1688
pre_xx_28383,chr5,1641004,1641890,886
pre_xx_28384,chr5,1644876,1645527,651
pre_xx_28385,chr5,1666872,1668766,1894
pre_xx_28386,chr5,1724644,1726286,1642
pre_xx_28387,chr5,1798960,1802145,3185
pre_xx_28388,chr5,1850868,1851949,1081
pre_xx_28389,chr5,1882527,1883977,1450
pre_xx_28390,chr5,1930453,1932061,1608
pre_xx_28391,chr5,1974743,1975697,954
pre_xx_28392,chr5,2038032,2039660,1628
pre_xx_28393,chr5,2169016,2170908,1892
pre_xx_28394,chr5,2311495,2312629,1134
pre_xx_28395,chr5,2333316,2335268,1952
pre_xx_28396,chr5,2375547,2376348,801
pre_xx_28397,chr5,2738982,2741162,2180
pre_xx_28398,chr5,2750442,2752306,1864
pre_xx_28399,chr5,2756231,2757041,810
pre_xx_28400,chr5,3116247,3118008,1761
pre_xx_28401,chr5,3197224,3198373,1149
pre_xx_28402,chr5,3511762,3513379,1617
pre_xx_28403,chr5,3590168,3591364,1196
pre_xx_28404,chr5,3594377,3596731,2354
pre_xx_28405,chr5,3601929,3603203,1274
pre_xx_28406,chr5,3853283,3854978,1695
pre_xx_28407,chr5,3858042,3858886,844
pre_xx_28408,chr5,3886368,3887456,1088
pre_xx_28409,chr5,4511455,4512700,1245
pre_xx_28410,chr5,5139262,5140860,1598
pre_xx_28411,chr5,5182572,5183940,1368
pre_xx_28412,chr5,5271058,5272360,1302
pre_xx_28413,chr5,5325741,5326895,1154
pre_xx_28414,chr5,5421165,5423562,2397
pre_xx_28415,chr5,5491541,5492670,1129
pre_xx_28416,chr5,5494436,5495233,797
pre_xx_28417,chr5,5497022,5497712,690
pre_xx_28418,chr5,5523124,5523997,873
pre_xx_28419,chr5,5572105,5574305,2200
pre_xx_28420,chr5,6377533,6379032,1499
pre_xx_28421,chr5,6448537,6451137,2600
pre_xx_28422,chr5,6463945,6464852,907
pre_xx_28423,chr5,6515816,6517919,2103
pre_xx_28424,chr5,6527621,6528425,804
pre_xx_28425,chr5,6582520,6584388,1868
pre_xx_28426,chr5,6632176,6634277,2101
pre_xx_28427,chr5,6686533,6687563,1030
pre_xx_28428,chr5,6711920,6714862,2942
pre_xx_28429,chr5,6732518,6734117,1599
pre_xx_28430,chr5,6812612,6813890,1278
pre_xx_28431,chr5,6818350,6819843,1493
pre_xx_28432,chr5,7190366,7191646,1280
pre_xx_28433,chr5,7394741,7397431,2690
pre_xx_28434,chr5,7849561,7851503,1942
pre_xx_28435,chr5,7868276,7870034,1758
pre_xx_28436,chr5,8456845,8458447,1602
pre_xx_28437,chr5,9265174,9266217,1043
pre_xx_28438,chr5,9430948,9432389,1441
pre_xx_28439,chr5,9544243,9547991,3748
pre_xx_28440,chr5,10248979,10251254,2275
pre_xx_28441,chr5,10288211,10289270,1059
pre_xx_28442,chr5,10306690,10308133,1443
pre_xx_28443,chr5,10309941,10310737,796
pre_xx_28444,chr5,10332952,10334033,1081
pre_xx_28445,chr5,10352526,10354574,2048
pre_xx_28446,chr5,10366387,10367357,970
pre_xx_28447,chr5,10373588,10374866,1278
pre_xx_28448,chr5,10440924,10442459,1535
pre_xx_28449,chr5,10562787,10565491,2704
pre_xx_28450,chr5,10600909,10601922,1013
pre_xx_28451,chr5,10627026,10628200,1174
pre_xx_28452,chr5,10648916,10650314,1398
pre_xx_28453,chr5,10760051,10762032,1981
pre_xx_28454,chr5,10856632,10857782,1150
pre_xx_28455,chr5,10986358,10988350,1992
pre_xx_28456,chr5,11305662,11307034,1372
pre_xx_28457,chr5,11384271,11385473,1202
pre_xx_28458,chr5,11902907,11904766,1859
pre_xx_28459,chr5,14010836,14012160,1324
pre_xx_28460,chr5,14035443,14036831,1388
pre_xx_28461,chr5,14142425,14145732,3307
pre_xx_28462,chr5,14249555,14251007,1452
pre_xx_28463,chr5,14257946,14259257,1311
pre_xx_28464,chr5,14264494,14265277,783
pre_xx_28465,chr5,14309464,14310461,997
pre_xx_28466,chr5,14373314,14374463,1149
pre_xx_28467,chr5,14440139,14441464,1325
pre_xx_28468,chr5,14445658,14446402,744
pre_xx_28469,chr5,14581160,14583102,1942
pre_xx_28470,chr5,14663720,14665565,1845
pre_xx_28471,chr5,14727205,14728740,1535
pre_xx_28472,chr5,14752487,14754480,1993
pre_xx_28473,chr5,14841727,14842743,1016
pre_xx_28474,chr5,14849706,14851372,1666
pre_xx_28475,chr5,14859616,14860659,1043
pre_xx_28476,chr5,14869336,14870165,829
pre_xx_28477,chr5,14870362,14872955,2593
pre_xx_28478,chr5,15499394,15502532,3138
pre_xx_28479,chr5,15752316,15753497,1181
pre_xx_28480,chr5,16178608,16180714,2106
pre_xx_28481,chr5,16464765,16466466,1701
pre_xx_28482,chr5,16615716,16617956,2240
pre_xx_28483,chr5,16665075,16667534,2459
pre_xx_28484,chr5,16669169,16670660,1491
pre_xx_28485,chr5,16912052,16913738,1686
pre_xx_28486,chr5,16933649,16934502,853
pre_xx_28487,chr5,16935141,16937054,1913
pre_xx_28488,chr5,17069396,17071034,1638
pre_xx_28489,chr5,17096399,17097565,1166
pre_xx_28490,chr5,17189309,17191041,1732
pre_xx_28491,chr5,17202978,17204654,1676
pre_xx_28492,chr5,17216121,17219342,3221
pre_xx_28493,chr5,17989608,17990709,1101
pre_xx_28494,chr5,19987460,19988866,1406
pre_xx_28495,chr5,20575362,20576228,866
pre_xx_28496,chr5,21458981,21459786,805
pre_xx_28497,chr5,21481495,21482818,1323
pre_xx_28498,chr5,22852452,22853754,1302
pre_xx_28499,chr5,22971391,22972388,997
pre_xx_28500,chr5,24644434,24645471,1037
pre_xx_28501,chr5,25759112,25760256,1144
pre_xx_28502,chr5,31193114,31195355,2241
pre_xx_28503,chr5,31427015,31428401,1386
pre_xx_28504,chr5,31531355,31533349,1994
pre_xx_28505,chr5,31617856,31619069,1213
pre_xx_28506,chr5,31625852,31627116,1264
pre_xx_28507,chr5,31638342,31640626,2284
pre_xx_28508,chr5,31677899,31678621,722
pre_xx_28509,chr5,31680353,31681010,657
pre_xx_28510,chr5,31701221,31703140,1919
pre_xx_28511,chr5,31721695,31722819,1124
pre_xx_28512,chr5,31809030,31809801,771
pre_xx_28513,chr5,31823343,31826090,2747
pre_xx_28514,chr5,31853325,31855948,2623
pre_xx_28515,chr5,31863424,31864473,1049
pre_xx_28516,chr5,32172472,32175234,2762
pre_xx_28517,chr5,32193225,32194178,953
pre_xx_28518,chr5,32311481,32313743,2262
pre_xx_28519,chr5,32387092,32388714,1622
pre_xx_28520,chr5,32443119,32445431,2312
pre_xx_28521,chr5,32489353,32490613,1260
pre_xx_28522,chr5,32504296,32506795,2499
pre_xx_28523,chr5,32585082,32586563,1481
pre_xx_28524,chr5,32709674,32711338,1664
pre_xx_28525,chr5,32711685,32713079,1394
pre_xx_28526,chr5,32713442,32714294,852
pre_xx_28527,chr5,33439300,33442165,2865
pre_xx_28528,chr5,33526310,33527389,1079
pre_xx_28529,chr5,33556236,33557472,1236
pre_xx_28530,chr5,33890157,33893170,3013
pre_xx_28531,chr5,33935713,33937076,1363
pre_xx_28532,chr5,34001048,34001918,870
pre_xx_28533,chr5,34006881,34008922,2041
pre_xx_28534,chr5,34191105,34193110,2005
pre_xx_28535,chr5,34243873,34245381,1508
pre_xx_28536,chr5,34587270,34588494,1224
pre_xx_28537,chr5,34655150,34657841,2691
pre_xx_28538,chr5,34709251,34710380,1129
pre_xx_28539,chr5,34743611,34744451,840
pre_xx_28540,chr5,34838457,34839764,1307
pre_xx_28541,chr5,34914638,34916391,1753
pre_xx_28542,chr5,34928906,34931024,2118
pre_xx_28543,chr5,35229234,35230994,1760
pre_xx_28544,chr5,35416331,35417360,1029
pre_xx_28545,chr5,35617329,35618619,1290
pre_xx_28546,chr5,35938295,35939904,1609
pre_xx_28547,chr5,35990539,35991768,1229
pre_xx_28548,chr5,36058811,36060832,2021
pre_xx_28549,chr5,36066035,36067209,1174
pre_xx_28550,chr5,36150603,36153341,2738
pre_xx_28551,chr5,36240592,36242598,2006
pre_xx_28552,chr5,36301722,36302702,980
pre_xx_28553,chr5,36305285,36306174,889
pre_xx_28554,chr5,36414423,36415432,1009
pre_xx_28555,chr5,36569495,36570975,1480
pre_xx_28556,chr5,36580440,36581860,1420
pre_xx_28557,chr5,36605795,36607587,1792
pre_xx_28558,chr5,36689848,36690897,1049
pre_xx_28559,chr5,36692763,36693471,708
pre_xx_28560,chr5,36744001,36745962,1961
pre_xx_28561,chr5,36875049,36877734,2685
pre_xx_28562,chr5,36878714,36879067,353
pre_xx_28563,chr5,37248488,37250140,1652
pre_xx_28564,chr5,37370210,37371970,1760
pre_xx_28565,chr5,37378750,37379743,993
pre_xx_28566,chr5,37665243,37666318,1075
pre_xx_28567,chr5,37717102,37718616,1514
pre_xx_28568,chr5,37833946,37835023,1077
pre_xx_28569,chr5,37836389,37837895,1506
pre_xx_28570,chr5,37838149,37838544,395
pre_xx_28571,chr5,37839386,37840704,1318
pre_xx_28572,chr5,37885638,37887188,1550
pre_xx_28573,chr5,38257169,38259394,2225
pre_xx_28574,chr5,38441476,38442116,640
pre_xx_28575,chr5,38478751,38479800,1049
pre_xx_28576,chr5,38555797,38557646,1849
pre_xx_28577,chr5,38808833,38810288,1455
pre_xx_28578,chr5,38845145,38847071,1926
pre_xx_28579,chr5,39072933,39075474,2541
pre_xx_28580,chr5,39423428,39425451,2023
pre_xx_28581,chr5,40678545,40680493,1948
pre_xx_28582,chr5,40680568,40682030,1462
pre_xx_28583,chr5,40754024,40756372,2348
pre_xx_28584,chr5,40797089,40799014,1925
pre_xx_28585,chr5,40834149,40836209,2060
pre_xx_28586,chr5,41509449,41510905,1456
pre_xx_28587,chr5,41868751,41870925,2174
pre_xx_28588,chr5,41903471,41905050,1579
pre_xx_28589,chr5,41924635,41926007,1372
pre_xx_28590,chr5,42422914,42425391,2477
pre_xx_28591,chr5,42655844,42657025,1181
pre_xx_28592,chr5,42691056,42691996,940
pre_xx_28593,chr5,42756053,42757669,1616
pre_xx_28594,chr5,42811100,42812440,1340
pre_xx_28595,chr5,42908354,42909375,1021
pre_xx_28596,chr5,42943586,42944468,882
pre_xx_28597,chr5,42950406,42952584,2178
pre_xx_28598,chr5,42991446,42994071,2625
pre_xx_28599,chr5,42994458,42995250,792
pre_xx_28600,chr5,42999871,43001276,1405
pre_xx_28601,chr5,43007204,43008887,1683
pre_xx_28602,chr5,43017342,43018914,1572
pre_xx_28603,chr5,43019496,43020619,1123
pre_xx_28604,chr5,43039457,43040623,1166
pre_xx_28605,chr5,43041591,43043410,1819
pre_xx_28606,chr5,43064462,43067724,3262
pre_xx_28607,chr5,43105148,43106125,977
pre_xx_28608,chr5,43120386,43122462,2076
pre_xx_28609,chr5,43191632,43194183,2551
pre_xx_28610,chr5,43312255,43314388,2133
pre_xx_28611,chr5,43482643,43484744,2101
pre_xx_28612,chr5,43514068,43515819,1751
pre_xx_28613,chr5,43555778,43557721,1943
pre_xx_28614,chr5,43602305,43604262,1957
pre_xx_28615,chr5,44387972,44390294,2322
pre_xx_28616,chr5,44808390,44810011,1621
pre_xx_28617,chr5,45694878,45696576,1698
pre_xx_28618,chr5,50440319,50441884,1565
pre_xx_28619,chr5,50665908,50668479,2571
pre_xx_28620,chr5,50962822,50964551,1729
pre_xx_28621,chr5,50969162,50970187,1025
pre_xx_28622,chr5,51378352,51379379,1027
pre_xx_28623,chr5,51382541,51383720,1179
pre_xx_28624,chr5,51388721,51390237,1516
pre_xx_28625,chr5,51398690,51399791,1101
pre_xx_28626,chr5,52725246,52726532,1286
pre_xx_28627,chr5,52786913,52788901,1988
pre_xx_28628,chr5,52798825,52801099,2274
pre_xx_28629,chr5,52988486,52990430,1944
pre_xx_28630,chr5,53108903,53110338,1435
pre_xx_28631,chr5,53432824,53433976,1152
pre_xx_28632,chr5,53478300,53481011,2711
pre_xx_28633,chr5,53481784,53482201,417
pre_xx_28634,chr5,53482485,53483239,754
pre_xx_28635,chr5,53560097,53561381,1284
pre_xx_28636,chr5,53818884,53820726,1842
pre_xx_28637,chr5,54309166,54312218,3052
pre_xx_28638,chr5,54455240,54456605,1365
pre_xx_28639,chr5,54456820,54457926,1106
pre_xx_28640,chr5,54517013,54518766,1753
pre_xx_28641,chr5,54520199,54520892,693
pre_xx_28642,chr5,54581008,54582164,1156
pre_xx_28643,chr5,54745167,54746203,1036
pre_xx_28644,chr5,54882913,54884617,1704
pre_xx_28645,chr5,54895135,54896065,930
pre_xx_28646,chr5,55146056,55146903,847
pre_xx_28647,chr5,55159545,55160364,819
pre_xx_28648,chr5,55160711,55161615,904
pre_xx_28649,chr5,55172797,55173893,1096
pre_xx_28650,chr5,55176110,55176877,767
pre_xx_28651,chr5,55220273,55221119,846
pre_xx_28652,chr5,55222582,55223631,1049
pre_xx_28653,chr5,55226293,55227828,1535
pre_xx_28654,chr5,55231308,55231974,666
pre_xx_28655,chr5,55232220,55234662,2442
pre_xx_28656,chr5,55306201,55308496,2295
pre_xx_28657,chr5,55533273,55535537,2264
pre_xx_28658,chr5,55711436,55713100,1664
pre_xx_28659,chr5,55993871,55995741,1870
pre_xx_28660,chr5,56123118,56124328,1210
pre_xx_28661,chr5,56142285,56143521,1236
pre_xx_28662,chr5,56164077,56165143,1066
pre_xx_28663,chr5,56270071,56271122,1051
pre_xx_28664,chr5,56356010,56357773,1763
pre_xx_28665,chr5,56358508,56360110,1602
pre_xx_28666,chr5,56440813,56441784,971
pre_xx_28667,chr5,56475664,56476969,1305
pre_xx_28668,chr5,56479286,56482213,2927
pre_xx_28669,chr5,56585519,56586820,1301
pre_xx_28670,chr5,56588593,56589771,1178
pre_xx_28671,chr5,56637068,56637811,743
pre_xx_28672,chr5,56733510,56735005,1495
pre_xx_28673,chr5,56759327,56760433,1106
pre_xx_28674,chr5,56814239,56817107,2868
pre_xx_28675,chr5,56908886,56910922,2036
pre_xx_28676,chr5,56950306,56952755,2449
pre_xx_28677,chr5,56983458,56985023,1565
pre_xx_28678,chr5,57172371,57175026,2655
pre_xx_28679,chr5,57298001,57299476,1475
pre_xx_28680,chr5,57887662,57888596,934
pre_xx_28681,chr5,58076155,58078606,2451
pre_xx_28682,chr5,58126848,58128255,1407
pre_xx_28683,chr5,58458602,58461093,2491
pre_xx_28684,chr5,58581647,58583646,1999
pre_xx_28685,chr5,58849232,58850629,1397
pre_xx_28686,chr5,58890495,58892041,1546
pre_xx_28687,chr5,59038609,59040108,1499
pre_xx_28688,chr5,59126224,59128190,1966
pre_xx_28689,chr5,59187609,59189129,1520
pre_xx_28690,chr5,59209330,59210727,1397
pre_xx_28691,chr5,59274987,59276436,1449
pre_xx_28692,chr5,59356580,59358912,2332
pre_xx_28693,chr5,59587116,59588310,1194
pre_xx_28694,chr5,59767699,59769234,1535
pre_xx_28695,chr5,59892025,59894344,2319
pre_xx_28696,chr5,60280466,60281343,877
pre_xx_28697,chr5,60699060,60700881,1821
pre_xx_28698,chr5,60842912,60844833,1921
pre_xx_28699,chr5,60944158,60946273,2115
pre_xx_28700,chr5,61161563,61163213,1650
pre_xx_28701,chr5,61313619,61314753,1134
pre_xx_28702,chr5,61319014,61320126,1112
pre_xx_28703,chr5,61330379,61333941,3562
pre_xx_28704,chr5,61334774,61335076,302
pre_xx_28705,chr5,61408261,61409328,1067
pre_xx_28706,chr5,61624971,61627016,2045
pre_xx_28707,chr5,61658290,61659810,1520
pre_xx_28708,chr5,61731610,61732800,1190
pre_xx_28709,chr5,62305401,62307753,2352
pre_xx_28710,chr5,62403102,62404596,1494
pre_xx_28711,chr5,62411830,62413519,1689
pre_xx_28712,chr5,63553708,63555129,1421
pre_xx_28713,chr5,63820072,63821506,1434
pre_xx_28714,chr5,63958684,63960416,1732
pre_xx_28715,chr5,63961425,63962104,679
pre_xx_28716,chr5,64165103,64166730,1627
pre_xx_28717,chr5,64212812,64214434,1622
pre_xx_28718,chr5,64505708,64507399,1691
pre_xx_28719,chr5,64685713,64686281,568
pre_xx_28720,chr5,64690068,64691634,1566
pre_xx_28721,chr5,64759603,64761310,1707
pre_xx_28722,chr5,64767690,64769504,1814
pre_xx_28723,chr5,65034807,65036219,1412
pre_xx_28724,chr5,65102220,65104543,2323
pre_xx_28725,chr5,65261906,65263650,1744
pre_xx_28726,chr5,65480166,65480949,783
pre_xx_28727,chr5,65481222,65484034,2812
pre_xx_28728,chr5,65562601,65564111,1510
pre_xx_28729,chr5,65623368,65625483,2115
pre_xx_28730,chr5,65721053,65723411,2358
pre_xx_28731,chr5,65827916,65829447,1531
pre_xx_28732,chr5,65924627,65927260,2633
pre_xx_28733,chr5,65927553,65927926,373
pre_xx_28734,chr5,66143515,66145333,1818
pre_xx_28735,chr5,66595750,66597893,2143
pre_xx_28736,chr5,66828041,66829580,1539
pre_xx_28737,chr5,66958011,66959920,1909
pre_xx_28738,chr5,67003576,67005330,1754
pre_xx_28739,chr5,67165574,67166982,1408
pre_xx_28740,chr5,67267539,67269123,1584
pre_xx_28741,chr5,68087376,68088694,1318
pre_xx_28742,chr5,68186979,68188113,1134
pre_xx_28743,chr5,68214594,68217228,2634
pre_xx_28744,chr5,68287774,68289155,1381
pre_xx_28745,chr5,68290033,68290714,681
pre_xx_28746,chr5,68949857,68951506,1649
pre_xx_28747,chr5,69042520,69044044,1524
pre_xx_28748,chr5,69093451,69095046,1595
pre_xx_28749,chr5,69166501,69168152,1651
pre_xx_28750,chr5,69188512,69190543,2031
pre_xx_28751,chr5,69217221,69218558,1337
pre_xx_28752,chr5,69234250,69235804,1554
pre_xx_28753,chr5,69331593,69332990,1397
pre_xx_28754,chr5,69334563,69335094,531
pre_xx_28755,chr5,69368437,69370228,1791
pre_xx_28756,chr5,69414735,69416526,1791
pre_xx_28757,chr5,69491882,69494051,2169
pre_xx_28758,chr5,69517473,69519547,2074
pre_xx_28759,chr5,69530353,69531908,1555
pre_xx_28760,chr5,71454977,71456675,1698
pre_xx_28761,chr5,71586412,71588021,1609
pre_xx_28762,chr5,71718808,71719923,1115
pre_xx_28763,chr5,71782417,71783712,1295
pre_xx_28764,chr5,72106797,72109141,2344
pre_xx_28765,chr5,72165879,72167224,1345
pre_xx_28766,chr5,72307455,72308909,1454
pre_xx_28767,chr5,72319410,72320870,1460
pre_xx_28768,chr5,72366081,72366756,675
pre_xx_28769,chr5,72538950,72539485,535
pre_xx_28770,chr5,72555906,72558183,2277
pre_xx_28771,chr5,72720120,72722028,1908
pre_xx_28772,chr5,72815610,72817487,1877
pre_xx_28773,chr5,72847469,72849334,1865
pre_xx_28774,chr5,72955186,72957094,1908
pre_xx_28775,chr5,73119377,73121228,1851
pre_xx_28776,chr5,73215471,73216667,1196
pre_xx_28777,chr5,73232218,73234158,1940
pre_xx_28778,chr5,73297995,73299528,1533
pre_xx_28779,chr5,73311119,73312142,1023
pre_xx_28780,chr5,73381121,73382680,1559
pre_xx_28781,chr5,73418950,73420356,1406
pre_xx_28782,chr5,73435794,73438165,2371
pre_xx_28783,chr5,73446759,73448983,2224
pre_xx_28784,chr5,73450956,73451840,884
pre_xx_28785,chr5,73496937,73497317,380
pre_xx_28786,chr5,73497617,73499456,1839
pre_xx_28787,chr5,73519287,73520070,783
pre_xx_28788,chr5,73563977,73566290,2313
pre_xx_28789,chr5,73625340,73627111,1771
pre_xx_28790,chr5,73641597,73642848,1251
pre_xx_28791,chr5,73693265,73694474,1209
pre_xx_28792,chr5,73747718,73750552,2834
pre_xx_28793,chr5,73791135,73793084,1949
pre_xx_28794,chr5,74121981,74123364,1383
pre_xx_28795,chr5,74250319,74251889,1570
pre_xx_28796,chr5,74272596,74273619,1023
pre_xx_28797,chr5,74296332,74297960,1628
pre_xx_28798,chr5,74326423,74327435,1012
pre_xx_28799,chr5,74396363,74397478,1115
pre_xx_28800,chr5,74441681,74442908,1227
pre_xx_28801,chr5,74498929,74500603,1674
pre_xx_28802,chr5,74540298,74541886,1588
pre_xx_28803,chr5,74615776,74617623,1847
pre_xx_28804,chr5,74638523,74639535,1012
pre_xx_28805,chr5,74639771,74642315,2544
pre_xx_28806,chr5,74684497,74686337,1840
pre_xx_28807,chr5,74766136,74767884,1748
pre_xx_28808,chr5,74865024,74867184,2160
pre_xx_28809,chr5,74895662,74896457,795
pre_xx_28810,chr5,75052343,75054475,2132
pre_xx_28811,chr5,75167875,75170021,2146
pre_xx_28812,chr5,75236084,75237400,1316
pre_xx_28813,chr5,75336115,75338201,2086
pre_xx_28814,chr5,75509875,75512279,2404
pre_xx_28815,chr5,75610789,75612541,1752
pre_xx_28816,chr5,75655883,75657133,1250
pre_xx_28817,chr5,75716259,75717967,1708
pre_xx_28818,chr5,76082702,76085317,2615
pre_xx_28819,chr5,76337586,76338550,964
pre_xx_28820,chr5,76386021,76386770,749
pre_xx_28821,chr5,76402047,76404434,2387
pre_xx_28822,chr5,76714725,76717050,2325
pre_xx_28823,chr5,76818203,76820184,1981
pre_xx_28824,chr5,76952729,76954712,1983
pre_xx_28825,chr5,77029889,77031306,1417
pre_xx_28826,chr5,77076665,77078009,1344
pre_xx_28827,chr5,77085991,77088255,2264
pre_xx_28828,chr5,77179973,77182140,2167
pre_xx_28829,chr5,77209498,77211755,2257
pre_xx_28830,chr5,77327929,77329698,1769
pre_xx_28831,chr5,77390893,77391937,1044
pre_xx_28832,chr5,77490950,77492811,1861
pre_xx_28833,chr5,77629445,77631101,1656
pre_xx_28834,chr5,77638465,77639455,990
pre_xx_28835,chr5,77644978,77645959,981
pre_xx_28836,chr5,77775093,77776712,1619
pre_xx_28837,chr5,77843715,77845287,1572
pre_xx_28838,chr5,77850545,77853220,2675
pre_xx_28839,chr5,77891555,77893014,1459
pre_xx_28840,chr5,77957311,77959488,2177
pre_xx_28841,chr5,77971312,77973565,2253
pre_xx_28842,chr5,77983598,77985464,1866
pre_xx_28843,chr5,78293822,78295955,2133
pre_xx_28844,chr5,78359422,78361793,2371
pre_xx_28845,chr5,78508985,78510870,1885
pre_xx_28846,chr5,78537052,78538153,1101
pre_xx_28847,chr5,78567702,78570479,2777
pre_xx_28848,chr5,78647214,78649655,2441
pre_xx_28849,chr5,78907550,78909152,1602
pre_xx_28850,chr5,78983434,78986120,2686
pre_xx_28851,chr5,79024787,79025575,788
pre_xx_28852,chr5,79069159,79070669,1510
pre_xx_28853,chr5,79132752,79134402,1650
pre_xx_28854,chr5,79235319,79237985,2666
pre_xx_28855,chr5,79503902,79504569,667
pre_xx_28856,chr5,79512738,79515006,2268
pre_xx_28857,chr5,79611639,79613129,1490
pre_xx_28858,chr5,79688908,79690534,1626
pre_xx_28859,chr5,79694317,79695057,740
pre_xx_28860,chr5,79697118,79698099,981
pre_xx_28861,chr5,79834120,79835500,1380
pre_xx_28862,chr5,79837680,79838582,902
pre_xx_28863,chr5,79839899,79840949,1050
pre_xx_28864,chr5,79935535,79936898,1363
pre_xx_28865,chr5,79990136,79991750,1614
pre_xx_28866,chr5,80034336,80036132,1796
pre_xx_28867,chr5,80082285,80083868,1583
pre_xx_28868,chr5,80109553,80112515,2962
pre_xx_28869,chr5,80135655,80136417,762
pre_xx_28870,chr5,80141005,80142153,1148
pre_xx_28871,chr5,80164717,80167273,2556
pre_xx_28872,chr5,80179795,80181424,1629
pre_xx_28873,chr5,80181455,80182196,741
pre_xx_28874,chr5,80184154,80184868,714
pre_xx_28875,chr5,80191463,80193878,2415
pre_xx_28876,chr5,80204239,80205481,1242
pre_xx_28877,chr5,80209937,80211104,1167
pre_xx_28878,chr5,80238576,80240230,1654
pre_xx_28879,chr5,80245591,80247804,2213
pre_xx_28880,chr5,80254799,80256840,2041
pre_xx_28881,chr5,80406839,80408760,1921
pre_xx_28882,chr5,80487345,80488814,1469
pre_xx_28883,chr5,80568909,80570697,1788
pre_xx_28884,chr5,80654010,80655461,1451
pre_xx_28885,chr5,80959996,80961426,1430
pre_xx_28886,chr5,81232098,81233914,1816
pre_xx_28887,chr5,81300546,81302530,1984
pre_xx_28888,chr5,81393418,81394799,1381
pre_xx_28889,chr5,81749169,81752041,2872
pre_xx_28890,chr5,81787387,81788827,1440
pre_xx_28891,chr5,81850851,81853403,2552
pre_xx_28892,chr5,81856943,81857972,1029
pre_xx_28893,chr5,81971040,81972716,1676
pre_xx_28894,chr5,82163905,82166279,2374
pre_xx_28895,chr5,82277646,82279174,1528
pre_xx_28896,chr5,82386542,82388676,2134
pre_xx_28897,chr5,82706566,82708043,1477
pre_xx_28898,chr5,82855133,82856728,1595
pre_xx_28899,chr5,83076415,83078181,1766
pre_xx_28900,chr5,83098776,83100068,1292
pre_xx_28901,chr5,83430230,83431454,1224
pre_xx_28902,chr5,83470916,83471938,1022
pre_xx_28903,chr5,83472396,83474854,2458
pre_xx_28904,chr5,83720807,83722754,1947
pre_xx_28905,chr5,83924981,83926731,1750
pre_xx_28906,chr5,84370012,84370817,805
pre_xx_28907,chr5,84381949,84383352,1403
pre_xx_28908,chr5,84383531,84385437,1906
pre_xx_28909,chr5,86617324,86618815,1491
pre_xx_28910,chr5,87019444,87020797,1353
pre_xx_28911,chr5,87267032,87269324,2292
pre_xx_28912,chr5,87411627,87413475,1848
pre_xx_28913,chr5,87780966,87781716,750
pre_xx_28914,chr5,88140364,88142726,2362
pre_xx_28915,chr5,88268025,88269719,1694
pre_xx_28916,chr5,88659596,88661496,1900
pre_xx_28917,chr5,88674072,88676284,2212
pre_xx_28918,chr5,88680108,88680754,646
pre_xx_28919,chr5,88683479,88683985,506
pre_xx_28920,chr5,88690455,88691342,887
pre_xx_28921,chr5,88784614,88786720,2106
pre_xx_28922,chr5,88833202,88834255,1053
pre_xx_28923,chr5,88882243,88884719,2476
pre_xx_28924,chr5,88888912,88890250,1338
pre_xx_28925,chr5,89343038,89344124,1086
pre_xx_28926,chr5,89728312,89729191,879
pre_xx_28927,chr5,90408729,90410737,2008
pre_xx_28928,chr5,90473015,90475271,2256
pre_xx_28929,chr5,90528410,90530644,2234
pre_xx_28930,chr5,90557417,90559298,1881
pre_xx_28931,chr5,91279320,91281774,2454
pre_xx_28932,chr5,91379815,91381244,1429
pre_xx_28933,chr5,91381705,91382003,298
pre_xx_28934,chr5,91383123,91384042,919
pre_xx_28935,chr5,91384662,91385142,480
pre_xx_28936,chr5,91406813,91407555,742
pre_xx_28937,chr5,92640621,92641941,1320
pre_xx_28938,chr5,93571934,93573437,1503
pre_xx_28939,chr5,93578898,93582134,3236
pre_xx_28940,chr5,93583900,93586245,2345
pre_xx_28941,chr5,93587670,93588840,1170
pre_xx_28942,chr5,93600414,93602772,2358
pre_xx_28943,chr5,93607424,93608111,687
pre_xx_28944,chr5,93611701,93612833,1132
pre_xx_28945,chr5,93620397,93621866,1469
pre_xx_28946,chr5,93677215,93677899,684
pre_xx_28947,chr5,94110529,94112023,1494
pre_xx_28948,chr5,94617432,94619483,2051
pre_xx_28949,chr5,95283208,95285693,2485
pre_xx_28950,chr5,95554061,95556070,2009
pre_xx_28951,chr5,95619599,95621730,2131
pre_xx_28952,chr5,95646080,95647445,1365
pre_xx_28953,chr5,95730341,95732457,2116
pre_xx_28954,chr5,95759799,95761072,1273
pre_xx_28955,chr5,95770609,95771813,1204
pre_xx_28956,chr5,95780682,95781897,1215
pre_xx_28957,chr5,95814709,95815618,909
pre_xx_28958,chr5,95821694,95823175,1481
pre_xx_28959,chr5,95834384,95835244,860
pre_xx_28960,chr5,95857885,95859277,1392
pre_xx_28961,chr5,95960054,95962450,2396
pre_xx_28962,chr5,96433982,96434626,644
pre_xx_28963,chr5,96661092,96663662,2570
pre_xx_28964,chr5,96702315,96704352,2037
pre_xx_28965,chr5,96806946,96808597,1651
pre_xx_28966,chr5,96934204,96937030,2826
pre_xx_28967,chr5,97142192,97142988,796
pre_xx_28968,chr5,97182262,97184018,1756
pre_xx_28969,chr5,97414239,97415918,1679
pre_xx_28970,chr5,97420327,97421712,1385
pre_xx_28971,chr5,98768117,98768435,318
pre_xx_28972,chr5,98768802,98770724,1922
pre_xx_28973,chr5,98771382,98771772,390
pre_xx_28974,chr5,98772925,98774935,2010
pre_xx_28975,chr5,98795935,98796869,934
pre_xx_28976,chr5,98926935,98930220,3285
pre_xx_28977,chr5,100534672,100536094,1422
pre_xx_28978,chr5,100900231,100902327,2096
pre_xx_28979,chr5,100902542,100904038,1496
pre_xx_28980,chr5,102294950,102296943,1993
pre_xx_28981,chr5,102754023,102756308,2285
pre_xx_28982,chr5,102865142,102866745,1603
pre_xx_28983,chr5,103118942,103121142,2200
pre_xx_28984,chr5,103258170,103260205,2035
pre_xx_28985,chr5,103561624,103563207,1583
pre_xx_28986,chr5,104539408,104541067,1659
pre_xx_28987,chr5,104622609,104624012,1403
pre_xx_28988,chr5,104793069,104794155,1086
pre_xx_28989,chr5,104814508,104815812,1304
pre_xx_28990,chr5,107387678,107390046,2368
pre_xx_28991,chr5,107571203,107572574,1371
pre_xx_28992,chr5,107668932,107670645,1713
pre_xx_28993,chr5,107670829,107673935,3106
pre_xx_28994,chr5,107807966,107809227,1261
pre_xx_28995,chr5,108141293,108142336,1043
pre_xx_28996,chr5,108380326,108383095,2769
pre_xx_28997,chr5,108727193,108728793,1600
pre_xx_28998,chr5,108747190,108749741,2551
pre_xx_28999,chr5,109408861,109411095,2234
pre_xx_29000,chr5,109468423,109469143,720
pre_xx_29001,chr5,109484588,109485375,787
pre_xx_29002,chr5,109688704,109691419,2715
pre_xx_29003,chr5,109852451,109853819,1368
pre_xx_29004,chr5,109921533,109922815,1282
pre_xx_29005,chr5,110027055,110028332,1277
pre_xx_29006,chr5,110033925,110034930,1005
pre_xx_29007,chr5,110726153,110727231,1078
pre_xx_29008,chr5,110738100,110739728,1628
pre_xx_29009,chr5,111069919,111070972,1053
pre_xx_29010,chr5,111072789,111073678,889
pre_xx_29011,chr5,111091941,111093608,1667
pre_xx_29012,chr5,111223454,111225274,1820
pre_xx_29013,chr5,111511569,111513409,1840
pre_xx_29014,chr5,111680394,111682412,2018
pre_xx_29015,chr5,111741041,111743431,2390
pre_xx_29016,chr5,111755699,111756380,681
pre_xx_29017,chr5,111756613,111758357,1744
pre_xx_29018,chr5,111855188,111856102,914
pre_xx_29019,chr5,112160203,112161823,1620
pre_xx_29020,chr5,112228014,112229084,1070
pre_xx_29021,chr5,112417854,112420654,2800
pre_xx_29022,chr5,112628112,112629143,1031
pre_xx_29023,chr5,112706999,112708964,1965
pre_xx_29024,chr5,112737099,112738586,1487
pre_xx_29025,chr5,112860640,112862439,1799
pre_xx_29026,chr5,112878482,112879278,796
pre_xx_29027,chr5,112920805,112922692,1887
pre_xx_29028,chr5,112968521,112969857,1336
pre_xx_29029,chr5,112976031,112978120,2089
pre_xx_29030,chr5,113047058,113048319,1261
pre_xx_29031,chr5,113089733,113091156,1423
pre_xx_29032,chr5,113109528,113111067,1539
pre_xx_29033,chr5,113211537,113212913,1376
pre_xx_29034,chr5,113292960,113295516,2556
pre_xx_29035,chr5,113473715,113474859,1144
pre_xx_29036,chr5,113487196,113489100,1904
pre_xx_29037,chr5,113513309,113514692,1383
pre_xx_29038,chr5,113806045,113808059,2014
pre_xx_29039,chr5,114053955,114056715,2760
pre_xx_29040,chr5,114360662,114363600,2938
pre_xx_29041,chr5,114449370,114450811,1441
pre_xx_29042,chr5,115168942,115171270,2328
pre_xx_29043,chr5,115178246,115181035,2789
pre_xx_29044,chr5,115261635,115263208,1573
pre_xx_29045,chr5,115295766,115297373,1607
pre_xx_29046,chr5,115463428,115464618,1190
pre_xx_29047,chr5,115543204,115545217,2013
pre_xx_29048,chr5,115601562,115603153,1591
pre_xx_29049,chr5,115624637,115626657,2020
pre_xx_29050,chr5,115634161,115635005,844
pre_xx_29051,chr5,115815439,115817095,1656
pre_xx_29052,chr5,115840998,115842876,1878
pre_xx_29053,chr5,115961334,115963855,2521
pre_xx_29054,chr5,116083920,116085931,2011
pre_xx_29055,chr5,116361066,116362051,985
pre_xx_29056,chr5,116377764,116379068,1304
pre_xx_29057,chr5,116409476,116411673,2197
pre_xx_29058,chr5,116505470,116507577,2107
pre_xx_29059,chr5,116563349,116564625,1276
pre_xx_29060,chr5,116571943,116574340,2397
pre_xx_29061,chr5,116574446,116576629,2183
pre_xx_29062,chr5,116625749,116627185,1436
pre_xx_29063,chr5,118371504,118372915,1411
pre_xx_29064,chr5,118791276,118792563,1287
pre_xx_29065,chr5,118987666,118989062,1396
pre_xx_29066,chr5,119070150,119071886,1736
pre_xx_29067,chr5,119078667,119079987,1320
pre_xx_29068,chr5,119267826,119269661,1835
pre_xx_29069,chr5,119308165,119309402,1237
pre_xx_29070,chr5,119315171,119315964,793
pre_xx_29071,chr5,119354925,119357498,2573
pre_xx_29072,chr5,119411325,119412398,1073
pre_xx_29073,chr5,119452077,119453398,1321
pre_xx_29074,chr5,120463821,120465943,2122
pre_xx_29075,chr5,121960996,121963275,2279
pre_xx_29076,chr5,122076652,122078751,2099
pre_xx_29077,chr5,122125983,122127358,1375
pre_xx_29078,chr5,122129079,122129722,643
pre_xx_29079,chr5,122310806,122313434,2628
pre_xx_29080,chr5,122322527,122324342,1815
pre_xx_29081,chr5,122395573,122396298,725
pre_xx_29082,chr5,122414980,122415906,926
pre_xx_29083,chr5,122774476,122776743,2267
pre_xx_29084,chr5,122844113,122846550,2437
pre_xx_29085,chr5,123035028,123037211,2183
pre_xx_29086,chr5,123088274,123090677,2403
pre_xx_29087,chr5,123094948,123095704,756
pre_xx_29088,chr5,123098120,123100175,2055
pre_xx_29089,chr5,123119141,123119876,735
pre_xx_29090,chr5,123156539,123158569,2030
pre_xx_29091,chr5,123284760,123286129,1369
pre_xx_29092,chr5,123358251,123360507,2256
pre_xx_29093,chr5,123421988,123424089,2101
pre_xx_29094,chr5,123511357,123513485,2128
pre_xx_29095,chr5,123784472,123786135,1663
pre_xx_29096,chr5,123874461,123876330,1869
pre_xx_29097,chr5,124056439,124058317,1878
pre_xx_29098,chr5,124127189,124128444,1255
pre_xx_29099,chr5,124233750,124234724,974
pre_xx_29100,chr5,124235107,124237647,2540
pre_xx_29101,chr5,124288455,124290446,1991
pre_xx_29102,chr5,124598929,124600409,1480
pre_xx_29103,chr5,124650789,124652593,1804
pre_xx_29104,chr5,124660649,124661981,1332
pre_xx_29105,chr5,124706365,124707633,1268
pre_xx_29106,chr5,124734958,124735788,830
pre_xx_29107,chr5,124741654,124742515,861
pre_xx_29108,chr5,124743773,124744323,550
pre_xx_29109,chr5,124746249,124749502,3253
pre_xx_29110,chr5,124868249,124870228,1979
pre_xx_29111,chr5,125043504,125044820,1316
pre_xx_29112,chr5,125408545,125413426,4881
pre_xx_29113,chr5,125699927,125701253,1326
pre_xx_29114,chr5,125834891,125836083,1192
pre_xx_29115,chr5,126043670,126044657,987
pre_xx_29116,chr5,126422756,126423922,1166
pre_xx_29117,chr5,126461764,126463249,1485
pre_xx_29118,chr5,126519024,126520748,1724
pre_xx_29119,chr5,126523903,126524905,1002
pre_xx_29120,chr5,126593522,126595704,2182
pre_xx_29121,chr5,126600350,126601691,1341
pre_xx_29122,chr5,126775935,126778890,2955
pre_xx_29123,chr5,126868612,126869475,863
pre_xx_29124,chr5,126982236,126983566,1330
pre_xx_29125,chr5,127029423,127031605,2182
pre_xx_29126,chr5,127040314,127041860,1546
pre_xx_29127,chr5,127072755,127074221,1466
pre_xx_29128,chr5,127192327,127193446,1119
pre_xx_29129,chr5,127209489,127210557,1068
pre_xx_29130,chr5,127228714,127229932,1218
pre_xx_29131,chr5,127289781,127291688,1907
pre_xx_29132,chr5,127369422,127370335,913
pre_xx_29133,chr5,127517042,127518607,1565
pre_xx_29134,chr5,127753487,127755017,1530
pre_xx_29135,chr5,127875203,127876104,901
pre_xx_29136,chr5,127940756,127942136,1380
pre_xx_29137,chr5,127956891,127957523,632
pre_xx_29138,chr5,127958437,127959910,1473
pre_xx_29139,chr5,128082514,128085144,2630
pre_xx_29140,chr5,128200622,128201931,1309
pre_xx_29141,chr5,128536279,128539407,3128
pre_xx_29142,chr5,128964786,128966330,1544
pre_xx_29143,chr5,129093916,129095778,1862
pre_xx_29144,chr5,129377009,129378143,1134
pre_xx_29145,chr5,129410091,129410974,883
pre_xx_29146,chr5,129459246,129461914,2668
pre_xx_29147,chr5,129903653,129906827,3174
pre_xx_29148,chr5,131164230,131165763,1533
pre_xx_29149,chr5,131170181,131171731,1550
pre_xx_29150,chr5,131262937,131264935,1998
pre_xx_29151,chr5,131634119,131636404,2285
pre_xx_29152,chr5,131795907,131797800,1893
pre_xx_29153,chr5,131999304,132000453,1149
pre_xx_29154,chr5,132002947,132003749,802
pre_xx_29155,chr5,132011011,132012896,1885
pre_xx_29156,chr5,132064671,132065751,1080
pre_xx_29157,chr5,132224868,132225906,1038
pre_xx_29158,chr5,132226932,132228869,1937
pre_xx_29159,chr5,132257102,132259821,2719
pre_xx_29160,chr5,132293059,132295490,2431
pre_xx_29161,chr5,132369084,132370740,1656
pre_xx_29162,chr5,132386413,132387097,684
pre_xx_29163,chr5,132387566,132388878,1312
pre_xx_29164,chr5,132410115,132411892,1777
pre_xx_29165,chr5,132418936,132420307,1371
pre_xx_29166,chr5,132426484,132428089,1605
pre_xx_29167,chr5,132477057,132477767,710
pre_xx_29168,chr5,132481040,132481530,490
pre_xx_29169,chr5,132489780,132491479,1699
pre_xx_29170,chr5,132495396,132497390,1994
pre_xx_29171,chr5,132505064,132506428,1364
pre_xx_29172,chr5,132526024,132527340,1316
pre_xx_29173,chr5,132556268,132558067,1799
pre_xx_29174,chr5,132655681,132656974,1293
pre_xx_29175,chr5,132736597,132737899,1302
pre_xx_29176,chr5,132746876,132748423,1547
pre_xx_29177,chr5,132775469,132777962,2493
pre_xx_29178,chr5,132812474,132814975,2501
pre_xx_29179,chr5,132819271,132820431,1160
pre_xx_29180,chr5,132822722,132823644,922
pre_xx_29181,chr5,132825343,132826079,736
pre_xx_29182,chr5,132829449,132831252,1803
pre_xx_29183,chr5,132865744,132867310,1566
pre_xx_29184,chr5,132962276,132964399,2123
pre_xx_29185,chr5,133025444,133027052,1608
pre_xx_29186,chr5,133051096,133052993,1897
pre_xx_29187,chr5,133265894,133266884,990
pre_xx_29188,chr5,133330852,133332351,1499
pre_xx_29189,chr5,133396360,133397726,1366
pre_xx_29190,chr5,133610740,133612933,2193
pre_xx_29191,chr5,133938055,133939574,1519
pre_xx_29192,chr5,133944112,133945174,1062
pre_xx_29193,chr5,133967652,133969010,1358
pre_xx_29194,chr5,133976760,133977836,1076
pre_xx_29195,chr5,133994686,133996498,1812
pre_xx_29196,chr5,134003597,134006041,2444
pre_xx_29197,chr5,134039197,134039966,769
pre_xx_29198,chr5,134070474,134071807,1333
pre_xx_29199,chr5,134077610,134078589,979
pre_xx_29200,chr5,134113970,134116081,2111
pre_xx_29201,chr5,134140323,134141586,1263
pre_xx_29202,chr5,134145648,134146388,740
pre_xx_29203,chr5,134174976,134178131,3155
pre_xx_29204,chr5,134224927,134227525,2598
pre_xx_29205,chr5,134244927,134245638,711
pre_xx_29206,chr5,134366644,134367373,729
pre_xx_29207,chr5,134370516,134372420,1904
pre_xx_29208,chr5,134411261,134412472,1211
pre_xx_29209,chr5,134465374,134467120,1746
pre_xx_29210,chr5,134510950,134512911,1961
pre_xx_29211,chr5,134524112,134527852,3740
pre_xx_29212,chr5,134553932,134556390,2458
pre_xx_29213,chr5,134567761,134569680,1919
pre_xx_29214,chr5,134632082,134633321,1239
pre_xx_29215,chr5,134647642,134649828,2186
pre_xx_29216,chr5,134737411,134739683,2272
pre_xx_29217,chr5,134758163,134759478,1315
pre_xx_29218,chr5,134845238,134847283,2045
pre_xx_29219,chr5,134873441,134875535,2094
pre_xx_29220,chr5,134904305,134906006,1701
pre_xx_29221,chr5,135026949,135029334,2385
pre_xx_29222,chr5,135032817,135034924,2107
pre_xx_29223,chr5,135038742,135041114,2372
pre_xx_29224,chr5,135179014,135179941,927
pre_xx_29225,chr5,135190548,135191894,1346
pre_xx_29226,chr5,135246694,135247578,884
pre_xx_29227,chr5,135271629,135272610,981
pre_xx_29228,chr5,135303958,135304719,761
pre_xx_29229,chr5,135397853,135400217,2364
pre_xx_29230,chr5,135465723,135467291,1568
pre_xx_29231,chr5,135488534,135490783,2249
pre_xx_29232,chr5,135534265,135536435,2170
pre_xx_29233,chr5,135543081,135545536,2455
pre_xx_29234,chr5,135560524,135561333,809
pre_xx_29235,chr5,135578042,135579600,1558
pre_xx_29236,chr5,135743055,135744363,1308
pre_xx_29237,chr5,135829912,135830409,497
pre_xx_29238,chr5,135834234,135835575,1341
pre_xx_29239,chr5,135929783,135931241,1458
pre_xx_29240,chr5,136028571,136029653,1082
pre_xx_29241,chr5,136057327,136058937,1610
pre_xx_29242,chr5,136079202,136081185,1983
pre_xx_29243,chr5,136103857,136105024,1167
pre_xx_29244,chr5,136132128,136134258,2130
pre_xx_29245,chr5,136191315,136193689,2374
pre_xx_29246,chr5,136202472,136203342,870
pre_xx_29247,chr5,136365043,136365543,500
pre_xx_29248,chr5,136457159,136458141,982
pre_xx_29249,chr5,137012947,137014968,2021
pre_xx_29250,chr5,137089742,137091828,2086
pre_xx_29251,chr5,137192181,137193339,1158
pre_xx_29252,chr5,137206834,137207511,677
pre_xx_29253,chr5,137333602,137334783,1181
pre_xx_29254,chr5,137497410,137499508,2098
pre_xx_29255,chr5,137563147,137564888,1741
pre_xx_29256,chr5,137635276,137636877,1601
pre_xx_29257,chr5,137734439,137736733,2294
pre_xx_29258,chr5,137751751,137752181,430
pre_xx_29259,chr5,137752857,137755279,2422
pre_xx_29260,chr5,137888448,137890142,1694
pre_xx_29261,chr5,138031651,138033724,2073
pre_xx_29262,chr5,138035888,138036410,522
pre_xx_29263,chr5,138138655,138139729,1074
pre_xx_29264,chr5,138177607,138179411,1804
pre_xx_29265,chr5,138212725,138213931,1206
pre_xx_29266,chr5,138241481,138242874,1393
pre_xx_29267,chr5,138273911,138276003,2092
pre_xx_29268,chr5,138330964,138332390,1426
pre_xx_29269,chr5,138337150,138339666,2516
pre_xx_29270,chr5,138352132,138354065,1933
pre_xx_29271,chr5,138438370,138440413,2043
pre_xx_29272,chr5,138448845,138450688,1843
pre_xx_29273,chr5,138463501,138465857,2356
pre_xx_29274,chr5,138467770,138471444,3674
pre_xx_29275,chr5,138489372,138490116,744
pre_xx_29276,chr5,138491431,138493402,1971
pre_xx_29277,chr5,138503440,138505301,1861
pre_xx_29278,chr5,138542017,138543950,1933
pre_xx_29279,chr5,138574701,138576222,1521
pre_xx_29280,chr5,138610406,138612089,1683
pre_xx_29281,chr5,138752298,138754555,2257
pre_xx_29282,chr5,138870622,138871850,1228
pre_xx_29283,chr5,138895976,138897832,1856
pre_xx_29284,chr5,138927702,138928486,784
pre_xx_29285,chr5,138944147,138946420,2273
pre_xx_29286,chr5,138952897,138954208,1311
pre_xx_29287,chr5,138962059,138963389,1330
pre_xx_29288,chr5,138974002,138975649,1647
pre_xx_29289,chr5,139104499,139106150,1651
pre_xx_29290,chr5,139131067,139132774,1707
pre_xx_29291,chr5,139138348,139139189,841
pre_xx_29292,chr5,139177759,139179544,1785
pre_xx_29293,chr5,139197297,139198742,1445
pre_xx_29294,chr5,139261974,139263235,1261
pre_xx_29295,chr5,139273167,139274739,1572
pre_xx_29296,chr5,139292547,139295001,2454
pre_xx_29297,chr5,139297555,139298015,460
pre_xx_29298,chr5,139341043,139343030,1987
pre_xx_29299,chr5,139387886,139388752,866
pre_xx_29300,chr5,139391887,139393538,1651
pre_xx_29301,chr5,139393848,139395271,1423
pre_xx_29302,chr5,139403270,139404504,1234
pre_xx_29303,chr5,139438437,139439871,1434
pre_xx_29304,chr5,139480803,139482966,2163
pre_xx_29305,chr5,139517495,139518543,1048
pre_xx_29306,chr5,139560524,139562460,1936
pre_xx_29307,chr5,139633258,139633622,364
pre_xx_29308,chr5,139635682,139636806,1124
pre_xx_29309,chr5,139637031,139638624,1593
pre_xx_29310,chr5,139647781,139649951,2170
pre_xx_29311,chr5,139650349,139650603,254
pre_xx_29312,chr5,139650861,139651497,636
pre_xx_29313,chr5,139651871,139652638,767
pre_xx_29314,chr5,139655641,139656206,565
pre_xx_29315,chr5,139659737,139660428,691
pre_xx_29316,chr5,139660796,139661576,780
pre_xx_29317,chr5,139664860,139665452,592
pre_xx_29318,chr5,139667533,139668794,1261
pre_xx_29319,chr5,139669454,139670903,1449
pre_xx_29320,chr5,139676417,139678141,1724
pre_xx_29321,chr5,139684625,139685432,807
pre_xx_29322,chr5,139689544,139690944,1400
pre_xx_29323,chr5,139696409,139699088,2679
pre_xx_29324,chr5,139708938,139712174,3236
pre_xx_29325,chr5,139745200,139748409,3209
pre_xx_29326,chr5,139755286,139756581,1295
pre_xx_29327,chr5,139758895,139759735,840
pre_xx_29328,chr5,139765020,139766200,1180
pre_xx_29329,chr5,139774752,139775709,957
pre_xx_29330,chr5,139787096,139788995,1899
pre_xx_29331,chr5,139794884,139796797,1913
pre_xx_29332,chr5,139847756,139848901,1145
pre_xx_29333,chr5,139880116,139881405,1289
pre_xx_29334,chr5,139893665,139895330,1665
pre_xx_29335,chr5,139902970,139905617,2647
pre_xx_29336,chr5,139968069,139969156,1087
pre_xx_29337,chr5,140041531,140043854,2323
pre_xx_29338,chr5,140106966,140108659,1693
pre_xx_29339,chr5,140112897,140115141,2244
pre_xx_29340,chr5,140145570,140146720,1150
pre_xx_29341,chr5,140156789,140157843,1054
pre_xx_29342,chr5,140174485,140176270,1785
pre_xx_29343,chr5,140177496,140178342,846
pre_xx_29344,chr5,140218941,140220288,1347
pre_xx_29345,chr5,140241049,140241761,712
pre_xx_29346,chr5,140243808,140245561,1753
pre_xx_29347,chr5,140301833,140303584,1751
pre_xx_29348,chr5,140322679,140323725,1046
pre_xx_29349,chr5,140345671,140347270,1599
pre_xx_29350,chr5,140357249,140358274,1025
pre_xx_29351,chr5,140362971,140363848,877
pre_xx_29352,chr5,140372576,140373449,873
pre_xx_29353,chr5,140400431,140402871,2440
pre_xx_29354,chr5,140546945,140548497,1552
pre_xx_29355,chr5,140556347,140557864,1517
pre_xx_29356,chr5,140563627,140565513,1886
pre_xx_29357,chr5,140631777,140633543,1766
pre_xx_29358,chr5,140638750,140640067,1317
pre_xx_29359,chr5,140646842,140648417,1575
pre_xx_29360,chr5,140664013,140665525,1512
pre_xx_29361,chr5,140671624,140674049,2425
pre_xx_29362,chr5,140690552,140691943,1391
pre_xx_29363,chr5,140699718,140701328,1610
pre_xx_29364,chr5,140710203,140711565,1362
pre_xx_29365,chr5,140725531,140726454,923
pre_xx_29366,chr5,140925782,140927480,1698
pre_xx_29367,chr5,140965801,140967477,1676
pre_xx_29368,chr5,141001134,141002486,1352
pre_xx_29369,chr5,141039853,141041456,1603
pre_xx_29370,chr5,141050691,141051866,1175
pre_xx_29371,chr5,141084234,141085113,879
pre_xx_29372,chr5,141319905,141321249,1344
pre_xx_29373,chr5,141475354,141477162,1808
pre_xx_29374,chr5,141483898,141485912,2014
pre_xx_29375,chr5,141491439,141492637,1198
pre_xx_29376,chr5,141493466,141495422,1956
pre_xx_29377,chr5,141507383,141509382,1999
pre_xx_29378,chr5,141512175,141514591,2416
pre_xx_29379,chr5,141524170,141525591,1421
pre_xx_29380,chr5,141557440,141558609,1169
pre_xx_29381,chr5,141560197,141561182,985
pre_xx_29382,chr5,141563969,141564517,548
pre_xx_29383,chr5,141617597,141619447,1850
pre_xx_29384,chr5,141635964,141638348,2384
pre_xx_29385,chr5,141650452,141651871,1419
pre_xx_29386,chr5,141664802,141665520,718
pre_xx_29387,chr5,141681606,141683392,1786
pre_xx_29388,chr5,141691880,141692631,751
pre_xx_29389,chr5,141701252,141703539,2287
pre_xx_29390,chr5,141734522,141735217,695
pre_xx_29391,chr5,141811384,141812239,855
pre_xx_29392,chr5,141848606,141851070,2464
pre_xx_29393,chr5,141875776,141876498,722
pre_xx_29394,chr5,141877587,141879534,1947
pre_xx_29395,chr5,141883088,141883719,631
pre_xx_29396,chr5,141901830,141903645,1815
pre_xx_29397,chr5,141913383,141914671,1288
pre_xx_29398,chr5,141923091,141924340,1249
pre_xx_29399,chr5,141960020,141961090,1070
pre_xx_29400,chr5,141968450,141969824,1374
pre_xx_29401,chr5,142011665,142013449,1784
pre_xx_29402,chr5,142024427,142025503,1076
pre_xx_29403,chr5,142063582,142064888,1306
pre_xx_29404,chr5,142088250,142089873,1623
pre_xx_29405,chr5,142108229,142110554,2325
pre_xx_29406,chr5,142323804,142326566,2762
pre_xx_29407,chr5,142355892,142357682,1790
pre_xx_29408,chr5,142432276,142433352,1076
pre_xx_29409,chr5,142548563,142549148,585
pre_xx_29410,chr5,142551259,142552374,1115
pre_xx_29411,chr5,142600078,142601317,1239
pre_xx_29412,chr5,142624806,142626349,1543
pre_xx_29413,chr5,142655256,142656663,1407
pre_xx_29414,chr5,142685484,142686683,1199
pre_xx_29415,chr5,142697220,142699441,2221
pre_xx_29416,chr5,142712638,142713714,1076
pre_xx_29417,chr5,142720682,142721511,829
pre_xx_29418,chr5,142769143,142771683,2540
pre_xx_29419,chr5,142825113,142826040,927
pre_xx_29420,chr5,142866645,142867329,684
pre_xx_29421,chr5,142869717,142870339,622
pre_xx_29422,chr5,142898910,142901277,2367
pre_xx_29423,chr5,143062896,143065022,2126
pre_xx_29424,chr5,143173962,143175429,1467
pre_xx_29425,chr5,143402280,143405714,3434
pre_xx_29426,chr5,143914418,143915939,1521
pre_xx_29427,chr5,144155792,144157248,1456
pre_xx_29428,chr5,144169807,144171200,1393
pre_xx_29429,chr5,144204848,144205609,761
pre_xx_29430,chr5,144585287,144586349,1062
pre_xx_29431,chr5,144598019,144599292,1273
pre_xx_29432,chr5,145834684,145836152,1468
pre_xx_29433,chr5,145855905,145856892,987
pre_xx_29434,chr5,145936221,145937199,978
pre_xx_29435,chr5,146181820,146183440,1620
pre_xx_29436,chr5,146202597,146205050,2453
pre_xx_29437,chr5,146338419,146339527,1108
pre_xx_29438,chr5,146339807,146340845,1038
pre_xx_29439,chr5,146344615,146346333,1718
pre_xx_29440,chr5,146446666,146448316,1650
pre_xx_29441,chr5,146541831,146542591,760
pre_xx_29442,chr5,146877086,146879130,2044
pre_xx_29443,chr5,147041606,147042952,1346
pre_xx_29444,chr5,147054844,147056596,1752
pre_xx_29445,chr5,147233896,147235293,1397
pre_xx_29446,chr5,147410336,147411889,1553
pre_xx_29447,chr5,147416441,147417922,1481
pre_xx_29448,chr5,147451943,147454848,2905
pre_xx_29449,chr5,147483797,147484737,940
pre_xx_29450,chr5,147508793,147510468,1675
pre_xx_29451,chr5,147576721,147578731,2010
pre_xx_29452,chr5,147742696,147744359,1663
pre_xx_29453,chr5,147782022,147783047,1025
pre_xx_29454,chr5,148382985,148384897,1912
pre_xx_29455,chr5,148729817,148731301,1484
pre_xx_29456,chr5,148825507,148827023,1516
pre_xx_29457,chr5,149001752,149002612,860
pre_xx_29458,chr5,149140847,149142439,1592
pre_xx_29459,chr5,149264215,149265080,865
pre_xx_29460,chr5,149271244,149272772,1528
pre_xx_29461,chr5,149320425,149321316,891
pre_xx_29462,chr5,149344624,149346583,1959
pre_xx_29463,chr5,149357293,149358674,1381
pre_xx_29464,chr5,149378113,149379703,1590
pre_xx_29465,chr5,149381716,149383056,1340
pre_xx_29466,chr5,149404918,149408177,3259
pre_xx_29467,chr5,149416666,149417863,1197
pre_xx_29468,chr5,149421996,149423372,1376
pre_xx_29469,chr5,149430163,149431752,1589
pre_xx_29470,chr5,149442323,149443189,866
pre_xx_29471,chr5,149549363,149550322,959
pre_xx_29472,chr5,149550631,149552056,1425
pre_xx_29473,chr5,149564460,149565091,631
pre_xx_29474,chr5,149580805,149582543,1738
pre_xx_29475,chr5,149675491,149676455,964
pre_xx_29476,chr5,149729872,149732818,2946
pre_xx_29477,chr5,149857014,149858134,1120
pre_xx_29478,chr5,149887248,149888219,971
pre_xx_29479,chr5,149959412,149961313,1901
pre_xx_29480,chr5,149999593,150002051,2458
pre_xx_29481,chr5,150138122,150139154,1032
pre_xx_29482,chr5,150143360,150145150,1790
pre_xx_29483,chr5,150155369,150156228,859
pre_xx_29484,chr5,150189769,150190928,1159
pre_xx_29485,chr5,150210884,150212059,1175
pre_xx_29486,chr5,150284020,150284737,717
pre_xx_29487,chr5,150301915,150303547,1632
pre_xx_29488,chr5,150356935,150358478,1543
pre_xx_29489,chr5,150409584,150410909,1325
pre_xx_29490,chr5,150412248,150413143,895
pre_xx_29491,chr5,150448403,150450248,1845
pre_xx_29492,chr5,150458543,150459453,910
pre_xx_29493,chr5,150464258,150465084,826
pre_xx_29494,chr5,150485103,150487153,2050
pre_xx_29495,chr5,150515386,150516380,994
pre_xx_29496,chr5,150517401,150518204,803
pre_xx_29497,chr5,150581954,150583102,1148
pre_xx_29498,chr5,150589425,150591760,2335
pre_xx_29499,chr5,150599912,150601707,1795
pre_xx_29500,chr5,150614541,150615694,1153
pre_xx_29501,chr5,150615953,150616797,844
pre_xx_29502,chr5,150618181,150619928,1747
pre_xx_29503,chr5,150624007,150625653,1646
pre_xx_29504,chr5,150637280,150637979,699
pre_xx_29505,chr5,150639946,150641584,1638
pre_xx_29506,chr5,150642395,150643020,625
pre_xx_29507,chr5,150644042,150645444,1402
pre_xx_29508,chr5,150656091,150657200,1109
pre_xx_29509,chr5,150671321,150672854,1533
pre_xx_29510,chr5,150700059,150701586,1527
pre_xx_29511,chr5,150757930,150759429,1499
pre_xx_29512,chr5,150763123,150763843,720
pre_xx_29513,chr5,150778090,150779472,1382
pre_xx_29514,chr5,150783156,150783962,806
pre_xx_29515,chr5,150800680,150801918,1238
pre_xx_29516,chr5,150846664,150847468,804
pre_xx_29517,chr5,150904216,150905404,1188
pre_xx_29518,chr5,150945737,150947316,1579
pre_xx_29519,chr5,151020085,151021437,1352
pre_xx_29520,chr5,151037702,151038931,1229
pre_xx_29521,chr5,151079933,151081780,1847
pre_xx_29522,chr5,151094875,151096343,1468
pre_xx_29523,chr5,151140902,151142817,1915
pre_xx_29524,chr5,151150072,151151393,1321
pre_xx_29525,chr5,151155468,151158674,3206
pre_xx_29526,chr5,151164496,151165138,642
pre_xx_29527,chr5,151174007,151175205,1198
pre_xx_29528,chr5,151222552,151224297,1745
pre_xx_29529,chr5,151234009,151235230,1221
pre_xx_29530,chr5,151238065,151239597,1532
pre_xx_29531,chr5,151252210,151253921,1711
pre_xx_29532,chr5,151447271,151449607,2336
pre_xx_29533,chr5,151500461,151501140,679
pre_xx_29534,chr5,151596699,151597655,956
pre_xx_29535,chr5,151651707,151652405,698
pre_xx_29536,chr5,151658621,151659836,1215
pre_xx_29537,chr5,151669906,151671221,1315
pre_xx_29538,chr5,151684626,151687323,2697
pre_xx_29539,chr5,151696052,151697166,1114
pre_xx_29540,chr5,151698678,151699635,957
pre_xx_29541,chr5,151739466,151740969,1503
pre_xx_29542,chr5,151757584,151759241,1657
pre_xx_29543,chr5,151770345,151773318,2973
pre_xx_29544,chr5,151924339,151925657,1318
pre_xx_29545,chr5,153490145,153491643,1498
pre_xx_29546,chr5,154037931,154039489,1558
pre_xx_29547,chr5,154071924,154073065,1141
pre_xx_29548,chr5,154189246,154191116,1870
pre_xx_29549,chr5,154196979,154197636,657
pre_xx_29550,chr5,154384530,154386064,1534
pre_xx_29551,chr5,154404773,154405704,931
pre_xx_29552,chr5,154444687,154447360,2673
pre_xx_29553,chr5,154477326,154478523,1197
pre_xx_29554,chr5,154520734,154521550,816
pre_xx_29555,chr5,154610185,154611817,1632
pre_xx_29556,chr5,154646740,154647739,999
pre_xx_29557,chr5,154653504,154655352,1848
pre_xx_29558,chr5,154682039,154683340,1301
pre_xx_29559,chr5,154754490,154757526,3036
pre_xx_29560,chr5,154770746,154771906,1160
pre_xx_29561,chr5,154834580,154835796,1216
pre_xx_29562,chr5,154849431,154851174,1743
pre_xx_29563,chr5,154856972,154858979,2007
pre_xx_29564,chr5,154859198,154859882,684
pre_xx_29565,chr5,154937148,154938886,1738
pre_xx_29566,chr5,154940581,154941683,1102
pre_xx_29567,chr5,155727639,155730113,2474
pre_xx_29568,chr5,155936415,155937708,1293
pre_xx_29569,chr5,156168452,156169441,989
pre_xx_29570,chr5,156250329,156251683,1354
pre_xx_29571,chr5,156326242,156327664,1422
pre_xx_29572,chr5,156380698,156381466,768
pre_xx_29573,chr5,156474956,156476447,1491
pre_xx_29574,chr5,156495142,156498245,3103
pre_xx_29575,chr5,156686465,156688060,1595
pre_xx_29576,chr5,156763541,156765062,1521
pre_xx_29577,chr5,157142126,157143889,1763
pre_xx_29578,chr5,157265365,157266929,1564
pre_xx_29579,chr5,157327754,157329222,1468
pre_xx_29580,chr5,157459654,157460593,939
pre_xx_29581,chr5,157574961,157576452,1491
pre_xx_29582,chr5,157651038,157652575,1537
pre_xx_29583,chr5,157670556,157672210,1654
pre_xx_29584,chr5,157730964,157732134,1170
pre_xx_29585,chr5,157743135,157744980,1845
pre_xx_29586,chr5,157857622,157859379,1757
pre_xx_29587,chr5,157915410,157916185,775
pre_xx_29588,chr5,157948395,157949622,1227
pre_xx_29589,chr5,158074749,158076175,1426
pre_xx_29590,chr5,158174683,158176515,1832
pre_xx_29591,chr5,158590853,158592102,1249
pre_xx_29592,chr5,159049293,159051835,2542
pre_xx_29593,chr5,159098964,159099530,566
pre_xx_29594,chr5,159099688,159101028,1340
pre_xx_29595,chr5,159106202,159107122,920
pre_xx_29596,chr5,159207481,159209991,2510
pre_xx_29597,chr5,159262185,159263847,1662
pre_xx_29598,chr5,159309802,159311162,1360
pre_xx_29599,chr5,159330161,159332052,1891
pre_xx_29600,chr5,159772850,159773965,1115
pre_xx_29601,chr5,159877762,159879604,1842
pre_xx_29602,chr5,159915698,159917119,1421
pre_xx_29603,chr5,159971695,159973291,1596
pre_xx_29604,chr5,159986619,159987707,1088
pre_xx_29605,chr5,160008365,160010010,1645
pre_xx_29606,chr5,160020421,160022342,1921
pre_xx_29607,chr5,160118272,160120163,1891
pre_xx_29608,chr5,160132993,160134073,1080
pre_xx_29609,chr5,160159674,160160758,1084
pre_xx_29610,chr5,160164819,160166500,1681
pre_xx_29611,chr5,160174866,160176077,1211
pre_xx_29612,chr5,160187750,160189193,1443
pre_xx_29613,chr5,160197209,160198456,1247
pre_xx_29614,chr5,160198688,160199954,1266
pre_xx_29615,chr5,160260411,160261782,1371
pre_xx_29616,chr5,160287086,160288381,1295
pre_xx_29617,chr5,160311480,160313200,1720
pre_xx_29618,chr5,160339219,160340463,1244
pre_xx_29619,chr5,160344898,160345691,793
pre_xx_29620,chr5,160370031,160371275,1244
pre_xx_29621,chr5,160399273,160400361,1088
pre_xx_29622,chr5,160417919,160419610,1691
pre_xx_29623,chr5,160421509,160422377,868
pre_xx_29624,chr5,160433654,160434560,906
pre_xx_29625,chr5,160438263,160439585,1322
pre_xx_29626,chr5,160508584,160509303,719
pre_xx_29627,chr5,160526612,160527637,1025
pre_xx_29628,chr5,160616465,160617435,970
pre_xx_29629,chr5,160930202,160930905,703
pre_xx_29630,chr5,161095514,161097011,1497
pre_xx_29631,chr5,161399819,161400961,1142
pre_xx_29632,chr5,161545935,161549459,3524
pre_xx_29633,chr5,163434278,163434872,594
pre_xx_29634,chr5,163436919,163438193,1274
pre_xx_29635,chr5,163458913,163461846,2933
pre_xx_29636,chr5,163502993,163503600,607
pre_xx_29637,chr5,163503864,163504900,1036
pre_xx_29638,chr5,163505132,163506478,1346
pre_xx_29639,chr5,163509136,163509875,739
pre_xx_29640,chr5,163565328,163566624,1296
pre_xx_29641,chr5,163571293,163572627,1334
pre_xx_29642,chr5,163695315,163696840,1525
pre_xx_29643,chr5,164296246,164297283,1037
pre_xx_29644,chr5,166505179,166506111,932
pre_xx_29645,chr5,166698519,166699933,1414
pre_xx_29646,chr5,166977946,166979866,1920
pre_xx_29647,chr5,167572991,167574828,1837
pre_xx_29648,chr5,167916052,167917044,992
pre_xx_29649,chr5,167945221,167946464,1243
pre_xx_29650,chr5,168039302,168040518,1216
pre_xx_29651,chr5,168047039,168047992,953
pre_xx_29652,chr5,168085151,168086717,1566
pre_xx_29653,chr5,168268478,168270698,2220
pre_xx_29654,chr5,168291083,168293100,2017
pre_xx_29655,chr5,168314554,168315329,775
pre_xx_29656,chr5,168328669,168329762,1093
pre_xx_29657,chr5,168334111,168335321,1210
pre_xx_29658,chr5,168485968,168487439,1471
pre_xx_29659,chr5,168528390,168530182,1792
pre_xx_29660,chr5,168578063,168580145,2082
pre_xx_29661,chr5,168676406,168677056,650
pre_xx_29662,chr5,168679303,168680131,828
pre_xx_29663,chr5,168692937,168693762,825
pre_xx_29664,chr5,168844051,168845346,1295
pre_xx_29665,chr5,168916066,168917151,1085
pre_xx_29666,chr5,169141918,169142921,1003
pre_xx_29667,chr5,169160363,169161842,1479
pre_xx_29668,chr5,169279939,169280987,1048
pre_xx_29669,chr5,169299268,169301428,2160
pre_xx_29670,chr5,169302001,169302840,839
pre_xx_29671,chr5,169583109,169584808,1699
pre_xx_29672,chr5,169676334,169678270,1936
pre_xx_29673,chr5,169979622,169981027,1405
pre_xx_29674,chr5,170099932,170100826,894
pre_xx_29675,chr5,170150904,170151926,1022
pre_xx_29676,chr5,170302221,170303680,1459
pre_xx_29677,chr5,170503602,170505322,1720
pre_xx_29678,chr5,170519340,170520809,1469
pre_xx_29679,chr5,170536165,170537170,1005
pre_xx_29680,chr5,170552239,170553293,1054
pre_xx_29681,chr5,170597012,170599091,2079
pre_xx_29682,chr5,170613908,170615724,1816
pre_xx_29683,chr5,170632805,170634118,1313
pre_xx_29684,chr5,170680782,170681523,741
pre_xx_29685,chr5,170743955,170745073,1118
pre_xx_29686,chr5,170861423,170863039,1616
pre_xx_29687,chr5,171294882,171296184,1302
pre_xx_29688,chr5,171308416,171310338,1922
pre_xx_29689,chr5,171311087,171311775,688
pre_xx_29690,chr5,171314751,171315795,1044
pre_xx_29691,chr5,171316118,171316927,809
pre_xx_29692,chr5,171336291,171337440,1149
pre_xx_29693,chr5,171386891,171389071,2180
pre_xx_29694,chr5,171418414,171421358,2944
pre_xx_29695,chr5,171427525,171428556,1031
pre_xx_29696,chr5,171450318,171451739,1421
pre_xx_29697,chr5,171494090,171495716,1626
pre_xx_29698,chr5,171520036,171521755,1719
pre_xx_29699,chr5,171614943,171616589,1646
pre_xx_29700,chr5,171629672,171631009,1337
pre_xx_29701,chr5,171667216,171668497,1281
pre_xx_29702,chr5,171856783,171858010,1227
pre_xx_29703,chr5,172004973,172007732,2759
pre_xx_29704,chr5,172097076,172098506,1430
pre_xx_29705,chr5,172106488,172107251,763
pre_xx_29706,chr5,172110187,172112164,1977
pre_xx_29707,chr5,172163304,172165754,2450
pre_xx_29708,chr5,172174377,172174980,603
pre_xx_29709,chr5,172187055,172188985,1930
pre_xx_29710,chr5,172282761,172285009,2248
pre_xx_29711,chr5,172293059,172293816,757
pre_xx_29712,chr5,172354217,172355504,1287
pre_xx_29713,chr5,172418036,172419174,1138
pre_xx_29714,chr5,172436692,172438154,1462
pre_xx_29715,chr5,172452677,172455288,2611
pre_xx_29716,chr5,172478602,172479894,1292
pre_xx_29717,chr5,172586022,172587248,1226
pre_xx_29718,chr5,172597425,172598993,1568
pre_xx_29719,chr5,172616343,172617389,1046
pre_xx_29720,chr5,172640678,172642395,1717
pre_xx_29721,chr5,172658590,172660660,2070
pre_xx_29722,chr5,172683196,172684556,1360
pre_xx_29723,chr5,172696355,172697950,1595
pre_xx_29724,chr5,172699869,172701573,1704
pre_xx_29725,chr5,172706596,172708674,2078
pre_xx_29726,chr5,172712961,172713511,550
pre_xx_29727,chr5,172714575,172715337,762
pre_xx_29728,chr5,172716654,172717260,606
pre_xx_29729,chr5,172749632,172750793,1161
pre_xx_29730,chr5,172764997,172766031,1034
pre_xx_29731,chr5,172766121,172767099,978
pre_xx_29732,chr5,172767350,172767989,639
pre_xx_29733,chr5,172770306,172772913,2607
pre_xx_29734,chr5,172795083,172795827,744
pre_xx_29735,chr5,172806947,172807815,868
pre_xx_29736,chr5,172816614,172818156,1542
pre_xx_29737,chr5,172833673,172835296,1623
pre_xx_29738,chr5,172837464,172838042,578
pre_xx_29739,chr5,172839728,172840676,948
pre_xx_29740,chr5,172840932,172841603,671
pre_xx_29741,chr5,172872643,172873625,982
pre_xx_29742,chr5,172886803,172888181,1378
pre_xx_29743,chr5,172902172,172903405,1233
pre_xx_29744,chr5,172904441,172905406,965
pre_xx_29745,chr5,172932073,172932767,694
pre_xx_29746,chr5,172958284,172960143,1859
pre_xx_29747,chr5,172983191,172984820,1629
pre_xx_29748,chr5,173055667,173057879,2212
pre_xx_29749,chr5,173144031,173145292,1261
pre_xx_29750,chr5,173162411,173164051,1640
pre_xx_29751,chr5,173228476,173229107,631
pre_xx_29752,chr5,173232549,173233318,769
pre_xx_29753,chr5,173234527,173235365,838
pre_xx_29754,chr5,173245181,173246188,1007
pre_xx_29755,chr5,173268486,173269544,1058
pre_xx_29756,chr5,173283344,173284202,858
pre_xx_29757,chr5,173293708,173294500,792
pre_xx_29758,chr5,173296516,173297232,716
pre_xx_29759,chr5,173315439,173317579,2140
pre_xx_29760,chr5,173323663,173325024,1361
pre_xx_29761,chr5,173327064,173328708,1644
pre_xx_29762,chr5,173329020,173330246,1226
pre_xx_29763,chr5,173331924,173332287,363
pre_xx_29764,chr5,173494396,173495469,1073
pre_xx_29765,chr5,173497799,173499621,1822
pre_xx_29766,chr5,173557036,173557888,852
pre_xx_29767,chr5,173572584,173573433,849
pre_xx_29768,chr5,173601933,173603340,1407
pre_xx_29769,chr5,173615151,173617045,1894
pre_xx_29770,chr5,173733918,173734781,863
pre_xx_29771,chr5,173766011,173766792,781
pre_xx_29772,chr5,173832758,173834530,1772
pre_xx_29773,chr5,173887378,173888546,1168
pre_xx_29774,chr5,173890172,173890858,686
pre_xx_29775,chr5,173917399,173918823,1424
pre_xx_29776,chr5,173972673,173974040,1367
pre_xx_29777,chr5,174045067,174045939,872
pre_xx_29778,chr5,174171933,174172724,791
pre_xx_29779,chr5,174189479,174190533,1054
pre_xx_29780,chr5,174204154,174205341,1187
pre_xx_29781,chr5,174311316,174312478,1162
pre_xx_29782,chr5,174337094,174338881,1787
pre_xx_29783,chr5,174419024,174419914,890
pre_xx_29784,chr5,174522868,174524702,1834
pre_xx_29785,chr5,174608371,174609547,1176
pre_xx_29786,chr5,174720737,174721474,737
pre_xx_29787,chr5,174723891,174725272,1381
pre_xx_29788,chr5,174731276,174732671,1395
pre_xx_29789,chr5,174735282,174736512,1230
pre_xx_29790,chr5,174750700,174752115,1415
pre_xx_29791,chr5,174793140,174794448,1308
pre_xx_29792,chr5,174909988,174910763,775
pre_xx_29793,chr5,175059553,175060563,1010
pre_xx_29794,chr5,175206654,175207898,1244
pre_xx_29795,chr5,175443247,175445245,1998
pre_xx_29796,chr5,175467859,175468592,733
pre_xx_29797,chr5,175477948,175479741,1793
pre_xx_29798,chr5,175489602,175490461,859
pre_xx_29799,chr5,175533859,175534787,928
pre_xx_29800,chr5,175547073,175548403,1330
pre_xx_29801,chr5,175559344,175560395,1051
pre_xx_29802,chr5,175657081,175659016,1935
pre_xx_29803,chr5,175705871,175707091,1220
pre_xx_29804,chr5,175728813,175730212,1399
pre_xx_29805,chr5,175772465,175773694,1229
pre_xx_29806,chr5,175778484,175779472,988
pre_xx_29807,chr5,175796253,175798030,1777
pre_xx_29808,chr5,175871189,175872872,1683
pre_xx_29809,chr5,175967719,175968394,675
pre_xx_29810,chr5,176131596,176135069,3473
pre_xx_29811,chr5,176151287,176153220,1933
pre_xx_29812,chr5,176169710,176171481,1771
pre_xx_29813,chr5,176171970,176172884,914
pre_xx_29814,chr5,176179993,176181793,1800
pre_xx_29815,chr5,176187218,176188431,1213
pre_xx_29816,chr5,176198684,176200695,2011
pre_xx_29817,chr5,176216326,176218269,1943
pre_xx_29818,chr5,176237887,176238647,760
pre_xx_29819,chr5,176360908,176362101,1193
pre_xx_29820,chr5,176364967,176366569,1602
pre_xx_29821,chr5,176387774,176389570,1796
pre_xx_29822,chr5,176415644,176416997,1353
pre_xx_29823,chr5,176446988,176449246,2258
pre_xx_29824,chr5,176530720,176531577,857
pre_xx_29825,chr5,176533859,176534408,549
pre_xx_29826,chr5,176535495,176538252,2757
pre_xx_29827,chr5,176542309,176544238,1929
pre_xx_29828,chr5,176577488,176578671,1183
pre_xx_29829,chr5,176596263,176597836,1573
pre_xx_29830,chr5,176609306,176610602,1296
pre_xx_29831,chr5,176618876,176620863,1987
pre_xx_29832,chr5,176621481,176622096,615
pre_xx_29833,chr5,176629418,176631064,1646
pre_xx_29834,chr5,176642768,176643694,926
pre_xx_29835,chr5,176646744,176648518,1774
pre_xx_29836,chr5,176657715,176658432,717
pre_xx_29837,chr5,176660633,176661525,892
pre_xx_29838,chr5,176679744,176680644,900
pre_xx_29839,chr5,176692783,176693958,1175
pre_xx_29840,chr5,176697922,176698662,740
pre_xx_29841,chr5,176738807,176740324,1517
pre_xx_29842,chr5,176743089,176743826,737
pre_xx_29843,chr5,176796533,176797983,1450
pre_xx_29844,chr5,176809144,176811671,2527
pre_xx_29845,chr5,176816816,176818366,1550
pre_xx_29846,chr5,176837234,176838156,922
pre_xx_29847,chr5,176862645,176864451,1806
pre_xx_29848,chr5,176874768,176876374,1606
pre_xx_29849,chr5,176994358,176995316,958
pre_xx_29850,chr5,177005191,177007197,2006
pre_xx_29851,chr5,177021890,177023740,1850
pre_xx_29852,chr5,177071468,177072548,1080
pre_xx_29853,chr5,177086087,177087657,1570
pre_xx_29854,chr5,177098097,177099156,1059
pre_xx_29855,chr5,177109646,177110577,931
pre_xx_29856,chr5,177111667,177112177,510
pre_xx_29857,chr5,177116383,177117683,1300
pre_xx_29858,chr5,177131682,177134708,3026
pre_xx_29859,chr5,177302533,177304680,2147
pre_xx_29860,chr5,177310759,177312800,2041
pre_xx_29861,chr5,177350957,177352293,1336
pre_xx_29862,chr5,177362364,177363475,1111
pre_xx_29863,chr5,177366234,177367636,1402
pre_xx_29864,chr5,177370592,177371341,749
pre_xx_29865,chr5,177389255,177391068,1813
pre_xx_29866,chr5,177399927,177400847,920
pre_xx_29867,chr5,177402319,177402967,648
pre_xx_29868,chr5,177403385,177405076,1691
pre_xx_29869,chr5,177425564,177427583,2019
pre_xx_29870,chr5,177435001,177435999,998
pre_xx_29871,chr5,177445978,177448165,2187
pre_xx_29872,chr5,177453931,177456679,2748
pre_xx_29873,chr5,177457124,177458018,894
pre_xx_29874,chr5,177471947,177474480,2533
pre_xx_29875,chr5,177478932,177480707,1775
pre_xx_29876,chr5,177494429,177495815,1386
pre_xx_29877,chr5,177496153,177498727,2574
pre_xx_29878,chr5,177500666,177501244,578
pre_xx_29879,chr5,177516251,177517671,1420
pre_xx_29880,chr5,177552970,177554874,1904
pre_xx_29881,chr5,177591803,177592825,1022
pre_xx_29882,chr5,177599241,177600958,1717
pre_xx_29883,chr5,177607131,177608042,911
pre_xx_29884,chr5,177938313,177939761,1448
pre_xx_29885,chr5,177984116,177985782,1666
pre_xx_29886,chr5,178075535,178076520,985
pre_xx_29887,chr5,178113061,178114859,1798
pre_xx_29888,chr5,178120596,178121962,1366
pre_xx_29889,chr5,178123385,178124917,1532
pre_xx_29890,chr5,178129977,178131871,1894
pre_xx_29891,chr5,178153018,178154826,1808
pre_xx_29892,chr5,178163922,178164944,1022
pre_xx_29893,chr5,178203869,178205637,1768
pre_xx_29894,chr5,178231582,178233104,1522
pre_xx_29895,chr5,178279622,178280441,819
pre_xx_29896,chr5,178306090,178307719,1629
pre_xx_29897,chr5,178331421,178332714,1293
pre_xx_29898,chr5,178336522,178337778,1256
pre_xx_29899,chr5,178356068,178357653,1585
pre_xx_29900,chr5,178361580,178362825,1245
pre_xx_29901,chr5,178376511,178377354,843
pre_xx_29902,chr5,178378552,178379417,865
pre_xx_29903,chr5,178396764,178397687,923
pre_xx_29904,chr5,178416986,178417854,868
pre_xx_29905,chr5,178576478,178577819,1341
pre_xx_29906,chr5,178589311,178591074,1763
pre_xx_29907,chr5,178625022,178627700,2678
pre_xx_29908,chr5,178729525,178731077,1552
pre_xx_29909,chr5,178859533,178860568,1035
pre_xx_29910,chr5,178895456,178897020,1564
pre_xx_29911,chr5,178940379,178941903,1524
pre_xx_29912,chr5,178994010,178995624,1614
pre_xx_29913,chr5,179023139,179024414,1275
pre_xx_29914,chr5,179059811,179061038,1227
pre_xx_29915,chr5,179166582,179167764,1182
pre_xx_29916,chr5,179185090,179187073,1983
pre_xx_29917,chr5,179206332,179207094,762
pre_xx_29918,chr5,179264836,179266072,1236
pre_xx_29919,chr5,179267093,179267659,566
pre_xx_29920,chr5,179313942,179315267,1325
pre_xx_29921,chr5,179343486,179345964,2478
pre_xx_29922,chr5,179530032,179530963,931
pre_xx_29923,chr5,179549631,179551536,1905
pre_xx_29924,chr5,179558857,179560308,1451
pre_xx_29925,chr5,179612475,179614076,1601
pre_xx_29926,chr5,179619193,179619477,284
pre_xx_29927,chr5,179622472,179625176,2704
pre_xx_29928,chr5,179677797,179679437,1640
pre_xx_29929,chr5,179698004,179700204,2200
pre_xx_29930,chr5,179731868,179733859,1991
pre_xx_29931,chr5,179754552,179755694,1142
pre_xx_29932,chr5,179761970,179764116,2146
pre_xx_29933,chr5,179793139,179794136,997
pre_xx_29934,chr5,179795025,179796847,1822
pre_xx_29935,chr5,179803176,179803985,809
pre_xx_29936,chr5,179805366,179807588,2222
pre_xx_29937,chr5,179816561,179817329,768
pre_xx_29938,chr5,179818633,179819778,1145
pre_xx_29939,chr5,179820372,179821967,1595
pre_xx_29940,chr5,179857889,179859641,1752
pre_xx_29941,chr5,179870182,179871809,1627
pre_xx_29942,chr5,179906585,179908257,1672
pre_xx_29943,chr5,180070776,180073122,2346
pre_xx_29944,chr5,180089711,180090761,1050
pre_xx_29945,chr5,180168624,180170749,2125
pre_xx_29946,chr5,180172154,180172762,608
pre_xx_29947,chr5,180177049,180177767,718
pre_xx_29948,chr5,180178756,180180388,1632
pre_xx_29949,chr5,180207361,180209567,2206
pre_xx_29950,chr5,180291166,180293819,2653
pre_xx_29951,chr5,180330749,180332498,1749
pre_xx_29952,chr5,180352087,180354897,2810
pre_xx_29953,chr5,180493865,180495635,1770
pre_xx_29954,chr5,180525910,180526729,819
pre_xx_29955,chr5,180589709,180591916,2207
pre_xx_29956,chr5,180618421,180619491,1070
pre_xx_29957,chr5,180648542,180650516,1974
pre_xx_29958,chr5,180673336,180674465,1129
pre_xx_29959,chr5,180689014,180690427,1413
pre_xx_29960,chr5,180785058,180787369,2311
pre_xx_29961,chr5,180801833,180804044,2211
pre_xx_29962,chr5,180809369,180811221,1852
pre_xx_29963,chr5,180816511,180819012,2501
pre_xx_29964,chr5,180830569,180832175,1606
pre_xx_29965,chr5,180860322,180861913,1591
pre_xx_29966,chr5,180909103,180911352,2249
pre_xx_29967,chr5,181052338,181054147,1809
pre_xx_29968,chr5,181159130,181160746,1616
pre_xx_29969,chr5,181169479,181170826,1347
pre_xx_29970,chr5,181183778,181184490,712
pre_xx_29971,chr5,181187505,181192323,4818
pre_xx_29972,chr5,181203859,181208014,4155
pre_xx_29973,chr5,181216913,181218546,1633
pre_xx_29974,chr5,181221581,181224285,2704
pre_xx_29975,chr5,181243228,181244557,1329
pre_xx_29976,chr5,181245747,181247219,1472
pre_xx_29977,chr5,181259757,181262296,2539
pre_xx_29978,chr6,188561,189189,628
pre_xx_29979,chr6,291222,293585,2363
pre_xx_29980,chr6,323622,325043,1421
pre_xx_29981,chr6,391042,393989,2947
pre_xx_29982,chr6,582161,582920,759
pre_xx_29983,chr6,683538,684430,892
pre_xx_29984,chr6,692261,693859,1598
pre_xx_29985,chr6,710453,712201,1748
pre_xx_29986,chr6,896210,897031,821
pre_xx_29987,chr6,996013,997005,992
pre_xx_29988,chr6,1086536,1087765,1229
pre_xx_29989,chr6,1170070,1171356,1286
pre_xx_29990,chr6,1310775,1312433,1658
pre_xx_29991,chr6,1312589,1313961,1372
pre_xx_29992,chr6,1316265,1316887,622
pre_xx_29993,chr6,1378007,1379758,1751
pre_xx_29994,chr6,1381257,1382470,1213
pre_xx_29995,chr6,1389013,1391158,2145
pre_xx_29996,chr6,1436306,1437061,755
pre_xx_29997,chr6,1574847,1576442,1595
pre_xx_29998,chr6,1594906,1596616,1710
pre_xx_29999,chr6,1603759,1605425,1666
pre_xx_30000,chr6,1608943,1610724,1781
pre_xx_30001,chr6,1611045,1612078,1033
pre_xx_30002,chr6,1613906,1615566,1660
pre_xx_30003,chr6,1623943,1625483,1540
pre_xx_30004,chr6,1677920,1680106,2186
pre_xx_30005,chr6,1849802,1851548,1746
pre_xx_30006,chr6,1871639,1873575,1936
pre_xx_30007,chr6,1903220,1904907,1687
pre_xx_30008,chr6,2244431,2246656,2225
pre_xx_30009,chr6,2353066,2354249,1183
pre_xx_30010,chr6,2430268,2431144,876
pre_xx_30011,chr6,2477381,2478727,1346
pre_xx_30012,chr6,2503753,2504554,801
pre_xx_30013,chr6,2632890,2634874,1984
pre_xx_30014,chr6,2730061,2733001,2940
pre_xx_30015,chr6,2743777,2744723,946
pre_xx_30016,chr6,2764358,2766647,2289
pre_xx_30017,chr6,2790484,2791671,1187
pre_xx_30018,chr6,2797174,2798326,1152
pre_xx_30019,chr6,2817648,2819463,1815
pre_xx_30020,chr6,2839006,2840540,1534
pre_xx_30021,chr6,2840983,2842123,1140
pre_xx_30022,chr6,2846198,2846908,710
pre_xx_30023,chr6,2857487,2859099,1612
pre_xx_30024,chr6,2875000,2877643,2643
pre_xx_30025,chr6,2900407,2903525,3118
pre_xx_30026,chr6,2925588,2926656,1068
pre_xx_30027,chr6,2931596,2932716,1120
pre_xx_30028,chr6,2952366,2953146,780
pre_xx_30029,chr6,2959942,2961245,1303
pre_xx_30030,chr6,2969938,2972053,2115
pre_xx_30031,chr6,2988154,2991231,3077
pre_xx_30032,chr6,2998105,3000501,2396
pre_xx_30033,chr6,3053259,3054741,1482
pre_xx_30034,chr6,3063412,3064657,1245
pre_xx_30035,chr6,3068098,3069534,1436
pre_xx_30036,chr6,3117986,3119518,1532
pre_xx_30037,chr6,3156195,3158338,2143
pre_xx_30038,chr6,3160104,3160634,530
pre_xx_30039,chr6,3162412,3163429,1017
pre_xx_30040,chr6,3226535,3229250,2715
pre_xx_30041,chr6,3230740,3232303,1563
pre_xx_30042,chr6,3247063,3248286,1223
pre_xx_30043,chr6,3251274,3251811,537
pre_xx_30044,chr6,3258368,3259980,1612
pre_xx_30045,chr6,3279230,3279940,710
pre_xx_30046,chr6,3355411,3357385,1974
pre_xx_30047,chr6,3370252,3371247,995
pre_xx_30048,chr6,3402165,3404131,1966
pre_xx_30049,chr6,3455088,3458072,2984
pre_xx_30050,chr6,3612062,3613059,997
pre_xx_30051,chr6,3742199,3743338,1139
pre_xx_30052,chr6,3749776,3752717,2941
pre_xx_30053,chr6,3825226,3826610,1384
pre_xx_30054,chr6,3848460,3850565,2105
pre_xx_30055,chr6,3883715,3884578,863
pre_xx_30056,chr6,3911586,3913552,1966
pre_xx_30057,chr6,3990416,3991558,1142
pre_xx_30058,chr6,4017841,4019013,1172
pre_xx_30059,chr6,4020882,4022636,1754
pre_xx_30060,chr6,4133933,4134514,581
pre_xx_30061,chr6,4134855,4136425,1570
pre_xx_30062,chr6,4155551,4156247,696
pre_xx_30063,chr6,4224023,4225377,1354
pre_xx_30064,chr6,4280613,4282542,1929
pre_xx_30065,chr6,4358305,4359356,1051
pre_xx_30066,chr6,4647208,4648095,887
pre_xx_30067,chr6,4774666,4777512,2846
pre_xx_30068,chr6,4805858,4807520,1662
pre_xx_30069,chr6,5003207,5004682,1475
pre_xx_30070,chr6,5025686,5026846,1160
pre_xx_30071,chr6,5084195,5086675,2480
pre_xx_30072,chr6,5213843,5215387,1544
pre_xx_30073,chr6,5259942,5262427,2485
pre_xx_30074,chr6,5310360,5311286,926
pre_xx_30075,chr6,5827175,5828853,1678
pre_xx_30076,chr6,5850473,5851802,1329
pre_xx_30077,chr6,5995904,5997782,1878
pre_xx_30078,chr6,6001958,6002606,648
pre_xx_30079,chr6,6003317,6004143,826
pre_xx_30080,chr6,6006744,6009417,2673
pre_xx_30081,chr6,6545790,6547665,1875
pre_xx_30082,chr6,6556034,6557270,1236
pre_xx_30083,chr6,6665085,6666226,1141
pre_xx_30084,chr6,6676661,6677480,819
pre_xx_30085,chr6,6694434,6695900,1466
pre_xx_30086,chr6,6699781,6700903,1122
pre_xx_30087,chr6,6723584,6725459,1875
pre_xx_30088,chr6,6736380,6737704,1324
pre_xx_30089,chr6,6747991,6748975,984
pre_xx_30090,chr6,6758433,6759684,1251
pre_xx_30091,chr6,6810832,6812038,1206
pre_xx_30092,chr6,6833912,6835325,1413
pre_xx_30093,chr6,6890226,6892259,2033
pre_xx_30094,chr6,7050836,7053061,2225
pre_xx_30095,chr6,7106622,7109808,3186
pre_xx_30096,chr6,7140583,7141897,1314
pre_xx_30097,chr6,7219878,7221182,1304
pre_xx_30098,chr6,7238714,7239509,795
pre_xx_30099,chr6,7242873,7243781,908
pre_xx_30100,chr6,7260471,7262213,1742
pre_xx_30101,chr6,7311919,7313725,1806
pre_xx_30102,chr6,7388787,7390555,1768
pre_xx_30103,chr6,7468024,7469074,1050
pre_xx_30104,chr6,7479681,7480431,750
pre_xx_30105,chr6,7504808,7505917,1109
pre_xx_30106,chr6,7541075,7543318,2243
pre_xx_30107,chr6,7589733,7591179,1446
pre_xx_30108,chr6,7725644,7728841,3197
pre_xx_30109,chr6,7909228,7911711,2483
pre_xx_30110,chr6,7919602,7920367,765
pre_xx_30111,chr6,8063534,8064783,1249
pre_xx_30112,chr6,8101635,8102866,1231
pre_xx_30113,chr6,8229522,8230693,1171
pre_xx_30114,chr6,8434325,8436184,1859
pre_xx_30115,chr6,9139573,9141493,1920
pre_xx_30116,chr6,9397970,9399422,1452
pre_xx_30117,chr6,9555176,9556169,993
pre_xx_30118,chr6,10098697,10100024,1327
pre_xx_30119,chr6,10381182,10382684,1502
pre_xx_30120,chr6,10389680,10391215,1535
pre_xx_30121,chr6,10403631,10405051,1420
pre_xx_30122,chr6,10411545,10413185,1640
pre_xx_30123,chr6,10416801,10417502,701
pre_xx_30124,chr6,10425274,10426928,1654
pre_xx_30125,chr6,10451474,10452362,888
pre_xx_30126,chr6,10520479,10521615,1136
pre_xx_30127,chr6,10555290,10556367,1077
pre_xx_30128,chr6,10559499,10560540,1041
pre_xx_30129,chr6,10565050,10566258,1208
pre_xx_30130,chr6,10582578,10583893,1315
pre_xx_30131,chr6,10693677,10695636,1959
pre_xx_30132,chr6,10719627,10721681,2054
pre_xx_30133,chr6,10722363,10723723,1360
pre_xx_30134,chr6,10746642,10748364,1722
pre_xx_30135,chr6,10749656,10750775,1119
pre_xx_30136,chr6,10837010,10839025,2015
pre_xx_30137,chr6,10881453,10882217,764
pre_xx_30138,chr6,10886301,10887839,1538
pre_xx_30139,chr6,11042945,11045023,2078
pre_xx_30140,chr6,11092893,11094973,2080
pre_xx_30141,chr6,11111398,11112308,910
pre_xx_30142,chr6,11231587,11233438,1851
pre_xx_30143,chr6,11269783,11270903,1120
pre_xx_30144,chr6,11472828,11473722,894
pre_xx_30145,chr6,11474184,11475513,1329
pre_xx_30146,chr6,11495434,11497010,1576
pre_xx_30147,chr6,11536683,11538990,2307
pre_xx_30148,chr6,11609134,11610128,994
pre_xx_30149,chr6,11655400,11656284,884
pre_xx_30150,chr6,11686725,11688606,1881
pre_xx_30151,chr6,11769829,11771237,1408
pre_xx_30152,chr6,11809576,11811409,1833
pre_xx_30153,chr6,11829898,11830584,686
pre_xx_30154,chr6,11833695,11834558,863
pre_xx_30155,chr6,12008258,12009332,1074
pre_xx_30156,chr6,12010729,12013575,2846
pre_xx_30157,chr6,12233639,12234392,753
pre_xx_30158,chr6,12289294,12290790,1496
pre_xx_30159,chr6,12291896,12292636,740
pre_xx_30160,chr6,12327282,12328955,1673
pre_xx_30161,chr6,12748797,12750333,1536
pre_xx_30162,chr6,12956840,12958459,1619
pre_xx_30163,chr6,13013045,13015181,2136
pre_xx_30164,chr6,13250026,13251566,1540
pre_xx_30165,chr6,13327524,13329073,1549
pre_xx_30166,chr6,13444888,13445732,844
pre_xx_30167,chr6,13485892,13488593,2701
pre_xx_30168,chr6,13573558,13575440,1882
pre_xx_30169,chr6,13608929,13610111,1182
pre_xx_30170,chr6,13614200,13616243,2043
pre_xx_30171,chr6,13709614,13712838,3224
pre_xx_30172,chr6,13732804,13734010,1206
pre_xx_30173,chr6,13767065,13767856,791
pre_xx_30174,chr6,13813128,13815141,2013
pre_xx_30175,chr6,13848348,13849406,1058
pre_xx_30176,chr6,13859640,13861429,1789
pre_xx_30177,chr6,13873119,13874305,1186
pre_xx_30178,chr6,13923752,13925870,2118
pre_xx_30179,chr6,14074447,14075560,1113
pre_xx_30180,chr6,14117042,14118786,1744
pre_xx_30181,chr6,14129265,14130216,951
pre_xx_30182,chr6,14209947,14211980,2033
pre_xx_30183,chr6,14274793,14277493,2700
pre_xx_30184,chr6,14339207,14340553,1346
pre_xx_30185,chr6,14449307,14451634,2327
pre_xx_30186,chr6,14476486,14477699,1213
pre_xx_30187,chr6,14544197,14545075,878
pre_xx_30188,chr6,14621315,14623608,2293
pre_xx_30189,chr6,14660484,14661470,986
pre_xx_30190,chr6,14670070,14671930,1860
pre_xx_30191,chr6,14854282,14855895,1613
pre_xx_30192,chr6,14932500,14933529,1029
pre_xx_30193,chr6,15088945,15091086,2141
pre_xx_30194,chr6,15244314,15246132,1818
pre_xx_30195,chr6,15247896,15249345,1449
pre_xx_30196,chr6,15303115,15304969,1854
pre_xx_30197,chr6,15312459,15313743,1284
pre_xx_30198,chr6,15389372,15390714,1342
pre_xx_30199,chr6,15399623,15401078,1455
pre_xx_30200,chr6,15490890,15492445,1555
pre_xx_30201,chr6,15501769,15502884,1115
pre_xx_30202,chr6,15504006,15505638,1632
pre_xx_30203,chr6,15661800,15663312,1512
pre_xx_30204,chr6,15690244,15691836,1592
pre_xx_30205,chr6,15879439,15880484,1045
pre_xx_30206,chr6,15949073,15950410,1337
pre_xx_30207,chr6,16128458,16131319,2861
pre_xx_30208,chr6,16216189,16219004,2815
pre_xx_30209,chr6,16222617,16224106,1489
pre_xx_30210,chr6,16228601,16230456,1855
pre_xx_30211,chr6,16238068,16239912,1844
pre_xx_30212,chr6,16331181,16332693,1512
pre_xx_30213,chr6,16360365,16362463,2098
pre_xx_30214,chr6,16430081,16431432,1351
pre_xx_30215,chr6,16496214,16497823,1609
pre_xx_30216,chr6,16511649,16514681,3032
pre_xx_30217,chr6,16519429,16520245,816
pre_xx_30218,chr6,16658179,16660413,2234
pre_xx_30219,chr6,16676689,16677840,1151
pre_xx_30220,chr6,16724860,16726067,1207
pre_xx_30221,chr6,16759650,16762773,3123
pre_xx_30222,chr6,16762876,16763312,436
pre_xx_30223,chr6,16803093,16804203,1110
pre_xx_30224,chr6,16964468,16965352,884
pre_xx_30225,chr6,17015058,17016486,1428
pre_xx_30226,chr6,17101339,17102525,1186
pre_xx_30227,chr6,17280240,17282466,2226
pre_xx_30228,chr6,17393032,17394669,1637
pre_xx_30229,chr6,17506414,17507661,1247
pre_xx_30230,chr6,17579798,17582139,2341
pre_xx_30231,chr6,17583667,17584679,1012
pre_xx_30232,chr6,17599797,17601604,1807
pre_xx_30233,chr6,17705341,17707243,1902
pre_xx_30234,chr6,17864913,17866154,1241
pre_xx_30235,chr6,17986510,17988697,2187
pre_xx_30236,chr6,18022450,18023709,1259
pre_xx_30237,chr6,18122010,18122925,915
pre_xx_30238,chr6,18154367,18156451,2084
pre_xx_30239,chr6,18263329,18265297,1968
pre_xx_30240,chr6,18276691,18277957,1266
pre_xx_30241,chr6,18386836,18388659,1823
pre_xx_30242,chr6,18892604,18894656,2052
pre_xx_30243,chr6,19690951,19692820,1869
pre_xx_30244,chr6,19803110,19805453,2343
pre_xx_30245,chr6,19836597,19839356,2759
pre_xx_30246,chr6,19851124,19852216,1092
pre_xx_30247,chr6,20200393,20201659,1266
pre_xx_30248,chr6,20210991,20213078,2087
pre_xx_30249,chr6,20400543,20404839,4296
pre_xx_30250,chr6,20533893,20535290,1397
pre_xx_30251,chr6,20867891,20869084,1193
pre_xx_30252,chr6,21166369,21168356,1987
pre_xx_30253,chr6,21393241,21394356,1115
pre_xx_30254,chr6,21468001,21469055,1054
pre_xx_30255,chr6,21478502,21480004,1502
pre_xx_30256,chr6,21500017,21501486,1469
pre_xx_30257,chr6,21536902,21538800,1898
pre_xx_30258,chr6,21586791,21589514,2723
pre_xx_30259,chr6,21593249,21595749,2500
pre_xx_30260,chr6,21596111,21597222,1111
pre_xx_30261,chr6,21655566,21657002,1436
pre_xx_30262,chr6,21664119,21667701,3582
pre_xx_30263,chr6,21769108,21770270,1162
pre_xx_30264,chr6,21779927,21782011,2084
pre_xx_30265,chr6,21831064,21832354,1290
pre_xx_30266,chr6,21845962,21847676,1714
pre_xx_30267,chr6,21907945,21909549,1604
pre_xx_30268,chr6,21953406,21955343,1937
pre_xx_30269,chr6,21986640,21987971,1331
pre_xx_30270,chr6,22035966,22036938,972
pre_xx_30271,chr6,22132736,22133897,1161
pre_xx_30272,chr6,22146615,22149460,2845
pre_xx_30273,chr6,22630351,22632109,1758
pre_xx_30274,chr6,22827683,22828800,1117
pre_xx_30275,chr6,23176810,23178098,1288
pre_xx_30276,chr6,24032377,24033648,1271
pre_xx_30277,chr6,24034712,24035522,810
pre_xx_30278,chr6,24051905,24053473,1568
pre_xx_30279,chr6,24098673,24099524,851
pre_xx_30280,chr6,24125629,24127128,1499
pre_xx_30281,chr6,24282797,24284301,1504
pre_xx_30282,chr6,24313024,24314067,1043
pre_xx_30283,chr6,24357235,24358568,1333
pre_xx_30284,chr6,24359593,24360432,839
pre_xx_30285,chr6,24402549,24403953,1404
pre_xx_30286,chr6,24494344,24495893,1549
pre_xx_30287,chr6,24583116,24584588,1472
pre_xx_30288,chr6,24632177,24633277,1100
pre_xx_30289,chr6,24645336,24646777,1441
pre_xx_30290,chr6,24665952,24667731,1779
pre_xx_30291,chr6,24719119,24721820,2701
pre_xx_30292,chr6,24774364,24775984,1620
pre_xx_30293,chr6,24909860,24911619,1759
pre_xx_30294,chr6,24980503,24981763,1260
pre_xx_30295,chr6,25278354,25281326,2972
pre_xx_30296,chr6,25406951,25408187,1236
pre_xx_30297,chr6,25489239,25490447,1208
pre_xx_30298,chr6,25523703,25525092,1389
pre_xx_30299,chr6,25651643,25652614,971
pre_xx_30300,chr6,25674463,25675866,1403
pre_xx_30301,chr6,25748140,25749263,1123
pre_xx_30302,chr6,25961988,25963884,1896
pre_xx_30303,chr6,25991653,25993213,1560
pre_xx_30304,chr6,26016101,26017111,1010
pre_xx_30305,chr6,26017382,26018003,621
pre_xx_30306,chr6,26020084,26022388,2304
pre_xx_30307,chr6,26026053,26027531,1478
pre_xx_30308,chr6,26031668,26034307,2639
pre_xx_30309,chr6,26042957,26045823,2866
pre_xx_30310,chr6,26054230,26057091,2861
pre_xx_30311,chr6,26087145,26088605,1460
pre_xx_30312,chr6,26103059,26105041,1982
pre_xx_30313,chr6,26122461,26124640,2179
pre_xx_30314,chr6,26125196,26126437,1241
pre_xx_30315,chr6,26156133,26159631,3498
pre_xx_30316,chr6,26171414,26173150,1736
pre_xx_30317,chr6,26183071,26184319,1248
pre_xx_30318,chr6,26188063,26189514,1451
pre_xx_30319,chr6,26195295,26195870,575
pre_xx_30320,chr6,26196704,26197609,905
pre_xx_30321,chr6,26198790,26200024,1234
pre_xx_30322,chr6,26203892,26206489,2597
pre_xx_30323,chr6,26214899,26218137,3238
pre_xx_30324,chr6,26223249,26226205,2956
pre_xx_30325,chr6,26232561,26235166,2605
pre_xx_30326,chr6,26239823,26241664,1841
pre_xx_30327,chr6,26249389,26251003,1614
pre_xx_30328,chr6,26251258,26252064,806
pre_xx_30329,chr6,26270589,26271739,1150
pre_xx_30330,chr6,26272100,26274443,2343
pre_xx_30331,chr6,26283824,26286685,2861
pre_xx_30332,chr6,26304565,26305953,1388
pre_xx_30333,chr6,26310990,26313738,2748
pre_xx_30334,chr6,26321839,26323240,1401
pre_xx_30335,chr6,26330842,26332755,1913
pre_xx_30336,chr6,26340987,26342239,1252
pre_xx_30337,chr6,26364078,26365712,1634
pre_xx_30338,chr6,26382826,26384323,1497
pre_xx_30339,chr6,26401497,26402669,1172
pre_xx_30340,chr6,26420466,26422237,1771
pre_xx_30341,chr6,26439854,26441230,1376
pre_xx_30342,chr6,26457166,26458758,1592
pre_xx_30343,chr6,26473475,26474897,1422
pre_xx_30344,chr6,26501043,26503239,2196
pre_xx_30345,chr6,26520313,26522472,2159
pre_xx_30346,chr6,26532585,26533497,912
pre_xx_30347,chr6,26536602,26538878,2276
pre_xx_30348,chr6,26550232,26550937,705
pre_xx_30349,chr6,26552938,26555531,2593
pre_xx_30350,chr6,26568053,26569393,1340
pre_xx_30351,chr6,26571511,26572857,1346
pre_xx_30352,chr6,26595317,26596250,933
pre_xx_30353,chr6,26596448,26597496,1048
pre_xx_30354,chr6,26613141,26614767,1626
pre_xx_30355,chr6,26658728,26660567,1839
pre_xx_30356,chr6,26955898,26957176,1278
pre_xx_30357,chr6,27018863,27020547,1684
pre_xx_30358,chr6,27047220,27048154,934
pre_xx_30359,chr6,27059334,27060335,1001
pre_xx_30360,chr6,27078509,27079221,712
pre_xx_30361,chr6,27091461,27092453,992
pre_xx_30362,chr6,27096480,27097576,1096
pre_xx_30363,chr6,27126822,27127492,670
pre_xx_30364,chr6,27131402,27134131,2729
pre_xx_30365,chr6,27138935,27140218,1283
pre_xx_30366,chr6,27145207,27147934,2727
pre_xx_30367,chr6,27157031,27158422,1391
pre_xx_30368,chr6,27176578,27178697,2119
pre_xx_30369,chr6,27187379,27189190,1811
pre_xx_30370,chr6,27250573,27252158,1585
pre_xx_30371,chr6,27311433,27313059,1626
pre_xx_30372,chr6,27332627,27333729,1102
pre_xx_30373,chr6,27374220,27376047,1827
pre_xx_30374,chr6,27388042,27389716,1674
pre_xx_30375,chr6,27471534,27473567,2033
pre_xx_30376,chr6,27478035,27480065,2030
pre_xx_30377,chr6,27494772,27496457,1685
pre_xx_30378,chr6,27502324,27503954,1630
pre_xx_30379,chr6,27518295,27519833,1538
pre_xx_30380,chr6,27605004,27606298,1294
pre_xx_30381,chr6,27616687,27618531,1844
pre_xx_30382,chr6,27630405,27631832,1427
pre_xx_30383,chr6,27687194,27688583,1389
pre_xx_30384,chr6,27693387,27694837,1450
pre_xx_30385,chr6,27752014,27753628,1614
pre_xx_30386,chr6,27753941,27754403,462
pre_xx_30387,chr6,27757217,27757769,552
pre_xx_30388,chr6,27772089,27772854,765
pre_xx_30389,chr6,27791170,27793247,2077
pre_xx_30390,chr6,27806682,27808644,1962
pre_xx_30391,chr6,27809799,27810644,845
pre_xx_30392,chr6,27813964,27815906,1942
pre_xx_30393,chr6,27823460,27825411,1951
pre_xx_30394,chr6,27830114,27831807,1693
pre_xx_30395,chr6,27836733,27840017,3284
pre_xx_30396,chr6,27863760,27865753,1993
pre_xx_30397,chr6,27865996,27867733,1737
pre_xx_30398,chr6,27871588,27873925,2337
pre_xx_30399,chr6,27890203,27891080,877
pre_xx_30400,chr6,27892524,27893869,1345
pre_xx_30401,chr6,27894250,27895848,1598
pre_xx_30402,chr6,27902167,27903729,1562
pre_xx_30403,chr6,28000378,28001497,1119
pre_xx_30404,chr6,28079819,28081698,1879
pre_xx_30405,chr6,28089978,28092961,2983
pre_xx_30406,chr6,28104264,28105692,1428
pre_xx_30407,chr6,28123940,28125139,1199
pre_xx_30408,chr6,28136176,28137851,1675
pre_xx_30409,chr6,28141371,28142340,969
pre_xx_30410,chr6,28161334,28162073,739
pre_xx_30411,chr6,28206843,28208495,1652
pre_xx_30412,chr6,28218340,28219187,847
pre_xx_30413,chr6,28224670,28226288,1618
pre_xx_30414,chr6,28251409,28252947,1538
pre_xx_30415,chr6,28266572,28267789,1217
pre_xx_30416,chr6,28281160,28282270,1110
pre_xx_30417,chr6,28335009,28337520,2511
pre_xx_30418,chr6,28349526,28350462,936
pre_xx_30419,chr6,28355340,28356686,1346
pre_xx_30420,chr6,28382984,28383906,922
pre_xx_30421,chr6,28399082,28400222,1140
pre_xx_30422,chr6,28442460,28443679,1219
pre_xx_30423,chr6,28446550,28447566,1016
pre_xx_30424,chr6,28488740,28490696,1956
pre_xx_30425,chr6,28491243,28492035,792
pre_xx_30426,chr6,28522716,28524009,1293
pre_xx_30427,chr6,28536817,28537972,1155
pre_xx_30428,chr6,28542302,28544662,2360
pre_xx_30429,chr6,28553127,28554835,1708
pre_xx_30430,chr6,28586246,28588009,1763
pre_xx_30431,chr6,28588776,28590263,1487
pre_xx_30432,chr6,28606304,28608460,2156
pre_xx_30433,chr6,28634357,28636127,1770
pre_xx_30434,chr6,28647906,28649396,1490
pre_xx_30435,chr6,28657068,28659386,2318
pre_xx_30436,chr6,28673424,28674766,1342
pre_xx_30437,chr6,28728371,28729630,1259
pre_xx_30438,chr6,28752303,28753108,805
pre_xx_30439,chr6,28765450,28767062,1612
pre_xx_30440,chr6,28772786,28773590,804
pre_xx_30441,chr6,28775138,28776790,1652
pre_xx_30442,chr6,28837274,28839553,2279
pre_xx_30443,chr6,28863394,28864503,1109
pre_xx_30444,chr6,28865475,28867335,1860
pre_xx_30445,chr6,28880307,28881619,1312
pre_xx_30446,chr6,28895261,28897339,2078
pre_xx_30447,chr6,28922157,28924576,2419
pre_xx_30448,chr6,28939963,28941872,1909
pre_xx_30449,chr6,28943568,28944687,1119
pre_xx_30450,chr6,28952840,28954586,1746
pre_xx_30451,chr6,28980662,28982863,2201
pre_xx_30452,chr6,28984565,28985919,1354
pre_xx_30453,chr6,29005006,29005833,827
pre_xx_30454,chr6,29010988,29011835,847
pre_xx_30455,chr6,29016322,29017373,1051
pre_xx_30456,chr6,29552330,29554046,1716
pre_xx_30457,chr6,29593273,29594197,924
pre_xx_30458,chr6,29627106,29629033,1927
pre_xx_30459,chr6,29632113,29633902,1789
pre_xx_30460,chr6,29649449,29650383,934
pre_xx_30461,chr6,29722924,29724487,1563
pre_xx_30462,chr6,29748253,29749477,1224
pre_xx_30463,chr6,29752335,29753378,1043
pre_xx_30464,chr6,29791788,29793261,1473
pre_xx_30465,chr6,29887209,29888716,1507
pre_xx_30466,chr6,29925345,29927510,2165
pre_xx_30467,chr6,29941418,29943564,2146
pre_xx_30468,chr6,29964495,29966444,1949
pre_xx_30469,chr6,29976154,29977462,1308
pre_xx_30470,chr6,30005898,30007645,1747
pre_xx_30471,chr6,30060055,30062014,1959
pre_xx_30472,chr6,30066377,30067659,1282
pre_xx_30473,chr6,30071152,30071718,566
pre_xx_30474,chr6,30073803,30076232,2429
pre_xx_30475,chr6,30101523,30102376,853
pre_xx_30476,chr6,30102857,30103687,830
pre_xx_30477,chr6,30127111,30128066,955
pre_xx_30478,chr6,30130678,30131380,702
pre_xx_30479,chr6,30171417,30172599,1182
pre_xx_30480,chr6,30212683,30214720,2037
pre_xx_30481,chr6,30259005,30260614,1609
pre_xx_30482,chr6,30325014,30327625,2611
pre_xx_30483,chr6,30344537,30345789,1252
pre_xx_30484,chr6,30356278,30356978,700
pre_xx_30485,chr6,30357165,30358510,1345
pre_xx_30486,chr6,30396545,30398068,1523
pre_xx_30487,chr6,30450590,30451772,1182
pre_xx_30488,chr6,30453226,30453990,764
pre_xx_30489,chr6,30465999,30466990,991
pre_xx_30490,chr6,30481079,30482398,1319
pre_xx_30491,chr6,30489012,30490521,1509
pre_xx_30492,chr6,30493442,30495376,1934
pre_xx_30493,chr6,30515454,30516817,1363
pre_xx_30494,chr6,30541435,30542673,1238
pre_xx_30495,chr6,30555185,30557715,2530
pre_xx_30496,chr6,30570509,30572005,1496
pre_xx_30497,chr6,30614443,30616339,1896
pre_xx_30498,chr6,30616558,30618158,1600
pre_xx_30499,chr6,30626153,30627589,1436
pre_xx_30500,chr6,30646128,30648200,2072
pre_xx_30501,chr6,30671952,30673285,1333
pre_xx_30502,chr6,30678815,30680016,1201
pre_xx_30503,chr6,30686249,30688038,1789
pre_xx_30504,chr6,30690396,30691269,873
pre_xx_30505,chr6,30695334,30695802,468
pre_xx_30506,chr6,30716864,30717813,949
pre_xx_30507,chr6,30719737,30720446,709
pre_xx_30508,chr6,30720798,30721793,995
pre_xx_30509,chr6,30722450,30722869,419
pre_xx_30510,chr6,30730560,30731363,803
pre_xx_30511,chr6,30741839,30744770,2931
pre_xx_30512,chr6,30778647,30779910,1263
pre_xx_30513,chr6,30781463,30782331,868
pre_xx_30514,chr6,30861718,30862869,1151
pre_xx_30515,chr6,30877334,30878052,718
pre_xx_30516,chr6,30880670,30881253,583
pre_xx_30517,chr6,30882334,30883447,1113
pre_xx_30518,chr6,30883603,30885365,1762
pre_xx_30519,chr6,30886007,30886749,742
pre_xx_30520,chr6,30907345,30908706,1361
pre_xx_30521,chr6,30913370,30915936,2566
pre_xx_30522,chr6,30942359,30943599,1240
pre_xx_30523,chr6,30954663,30956195,1532
pre_xx_30524,chr6,30978771,30979594,823
pre_xx_30525,chr6,30981848,30982659,811
pre_xx_30526,chr6,31070399,31071089,690
pre_xx_30527,chr6,31079287,31080115,828
pre_xx_30528,chr6,31122654,31123648,994
pre_xx_30529,chr6,31137266,31138145,879
pre_xx_30530,chr6,31157445,31159598,2153
pre_xx_30531,chr6,31180188,31181014,826
pre_xx_30532,chr6,31195356,31198350,2994
pre_xx_30533,chr6,31270881,31272694,1813
pre_xx_30534,chr6,31355973,31357724,1751
pre_xx_30535,chr6,31366524,31367423,899
pre_xx_30536,chr6,31399369,31400844,1475
pre_xx_30537,chr6,31402786,31404231,1445
pre_xx_30538,chr6,31441184,31442397,1213
pre_xx_30539,chr6,31462330,31463777,1447
pre_xx_30540,chr6,31476180,31477044,864
pre_xx_30541,chr6,31493765,31495023,1258
pre_xx_30542,chr6,31497383,31498437,1054
pre_xx_30543,chr6,31528100,31530125,2025
pre_xx_30544,chr6,31541017,31542683,1666
pre_xx_30545,chr6,31546211,31547786,1575
pre_xx_30546,chr6,31580326,31581842,1516
pre_xx_30547,chr6,31619694,31621410,1716
pre_xx_30548,chr6,31636996,31638511,1515
pre_xx_30549,chr6,31651431,31653426,1995
pre_xx_30550,chr6,31659558,31661064,1506
pre_xx_30551,chr6,31664563,31666816,2253
pre_xx_30552,chr6,31680415,31681773,1358
pre_xx_30553,chr6,31682793,31683917,1124
pre_xx_30554,chr6,31701604,31704029,2425
pre_xx_30555,chr6,31713501,31714682,1181
pre_xx_30556,chr6,31728281,31730505,2224
pre_xx_30557,chr6,31734633,31736680,2047
pre_xx_30558,chr6,31737419,31738554,1135
pre_xx_30559,chr6,31739206,31740639,1433
pre_xx_30560,chr6,31765658,31766827,1169
pre_xx_30561,chr6,31776414,31777668,1254
pre_xx_30562,chr6,31794345,31796358,2013
pre_xx_30563,chr6,31806044,31807625,1581
pre_xx_30564,chr6,31813953,31815745,1792
pre_xx_30565,chr6,31817969,31819625,1656
pre_xx_30566,chr6,31821202,31822565,1363
pre_xx_30567,chr6,31826537,31827960,1423
pre_xx_30568,chr6,31829734,31830178,444
pre_xx_30569,chr6,31830305,31832143,1838
pre_xx_30570,chr6,31834259,31835381,1122
pre_xx_30571,chr6,31862018,31864199,2181
pre_xx_30572,chr6,31876957,31878007,1050
pre_xx_30573,chr6,31896751,31897995,1244
pre_xx_30574,chr6,31898202,31898659,457
pre_xx_30575,chr6,31900902,31902769,1867
pre_xx_30576,chr6,31958155,31959661,1506
pre_xx_30577,chr6,31971224,31973087,1863
pre_xx_30578,chr6,32075970,32076790,820
pre_xx_30579,chr6,32086152,32088749,2597
pre_xx_30580,chr6,32092697,32093813,1116
pre_xx_30581,chr6,32095321,32097201,1880
pre_xx_30582,chr6,32107957,32109862,1905
pre_xx_30583,chr6,32113709,32114434,725
pre_xx_30584,chr6,32118562,32119603,1041
pre_xx_30585,chr6,32127030,32128561,1531
pre_xx_30586,chr6,32129474,32130768,1294
pre_xx_30587,chr6,32139512,32140937,1425
pre_xx_30588,chr6,32150007,32150738,731
pre_xx_30589,chr6,32152771,32154934,2163
pre_xx_30590,chr6,32175624,32176363,739
pre_xx_30591,chr6,32177067,32178921,1854
pre_xx_30592,chr6,32188289,32190926,2637
pre_xx_30593,chr6,32195047,32197081,2034
pre_xx_30594,chr6,32244022,32245591,1569
pre_xx_30595,chr6,32254404,32255975,1571
pre_xx_30596,chr6,32415254,32416262,1008
pre_xx_30597,chr6,32521327,32522823,1496
pre_xx_30598,chr6,32583486,32584915,1429
pre_xx_30599,chr6,32609412,32610310,898
pre_xx_30600,chr6,32664555,32665397,842
pre_xx_30601,chr6,32666165,32666950,785
pre_xx_30602,chr6,32796591,32797739,1148
pre_xx_30603,chr6,32825722,32827715,1993
pre_xx_30604,chr6,32837610,32839143,1533
pre_xx_30605,chr6,32843440,32845040,1600
pre_xx_30606,chr6,32852434,32854690,2256
pre_xx_30607,chr6,32860792,32861786,994
pre_xx_30608,chr6,32867015,32868519,1504
pre_xx_30609,chr6,32885527,32887952,2425
pre_xx_30610,chr6,32893376,32895484,2108
pre_xx_30611,chr6,32940505,32941791,1286
pre_xx_30612,chr6,32968033,32970465,2432
pre_xx_30613,chr6,32970706,32971074,368
pre_xx_30614,chr6,32971507,32972511,1004
pre_xx_30615,chr6,32981614,32983561,1947
pre_xx_30616,chr6,32984352,32985150,798
pre_xx_30617,chr6,33008990,33009910,920
pre_xx_30618,chr6,33080154,33081313,1159
pre_xx_30619,chr6,33160684,33162157,1473
pre_xx_30620,chr6,33191327,33193637,2310
pre_xx_30621,chr6,33197492,33197967,475
pre_xx_30622,chr6,33199768,33201291,1523
pre_xx_30623,chr6,33204329,33205127,798
pre_xx_30624,chr6,33207476,33208908,1432
pre_xx_30625,chr6,33212964,33214399,1435
pre_xx_30626,chr6,33247795,33250104,2309
pre_xx_30627,chr6,33271175,33272475,1300
pre_xx_30628,chr6,33276649,33278246,1597
pre_xx_30629,chr6,33288491,33290074,1583
pre_xx_30630,chr6,33297381,33300265,2884
pre_xx_30631,chr6,33312017,33314827,2810
pre_xx_30632,chr6,33317213,33318335,1122
pre_xx_30633,chr6,33322502,33323929,1427
pre_xx_30634,chr6,33344701,33345775,1074
pre_xx_30635,chr6,33374052,33375767,1715
pre_xx_30636,chr6,33390844,33392671,1827
pre_xx_30637,chr6,33409448,33411426,1978
pre_xx_30638,chr6,33417102,33418745,1643
pre_xx_30639,chr6,33419712,33420601,889
pre_xx_30640,chr6,33425045,33426886,1841
pre_xx_30641,chr6,33427520,33428499,979
pre_xx_30642,chr6,33430986,33431533,547
pre_xx_30643,chr6,33433007,33433999,992
pre_xx_30644,chr6,33453384,33455246,1862
pre_xx_30645,chr6,33570679,33572045,1366
pre_xx_30646,chr6,33579287,33580613,1326
pre_xx_30647,chr6,33585264,33586145,881
pre_xx_30648,chr6,33589158,33590545,1387
pre_xx_30649,chr6,33592527,33593527,1000
pre_xx_30650,chr6,33619884,33622424,2540
pre_xx_30651,chr6,33632553,33634776,2223
pre_xx_30652,chr6,33670844,33672111,1267
pre_xx_30653,chr6,33691588,33692490,902
pre_xx_30654,chr6,33710792,33712180,1388
pre_xx_30655,chr6,33742169,33743293,1124
pre_xx_30656,chr6,33744009,33745117,1108
pre_xx_30657,chr6,33760457,33762504,2047
pre_xx_30658,chr6,33771016,33772244,1228
pre_xx_30659,chr6,33780854,33782459,1605
pre_xx_30660,chr6,33787409,33789381,1972
pre_xx_30661,chr6,33794526,33795655,1129
pre_xx_30662,chr6,33812469,33813238,769
pre_xx_30663,chr6,33837692,33839295,1603
pre_xx_30664,chr6,33842771,33844046,1275
pre_xx_30665,chr6,33851779,33852420,641
pre_xx_30666,chr6,33854350,33855197,847
pre_xx_30667,chr6,33869706,33870542,836
pre_xx_30668,chr6,33877772,33879186,1414
pre_xx_30669,chr6,33924962,33926756,1794
pre_xx_30670,chr6,33934641,33936046,1405
pre_xx_30671,chr6,33967210,33968720,1510
pre_xx_30672,chr6,33978150,33979283,1133
pre_xx_30673,chr6,33983982,33984718,736
pre_xx_30674,chr6,33994774,33995925,1151
pre_xx_30675,chr6,34039739,34040594,855
pre_xx_30676,chr6,34056099,34057259,1160
pre_xx_30677,chr6,34065348,34066250,902
pre_xx_30678,chr6,34078695,34079790,1095
pre_xx_30679,chr6,34094076,34095039,963
pre_xx_30680,chr6,34098332,34099491,1159
pre_xx_30681,chr6,34102737,34103750,1013
pre_xx_30682,chr6,34132359,34132909,550
pre_xx_30683,chr6,34142157,34142949,792
pre_xx_30684,chr6,34143750,34146216,2466
pre_xx_30685,chr6,34154188,34155406,1218
pre_xx_30686,chr6,34195819,34196917,1098
pre_xx_30687,chr6,34223336,34224675,1339
pre_xx_30688,chr6,34234790,34238358,3568
pre_xx_30689,chr6,34248303,34249630,1327
pre_xx_30690,chr6,34331004,34332084,1080
pre_xx_30691,chr6,34390795,34393224,2429
pre_xx_30692,chr6,34424853,34426542,1689
pre_xx_30693,chr6,34465246,34466672,1426
pre_xx_30694,chr6,34490434,34491532,1098
pre_xx_30695,chr6,34514432,34515492,1060
pre_xx_30696,chr6,34526248,34527597,1349
pre_xx_30697,chr6,34531372,34532764,1392
pre_xx_30698,chr6,34545775,34547336,1561
pre_xx_30699,chr6,34562154,34563815,1661
pre_xx_30700,chr6,34601608,34603004,1396
pre_xx_30701,chr6,34695119,34697454,2335
pre_xx_30702,chr6,34708940,34710299,1359
pre_xx_30703,chr6,34756216,34757825,1609
pre_xx_30704,chr6,34791195,34793433,2238
pre_xx_30705,chr6,34887170,34890164,2994
pre_xx_30706,chr6,34956664,34958278,1614
pre_xx_30707,chr6,35016082,35018373,2291
pre_xx_30708,chr6,35024088,35025553,1465
pre_xx_30709,chr6,35139325,35142170,2845
pre_xx_30710,chr6,35213152,35214803,1651
pre_xx_30711,chr6,35219380,35220145,765
pre_xx_30712,chr6,35240885,35241626,741
pre_xx_30713,chr6,35258395,35260672,2277
pre_xx_30714,chr6,35297407,35298133,726
pre_xx_30715,chr6,35317510,35318972,1462
pre_xx_30716,chr6,35341531,35344454,2923
pre_xx_30717,chr6,35391877,35393683,1806
pre_xx_30718,chr6,35414591,35415581,990
pre_xx_30719,chr6,35451197,35453530,2333
pre_xx_30720,chr6,35467717,35469925,2208
pre_xx_30721,chr6,35484902,35486769,1867
pre_xx_30722,chr6,35489978,35490822,844
pre_xx_30723,chr6,35495776,35498427,2651
pre_xx_30724,chr6,35510684,35512617,1933
pre_xx_30725,chr6,35521958,35523352,1394
pre_xx_30726,chr6,35533808,35535132,1324
pre_xx_30727,chr6,35583498,35584552,1054
pre_xx_30728,chr6,35600134,35602799,2665
pre_xx_30729,chr6,35687275,35689432,2157
pre_xx_30730,chr6,35718243,35720753,2510
pre_xx_30731,chr6,35725709,35728451,2742
pre_xx_30732,chr6,35731190,35732629,1439
pre_xx_30733,chr6,35763841,35764943,1102
pre_xx_30734,chr6,35776299,35777320,1021
pre_xx_30735,chr6,35804822,35805798,976
pre_xx_30736,chr6,35919223,35921385,2162
pre_xx_30737,chr6,36027102,36029118,2016
pre_xx_30738,chr6,36053630,36055313,1683
pre_xx_30739,chr6,36064969,36066443,1474
pre_xx_30740,chr6,36094512,36095531,1019
pre_xx_30741,chr6,36129921,36132569,2648
pre_xx_30742,chr6,36139267,36140304,1037
pre_xx_30743,chr6,36195613,36197672,2059
pre_xx_30744,chr6,36227432,36228400,968
pre_xx_30745,chr6,36241428,36242854,1426
pre_xx_30746,chr6,36244698,36246099,1401
pre_xx_30747,chr6,36301826,36303493,1667
pre_xx_30748,chr6,36332965,36334992,2027
pre_xx_30749,chr6,36340260,36341275,1015
pre_xx_30750,chr6,36348991,36349689,698
pre_xx_30751,chr6,36349749,36351584,1835
pre_xx_30752,chr6,36360104,36361036,932
pre_xx_30753,chr6,36386300,36388436,2136
pre_xx_30754,chr6,36422760,36424193,1433
pre_xx_30755,chr6,36442377,36444885,2508
pre_xx_30756,chr6,36545978,36547725,1747
pre_xx_30757,chr6,36593400,36594812,1412
pre_xx_30758,chr6,36595052,36596140,1088
pre_xx_30759,chr6,36599751,36600133,382
pre_xx_30760,chr6,36623057,36624198,1141
pre_xx_30761,chr6,36631271,36631960,689
pre_xx_30762,chr6,36662707,36663432,725
pre_xx_30763,chr6,36666637,36667543,906
pre_xx_30764,chr6,36678241,36680999,2758
pre_xx_30765,chr6,36682455,36683103,648
pre_xx_30766,chr6,36734874,36736124,1250
pre_xx_30767,chr6,36758608,36759641,1033
pre_xx_30768,chr6,36765050,36766505,1455
pre_xx_30769,chr6,36768722,36770275,1553
pre_xx_30770,chr6,36793154,36794878,1724
pre_xx_30771,chr6,36809614,36811695,2081
pre_xx_30772,chr6,36829823,36830671,848
pre_xx_30773,chr6,36838950,36841356,2406
pre_xx_30774,chr6,36844116,36845030,914
pre_xx_30775,chr6,36848459,36849492,1033
pre_xx_30776,chr6,36850954,36852176,1222
pre_xx_30777,chr6,36873604,36875616,2012
pre_xx_30778,chr6,36885140,36886707,1567
pre_xx_30779,chr6,36963514,36965179,1665
pre_xx_30780,chr6,36979054,36979850,796
pre_xx_30781,chr6,36984592,36987287,2695
pre_xx_30782,chr6,36997415,36999551,2136
pre_xx_30783,chr6,37017563,37019536,1973
pre_xx_30784,chr6,37050924,37051932,1008
pre_xx_30785,chr6,37059221,37060083,862
pre_xx_30786,chr6,37077273,37078365,1092
pre_xx_30787,chr6,37083064,37083950,886
pre_xx_30788,chr6,37092433,37094218,1785
pre_xx_30789,chr6,37101930,37103931,2001
pre_xx_30790,chr6,37125385,37126820,1435
pre_xx_30791,chr6,37136984,37138466,1482
pre_xx_30792,chr6,37141299,37142381,1082
pre_xx_30793,chr6,37168876,37171062,2186
pre_xx_30794,chr6,37171955,37172527,572
pre_xx_30795,chr6,37221699,37222984,1285
pre_xx_30796,chr6,37257180,37258774,1594
pre_xx_30797,chr6,37352932,37355301,2369
pre_xx_30798,chr6,37361530,37363143,1613
pre_xx_30799,chr6,37364886,37366325,1439
pre_xx_30800,chr6,37381051,37382022,971
pre_xx_30801,chr6,37432470,37434335,1865
pre_xx_30802,chr6,37483908,37484621,713
pre_xx_30803,chr6,37492275,37493923,1648
pre_xx_30804,chr6,37499188,37500393,1205
pre_xx_30805,chr6,37511914,37513231,1317
pre_xx_30806,chr6,37515773,37517273,1500
pre_xx_30807,chr6,37534946,37537176,2230
pre_xx_30808,chr6,37559187,37560792,1605
pre_xx_30809,chr6,37565105,37566651,1546
pre_xx_30810,chr6,37624108,37625905,1797
pre_xx_30811,chr6,37648084,37649485,1401
pre_xx_30812,chr6,37691721,37692350,629
pre_xx_30813,chr6,37695846,37699278,3432
pre_xx_30814,chr6,37704909,37706185,1276
pre_xx_30815,chr6,37739898,37740825,927
pre_xx_30816,chr6,37776371,37777927,1556
pre_xx_30817,chr6,37783018,37785299,2281
pre_xx_30818,chr6,37790387,37791761,1374
pre_xx_30819,chr6,37807365,37809495,2130
pre_xx_30820,chr6,37818328,37820591,2263
pre_xx_30821,chr6,38136836,38138288,1452
pre_xx_30822,chr6,38172518,38173495,977
pre_xx_30823,chr6,38176722,38177879,1157
pre_xx_30824,chr6,38611900,38612900,1000
pre_xx_30825,chr6,38638791,38640816,2025
pre_xx_30826,chr6,38702154,38703453,1299
pre_xx_30827,chr6,38714606,38715784,1178
pre_xx_30828,chr6,39048257,39049894,1637
pre_xx_30829,chr6,39088095,39088903,808
pre_xx_30830,chr6,39114069,39115550,1481
pre_xx_30831,chr6,39203327,39205264,1937
pre_xx_30832,chr6,39228077,39230046,1969
pre_xx_30833,chr6,39302949,39303535,586
pre_xx_30834,chr6,39312879,39314672,1793
pre_xx_30835,chr6,39339010,39340439,1429
pre_xx_30836,chr6,39361688,39362773,1085
pre_xx_30837,chr6,39724510,39725858,1348
pre_xx_30838,chr6,39791382,39793750,2368
pre_xx_30839,chr6,39823649,39824927,1278
pre_xx_30840,chr6,39881913,39883197,1284
pre_xx_30841,chr6,39933651,39934709,1058
pre_xx_30842,chr6,40275401,40276847,1446
pre_xx_30843,chr6,40285221,40287015,1794
pre_xx_30844,chr6,40307765,40309037,1272
pre_xx_30845,chr6,40328259,40329173,914
pre_xx_30846,chr6,40416768,40417913,1145
pre_xx_30847,chr6,40471965,40473358,1393
pre_xx_30848,chr6,40485105,40486191,1086
pre_xx_30849,chr6,40585634,40588152,2518
pre_xx_30850,chr6,40599166,40600172,1006
pre_xx_30851,chr6,40640145,40641414,1269
pre_xx_30852,chr6,40670896,40672477,1581
pre_xx_30853,chr6,40754294,40756035,1741
pre_xx_30854,chr6,40996335,40997857,1522
pre_xx_30855,chr6,41027189,41029224,2035
pre_xx_30856,chr6,41071576,41074623,3047
pre_xx_30857,chr6,41100151,41101803,1652
pre_xx_30858,chr6,41256461,41258127,1666
pre_xx_30859,chr6,41318130,41319507,1377
pre_xx_30860,chr6,41367660,41368058,398
pre_xx_30861,chr6,41368721,41369397,676
pre_xx_30862,chr6,41371271,41372401,1130
pre_xx_30863,chr6,41373789,41374761,972
pre_xx_30864,chr6,41427419,41429384,1965
pre_xx_30865,chr6,41434732,41435753,1021
pre_xx_30866,chr6,41442125,41444424,2299
pre_xx_30867,chr6,41444737,41445649,912
pre_xx_30868,chr6,41456300,41457195,895
pre_xx_30869,chr6,41469278,41471101,1823
pre_xx_30870,chr6,41487910,41489976,2066
pre_xx_30871,chr6,41502816,41505757,2941
pre_xx_30872,chr6,41509108,41510559,1451
pre_xx_30873,chr6,41519334,41520348,1014
pre_xx_30874,chr6,41531600,41532606,1006
pre_xx_30875,chr6,41536579,41537785,1206
pre_xx_30876,chr6,41545482,41548263,2781
pre_xx_30877,chr6,41560059,41561719,1660
pre_xx_30878,chr6,41576066,41577239,1173
pre_xx_30879,chr6,41586368,41587794,1426
pre_xx_30880,chr6,41599115,41600818,1703
pre_xx_30881,chr6,41602747,41603379,632
pre_xx_30882,chr6,41637615,41640630,3015
pre_xx_30883,chr6,41653853,41656766,2913
pre_xx_30884,chr6,41681910,41684082,2172
pre_xx_30885,chr6,41728004,41728917,913
pre_xx_30886,chr6,41733482,41735865,2383
pre_xx_30887,chr6,41779284,41781627,2343
pre_xx_30888,chr6,41786021,41788039,2018
pre_xx_30889,chr6,41894216,41896204,1988
pre_xx_30890,chr6,41920376,41922385,2009
pre_xx_30891,chr6,41934978,41936646,1668
pre_xx_30892,chr6,41939005,41940166,1161
pre_xx_30893,chr6,41940349,41942289,1940
pre_xx_30894,chr6,42009867,42010962,1095
pre_xx_30895,chr6,42030347,42031533,1186
pre_xx_30896,chr6,42043779,42044531,752
pre_xx_30897,chr6,42045432,42046365,933
pre_xx_30898,chr6,42048098,42049054,956
pre_xx_30899,chr6,42049978,42051104,1126
pre_xx_30900,chr6,42103922,42105417,1495
pre_xx_30901,chr6,42105712,42106993,1281
pre_xx_30902,chr6,42136227,42137889,1662
pre_xx_30903,chr6,42141459,42143226,1767
pre_xx_30904,chr6,42166229,42167212,983
pre_xx_30905,chr6,42217179,42218296,1117
pre_xx_30906,chr6,42229618,42231508,1890
pre_xx_30907,chr6,42251350,42252603,1253
pre_xx_30908,chr6,42279013,42281384,2371
pre_xx_30909,chr6,42301902,42302911,1009
pre_xx_30910,chr6,42440523,42442254,1731
pre_xx_30911,chr6,42450863,42454191,3328
pre_xx_30912,chr6,42547019,42548367,1348
pre_xx_30913,chr6,42563367,42565561,2194
pre_xx_30914,chr6,42704116,42705060,944
pre_xx_30915,chr6,42709795,42710947,1152
pre_xx_30916,chr6,42726020,42727998,1978
pre_xx_30917,chr6,42744679,42747762,3083
pre_xx_30918,chr6,42770462,42771700,1238
pre_xx_30919,chr6,42781532,42784010,2478
pre_xx_30920,chr6,42879010,42880428,1418
pre_xx_30921,chr6,42889945,42891365,1420
pre_xx_30922,chr6,42893531,42894274,743
pre_xx_30923,chr6,42901308,42903151,1843
pre_xx_30924,chr6,42907170,42907950,780
pre_xx_30925,chr6,42911116,42912056,940
pre_xx_30926,chr6,42928485,42930650,2165
pre_xx_30927,chr6,42938551,42940225,1674
pre_xx_30928,chr6,42959977,42961458,1481
pre_xx_30929,chr6,42978249,42979745,1496
pre_xx_30930,chr6,42983758,42985380,1622
pre_xx_30931,chr6,43013109,43015387,2278
pre_xx_30932,chr6,43020774,43022273,1499
pre_xx_30933,chr6,43052631,43054380,1749
pre_xx_30934,chr6,43058956,43060731,1775
pre_xx_30935,chr6,43074793,43077592,2799
pre_xx_30936,chr6,43089206,43091232,2026
pre_xx_30937,chr6,43127787,43128314,527
pre_xx_30938,chr6,43142869,43144009,1140
pre_xx_30939,chr6,43170181,43172747,2566
pre_xx_30940,chr6,43173945,43174913,968
pre_xx_30941,chr6,43180769,43182687,1918
pre_xx_30942,chr6,43228698,43229910,1212
pre_xx_30943,chr6,43246402,43247852,1450
pre_xx_30944,chr6,43269318,43270856,1538
pre_xx_30945,chr6,43274795,43276694,1899
pre_xx_30946,chr6,43284859,43285793,934
pre_xx_30947,chr6,43307602,43309271,1669
pre_xx_30948,chr6,43334128,43335009,881
pre_xx_30949,chr6,43368166,43370476,2310
pre_xx_30950,chr6,43426873,43428337,1464
pre_xx_30951,chr6,43454324,43456243,1919
pre_xx_30952,chr6,43476770,43478358,1588
pre_xx_30953,chr6,43495826,43497022,1196
pre_xx_30954,chr6,43506558,43507099,541
pre_xx_30955,chr6,43509210,43510924,1714
pre_xx_30956,chr6,43515934,43517768,1834
pre_xx_30957,chr6,43574903,43576783,1880
pre_xx_30958,chr6,43628376,43630451,2075
pre_xx_30959,chr6,43635149,43636685,1536
pre_xx_30960,chr6,43644607,43645898,1291
pre_xx_30961,chr6,43666997,43668720,1723
pre_xx_30962,chr6,43673314,43674947,1633
pre_xx_30963,chr6,43686969,43688279,1310
pre_xx_30964,chr6,43702348,43703319,971
pre_xx_30965,chr6,43714048,43715173,1125
pre_xx_30966,chr6,43715548,43716854,1306
pre_xx_30967,chr6,43757958,43758897,939
pre_xx_30968,chr6,43768761,43772149,3388
pre_xx_30969,chr6,43772623,43773560,937
pre_xx_30970,chr6,43774608,43775110,502
pre_xx_30971,chr6,43779507,43780634,1127
pre_xx_30972,chr6,43823815,43825888,2073
pre_xx_30973,chr6,43838109,43838905,796
pre_xx_30974,chr6,43858568,43860744,2176
pre_xx_30975,chr6,43876182,43877434,1252
pre_xx_30976,chr6,43890367,43891898,1531
pre_xx_30977,chr6,43932639,43934253,1614
pre_xx_30978,chr6,43950940,43952275,1335
pre_xx_30979,chr6,43989848,43991413,1565
pre_xx_30980,chr6,43993565,43994596,1031
pre_xx_30981,chr6,44001188,44003585,2397
pre_xx_30982,chr6,44056448,44057528,1080
pre_xx_30983,chr6,44072724,44074867,2143
pre_xx_30984,chr6,44076340,44077210,870
pre_xx_30985,chr6,44079019,44079470,451
pre_xx_30986,chr6,44084436,44085104,668
pre_xx_30987,chr6,44109000,44110482,1482
pre_xx_30988,chr6,44126027,44128655,2628
pre_xx_30989,chr6,44151502,44152375,873
pre_xx_30990,chr6,44172283,44173212,929
pre_xx_30991,chr6,44218919,44219901,982
pre_xx_30992,chr6,44221248,44221969,721
pre_xx_30993,chr6,44223075,44224281,1206
pre_xx_30994,chr6,44233756,44235310,1554
pre_xx_30995,chr6,44237150,44238302,1152
pre_xx_30996,chr6,44245681,44248074,2393
pre_xx_30997,chr6,44254226,44255539,1313
pre_xx_30998,chr6,44256014,44257974,1960
pre_xx_30999,chr6,44263164,44263843,679
pre_xx_31000,chr6,44264267,44265823,1556
pre_xx_31001,chr6,44268009,44268295,286
pre_xx_31002,chr6,44270218,44271325,1107
pre_xx_31003,chr6,44275225,44276657,1432
pre_xx_31004,chr6,44296713,44298571,1858
pre_xx_31005,chr6,44312293,44313639,1346
pre_xx_31006,chr6,44342055,44343192,1137
pre_xx_31007,chr6,44386512,44388474,1962
pre_xx_31008,chr6,44463604,44465458,1854
pre_xx_31009,chr6,44469708,44470459,751
pre_xx_31010,chr6,44475485,44476340,855
pre_xx_31011,chr6,44629459,44630752,1293
pre_xx_31012,chr6,44738552,44739640,1088
pre_xx_31013,chr6,44799885,44801386,1501
pre_xx_31014,chr6,45376520,45378651,2131
pre_xx_31015,chr6,45419423,45419983,560
pre_xx_31016,chr6,45421410,45424231,2821
pre_xx_31017,chr6,45590132,45592498,2366
pre_xx_31018,chr6,45646820,45648553,1733
pre_xx_31019,chr6,45663087,45664177,1090
pre_xx_31020,chr6,45714392,45715244,852
pre_xx_31021,chr6,45951047,45952452,1405
pre_xx_31022,chr6,46014278,46016067,1789
pre_xx_31023,chr6,46129128,46130527,1399
pre_xx_31024,chr6,46169989,46171554,1565
pre_xx_31025,chr6,46490405,46492364,1959
pre_xx_31026,chr6,46651823,46653569,1746
pre_xx_31027,chr6,46734019,46735811,1792
pre_xx_31028,chr6,46848512,46849528,1016
pre_xx_31029,chr6,47034300,47035383,1083
pre_xx_31030,chr6,47046772,47048311,1539
pre_xx_31031,chr6,47083241,47084167,926
pre_xx_31032,chr6,47308594,47310211,1617
pre_xx_31033,chr6,47413602,47415190,1588
pre_xx_31034,chr6,47476693,47479434,2741
pre_xx_31035,chr6,48067958,48069721,1763
pre_xx_31036,chr6,48073958,48074840,882
pre_xx_31037,chr6,49461934,49463885,1951
pre_xx_31038,chr6,49550012,49551969,1957
pre_xx_31039,chr6,49713153,49714357,1204
pre_xx_31040,chr6,50815362,50816389,1027
pre_xx_31041,chr6,50819421,50820672,1251
pre_xx_31042,chr6,50849030,50851538,2508
pre_xx_31043,chr6,52283967,52285483,1516
pre_xx_31044,chr6,52291752,52293464,1712
pre_xx_31045,chr6,52335029,52336036,1007
pre_xx_31046,chr6,52361326,52363526,2200
pre_xx_31047,chr6,52419222,52421250,2028
pre_xx_31048,chr6,52551076,52552759,1683
pre_xx_31049,chr6,52569859,52570715,856
pre_xx_31050,chr6,52573190,52573555,365
pre_xx_31051,chr6,52576144,52577702,1558
pre_xx_31052,chr6,52594809,52596146,1337
pre_xx_31053,chr6,52597927,52598785,858
pre_xx_31054,chr6,52663233,52665011,1778
pre_xx_31055,chr6,52670304,52671614,1310
pre_xx_31056,chr6,52729243,52730304,1061
pre_xx_31057,chr6,52787937,52788871,934
pre_xx_31058,chr6,52881507,52882682,1175
pre_xx_31059,chr6,52918001,52918867,866
pre_xx_31060,chr6,52993945,52996927,2982
pre_xx_31061,chr6,53060846,53062052,1206
pre_xx_31062,chr6,53064500,53066411,1911
pre_xx_31063,chr6,53111968,53114438,2470
pre_xx_31064,chr6,53133926,53135257,1331
pre_xx_31065,chr6,53171663,53172413,750
pre_xx_31066,chr6,53237781,53238732,951
pre_xx_31067,chr6,53281472,53283214,1742
pre_xx_31068,chr6,53326026,53327067,1041
pre_xx_31069,chr6,53347315,53349438,2123
pre_xx_31070,chr6,53358481,53360479,1998
pre_xx_31071,chr6,53495284,53496305,1021
pre_xx_31072,chr6,53543319,53545321,2002
pre_xx_31073,chr6,53547326,53548538,1212
pre_xx_31074,chr6,53617366,53618674,1308
pre_xx_31075,chr6,53651139,53652742,1603
pre_xx_31076,chr6,53793249,53796257,3008
pre_xx_31077,chr6,54010444,54011508,1064
pre_xx_31078,chr6,54845982,54847779,1797
pre_xx_31079,chr6,55173909,55175439,1530
pre_xx_31080,chr6,55578418,55579514,1096
pre_xx_31081,chr6,56245816,56248224,2408
pre_xx_31082,chr6,56475443,56476673,1230
pre_xx_31083,chr6,56510954,56511694,740
pre_xx_31084,chr6,56541808,56543374,1566
pre_xx_31085,chr6,56842620,56844608,1988
pre_xx_31086,chr6,56849907,56852487,2580
pre_xx_31087,chr6,56953474,56956146,2672
pre_xx_31088,chr6,57007600,57008881,1281
pre_xx_31089,chr6,57045988,57046809,821
pre_xx_31090,chr6,57089058,57090303,1245
pre_xx_31091,chr6,57171722,57173853,2131
pre_xx_31092,chr6,57221143,57222960,1817
pre_xx_31093,chr6,57316274,57318078,1804
pre_xx_31094,chr6,57960900,57961761,861
pre_xx_31095,chr6,61585699,61587642,1943
pre_xx_31096,chr6,62285227,62286830,1603
pre_xx_31097,chr6,62464831,62465760,929
pre_xx_31098,chr6,62477581,62478541,960
pre_xx_31099,chr6,63571579,63574559,2980
pre_xx_31100,chr6,63597584,63599048,1464
pre_xx_31101,chr6,63635141,63637006,1865
pre_xx_31102,chr6,68633933,68636284,2351
pre_xx_31103,chr6,69232364,69233473,1109
pre_xx_31104,chr6,69795503,69797444,1941
pre_xx_31105,chr6,69866242,69867973,1731
pre_xx_31106,chr6,69973815,69975339,1524
pre_xx_31107,chr6,70281890,70283437,1547
pre_xx_31108,chr6,70412637,70414518,1881
pre_xx_31109,chr6,70566326,70567472,1146
pre_xx_31110,chr6,70667102,70668752,1650
pre_xx_31111,chr6,70955346,70957760,2414
pre_xx_31112,chr6,71106757,71108544,1787
pre_xx_31113,chr6,71287956,71289743,1787
pre_xx_31114,chr6,71403846,71405026,1180
pre_xx_31115,chr6,71419318,71421293,1975
pre_xx_31116,chr6,71886156,71887689,1533
pre_xx_31117,chr6,71940331,71941080,749
pre_xx_31118,chr6,72181867,72183375,1508
pre_xx_31119,chr6,72619847,72620729,882
pre_xx_31120,chr6,72620938,72623382,2444
pre_xx_31121,chr6,72954060,72956337,2277
pre_xx_31122,chr6,72973808,72974906,1098
pre_xx_31123,chr6,73129550,73130412,862
pre_xx_31124,chr6,73262231,73263853,1622
pre_xx_31125,chr6,73298776,73300147,1371
pre_xx_31126,chr6,73308941,73310562,1621
pre_xx_31127,chr6,73314597,73315584,987
pre_xx_31128,chr6,73388492,73389540,1048
pre_xx_31129,chr6,73450946,73452508,1562
pre_xx_31130,chr6,73461132,73462476,1344
pre_xx_31131,chr6,73513770,73514928,1158
pre_xx_31132,chr6,73515286,73516493,1207
pre_xx_31133,chr6,73520069,73521946,1877
pre_xx_31134,chr6,73523378,73523959,581
pre_xx_31135,chr6,73584858,73586876,2018
pre_xx_31136,chr6,73652617,73654659,2042
pre_xx_31137,chr6,73695049,73696576,1527
pre_xx_31138,chr6,75084522,75085806,1284
pre_xx_31139,chr6,75201869,75202577,708
pre_xx_31140,chr6,75203842,75206427,2585
pre_xx_31141,chr6,75208674,75209235,561
pre_xx_31142,chr6,75243084,75244523,1439
pre_xx_31143,chr6,75283825,75285589,1764
pre_xx_31144,chr6,75348947,75350152,1205
pre_xx_31145,chr6,75493312,75494207,895
pre_xx_31146,chr6,75601322,75603040,1718
pre_xx_31147,chr6,75748266,75750237,1971
pre_xx_31148,chr6,75934685,75935691,1006
pre_xx_31149,chr6,76774494,76775369,875
pre_xx_31150,chr6,77462571,77464571,2000
pre_xx_31151,chr6,77465772,77467271,1499
pre_xx_31152,chr6,77649948,77650946,998
pre_xx_31153,chr6,78867013,78868606,1593
pre_xx_31154,chr6,79076703,79078971,2268
pre_xx_31155,chr6,79233405,79234981,1576
pre_xx_31156,chr6,79239397,79241060,1663
pre_xx_31157,chr6,79269746,79270491,745
pre_xx_31158,chr6,79384434,79386502,2068
pre_xx_31159,chr6,79435760,79437032,1272
pre_xx_31160,chr6,79525028,79526455,1427
pre_xx_31161,chr6,79536233,79538093,1860
pre_xx_31162,chr6,79544151,79545436,1285
pre_xx_31163,chr6,79569887,79571305,1418
pre_xx_31164,chr6,79599477,79601275,1798
pre_xx_31165,chr6,79630316,79632059,1743
pre_xx_31166,chr6,79867776,79868916,1140
pre_xx_31167,chr6,79869160,79870006,846
pre_xx_31168,chr6,79946235,79948029,1794
pre_xx_31169,chr6,80003462,80005042,1580
pre_xx_31170,chr6,80105959,80107262,1303
pre_xx_31171,chr6,80522523,80523964,1441
pre_xx_31172,chr6,81751491,81754215,2724
pre_xx_31173,chr6,82246711,82248591,1880
pre_xx_31174,chr6,82362865,82365673,2808
pre_xx_31175,chr6,82691363,82693471,2108
pre_xx_31176,chr6,83064861,83066074,1213
pre_xx_31177,chr6,83067407,83068465,1058
pre_xx_31178,chr6,83192476,83194519,2043
pre_xx_31179,chr6,83380402,83382215,1813
pre_xx_31180,chr6,83429732,83431881,2149
pre_xx_31181,chr6,83462004,83463040,1036
pre_xx_31182,chr6,83504143,83505699,1556
pre_xx_31183,chr6,83511691,83513208,1517
pre_xx_31184,chr6,83514687,83515164,477
pre_xx_31185,chr6,83520318,83521598,1280
pre_xx_31186,chr6,83707604,83709732,2128
pre_xx_31187,chr6,83852925,83854299,1374
pre_xx_31188,chr6,83859148,83860441,1293
pre_xx_31189,chr6,84032909,84034670,1761
pre_xx_31190,chr6,84051698,84052936,1238
pre_xx_31191,chr6,84074283,84075723,1440
pre_xx_31192,chr6,84226761,84228344,1583
pre_xx_31193,chr6,84762305,84765045,2740
pre_xx_31194,chr6,84772853,84775185,2332
pre_xx_31195,chr6,85113551,85114861,1310
pre_xx_31196,chr6,85230052,85231157,1105
pre_xx_31197,chr6,85449211,85450785,1574
pre_xx_31198,chr6,85592872,85594865,1993
pre_xx_31199,chr6,85641578,85644316,2738
pre_xx_31200,chr6,85677238,85679460,2222
pre_xx_31201,chr6,85854240,85856558,2318
pre_xx_31202,chr6,85864478,85867895,3417
pre_xx_31203,chr6,85922700,85923523,823
pre_xx_31204,chr6,86330787,86332312,1525
pre_xx_31205,chr6,86477284,86478184,900
pre_xx_31206,chr6,86936746,86938698,1952
pre_xx_31207,chr6,87151525,87152664,1139
pre_xx_31208,chr6,87154687,87156579,1892
pre_xx_31209,chr6,87321930,87323237,1307
pre_xx_31210,chr6,87407257,87408978,1721
pre_xx_31211,chr6,87472290,87473937,1647
pre_xx_31212,chr6,87588897,87590841,1944
pre_xx_31213,chr6,87700441,87703019,2578
pre_xx_31214,chr6,87731479,87732648,1169
pre_xx_31215,chr6,87796319,87797073,754
pre_xx_31216,chr6,87798521,87799731,1210
pre_xx_31217,chr6,87968063,87969093,1030
pre_xx_31218,chr6,88165401,88167904,2503
pre_xx_31219,chr6,88376271,88377390,1119
pre_xx_31220,chr6,88379960,88381615,1655
pre_xx_31221,chr6,88518835,88520285,1450
pre_xx_31222,chr6,88586153,88587480,1327
pre_xx_31223,chr6,88962751,88964198,1447
pre_xx_31224,chr6,89034533,89036290,1757
pre_xx_31225,chr6,89079584,89082123,2539
pre_xx_31226,chr6,89116919,89118628,1709
pre_xx_31227,chr6,89145416,89147197,1781
pre_xx_31228,chr6,89297622,89298420,798
pre_xx_31229,chr6,89311442,89313328,1886
pre_xx_31230,chr6,89351602,89353479,1877
pre_xx_31231,chr6,89410684,89413349,2665
pre_xx_31232,chr6,89432706,89434184,1478
pre_xx_31233,chr6,89637944,89639175,1231
pre_xx_31234,chr6,89675461,89676764,1303
pre_xx_31235,chr6,89818582,89820485,1903
pre_xx_31236,chr6,89828868,89830728,1860
pre_xx_31237,chr6,89895126,89895934,808
pre_xx_31238,chr6,89950463,89952136,1673
pre_xx_31239,chr6,89959308,89960695,1387
pre_xx_31240,chr6,89970122,89971350,1228
pre_xx_31241,chr6,90183348,90185276,1928
pre_xx_31242,chr6,90217928,90219928,2000
pre_xx_31243,chr6,90285247,90286281,1034
pre_xx_31244,chr6,90294621,90297660,3039
pre_xx_31245,chr6,90355375,90356628,1253
pre_xx_31246,chr6,90362041,90363055,1014
pre_xx_31247,chr6,90368597,90369558,961
pre_xx_31248,chr6,90396611,90398508,1897
pre_xx_31249,chr6,90403351,90404371,1020
pre_xx_31250,chr6,90413192,90414293,1101
pre_xx_31251,chr6,90478895,90479654,759
pre_xx_31252,chr6,90537760,90539829,2069
pre_xx_31253,chr6,90586310,90587687,1377
pre_xx_31254,chr6,90610162,90611727,1565
pre_xx_31255,chr6,91028491,91030332,1841
pre_xx_31256,chr6,91081216,91082855,1639
pre_xx_31257,chr6,91786190,91787244,1054
pre_xx_31258,chr6,92109956,92110988,1032
pre_xx_31259,chr6,93082025,93084038,2013
pre_xx_31260,chr6,93416378,93417744,1366
pre_xx_31261,chr6,93418153,93420414,2261
pre_xx_31262,chr6,95576582,95578311,1729
pre_xx_31263,chr6,96014855,96016911,2056
pre_xx_31264,chr6,96449778,96451071,1293
pre_xx_31265,chr6,96520789,96522762,1973
pre_xx_31266,chr6,96737422,96739117,1695
pre_xx_31267,chr6,96836185,96838012,1827
pre_xx_31268,chr6,96896902,96898868,1966
pre_xx_31269,chr6,96923627,96925384,1757
pre_xx_31270,chr6,97281964,97283729,1765
pre_xx_31271,chr6,98823774,98825754,1980
pre_xx_31272,chr6,98832338,98835592,3254
pre_xx_31273,chr6,98844821,98846067,1246
pre_xx_31274,chr6,98847503,98848600,1097
pre_xx_31275,chr6,98946768,98948435,1667
pre_xx_31276,chr6,99348799,99350737,1938
pre_xx_31277,chr6,99393329,99394425,1096
pre_xx_31278,chr6,99424481,99426598,2117
pre_xx_31279,chr6,99513902,99516201,2299
pre_xx_31280,chr6,99520587,99522067,1480
pre_xx_31281,chr6,99567719,99569565,1846
pre_xx_31282,chr6,99588332,99589653,1321
pre_xx_31283,chr6,99590688,99591603,915
pre_xx_31284,chr6,99602426,99604073,1647
pre_xx_31285,chr6,99612845,99615023,2178
pre_xx_31286,chr6,99868070,99868810,740
pre_xx_31287,chr6,99993189,99994349,1160
pre_xx_31288,chr6,100228464,100229497,1033
pre_xx_31289,chr6,100281023,100282014,991
pre_xx_31290,chr6,100415451,100416306,855
pre_xx_31291,chr6,100446318,100449588,3270
pre_xx_31292,chr6,100457341,100458709,1368
pre_xx_31293,chr6,100464108,100465580,1472
pre_xx_31294,chr6,100880376,100882141,1765
pre_xx_31295,chr6,101059688,101060630,942
pre_xx_31296,chr6,101391559,101394351,2792
pre_xx_31297,chr6,101398818,101399816,998
pre_xx_31298,chr6,101401303,101403121,1818
pre_xx_31299,chr6,101403235,101404315,1080
pre_xx_31300,chr6,104858494,104860182,1688
pre_xx_31301,chr6,104940167,104941767,1600
pre_xx_31302,chr6,104956694,104959059,2365
pre_xx_31303,chr6,105136088,105137785,1697
pre_xx_31304,chr6,105179177,105180402,1225
pre_xx_31305,chr6,105401967,105403766,1799
pre_xx_31306,chr6,105483416,105485831,2415
pre_xx_31307,chr6,105981034,105981945,911
pre_xx_31308,chr6,105985478,105986697,1219
pre_xx_31309,chr6,105991700,105993546,1846
pre_xx_31310,chr6,105993958,105995338,1380
pre_xx_31311,chr6,106085160,106086614,1454
pre_xx_31312,chr6,106324486,106326433,1947
pre_xx_31313,chr6,106360187,106361511,1324
pre_xx_31314,chr6,106509940,106510910,970
pre_xx_31315,chr6,106511394,106513110,1716
pre_xx_31316,chr6,106628696,106630684,1988
pre_xx_31317,chr6,106973303,106975853,2550
pre_xx_31318,chr6,107027468,107029076,1608
pre_xx_31319,chr6,107113724,107117044,3320
pre_xx_31320,chr6,107458517,107460329,1812
pre_xx_31321,chr6,107488728,107491568,2840
pre_xx_31322,chr6,107493136,107493563,427
pre_xx_31323,chr6,107587037,107588417,1380
pre_xx_31324,chr6,107600935,107601346,411
pre_xx_31325,chr6,107610914,107612588,1674
pre_xx_31326,chr6,107633680,107635384,1704
pre_xx_31327,chr6,107674876,107676492,1616
pre_xx_31328,chr6,107711802,107713812,2010
pre_xx_31329,chr6,107847621,107849119,1498
pre_xx_31330,chr6,107956659,107958896,2237
pre_xx_31331,chr6,107964571,107965605,1034
pre_xx_31332,chr6,107972232,107973364,1132
pre_xx_31333,chr6,108073852,108075586,1734
pre_xx_31334,chr6,108113480,108114126,646
pre_xx_31335,chr6,108114723,108115335,612
pre_xx_31336,chr6,108117522,108119709,2187
pre_xx_31337,chr6,108133350,108134875,1525
pre_xx_31338,chr6,108156173,108158561,2388
pre_xx_31339,chr6,108164706,108166366,1660
pre_xx_31340,chr6,108168222,108169313,1091
pre_xx_31341,chr6,108174149,108174733,584
pre_xx_31342,chr6,108175434,108176819,1385
pre_xx_31343,chr6,108260051,108261871,1820
pre_xx_31344,chr6,108293990,108295748,1758
pre_xx_31345,chr6,108541666,108542668,1002
pre_xx_31346,chr6,108557457,108558737,1280
pre_xx_31347,chr6,108559055,108561113,2058
pre_xx_31348,chr6,108562554,108562875,321
pre_xx_31349,chr6,108574110,108575134,1024
pre_xx_31350,chr6,108583718,108584737,1019
pre_xx_31351,chr6,108625368,108626417,1049
pre_xx_31352,chr6,108751839,108753463,1624
pre_xx_31353,chr6,108781219,108782690,1471
pre_xx_31354,chr6,108837546,108839053,1507
pre_xx_31355,chr6,108847685,108849086,1401
pre_xx_31356,chr6,108944169,108947168,2999
pre_xx_31357,chr6,109008575,109010113,1538
pre_xx_31358,chr6,109093559,109095926,2367
pre_xx_31359,chr6,109381049,109383465,2416
pre_xx_31360,chr6,109383761,109384325,564
pre_xx_31361,chr6,109439480,109441747,2267
pre_xx_31362,chr6,109454025,109456545,2520
pre_xx_31363,chr6,109482182,109484019,1837
pre_xx_31364,chr6,109690073,109691847,1774
pre_xx_31365,chr6,109704945,109705672,727
pre_xx_31366,chr6,109739501,109740550,1049
pre_xx_31367,chr6,109876469,109878580,2111
pre_xx_31368,chr6,109977899,109979939,2040
pre_xx_31369,chr6,110039126,110040435,1309
pre_xx_31370,chr6,110067645,110068519,874
pre_xx_31371,chr6,110178502,110180801,2299
pre_xx_31372,chr6,110329144,110330471,1327
pre_xx_31373,chr6,110356573,110359093,2520
pre_xx_31374,chr6,110475680,110476975,1295
pre_xx_31375,chr6,110619310,110621722,2412
pre_xx_31376,chr6,110813396,110816321,2925
pre_xx_31377,chr6,110864367,110865531,1164
pre_xx_31378,chr6,110873907,110876699,2792
pre_xx_31379,chr6,110958012,110959224,1212
pre_xx_31380,chr6,110981334,110983223,1889
pre_xx_31381,chr6,111068077,111069225,1148
pre_xx_31382,chr6,111086841,111088916,2075
pre_xx_31383,chr6,111095791,111097035,1244
pre_xx_31384,chr6,111105217,111106168,951
pre_xx_31385,chr6,111113223,111114374,1151
pre_xx_31386,chr6,111128983,111129765,782
pre_xx_31387,chr6,111258631,111259981,1350
pre_xx_31388,chr6,111353615,111355031,1416
pre_xx_31389,chr6,111481942,111484421,2479
pre_xx_31390,chr6,111551063,111553019,1956
pre_xx_31391,chr6,111604065,111606619,2554
pre_xx_31392,chr6,111630904,111632865,1961
pre_xx_31393,chr6,111661391,111664961,3570
pre_xx_31394,chr6,111692385,111693333,948
pre_xx_31395,chr6,111709718,111710606,888
pre_xx_31396,chr6,111710824,111712852,2028
pre_xx_31397,chr6,111730458,111732211,1753
pre_xx_31398,chr6,111788357,111790095,1738
pre_xx_31399,chr6,111871281,111874314,3033
pre_xx_31400,chr6,111887872,111889702,1830
pre_xx_31401,chr6,111951323,111953530,2207
pre_xx_31402,chr6,111996062,111998214,2152
pre_xx_31403,chr6,112007110,112009056,1946
pre_xx_31404,chr6,112042874,112043991,1117
pre_xx_31405,chr6,112044674,112045504,830
pre_xx_31406,chr6,112086528,112088206,1678
pre_xx_31407,chr6,112162906,112164233,1327
pre_xx_31408,chr6,112253107,112255311,2204
pre_xx_31409,chr6,112561985,112563783,1798
pre_xx_31410,chr6,113538699,113539773,1074
pre_xx_31411,chr6,113564271,113565567,1296
pre_xx_31412,chr6,113642485,113643739,1254
pre_xx_31413,chr6,113854536,113855768,1232
pre_xx_31414,chr6,113856101,113856438,337
pre_xx_31415,chr6,113856680,113857449,769
pre_xx_31416,chr6,113857969,113860564,2595
pre_xx_31417,chr6,113878949,113879900,951
pre_xx_31418,chr6,113969513,113971702,2189
pre_xx_31419,chr6,114144749,114145993,1244
pre_xx_31420,chr6,114341069,114343943,2874
pre_xx_31421,chr6,116100224,116101857,1633
pre_xx_31422,chr6,116228750,116229932,1182
pre_xx_31423,chr6,116253134,116254443,1309
pre_xx_31424,chr6,116268204,116269148,944
pre_xx_31425,chr6,116278925,116280266,1341
pre_xx_31426,chr6,116369955,116371911,1956
pre_xx_31427,chr6,116408308,116409022,714
pre_xx_31428,chr6,116461302,116462759,1457
pre_xx_31429,chr6,116557208,116558284,1076
pre_xx_31430,chr6,116564666,116565712,1046
pre_xx_31431,chr6,116570565,116572492,1927
pre_xx_31432,chr6,116615763,116617449,1686
pre_xx_31433,chr6,116630967,116632070,1103
pre_xx_31434,chr6,116667626,116669278,1652
pre_xx_31435,chr6,116680533,116681963,1430
pre_xx_31436,chr6,116764484,116766354,1870
pre_xx_31437,chr6,116876273,116878046,1773
pre_xx_31438,chr6,117264253,117266203,1950
pre_xx_31439,chr6,117270056,117271176,1120
pre_xx_31440,chr6,117481243,117483918,2675
pre_xx_31441,chr6,117547428,117549058,1630
pre_xx_31442,chr6,117601358,117603169,1811
pre_xx_31443,chr6,117674725,117676246,1521
pre_xx_31444,chr6,117906534,117908683,2149
pre_xx_31445,chr6,117919084,117920725,1641
pre_xx_31446,chr6,118650048,118652268,2220
pre_xx_31447,chr6,118667697,118669796,2099
pre_xx_31448,chr6,118708872,118710318,1446
pre_xx_31449,chr6,118748067,118749380,1313
pre_xx_31450,chr6,118776445,118777636,1191
pre_xx_31451,chr6,118800073,118801183,1110
pre_xx_31452,chr6,118892879,118895356,2477
pre_xx_31453,chr6,118933942,118935576,1634
pre_xx_31454,chr6,119034674,119036371,1697
pre_xx_31455,chr6,119037952,119038605,653
pre_xx_31456,chr6,119077155,119079524,2369
pre_xx_31457,chr6,119240337,119241850,1513
pre_xx_31458,chr6,119347896,119350834,2938
pre_xx_31459,chr6,120588447,120590212,1765
pre_xx_31460,chr6,121334115,121335475,1360
pre_xx_31461,chr6,121435302,121435783,481
pre_xx_31462,chr6,121436178,121438642,2464
pre_xx_31463,chr6,121590383,121591488,1105
pre_xx_31464,chr6,121691664,121692421,757
pre_xx_31465,chr6,121694385,121695656,1271
pre_xx_31466,chr6,121821907,121823855,1948
pre_xx_31467,chr6,121951058,121952388,1330
pre_xx_31468,chr6,122033263,122033964,701
pre_xx_31469,chr6,122399061,122401249,2188
pre_xx_31470,chr6,122470770,122472588,1818
pre_xx_31471,chr6,122609688,122611451,1763
pre_xx_31472,chr6,122788585,122790667,2082
pre_xx_31473,chr6,122995725,122997147,1422
pre_xx_31474,chr6,123802371,123804622,2251
pre_xx_31475,chr6,124075909,124077190,1281
pre_xx_31476,chr6,124146819,124148038,1219
pre_xx_31477,chr6,124764457,124765892,1435
pre_xx_31478,chr6,124961216,124964990,3774
pre_xx_31479,chr6,125001624,125003453,1829
pre_xx_31480,chr6,125099213,125100084,871
pre_xx_31481,chr6,125153374,125155188,1814
pre_xx_31482,chr6,125197543,125198788,1245
pre_xx_31483,chr6,125300520,125302341,1821
pre_xx_31484,chr6,125310916,125311439,523
pre_xx_31485,chr6,125362678,125364133,1455
pre_xx_31486,chr6,125421603,125422627,1024
pre_xx_31487,chr6,125528355,125529532,1177
pre_xx_31488,chr6,125533460,125534963,1503
pre_xx_31489,chr6,125611425,125612753,1328
pre_xx_31490,chr6,125658739,125659454,715
pre_xx_31491,chr6,125746551,125747320,769
pre_xx_31492,chr6,125747453,125750172,2719
pre_xx_31493,chr6,125779970,125781881,1911
pre_xx_31494,chr6,125789648,125791890,2242
pre_xx_31495,chr6,125956192,125958267,2075
pre_xx_31496,chr6,125985633,125987266,1633
pre_xx_31497,chr6,126227645,126228890,1245
pre_xx_31498,chr6,126339504,126340972,1468
pre_xx_31499,chr6,127118008,127120557,2549
pre_xx_31500,chr6,127120717,127121725,1008
pre_xx_31501,chr6,127266126,127268570,2444
pre_xx_31502,chr6,127297347,127298108,761
pre_xx_31503,chr6,127342081,127344584,2503
pre_xx_31504,chr6,127514328,127516937,2609
pre_xx_31505,chr6,127736895,127737518,623
pre_xx_31506,chr6,128518523,128521337,2814
pre_xx_31507,chr6,128882483,128883711,1228
pre_xx_31508,chr6,129475395,129477347,1952
pre_xx_31509,chr6,129637869,129639096,1227
pre_xx_31510,chr6,129643913,129646084,2171
pre_xx_31511,chr6,129708845,129710757,1912
pre_xx_31512,chr6,129766898,129768376,1478
pre_xx_31513,chr6,130017819,130021381,3562
pre_xx_31514,chr6,130365034,130367185,2151
pre_xx_31515,chr6,130454519,130456393,1874
pre_xx_31516,chr6,130675699,130677000,1301
pre_xx_31517,chr6,130809763,130810996,1233
pre_xx_31518,chr6,131003488,131005326,1838
pre_xx_31519,chr6,131013189,131016182,2993
pre_xx_31520,chr6,131061966,131063934,1968
pre_xx_31521,chr6,131134876,131136718,1842
pre_xx_31522,chr6,131249906,131251436,1530
pre_xx_31523,chr6,131627459,131628606,1147
pre_xx_31524,chr6,131807184,131808805,1621
pre_xx_31525,chr6,131946295,131946748,453
pre_xx_31526,chr6,131946867,131951618,4751
pre_xx_31527,chr6,131954445,131955524,1079
pre_xx_31528,chr6,132279349,132280299,950
pre_xx_31529,chr6,132400568,132402130,1562
pre_xx_31530,chr6,132512418,132513591,1173
pre_xx_31531,chr6,132797880,132799346,1466
pre_xx_31532,chr6,132812313,132814908,2595
pre_xx_31533,chr6,133240369,133243449,3080
pre_xx_31534,chr6,133568528,133569865,1337
pre_xx_31535,chr6,133644637,133646734,2097
pre_xx_31536,chr6,133854078,133856229,2151
pre_xx_31537,chr6,133888671,133890234,1563
pre_xx_31538,chr6,133891174,133891879,705
pre_xx_31539,chr6,133894574,133896395,1821
pre_xx_31540,chr6,133951469,133953885,2416
pre_xx_31541,chr6,134006792,134007583,791
pre_xx_31542,chr6,134051783,134052940,1157
pre_xx_31543,chr6,134174457,134176572,2115
pre_xx_31544,chr6,134177943,134178808,865
pre_xx_31545,chr6,134249002,134250566,1564
pre_xx_31546,chr6,134316627,134318337,1710
pre_xx_31547,chr6,134468204,134469383,1179
pre_xx_31548,chr6,134516941,134517686,745
pre_xx_31549,chr6,134821143,134823294,2151
pre_xx_31550,chr6,134908677,134909890,1213
pre_xx_31551,chr6,135053678,135055464,1786
pre_xx_31552,chr6,135180350,135183453,3103
pre_xx_31553,chr6,135474935,135475833,898
pre_xx_31554,chr6,135496881,135498753,1872
pre_xx_31555,chr6,136113402,136114401,999
pre_xx_31556,chr6,136249708,136251716,2008
pre_xx_31557,chr6,136288604,136290667,2063
pre_xx_31558,chr6,136549098,136551440,2342
pre_xx_31559,chr6,136643821,136644691,870
pre_xx_31560,chr6,136695823,136697380,1557
pre_xx_31561,chr6,136760768,136762765,1997
pre_xx_31562,chr6,136791031,136793330,2299
pre_xx_31563,chr6,136821925,136823524,1599
pre_xx_31564,chr6,136920420,136924054,3634
pre_xx_31565,chr6,136988804,136990340,1536
pre_xx_31566,chr6,137043639,137045188,1549
pre_xx_31567,chr6,137076392,137077332,940
pre_xx_31568,chr6,137088904,137090003,1099
pre_xx_31569,chr6,137217936,137219958,2022
pre_xx_31570,chr6,137414702,137415938,1236
pre_xx_31571,chr6,137487913,137489894,1981
pre_xx_31572,chr6,137493178,137493733,555
pre_xx_31573,chr6,137496935,137498244,1309
pre_xx_31574,chr6,137581031,137582276,1245
pre_xx_31575,chr6,137697285,137697975,690
pre_xx_31576,chr6,137704562,137705641,1079
pre_xx_31577,chr6,137823747,137824919,1172
pre_xx_31578,chr6,137848437,137850270,1833
pre_xx_31579,chr6,137866150,137868300,2150
pre_xx_31580,chr6,138106861,138108140,1279
pre_xx_31581,chr6,138161067,138162849,1782
pre_xx_31582,chr6,138403132,138405254,2122
pre_xx_31583,chr6,138484530,138485694,1164
pre_xx_31584,chr6,138545032,138546093,1061
pre_xx_31585,chr6,138571171,138573226,2055
pre_xx_31586,chr6,138691479,138693760,2281
pre_xx_31587,chr6,138772722,138774278,1556
pre_xx_31588,chr6,138795385,138796478,1093
pre_xx_31589,chr6,138833461,138835389,1928
pre_xx_31590,chr6,138986670,138988806,2136
pre_xx_31591,chr6,138990601,138991611,1010
pre_xx_31592,chr6,139027530,139028083,553
pre_xx_31593,chr6,139028180,139030179,1999
pre_xx_31594,chr6,139134523,139136636,2113
pre_xx_31595,chr6,139218954,139219819,865
pre_xx_31596,chr6,139368739,139369987,1248
pre_xx_31597,chr6,139373216,139376485,3269
pre_xx_31598,chr6,139472381,139475751,3370
pre_xx_31599,chr6,139587508,139590116,2608
pre_xx_31600,chr6,139748003,139749064,1061
pre_xx_31601,chr6,139881531,139883889,2358
pre_xx_31602,chr6,140345474,140347168,1694
pre_xx_31603,chr6,141049491,141051024,1533
pre_xx_31604,chr6,141163994,141165424,1430
pre_xx_31605,chr6,141359516,141360902,1386
pre_xx_31606,chr6,141561923,141563533,1610
pre_xx_31607,chr6,141954835,141956372,1537
pre_xx_31608,chr6,142088126,142089326,1200
pre_xx_31609,chr6,142146712,142147842,1130
pre_xx_31610,chr6,142300712,142302767,2055
pre_xx_31611,chr6,142474272,142475086,814
pre_xx_31612,chr6,142819414,142821332,1918
pre_xx_31613,chr6,142845284,142846712,1428
pre_xx_31614,chr6,142884449,142885784,1335
pre_xx_31615,chr6,142926282,142927506,1224
pre_xx_31616,chr6,142944010,142947919,3909
pre_xx_31617,chr6,143059611,143061525,1914
pre_xx_31618,chr6,143396477,143398159,1682
pre_xx_31619,chr6,143448975,143451402,2427
pre_xx_31620,chr6,143510810,143512079,1269
pre_xx_31621,chr6,143536220,143537847,1627
pre_xx_31622,chr6,143677541,143679394,1853
pre_xx_31623,chr6,143744485,143746167,1682
pre_xx_31624,chr6,143746362,143746885,523
pre_xx_31625,chr6,143747136,143747825,689
pre_xx_31626,chr6,143754960,143755807,847
pre_xx_31627,chr6,143842381,143844196,1815
pre_xx_31628,chr6,143958771,143959443,672
pre_xx_31629,chr6,143962061,143963577,1516
pre_xx_31630,chr6,143967530,143968396,866
pre_xx_31631,chr6,143971330,143972373,1043
pre_xx_31632,chr6,144006164,144008855,2691
pre_xx_31633,chr6,144063187,144065221,2034
pre_xx_31634,chr6,144094673,144096529,1856
pre_xx_31635,chr6,144149523,144151606,2083
pre_xx_31636,chr6,144157645,144158984,1339
pre_xx_31637,chr6,144215318,144217097,1779
pre_xx_31638,chr6,144284043,144287417,3374
pre_xx_31639,chr6,144479641,144480859,1218
pre_xx_31640,chr6,144658701,144660202,1501
pre_xx_31641,chr6,144878141,144879208,1067
pre_xx_31642,chr6,145734310,145736242,1932
pre_xx_31643,chr6,145813752,145815809,2057
pre_xx_31644,chr6,145963071,145964904,1833
pre_xx_31645,chr6,146027539,146028736,1197
pre_xx_31646,chr6,146433637,146435349,1712
pre_xx_31647,chr6,146543015,146544911,1896
pre_xx_31648,chr6,146598446,146599344,898
pre_xx_31649,chr6,146857128,146858282,1154
pre_xx_31650,chr6,146913324,146915203,1879
pre_xx_31651,chr6,147201963,147204730,2767
pre_xx_31652,chr6,147506655,147509755,3100
pre_xx_31653,chr6,148199825,148201049,1224
pre_xx_31654,chr6,148341837,148343838,2001
pre_xx_31655,chr6,148440844,148441975,1131
pre_xx_31656,chr6,148470805,148472843,2038
pre_xx_31657,chr6,148507713,148510288,2575
pre_xx_31658,chr6,148559356,148560566,1210
pre_xx_31659,chr6,148577902,148579479,1577
pre_xx_31660,chr6,148746163,148748829,2666
pre_xx_31661,chr6,148760312,148762507,2195
pre_xx_31662,chr6,148795217,148796138,921
pre_xx_31663,chr6,148924449,148926236,1787
pre_xx_31664,chr6,148952100,148953391,1291
pre_xx_31665,chr6,148971548,148972923,1375
pre_xx_31666,chr6,148979021,148980678,1657
pre_xx_31667,chr6,149036533,149037701,1168
pre_xx_31668,chr6,149060009,149061605,1596
pre_xx_31669,chr6,149093349,149095325,1976
pre_xx_31670,chr6,149316385,149319052,2667
pre_xx_31671,chr6,149431667,149432623,956
pre_xx_31672,chr6,149450523,149451788,1265
pre_xx_31673,chr6,149453971,149454922,951
pre_xx_31674,chr6,149472943,149474567,1624
pre_xx_31675,chr6,149544329,149547131,2802
pre_xx_31676,chr6,149564979,149567302,2323
pre_xx_31677,chr6,149647006,149649068,2062
pre_xx_31678,chr6,149717118,149718774,1656
pre_xx_31679,chr6,149745866,149746741,875
pre_xx_31680,chr6,149749312,149750695,1383
pre_xx_31681,chr6,149862891,149865236,2345
pre_xx_31682,chr6,149922375,149923685,1310
pre_xx_31683,chr6,149925362,149926496,1134
pre_xx_31684,chr6,149938153,149939225,1072
pre_xx_31685,chr6,149941401,149942658,1257
pre_xx_31686,chr6,149963064,149965672,2608
pre_xx_31687,chr6,149989579,149991673,2094
pre_xx_31688,chr6,150004326,150005871,1545
pre_xx_31689,chr6,150016355,150017266,911
pre_xx_31690,chr6,150024726,150026177,1451
pre_xx_31691,chr6,150037106,150038603,1497
pre_xx_31692,chr6,150068122,150069902,1780
pre_xx_31693,chr6,150118141,150120142,2001
pre_xx_31694,chr6,150142043,150144264,2221
pre_xx_31695,chr6,150354397,150355896,1499
pre_xx_31696,chr6,150364789,150366186,1397
pre_xx_31697,chr6,150395100,150395801,701
pre_xx_31698,chr6,150403137,150404171,1034
pre_xx_31699,chr6,150408175,150410174,1999
pre_xx_31700,chr6,150417943,150419386,1443
pre_xx_31701,chr6,150451690,150453460,1770
pre_xx_31702,chr6,150528228,150529134,906
pre_xx_31703,chr6,150599097,150601111,2014
pre_xx_31704,chr6,150605867,150607501,1634
pre_xx_31705,chr6,150634348,150636421,2073
pre_xx_31706,chr6,150658093,150660053,1960
pre_xx_31707,chr6,150667402,150669429,2027
pre_xx_31708,chr6,150686457,150688301,1844
pre_xx_31709,chr6,150745707,150747453,1746
pre_xx_31710,chr6,150753163,150754368,1205
pre_xx_31711,chr6,150787216,150788913,1697
pre_xx_31712,chr6,150856797,150858288,1491
pre_xx_31713,chr6,150861519,150862111,592
pre_xx_31714,chr6,150865209,150867353,2144
pre_xx_31715,chr6,150891592,150892473,881
pre_xx_31716,chr6,151057879,151058772,893
pre_xx_31717,chr6,151239531,151241622,2091
pre_xx_31718,chr6,151291009,151291991,982
pre_xx_31719,chr6,151312672,151313736,1064
pre_xx_31720,chr6,151323885,151324564,679
pre_xx_31721,chr6,151324995,151326232,1237
pre_xx_31722,chr6,151389357,151392237,2880
pre_xx_31723,chr6,151451475,151453370,1895
pre_xx_31724,chr6,151493168,151495101,1933
pre_xx_31725,chr6,151500948,151502321,1373
pre_xx_31726,chr6,151609109,151610878,1769
pre_xx_31727,chr6,151689899,151691677,1778
pre_xx_31728,chr6,151763112,151764706,1594
pre_xx_31729,chr6,151806661,151809544,2883
pre_xx_31730,chr6,151978971,151980841,1870
pre_xx_31731,chr6,152062529,152063943,1414
pre_xx_31732,chr6,152301167,152302585,1418
pre_xx_31733,chr6,152368676,152369727,1051
pre_xx_31734,chr6,152379908,152381888,1980
pre_xx_31735,chr6,152635727,152637486,1759
pre_xx_31736,chr6,152982008,152984386,2378
pre_xx_31737,chr6,153001839,153003990,2151
pre_xx_31738,chr6,153129664,153132120,2456
pre_xx_31739,chr6,153624736,153626019,1283
pre_xx_31740,chr6,154039018,154039882,864
pre_xx_31741,chr6,154509297,154511800,2503
pre_xx_31742,chr6,154652952,154654468,1516
pre_xx_31743,chr6,154675325,154675989,664
pre_xx_31744,chr6,154732522,154734875,2353
pre_xx_31745,chr6,154931721,154933633,1912
pre_xx_31746,chr6,154953850,154954868,1018
pre_xx_31747,chr6,154994774,154996499,1725
pre_xx_31748,chr6,155084647,155086208,1561
pre_xx_31749,chr6,155099688,155100467,779
pre_xx_31750,chr6,155153858,155154880,1022
pre_xx_31751,chr6,155174393,155175105,712
pre_xx_31752,chr6,155313569,155315345,1776
pre_xx_31753,chr6,155448166,155450638,2472
pre_xx_31754,chr6,156396174,156397554,1380
pre_xx_31755,chr6,156522568,156523920,1352
pre_xx_31756,chr6,156582319,156583562,1243
pre_xx_31757,chr6,156657357,156659208,1851
pre_xx_31758,chr6,156685941,156688251,2310
pre_xx_31759,chr6,156719270,156721672,2402
pre_xx_31760,chr6,156776449,156780633,4184
pre_xx_31761,chr6,156790725,156791823,1098
pre_xx_31762,chr6,156839390,156840921,1531
pre_xx_31763,chr6,156847863,156848912,1049
pre_xx_31764,chr6,156883199,156884880,1681
pre_xx_31765,chr6,156952982,156954435,1453
pre_xx_31766,chr6,157020491,157022656,2165
pre_xx_31767,chr6,157070416,157071335,919
pre_xx_31768,chr6,157151009,157152527,1518
pre_xx_31769,chr6,157220820,157221703,883
pre_xx_31770,chr6,157235137,157237413,2276
pre_xx_31771,chr6,157239729,157241028,1299
pre_xx_31772,chr6,157273348,157275439,2091
pre_xx_31773,chr6,157314528,157315395,867
pre_xx_31774,chr6,157322877,157324398,1521
pre_xx_31775,chr6,157379710,157382767,3057
pre_xx_31776,chr6,157669149,157670220,1071
pre_xx_31777,chr6,157756460,157757227,767
pre_xx_31778,chr6,157822264,157824443,2179
pre_xx_31779,chr6,157980903,157982454,1551
pre_xx_31780,chr6,157982830,157983543,713
pre_xx_31781,chr6,157989430,157990836,1406
pre_xx_31782,chr6,158002707,158003987,1280
pre_xx_31783,chr6,158026012,158027151,1139
pre_xx_31784,chr6,158039842,158041050,1208
pre_xx_31785,chr6,158073508,158074268,760
pre_xx_31786,chr6,158167111,158168914,1803
pre_xx_31787,chr6,158193870,158194843,973
pre_xx_31788,chr6,158231267,158233739,2472
pre_xx_31789,chr6,158515745,158516547,802
pre_xx_31790,chr6,158518078,158518853,775
pre_xx_31791,chr6,158535832,158537875,2043
pre_xx_31792,chr6,158554407,158555507,1100
pre_xx_31793,chr6,158559436,158562403,2967
pre_xx_31794,chr6,158611163,158612756,1593
pre_xx_31795,chr6,158643833,158645252,1419
pre_xx_31796,chr6,158703986,158704699,713
pre_xx_31797,chr6,158707087,158708717,1630
pre_xx_31798,chr6,158751192,158753014,1822
pre_xx_31799,chr6,158758232,158758798,566
pre_xx_31800,chr6,158765523,158766062,539
pre_xx_31801,chr6,158798434,158799834,1400
pre_xx_31802,chr6,158816093,158816567,474
pre_xx_31803,chr6,158816972,158817678,706
pre_xx_31804,chr6,158817835,158819766,1931
pre_xx_31805,chr6,158825192,158826438,1246
pre_xx_31806,chr6,158843753,158844953,1200
pre_xx_31807,chr6,158852890,158853963,1073
pre_xx_31808,chr6,158869066,158870484,1418
pre_xx_31809,chr6,158893926,158895660,1734
pre_xx_31810,chr6,158938456,158939945,1489
pre_xx_31811,chr6,158998914,159000798,1884
pre_xx_31812,chr6,159042098,159042910,812
pre_xx_31813,chr6,159103731,159104495,764
pre_xx_31814,chr6,159131666,159133327,1661
pre_xx_31815,chr6,159168384,159170488,2104
pre_xx_31816,chr6,159692298,159694561,2263
pre_xx_31817,chr6,159726270,159728180,1910
pre_xx_31818,chr6,159760677,159762994,2317
pre_xx_31819,chr6,159788409,159791261,2852
pre_xx_31820,chr6,159968395,159970238,1843
pre_xx_31821,chr6,160005702,160006734,1032
pre_xx_31822,chr6,160029589,160031080,1491
pre_xx_31823,chr6,160347642,160349363,1721
pre_xx_31824,chr6,160427362,160428461,1099
pre_xx_31825,chr6,160430239,160432041,1802
pre_xx_31826,chr6,160454916,160456355,1439
pre_xx_31827,chr6,160519633,160521045,1412
pre_xx_31828,chr6,160533779,160534567,788
pre_xx_31829,chr6,160678380,160679713,1333
pre_xx_31830,chr6,160766510,160767897,1387
pre_xx_31831,chr6,160930428,160931736,1308
pre_xx_31832,chr6,160973168,160974962,1794
pre_xx_31833,chr6,160990887,160993069,2182
pre_xx_31834,chr6,161225685,161226918,1233
pre_xx_31835,chr6,161272607,161274734,2127
pre_xx_31836,chr6,161417550,161419128,1578
pre_xx_31837,chr6,161422630,161423353,723
pre_xx_31838,chr6,161443806,161445746,1940
pre_xx_31839,chr6,161773574,161774796,1222
pre_xx_31840,chr6,161836262,161837920,1658
pre_xx_31841,chr6,162573193,162574818,1625
pre_xx_31842,chr6,162705299,162706690,1391
pre_xx_31843,chr6,162726737,162728594,1857
pre_xx_31844,chr6,162856599,162857781,1182
pre_xx_31845,chr6,163259845,163261277,1432
pre_xx_31846,chr6,163396192,163397250,1058
pre_xx_31847,chr6,163405410,163406522,1112
pre_xx_31848,chr6,163412904,163416264,3360
pre_xx_31849,chr6,163416737,163416988,251
pre_xx_31850,chr6,163964873,163966353,1480
pre_xx_31851,chr6,164531729,164533425,1696
pre_xx_31852,chr6,165308579,165309811,1232
pre_xx_31853,chr6,165660276,165664045,3769
pre_xx_31854,chr6,165804107,165805431,1324
pre_xx_31855,chr6,165834366,165835918,1552
pre_xx_31856,chr6,165846086,165848001,1915
pre_xx_31857,chr6,165849495,165850743,1248
pre_xx_31858,chr6,165884115,165885390,1275
pre_xx_31859,chr6,165986433,165989206,2773
pre_xx_31860,chr6,166005248,166006800,1552
pre_xx_31861,chr6,166008297,166009351,1054
pre_xx_31862,chr6,166097001,166098374,1373
pre_xx_31863,chr6,166167131,166169027,1896
pre_xx_31864,chr6,166252223,166254268,2045
pre_xx_31865,chr6,166275514,166276195,681
pre_xx_31866,chr6,166282228,166282942,714
pre_xx_31867,chr6,166294575,166295590,1015
pre_xx_31868,chr6,166306802,166308820,2018
pre_xx_31869,chr6,166317920,166319567,1647
pre_xx_31870,chr6,166341692,166343213,1521
pre_xx_31871,chr6,166381558,166384033,2475
pre_xx_31872,chr6,166490704,166491681,977
pre_xx_31873,chr6,166626211,166628691,2480
pre_xx_31874,chr6,166639553,166641145,1592
pre_xx_31875,chr6,166655793,166657781,1988
pre_xx_31876,chr6,166671155,166673721,2566
pre_xx_31877,chr6,166743198,166744774,1576
pre_xx_31878,chr6,166749722,166751749,2027
pre_xx_31879,chr6,166757203,166758773,1570
pre_xx_31880,chr6,166774880,166775891,1011
pre_xx_31881,chr6,166861793,166863332,1539
pre_xx_31882,chr6,166907401,166908784,1383
pre_xx_31883,chr6,166955437,166957683,2246
pre_xx_31884,chr6,166997603,166999985,2382
pre_xx_31885,chr6,167091576,167093104,1528
pre_xx_31886,chr6,167115898,167116785,887
pre_xx_31887,chr6,167241104,167242117,1013
pre_xx_31888,chr6,167265360,167267466,2106
pre_xx_31889,chr6,167350060,167351707,1647
pre_xx_31890,chr6,167441372,167442898,1526
pre_xx_31891,chr6,167550420,167551846,1426
pre_xx_31892,chr6,167565425,167567708,2283
pre_xx_31893,chr6,167572522,167574210,1688
pre_xx_31894,chr6,167667806,167668918,1112
pre_xx_31895,chr6,167678020,167679142,1122
pre_xx_31896,chr6,167698959,167700102,1143
pre_xx_31897,chr6,167795960,167797825,1865
pre_xx_31898,chr6,167825148,167828152,3004
pre_xx_31899,chr6,167840469,167841831,1362
pre_xx_31900,chr6,167933913,167935487,1574
pre_xx_31901,chr6,168034569,168036500,1931
pre_xx_31902,chr6,168060297,168061177,880
pre_xx_31903,chr6,168087497,168089050,1553
pre_xx_31904,chr6,168095399,168096739,1340
pre_xx_31905,chr6,168100783,168102926,2143
pre_xx_31906,chr6,168131779,168133769,1990
pre_xx_31907,chr6,168157062,168158898,1836
pre_xx_31908,chr6,168208418,168209864,1446
pre_xx_31909,chr6,168252965,168254087,1122
pre_xx_31910,chr6,168264338,168265186,848
pre_xx_31911,chr6,168272178,168272891,713
pre_xx_31912,chr6,168313132,168314223,1091
pre_xx_31913,chr6,168314684,168315341,657
pre_xx_31914,chr6,168318118,168320228,2110
pre_xx_31915,chr6,168325759,168327315,1556
pre_xx_31916,chr6,168355433,168356650,1217
pre_xx_31917,chr6,168369544,168370937,1393
pre_xx_31918,chr6,168376827,168378225,1398
pre_xx_31919,chr6,168417265,168419072,1807
pre_xx_31920,chr6,168440047,168442536,2489
pre_xx_31921,chr6,168450920,168453327,2407
pre_xx_31922,chr6,168559405,168560495,1090
pre_xx_31923,chr6,168640265,168641812,1547
pre_xx_31924,chr6,168837159,168838641,1482
pre_xx_31925,chr6,168847839,168849198,1359
pre_xx_31926,chr6,168884336,168885435,1099
pre_xx_31927,chr6,169212570,169213954,1384
pre_xx_31928,chr6,169251419,169254244,2825
pre_xx_31929,chr6,169450802,169453049,2247
pre_xx_31930,chr6,169701254,169702953,1699
pre_xx_31931,chr6,169722553,169726019,3466
pre_xx_31932,chr6,169750902,169752564,1662
pre_xx_31933,chr6,169789507,169791036,1529
pre_xx_31934,chr6,169799484,169801340,1856
pre_xx_31935,chr6,169830921,169832156,1235
pre_xx_31936,chr6,169861818,169863453,1635
pre_xx_31937,chr6,169864232,169865038,806
pre_xx_31938,chr6,169889535,169890828,1293
pre_xx_31939,chr6,169940328,169941426,1098
pre_xx_31940,chr6,169961582,169962540,958
pre_xx_31941,chr6,170006622,170008439,1817
pre_xx_31942,chr6,170022874,170024274,1400
pre_xx_31943,chr6,170066799,170067778,979
pre_xx_31944,chr6,170124146,170125206,1060
pre_xx_31945,chr6,170129522,170131503,1981
pre_xx_31946,chr6,170146502,170148399,1897
pre_xx_31947,chr6,170151197,170153777,2580
pre_xx_31948,chr6,170224276,170225177,901
pre_xx_31949,chr6,170243299,170245837,2538
pre_xx_31950,chr6,170247036,170247727,691
pre_xx_31951,chr6,170279702,170280964,1262
pre_xx_31952,chr6,170286160,170287147,987
pre_xx_31953,chr6,170289711,170291026,1315
pre_xx_31954,chr6,170291194,170292157,963
pre_xx_31955,chr6,170295368,170297923,2555
pre_xx_31956,chr6,170305710,170307399,1689
pre_xx_31957,chr6,170437977,170439132,1155
pre_xx_31958,chr6,170452815,170455267,2452
pre_xx_31959,chr6,170463991,170465459,1468
pre_xx_31960,chr6,170470400,170471305,905
pre_xx_31961,chr6,170552559,170554779,2220
pre_xx_31962,chr6,170583533,170585364,1831
pre_xx_31963,chr7,63513,65296,1783
pre_xx_31964,chr7,81969,82734,765
pre_xx_31965,chr7,85400,86013,613
pre_xx_31966,chr7,118989,121894,2905
pre_xx_31967,chr7,148860,150493,1633
pre_xx_31968,chr7,152614,153100,486
pre_xx_31969,chr7,191150,195001,3851
pre_xx_31970,chr7,288999,291303,2304
pre_xx_31971,chr7,321065,322781,1716
pre_xx_31972,chr7,326413,328055,1642
pre_xx_31973,chr7,332278,333748,1470
pre_xx_31974,chr7,372685,373832,1147
pre_xx_31975,chr7,379177,380374,1197
pre_xx_31976,chr7,405249,406484,1235
pre_xx_31977,chr7,451586,452685,1099
pre_xx_31978,chr7,455037,455959,922
pre_xx_31979,chr7,464480,465558,1078
pre_xx_31980,chr7,471265,472426,1161
pre_xx_31981,chr7,479280,481401,2121
pre_xx_31982,chr7,483610,486176,2566
pre_xx_31983,chr7,491231,493047,1816
pre_xx_31984,chr7,500615,501361,746
pre_xx_31985,chr7,504707,505462,755
pre_xx_31986,chr7,512455,513631,1176
pre_xx_31987,chr7,516031,517358,1327
pre_xx_31988,chr7,517856,518474,618
pre_xx_31989,chr7,518742,520338,1596
pre_xx_31990,chr7,521579,522891,1312
pre_xx_31991,chr7,523453,524034,581
pre_xx_31992,chr7,537825,540134,2309
pre_xx_31993,chr7,552484,554123,1639
pre_xx_31994,chr7,561107,562422,1315
pre_xx_31995,chr7,568108,569266,1158
pre_xx_31996,chr7,572590,574567,1977
pre_xx_31997,chr7,590269,591768,1499
pre_xx_31998,chr7,600730,602618,1888
pre_xx_31999,chr7,610457,611587,1130
pre_xx_32000,chr7,657334,658164,830
pre_xx_32001,chr7,664888,666460,1572
pre_xx_32002,chr7,667826,668850,1024
pre_xx_32003,chr7,674597,675420,823
pre_xx_32004,chr7,711132,713078,1946
pre_xx_32005,chr7,726111,728386,2275
pre_xx_32006,chr7,759546,761276,1730
pre_xx_32007,chr7,767590,769572,1982
pre_xx_32008,chr7,773943,774819,876
pre_xx_32009,chr7,778565,779429,864
pre_xx_32010,chr7,801792,802719,927
pre_xx_32011,chr7,812684,813655,971
pre_xx_32012,chr7,815368,817672,2304
pre_xx_32013,chr7,873318,874546,1228
pre_xx_32014,chr7,875708,878251,2543
pre_xx_32015,chr7,908284,909808,1524
pre_xx_32016,chr7,916116,916943,827
pre_xx_32017,chr7,928469,929062,593
pre_xx_32018,chr7,953245,954906,1661
pre_xx_32019,chr7,974679,976066,1387
pre_xx_32020,chr7,982155,983476,1321
pre_xx_32021,chr7,985929,986759,830
pre_xx_32022,chr7,988310,989365,1055
pre_xx_32023,chr7,992806,993598,792
pre_xx_32024,chr7,997062,998274,1212
pre_xx_32025,chr7,1010031,1011399,1368
pre_xx_32026,chr7,1027202,1029156,1954
pre_xx_32027,chr7,1040674,1041222,548
pre_xx_32028,chr7,1043536,1045085,1549
pre_xx_32029,chr7,1053854,1055512,1658
pre_xx_32030,chr7,1059284,1060957,1673
pre_xx_32031,chr7,1064681,1066413,1732
pre_xx_32032,chr7,1081448,1082516,1068
pre_xx_32033,chr7,1086615,1088680,2065
pre_xx_32034,chr7,1095444,1097191,1747
pre_xx_32035,chr7,1122302,1124175,1873
pre_xx_32036,chr7,1136743,1138805,2062
pre_xx_32037,chr7,1159759,1160959,1200
pre_xx_32038,chr7,1175687,1176603,916
pre_xx_32039,chr7,1193481,1194483,1002
pre_xx_32040,chr7,1210182,1211723,1541
pre_xx_32041,chr7,1246795,1249095,2300
pre_xx_32042,chr7,1289678,1291234,1556
pre_xx_32043,chr7,1322568,1323950,1382
pre_xx_32044,chr7,1412331,1413239,908
pre_xx_32045,chr7,1428852,1429616,764
pre_xx_32046,chr7,1431439,1433137,1698
pre_xx_32047,chr7,1458588,1460171,1583
pre_xx_32048,chr7,1466423,1467170,747
pre_xx_32049,chr7,1473756,1475083,1327
pre_xx_32050,chr7,1503561,1504792,1231
pre_xx_32051,chr7,1506657,1507265,608
pre_xx_32052,chr7,1530242,1533251,3009
pre_xx_32053,chr7,1536726,1538625,1899
pre_xx_32054,chr7,1544744,1546566,1822
pre_xx_32055,chr7,1555038,1556585,1547
pre_xx_32056,chr7,1569459,1570863,1404
pre_xx_32057,chr7,1579301,1580003,702
pre_xx_32058,chr7,1664459,1666107,1648
pre_xx_32059,chr7,1669662,1670941,1279
pre_xx_32060,chr7,1693380,1695044,1664
pre_xx_32061,chr7,1712953,1714619,1666
pre_xx_32062,chr7,1724918,1725802,884
pre_xx_32063,chr7,1741868,1743467,1599
pre_xx_32064,chr7,1811901,1813104,1203
pre_xx_32065,chr7,1842244,1843780,1536
pre_xx_32066,chr7,1844736,1845449,713
pre_xx_32067,chr7,1900022,1901021,999
pre_xx_32068,chr7,1901292,1902409,1117
pre_xx_32069,chr7,1912457,1913915,1458
pre_xx_32070,chr7,1919305,1921231,1926
pre_xx_32071,chr7,1950092,1951629,1537
pre_xx_32072,chr7,2017882,2019211,1329
pre_xx_32073,chr7,2051742,2053637,1895
pre_xx_32074,chr7,2081562,2082861,1299
pre_xx_32075,chr7,2100173,2101044,871
pre_xx_32076,chr7,2103514,2105173,1659
pre_xx_32077,chr7,2118271,2119215,944
pre_xx_32078,chr7,2172329,2173536,1207
pre_xx_32079,chr7,2195079,2196627,1548
pre_xx_32080,chr7,2202351,2204391,2040
pre_xx_32081,chr7,2209206,2209859,653
pre_xx_32082,chr7,2222392,2223658,1266
pre_xx_32083,chr7,2231836,2233442,1606
pre_xx_32084,chr7,2241503,2243003,1500
pre_xx_32085,chr7,2260521,2261216,695
pre_xx_32086,chr7,2279527,2280280,753
pre_xx_32087,chr7,2281210,2282804,1594
pre_xx_32088,chr7,2304391,2305261,870
pre_xx_32089,chr7,2313722,2314904,1182
pre_xx_32090,chr7,2353607,2355889,2282
pre_xx_32091,chr7,2399664,2401243,1579
pre_xx_32092,chr7,2402962,2404569,1607
pre_xx_32093,chr7,2408493,2409339,846
pre_xx_32094,chr7,2411851,2412794,943
pre_xx_32095,chr7,2451133,2452454,1321
pre_xx_32096,chr7,2477279,2478100,821
pre_xx_32097,chr7,2508185,2509350,1165
pre_xx_32098,chr7,2518683,2520172,1489
pre_xx_32099,chr7,2522875,2524444,1569
pre_xx_32100,chr7,2554791,2556066,1275
pre_xx_32101,chr7,2558541,2559911,1370
pre_xx_32102,chr7,2612244,2614131,1887
pre_xx_32103,chr7,2616644,2617896,1252
pre_xx_32104,chr7,2620960,2621578,618
pre_xx_32105,chr7,2621954,2622583,629
pre_xx_32106,chr7,2631240,2634159,2919
pre_xx_32107,chr7,2670535,2671496,961
pre_xx_32108,chr7,2687179,2689506,2327
pre_xx_32109,chr7,2716533,2718335,1802
pre_xx_32110,chr7,2821149,2821744,595
pre_xx_32111,chr7,2823813,2826048,2235
pre_xx_32112,chr7,2843356,2844848,1492
pre_xx_32113,chr7,2911040,2912147,1107
pre_xx_32114,chr7,2928454,2929761,1307
pre_xx_32115,chr7,2978133,2979478,1345
pre_xx_32116,chr7,3117106,3118280,1174
pre_xx_32117,chr7,3149604,3150540,936
pre_xx_32118,chr7,3163967,3165939,1972
pre_xx_32119,chr7,3175539,3177110,1571
pre_xx_32120,chr7,3181037,3182035,998
pre_xx_32121,chr7,3193420,3195301,1881
pre_xx_32122,chr7,3218199,3219418,1219
pre_xx_32123,chr7,3259533,3260761,1228
pre_xx_32124,chr7,3300144,3302920,2776
pre_xx_32125,chr7,4135896,4136889,993
pre_xx_32126,chr7,4143900,4145569,1669
pre_xx_32127,chr7,4159093,4160150,1057
pre_xx_32128,chr7,4631283,4632316,1033
pre_xx_32129,chr7,4641095,4642698,1603
pre_xx_32130,chr7,4681773,4684542,2769
pre_xx_32131,chr7,4700541,4701683,1142
pre_xx_32132,chr7,4738457,4739907,1450
pre_xx_32133,chr7,4744276,4746419,2143
pre_xx_32134,chr7,4753412,4754389,977
pre_xx_32135,chr7,4774615,4776374,1759
pre_xx_32136,chr7,4791817,4793130,1313
pre_xx_32137,chr7,4837019,4838957,1938
pre_xx_32138,chr7,4881855,4884321,2466
pre_xx_32139,chr7,4957540,4959651,2111
pre_xx_32140,chr7,4973367,4974983,1616
pre_xx_32141,chr7,5045145,5046741,1596
pre_xx_32142,chr7,5189506,5190947,1441
pre_xx_32143,chr7,5239996,5241487,1491
pre_xx_32144,chr7,5253016,5254022,1006
pre_xx_32145,chr7,5282065,5283964,1899
pre_xx_32146,chr7,5284397,5285284,887
pre_xx_32147,chr7,5295863,5297180,1317
pre_xx_32148,chr7,5312686,5314384,1698
pre_xx_32149,chr7,5354342,5355288,946
pre_xx_32150,chr7,5379497,5380458,961
pre_xx_32151,chr7,5382032,5384031,1999
pre_xx_32152,chr7,5406792,5408032,1240
pre_xx_32153,chr7,5417360,5419042,1682
pre_xx_32154,chr7,5423225,5424675,1450
pre_xx_32155,chr7,5425573,5426133,560
pre_xx_32156,chr7,5426544,5427154,610
pre_xx_32157,chr7,5427767,5428321,554
pre_xx_32158,chr7,5428525,5430381,1856
pre_xx_32159,chr7,5442832,5443964,1132
pre_xx_32160,chr7,5450485,5451216,731
pre_xx_32161,chr7,5457426,5458317,891
pre_xx_32162,chr7,5470012,5471294,1282
pre_xx_32163,chr7,5477433,5479522,2089
pre_xx_32164,chr7,5486525,5487252,727
pre_xx_32165,chr7,5491072,5492588,1516
pre_xx_32166,chr7,5494572,5495505,933
pre_xx_32167,chr7,5512814,5514871,2057
pre_xx_32168,chr7,5523089,5523614,525
pre_xx_32169,chr7,5523980,5524779,799
pre_xx_32170,chr7,5525041,5527032,1991
pre_xx_32171,chr7,5529291,5531193,1902
pre_xx_32172,chr7,5554711,5557032,2321
pre_xx_32173,chr7,5558653,5559207,554
pre_xx_32174,chr7,5561828,5563893,2065
pre_xx_32175,chr7,5569171,5570870,1699
pre_xx_32176,chr7,5574293,5575283,990
pre_xx_32177,chr7,5580609,5581482,873
pre_xx_32178,chr7,5591298,5591945,647
pre_xx_32179,chr7,5592381,5593192,811
pre_xx_32180,chr7,5593489,5595205,1716
pre_xx_32181,chr7,5595587,5596366,779
pre_xx_32182,chr7,5598387,5599341,954
pre_xx_32183,chr7,5606764,5609021,2257
pre_xx_32184,chr7,5633341,5634743,1402
pre_xx_32185,chr7,5665013,5665870,857
pre_xx_32186,chr7,5699348,5700352,1004
pre_xx_32187,chr7,5702895,5704810,1915
pre_xx_32188,chr7,5780478,5782097,1619
pre_xx_32189,chr7,5822516,5823736,1220
pre_xx_32190,chr7,6008238,6009746,1508
pre_xx_32191,chr7,6057402,6059496,2094
pre_xx_32192,chr7,6080364,6081868,1504
pre_xx_32193,chr7,6103905,6106694,2789
pre_xx_32194,chr7,6159515,6160596,1081
pre_xx_32195,chr7,6171129,6173220,2091
pre_xx_32196,chr7,6227184,6229472,2288
pre_xx_32197,chr7,6270627,6273657,3030
pre_xx_32198,chr7,6347970,6349409,1439
pre_xx_32199,chr7,6373250,6375136,1886
pre_xx_32200,chr7,6375361,6375998,637
pre_xx_32201,chr7,6398093,6399390,1297
pre_xx_32202,chr7,6446809,6448719,1910
pre_xx_32203,chr7,6482811,6484570,1759
pre_xx_32204,chr7,6503149,6504945,1796
pre_xx_32205,chr7,6516184,6516897,713
pre_xx_32206,chr7,6526038,6527086,1048
pre_xx_32207,chr7,6530745,6531615,870
pre_xx_32208,chr7,6536107,6537234,1127
pre_xx_32209,chr7,6575221,6576062,841
pre_xx_32210,chr7,6576676,6578275,1599
pre_xx_32211,chr7,6589212,6591054,1842
pre_xx_32212,chr7,6614677,6616476,1799
pre_xx_32213,chr7,6636454,6638537,2083
pre_xx_32214,chr7,6663578,6664726,1148
pre_xx_32215,chr7,6705842,6707393,1551
pre_xx_32216,chr7,6729005,6730623,1618
pre_xx_32217,chr7,6990816,6992793,1977
pre_xx_32218,chr7,7099249,7100324,1075
pre_xx_32219,chr7,7181575,7183544,1969
pre_xx_32220,chr7,7565725,7568135,2410
pre_xx_32221,chr7,7639516,7641605,2089
pre_xx_32222,chr7,7967964,7971148,3184
pre_xx_32223,chr7,8143376,8145061,1685
pre_xx_32224,chr7,8260865,8262755,1890
pre_xx_32225,chr7,8433188,8434791,1603
pre_xx_32226,chr7,8441989,8443499,1510
pre_xx_32227,chr7,8443555,8444608,1053
pre_xx_32228,chr7,9645541,9646385,844
pre_xx_32229,chr7,10707141,10708754,1613
pre_xx_32230,chr7,10939268,10941240,1972
pre_xx_32231,chr7,10972814,10974942,2128
pre_xx_32232,chr7,11192550,11194075,1525
pre_xx_32233,chr7,11211940,11213366,1426
pre_xx_32234,chr7,11228171,11229108,937
pre_xx_32235,chr7,11830636,11832549,1913
pre_xx_32236,chr7,12107455,12108415,960
pre_xx_32237,chr7,12111146,12112215,1069
pre_xx_32238,chr7,12120337,12121588,1251
pre_xx_32239,chr7,12210165,12212346,2181
pre_xx_32240,chr7,12385111,12386799,1688
pre_xx_32241,chr7,12402881,12404412,1531
pre_xx_32242,chr7,12569661,12571446,1785
pre_xx_32243,chr7,12639822,12640893,1071
pre_xx_32244,chr7,12686267,12687893,1626
pre_xx_32245,chr7,12758801,12759683,882
pre_xx_32246,chr7,12769535,12772120,2585
pre_xx_32247,chr7,13016605,13018204,1599
pre_xx_32248,chr7,13062594,13063487,893
pre_xx_32249,chr7,13466412,13467598,1186
pre_xx_32250,chr7,13919786,13920881,1095
pre_xx_32251,chr7,13987854,13988329,475
pre_xx_32252,chr7,13988729,13991806,3077
pre_xx_32253,chr7,14902100,14903729,1629
pre_xx_32254,chr7,15015283,15016402,1119
pre_xx_32255,chr7,15684963,15687917,2954
pre_xx_32256,chr7,15746977,15747968,991
pre_xx_32257,chr7,15908121,15909523,1402
pre_xx_32258,chr7,16271183,16272652,1469
pre_xx_32259,chr7,16420024,16422207,2183
pre_xx_32260,chr7,16463575,16464692,1117
pre_xx_32261,chr7,16465152,16466371,1219
pre_xx_32262,chr7,16644291,16647042,2751
pre_xx_32263,chr7,16739655,16741218,1563
pre_xx_32264,chr7,16753176,16755588,2412
pre_xx_32265,chr7,16982503,16983637,1134
pre_xx_32266,chr7,17015249,17016096,847
pre_xx_32267,chr7,17298144,17300026,1882
pre_xx_32268,chr7,17420161,17421340,1179
pre_xx_32269,chr7,17939000,17941438,2438
pre_xx_32270,chr7,18085840,18088025,2185
pre_xx_32271,chr7,18289539,18291121,1582
pre_xx_32272,chr7,18494921,18496621,1700
pre_xx_32273,chr7,19106007,19108761,2754
pre_xx_32274,chr7,19115882,19118581,2699
pre_xx_32275,chr7,19707825,19709356,1531
pre_xx_32276,chr7,19772301,19773890,1589
pre_xx_32277,chr7,20329372,20332102,2730
pre_xx_32278,chr7,20777579,20778794,1215
pre_xx_32279,chr7,20783600,20785773,2173
pre_xx_32280,chr7,20786611,20787573,962
pre_xx_32281,chr7,20797201,20799206,2005
pre_xx_32282,chr7,20980025,20981596,1571
pre_xx_32283,chr7,21044197,21045256,1059
pre_xx_32284,chr7,21086405,21087120,715
pre_xx_32285,chr7,21127747,21129457,1710
pre_xx_32286,chr7,21169103,21170558,1455
pre_xx_32287,chr7,21253851,21254904,1053
pre_xx_32288,chr7,21383005,21383833,828
pre_xx_32289,chr7,21426346,21428797,2451
pre_xx_32290,chr7,21542659,21544300,1641
pre_xx_32291,chr7,21767106,21767653,547
pre_xx_32292,chr7,21944486,21946383,1897
pre_xx_32293,chr7,21948120,21949388,1268
pre_xx_32294,chr7,22025961,22027307,1346
pre_xx_32295,chr7,22082368,22083948,1580
pre_xx_32296,chr7,22109746,22110691,945
pre_xx_32297,chr7,22192485,22194072,1587
pre_xx_32298,chr7,22328899,22330478,1579
pre_xx_32299,chr7,22350399,22351675,1276
pre_xx_32300,chr7,22355975,22357974,1999
pre_xx_32301,chr7,22444284,22446086,1802
pre_xx_32302,chr7,22452054,22453347,1293
pre_xx_32303,chr7,22488046,22489220,1174
pre_xx_32304,chr7,22499653,22500558,905
pre_xx_32305,chr7,22549184,22550884,1700
pre_xx_32306,chr7,22559388,22560213,825
pre_xx_32307,chr7,22561220,22562123,903
pre_xx_32308,chr7,22583012,22583676,664
pre_xx_32309,chr7,22726229,22727804,1575
pre_xx_32310,chr7,22821293,22823139,1846
pre_xx_32311,chr7,22853492,22855247,1755
pre_xx_32312,chr7,23012422,23014472,2050
pre_xx_32313,chr7,23105151,23107535,2384
pre_xx_32314,chr7,23181110,23182762,1652
pre_xx_32315,chr7,23205452,23206968,1516
pre_xx_32316,chr7,23272719,23273616,897
pre_xx_32317,chr7,23297896,23300183,2287
pre_xx_32318,chr7,23332043,23335321,3278
pre_xx_32319,chr7,23467790,23468120,330
pre_xx_32320,chr7,23468335,23470031,1696
pre_xx_32321,chr7,23470268,23471554,1286
pre_xx_32322,chr7,23473397,23475071,1674
pre_xx_32323,chr7,23489768,23491841,2073
pre_xx_32324,chr7,23530376,23532803,2427
pre_xx_32325,chr7,23544653,23545260,607
pre_xx_32326,chr7,23546560,23547548,988
pre_xx_32327,chr7,23596639,23598189,1550
pre_xx_32328,chr7,23679703,23681313,1610
pre_xx_32329,chr7,23723541,23724787,1246
pre_xx_32330,chr7,23759068,23760959,1891
pre_xx_32331,chr7,23892893,23894166,1273
pre_xx_32332,chr7,24109938,24111379,1441
pre_xx_32333,chr7,24283372,24285757,2385
pre_xx_32334,chr7,24374632,24375622,990
pre_xx_32335,chr7,24379057,24379630,573
pre_xx_32336,chr7,24456254,24457652,1398
pre_xx_32337,chr7,24572357,24574785,2428
pre_xx_32338,chr7,24576229,24576915,686
pre_xx_32339,chr7,24740977,24742476,1499
pre_xx_32340,chr7,24756432,24758384,1952
pre_xx_32341,chr7,24819977,24820766,789
pre_xx_32342,chr7,24978840,24980915,2075
pre_xx_32343,chr7,24981148,24982142,994
pre_xx_32344,chr7,25124331,25125949,1618
pre_xx_32345,chr7,25179446,25181212,1766
pre_xx_32346,chr7,25358876,25361017,2141
pre_xx_32347,chr7,25456222,25457803,1581
pre_xx_32348,chr7,25494919,25496205,1286
pre_xx_32349,chr7,25752242,25754041,1799
pre_xx_32350,chr7,25851464,25851940,476
pre_xx_32351,chr7,25852136,25852890,754
pre_xx_32352,chr7,25854471,25855352,881
pre_xx_32353,chr7,25856518,25857937,1419
pre_xx_32354,chr7,25861968,25862929,961
pre_xx_32355,chr7,25894995,25895916,921
pre_xx_32356,chr7,25896893,25897842,949
pre_xx_32357,chr7,25949612,25952234,2622
pre_xx_32358,chr7,26007282,26007959,677
pre_xx_32359,chr7,26078613,26079301,688
pre_xx_32360,chr7,26151737,26153407,1670
pre_xx_32361,chr7,26187239,26189294,2055
pre_xx_32362,chr7,26199586,26202548,2962
pre_xx_32363,chr7,26291476,26292608,1132
pre_xx_32364,chr7,26375740,26377436,1696
pre_xx_32365,chr7,26397272,26399535,2263
pre_xx_32366,chr7,26493815,26494450,635
pre_xx_32367,chr7,26514074,26515874,1800
pre_xx_32368,chr7,26602889,26604096,1207
pre_xx_32369,chr7,26653233,26654281,1048
pre_xx_32370,chr7,26667277,26667924,647
pre_xx_32371,chr7,26857272,26858597,1325
pre_xx_32372,chr7,26863785,26865224,1439
pre_xx_32373,chr7,27095440,27097295,1855
pre_xx_32374,chr7,27113126,27114313,1187
pre_xx_32375,chr7,27129695,27131465,1770
pre_xx_32376,chr7,27142379,27144050,1671
pre_xx_32377,chr7,27150487,27151536,1049
pre_xx_32378,chr7,27155739,27157208,1469
pre_xx_32379,chr7,27160405,27161348,943
pre_xx_32380,chr7,27164995,27166795,1800
pre_xx_32381,chr7,27168994,27170113,1119
pre_xx_32382,chr7,27171685,27172148,463
pre_xx_32383,chr7,27172694,27174609,1915
pre_xx_32384,chr7,27179433,27180443,1010
pre_xx_32385,chr7,27183875,27185652,1777
pre_xx_32386,chr7,27191825,27193374,1549
pre_xx_32387,chr7,27198688,27200753,2065
pre_xx_32388,chr7,27204790,27206079,1289
pre_xx_32389,chr7,27235140,27236135,995
pre_xx_32390,chr7,27239142,27240053,911
pre_xx_32391,chr7,27245644,27246612,968
pre_xx_32392,chr7,27251299,27252994,1695
pre_xx_32393,chr7,27661753,27663364,1611
pre_xx_32394,chr7,27739062,27741115,2053
pre_xx_32395,chr7,27744835,27745490,655
pre_xx_32396,chr7,27871795,27873375,1580
pre_xx_32397,chr7,27873642,27874758,1116
pre_xx_32398,chr7,28069470,28070852,1382
pre_xx_32399,chr7,28083277,28084386,1109
pre_xx_32400,chr7,28134922,28136287,1365
pre_xx_32401,chr7,28179055,28181137,2082
pre_xx_32402,chr7,28300853,28302051,1198
pre_xx_32403,chr7,28389276,28390851,1575
pre_xx_32404,chr7,28408352,28411349,2997
pre_xx_32405,chr7,28473427,28475010,1583
pre_xx_32406,chr7,28536058,28536679,621
pre_xx_32407,chr7,28572909,28574472,1563
pre_xx_32408,chr7,28630037,28631704,1667
pre_xx_32409,chr7,28685022,28686908,1886
pre_xx_32410,chr7,28707942,28708955,1013
pre_xx_32411,chr7,28783704,28784944,1240
pre_xx_32412,chr7,28853626,28854838,1212
pre_xx_32413,chr7,28921625,28922984,1359
pre_xx_32414,chr7,28926435,28927531,1096
pre_xx_32415,chr7,28933150,28934366,1216
pre_xx_32416,chr7,28955383,28958950,3567
pre_xx_32417,chr7,29041927,29043571,1644
pre_xx_32418,chr7,29145686,29147601,1915
pre_xx_32419,chr7,29189532,29190959,1427
pre_xx_32420,chr7,29193742,29195683,1941
pre_xx_32421,chr7,29277705,29279458,1753
pre_xx_32422,chr7,29305696,29306968,1272
pre_xx_32423,chr7,29452250,29453975,1725
pre_xx_32424,chr7,29469926,29470706,780
pre_xx_32425,chr7,29479281,29481124,1843
pre_xx_32426,chr7,29485272,29486411,1139
pre_xx_32427,chr7,29562880,29565430,2550
pre_xx_32428,chr7,29565698,29566719,1021
pre_xx_32429,chr7,29634908,29636044,1136
pre_xx_32430,chr7,29636315,29636951,636
pre_xx_32431,chr7,29639738,29640740,1002
pre_xx_32432,chr7,29645544,29646785,1241
pre_xx_32433,chr7,29684310,29686283,1973
pre_xx_32434,chr7,29769801,29771779,1978
pre_xx_32435,chr7,29805951,29807886,1935
pre_xx_32436,chr7,29809307,29809972,665
pre_xx_32437,chr7,29811393,29811971,578
pre_xx_32438,chr7,29842053,29844095,2042
pre_xx_32439,chr7,29849074,29849694,620
pre_xx_32440,chr7,29866362,29868265,1903
pre_xx_32441,chr7,29883397,29885367,1970
pre_xx_32442,chr7,29987721,29990209,2488
pre_xx_32443,chr7,30026190,30027367,1177
pre_xx_32444,chr7,30027886,30030135,2249
pre_xx_32445,chr7,30134104,30136714,2610
pre_xx_32446,chr7,30225628,30227142,1514
pre_xx_32447,chr7,30252934,30253958,1024
pre_xx_32448,chr7,30283811,30286201,2390
pre_xx_32449,chr7,30468944,30469928,984
pre_xx_32450,chr7,30469966,30471452,1486
pre_xx_32451,chr7,30477565,30479644,2079
pre_xx_32452,chr7,30503816,30505380,1564
pre_xx_32453,chr7,30548495,30549206,711
pre_xx_32454,chr7,30550718,30551467,749
pre_xx_32455,chr7,30563913,30564629,716
pre_xx_32456,chr7,30593701,30596454,2753
pre_xx_32457,chr7,30671573,30672348,775
pre_xx_32458,chr7,30681366,30682941,1575
pre_xx_32459,chr7,30770830,30772385,1555
pre_xx_32460,chr7,30906010,30907305,1295
pre_xx_32461,chr7,30911213,30912009,796
pre_xx_32462,chr7,30938255,30939073,818
pre_xx_32463,chr7,30983396,30984177,781
pre_xx_32464,chr7,31026680,31027856,1176
pre_xx_32465,chr7,31051740,31053439,1699
pre_xx_32466,chr7,31335176,31337561,2385
pre_xx_32467,chr7,31475097,31475820,723
pre_xx_32468,chr7,32070065,32071544,1479
pre_xx_32469,chr7,32204041,32204733,692
pre_xx_32470,chr7,32298098,32299503,1405
pre_xx_32471,chr7,32318085,32319465,1380
pre_xx_32472,chr7,32427453,32428886,1433
pre_xx_32473,chr7,32481206,32482508,1302
pre_xx_32474,chr7,32489497,32491117,1620
pre_xx_32475,chr7,32494736,32496597,1861
pre_xx_32476,chr7,32727311,32729147,1836
pre_xx_32477,chr7,32761160,32763448,2288
pre_xx_32478,chr7,32890033,32893113,3080
pre_xx_32479,chr7,32941645,32943417,1772
pre_xx_32480,chr7,32956798,32958889,2091
pre_xx_32481,chr7,32997727,32999889,2162
pre_xx_32482,chr7,33061995,33063567,1572
pre_xx_32483,chr7,33072137,33073139,1002
pre_xx_32484,chr7,33107261,33108079,818
pre_xx_32485,chr7,33108224,33110073,1849
pre_xx_32486,chr7,33128743,33130436,1693
pre_xx_32487,chr7,33722126,33723181,1055
pre_xx_32488,chr7,33733414,33734811,1397
pre_xx_32489,chr7,33894933,33895709,776
pre_xx_32490,chr7,33903716,33905917,2201
pre_xx_32491,chr7,33932583,33933293,710
pre_xx_32492,chr7,34320597,34321629,1032
pre_xx_32493,chr7,34747297,34748927,1630
pre_xx_32494,chr7,35036297,35038684,2387
pre_xx_32495,chr7,35046701,35048569,1868
pre_xx_32496,chr7,35185357,35187199,1842
pre_xx_32497,chr7,35253415,35254562,1147
pre_xx_32498,chr7,35257281,35258502,1221
pre_xx_32499,chr7,35261149,35262211,1062
pre_xx_32500,chr7,35465335,35466695,1360
pre_xx_32501,chr7,35512681,35513741,1060
pre_xx_32502,chr7,35536743,35537901,1158
pre_xx_32503,chr7,35694007,35695626,1619
pre_xx_32504,chr7,35715707,35717801,2094
pre_xx_32505,chr7,35799975,35802369,2394
pre_xx_32506,chr7,35906209,35906918,709
pre_xx_32507,chr7,36005903,36007179,1276
pre_xx_32508,chr7,36036472,36037788,1316
pre_xx_32509,chr7,36152274,36153995,1721
pre_xx_32510,chr7,36207577,36208777,1200
pre_xx_32511,chr7,36208990,36209569,579
pre_xx_32512,chr7,36225166,36226379,1213
pre_xx_32513,chr7,36258038,36259203,1165
pre_xx_32514,chr7,36278373,36279612,1239
pre_xx_32515,chr7,36291292,36292637,1345
pre_xx_32516,chr7,36303081,36304333,1252
pre_xx_32517,chr7,36347647,36349855,2208
pre_xx_32518,chr7,36366088,36367662,1574
pre_xx_32519,chr7,36388987,36390763,1776
pre_xx_32520,chr7,36684528,36685555,1027
pre_xx_32521,chr7,36689848,36691336,1488
pre_xx_32522,chr7,36794358,36796089,1731
pre_xx_32523,chr7,36924396,36926003,1607
pre_xx_32524,chr7,36941923,36943328,1405
pre_xx_32525,chr7,36979544,36980351,807
pre_xx_32526,chr7,36984797,36987438,2641
pre_xx_32527,chr7,37100567,37102011,1444
pre_xx_32528,chr7,37108801,37110468,1667
pre_xx_32529,chr7,37181488,37182558,1070
pre_xx_32530,chr7,37201098,37201961,863
pre_xx_32531,chr7,37285921,37287943,2022
pre_xx_32532,chr7,37295154,37298045,2891
pre_xx_32533,chr7,37447219,37449842,2623
pre_xx_32534,chr7,37832008,37832768,760
pre_xx_32535,chr7,37915918,37917427,1509
pre_xx_32536,chr7,37920450,37921646,1196
pre_xx_32537,chr7,37942749,37944700,1951
pre_xx_32538,chr7,38101906,38103030,1124
pre_xx_32539,chr7,38177625,38179330,1705
pre_xx_32540,chr7,38215099,38216552,1453
pre_xx_32541,chr7,38311081,38311921,840
pre_xx_32542,chr7,38331850,38332866,1016
pre_xx_32543,chr7,38334418,38336365,1947
pre_xx_32544,chr7,38341039,38342427,1388
pre_xx_32545,chr7,38630314,38631924,1610
pre_xx_32546,chr7,38908392,38909369,977
pre_xx_32547,chr7,38975726,38976551,825
pre_xx_32548,chr7,39027050,39027915,865
pre_xx_32549,chr7,39085143,39086197,1054
pre_xx_32550,chr7,39413646,39414944,1298
pre_xx_32551,chr7,39565645,39567121,1476
pre_xx_32552,chr7,39608745,39610183,1438
pre_xx_32553,chr7,39622747,39624776,2029
pre_xx_32554,chr7,39732706,39734464,1758
pre_xx_32555,chr7,39833073,39834288,1215
pre_xx_32556,chr7,39948757,39952009,3252
pre_xx_32557,chr7,40133601,40135537,1936
pre_xx_32558,chr7,40572793,40573878,1085
pre_xx_32559,chr7,40639934,40642103,2169
pre_xx_32560,chr7,41507406,41509160,1754
pre_xx_32561,chr7,41695905,41696747,842
pre_xx_32562,chr7,41699424,41701016,1592
pre_xx_32563,chr7,41704827,41706334,1507
pre_xx_32564,chr7,41940574,41941588,1014
pre_xx_32565,chr7,41942426,41943568,1142
pre_xx_32566,chr7,41954743,41956958,2215
pre_xx_32567,chr7,42016993,42018044,1051
pre_xx_32568,chr7,42107208,42108655,1447
pre_xx_32569,chr7,42192587,42194748,2161
pre_xx_32570,chr7,42227420,42228604,1184
pre_xx_32571,chr7,42235957,42238617,2660
pre_xx_32572,chr7,42492917,42494464,1547
pre_xx_32573,chr7,42611350,42612546,1196
pre_xx_32574,chr7,42690850,42691577,727
pre_xx_32575,chr7,42830641,42834040,3399
pre_xx_32576,chr7,42856400,42857950,1550
pre_xx_32577,chr7,42887649,42889432,1783
pre_xx_32578,chr7,42910917,42912384,1467
pre_xx_32579,chr7,42913491,42914286,795
pre_xx_32580,chr7,42930880,42933603,2723
pre_xx_32581,chr7,42940846,42941738,892
pre_xx_32582,chr7,42972437,42973731,1294
pre_xx_32583,chr7,43071558,43073195,1637
pre_xx_32584,chr7,43112269,43114100,1831
pre_xx_32585,chr7,43294032,43295755,1723
pre_xx_32586,chr7,43302000,43304266,2266
pre_xx_32587,chr7,43377107,43378049,942
pre_xx_32588,chr7,43582318,43584545,2227
pre_xx_32589,chr7,43639446,43640649,1203
pre_xx_32590,chr7,43728550,43730087,1537
pre_xx_32591,chr7,43734399,43735297,898
pre_xx_32592,chr7,43757930,43759296,1366
pre_xx_32593,chr7,43763172,43764731,1559
pre_xx_32594,chr7,43838234,43839249,1015
pre_xx_32595,chr7,43868119,43870151,2032
pre_xx_32596,chr7,43890823,43891987,1164
pre_xx_32597,chr7,43905134,43907112,1978
pre_xx_32598,chr7,43925688,43927120,1432
pre_xx_32599,chr7,44018628,44019655,1027
pre_xx_32600,chr7,44038641,44039511,870
pre_xx_32601,chr7,44043844,44045394,1550
pre_xx_32602,chr7,44063657,44066292,2635
pre_xx_32603,chr7,44072113,44073028,915
pre_xx_32604,chr7,44082022,44083190,1168
pre_xx_32605,chr7,44103720,44105826,2106
pre_xx_32606,chr7,44114164,44115221,1057
pre_xx_32607,chr7,44122601,44124447,1846
pre_xx_32608,chr7,44131056,44133262,2206
pre_xx_32609,chr7,44145019,44146848,1829
pre_xx_32610,chr7,44147056,44148026,970
pre_xx_32611,chr7,44183960,44185458,1498
pre_xx_32612,chr7,44191914,44193000,1086
pre_xx_32613,chr7,44200589,44202132,1543
pre_xx_32614,chr7,44224347,44225465,1118
pre_xx_32615,chr7,44240651,44241521,870
pre_xx_32616,chr7,44264065,44264949,884
pre_xx_32617,chr7,44267765,44268621,856
pre_xx_32618,chr7,44275402,44276597,1195
pre_xx_32619,chr7,44289593,44291810,2217
pre_xx_32620,chr7,44308817,44310152,1335
pre_xx_32621,chr7,44324651,44326383,1732
pre_xx_32622,chr7,44398308,44399414,1106
pre_xx_32623,chr7,44489693,44491207,1514
pre_xx_32624,chr7,44565256,44566027,771
pre_xx_32625,chr7,44573010,44574767,1757
pre_xx_32626,chr7,44581131,44583037,1906
pre_xx_32627,chr7,44605747,44607539,1792
pre_xx_32628,chr7,44633196,44634777,1581
pre_xx_32629,chr7,44638970,44640431,1461
pre_xx_32630,chr7,44747816,44749810,1994
pre_xx_32631,chr7,44767611,44770133,2522
pre_xx_32632,chr7,44795418,44798104,2686
pre_xx_32633,chr7,44846894,44848850,1956
pre_xx_32634,chr7,44884230,44886172,1942
pre_xx_32635,chr7,44961837,44963425,1588
pre_xx_32636,chr7,44985389,44987144,1755
pre_xx_32637,chr7,44999060,45000857,1797
pre_xx_32638,chr7,45001116,45001653,537
pre_xx_32639,chr7,45088103,45089876,1773
pre_xx_32640,chr7,45110772,45112410,1638
pre_xx_32641,chr7,45573238,45575732,2494
pre_xx_32642,chr7,45768076,45769471,1395
pre_xx_32643,chr7,45888083,45889840,1757
pre_xx_32644,chr7,45919985,45922616,2631
pre_xx_32645,chr7,45977920,45978730,810
pre_xx_32646,chr7,46173361,46174669,1308
pre_xx_32647,chr7,46363026,46364416,1390
pre_xx_32648,chr7,46485027,46486838,1811
pre_xx_32649,chr7,46515575,46516468,893
pre_xx_32650,chr7,46603145,46604832,1687
pre_xx_32651,chr7,46953470,46955231,1761
pre_xx_32652,chr7,47074244,47075734,1490
pre_xx_32653,chr7,47088177,47089134,957
pre_xx_32654,chr7,47179475,47180550,1075
pre_xx_32655,chr7,47238849,47241939,3090
pre_xx_32656,chr7,47253432,47254947,1515
pre_xx_32657,chr7,47292538,47293437,899
pre_xx_32658,chr7,47326718,47328808,2090
pre_xx_32659,chr7,47354858,47355931,1073
pre_xx_32660,chr7,47370410,47372595,2185
pre_xx_32661,chr7,47379659,47381397,1738
pre_xx_32662,chr7,47391585,47393061,1476
pre_xx_32663,chr7,47400681,47401859,1178
pre_xx_32664,chr7,47402895,47403762,867
pre_xx_32665,chr7,47405677,47407532,1855
pre_xx_32666,chr7,47445643,47447161,1518
pre_xx_32667,chr7,47452336,47454183,1847
pre_xx_32668,chr7,47464574,47465523,949
pre_xx_32669,chr7,47475057,47475695,638
pre_xx_32670,chr7,47481892,47483148,1256
pre_xx_32671,chr7,47485052,47486075,1023
pre_xx_32672,chr7,47501202,47502003,801
pre_xx_32673,chr7,47502189,47502915,726
pre_xx_32674,chr7,47506411,47508012,1601
pre_xx_32675,chr7,47536543,47537955,1412
pre_xx_32676,chr7,47570240,47572278,2038
pre_xx_32677,chr7,47576047,47577628,1581
pre_xx_32678,chr7,47580884,47582705,1821
pre_xx_32679,chr7,47582923,47583980,1057
pre_xx_32680,chr7,47591469,47592578,1109
pre_xx_32681,chr7,47604588,47605323,735
pre_xx_32682,chr7,47609934,47611666,1732
pre_xx_32683,chr7,47634892,47635864,972
pre_xx_32684,chr7,47978397,47980133,1736
pre_xx_32685,chr7,47991214,47992355,1141
pre_xx_32686,chr7,48035082,48036491,1409
pre_xx_32687,chr7,48088255,48090459,2204
pre_xx_32688,chr7,49772688,49776111,3423
pre_xx_32689,chr7,50037073,50038664,1591
pre_xx_32690,chr7,50062636,50063684,1048
pre_xx_32691,chr7,50092494,50093512,1018
pre_xx_32692,chr7,50303343,50305176,1833
pre_xx_32693,chr7,50399633,50400702,1069
pre_xx_32694,chr7,50449417,50451112,1695
pre_xx_32695,chr7,50467030,50468644,1614
pre_xx_32696,chr7,50781294,50783456,2162
pre_xx_32697,chr7,50791640,50794092,2452
pre_xx_32698,chr7,51162565,51163208,643
pre_xx_32699,chr7,51246064,51247049,985
pre_xx_32700,chr7,51315305,51317595,2290
pre_xx_32701,chr7,51366530,51367397,867
pre_xx_32702,chr7,51470909,51472242,1333
pre_xx_32703,chr7,52087885,52088961,1076
pre_xx_32704,chr7,52956009,52957002,993
pre_xx_32705,chr7,52959844,52960591,747
pre_xx_32706,chr7,53218701,53219640,939
pre_xx_32707,chr7,53271859,53273331,1472
pre_xx_32708,chr7,54541740,54542836,1096
pre_xx_32709,chr7,54546244,54547083,839
pre_xx_32710,chr7,54663808,54665579,1771
pre_xx_32711,chr7,54758256,54759985,1729
pre_xx_32712,chr7,54773568,54774652,1084
pre_xx_32713,chr7,54788267,54789055,788
pre_xx_32714,chr7,54799545,54800404,859
pre_xx_32715,chr7,54932855,54934151,1296
pre_xx_32716,chr7,55018222,55020481,2259
pre_xx_32717,chr7,55085500,55087284,1784
pre_xx_32718,chr7,55099001,55101689,2688
pre_xx_32719,chr7,55156777,55158831,2054
pre_xx_32720,chr7,55177108,55178653,1545
pre_xx_32721,chr7,55254222,55256033,1811
pre_xx_32722,chr7,55364654,55367091,2437
pre_xx_32723,chr7,55405442,55407204,1762
pre_xx_32724,chr7,55476680,55478328,1648
pre_xx_32725,chr7,55502095,55503472,1377
pre_xx_32726,chr7,55570985,55573554,2569
pre_xx_32727,chr7,55641014,55641785,771
pre_xx_32728,chr7,55687873,55689969,2096
pre_xx_32729,chr7,55886783,55888626,1843
pre_xx_32730,chr7,55951331,55952453,1122
pre_xx_32731,chr7,55964014,55965413,1399
pre_xx_32732,chr7,56033612,56034726,1114
pre_xx_32733,chr7,56046511,56047359,848
pre_xx_32734,chr7,56050970,56052586,1616
pre_xx_32735,chr7,56063621,56065403,1782
pre_xx_32736,chr7,56073958,56074729,771
pre_xx_32737,chr7,56083050,56083795,745
pre_xx_32738,chr7,56105351,56106834,1483
pre_xx_32739,chr7,56115747,56116618,871
pre_xx_32740,chr7,63925290,63927089,1799
pre_xx_32741,chr7,64306375,64308191,1816
pre_xx_32742,chr7,64313360,64315697,2337
pre_xx_32743,chr7,64463480,64464519,1039
pre_xx_32744,chr7,64557657,64559479,1822
pre_xx_32745,chr7,64562324,64563398,1074
pre_xx_32746,chr7,64568899,64570490,1591
pre_xx_32747,chr7,64574395,64575308,913
pre_xx_32748,chr7,64665665,64667160,1495
pre_xx_32749,chr7,64793842,64795471,1629
pre_xx_32750,chr7,64876901,64877876,975
pre_xx_32751,chr7,64882141,64883227,1086
pre_xx_32752,chr7,64887767,64890217,2450
pre_xx_32753,chr7,64902446,64903831,1385
pre_xx_32754,chr7,64946604,64948040,1436
pre_xx_32755,chr7,65005634,65006976,1342
pre_xx_32756,chr7,65037443,65039420,1977
pre_xx_32757,chr7,65080537,65081610,1073
pre_xx_32758,chr7,65216254,65216773,519
pre_xx_32759,chr7,65238822,65240394,1572
pre_xx_32760,chr7,65251579,65252906,1327
pre_xx_32761,chr7,65268736,65270115,1379
pre_xx_32762,chr7,65373265,65374941,1676
pre_xx_32763,chr7,65731251,65732079,828
pre_xx_32764,chr7,65745395,65746029,634
pre_xx_32765,chr7,65750172,65751965,1793
pre_xx_32766,chr7,65770174,65771381,1207
pre_xx_32767,chr7,65872355,65874151,1796
pre_xx_32768,chr7,65981467,65982740,1273
pre_xx_32769,chr7,66043428,66044810,1382
pre_xx_32770,chr7,66075165,66076568,1403
pre_xx_32771,chr7,66099024,66100764,1740
pre_xx_32772,chr7,66114246,66115706,1460
pre_xx_32773,chr7,66204468,66206027,1559
pre_xx_32774,chr7,66412629,66414128,1499
pre_xx_32775,chr7,66492475,66494405,1930
pre_xx_32776,chr7,66556115,66558252,2137
pre_xx_32777,chr7,66591150,66592649,1499
pre_xx_32778,chr7,66627857,66629840,1983
pre_xx_32779,chr7,66653654,66655453,1799
pre_xx_32780,chr7,66681425,66683012,1587
pre_xx_32781,chr7,66696694,66699223,2529
pre_xx_32782,chr7,66739794,66741976,2182
pre_xx_32783,chr7,66843616,66846040,2424
pre_xx_32784,chr7,66920632,66922566,1934
pre_xx_32785,chr7,66964121,66964954,833
pre_xx_32786,chr7,66994510,66995842,1332
pre_xx_32787,chr7,66996196,66997164,968
pre_xx_32788,chr7,67100340,67101503,1163
pre_xx_32789,chr7,67301618,67303405,1787
pre_xx_32790,chr7,67371461,67372371,910
pre_xx_32791,chr7,67483876,67485350,1474
pre_xx_32792,chr7,67624949,67625846,897
pre_xx_32793,chr7,67937358,67938568,1210
pre_xx_32794,chr7,68320867,68322194,1327
pre_xx_32795,chr7,68470540,68471743,1203
pre_xx_32796,chr7,69232235,69233450,1215
pre_xx_32797,chr7,69422064,69423250,1186
pre_xx_32798,chr7,69429506,69431012,1506
pre_xx_32799,chr7,69564149,69565333,1184
pre_xx_32800,chr7,69597032,69600433,3401
pre_xx_32801,chr7,69656596,69657702,1106
pre_xx_32802,chr7,69708838,69710597,1759
pre_xx_32803,chr7,69737521,69738927,1406
pre_xx_32804,chr7,69961938,69963161,1223
pre_xx_32805,chr7,69966874,69968123,1249
pre_xx_32806,chr7,70403286,70404380,1094
pre_xx_32807,chr7,70457549,70458984,1435
pre_xx_32808,chr7,70568472,70569926,1454
pre_xx_32809,chr7,70582640,70584975,2335
pre_xx_32810,chr7,70595234,70596775,1541
pre_xx_32811,chr7,70673750,70675065,1315
pre_xx_32812,chr7,70693087,70695999,2912
pre_xx_32813,chr7,70736437,70737455,1018
pre_xx_32814,chr7,70776339,70777375,1036
pre_xx_32815,chr7,70828823,70830176,1353
pre_xx_32816,chr7,71131094,71133578,2484
pre_xx_32817,chr7,71236158,71237244,1086
pre_xx_32818,chr7,71237639,71238497,858
pre_xx_32819,chr7,71303201,71304652,1451
pre_xx_32820,chr7,71732898,71733625,727
pre_xx_32821,chr7,71751438,71752570,1132
pre_xx_32822,chr7,72335549,72338081,2532
pre_xx_32823,chr7,72710599,72711609,1010
pre_xx_32824,chr7,72827667,72828818,1151
pre_xx_32825,chr7,72828914,72830357,1443
pre_xx_32826,chr7,72878842,72880255,1413
pre_xx_32827,chr7,72924379,72926015,1636
pre_xx_32828,chr7,73005388,73006300,912
pre_xx_32829,chr7,73154252,73155094,842
pre_xx_32830,chr7,73308024,73309009,985
pre_xx_32831,chr7,73323895,73325026,1131
pre_xx_32832,chr7,73342292,73343310,1018
pre_xx_32833,chr7,73357829,73358814,985
pre_xx_32834,chr7,73397248,73398365,1117
pre_xx_32835,chr7,73423471,73424529,1058
pre_xx_32836,chr7,73428386,73429576,1190
pre_xx_32837,chr7,73433349,73434615,1266
pre_xx_32838,chr7,73437631,73438413,782
pre_xx_32839,chr7,73521071,73522914,1843
pre_xx_32840,chr7,73556477,73558091,1614
pre_xx_32841,chr7,73577574,73579376,1802
pre_xx_32842,chr7,73587206,73588299,1093
pre_xx_32843,chr7,73606700,73607714,1014
pre_xx_32844,chr7,73622609,73624774,2165
pre_xx_32845,chr7,73647292,73648426,1134
pre_xx_32846,chr7,73667347,73669087,1740
pre_xx_32847,chr7,73682008,73684265,2257
pre_xx_32848,chr7,73703551,73705581,2030
pre_xx_32849,chr7,73715465,73716202,737
pre_xx_32850,chr7,73718835,73720065,1230
pre_xx_32851,chr7,73721163,73721968,805
pre_xx_32852,chr7,73725502,73726231,729
pre_xx_32853,chr7,73738015,73739639,1624
pre_xx_32854,chr7,73742319,73743582,1263
pre_xx_32855,chr7,73768653,73771036,2383
pre_xx_32856,chr7,73827200,73828510,1310
pre_xx_32857,chr7,73841763,73842986,1223
pre_xx_32858,chr7,73855192,73856091,899
pre_xx_32859,chr7,73865324,73866483,1159
pre_xx_32860,chr7,73885863,73887342,1479
pre_xx_32861,chr7,73999434,74000303,869
pre_xx_32862,chr7,74005980,74007420,1440
pre_xx_32863,chr7,74026627,74028909,2282
pre_xx_32864,chr7,74061654,74062479,825
pre_xx_32865,chr7,74067538,74068572,1034
pre_xx_32866,chr7,74078683,74079622,939
pre_xx_32867,chr7,74082967,74084763,1796
pre_xx_32868,chr7,74092335,74095191,2856
pre_xx_32869,chr7,74164736,74165574,838
pre_xx_32870,chr7,74173122,74175607,2485
pre_xx_32871,chr7,74206392,74207077,685
pre_xx_32872,chr7,74253317,74255141,1824
pre_xx_32873,chr7,74269460,74270298,838
pre_xx_32874,chr7,74288636,74291243,2607
pre_xx_32875,chr7,74294112,74295026,914
pre_xx_32876,chr7,74371048,74373110,2062
pre_xx_32877,chr7,74404171,74405936,1765
pre_xx_32878,chr7,74417057,74418165,1108
pre_xx_32879,chr7,74443391,74444562,1171
pre_xx_32880,chr7,74452652,74455647,2995
pre_xx_32881,chr7,74477652,74478484,832
pre_xx_32882,chr7,74479960,74481465,1505
pre_xx_32883,chr7,74586129,74588313,2184
pre_xx_32884,chr7,74605830,74607073,1243
pre_xx_32885,chr7,74627315,74628527,1212
pre_xx_32886,chr7,74656110,74658942,2832
pre_xx_32887,chr7,74890126,74891032,906
pre_xx_32888,chr7,74993503,74994398,895
pre_xx_32889,chr7,75014194,75015443,1249
pre_xx_32890,chr7,75046042,75046894,852
pre_xx_32891,chr7,75072510,75074178,1668
pre_xx_32892,chr7,75092024,75093143,1119
pre_xx_32893,chr7,75156304,75157439,1135
pre_xx_32894,chr7,75485308,75486663,1355
pre_xx_32895,chr7,75526969,75528521,1552
pre_xx_32896,chr7,75598759,75599872,1113
pre_xx_32897,chr7,75638109,75640142,2033
pre_xx_32898,chr7,75648961,75651123,2162
pre_xx_32899,chr7,75687786,75689066,1280
pre_xx_32900,chr7,75737948,75739935,1987
pre_xx_32901,chr7,75842232,75843982,1750
pre_xx_32902,chr7,75866142,75867199,1057
pre_xx_32903,chr7,75878349,75880255,1906
pre_xx_32904,chr7,75914235,75916191,1956
pre_xx_32905,chr7,75989056,75989895,839
pre_xx_32906,chr7,75990832,75991365,533
pre_xx_32907,chr7,75993450,75995318,1868
pre_xx_32908,chr7,76047074,76049001,1927
pre_xx_32909,chr7,76068586,76069690,1104
pre_xx_32910,chr7,76166083,76167217,1134
pre_xx_32911,chr7,76177786,76178718,932
pre_xx_32912,chr7,76201294,76202246,952
pre_xx_32913,chr7,76234752,76235556,804
pre_xx_32914,chr7,76259702,76260838,1136
pre_xx_32915,chr7,76266712,76268954,2242
pre_xx_32916,chr7,76281242,76283120,1878
pre_xx_32917,chr7,76291211,76292561,1350
pre_xx_32918,chr7,76294254,76295113,859
pre_xx_32919,chr7,76302100,76305700,3600
pre_xx_32920,chr7,76310211,76310965,754
pre_xx_32921,chr7,76314011,76314594,583
pre_xx_32922,chr7,76317281,76319554,2273
pre_xx_32923,chr7,76357532,76359956,2424
pre_xx_32924,chr7,76363964,76365080,1116
pre_xx_32925,chr7,76379518,76380665,1147
pre_xx_32926,chr7,76392678,76393957,1279
pre_xx_32927,chr7,76397024,76397821,797
pre_xx_32928,chr7,76409065,76410161,1096
pre_xx_32929,chr7,76423039,76424328,1289
pre_xx_32930,chr7,76509768,76510774,1006
pre_xx_32931,chr7,76512843,76514015,1172
pre_xx_32932,chr7,76548802,76550227,1425
pre_xx_32933,chr7,77121698,77122821,1123
pre_xx_32934,chr7,77415245,77417086,1841
pre_xx_32935,chr7,77536176,77538954,2778
pre_xx_32936,chr7,77695675,77697883,2208
pre_xx_32937,chr7,77797476,77799756,2280
pre_xx_32938,chr7,78018569,78021198,2629
pre_xx_32939,chr7,78072894,78074541,1647
pre_xx_32940,chr7,78768742,78770133,1391
pre_xx_32941,chr7,78770345,78771478,1133
pre_xx_32942,chr7,79239922,79242052,2130
pre_xx_32943,chr7,79451724,79454927,3203
pre_xx_32944,chr7,79506219,79507791,1572
pre_xx_32945,chr7,79820046,79820817,771
pre_xx_32946,chr7,80134284,80136199,1915
pre_xx_32947,chr7,80498951,80500822,1871
pre_xx_32948,chr7,80611186,80612231,1045
pre_xx_32949,chr7,80918024,80919604,1580
pre_xx_32950,chr7,81234773,81236853,2080
pre_xx_32951,chr7,81768965,81770848,1883
pre_xx_32952,chr7,82442646,82444943,2297
pre_xx_32953,chr7,82506074,82507465,1391
pre_xx_32954,chr7,82558959,82559832,873
pre_xx_32955,chr7,82726000,82727179,1179
pre_xx_32956,chr7,83161734,83163298,1564
pre_xx_32957,chr7,83647980,83649378,1398
pre_xx_32958,chr7,84194263,84196471,2208
pre_xx_32959,chr7,84364500,84365275,775
pre_xx_32960,chr7,85184661,85187339,2678
pre_xx_32961,chr7,86643257,86645382,2125
pre_xx_32962,chr7,87058622,87060146,1524
pre_xx_32963,chr7,87151449,87153540,2091
pre_xx_32964,chr7,87218538,87221175,2637
pre_xx_32965,chr7,87344535,87346411,1876
pre_xx_32966,chr7,87474494,87476411,1917
pre_xx_32967,chr7,87599328,87601169,1841
pre_xx_32968,chr7,87627479,87629338,1859
pre_xx_32969,chr7,87875295,87877385,2090
pre_xx_32970,chr7,87933550,87935493,1943
pre_xx_32971,chr7,88200315,88201622,1307
pre_xx_32972,chr7,88218690,88220755,2065
pre_xx_32973,chr7,88243125,88243840,715
pre_xx_32974,chr7,88306295,88307208,913
pre_xx_32975,chr7,88758354,88760153,1799
pre_xx_32976,chr7,88927869,88929209,1340
pre_xx_32977,chr7,89240225,89241785,1560
pre_xx_32978,chr7,90118327,90120052,1725
pre_xx_32979,chr7,90153791,90154873,1082
pre_xx_32980,chr7,90210944,90212535,1591
pre_xx_32981,chr7,90222635,90223706,1071
pre_xx_32982,chr7,90244400,90245948,1548
pre_xx_32983,chr7,90320422,90321679,1257
pre_xx_32984,chr7,90345421,90347122,1701
pre_xx_32985,chr7,90402920,90404474,1554
pre_xx_32986,chr7,90594685,90597627,2942
pre_xx_32987,chr7,90625329,90626427,1098
pre_xx_32988,chr7,90766339,90767602,1263
pre_xx_32989,chr7,91263370,91265995,2625
pre_xx_32990,chr7,91267234,91267862,628
pre_xx_32991,chr7,91293837,91295724,1887
pre_xx_32992,chr7,91879881,91881252,1371
pre_xx_32993,chr7,91939851,91941895,2044
pre_xx_32994,chr7,92133300,92135776,2476
pre_xx_32995,chr7,92178701,92179891,1190
pre_xx_32996,chr7,92244911,92247129,2218
pre_xx_32997,chr7,92421421,92422553,1132
pre_xx_32998,chr7,92424002,92424892,890
pre_xx_32999,chr7,92446874,92448830,1956
pre_xx_33000,chr7,92527275,92529169,1894
pre_xx_33001,chr7,92589301,92590837,1536
pre_xx_33002,chr7,92608139,92609262,1123
pre_xx_33003,chr7,92695240,92696293,1053
pre_xx_33004,chr7,92698019,92698848,829
pre_xx_33005,chr7,92832747,92837479,4732
pre_xx_33006,chr7,92916356,92917495,1139
pre_xx_33007,chr7,92944484,92946193,1709
pre_xx_33008,chr7,93116990,93118617,1627
pre_xx_33009,chr7,93146569,93147997,1428
pre_xx_33010,chr7,93231432,93232889,1457
pre_xx_33011,chr7,93574158,93575913,1755
pre_xx_33012,chr7,93889768,93891090,1322
pre_xx_33013,chr7,93894863,93896836,1973
pre_xx_33014,chr7,93920875,93922513,1638
pre_xx_33015,chr7,94003430,94005201,1771
pre_xx_33016,chr7,94275566,94277788,2222
pre_xx_33017,chr7,94300579,94302232,1653
pre_xx_33018,chr7,94373967,94376284,2317
pre_xx_33019,chr7,94393205,94395800,2595
pre_xx_33020,chr7,94395995,94396902,907
pre_xx_33021,chr7,94509080,94511047,1967
pre_xx_33022,chr7,94630545,94631638,1093
pre_xx_33023,chr7,94655003,94656663,1660
pre_xx_33024,chr7,94656911,94658693,1782
pre_xx_33025,chr7,94701195,94702181,986
pre_xx_33026,chr7,94907134,94909208,2074
pre_xx_33027,chr7,95059364,95060341,977
pre_xx_33028,chr7,95395684,95397136,1452
pre_xx_33029,chr7,95434242,95435668,1426
pre_xx_33030,chr7,95478047,95479067,1020
pre_xx_33031,chr7,95595591,95597172,1581
pre_xx_33032,chr7,95690242,95690932,690
pre_xx_33033,chr7,95772186,95773613,1427
pre_xx_33034,chr7,96075252,96076499,1247
pre_xx_33035,chr7,96235492,96236684,1192
pre_xx_33036,chr7,96320587,96322560,1973
pre_xx_33037,chr7,96709002,96710267,1265
pre_xx_33038,chr7,97005059,97007428,2369
pre_xx_33039,chr7,97015998,97017248,1250
pre_xx_33040,chr7,97020806,97022242,1436
pre_xx_33041,chr7,97023807,97025001,1194
pre_xx_33042,chr7,97027157,97027944,787
pre_xx_33043,chr7,97104369,97105105,736
pre_xx_33044,chr7,97117023,97118801,1778
pre_xx_33045,chr7,97607538,97608866,1328
pre_xx_33046,chr7,97667849,97668691,842
pre_xx_33047,chr7,97731243,97734149,2906
pre_xx_33048,chr7,97871487,97872884,1397
pre_xx_33049,chr7,97927444,97928612,1168
pre_xx_33050,chr7,97971399,97972678,1279
pre_xx_33051,chr7,98106220,98107762,1542
pre_xx_33052,chr7,98210353,98211876,1523
pre_xx_33053,chr7,98250795,98252820,2025
pre_xx_33054,chr7,98280509,98282586,2077
pre_xx_33055,chr7,98399720,98401620,1900
pre_xx_33056,chr7,98616390,98618087,1697
pre_xx_33057,chr7,98801711,98802606,895
pre_xx_33058,chr7,98867199,98867852,653
pre_xx_33059,chr7,98869175,98870640,1465
pre_xx_33060,chr7,98877836,98880074,2238
pre_xx_33061,chr7,99137277,99137933,656
pre_xx_33062,chr7,99141788,99144667,2879
pre_xx_33063,chr7,99324968,99326989,2021
pre_xx_33064,chr7,99373903,99375709,1806
pre_xx_33065,chr7,99392366,99393899,1533
pre_xx_33066,chr7,99407682,99409886,2204
pre_xx_33067,chr7,99438267,99439810,1543
pre_xx_33068,chr7,99465336,99466608,1272
pre_xx_33069,chr7,99471645,99473608,1963
pre_xx_33070,chr7,99499389,99500565,1176
pre_xx_33071,chr7,99504192,99505625,1433
pre_xx_33072,chr7,99551134,99552517,1383
pre_xx_33073,chr7,99557859,99559501,1642
pre_xx_33074,chr7,99579771,99581045,1274
pre_xx_33075,chr7,99616246,99617545,1299
pre_xx_33076,chr7,99832903,99834220,1317
pre_xx_33077,chr7,99918719,99919894,1175
pre_xx_33078,chr7,99928792,99929989,1197
pre_xx_33079,chr7,99990299,99991277,978
pre_xx_33080,chr7,99997249,99998135,886
pre_xx_33081,chr7,100015063,100016886,1823
pre_xx_33082,chr7,100049183,100050457,1274
pre_xx_33083,chr7,100080658,100083009,2351
pre_xx_33084,chr7,100088395,100089476,1081
pre_xx_33085,chr7,100099534,100102455,2921
pre_xx_33086,chr7,100118818,100120646,1828
pre_xx_33087,chr7,100126398,100128468,2070
pre_xx_33088,chr7,100147940,100149704,1764
pre_xx_33089,chr7,100156881,100159179,2298
pre_xx_33090,chr7,100167021,100169029,2008
pre_xx_33091,chr7,100171097,100172049,952
pre_xx_33092,chr7,100176522,100178209,1687
pre_xx_33093,chr7,100226175,100227170,995
pre_xx_33094,chr7,100269681,100272566,2885
pre_xx_33095,chr7,100335175,100336544,1369
pre_xx_33096,chr7,100344192,100345583,1391
pre_xx_33097,chr7,100427833,100430925,3092
pre_xx_33098,chr7,100435398,100436928,1530
pre_xx_33099,chr7,100450110,100451080,970
pre_xx_33100,chr7,100465621,100466440,819
pre_xx_33101,chr7,100469158,100469783,625
pre_xx_33102,chr7,100477310,100479666,2356
pre_xx_33103,chr7,100483093,100484846,1753
pre_xx_33104,chr7,100489046,100490376,1330
pre_xx_33105,chr7,100538343,100540129,1786
pre_xx_33106,chr7,100545048,100548299,3251
pre_xx_33107,chr7,100559232,100560162,930
pre_xx_33108,chr7,100563773,100564351,578
pre_xx_33109,chr7,100569324,100570534,1210
pre_xx_33110,chr7,100582967,100583676,709
pre_xx_33111,chr7,100584278,100587072,2794
pre_xx_33112,chr7,100601968,100605943,3975
pre_xx_33113,chr7,100611571,100613382,1811
pre_xx_33114,chr7,100626307,100627482,1175
pre_xx_33115,chr7,100632555,100634298,1743
pre_xx_33116,chr7,100642519,100643806,1287
pre_xx_33117,chr7,100655632,100656693,1061
pre_xx_33118,chr7,100673010,100676431,3421
pre_xx_33119,chr7,100686166,100687284,1118
pre_xx_33120,chr7,100691366,100692253,887
pre_xx_33121,chr7,100693014,100694751,1737
pre_xx_33122,chr7,100705034,100707275,2241
pre_xx_33123,chr7,100719934,100721759,1825
pre_xx_33124,chr7,100725075,100726021,946
pre_xx_33125,chr7,100744856,100745804,948
pre_xx_33126,chr7,100801401,100802622,1221
pre_xx_33127,chr7,100802995,100803993,998
pre_xx_33128,chr7,100824676,100825587,911
pre_xx_33129,chr7,100825781,100828251,2470
pre_xx_33130,chr7,100828391,100829659,1268
pre_xx_33131,chr7,100835640,100837682,2042
pre_xx_33132,chr7,100851852,100853563,1711
pre_xx_33133,chr7,100865527,100868632,3105
pre_xx_33134,chr7,100874146,100875842,1696
pre_xx_33135,chr7,100888979,100891508,2529
pre_xx_33136,chr7,100894609,100897500,2891
pre_xx_33137,chr7,100965276,100967130,1854
pre_xx_33138,chr7,101016616,101017787,1171
pre_xx_33139,chr7,101059015,101059817,802
pre_xx_33140,chr7,101077219,101078003,784
pre_xx_33141,chr7,101084845,101086173,1328
pre_xx_33142,chr7,101124487,101125129,642
pre_xx_33143,chr7,101126143,101127516,1373
pre_xx_33144,chr7,101143721,101144587,866
pre_xx_33145,chr7,101153759,101155391,1632
pre_xx_33146,chr7,101162507,101164003,1496
pre_xx_33147,chr7,101164212,101164722,510
pre_xx_33148,chr7,101165268,101166006,738
pre_xx_33149,chr7,101169587,101170113,526
pre_xx_33150,chr7,101172012,101172934,922
pre_xx_33151,chr7,101173097,101173723,626
pre_xx_33152,chr7,101178940,101180541,1601
pre_xx_33153,chr7,101200610,101202415,1805
pre_xx_33154,chr7,101216559,101218916,2357
pre_xx_33155,chr7,101231570,101232965,1395
pre_xx_33156,chr7,101238585,101239693,1108
pre_xx_33157,chr7,101243793,101245475,1682
pre_xx_33158,chr7,101251638,101252782,1144
pre_xx_33159,chr7,101264142,101264831,689
pre_xx_33160,chr7,101265910,101266786,876
pre_xx_33161,chr7,101282475,101283318,843
pre_xx_33162,chr7,101307901,101309462,1561
pre_xx_33163,chr7,101320979,101322649,1670
pre_xx_33164,chr7,101362278,101364286,2008
pre_xx_33165,chr7,101486101,101487434,1333
pre_xx_33166,chr7,101507241,101508147,906
pre_xx_33167,chr7,101602096,101603125,1029
pre_xx_33168,chr7,101687884,101688891,1007
pre_xx_33169,chr7,101733392,101734517,1125
pre_xx_33170,chr7,101743139,101744299,1160
pre_xx_33171,chr7,101753983,101755100,1117
pre_xx_33172,chr7,101782945,101785232,2287
pre_xx_33173,chr7,101814011,101814474,463
pre_xx_33174,chr7,101814793,101817881,3088
pre_xx_33175,chr7,101856139,101857601,1462
pre_xx_33176,chr7,101880670,101881809,1139
pre_xx_33177,chr7,101911745,101914237,2492
pre_xx_33178,chr7,101935628,101937002,1374
pre_xx_33179,chr7,101940908,101942321,1413
pre_xx_33180,chr7,101947407,101948664,1257
pre_xx_33181,chr7,102044504,102045910,1406
pre_xx_33182,chr7,102152578,102153954,1376
pre_xx_33183,chr7,102279293,102279947,654
pre_xx_33184,chr7,102285871,102288130,2259
pre_xx_33185,chr7,102300288,102301359,1071
pre_xx_33186,chr7,102318387,102319253,866
pre_xx_33187,chr7,102363252,102364762,1510
pre_xx_33188,chr7,102395429,102397364,1935
pre_xx_33189,chr7,102432648,102434300,1652
pre_xx_33190,chr7,102463967,102465688,1721
pre_xx_33191,chr7,102512280,102513246,966
pre_xx_33192,chr7,102572158,102572850,692
pre_xx_33193,chr7,102748181,102749419,1238
pre_xx_33194,chr7,102840731,102842716,1985
pre_xx_33195,chr7,102912428,102913338,910
pre_xx_33196,chr7,102913734,102915102,1368
pre_xx_33197,chr7,103073799,103075982,2183
pre_xx_33198,chr7,103105818,103107097,1279
pre_xx_33199,chr7,103148168,103149788,1620
pre_xx_33200,chr7,103161354,103163141,1787
pre_xx_33201,chr7,103279248,103281201,1953
pre_xx_33202,chr7,103296919,103298142,1223
pre_xx_33203,chr7,103343672,103344989,1317
pre_xx_33204,chr7,103347291,103348203,912
pre_xx_33205,chr7,103444931,103446472,1541
pre_xx_33206,chr7,103540269,103541376,1107
pre_xx_33207,chr7,103888682,103890366,1684
pre_xx_33208,chr7,103988473,103990810,2337
pre_xx_33209,chr7,104206704,104208663,1959
pre_xx_33210,chr7,104230296,104231952,1656
pre_xx_33211,chr7,104327932,104329841,1909
pre_xx_33212,chr7,104943412,104945626,2214
pre_xx_33213,chr7,104977009,104977707,698
pre_xx_33214,chr7,104978991,104979699,708
pre_xx_33215,chr7,104983176,104984975,1799
pre_xx_33216,chr7,105012343,105015227,2884
pre_xx_33217,chr7,105268102,105269786,1684
pre_xx_33218,chr7,105387477,105389595,2118
pre_xx_33219,chr7,105521029,105522800,1771
pre_xx_33220,chr7,105531459,105533079,1620
pre_xx_33221,chr7,105580916,105581790,874
pre_xx_33222,chr7,105654842,105656294,1452
pre_xx_33223,chr7,105672627,105674067,1440
pre_xx_33224,chr7,105690414,105692304,1890
pre_xx_33225,chr7,105788087,105789214,1127
pre_xx_33226,chr7,105837742,105839297,1555
pre_xx_33227,chr7,105875701,105877656,1955
pre_xx_33228,chr7,105979240,105980110,870
pre_xx_33229,chr7,105985008,105985568,560
pre_xx_33230,chr7,106009240,106010281,1041
pre_xx_33231,chr7,106042199,106043137,938
pre_xx_33232,chr7,106064326,106066199,1873
pre_xx_33233,chr7,106111026,106112936,1910
pre_xx_33234,chr7,106153186,106154195,1009
pre_xx_33235,chr7,106176485,106177203,718
pre_xx_33236,chr7,106283850,106286068,2218
pre_xx_33237,chr7,106659588,106661624,2036
pre_xx_33238,chr7,106946858,106947679,821
pre_xx_33239,chr7,106979080,106980655,1575
pre_xx_33240,chr7,106982142,106982906,764
pre_xx_33241,chr7,106989303,106990932,1629
pre_xx_33242,chr7,107029042,107030433,1391
pre_xx_33243,chr7,107033309,107034255,946
pre_xx_33244,chr7,107044011,107045683,1672
pre_xx_33245,chr7,107067660,107068527,867
pre_xx_33246,chr7,107078194,107079155,961
pre_xx_33247,chr7,107144563,107145320,757
pre_xx_33248,chr7,107167625,107170313,2688
pre_xx_33249,chr7,107563143,107565030,1887
pre_xx_33250,chr7,107579570,107580813,1243
pre_xx_33251,chr7,107660437,107662077,1640
pre_xx_33252,chr7,107742913,107744767,1854
pre_xx_33253,chr7,107890331,107891944,1613
pre_xx_33254,chr7,107959602,107960728,1126
pre_xx_33255,chr7,107960961,107962041,1080
pre_xx_33256,chr7,107971441,107973453,2012
pre_xx_33257,chr7,108001005,108003725,2720
pre_xx_33258,chr7,108145825,108147442,1617
pre_xx_33259,chr7,108334996,108335901,905
pre_xx_33260,chr7,108347405,108348397,992
pre_xx_33261,chr7,108454511,108456852,2341
pre_xx_33262,chr7,108525210,108526831,1621
pre_xx_33263,chr7,108568816,108570869,2053
pre_xx_33264,chr7,110522115,110523379,1264
pre_xx_33265,chr7,110724215,110725251,1036
pre_xx_33266,chr7,111090624,111092395,1771
pre_xx_33267,chr7,111560736,111563198,2462
pre_xx_33268,chr7,111637751,111638864,1113
pre_xx_33269,chr7,111658418,111660228,1810
pre_xx_33270,chr7,111734783,111736849,2066
pre_xx_33271,chr7,112204868,112207371,2503
pre_xx_33272,chr7,112449400,112451626,2226
pre_xx_33273,chr7,112452112,112452751,639
pre_xx_33274,chr7,112789389,112790844,1455
pre_xx_33275,chr7,112938550,112940612,2062
pre_xx_33276,chr7,113085565,113087991,2426
pre_xx_33277,chr7,113099182,113100717,1535
pre_xx_33278,chr7,113117704,113119127,1423
pre_xx_33279,chr7,114084372,114087884,3512
pre_xx_33280,chr7,114921610,114923580,1970
pre_xx_33281,chr7,115475882,115477797,1915
pre_xx_33282,chr7,115569275,115570731,1456
pre_xx_33283,chr7,115677680,115678599,919
pre_xx_33284,chr7,116210098,116211644,1546
pre_xx_33285,chr7,116353682,116356749,3067
pre_xx_33286,chr7,116499015,116501016,2001
pre_xx_33287,chr7,116501317,116502218,901
pre_xx_33288,chr7,116524327,116527124,2797
pre_xx_33289,chr7,116671431,116673505,2074
pre_xx_33290,chr7,116762425,116764562,2137
pre_xx_33291,chr7,116861974,116864328,2354
pre_xx_33292,chr7,116952655,116955113,2458
pre_xx_33293,chr7,117019684,117020943,1259
pre_xx_33294,chr7,117072411,117073175,764
pre_xx_33295,chr7,117322265,117324899,2634
pre_xx_33296,chr7,117478634,117480197,1563
pre_xx_33297,chr7,117871859,117873993,2134
pre_xx_33298,chr7,118183091,118184877,1786
pre_xx_33299,chr7,118213916,118215021,1105
pre_xx_33300,chr7,118502183,118503917,1734
pre_xx_33301,chr7,120052601,120054112,1511
pre_xx_33302,chr7,120064172,120065338,1166
pre_xx_33303,chr7,120272163,120274448,2285
pre_xx_33304,chr7,120856064,120858586,2522
pre_xx_33305,chr7,120949617,120951500,1883
pre_xx_33306,chr7,120987476,120990146,2670
pre_xx_33307,chr7,121328541,121330909,2368
pre_xx_33308,chr7,121395410,121396682,1272
pre_xx_33309,chr7,121437712,121438980,1268
pre_xx_33310,chr7,121872394,121874661,2267
pre_xx_33311,chr7,122142957,122144907,1950
pre_xx_33312,chr7,122299704,122300889,1185
pre_xx_33313,chr7,122305436,122306183,747
pre_xx_33314,chr7,122310057,122310974,917
pre_xx_33315,chr7,122316234,122317398,1164
pre_xx_33316,chr7,122415907,122417103,1196
pre_xx_33317,chr7,122687983,122689116,1133
pre_xx_33318,chr7,122885439,122887695,2256
pre_xx_33319,chr7,123075327,123076680,1353
pre_xx_33320,chr7,123410227,123411119,892
pre_xx_33321,chr7,123533920,123535398,1478
pre_xx_33322,chr7,123556939,123558373,1434
pre_xx_33323,chr7,123614911,123615772,861
pre_xx_33324,chr7,123643580,123644799,1219
pre_xx_33325,chr7,123747183,123749787,2604
pre_xx_33326,chr7,123797559,123798746,1187
pre_xx_33327,chr7,124031849,124033826,1977
pre_xx_33328,chr7,124188003,124189757,1754
pre_xx_33329,chr7,124763943,124766540,2597
pre_xx_33330,chr7,124929107,124930282,1175
pre_xx_33331,chr7,127251145,127254223,3078
pre_xx_33332,chr7,127347433,127348325,892
pre_xx_33333,chr7,127391354,127394023,2669
pre_xx_33334,chr7,127536230,127537222,992
pre_xx_33335,chr7,127584910,127585832,922
pre_xx_33336,chr7,127587671,127589202,1531
pre_xx_33337,chr7,127650930,127652658,1728
pre_xx_33338,chr7,127755164,127756711,1547
pre_xx_33339,chr7,127840341,127842127,1786
pre_xx_33340,chr7,127844190,127846143,1953
pre_xx_33341,chr7,127948834,127950395,1561
pre_xx_33342,chr7,127995060,127996717,1657
pre_xx_33343,chr7,128017343,128018786,1443
pre_xx_33344,chr7,128030415,128033519,3104
pre_xx_33345,chr7,128073659,128074847,1188
pre_xx_33346,chr7,128093957,128095695,1738
pre_xx_33347,chr7,128103177,128104727,1550
pre_xx_33348,chr7,128108536,128109679,1143
pre_xx_33349,chr7,128134404,128136606,2202
pre_xx_33350,chr7,128166399,128169055,2656
pre_xx_33351,chr7,128200811,128202047,1236
pre_xx_33352,chr7,128202488,128203634,1146
pre_xx_33353,chr7,128208969,128210134,1165
pre_xx_33354,chr7,128266628,128267776,1148
pre_xx_33355,chr7,128270791,128272410,1619
pre_xx_33356,chr7,128342541,128344116,1575
pre_xx_33357,chr7,128350960,128352515,1555
pre_xx_33358,chr7,128360237,128362376,2139
pre_xx_33359,chr7,128387064,128388260,1196
pre_xx_33360,chr7,128404855,128406301,1446
pre_xx_33361,chr7,128408605,128410651,2046
pre_xx_33362,chr7,128420441,128421785,1344
pre_xx_33363,chr7,128445879,128446843,964
pre_xx_33364,chr7,128453910,128454948,1038
pre_xx_33365,chr7,128455218,128456387,1169
pre_xx_33366,chr7,128476185,128477565,1380
pre_xx_33367,chr7,128529931,128532423,2492
pre_xx_33368,chr7,128697100,128697897,797
pre_xx_33369,chr7,128738186,128740330,2144
pre_xx_33370,chr7,128782219,128783737,1518
pre_xx_33371,chr7,128790209,128792342,2133
pre_xx_33372,chr7,128829772,128830870,1098
pre_xx_33373,chr7,128830978,128831967,989
pre_xx_33374,chr7,128832083,128832829,746
pre_xx_33375,chr7,128832978,128834203,1225
pre_xx_33376,chr7,128859647,128861259,1612
pre_xx_33377,chr7,128862155,128863808,1653
pre_xx_33378,chr7,128867832,128868559,727
pre_xx_33379,chr7,128868765,128870173,1408
pre_xx_33380,chr7,128873238,128873748,510
pre_xx_33381,chr7,128879703,128880562,859
pre_xx_33382,chr7,128890426,128891642,1216
pre_xx_33383,chr7,128909435,128910873,1438
pre_xx_33384,chr7,128915186,128916545,1359
pre_xx_33385,chr7,128937406,128939188,1782
pre_xx_33386,chr7,129053881,129055578,1697
pre_xx_33387,chr7,129066436,129067854,1418
pre_xx_33388,chr7,129091166,129091878,712
pre_xx_33389,chr7,129143919,129145347,1428
pre_xx_33390,chr7,129167892,129170620,2728
pre_xx_33391,chr7,129187766,129190464,2698
pre_xx_33392,chr7,129224232,129226341,2109
pre_xx_33393,chr7,129367235,129368919,1684
pre_xx_33394,chr7,129433310,129435286,1976
pre_xx_33395,chr7,129501754,129503573,1819
pre_xx_33396,chr7,129610853,129613131,2278
pre_xx_33397,chr7,129635166,129635876,710
pre_xx_33398,chr7,129774123,129774802,679
pre_xx_33399,chr7,129779262,129780636,1374
pre_xx_33400,chr7,129799360,129800313,953
pre_xx_33401,chr7,129821362,129822009,647
pre_xx_33402,chr7,129824658,129826241,1583
pre_xx_33403,chr7,129829858,129831847,1989
pre_xx_33404,chr7,129948800,129949934,1134
pre_xx_33405,chr7,129951263,129953342,2079
pre_xx_33406,chr7,130008574,130009464,890
pre_xx_33407,chr7,130009862,130011288,1426
pre_xx_33408,chr7,130050626,130051621,995
pre_xx_33409,chr7,130069689,130071366,1677
pre_xx_33410,chr7,130072077,130072495,418
pre_xx_33411,chr7,130140502,130142710,2208
pre_xx_33412,chr7,130144268,130145241,973
pre_xx_33413,chr7,130152550,130154989,2439
pre_xx_33414,chr7,130204711,130206426,1715
pre_xx_33415,chr7,130227578,130229206,1628
pre_xx_33416,chr7,130272488,130274211,1723
pre_xx_33417,chr7,130355902,130356809,907
pre_xx_33418,chr7,130365080,130366505,1425
pre_xx_33419,chr7,130372898,130374272,1374
pre_xx_33420,chr7,130379345,130382008,2663
pre_xx_33421,chr7,130392141,130394230,2089
pre_xx_33422,chr7,130440275,130441828,1553
pre_xx_33423,chr7,130485677,130487172,1495
pre_xx_33424,chr7,130490278,130492565,2287
pre_xx_33425,chr7,130494137,130495496,1359
pre_xx_33426,chr7,130667387,130669337,1950
pre_xx_33427,chr7,130721479,130722396,917
pre_xx_33428,chr7,130733056,130735159,2103
pre_xx_33429,chr7,130893989,130894760,771
pre_xx_33430,chr7,130901062,130901926,864
pre_xx_33431,chr7,130994273,130997301,3028
pre_xx_33432,chr7,131105449,131108359,2910
pre_xx_33433,chr7,131109434,131110334,900
pre_xx_33434,chr7,131326930,131328742,1812
pre_xx_33435,chr7,131502354,131503415,1061
pre_xx_33436,chr7,131507679,131508378,699
pre_xx_33437,chr7,131513189,131513895,706
pre_xx_33438,chr7,131521333,131522865,1532
pre_xx_33439,chr7,131555615,131557238,1623
pre_xx_33440,chr7,131557593,131558352,759
pre_xx_33441,chr7,131637519,131639448,1929
pre_xx_33442,chr7,131648291,131649600,1309
pre_xx_33443,chr7,131654411,131655192,781
pre_xx_33444,chr7,131691846,131692636,790
pre_xx_33445,chr7,131722494,131723209,715
pre_xx_33446,chr7,131745411,131746010,599
pre_xx_33447,chr7,131829672,131830666,994
pre_xx_33448,chr7,131843418,131844734,1316
pre_xx_33449,chr7,131851664,131852619,955
pre_xx_33450,chr7,131908664,131910198,1534
pre_xx_33451,chr7,131945077,131946448,1371
pre_xx_33452,chr7,132029301,132030483,1182
pre_xx_33453,chr7,132318040,132319918,1878
pre_xx_33454,chr7,132368380,132369322,942
pre_xx_33455,chr7,132402393,132404075,1682
pre_xx_33456,chr7,132473926,132476119,2193
pre_xx_33457,chr7,132504555,132505602,1047
pre_xx_33458,chr7,132575227,132577816,2589
pre_xx_33459,chr7,132614422,132615802,1380
pre_xx_33460,chr7,132650311,132650959,648
pre_xx_33461,chr7,132755940,132757456,1516
pre_xx_33462,chr7,132825652,132826778,1126
pre_xx_33463,chr7,133050784,133051499,715
pre_xx_33464,chr7,133080927,133082596,1669
pre_xx_33465,chr7,133139172,133140207,1035
pre_xx_33466,chr7,133252572,133253919,1347
pre_xx_33467,chr7,133529783,133531045,1262
pre_xx_33468,chr7,133835809,133837974,2165
pre_xx_33469,chr7,134126450,134128035,1585
pre_xx_33470,chr7,134288344,134289936,1592
pre_xx_33471,chr7,134315752,134317477,1725
pre_xx_33472,chr7,134359453,134360690,1237
pre_xx_33473,chr7,134419928,134420906,978
pre_xx_33474,chr7,134431917,134433214,1297
pre_xx_33475,chr7,134458133,134459441,1308
pre_xx_33476,chr7,134527195,134528550,1355
pre_xx_33477,chr7,134547033,134549198,2165
pre_xx_33478,chr7,134556918,134558093,1175
pre_xx_33479,chr7,134645660,134647718,2058
pre_xx_33480,chr7,134742011,134743689,1678
pre_xx_33481,chr7,134763709,134764326,617
pre_xx_33482,chr7,134778765,134780867,2102
pre_xx_33483,chr7,134890556,134892663,2107
pre_xx_33484,chr7,134986053,134987263,1210
pre_xx_33485,chr7,135169764,135171172,1408
pre_xx_33486,chr7,135193200,135194215,1015
pre_xx_33487,chr7,135200366,135201403,1037
pre_xx_33488,chr7,135210523,135212446,1923
pre_xx_33489,chr7,135281269,135282013,744
pre_xx_33490,chr7,135334616,135336112,1496
pre_xx_33491,chr7,135508770,135511098,2328
pre_xx_33492,chr7,135557256,135558852,1596
pre_xx_33493,chr7,135652597,135653782,1185
pre_xx_33494,chr7,135661865,135663258,1393
pre_xx_33495,chr7,135743557,135744718,1161
pre_xx_33496,chr7,135800548,135802355,1807
pre_xx_33497,chr7,135928757,135931403,2646
pre_xx_33498,chr7,135976197,135977850,1653
pre_xx_33499,chr7,136032886,136034367,1481
pre_xx_33500,chr7,136049853,136051171,1318
pre_xx_33501,chr7,136086526,136087176,650
pre_xx_33502,chr7,136133146,136134607,1461
pre_xx_33503,chr7,136868385,136871863,3478
pre_xx_33504,chr7,137169035,137169701,666
pre_xx_33505,chr7,137342075,137343984,1909
pre_xx_33506,chr7,137353608,137355187,1579
pre_xx_33507,chr7,137753074,137754915,1841
pre_xx_33508,chr7,137759775,137760757,982
pre_xx_33509,chr7,137788977,137789943,966
pre_xx_33510,chr7,137846094,137847798,1704
pre_xx_33511,chr7,137999938,138002760,2822
pre_xx_33512,chr7,138257255,138258535,1280
pre_xx_33513,chr7,138459566,138461485,1919
pre_xx_33514,chr7,138662479,138664898,2419
pre_xx_33515,chr7,138738183,138739218,1035
pre_xx_33516,chr7,138980001,138982510,2509
pre_xx_33517,chr7,139034715,139036499,1784
pre_xx_33518,chr7,139074864,139075570,706
pre_xx_33519,chr7,139090724,139092574,1850
pre_xx_33520,chr7,139108004,139110128,2124
pre_xx_33521,chr7,139132376,139134293,1917
pre_xx_33522,chr7,139230377,139232526,2149
pre_xx_33523,chr7,139339782,139342235,2453
pre_xx_33524,chr7,139358643,139360985,2342
pre_xx_33525,chr7,139482280,139484710,2430
pre_xx_33526,chr7,139499782,139500648,866
pre_xx_33527,chr7,139522857,139524804,1947
pre_xx_33528,chr7,139588205,139589235,1030
pre_xx_33529,chr7,139672653,139673788,1135
pre_xx_33530,chr7,139679547,139682154,2607
pre_xx_33531,chr7,139690788,139691840,1052
pre_xx_33532,chr7,139696593,139697477,884
pre_xx_33533,chr7,139701831,139703637,1806
pre_xx_33534,chr7,139775656,139778866,3210
pre_xx_33535,chr7,140045275,140046524,1249
pre_xx_33536,chr7,140061882,140063634,1752
pre_xx_33537,chr7,140175162,140178098,2936
pre_xx_33538,chr7,140229630,140231852,2222
pre_xx_33539,chr7,140238566,140239364,798
pre_xx_33540,chr7,140327186,140328068,882
pre_xx_33541,chr7,140358384,140359839,1455
pre_xx_33542,chr7,140397517,140398770,1253
pre_xx_33543,chr7,140403544,140405020,1476
pre_xx_33544,chr7,140477918,140479877,1959
pre_xx_33545,chr7,140506556,140508624,2068
pre_xx_33546,chr7,140517408,140518651,1243
pre_xx_33547,chr7,140525753,140527647,1894
pre_xx_33548,chr7,140533278,140533958,680
pre_xx_33549,chr7,140541096,140542628,1532
pre_xx_33550,chr7,140595518,140597942,2424
pre_xx_33551,chr7,140626063,140626998,935
pre_xx_33552,chr7,140639301,140642015,2714
pre_xx_33553,chr7,140646591,140647606,1015
pre_xx_33554,chr7,140653118,140653770,652
pre_xx_33555,chr7,140672159,140674162,2003
pre_xx_33556,chr7,140696040,140697671,1631
pre_xx_33557,chr7,140923499,140925396,1897
pre_xx_33558,chr7,141013876,141015504,1628
pre_xx_33559,chr7,141071207,141074844,3637
pre_xx_33560,chr7,141510716,141512442,1726
pre_xx_33561,chr7,141550462,141552109,1647
pre_xx_33562,chr7,141649388,141650493,1105
pre_xx_33563,chr7,141700743,141702614,1871
pre_xx_33564,chr7,141737198,141738953,1755
pre_xx_33565,chr7,141975840,141977093,1253
pre_xx_33566,chr7,142782877,142783645,768
pre_xx_33567,chr7,142796196,142798000,1804
pre_xx_33568,chr7,142812964,142813930,966
pre_xx_33569,chr7,142853710,142856236,2526
pre_xx_33570,chr7,143171471,143172899,1428
pre_xx_33571,chr7,143240207,143241124,917
pre_xx_33572,chr7,143262907,143264244,1337
pre_xx_33573,chr7,143279083,143280053,970
pre_xx_33574,chr7,143287386,143289537,2151
pre_xx_33575,chr7,143345192,143346224,1032
pre_xx_33576,chr7,143361029,143363282,2253
pre_xx_33577,chr7,143380005,143382402,2397
pre_xx_33578,chr7,143385943,143386677,734
pre_xx_33579,chr7,143391380,143392558,1178
pre_xx_33580,chr7,143407767,143409356,1589
pre_xx_33581,chr7,143519167,143520199,1032
pre_xx_33582,chr7,143881714,143883142,1428
pre_xx_33583,chr7,143884842,143885557,715
pre_xx_33584,chr7,143901180,143902392,1212
pre_xx_33585,chr7,143904495,143905888,1393
pre_xx_33586,chr7,144019123,144019895,772
pre_xx_33587,chr7,144834844,144836492,1648
pre_xx_33588,chr7,146115509,146117294,1785
pre_xx_33589,chr7,146635005,146636875,1870
pre_xx_33590,chr7,146655803,146656654,851
pre_xx_33591,chr7,148083363,148084892,1529
pre_xx_33592,chr7,148116776,148117541,765
pre_xx_33593,chr7,148153014,148154504,1490
pre_xx_33594,chr7,148232596,148233345,749
pre_xx_33595,chr7,148262087,148263424,1337
pre_xx_33596,chr7,148303056,148304952,1896
pre_xx_33597,chr7,148338809,148340009,1200
pre_xx_33598,chr7,148500922,148502286,1364
pre_xx_33599,chr7,148624649,148625910,1261
pre_xx_33600,chr7,148628555,148629745,1190
pre_xx_33601,chr7,148651118,148652620,1502
pre_xx_33602,chr7,148697459,148700372,2913
pre_xx_33603,chr7,148708113,148709335,1222
pre_xx_33604,chr7,148722392,148723475,1083
pre_xx_33605,chr7,148763191,148764661,1470
pre_xx_33606,chr7,148882828,148885264,2436
pre_xx_33607,chr7,148913882,148914810,928
pre_xx_33608,chr7,148940449,148942617,2168
pre_xx_33609,chr7,148962527,148964868,2341
pre_xx_33610,chr7,148982602,148984312,1710
pre_xx_33611,chr7,148986896,148988320,1424
pre_xx_33612,chr7,149027297,149029339,2042
pre_xx_33613,chr7,149064783,149066183,1400
pre_xx_33614,chr7,149090042,149091846,1804
pre_xx_33615,chr7,149125067,149127961,2894
pre_xx_33616,chr7,149146753,149148787,2034
pre_xx_33617,chr7,149194964,149196999,2035
pre_xx_33618,chr7,149238893,149240545,1652
pre_xx_33619,chr7,149261277,149262787,1510
pre_xx_33620,chr7,149284594,149286053,1459
pre_xx_33621,chr7,149414620,149415939,1319
pre_xx_33622,chr7,149421700,149424238,2538
pre_xx_33623,chr7,149459234,149461195,1961
pre_xx_33624,chr7,149495985,149498290,2305
pre_xx_33625,chr7,149623063,149625307,2244
pre_xx_33626,chr7,149713571,149715647,2076
pre_xx_33627,chr7,149741612,149742787,1175
pre_xx_33628,chr7,149764319,149766465,2146
pre_xx_33629,chr7,149771065,149774593,3528
pre_xx_33630,chr7,149837762,149839313,1551
pre_xx_33631,chr7,149854408,149856277,1869
pre_xx_33632,chr7,149872659,149874359,1700
pre_xx_33633,chr7,150046953,150049642,2689
pre_xx_33634,chr7,150322408,150324721,2313
pre_xx_33635,chr7,150339636,150342231,2595
pre_xx_33636,chr7,150367850,150370196,2346
pre_xx_33637,chr7,150373193,150373793,600
pre_xx_33638,chr7,150375734,150376264,530
pre_xx_33639,chr7,150378121,150380112,1991
pre_xx_33640,chr7,150383529,150384243,714
pre_xx_33641,chr7,150404409,150406158,1749
pre_xx_33642,chr7,150420882,150421601,719
pre_xx_33643,chr7,150448512,150449400,888
pre_xx_33644,chr7,150502425,150504504,2079
pre_xx_33645,chr7,150787313,150788826,1513
pre_xx_33646,chr7,150799551,150801884,2333
pre_xx_33647,chr7,150845228,150845999,771
pre_xx_33648,chr7,150876613,150877800,1187
pre_xx_33649,chr7,150900957,150902431,1474
pre_xx_33650,chr7,150945031,150946770,1739
pre_xx_33651,chr7,150947017,150948040,1023
pre_xx_33652,chr7,150954477,150956449,1972
pre_xx_33653,chr7,150961732,150963904,2172
pre_xx_33654,chr7,150971099,150972501,1402
pre_xx_33655,chr7,150974003,150975316,1313
pre_xx_33656,chr7,150977638,150979649,2011
pre_xx_33657,chr7,150988328,150989920,1592
pre_xx_33658,chr7,151007371,151009231,1860
pre_xx_33659,chr7,151012812,151014477,1665
pre_xx_33660,chr7,151017841,151019398,1557
pre_xx_33661,chr7,151027153,151029120,1967
pre_xx_33662,chr7,151038838,151040591,1753
pre_xx_33663,chr7,151050694,151051477,783
pre_xx_33664,chr7,151057274,151058619,1345
pre_xx_33665,chr7,151059107,151060325,1218
pre_xx_33666,chr7,151060505,151061604,1099
pre_xx_33667,chr7,151062288,151063509,1221
pre_xx_33668,chr7,151080046,151081538,1492
pre_xx_33669,chr7,151083017,151083738,721
pre_xx_33670,chr7,151085602,151088117,2515
pre_xx_33671,chr7,151088539,151089765,1226
pre_xx_33672,chr7,151110718,151111381,663
pre_xx_33673,chr7,151114287,151116427,2140
pre_xx_33674,chr7,151123596,151124265,669
pre_xx_33675,chr7,151125424,151126983,1559
pre_xx_33676,chr7,151166795,151168520,1725
pre_xx_33677,chr7,151172366,151172918,552
pre_xx_33678,chr7,151198714,151200081,1367
pre_xx_33679,chr7,151210059,151210806,747
pre_xx_33680,chr7,151226460,151227982,1522
pre_xx_33681,chr7,151231947,151233462,1515
pre_xx_33682,chr7,151243424,151243911,487
pre_xx_33683,chr7,151245082,151245914,832
pre_xx_33684,chr7,151247973,151249914,1941
pre_xx_33685,chr7,151251214,151252527,1313
pre_xx_33686,chr7,151256447,151257099,652
pre_xx_33687,chr7,151261205,151262177,972
pre_xx_33688,chr7,151275758,151277557,1799
pre_xx_33689,chr7,151303126,151304010,884
pre_xx_33690,chr7,151304435,151305419,984
pre_xx_33691,chr7,151340887,151342683,1796
pre_xx_33692,chr7,151349512,151350564,1052
pre_xx_33693,chr7,151367860,151368831,971
pre_xx_33694,chr7,151380954,151382895,1941
pre_xx_33695,chr7,151386135,151387415,1280
pre_xx_33696,chr7,151393047,151394104,1057
pre_xx_33697,chr7,151408616,151410962,2346
pre_xx_33698,chr7,151426280,151427129,849
pre_xx_33699,chr7,151439608,151442262,2654
pre_xx_33700,chr7,151447962,151448969,1007
pre_xx_33701,chr7,151459460,151460825,1365
pre_xx_33702,chr7,151517904,151520980,3076
pre_xx_33703,chr7,151537466,151539700,2234
pre_xx_33704,chr7,151630917,151633239,2322
pre_xx_33705,chr7,151695836,151697302,1466
pre_xx_33706,chr7,151704371,151706331,1960
pre_xx_33707,chr7,151735199,151736900,1701
pre_xx_33708,chr7,151753740,151754640,900
pre_xx_33709,chr7,151782536,151783315,779
pre_xx_33710,chr7,151813935,151815091,1156
pre_xx_33711,chr7,151823871,151824886,1015
pre_xx_33712,chr7,151875080,151878241,3161
pre_xx_33713,chr7,152025002,152026745,1743
pre_xx_33714,chr7,152313390,152314612,1222
pre_xx_33715,chr7,152366508,152367683,1175
pre_xx_33716,chr7,152434287,152437076,2789
pre_xx_33717,chr7,152459740,152460918,1178
pre_xx_33718,chr7,152462993,152465077,2084
pre_xx_33719,chr7,152522009,152523215,1206
pre_xx_33720,chr7,152540363,152541203,840
pre_xx_33721,chr7,152587979,152588775,796
pre_xx_33722,chr7,152674835,152676559,1724
pre_xx_33723,chr7,152706210,152707265,1055
pre_xx_33724,chr7,152759168,152761053,1885
pre_xx_33725,chr7,152908746,152911223,2477
pre_xx_33726,chr7,152924432,152926238,1806
pre_xx_33727,chr7,153192834,153193732,898
pre_xx_33728,chr7,153431196,153432642,1446
pre_xx_33729,chr7,153442924,153444181,1257
pre_xx_33730,chr7,153523078,153524721,1643
pre_xx_33731,chr7,153886085,153888601,2516
pre_xx_33732,chr7,154050968,154053706,2738
pre_xx_33733,chr7,154304129,154305853,1724
pre_xx_33734,chr7,154841666,154842991,1325
pre_xx_33735,chr7,154913426,154915221,1795
pre_xx_33736,chr7,154927521,154929402,1881
pre_xx_33737,chr7,155001988,155004568,2580
pre_xx_33738,chr7,155069731,155070984,1253
pre_xx_33739,chr7,155163054,155164125,1071
pre_xx_33740,chr7,155213835,155215296,1461
pre_xx_33741,chr7,155252223,155254379,2156
pre_xx_33742,chr7,155296674,155299428,2754
pre_xx_33743,chr7,155344277,155345485,1208
pre_xx_33744,chr7,155373760,155375134,1374
pre_xx_33745,chr7,155377560,155378224,664
pre_xx_33746,chr7,155381069,155382648,1579
pre_xx_33747,chr7,155448425,155449923,1498
pre_xx_33748,chr7,155454051,155454971,920
pre_xx_33749,chr7,155456732,155459198,2466
pre_xx_33750,chr7,155466127,155467376,1249
pre_xx_33751,chr7,155489924,155491506,1582
pre_xx_33752,chr7,155508995,155510528,1533
pre_xx_33753,chr7,155532824,155534735,1911
pre_xx_33754,chr7,155542696,155543696,1000
pre_xx_33755,chr7,155643489,155645360,1871
pre_xx_33756,chr7,155744835,155745988,1153
pre_xx_33757,chr7,155786784,155787906,1122
pre_xx_33758,chr7,155802864,155804329,1465
pre_xx_33759,chr7,155804682,155805923,1241
pre_xx_33760,chr7,155808225,155808905,680
pre_xx_33761,chr7,155811774,155812610,836
pre_xx_33762,chr7,155961140,155962604,1464
pre_xx_33763,chr7,156080049,156081540,1491
pre_xx_33764,chr7,156607198,156608435,1237
pre_xx_33765,chr7,156616151,156617470,1319
pre_xx_33766,chr7,156639563,156641440,1877
pre_xx_33767,chr7,156841472,156843095,1623
pre_xx_33768,chr7,156891559,156893837,2278
pre_xx_33769,chr7,156908541,156909283,742
pre_xx_33770,chr7,156942412,156944019,1607
pre_xx_33771,chr7,156948500,156951867,3367
pre_xx_33772,chr7,156992964,156994186,1222
pre_xx_33773,chr7,156999101,157000738,1637
pre_xx_33774,chr7,157009497,157011496,1999
pre_xx_33775,chr7,157020653,157022102,1449
pre_xx_33776,chr7,157138157,157140188,2031
pre_xx_33777,chr7,157278951,157280176,1225
pre_xx_33778,chr7,157336142,157339045,2903
pre_xx_33779,chr7,157389851,157390900,1049
pre_xx_33780,chr7,157397636,157398797,1161
pre_xx_33781,chr7,157404841,157405745,904
pre_xx_33782,chr7,157432057,157433391,1334
pre_xx_33783,chr7,157567731,157569629,1898
pre_xx_33784,chr7,157612549,157614186,1637
pre_xx_33785,chr7,157614874,157615934,1060
pre_xx_33786,chr7,157662776,157663832,1056
pre_xx_33787,chr7,157683745,157685755,2010
pre_xx_33788,chr7,157690359,157691334,975
pre_xx_33789,chr7,157691608,157692471,863
pre_xx_33790,chr7,157692682,157693985,1303
pre_xx_33791,chr7,157737280,157738730,1450
pre_xx_33792,chr7,157851346,157852229,883
pre_xx_33793,chr7,157874722,157875751,1029
pre_xx_33794,chr7,157989498,157991185,1687
pre_xx_33795,chr7,158015371,158017800,2429
pre_xx_33796,chr7,158031281,158032435,1154
pre_xx_33797,chr7,158043316,158044610,1294
pre_xx_33798,chr7,158316956,158318709,1753
pre_xx_33799,chr7,158325392,158326407,1015
pre_xx_33800,chr7,158431698,158433456,1758
pre_xx_33801,chr7,158446801,158447983,1182
pre_xx_33802,chr7,158472511,158473828,1317
pre_xx_33803,chr7,158494197,158496200,2003
pre_xx_33804,chr7,158568964,158571015,2051
pre_xx_33805,chr7,158581640,158582431,791
pre_xx_33806,chr7,158586142,158586890,748
pre_xx_33807,chr7,158587187,158588942,1755
pre_xx_33808,chr7,158695727,158696647,920
pre_xx_33809,chr7,158704297,158706505,2208
pre_xx_33810,chr7,158814616,158815418,802
pre_xx_33811,chr7,158818195,158819254,1059
pre_xx_33812,chr7,158827954,158830485,2531
pre_xx_33813,chr7,158855893,158857118,1225
pre_xx_33814,chr7,158862960,158864450,1490
pre_xx_33815,chr7,158957399,158959093,1694
pre_xx_33816,chr7,158976435,158977543,1108
pre_xx_33817,chr7,159015175,159016136,961
pre_xx_33818,chr7,159027253,159028378,1125
pre_xx_33819,chr7,159030267,159031604,1337
pre_xx_33820,chr7,159143752,159145848,2096
pre_xx_33821,chr8,231962,233193,1231
pre_xx_33822,chr8,273967,274812,845
pre_xx_33823,chr8,406099,407569,1470
pre_xx_33824,chr8,543940,546591,2651
pre_xx_33825,chr8,686632,688582,1950
pre_xx_33826,chr8,730036,732084,2048
pre_xx_33827,chr8,736812,739357,2545
pre_xx_33828,chr8,1162760,1164267,1507
pre_xx_33829,chr8,1372549,1373885,1336
pre_xx_33830,chr8,1438296,1439786,1490
pre_xx_33831,chr8,1478661,1480191,1530
pre_xx_33832,chr8,1700790,1702148,1358
pre_xx_33833,chr8,1755233,1756324,1091
pre_xx_33834,chr8,1760137,1760992,855
pre_xx_33835,chr8,1762694,1765112,2418
pre_xx_33836,chr8,1816641,1818234,1593
pre_xx_33837,chr8,1823079,1824762,1683
pre_xx_33838,chr8,1828902,1830684,1782
pre_xx_33839,chr8,1912929,1915283,2354
pre_xx_33840,chr8,1972856,1975304,2448
pre_xx_33841,chr8,2000211,2002419,2208
pre_xx_33842,chr8,2043866,2045607,1741
pre_xx_33843,chr8,2126125,2127991,1866
pre_xx_33844,chr8,2726880,2728672,1792
pre_xx_33845,chr8,2733332,2734423,1091
pre_xx_33846,chr8,3079569,3080672,1103
pre_xx_33847,chr8,3283875,3285107,1232
pre_xx_33848,chr8,3703840,3705184,1344
pre_xx_33849,chr8,3986871,3988267,1396
pre_xx_33850,chr8,4021033,4022015,982
pre_xx_33851,chr8,4060328,4062432,2104
pre_xx_33852,chr8,4991387,4993109,1722
pre_xx_33853,chr8,4993357,4995201,1844
pre_xx_33854,chr8,6365952,6367263,1311
pre_xx_33855,chr8,6405636,6407589,1953
pre_xx_33856,chr8,6463444,6464447,1003
pre_xx_33857,chr8,6559567,6561052,1485
pre_xx_33858,chr8,6561812,6563500,1688
pre_xx_33859,chr8,6707547,6709438,1891
pre_xx_33860,chr8,6800359,6801169,810
pre_xx_33861,chr8,6811809,6813279,1470
pre_xx_33862,chr8,6834045,6835949,1904
pre_xx_33863,chr8,6840434,6841798,1364
pre_xx_33864,chr8,7091451,7092765,1314
pre_xx_33865,chr8,7354665,7355546,881
pre_xx_33866,chr8,8227128,8229296,2168
pre_xx_33867,chr8,8323957,8325477,1520
pre_xx_33868,chr8,8383684,8384922,1238
pre_xx_33869,chr8,8385189,8387263,2074
pre_xx_33870,chr8,8427384,8428203,819
pre_xx_33871,chr8,8428393,8429817,1424
pre_xx_33872,chr8,8530230,8531509,1279
pre_xx_33873,chr8,8669540,8670957,1417
pre_xx_33874,chr8,8701183,8702750,1567
pre_xx_33875,chr8,8722618,8723775,1157
pre_xx_33876,chr8,8736533,8737619,1086
pre_xx_33877,chr8,8763578,8765338,1760
pre_xx_33878,chr8,8771756,8774022,2266
pre_xx_33879,chr8,8809124,8810006,882
pre_xx_33880,chr8,8827696,8829260,1564
pre_xx_33881,chr8,8891935,8894281,2346
pre_xx_33882,chr8,8963035,8964151,1116
pre_xx_33883,chr8,9001725,9004077,2352
pre_xx_33884,chr8,9149725,9151861,2136
pre_xx_33885,chr8,9181096,9181898,802
pre_xx_33886,chr8,9337162,9338576,1414
pre_xx_33887,chr8,9555263,9556926,1663
pre_xx_33888,chr8,9780845,9782714,1869
pre_xx_33889,chr8,9906024,9907324,1300
pre_xx_33890,chr8,10053546,10055695,2149
pre_xx_33891,chr8,10333721,10335635,1914
pre_xx_33892,chr8,10416945,10418583,1638
pre_xx_33893,chr8,10424760,10426743,1983
pre_xx_33894,chr8,10729485,10731557,2072
pre_xx_33895,chr8,10732551,10733631,1080
pre_xx_33896,chr8,10838723,10840272,1549
pre_xx_33897,chr8,10850227,10851211,984
pre_xx_33898,chr8,10927870,10928929,1059
pre_xx_33899,chr8,10989958,10990658,700
pre_xx_33900,chr8,11014834,11016875,2041
pre_xx_33901,chr8,11047901,11050428,2527
pre_xx_33902,chr8,11058961,11060427,1466
pre_xx_33903,chr8,11199707,11202002,2295
pre_xx_33904,chr8,11246749,11247528,779
pre_xx_33905,chr8,11283752,11285322,1570
pre_xx_33906,chr8,11346484,11348880,2396
pre_xx_33907,chr8,11409230,11410663,1433
pre_xx_33908,chr8,11411317,11412669,1352
pre_xx_33909,chr8,11413533,11414019,486
pre_xx_33910,chr8,11429006,11429787,781
pre_xx_33911,chr8,11439588,11440618,1030
pre_xx_33912,chr8,11465911,11467910,1999
pre_xx_33913,chr8,11553418,11554527,1109
pre_xx_33914,chr8,11563681,11564982,1301
pre_xx_33915,chr8,11566833,11567573,740
pre_xx_33916,chr8,11587549,11588639,1090
pre_xx_33917,chr8,11592640,11594783,2143
pre_xx_33918,chr8,11597241,11597980,739
pre_xx_33919,chr8,11624886,11626141,1255
pre_xx_33920,chr8,11631138,11633278,2140
pre_xx_33921,chr8,11641607,11643135,1528
pre_xx_33922,chr8,11676382,11677806,1424
pre_xx_33923,chr8,11682669,11683442,773
pre_xx_33924,chr8,11685255,11686644,1389
pre_xx_33925,chr8,11692029,11693355,1326
pre_xx_33926,chr8,11697111,11698168,1057
pre_xx_33927,chr8,11701297,11704359,3062
pre_xx_33928,chr8,11707591,11708109,518
pre_xx_33929,chr8,11710911,11711450,539
pre_xx_33930,chr8,11732616,11733875,1259
pre_xx_33931,chr8,11735877,11736778,901
pre_xx_33932,chr8,11742358,11743335,977
pre_xx_33933,chr8,11743548,11744569,1021
pre_xx_33934,chr8,11746176,11747459,1283
pre_xx_33935,chr8,11765243,11765771,528
pre_xx_33936,chr8,11769092,11770968,1876
pre_xx_33937,chr8,11789034,11790397,1363
pre_xx_33938,chr8,11801953,11803458,1505
pre_xx_33939,chr8,11807743,11809264,1521
pre_xx_33940,chr8,11864724,11865160,436
pre_xx_33941,chr8,11866770,11868892,2122
pre_xx_33942,chr8,11901959,11902803,844
pre_xx_33943,chr8,11906028,11906640,612
pre_xx_33944,chr8,11941521,11943973,2452
pre_xx_33945,chr8,11955131,11956268,1137
pre_xx_33946,chr8,11967580,11968899,1319
pre_xx_33947,chr8,11985880,11987296,1416
pre_xx_33948,chr8,12014283,12015395,1112
pre_xx_33949,chr8,12194016,12195117,1101
pre_xx_33950,chr8,12600925,12601578,653
pre_xx_33951,chr8,12658460,12659692,1232
pre_xx_33952,chr8,12664649,12665830,1181
pre_xx_33953,chr8,12753481,12756330,2849
pre_xx_33954,chr8,12827504,12830032,2528
pre_xx_33955,chr8,12951068,12952675,1607
pre_xx_33956,chr8,13033425,13034383,958
pre_xx_33957,chr8,13130848,13134387,3539
pre_xx_33958,chr8,13156161,13159758,3597
pre_xx_33959,chr8,13193361,13194842,1481
pre_xx_33960,chr8,13238593,13240402,1809
pre_xx_33961,chr8,13257571,13258374,803
pre_xx_33962,chr8,13275352,13277115,1763
pre_xx_33963,chr8,13565932,13567180,1248
pre_xx_33964,chr8,14595104,14596261,1157
pre_xx_33965,chr8,15214233,15216221,1988
pre_xx_33966,chr8,15236652,15238551,1899
pre_xx_33967,chr8,15539710,15541430,1720
pre_xx_33968,chr8,17000676,17002850,2174
pre_xx_33969,chr8,17012733,17013675,942
pre_xx_33970,chr8,17026429,17028728,2299
pre_xx_33971,chr8,17155548,17157379,1831
pre_xx_33972,chr8,17158723,17160768,2045
pre_xx_33973,chr8,17245953,17247962,2009
pre_xx_33974,chr8,17412373,17413947,1574
pre_xx_33975,chr8,17496100,17498998,2898
pre_xx_33976,chr8,17521227,17522119,892
pre_xx_33977,chr8,17575785,17578285,2500
pre_xx_33978,chr8,17601942,17602927,985
pre_xx_33979,chr8,17605059,17606142,1083
pre_xx_33980,chr8,17607890,17609102,1212
pre_xx_33981,chr8,17614027,17615338,1311
pre_xx_33982,chr8,17660972,17662483,1511
pre_xx_33983,chr8,17662572,17663736,1164
pre_xx_33984,chr8,17674389,17675509,1120
pre_xx_33985,chr8,17675805,17676742,937
pre_xx_33986,chr8,17695420,17696521,1101
pre_xx_33987,chr8,17696923,17697836,913
pre_xx_33988,chr8,17734891,17736342,1451
pre_xx_33989,chr8,17799891,17801947,2056
pre_xx_33990,chr8,17849449,17851623,2174
pre_xx_33991,chr8,17922258,17924310,2052
pre_xx_33992,chr8,18083088,18085767,2679
pre_xx_33993,chr8,18386595,18387838,1243
pre_xx_33994,chr8,18665773,18668232,2459
pre_xx_33995,chr8,18853404,18855135,1731
pre_xx_33996,chr8,19012390,19014902,2512
pre_xx_33997,chr8,19046526,19048674,2148
pre_xx_33998,chr8,19267203,19268152,949
pre_xx_33999,chr8,19312449,19314717,2268
pre_xx_34000,chr8,19346146,19347971,1825
pre_xx_34001,chr8,19399511,19400738,1227
pre_xx_34002,chr8,19405271,19406280,1009
pre_xx_34003,chr8,19408284,19409384,1100
pre_xx_34004,chr8,19601863,19602716,853
pre_xx_34005,chr8,19681675,19683194,1519
pre_xx_34006,chr8,19756320,19758054,1734
pre_xx_34007,chr8,19816523,19818434,1911
pre_xx_34008,chr8,19939015,19940752,1737
pre_xx_34009,chr8,20196553,20198811,2258
pre_xx_34010,chr8,20231580,20232470,890
pre_xx_34011,chr8,20238451,20239468,1017
pre_xx_34012,chr8,20268001,20269310,1309
pre_xx_34013,chr8,20287607,20288696,1089
pre_xx_34014,chr8,20289000,20291088,2088
pre_xx_34015,chr8,20294109,20295361,1252
pre_xx_34016,chr8,20302216,20304248,2032
pre_xx_34017,chr8,20312534,20313573,1039
pre_xx_34018,chr8,20542305,20543534,1229
pre_xx_34019,chr8,20589254,20590876,1622
pre_xx_34020,chr8,20735492,20736153,661
pre_xx_34021,chr8,20818499,20820533,2034
pre_xx_34022,chr8,20841769,20842585,816
pre_xx_34023,chr8,20916523,20917788,1265
pre_xx_34024,chr8,21027870,21029184,1314
pre_xx_34025,chr8,21040856,21041680,824
pre_xx_34026,chr8,21743731,21745362,1631
pre_xx_34027,chr8,21784105,21784680,575
pre_xx_34028,chr8,21786867,21790780,3913
pre_xx_34029,chr8,21918806,21920902,2096
pre_xx_34030,chr8,22009528,22010964,1436
pre_xx_34031,chr8,22023720,22025580,1860
pre_xx_34032,chr8,22036469,22037454,985
pre_xx_34033,chr8,22043801,22045528,1727
pre_xx_34034,chr8,22053339,22054540,1201
pre_xx_34035,chr8,22066033,22067337,1304
pre_xx_34036,chr8,22088668,22090527,1859
pre_xx_34037,chr8,22108160,22110442,2282
pre_xx_34038,chr8,22116083,22117586,1503
pre_xx_34039,chr8,22129523,22131482,1959
pre_xx_34040,chr8,22132917,22133722,805
pre_xx_34041,chr8,22140860,22142813,1953
pre_xx_34042,chr8,22155913,22157315,1402
pre_xx_34043,chr8,22159496,22160095,599
pre_xx_34044,chr8,22164130,22166142,2012
pre_xx_34045,chr8,22171797,22172403,606
pre_xx_34046,chr8,22178554,22179489,935
pre_xx_34047,chr8,22188150,22189240,1090
pre_xx_34048,chr8,22210225,22212956,2731
pre_xx_34049,chr8,22231410,22232418,1008
pre_xx_34050,chr8,22244307,22246172,1865
pre_xx_34051,chr8,22318300,22319722,1422
pre_xx_34052,chr8,22366639,22368099,1460
pre_xx_34053,chr8,22382820,22384400,1580
pre_xx_34054,chr8,22388273,22389748,1475
pre_xx_34055,chr8,22397298,22398966,1668
pre_xx_34056,chr8,22425003,22425963,960
pre_xx_34057,chr8,22440214,22441869,1655
pre_xx_34058,chr8,22548823,22549699,876
pre_xx_34059,chr8,22550491,22553142,2651
pre_xx_34060,chr8,22553657,22555291,1634
pre_xx_34061,chr8,22560969,22562576,1607
pre_xx_34062,chr8,22564799,22566324,1525
pre_xx_34063,chr8,22573979,22574792,813
pre_xx_34064,chr8,22577929,22580609,2680
pre_xx_34065,chr8,22588708,22589648,940
pre_xx_34066,chr8,22594873,22595496,623
pre_xx_34067,chr8,22596943,22597828,885
pre_xx_34068,chr8,22598063,22600257,2194
pre_xx_34069,chr8,22604252,22605593,1341
pre_xx_34070,chr8,22622538,22623603,1065
pre_xx_34071,chr8,22627498,22629753,2255
pre_xx_34072,chr8,22668042,22669407,1365
pre_xx_34073,chr8,22672980,22673696,716
pre_xx_34074,chr8,22684411,22684825,414
pre_xx_34075,chr8,22685102,22685915,813
pre_xx_34076,chr8,22686097,22686816,719
pre_xx_34077,chr8,22689718,22690063,345
pre_xx_34078,chr8,22691504,22691760,256
pre_xx_34079,chr8,22693017,22693744,727
pre_xx_34080,chr8,22693940,22696024,2084
pre_xx_34081,chr8,22704458,22705640,1182
pre_xx_34082,chr8,22756827,22758033,1206
pre_xx_34083,chr8,22775195,22776012,817
pre_xx_34084,chr8,22780655,22781726,1071
pre_xx_34085,chr8,22815993,22817545,1552
pre_xx_34086,chr8,22864322,22866118,1796
pre_xx_34087,chr8,22877225,22878775,1550
pre_xx_34088,chr8,22886170,22887120,950
pre_xx_34089,chr8,22908791,22909346,555
pre_xx_34090,chr8,22911223,22912325,1102
pre_xx_34091,chr8,22918066,22918779,713
pre_xx_34092,chr8,22950109,22951053,944
pre_xx_34093,chr8,22973530,22974851,1321
pre_xx_34094,chr8,22980581,22981976,1395
pre_xx_34095,chr8,22985025,22986234,1209
pre_xx_34096,chr8,22986744,22987493,749
pre_xx_34097,chr8,22998920,23000420,1500
pre_xx_34098,chr8,23000644,23001086,442
pre_xx_34099,chr8,23018018,23020344,2326
pre_xx_34100,chr8,23067491,23069469,1978
pre_xx_34101,chr8,23102543,23103829,1286
pre_xx_34102,chr8,23161366,23162213,847
pre_xx_34103,chr8,23162696,23164311,1615
pre_xx_34104,chr8,23223574,23225490,1916
pre_xx_34105,chr8,23246142,23247645,1503
pre_xx_34106,chr8,23287392,23289061,1669
pre_xx_34107,chr8,23335562,23336858,1296
pre_xx_34108,chr8,23338810,23339726,916
pre_xx_34109,chr8,23353018,23354697,1679
pre_xx_34110,chr8,23402626,23404600,1974
pre_xx_34111,chr8,23410022,23410845,823
pre_xx_34112,chr8,23452157,23452987,830
pre_xx_34113,chr8,23456848,23458174,1326
pre_xx_34114,chr8,23471993,23472697,704
pre_xx_34115,chr8,23523028,23524118,1090
pre_xx_34116,chr8,23528251,23530608,2357
pre_xx_34117,chr8,23540402,23541968,1566
pre_xx_34118,chr8,23546619,23547340,721
pre_xx_34119,chr8,23558470,23559558,1088
pre_xx_34120,chr8,23572049,23573945,1896
pre_xx_34121,chr8,23681485,23683402,1917
pre_xx_34122,chr8,23695655,23697066,1411
pre_xx_34123,chr8,23702288,23703154,866
pre_xx_34124,chr8,23706220,23707311,1091
pre_xx_34125,chr8,23709440,23710235,795
pre_xx_34126,chr8,23714158,23715561,1403
pre_xx_34127,chr8,23726303,23727365,1062
pre_xx_34128,chr8,23852788,23855194,2406
pre_xx_34129,chr8,23910148,23911590,1442
pre_xx_34130,chr8,23962846,23963875,1029
pre_xx_34131,chr8,23978798,23980607,1809
pre_xx_34132,chr8,23991008,23992123,1115
pre_xx_34133,chr8,24406049,24407047,998
pre_xx_34134,chr8,24913357,24915838,2481
pre_xx_34135,chr8,24941490,24942824,1334
pre_xx_34136,chr8,24955095,24956855,1760
pre_xx_34137,chr8,24957147,24957907,760
pre_xx_34138,chr8,24999877,25002005,2128
pre_xx_34139,chr8,25146457,25147238,781
pre_xx_34140,chr8,25183410,25185986,2576
pre_xx_34141,chr8,25283023,25284131,1108
pre_xx_34142,chr8,25369035,25370668,1633
pre_xx_34143,chr8,25382179,25383680,1501
pre_xx_34144,chr8,25457172,25459552,2380
pre_xx_34145,chr8,26009487,26010944,1457
pre_xx_34146,chr8,26039450,26040134,684
pre_xx_34147,chr8,26044122,26044689,567
pre_xx_34148,chr8,26045032,26046797,1765
pre_xx_34149,chr8,26088333,26089505,1172
pre_xx_34150,chr8,26189802,26190777,975
pre_xx_34151,chr8,26290915,26293720,2805
pre_xx_34152,chr8,26382314,26384348,2034
pre_xx_34153,chr8,26403795,26405650,1855
pre_xx_34154,chr8,26418503,26419462,959
pre_xx_34155,chr8,26440106,26441833,1727
pre_xx_34156,chr8,26448093,26450539,2446
pre_xx_34157,chr8,26512553,26515377,2824
pre_xx_34158,chr8,26576287,26579729,3442
pre_xx_34159,chr8,26615808,26616842,1034
pre_xx_34160,chr8,26640419,26642294,1875
pre_xx_34161,chr8,26658091,26659447,1356
pre_xx_34162,chr8,26661269,26662103,834
pre_xx_34163,chr8,26864973,26867479,2506
pre_xx_34164,chr8,27274169,27275037,868
pre_xx_34165,chr8,27310143,27311855,1712
pre_xx_34166,chr8,27325130,27326825,1695
pre_xx_34167,chr8,27489751,27491779,2028
pre_xx_34168,chr8,27583232,27584077,845
pre_xx_34169,chr8,27591978,27593591,1613
pre_xx_34170,chr8,27595108,27596135,1027
pre_xx_34171,chr8,27610053,27612202,2149
pre_xx_34172,chr8,27613919,27615288,1369
pre_xx_34173,chr8,27633229,27634511,1282
pre_xx_34174,chr8,27729831,27730831,1000
pre_xx_34175,chr8,27771806,27773002,1196
pre_xx_34176,chr8,27774025,27775175,1150
pre_xx_34177,chr8,27836260,27838244,1984
pre_xx_34178,chr8,27991411,27993122,1711
pre_xx_34179,chr8,28004274,28005545,1271
pre_xx_34180,chr8,28071910,28073185,1275
pre_xx_34181,chr8,28092354,28093609,1255
pre_xx_34182,chr8,28189748,28190645,897
pre_xx_34183,chr8,28323978,28324695,717
pre_xx_34184,chr8,28384826,28387342,2516
pre_xx_34185,chr8,28400597,28402891,2294
pre_xx_34186,chr8,28411327,28412675,1348
pre_xx_34187,chr8,28414912,28415996,1084
pre_xx_34188,chr8,28489944,28490914,970
pre_xx_34189,chr8,28493451,28495444,1993
pre_xx_34190,chr8,28621758,28623618,1860
pre_xx_34191,chr8,28657050,28658413,1363
pre_xx_34192,chr8,28700308,28703033,2725
pre_xx_34193,chr8,28848045,28849042,997
pre_xx_34194,chr8,28889182,28891786,2604
pre_xx_34195,chr8,29092005,29093339,1334
pre_xx_34196,chr8,29230116,29231038,922
pre_xx_34197,chr8,29261748,29263619,1871
pre_xx_34198,chr8,29314377,29315936,1559
pre_xx_34199,chr8,29319376,29320687,1311
pre_xx_34200,chr8,29339870,29340577,707
pre_xx_34201,chr8,29348007,29349321,1314
pre_xx_34202,chr8,29349693,29351595,1902
pre_xx_34203,chr8,29352772,29353270,498
pre_xx_34204,chr8,29372635,29373985,1350
pre_xx_34205,chr8,29529238,29530799,1561
pre_xx_34206,chr8,29736631,29738204,1573
pre_xx_34207,chr8,29772715,29774457,1742
pre_xx_34208,chr8,29803935,29804933,998
pre_xx_34209,chr8,29874455,29875358,903
pre_xx_34210,chr8,29904690,29906007,1317
pre_xx_34211,chr8,30011704,30012853,1149
pre_xx_34212,chr8,30019651,30020900,1249
pre_xx_34213,chr8,30081512,30083583,2071
pre_xx_34214,chr8,30094064,30096129,2065
pre_xx_34215,chr8,30112552,30113876,1324
pre_xx_34216,chr8,30155327,30157316,1989
pre_xx_34217,chr8,30157415,30158160,745
pre_xx_34218,chr8,30168661,30170539,1878
pre_xx_34219,chr8,30173597,30174359,762
pre_xx_34220,chr8,30215256,30216251,995
pre_xx_34221,chr8,30383592,30385971,2379
pre_xx_34222,chr8,30531234,30532428,1194
pre_xx_34223,chr8,30548903,30549773,870
pre_xx_34224,chr8,30554844,30556790,1946
pre_xx_34225,chr8,30565219,30566432,1213
pre_xx_34226,chr8,30656911,30658980,2069
pre_xx_34227,chr8,30726653,30728462,1809
pre_xx_34228,chr8,30730668,30731759,1091
pre_xx_34229,chr8,30743297,30744612,1315
pre_xx_34230,chr8,30811355,30813099,1744
pre_xx_34231,chr8,30911371,30913211,1840
pre_xx_34232,chr8,31032192,31034939,2747
pre_xx_34233,chr8,31638850,31641250,2400
pre_xx_34234,chr8,32219660,32220986,1326
pre_xx_34235,chr8,32547059,32549368,2309
pre_xx_34236,chr8,32553930,32555083,1153
pre_xx_34237,chr8,32646172,32647390,1218
pre_xx_34238,chr8,32648801,32651030,2229
pre_xx_34239,chr8,32982214,32983441,1227
pre_xx_34240,chr8,33000798,33001723,925
pre_xx_34241,chr8,33075285,33076803,1518
pre_xx_34242,chr8,33244202,33245802,1600
pre_xx_34243,chr8,33314583,33316373,1790
pre_xx_34244,chr8,33471335,33473551,2216
pre_xx_34245,chr8,33484246,33485902,1656
pre_xx_34246,chr8,33512030,33514959,2929
pre_xx_34247,chr8,33564739,33567473,2734
pre_xx_34248,chr8,33598724,33600176,1452
pre_xx_34249,chr8,33718004,33718942,938
pre_xx_34250,chr8,35234849,35237639,2790
pre_xx_34251,chr8,35573219,35574317,1098
pre_xx_34252,chr8,35633560,35634619,1059
pre_xx_34253,chr8,35736330,35738070,1740
pre_xx_34254,chr8,35906151,35907187,1036
pre_xx_34255,chr8,36833364,36834725,1361
pre_xx_34256,chr8,37008688,37009634,946
pre_xx_34257,chr8,37099344,37101229,1885
pre_xx_34258,chr8,37140080,37141138,1058
pre_xx_34259,chr8,37179643,37181314,1671
pre_xx_34260,chr8,37246748,37248166,1418
pre_xx_34261,chr8,37325013,37326353,1340
pre_xx_34262,chr8,37330570,37332029,1459
pre_xx_34263,chr8,37352356,37354151,1795
pre_xx_34264,chr8,37359239,37360888,1649
pre_xx_34265,chr8,37373943,37375699,1756
pre_xx_34266,chr8,37384167,37384912,745
pre_xx_34267,chr8,37389924,37391726,1802
pre_xx_34268,chr8,37452038,37454046,2008
pre_xx_34269,chr8,37478532,37480169,1637
pre_xx_34270,chr8,37492753,37494133,1380
pre_xx_34271,chr8,37512383,37513485,1102
pre_xx_34272,chr8,37514235,37514655,420
pre_xx_34273,chr8,37516677,37517964,1287
pre_xx_34274,chr8,37538078,37540468,2390
pre_xx_34275,chr8,37544987,37547615,2628
pre_xx_34276,chr8,37608934,37609663,729
pre_xx_34277,chr8,37637169,37638910,1741
pre_xx_34278,chr8,37674809,37675930,1121
pre_xx_34279,chr8,37678934,37679649,715
pre_xx_34280,chr8,37693334,37694070,736
pre_xx_34281,chr8,37694402,37696150,1748
pre_xx_34282,chr8,37696490,37697179,689
pre_xx_34283,chr8,37699850,37701303,1453
pre_xx_34284,chr8,37735910,37737957,2047
pre_xx_34285,chr8,37747098,37749458,2360
pre_xx_34286,chr8,37761987,37763883,1896
pre_xx_34287,chr8,37781182,37784204,3022
pre_xx_34288,chr8,37796288,37797564,1276
pre_xx_34289,chr8,37798054,37799021,967
pre_xx_34290,chr8,37800632,37804041,3409
pre_xx_34291,chr8,37813468,37815958,2490
pre_xx_34292,chr8,37820980,37822707,1727
pre_xx_34293,chr8,37825607,37827101,1494
pre_xx_34294,chr8,37841005,37844274,3269
pre_xx_34295,chr8,37849207,37850167,960
pre_xx_34296,chr8,37890105,37891053,948
pre_xx_34297,chr8,37898520,37899905,1385
pre_xx_34298,chr8,37915193,37916586,1393
pre_xx_34299,chr8,37961489,37962928,1439
pre_xx_34300,chr8,37965060,37967377,2317
pre_xx_34301,chr8,38029559,38031984,2425
pre_xx_34302,chr8,38043021,38044422,1401
pre_xx_34303,chr8,38071147,38072085,938
pre_xx_34304,chr8,38075962,38076767,805
pre_xx_34305,chr8,38080983,38082484,1501
pre_xx_34306,chr8,38087043,38087510,467
pre_xx_34307,chr8,38090945,38093212,2267
pre_xx_34308,chr8,38104319,38106632,2313
pre_xx_34309,chr8,38150553,38151286,733
pre_xx_34310,chr8,38175613,38177971,2358
pre_xx_34311,chr8,38230696,38232519,1823
pre_xx_34312,chr8,38267618,38269782,2164
pre_xx_34313,chr8,38288629,38289861,1232
pre_xx_34314,chr8,38380677,38383285,2608
pre_xx_34315,chr8,38385027,38385338,311
pre_xx_34316,chr8,38385924,38387208,1284
pre_xx_34317,chr8,38441974,38443015,1041
pre_xx_34318,chr8,38449602,38451103,1501
pre_xx_34319,chr8,38451314,38452441,1127
pre_xx_34320,chr8,38458670,38459474,804
pre_xx_34321,chr8,38465087,38468874,3787
pre_xx_34322,chr8,38471837,38472981,1144
pre_xx_34323,chr8,38501991,38502615,624
pre_xx_34324,chr8,38509719,38511400,1681
pre_xx_34325,chr8,38527298,38529138,1840
pre_xx_34326,chr8,38553095,38554709,1614
pre_xx_34327,chr8,38564584,38567491,2907
pre_xx_34328,chr8,38573624,38574611,987
pre_xx_34329,chr8,38582924,38584394,1470
pre_xx_34330,chr8,38612425,38613435,1010
pre_xx_34331,chr8,38650263,38651515,1252
pre_xx_34332,chr8,38656969,38658303,1334
pre_xx_34333,chr8,38681886,38683905,2019
pre_xx_34334,chr8,38703192,38705195,2003
pre_xx_34335,chr8,38714011,38714643,632
pre_xx_34336,chr8,38721005,38721754,749
pre_xx_34337,chr8,38734303,38735257,954
pre_xx_34338,chr8,38756581,38757955,1374
pre_xx_34339,chr8,38769547,38771065,1518
pre_xx_34340,chr8,38784786,38785878,1092
pre_xx_34341,chr8,38786563,38788496,1933
pre_xx_34342,chr8,38899901,38902530,2629
pre_xx_34343,chr8,38936453,38937983,1530
pre_xx_34344,chr8,38965899,38966802,903
pre_xx_34345,chr8,38973414,38975222,1808
pre_xx_34346,chr8,38995744,38998036,2292
pre_xx_34347,chr8,39107164,39108932,1768
pre_xx_34348,chr8,39534812,39536265,1453
pre_xx_34349,chr8,39581234,39582359,1125
pre_xx_34350,chr8,39855109,39856036,927
pre_xx_34351,chr8,39989556,39991588,2032
pre_xx_34352,chr8,39995672,39996527,855
pre_xx_34353,chr8,40080652,40082303,1651
pre_xx_34354,chr8,40201358,40202106,748
pre_xx_34355,chr8,40896476,40898407,1931
pre_xx_34356,chr8,40992489,40994140,1651
pre_xx_34357,chr8,41307830,41309827,1997
pre_xx_34358,chr8,41360474,41361859,1385
pre_xx_34359,chr8,41489804,41491974,2170
pre_xx_34360,chr8,41528285,41530105,1820
pre_xx_34361,chr8,41542376,41543784,1408
pre_xx_34362,chr8,41566679,41568133,1454
pre_xx_34363,chr8,41577387,41578929,1542
pre_xx_34364,chr8,41612038,41613271,1233
pre_xx_34365,chr8,41645018,41647257,2239
pre_xx_34366,chr8,41653133,41654524,1391
pre_xx_34367,chr8,41701330,41702250,920
pre_xx_34368,chr8,41712273,41713463,1190
pre_xx_34369,chr8,41766483,41768180,1697
pre_xx_34370,chr8,41791708,41792977,1269
pre_xx_34371,chr8,41796697,41798581,1884
pre_xx_34372,chr8,41822553,41823442,889
pre_xx_34373,chr8,41827720,41829139,1419
pre_xx_34374,chr8,41875342,41876652,1310
pre_xx_34375,chr8,41895681,41898078,2397
pre_xx_34376,chr8,41983503,41984850,1347
pre_xx_34377,chr8,42004884,42006041,1157
pre_xx_34378,chr8,42013704,42015438,1734
pre_xx_34379,chr8,42050482,42052802,2320
pre_xx_34380,chr8,42139496,42141050,1554
pre_xx_34381,chr8,42152006,42153856,1850
pre_xx_34382,chr8,42171378,42172326,948
pre_xx_34383,chr8,42179582,42181152,1570
pre_xx_34384,chr8,42194644,42195868,1224
pre_xx_34385,chr8,42202402,42203425,1023
pre_xx_34386,chr8,42206527,42208095,1568
pre_xx_34387,chr8,42209182,42210141,959
pre_xx_34388,chr8,42270425,42271965,1540
pre_xx_34389,chr8,42291809,42293955,2146
pre_xx_34390,chr8,42337678,42339247,1569
pre_xx_34391,chr8,42376534,42377817,1283
pre_xx_34392,chr8,42391038,42392601,1563
pre_xx_34393,chr8,42411442,42413259,1817
pre_xx_34394,chr8,42498312,42499520,1208
pre_xx_34395,chr8,42540642,42542390,1748
pre_xx_34396,chr8,42547200,42548416,1216
pre_xx_34397,chr8,42554148,42555479,1331
pre_xx_34398,chr8,42719895,42721211,1316
pre_xx_34399,chr8,42736464,42737598,1134
pre_xx_34400,chr8,42789297,42790793,1496
pre_xx_34401,chr8,42803735,42805829,2094
pre_xx_34402,chr8,42842142,42843686,1544
pre_xx_34403,chr8,42895578,42898498,2920
pre_xx_34404,chr8,43055416,43057575,2159
pre_xx_34405,chr8,43092328,43094182,1854
pre_xx_34406,chr8,43139118,43142041,2923
pre_xx_34407,chr8,47188326,47189526,1200
pre_xx_34408,chr8,47260064,47261622,1558
pre_xx_34409,chr8,47479231,47480937,1706
pre_xx_34410,chr8,47511973,47514015,2042
pre_xx_34411,chr8,47658817,47660579,1762
pre_xx_34412,chr8,47668799,47669611,812
pre_xx_34413,chr8,47734849,47736956,2107
pre_xx_34414,chr8,47737135,47739156,2021
pre_xx_34415,chr8,47901632,47902705,1073
pre_xx_34416,chr8,47959531,47961849,2318
pre_xx_34417,chr8,48007765,48009394,1629
pre_xx_34418,chr8,48318106,48319343,1237
pre_xx_34419,chr8,48379365,48381307,1942
pre_xx_34420,chr8,48396147,48399214,3067
pre_xx_34421,chr8,48427672,48429023,1351
pre_xx_34422,chr8,48429406,48431389,1983
pre_xx_34423,chr8,48466592,48467907,1315
pre_xx_34424,chr8,48513852,48515510,1658
pre_xx_34425,chr8,48542144,48544251,2107
pre_xx_34426,chr8,48553816,48556977,3161
pre_xx_34427,chr8,48580449,48583781,3332
pre_xx_34428,chr8,48619818,48621253,1435
pre_xx_34429,chr8,48648915,48650810,1895
pre_xx_34430,chr8,48734515,48735920,1405
pre_xx_34431,chr8,48869743,48872018,2275
pre_xx_34432,chr8,48919599,48922188,2589
pre_xx_34433,chr8,48925415,48926015,600
pre_xx_34434,chr8,49625546,49626378,832
pre_xx_34435,chr8,49909388,49912018,2630
pre_xx_34436,chr8,50481779,50482594,815
pre_xx_34437,chr8,51808879,51809880,1001
pre_xx_34438,chr8,51897537,51900179,2642
pre_xx_34439,chr8,51947711,51949519,1808
pre_xx_34440,chr8,51972973,51974133,1160
pre_xx_34441,chr8,52007393,52008810,1417
pre_xx_34442,chr8,52099850,52101339,1489
pre_xx_34443,chr8,52564210,52566132,1922
pre_xx_34444,chr8,52712951,52715433,2482
pre_xx_34445,chr8,52939086,52941960,2874
pre_xx_34446,chr8,53250417,53252113,1696
pre_xx_34447,chr8,53482350,53485055,2705
pre_xx_34448,chr8,53591560,53592284,724
pre_xx_34449,chr8,53617873,53619458,1585
pre_xx_34450,chr8,53643956,53645651,1695
pre_xx_34451,chr8,53656479,53658913,2434
pre_xx_34452,chr8,53692541,53693458,917
pre_xx_34453,chr8,53842296,53843686,1390
pre_xx_34454,chr8,53877679,53878177,498
pre_xx_34455,chr8,53879399,53882534,3135
pre_xx_34456,chr8,54021080,54023066,1986
pre_xx_34457,chr8,54100196,54102360,2164
pre_xx_34458,chr8,54134489,54135933,1444
pre_xx_34459,chr8,54165600,54166497,897
pre_xx_34460,chr8,54381627,54382603,976
pre_xx_34461,chr8,54392337,54393274,937
pre_xx_34462,chr8,54414491,54415474,983
pre_xx_34463,chr8,54422310,54422863,553
pre_xx_34464,chr8,54442601,54444228,1627
pre_xx_34465,chr8,54452810,54455056,2246
pre_xx_34466,chr8,54457566,54459973,2407
pre_xx_34467,chr8,54466273,54467643,1370
pre_xx_34468,chr8,54469797,54470682,885
pre_xx_34469,chr8,55100984,55103232,2248
pre_xx_34470,chr8,55772032,55774009,1977
pre_xx_34471,chr8,55843979,55845450,1471
pre_xx_34472,chr8,55860340,55861416,1076
pre_xx_34473,chr8,55878727,55880895,2168
pre_xx_34474,chr8,55939084,55940274,1190
pre_xx_34475,chr8,56073402,56075323,1921
pre_xx_34476,chr8,56112687,56114068,1381
pre_xx_34477,chr8,56156358,56157609,1251
pre_xx_34478,chr8,56209347,56212736,3389
pre_xx_34479,chr8,56319442,56320710,1268
pre_xx_34480,chr8,56445196,56447631,2435
pre_xx_34481,chr8,56646393,56647613,1220
pre_xx_34482,chr8,56881704,56882922,1218
pre_xx_34483,chr8,56924380,56925569,1189
pre_xx_34484,chr8,56992549,56994550,2001
pre_xx_34485,chr8,57854859,57855943,1084
pre_xx_34486,chr8,57993812,57995742,1930
pre_xx_34487,chr8,58145191,58146866,1675
pre_xx_34488,chr8,58410768,58412658,1890
pre_xx_34489,chr8,58552495,58554217,1722
pre_xx_34490,chr8,58657966,58660301,2335
pre_xx_34491,chr8,58858094,58858913,819
pre_xx_34492,chr8,58959002,58960292,1290
pre_xx_34493,chr8,59117242,59120156,2914
pre_xx_34494,chr8,59600050,59601346,1296
pre_xx_34495,chr8,60280444,60282188,1744
pre_xx_34496,chr8,60403570,60404540,970
pre_xx_34497,chr8,60412197,60413947,1750
pre_xx_34498,chr8,60516227,60517686,1459
pre_xx_34499,chr8,60575702,60576429,727
pre_xx_34500,chr8,60650955,60652830,1875
pre_xx_34501,chr8,60653048,60654101,1053
pre_xx_34502,chr8,60677892,60680785,2893
pre_xx_34503,chr8,60713582,60715030,1448
pre_xx_34504,chr8,60751260,60752600,1340
pre_xx_34505,chr8,60792363,60793308,945
pre_xx_34506,chr8,60847861,60849952,2091
pre_xx_34507,chr8,60908633,60910549,1916
pre_xx_34508,chr8,60921755,60923849,2094
pre_xx_34509,chr8,60948093,60950028,1935
pre_xx_34510,chr8,60961051,60962463,1412
pre_xx_34511,chr8,60985722,60986891,1169
pre_xx_34512,chr8,61005293,61006539,1246
pre_xx_34513,chr8,61023103,61024188,1085
pre_xx_34514,chr8,61053529,61054884,1355
pre_xx_34515,chr8,61077587,61078772,1185
pre_xx_34516,chr8,61095636,61096423,787
pre_xx_34517,chr8,61138602,61140107,1505
pre_xx_34518,chr8,61287785,61288836,1051
pre_xx_34519,chr8,61713294,61715100,1806
pre_xx_34520,chr8,62247116,62250138,3022
pre_xx_34521,chr8,63038075,63039685,1610
pre_xx_34522,chr8,63085060,63086674,1614
pre_xx_34523,chr8,63167284,63169320,2036
pre_xx_34524,chr8,63605192,63605972,780
pre_xx_34525,chr8,63646177,63647960,1783
pre_xx_34526,chr8,64020627,64021803,1176
pre_xx_34527,chr8,64266635,64267565,930
pre_xx_34528,chr8,64368826,64370460,1634
pre_xx_34529,chr8,64575095,64576507,1412
pre_xx_34530,chr8,64579864,64581904,2040
pre_xx_34531,chr8,64658383,64659145,762
pre_xx_34532,chr8,64798031,64799360,1329
pre_xx_34533,chr8,65394883,65396496,1613
pre_xx_34534,chr8,65560027,65560845,818
pre_xx_34535,chr8,65633414,65634708,1294
pre_xx_34536,chr8,65643507,65645569,2062
pre_xx_34537,chr8,65840557,65843135,2578
pre_xx_34538,chr8,66112515,66114973,2458
pre_xx_34539,chr8,66176583,66178178,1595
pre_xx_34540,chr8,66428159,66430327,2168
pre_xx_34541,chr8,66432126,66433204,1078
pre_xx_34542,chr8,66438516,66439862,1346
pre_xx_34543,chr8,66506941,66508016,1075
pre_xx_34544,chr8,66512146,66513096,950
pre_xx_34545,chr8,66521654,66523322,1668
pre_xx_34546,chr8,66541527,66542829,1302
pre_xx_34547,chr8,66612258,66614536,2278
pre_xx_34548,chr8,66665969,66667906,1937
pre_xx_34549,chr8,66711935,66713579,1644
pre_xx_34550,chr8,66774274,66776216,1942
pre_xx_34551,chr8,66870204,66871307,1103
pre_xx_34552,chr8,66924408,66925933,1525
pre_xx_34553,chr8,66961071,66963374,2303
pre_xx_34554,chr8,67027769,67029026,1257
pre_xx_34555,chr8,67061310,67062766,1456
pre_xx_34556,chr8,67063914,67065621,1707
pre_xx_34557,chr8,67109139,67110653,1514
pre_xx_34558,chr8,67339173,67339801,628
pre_xx_34559,chr8,67342126,67344630,2504
pre_xx_34560,chr8,67951375,67953711,2336
pre_xx_34561,chr8,68330089,68332533,2444
pre_xx_34562,chr8,68915722,68918056,2334
pre_xx_34563,chr8,69207945,69209192,1247
pre_xx_34564,chr8,69465933,69467609,1676
pre_xx_34565,chr8,69492205,69493934,1729
pre_xx_34566,chr8,69832206,69835277,3071
pre_xx_34567,chr8,69942067,69943002,935
pre_xx_34568,chr8,69994141,69995037,896
pre_xx_34569,chr8,70034324,70035368,1044
pre_xx_34570,chr8,70068836,70069961,1125
pre_xx_34571,chr8,70070090,70072626,2536
pre_xx_34572,chr8,70088164,70088857,693
pre_xx_34573,chr8,70092804,70093817,1013
pre_xx_34574,chr8,70220227,70221806,1579
pre_xx_34575,chr8,70401557,70404677,3120
pre_xx_34576,chr8,70606942,70608754,1812
pre_xx_34577,chr8,70668197,70669857,1660
pre_xx_34578,chr8,71361314,71362621,1307
pre_xx_34579,chr8,71547095,71548355,1260
pre_xx_34580,chr8,71556009,71557395,1386
pre_xx_34581,chr8,71827016,71828469,1453
pre_xx_34582,chr8,71832500,71833459,959
pre_xx_34583,chr8,71841693,71842456,763
pre_xx_34584,chr8,71842737,71844688,1951
pre_xx_34585,chr8,72004309,72005687,1378
pre_xx_34586,chr8,72074802,72076211,1409
pre_xx_34587,chr8,72250807,72252254,1447
pre_xx_34588,chr8,72536142,72538403,2261
pre_xx_34589,chr8,72964397,72966186,1789
pre_xx_34590,chr8,73008183,73010054,1871
pre_xx_34591,chr8,73092349,73093747,1398
pre_xx_34592,chr8,73173912,73175023,1111
pre_xx_34593,chr8,73293158,73296102,2944
pre_xx_34594,chr8,73370137,73371916,1779
pre_xx_34595,chr8,73430124,73432085,1961
pre_xx_34596,chr8,73482780,73484341,1561
pre_xx_34597,chr8,73602906,73603873,967
pre_xx_34598,chr8,73745442,73748155,2713
pre_xx_34599,chr8,73877590,73879862,2272
pre_xx_34600,chr8,73971033,73972992,1959
pre_xx_34601,chr8,73975822,73976739,917
pre_xx_34602,chr8,74320174,74322100,1926
pre_xx_34603,chr8,74349835,74351440,1605
pre_xx_34604,chr8,74778060,74779345,1285
pre_xx_34605,chr8,74984020,74985465,1445
pre_xx_34606,chr8,75404077,75405399,1322
pre_xx_34607,chr8,75406690,75408278,1588
pre_xx_34608,chr8,76672415,76674466,2051
pre_xx_34609,chr8,76677724,76678314,590
pre_xx_34610,chr8,76680536,76684000,3464
pre_xx_34611,chr8,76999089,77001057,1968
pre_xx_34612,chr8,78376003,78377356,1353
pre_xx_34613,chr8,78515486,78517388,1902
pre_xx_34614,chr8,78665341,78667159,1818
pre_xx_34615,chr8,78803935,78805599,1664
pre_xx_34616,chr8,79611684,79613515,1831
pre_xx_34617,chr8,79765103,79765751,648
pre_xx_34618,chr8,79767277,79769058,1781
pre_xx_34619,chr8,79783131,79784451,1320
pre_xx_34620,chr8,79826973,79828080,1107
pre_xx_34621,chr8,79890520,79892728,2208
pre_xx_34622,chr8,80029437,80030622,1185
pre_xx_34623,chr8,80170650,80171847,1197
pre_xx_34624,chr8,80240161,80241150,989
pre_xx_34625,chr8,80277836,80278630,794
pre_xx_34626,chr8,80330312,80332836,2524
pre_xx_34627,chr8,80366647,80367692,1045
pre_xx_34628,chr8,80485244,80487947,2703
pre_xx_34629,chr8,80564952,80566861,1909
pre_xx_34630,chr8,80577351,80580127,2776
pre_xx_34631,chr8,80656067,80657515,1448
pre_xx_34632,chr8,80686961,80687606,645
pre_xx_34633,chr8,80726760,80728281,1521
pre_xx_34634,chr8,80752782,80754351,1569
pre_xx_34635,chr8,80767278,80768677,1399
pre_xx_34636,chr8,80820495,80821736,1241
pre_xx_34637,chr8,80872163,80874869,2706
pre_xx_34638,chr8,80893421,80894330,909
pre_xx_34639,chr8,80925263,80926965,1702
pre_xx_34640,chr8,80991312,80992512,1200
pre_xx_34641,chr8,81110482,81112464,1982
pre_xx_34642,chr8,81279906,81281963,2057
pre_xx_34643,chr8,81423824,81425759,1935
pre_xx_34644,chr8,81630331,81631307,976
pre_xx_34645,chr8,81685642,81686591,949
pre_xx_34646,chr8,81720058,81721731,1673
pre_xx_34647,chr8,81731429,81733001,1572
pre_xx_34648,chr8,81841284,81842963,1679
pre_xx_34649,chr8,83125759,83127153,1394
pre_xx_34650,chr8,84181584,84183868,2284
pre_xx_34651,chr8,84184288,84185146,858
pre_xx_34652,chr8,84288795,84290330,1535
pre_xx_34653,chr8,85106472,85107910,1438
pre_xx_34654,chr8,85176611,85179081,2470
pre_xx_34655,chr8,85219840,85221852,2012
pre_xx_34656,chr8,85244971,85246436,1465
pre_xx_34657,chr8,85437803,85439141,1338
pre_xx_34658,chr8,85462952,85464858,1906
pre_xx_34659,chr8,86341782,86343687,1905
pre_xx_34660,chr8,86507627,86509230,1603
pre_xx_34661,chr8,86513867,86515308,1441
pre_xx_34662,chr8,86922519,86924043,1524
pre_xx_34663,chr8,87043530,87045178,1648
pre_xx_34664,chr8,88326201,88329051,2850
pre_xx_34665,chr8,88714001,88714941,940
pre_xx_34666,chr8,89756793,89758670,1877
pre_xx_34667,chr8,89901640,89903258,1618
pre_xx_34668,chr8,89983135,89984828,1693
pre_xx_34669,chr8,90000586,90002527,1941
pre_xx_34670,chr8,90009675,90010482,807
pre_xx_34671,chr8,90081949,90083089,1140
pre_xx_34672,chr8,90361368,90362983,1615
pre_xx_34673,chr8,90644661,90646832,2171
pre_xx_34674,chr8,90791155,90792956,1801
pre_xx_34675,chr8,90803218,90804280,1062
pre_xx_34676,chr8,90942643,90943369,726
pre_xx_34677,chr8,90984272,90985889,1617
pre_xx_34678,chr8,91039999,91041406,1407
pre_xx_34679,chr8,91069059,91071074,2015
pre_xx_34680,chr8,91248270,91250789,2519
pre_xx_34681,chr8,91888794,91890111,1317
pre_xx_34682,chr8,92008089,92009665,1576
pre_xx_34683,chr8,92061383,92063185,1802
pre_xx_34684,chr8,92071225,92071939,714
pre_xx_34685,chr8,92094559,92096528,1969
pre_xx_34686,chr8,92100908,92103916,3008
pre_xx_34687,chr8,92605343,92606900,1557
pre_xx_34688,chr8,92619041,92619986,945
pre_xx_34689,chr8,92627022,92628609,1587
pre_xx_34690,chr8,92793049,92794906,1857
pre_xx_34691,chr8,92814757,92815972,1215
pre_xx_34692,chr8,92954072,92954766,694
pre_xx_34693,chr8,92964564,92966347,1783
pre_xx_34694,chr8,93068009,93068801,792
pre_xx_34695,chr8,93403922,93405343,1421
pre_xx_34696,chr8,93420282,93421466,1184
pre_xx_34697,chr8,93564126,93564858,732
pre_xx_34698,chr8,93699724,93701478,1754
pre_xx_34699,chr8,93739789,93741442,1653
pre_xx_34700,chr8,93753928,93755582,1654
pre_xx_34701,chr8,93897625,93899098,1473
pre_xx_34702,chr8,93915898,93918541,2643
pre_xx_34703,chr8,93935014,93936445,1431
pre_xx_34704,chr8,93990885,93992073,1188
pre_xx_34705,chr8,94059104,94059827,723
pre_xx_34706,chr8,94079462,94081461,1999
pre_xx_34707,chr8,94119416,94120640,1224
pre_xx_34708,chr8,94233920,94235143,1223
pre_xx_34709,chr8,94261460,94263595,2135
pre_xx_34710,chr8,94356956,94358019,1063
pre_xx_34711,chr8,94407198,94407920,722
pre_xx_34712,chr8,94436179,94437579,1400
pre_xx_34713,chr8,94474013,94475651,1638
pre_xx_34714,chr8,94552647,94554606,1959
pre_xx_34715,chr8,94638821,94639772,951
pre_xx_34716,chr8,94639876,94641611,1735
pre_xx_34717,chr8,94641620,94642678,1058
pre_xx_34718,chr8,94718855,94720642,1787
pre_xx_34719,chr8,94822404,94824322,1918
pre_xx_34720,chr8,94894244,94897003,2759
pre_xx_34721,chr8,94944104,94944812,708
pre_xx_34722,chr8,94947891,94950322,2431
pre_xx_34723,chr8,95024216,95025988,1772
pre_xx_34724,chr8,95133032,95135072,2040
pre_xx_34725,chr8,95168556,95169608,1052
pre_xx_34726,chr8,95204182,95204902,720
pre_xx_34727,chr8,95207547,95208588,1041
pre_xx_34728,chr8,95268154,95270413,2259
pre_xx_34729,chr8,95364484,95365433,949
pre_xx_34730,chr8,95430187,95432093,1906
pre_xx_34731,chr8,95503034,95504184,1150
pre_xx_34732,chr8,96132591,96133539,948
pre_xx_34733,chr8,96144291,96145897,1606
pre_xx_34734,chr8,96153136,96155354,2218
pre_xx_34735,chr8,96159681,96162017,2336
pre_xx_34736,chr8,96234010,96236128,2118
pre_xx_34737,chr8,96260576,96263143,2567
pre_xx_34738,chr8,96493028,96495983,2955
pre_xx_34739,chr8,96522737,96524789,2052
pre_xx_34740,chr8,96644509,96646902,2393
pre_xx_34741,chr8,96927847,96929824,1977
pre_xx_34742,chr8,97184643,97186068,1425
pre_xx_34743,chr8,97231921,97233057,1136
pre_xx_34744,chr8,97277070,97278331,1261
pre_xx_34745,chr8,97553281,97553992,711
pre_xx_34746,chr8,97643135,97645739,2604
pre_xx_34747,chr8,97762801,97764096,1295
pre_xx_34748,chr8,97774871,97776764,1893
pre_xx_34749,chr8,97777488,97779127,1639
pre_xx_34750,chr8,97783344,97784345,1001
pre_xx_34751,chr8,97785308,97786267,959
pre_xx_34752,chr8,97868443,97869884,1441
pre_xx_34753,chr8,97879180,97881832,2652
pre_xx_34754,chr8,97890505,97891499,994
pre_xx_34755,chr8,97896958,97898156,1198
pre_xx_34756,chr8,97932103,97934045,1942
pre_xx_34757,chr8,97950288,97952898,2610
pre_xx_34758,chr8,98044755,98046593,1838
pre_xx_34759,chr8,98064092,98065232,1140
pre_xx_34760,chr8,98116227,98118328,2101
pre_xx_34761,chr8,98169843,98170711,868
pre_xx_34762,chr8,98293087,98294849,1762
pre_xx_34763,chr8,98363840,98365200,1360
pre_xx_34764,chr8,98382034,98383470,1436
pre_xx_34765,chr8,98426245,98428097,1852
pre_xx_34766,chr8,98824203,98826401,2198
pre_xx_34767,chr8,98919797,98920774,977
pre_xx_34768,chr8,98939755,98942355,2600
pre_xx_34769,chr8,98944063,98944705,642
pre_xx_34770,chr8,98944922,98945625,703
pre_xx_34771,chr8,98947605,98949039,1434
pre_xx_34772,chr8,98972954,98974785,1831
pre_xx_34773,chr8,99012266,99014148,1882
pre_xx_34774,chr8,99859247,99860892,1645
pre_xx_34775,chr8,99892195,99894005,1810
pre_xx_34776,chr8,100105391,100106780,1389
pre_xx_34777,chr8,100144979,100146091,1112
pre_xx_34778,chr8,100149823,100151310,1487
pre_xx_34779,chr8,100157618,100158728,1110
pre_xx_34780,chr8,100212600,100213822,1222
pre_xx_34781,chr8,100308764,100311229,2465
pre_xx_34782,chr8,100414949,100417310,2361
pre_xx_34783,chr8,100432282,100432955,673
pre_xx_34784,chr8,100508981,100511199,2218
pre_xx_34785,chr8,100558622,100559987,1365
pre_xx_34786,chr8,100648662,100649915,1253
pre_xx_34787,chr8,100720602,100723030,2428
pre_xx_34788,chr8,100846903,100847945,1042
pre_xx_34789,chr8,100907380,100909361,1981
pre_xx_34790,chr8,100950207,100953514,3307
pre_xx_34791,chr8,101025930,101028015,2085
pre_xx_34792,chr8,101051118,101052365,1247
pre_xx_34793,chr8,101077489,101078514,1025
pre_xx_34794,chr8,101079915,101081300,1385
pre_xx_34795,chr8,101126006,101127833,1827
pre_xx_34796,chr8,101136765,101137695,930
pre_xx_34797,chr8,101154642,101156337,1695
pre_xx_34798,chr8,101204483,101207194,2711
pre_xx_34799,chr8,101491382,101494413,3031
pre_xx_34800,chr8,101573736,101575558,1822
pre_xx_34801,chr8,102107419,102109118,1699
pre_xx_34802,chr8,102122447,102124660,2213
pre_xx_34803,chr8,102238067,102240111,2044
pre_xx_34804,chr8,102410610,102413153,2543
pre_xx_34805,chr8,102535490,102536563,1073
pre_xx_34806,chr8,102576215,102577572,1357
pre_xx_34807,chr8,102584993,102586349,1356
pre_xx_34808,chr8,102600219,102601859,1640
pre_xx_34809,chr8,102647352,102648662,1310
pre_xx_34810,chr8,102653601,102656914,3313
pre_xx_34811,chr8,102657250,102657749,499
pre_xx_34812,chr8,102727935,102729024,1089
pre_xx_34813,chr8,102787396,102789558,2162
pre_xx_34814,chr8,102790678,102791545,867
pre_xx_34815,chr8,102794222,102795844,1622
pre_xx_34816,chr8,102806014,102808073,2059
pre_xx_34817,chr8,102808242,102808733,491
pre_xx_34818,chr8,102810248,102811093,845
pre_xx_34819,chr8,102814421,102814925,504
pre_xx_34820,chr8,102862513,102865415,2902
pre_xx_34821,chr8,102880676,102881663,987
pre_xx_34822,chr8,102929365,102930538,1173
pre_xx_34823,chr8,102960653,102962190,1537
pre_xx_34824,chr8,103020416,103022111,1695
pre_xx_34825,chr8,103140316,103141606,1290
pre_xx_34826,chr8,103298260,103299719,1459
pre_xx_34827,chr8,103370983,103373510,2527
pre_xx_34828,chr8,103414255,103416656,2401
pre_xx_34829,chr8,103498507,103502004,3497
pre_xx_34830,chr8,104222940,104224310,1370
pre_xx_34831,chr8,104587442,104589956,2514
pre_xx_34832,chr8,104787525,104789442,1917
pre_xx_34833,chr8,105089047,105091824,2777
pre_xx_34834,chr8,105317668,105319976,2308
pre_xx_34835,chr8,105324912,105326013,1101
pre_xx_34836,chr8,105779131,105780261,1130
pre_xx_34837,chr8,106269181,106272059,2878
pre_xx_34838,chr8,106657025,106658871,1846
pre_xx_34839,chr8,106725565,106726353,788
pre_xx_34840,chr8,107489291,107490633,1342
pre_xx_34841,chr8,107496910,107498131,1221
pre_xx_34842,chr8,108081727,108083860,2133
pre_xx_34843,chr8,108247946,108249407,1461
pre_xx_34844,chr8,108442518,108444451,1933
pre_xx_34845,chr8,108710128,108711130,1002
pre_xx_34846,chr8,108718199,108718738,539
pre_xx_34847,chr8,108785462,108787812,2350
pre_xx_34848,chr8,109333150,109334912,1762
pre_xx_34849,chr8,109361793,109363428,1635
pre_xx_34850,chr8,109538911,109540707,1796
pre_xx_34851,chr8,109643895,109645671,1776
pre_xx_34852,chr8,109690937,109692225,1288
pre_xx_34853,chr8,109973743,109975986,2243
pre_xx_34854,chr8,110060139,110061519,1380
pre_xx_34855,chr8,110689809,110690545,736
pre_xx_34856,chr8,111888961,111890081,1120
pre_xx_34857,chr8,112808056,112810139,2083
pre_xx_34858,chr8,113432043,113433015,972
pre_xx_34859,chr8,113433282,113433915,633
pre_xx_34860,chr8,113434702,113435739,1037
pre_xx_34861,chr8,113436702,113437080,378
pre_xx_34862,chr8,113437507,113438570,1063
pre_xx_34863,chr8,113505703,113507003,1300
pre_xx_34864,chr8,114571831,114572802,971
pre_xx_34865,chr8,114607304,114608017,713
pre_xx_34866,chr8,115451272,115452857,1585
pre_xx_34867,chr8,115550754,115552353,1599
pre_xx_34868,chr8,115647909,115650469,2560
pre_xx_34869,chr8,115667173,115669716,2543
pre_xx_34870,chr8,115930780,115932152,1372
pre_xx_34871,chr8,116053649,116055030,1381
pre_xx_34872,chr8,116515862,116518102,2240
pre_xx_34873,chr8,116657506,116658949,1443
pre_xx_34874,chr8,116755097,116756266,1169
pre_xx_34875,chr8,116765564,116767497,1933
pre_xx_34876,chr8,116873248,116875154,1906
pre_xx_34877,chr8,116937689,116938898,1209
pre_xx_34878,chr8,117170905,117172568,1663
pre_xx_34879,chr8,117303715,117304453,738
pre_xx_34880,chr8,117520018,117521427,1409
pre_xx_34881,chr8,117861646,117862431,785
pre_xx_34882,chr8,118008879,118009565,686
pre_xx_34883,chr8,118024972,118026286,1314
pre_xx_34884,chr8,118073765,118075464,1699
pre_xx_34885,chr8,118108626,118109313,687
pre_xx_34886,chr8,118109549,118112381,2832
pre_xx_34887,chr8,118201663,118203020,1357
pre_xx_34888,chr8,118229464,118230508,1044
pre_xx_34889,chr8,118414612,118416050,1438
pre_xx_34890,chr8,118620505,118622577,2072
pre_xx_34891,chr8,118951358,118952752,1394
pre_xx_34892,chr8,119207699,119209116,1417
pre_xx_34893,chr8,119415746,119417248,1502
pre_xx_34894,chr8,119638389,119640196,1807
pre_xx_34895,chr8,119672369,119673882,1513
pre_xx_34896,chr8,119832195,119833440,1245
pre_xx_34897,chr8,119855037,119856582,1545
pre_xx_34898,chr8,119873221,119874979,1758
pre_xx_34899,chr8,119971381,119972322,941
pre_xx_34900,chr8,120022802,120024068,1266
pre_xx_34901,chr8,120035810,120037071,1261
pre_xx_34902,chr8,120060457,120061149,692
pre_xx_34903,chr8,120123490,120126279,2789
pre_xx_34904,chr8,120164482,120165316,834
pre_xx_34905,chr8,120242117,120244076,1959
pre_xx_34906,chr8,120378183,120379162,979
pre_xx_34907,chr8,120444198,120445712,1514
pre_xx_34908,chr8,120592498,120593541,1043
pre_xx_34909,chr8,120653839,120655092,1253
pre_xx_34910,chr8,120808588,120809530,942
pre_xx_34911,chr8,120809550,120812656,3106
pre_xx_34912,chr8,120861128,120862020,892
pre_xx_34913,chr8,120905920,120907162,1242
pre_xx_34914,chr8,120933379,120934237,858
pre_xx_34915,chr8,121260390,121261509,1119
pre_xx_34916,chr8,121290668,121291749,1081
pre_xx_34917,chr8,121447340,121448405,1065
pre_xx_34918,chr8,121454246,121455354,1108
pre_xx_34919,chr8,121559895,121561571,1676
pre_xx_34920,chr8,121638966,121640659,1693
pre_xx_34921,chr8,121641222,121642584,1362
pre_xx_34922,chr8,122603246,122604512,1266
pre_xx_34923,chr8,122685919,122687384,1465
pre_xx_34924,chr8,122779999,122783490,3491
pre_xx_34925,chr8,122788638,122789492,854
pre_xx_34926,chr8,122819765,122821699,1934
pre_xx_34927,chr8,122994196,122995958,1762
pre_xx_34928,chr8,123021503,123022715,1212
pre_xx_34929,chr8,123034986,123035803,817
pre_xx_34930,chr8,123041371,123042946,1575
pre_xx_34931,chr8,123071977,123073612,1635
pre_xx_34932,chr8,123156555,123158996,2441
pre_xx_34933,chr8,123160411,123161452,1041
pre_xx_34934,chr8,123181942,123183394,1452
pre_xx_34935,chr8,123240086,123241638,1552
pre_xx_34936,chr8,123272910,123275593,2683
pre_xx_34937,chr8,123394856,123396961,2105
pre_xx_34938,chr8,123412652,123413628,976
pre_xx_34939,chr8,123415961,123417723,1762
pre_xx_34940,chr8,123539784,123542041,2257
pre_xx_34941,chr8,123643518,123644926,1408
pre_xx_34942,chr8,123693141,123694118,977
pre_xx_34943,chr8,123718719,123720445,1726
pre_xx_34944,chr8,123767590,123769451,1861
pre_xx_34945,chr8,123816674,123817680,1006
pre_xx_34946,chr8,123831814,123833751,1937
pre_xx_34947,chr8,123921717,123922809,1092
pre_xx_34948,chr8,124222301,124223777,1476
pre_xx_34949,chr8,124225651,124226426,775
pre_xx_34950,chr8,124261527,124263392,1865
pre_xx_34951,chr8,124371239,124373376,2137
pre_xx_34952,chr8,124425149,124426782,1633
pre_xx_34953,chr8,124439956,124440707,751
pre_xx_34954,chr8,124449931,124451838,1907
pre_xx_34955,chr8,124473632,124475619,1987
pre_xx_34956,chr8,124475939,124476549,610
pre_xx_34957,chr8,124528422,124529297,875
pre_xx_34958,chr8,124538097,124539879,1782
pre_xx_34959,chr8,124637273,124638717,1444
pre_xx_34960,chr8,124726136,124729042,2906
pre_xx_34961,chr8,124841784,124843598,1814
pre_xx_34962,chr8,124972802,124973871,1069
pre_xx_34963,chr8,124997552,124999670,2118
pre_xx_34964,chr8,125090703,125092535,1832
pre_xx_34965,chr8,125388092,125389290,1198
pre_xx_34966,chr8,125429050,125432599,3549
pre_xx_34967,chr8,125465578,125467400,1822
pre_xx_34968,chr8,125556147,125558054,1907
pre_xx_34969,chr8,125578969,125579960,991
pre_xx_34970,chr8,125643776,125644879,1103
pre_xx_34971,chr8,125658420,125659960,1540
pre_xx_34972,chr8,126374497,126375906,1409
pre_xx_34973,chr8,126471751,126473200,1449
pre_xx_34974,chr8,126555389,126558747,3358
pre_xx_34975,chr8,126579563,126580436,873
pre_xx_34976,chr8,126588095,126589186,1091
pre_xx_34977,chr8,126824349,126825425,1076
pre_xx_34978,chr8,126832668,126834350,1682
pre_xx_34979,chr8,126876317,126877228,911
pre_xx_34980,chr8,127320748,127321935,1187
pre_xx_34981,chr8,127647014,127648027,1013
pre_xx_34982,chr8,127733950,127734318,368
pre_xx_34983,chr8,127734665,127736568,1903
pre_xx_34984,chr8,127736760,127739027,2267
pre_xx_34985,chr8,127753598,127754826,1228
pre_xx_34986,chr8,127793661,127795954,2293
pre_xx_34987,chr8,127802263,127803012,749
pre_xx_34988,chr8,127809405,127810712,1307
pre_xx_34989,chr8,127817607,127818821,1214
pre_xx_34990,chr8,127853780,127854939,1159
pre_xx_34991,chr8,127866239,127867700,1461
pre_xx_34992,chr8,127917212,127918408,1196
pre_xx_34993,chr8,127927972,127929495,1523
pre_xx_34994,chr8,127937484,127938773,1289
pre_xx_34995,chr8,127975356,127976994,1638
pre_xx_34996,chr8,128013930,128014978,1048
pre_xx_34997,chr8,128018278,128019205,927
pre_xx_34998,chr8,128030575,128031551,976
pre_xx_34999,chr8,128036796,128037843,1047
pre_xx_35000,chr8,128048070,128049704,1634
pre_xx_35001,chr8,128090791,128092176,1385
pre_xx_35002,chr8,128176224,128177802,1578
pre_xx_35003,chr8,128268880,128269848,968
pre_xx_35004,chr8,128353124,128354437,1313
pre_xx_35005,chr8,128793898,128795361,1463
pre_xx_35006,chr8,129535253,129536736,1483
pre_xx_35007,chr8,129681626,129682476,850
pre_xx_35008,chr8,129938362,129940495,2133
pre_xx_35009,chr8,129983444,129984667,1223
pre_xx_35010,chr8,130015194,130017163,1969
pre_xx_35011,chr8,130357141,130359194,2053
pre_xx_35012,chr8,130410298,130410957,659
pre_xx_35013,chr8,130442481,130444223,1742
pre_xx_35014,chr8,131039670,131042609,2939
pre_xx_35015,chr8,131841117,131842553,1436
pre_xx_35016,chr8,131903410,131905204,1794
pre_xx_35017,chr8,131912871,131914338,1467
pre_xx_35018,chr8,131973694,131974528,834
pre_xx_35019,chr8,132200282,132201453,1171
pre_xx_35020,chr8,132479646,132481581,1935
pre_xx_35021,chr8,132674553,132676191,1638
pre_xx_35022,chr8,132774685,132776403,1718
pre_xx_35023,chr8,132897763,132899821,2058
pre_xx_35024,chr8,133102214,133103405,1191
pre_xx_35025,chr8,133202301,133203241,940
pre_xx_35026,chr8,133209096,133209655,559
pre_xx_35027,chr8,133237028,133238845,1817
pre_xx_35028,chr8,133248710,133250293,1583
pre_xx_35029,chr8,133295230,133298423,3193
pre_xx_35030,chr8,133375028,133376006,978
pre_xx_35031,chr8,133448039,133448917,878
pre_xx_35032,chr8,133449301,133450059,758
pre_xx_35033,chr8,133453107,133453855,748
pre_xx_35034,chr8,133455233,133456057,824
pre_xx_35035,chr8,133539709,133540687,978
pre_xx_35036,chr8,133559259,133560713,1454
pre_xx_35037,chr8,133569503,133573168,3665
pre_xx_35038,chr8,134456666,134458020,1354
pre_xx_35039,chr8,134595409,134596137,728
pre_xx_35040,chr8,134684376,134686115,1739
pre_xx_35041,chr8,134690946,134691634,688
pre_xx_35042,chr8,134712024,134713694,1670
pre_xx_35043,chr8,134830932,134833172,2240
pre_xx_35044,chr8,134905333,134906453,1120
pre_xx_35045,chr8,134959976,134961218,1242
pre_xx_35046,chr8,135212444,135213650,1206
pre_xx_35047,chr8,135456466,135459077,2611
pre_xx_35048,chr8,135514978,135516478,1500
pre_xx_35049,chr8,135599092,135600847,1755
pre_xx_35050,chr8,136177256,136178375,1119
pre_xx_35051,chr8,136259085,136260439,1354
pre_xx_35052,chr8,137145545,137147277,1732
pre_xx_35053,chr8,137492333,137493206,873
pre_xx_35054,chr8,137505362,137506500,1138
pre_xx_35055,chr8,138082073,138083356,1283
pre_xx_35056,chr8,138193244,138194682,1438
pre_xx_35057,chr8,138496300,138497936,1636
pre_xx_35058,chr8,138743722,138744568,846
pre_xx_35059,chr8,138766649,138768171,1522
pre_xx_35060,chr8,138913205,138914767,1562
pre_xx_35061,chr8,138952822,138953895,1073
pre_xx_35062,chr8,138964649,138965687,1038
pre_xx_35063,chr8,139630326,139631583,1257
pre_xx_35064,chr8,139702210,139703496,1286
pre_xx_35065,chr8,139703673,139704481,808
pre_xx_35066,chr8,139705062,139706243,1181
pre_xx_35067,chr8,139719881,139720682,801
pre_xx_35068,chr8,139765636,139766368,732
pre_xx_35069,chr8,139804993,139807206,2213
pre_xx_35070,chr8,139841646,139842847,1201
pre_xx_35071,chr8,139854760,139857319,2559
pre_xx_35072,chr8,139862198,139864689,2491
pre_xx_35073,chr8,139924552,139925434,882
pre_xx_35074,chr8,140097536,140099907,2371
pre_xx_35075,chr8,140100208,140100987,779
pre_xx_35076,chr8,140188130,140190036,1906
pre_xx_35077,chr8,140237978,140240458,2480
pre_xx_35078,chr8,140340006,140341027,1021
pre_xx_35079,chr8,140348359,140350012,1653
pre_xx_35080,chr8,140456563,140458655,2092
pre_xx_35081,chr8,140463652,140465279,1627
pre_xx_35082,chr8,140469228,140469783,555
pre_xx_35083,chr8,140507046,140507749,703
pre_xx_35084,chr8,140510330,140512483,2153
pre_xx_35085,chr8,140539912,140540833,921
pre_xx_35086,chr8,140596689,140599098,2409
pre_xx_35087,chr8,140608023,140609718,1695
pre_xx_35088,chr8,140618633,140620031,1398
pre_xx_35089,chr8,140633657,140636546,2889
pre_xx_35090,chr8,140637319,140637715,396
pre_xx_35091,chr8,140717646,140718777,1131
pre_xx_35092,chr8,140728516,140729863,1347
pre_xx_35093,chr8,140834256,140835225,969
pre_xx_35094,chr8,140920817,140922480,1663
pre_xx_35095,chr8,140999626,141002450,2824
pre_xx_35096,chr8,141004673,141005372,699
pre_xx_35097,chr8,141072834,141074589,1755
pre_xx_35098,chr8,141083929,141085195,1266
pre_xx_35099,chr8,141116535,141118424,1889
pre_xx_35100,chr8,141127338,141130145,2807
pre_xx_35101,chr8,141205188,141206945,1757
pre_xx_35102,chr8,141220156,141221530,1374
pre_xx_35103,chr8,141241654,141242916,1262
pre_xx_35104,chr8,141264097,141266830,2733
pre_xx_35105,chr8,141276369,141277119,750
pre_xx_35106,chr8,141278214,141280241,2027
pre_xx_35107,chr8,141290101,141290806,705
pre_xx_35108,chr8,141298709,141299787,1078
pre_xx_35109,chr8,141305402,141306484,1082
pre_xx_35110,chr8,141306978,141307686,708
pre_xx_35111,chr8,141307724,141309056,1332
pre_xx_35112,chr8,141313202,141313748,546
pre_xx_35113,chr8,141316140,141317081,941
pre_xx_35114,chr8,141326871,141327754,883
pre_xx_35115,chr8,141346564,141347343,779
pre_xx_35116,chr8,141351426,141352980,1554
pre_xx_35117,chr8,141358099,141360797,2698
pre_xx_35118,chr8,141386448,141387138,690
pre_xx_35119,chr8,141391286,141392893,1607
pre_xx_35120,chr8,141398779,141399691,912
pre_xx_35121,chr8,141401064,141401979,915
pre_xx_35122,chr8,141409421,141410414,993
pre_xx_35123,chr8,141412932,141413610,678
pre_xx_35124,chr8,141414480,141416161,1681
pre_xx_35125,chr8,141417327,141418235,908
pre_xx_35126,chr8,141420438,141420999,561
pre_xx_35127,chr8,141430498,141431969,1471
pre_xx_35128,chr8,141446190,141447077,887
pre_xx_35129,chr8,141516420,141516960,540
pre_xx_35130,chr8,141551611,141552971,1360
pre_xx_35131,chr8,141595698,141597307,1609
pre_xx_35132,chr8,141629063,141630450,1387
pre_xx_35133,chr8,141680864,141682472,1608
pre_xx_35134,chr8,141715602,141716429,827
pre_xx_35135,chr8,141726797,141728066,1269
pre_xx_35136,chr8,141768414,141769456,1042
pre_xx_35137,chr8,141770732,141771927,1195
pre_xx_35138,chr8,141795866,141797224,1358
pre_xx_35139,chr8,141860530,141861519,989
pre_xx_35140,chr8,141879162,141880433,1271
pre_xx_35141,chr8,142009755,142010952,1197
pre_xx_35142,chr8,142043429,142044896,1467
pre_xx_35143,chr8,142124505,142125715,1210
pre_xx_35144,chr8,142209828,142211215,1387
pre_xx_35145,chr8,142339071,142340511,1440
pre_xx_35146,chr8,142401872,142404300,2428
pre_xx_35147,chr8,142451845,142453318,1473
pre_xx_35148,chr8,142463858,142465382,1524
pre_xx_35149,chr8,142471749,142472412,663
pre_xx_35150,chr8,142475040,142476205,1165
pre_xx_35151,chr8,142496219,142497863,1644
pre_xx_35152,chr8,142509708,142511735,2027
pre_xx_35153,chr8,142530270,142531984,1714
pre_xx_35154,chr8,142545076,142546029,953
pre_xx_35155,chr8,142566505,142567620,1115
pre_xx_35156,chr8,142598324,142598881,557
pre_xx_35157,chr8,142600881,142602033,1152
pre_xx_35158,chr8,142602746,142603298,552
pre_xx_35159,chr8,142608723,142609487,764
pre_xx_35160,chr8,142613971,142615811,1840
pre_xx_35161,chr8,142623746,142624497,751
pre_xx_35162,chr8,142631873,142632494,621
pre_xx_35163,chr8,142636791,142637451,660
pre_xx_35164,chr8,142658706,142660087,1381
pre_xx_35165,chr8,142661349,142663017,1668
pre_xx_35166,chr8,142668704,142670412,1708
pre_xx_35167,chr8,142726153,142728132,1979
pre_xx_35168,chr8,142738199,142740004,1805
pre_xx_35169,chr8,142776753,142778064,1311
pre_xx_35170,chr8,142815809,142816982,1173
pre_xx_35171,chr8,142864693,142865924,1231
pre_xx_35172,chr8,142943401,142944089,688
pre_xx_35173,chr8,142991414,142992856,1442
pre_xx_35174,chr8,143000666,143001983,1317
pre_xx_35175,chr8,143015819,143016529,710
pre_xx_35176,chr8,143017296,143019858,2562
pre_xx_35177,chr8,143023719,143025183,1464
pre_xx_35178,chr8,143025900,143026728,828
pre_xx_35179,chr8,143038364,143040015,1651
pre_xx_35180,chr8,143047472,143048632,1160
pre_xx_35181,chr8,143068576,143069901,1325
pre_xx_35182,chr8,143079586,143081574,1988
pre_xx_35183,chr8,143130559,143131612,1053
pre_xx_35184,chr8,143150464,143152626,2162
pre_xx_35185,chr8,143159224,143160910,1686
pre_xx_35186,chr8,143170270,143171380,1110
pre_xx_35187,chr8,143218279,143219191,912
pre_xx_35188,chr8,143245638,143247826,2188
pre_xx_35189,chr8,143266206,143268310,2104
pre_xx_35190,chr8,143275683,143276943,1260
pre_xx_35191,chr8,143278488,143279286,798
pre_xx_35192,chr8,143281216,143281942,726
pre_xx_35193,chr8,143290367,143292083,1716
pre_xx_35194,chr8,143333766,143335426,1660
pre_xx_35195,chr8,143344515,143346313,1798
pre_xx_35196,chr8,143367797,143370140,2343
pre_xx_35197,chr8,143383371,143384154,783
pre_xx_35198,chr8,143384850,143386183,1333
pre_xx_35199,chr8,143420342,143422296,1954
pre_xx_35200,chr8,143428971,143429907,936
pre_xx_35201,chr8,143430217,143431712,1495
pre_xx_35202,chr8,143466127,143467918,1791
pre_xx_35203,chr8,143478861,143480298,1437
pre_xx_35204,chr8,143488961,143490323,1362
pre_xx_35205,chr8,143499352,143500894,1542
pre_xx_35206,chr8,143502001,143503236,1235
pre_xx_35207,chr8,143511981,143513259,1278
pre_xx_35208,chr8,143515587,143517035,1448
pre_xx_35209,chr8,143517221,143518702,1481
pre_xx_35210,chr8,143531329,143533125,1796
pre_xx_35211,chr8,143540639,143541982,1343
pre_xx_35212,chr8,143552896,143554149,1253
pre_xx_35213,chr8,143558001,143559145,1144
pre_xx_35214,chr8,143568357,143569785,1428
pre_xx_35215,chr8,143571371,143572007,636
pre_xx_35216,chr8,143577478,143578863,1385
pre_xx_35217,chr8,143596079,143596559,480
pre_xx_35218,chr8,143596693,143599339,2646
pre_xx_35219,chr8,143608070,143610133,2063
pre_xx_35220,chr8,143616261,143618346,2085
pre_xx_35221,chr8,143635117,143637396,2279
pre_xx_35222,chr8,143683779,143685269,1490
pre_xx_35223,chr8,143715979,143717963,1984
pre_xx_35224,chr8,143732951,143734300,1349
pre_xx_35225,chr8,143739118,143741052,1934
pre_xx_35226,chr8,143760565,143761440,875
pre_xx_35227,chr8,143770327,143772420,2093
pre_xx_35228,chr8,143790252,143791338,1086
pre_xx_35229,chr8,143792272,143793205,933
pre_xx_35230,chr8,143801592,143802689,1097
pre_xx_35231,chr8,143814302,143816457,2155
pre_xx_35232,chr8,143823212,143824215,1003
pre_xx_35233,chr8,143828337,143829908,1571
pre_xx_35234,chr8,143840175,143842076,1901
pre_xx_35235,chr8,143876707,143878918,2211
pre_xx_35236,chr8,143884917,143886623,1706
pre_xx_35237,chr8,143902317,143904216,1899
pre_xx_35238,chr8,143939513,143940750,1237
pre_xx_35239,chr8,143941504,143944349,2845
pre_xx_35240,chr8,143950753,143954065,3312
pre_xx_35241,chr8,143956406,143957292,886
pre_xx_35242,chr8,143973097,143973933,836
pre_xx_35243,chr8,143974370,143975165,795
pre_xx_35244,chr8,143976022,143977656,1634
pre_xx_35245,chr8,143982431,143983756,1325
pre_xx_35246,chr8,143985727,143986595,868
pre_xx_35247,chr8,143989621,143991162,1541
pre_xx_35248,chr8,144019080,144020696,1616
pre_xx_35249,chr8,144048329,144050201,1872
pre_xx_35250,chr8,144051807,144052569,762
pre_xx_35251,chr8,144060116,144061163,1047
pre_xx_35252,chr8,144078026,144079569,1543
pre_xx_35253,chr8,144082123,144083300,1177
pre_xx_35254,chr8,144094272,144096304,2032
pre_xx_35255,chr8,144103104,144105065,1961
pre_xx_35256,chr8,144108052,144108521,469
pre_xx_35257,chr8,144109320,144110004,684
pre_xx_35258,chr8,144125664,144126960,1296
pre_xx_35259,chr8,144136927,144138707,1780
pre_xx_35260,chr8,144146701,144148852,2151
pre_xx_35261,chr8,144184513,144186160,1647
pre_xx_35262,chr8,144203205,144203718,513
pre_xx_35263,chr8,144254798,144256045,1247
pre_xx_35264,chr8,144265164,144267121,1957
pre_xx_35265,chr8,144270349,144271559,1210
pre_xx_35266,chr8,144272764,144273476,712
pre_xx_35267,chr8,144273581,144275354,1773
pre_xx_35268,chr8,144290501,144292727,2226
pre_xx_35269,chr8,144306548,144307469,921
pre_xx_35270,chr8,144313167,144315300,2133
pre_xx_35271,chr8,144315560,144316523,963
pre_xx_35272,chr8,144325567,144327606,2039
pre_xx_35273,chr8,144332403,144333417,1014
pre_xx_35274,chr8,144336418,144338923,2505
pre_xx_35275,chr8,144354207,144354829,622
pre_xx_35276,chr8,144357454,144359479,2025
pre_xx_35277,chr8,144372478,144375818,3340
pre_xx_35278,chr8,144401324,144402321,997
pre_xx_35279,chr8,144408479,144409942,1463
pre_xx_35280,chr8,144410418,144411008,590
pre_xx_35281,chr8,144412751,144414109,1358
pre_xx_35282,chr8,144414323,144415873,1550
pre_xx_35283,chr8,144427313,144429007,1694
pre_xx_35284,chr8,144438428,144439740,1312
pre_xx_35285,chr8,144443218,144445304,2086
pre_xx_35286,chr8,144462237,144463168,931
pre_xx_35287,chr8,144464911,144467146,2235
pre_xx_35288,chr8,144467546,144467917,371
pre_xx_35289,chr8,144472044,144473172,1128
pre_xx_35290,chr8,144477483,144479379,1896
pre_xx_35291,chr8,144500145,144502892,2747
pre_xx_35292,chr8,144508147,144510012,1865
pre_xx_35293,chr8,144516852,144518467,1615
pre_xx_35294,chr8,144522051,144523347,1296
pre_xx_35295,chr8,144524382,144524957,575
pre_xx_35296,chr8,144526593,144527930,1337
pre_xx_35297,chr8,144528336,144529618,1282
pre_xx_35298,chr8,144579702,144582584,2882
pre_xx_35299,chr8,144670930,144672634,1704
pre_xx_35300,chr8,144683984,144686671,2687
pre_xx_35301,chr8,144699268,144701144,1876
pre_xx_35302,chr8,144754151,144756195,2044
pre_xx_35303,chr8,144785696,144787743,2047
pre_xx_35304,chr8,144791532,144793634,2102
pre_xx_35305,chr8,144798273,144800098,1825
pre_xx_35306,chr8,144819395,144820488,1093
pre_xx_35307,chr8,144826058,144828035,1977
pre_xx_35308,chr8,144852031,144853656,1625
pre_xx_35309,chr8,144860002,144861597,1595
pre_xx_35310,chr8,144900055,144902902,2847
pre_xx_35311,chr8,144949664,144951088,1424
pre_xx_35312,chr8,145001398,145003758,2360
pre_xx_35313,chr8,145004336,145005691,1355
pre_xx_35314,chr8,145026555,145028409,1854
pre_xx_35315,chr8,145050316,145052842,2526
pre_xx_35316,chr8,145061007,145063501,2494
pre_xx_35317,chr8,145069100,145071125,2025
pre_xx_35318,chr9,72353,74357,2004
pre_xx_35319,chr9,113060,115189,2129
pre_xx_35320,chr9,213987,215523,1536
pre_xx_35321,chr9,345883,347018,1135
pre_xx_35322,chr9,468940,471147,2207
pre_xx_35323,chr9,503333,505921,2588
pre_xx_35324,chr9,546084,547510,1426
pre_xx_35325,chr9,613630,614292,662
pre_xx_35326,chr9,624783,626108,1325
pre_xx_35327,chr9,626140,628212,2072
pre_xx_35328,chr9,692854,695373,2519
pre_xx_35329,chr9,706503,707480,977
pre_xx_35330,chr9,708221,709435,1214
pre_xx_35331,chr9,722838,723980,1142
pre_xx_35332,chr9,840963,842295,1332
pre_xx_35333,chr9,842475,843404,929
pre_xx_35334,chr9,866259,867439,1180
pre_xx_35335,chr9,877659,878782,1123
pre_xx_35336,chr9,893624,894359,735
pre_xx_35337,chr9,934899,936122,1223
pre_xx_35338,chr9,971240,972827,1587
pre_xx_35339,chr9,976108,977936,1828
pre_xx_35340,chr9,1008921,1009493,572
pre_xx_35341,chr9,1042116,1043042,926
pre_xx_35342,chr9,1049690,1050585,895
pre_xx_35343,chr9,1051425,1052355,930
pre_xx_35344,chr9,1082891,1084036,1145
pre_xx_35345,chr9,1953335,1954016,681
pre_xx_35346,chr9,1979482,1981034,1552
pre_xx_35347,chr9,2014219,2018163,3944
pre_xx_35348,chr9,2022895,2024571,1676
pre_xx_35349,chr9,2157290,2158992,1702
pre_xx_35350,chr9,2159568,2160255,687
pre_xx_35351,chr9,2233729,2234993,1264
pre_xx_35352,chr9,2241086,2243323,2237
pre_xx_35353,chr9,2489572,2490508,936
pre_xx_35354,chr9,2492774,2494045,1271
pre_xx_35355,chr9,2620805,2623893,3088
pre_xx_35356,chr9,2741122,2741906,784
pre_xx_35357,chr9,2770729,2772148,1419
pre_xx_35358,chr9,2809448,2810534,1086
pre_xx_35359,chr9,2843033,2844663,1630
pre_xx_35360,chr9,3180592,3181989,1397
pre_xx_35361,chr9,3524431,3527487,3056
pre_xx_35362,chr9,3731851,3734867,3016
pre_xx_35363,chr9,4297088,4300318,3230
pre_xx_35364,chr9,4489408,4491871,2463
pre_xx_35365,chr9,4661239,4663109,1870
pre_xx_35366,chr9,4666015,4666731,716
pre_xx_35367,chr9,4678142,4680845,2703
pre_xx_35368,chr9,4740280,4742189,1909
pre_xx_35369,chr9,4791859,4794161,2302
pre_xx_35370,chr9,4797928,4799267,1339
pre_xx_35371,chr9,4828146,4829447,1301
pre_xx_35372,chr9,4855223,4856722,1499
pre_xx_35373,chr9,4984188,4986478,2290
pre_xx_35374,chr9,5436933,5438649,1716
pre_xx_35375,chr9,5449712,5451082,1370
pre_xx_35376,chr9,5628084,5630492,2408
pre_xx_35377,chr9,5799224,5800202,978
pre_xx_35378,chr9,5831371,5833798,2427
pre_xx_35379,chr9,5841745,5845179,3434
pre_xx_35380,chr9,5862701,5863600,899
pre_xx_35381,chr9,5885664,5886691,1027
pre_xx_35382,chr9,6006812,6008811,1999
pre_xx_35383,chr9,6014616,6016117,1501
pre_xx_35384,chr9,6079824,6080845,1021
pre_xx_35385,chr9,6411920,6414552,2632
pre_xx_35386,chr9,6530024,6530993,969
pre_xx_35387,chr9,6644138,6646471,2333
pre_xx_35388,chr9,6680500,6682249,1749
pre_xx_35389,chr9,6715251,6716639,1388
pre_xx_35390,chr9,6756707,6759541,2834
pre_xx_35391,chr9,7052421,7053112,691
pre_xx_35392,chr9,7058212,7059301,1089
pre_xx_35393,chr9,7785049,7786100,1051
pre_xx_35394,chr9,7790517,7792198,1681
pre_xx_35395,chr9,7798836,7800235,1399
pre_xx_35396,chr9,8348638,8350382,1744
pre_xx_35397,chr9,8856941,8859073,2132
pre_xx_35398,chr9,8894775,8896120,1345
pre_xx_35399,chr9,10232142,10233219,1077
pre_xx_35400,chr9,10611629,10613862,2233
pre_xx_35401,chr9,11135395,11136394,999
pre_xx_35402,chr9,12413893,12415435,1542
pre_xx_35403,chr9,12774791,12776816,2025
pre_xx_35404,chr9,12813930,12815076,1146
pre_xx_35405,chr9,12862572,12864055,1483
pre_xx_35406,chr9,13033963,13034880,917
pre_xx_35407,chr9,13158226,13159393,1167
pre_xx_35408,chr9,13277705,13279866,2161
pre_xx_35409,chr9,13586488,13589080,2592
pre_xx_35410,chr9,13971430,13972782,1352
pre_xx_35411,chr9,14029753,14031455,1702
pre_xx_35412,chr9,14096026,14098602,2576
pre_xx_35413,chr9,14203038,14203734,696
pre_xx_35414,chr9,14250914,14252256,1342
pre_xx_35415,chr9,14270036,14271929,1893
pre_xx_35416,chr9,14312872,14316468,3596
pre_xx_35417,chr9,14321852,14323232,1380
pre_xx_35418,chr9,14346476,14349143,2667
pre_xx_35419,chr9,14353183,14353986,803
pre_xx_35420,chr9,14692238,14693929,1691
pre_xx_35421,chr9,14749370,14751206,1836
pre_xx_35422,chr9,14909475,14911398,1923
pre_xx_35423,chr9,14941230,14942578,1348
pre_xx_35424,chr9,14992430,14994277,1847
pre_xx_35425,chr9,15099795,15100780,985
pre_xx_35426,chr9,15134798,15135722,924
pre_xx_35427,chr9,15305709,15307878,2169
pre_xx_35428,chr9,15422030,15423952,1922
pre_xx_35429,chr9,15509808,15511618,1810
pre_xx_35430,chr9,15551871,15553770,1899
pre_xx_35431,chr9,15867341,15868477,1136
pre_xx_35432,chr9,16154096,16154982,886
pre_xx_35433,chr9,16191357,16193805,2448
pre_xx_35434,chr9,16308729,16311092,2363
pre_xx_35435,chr9,16461180,16462109,929
pre_xx_35436,chr9,16514957,16516517,1560
pre_xx_35437,chr9,16543035,16544115,1080
pre_xx_35438,chr9,16570999,16572617,1618
pre_xx_35439,chr9,16624481,16626218,1737
pre_xx_35440,chr9,16653197,16654488,1291
pre_xx_35441,chr9,16704143,16705637,1494
pre_xx_35442,chr9,16708411,16709537,1126
pre_xx_35443,chr9,16721588,16722386,798
pre_xx_35444,chr9,16726582,16728579,1997
pre_xx_35445,chr9,16828349,16829412,1063
pre_xx_35446,chr9,16867847,16868275,428
pre_xx_35447,chr9,16869345,16872327,2982
pre_xx_35448,chr9,17134244,17136040,1796
pre_xx_35449,chr9,17578463,17579826,1363
pre_xx_35450,chr9,17905275,17908353,3078
pre_xx_35451,chr9,18393075,18394252,1177
pre_xx_35452,chr9,18437338,18438939,1601
pre_xx_35453,chr9,18472667,18475183,2516
pre_xx_35454,chr9,18854978,18856593,1615
pre_xx_35455,chr9,18947351,18948344,993
pre_xx_35456,chr9,19048458,19050817,2359
pre_xx_35457,chr9,19101791,19103623,1832
pre_xx_35458,chr9,19104561,19105437,876
pre_xx_35459,chr9,19126586,19129103,2517
pre_xx_35460,chr9,19201609,19202865,1256
pre_xx_35461,chr9,19223490,19224898,1408
pre_xx_35462,chr9,19229696,19231954,2258
pre_xx_35463,chr9,19232150,19233059,909
pre_xx_35464,chr9,19379134,19380685,1551
pre_xx_35465,chr9,19408106,19410011,1905
pre_xx_35466,chr9,19456416,19457818,1402
pre_xx_35467,chr9,19464212,19465402,1190
pre_xx_35468,chr9,19470875,19472244,1369
pre_xx_35469,chr9,19492875,19494114,1239
pre_xx_35470,chr9,19787903,19789358,1455
pre_xx_35471,chr9,19925668,19927015,1347
pre_xx_35472,chr9,19934121,19935042,921
pre_xx_35473,chr9,20027904,20029348,1444
pre_xx_35474,chr9,20354830,20357426,2596
pre_xx_35475,chr9,20620308,20623631,3323
pre_xx_35476,chr9,20682989,20685476,2487
pre_xx_35477,chr9,20940278,20941416,1138
pre_xx_35478,chr9,20980526,20982030,1504
pre_xx_35479,chr9,21030249,21032212,1963
pre_xx_35480,chr9,21334322,21335679,1357
pre_xx_35481,chr9,21395787,21396662,875
pre_xx_35482,chr9,21558603,21560441,1838
pre_xx_35483,chr9,21801567,21803976,2409
pre_xx_35484,chr9,21812848,21814222,1374
pre_xx_35485,chr9,21964825,21965983,1158
pre_xx_35486,chr9,21974333,21975900,1567
pre_xx_35487,chr9,21993896,21996206,2310
pre_xx_35488,chr9,22004831,22006392,1561
pre_xx_35489,chr9,22008525,22009640,1115
pre_xx_35490,chr9,22446312,22448156,1844
pre_xx_35491,chr9,23555323,23556835,1512
pre_xx_35492,chr9,23820487,23822067,1580
pre_xx_35493,chr9,23824305,23825335,1030
pre_xx_35494,chr9,23825767,23826812,1045
pre_xx_35495,chr9,23829566,23830509,943
pre_xx_35496,chr9,23849458,23851668,2210
pre_xx_35497,chr9,24899969,24901923,1954
pre_xx_35498,chr9,25677018,25678987,1969
pre_xx_35499,chr9,26522951,26525100,2149
pre_xx_35500,chr9,26891412,26893632,2220
pre_xx_35501,chr9,26945590,26947915,2325
pre_xx_35502,chr9,26955169,26957147,1978
pre_xx_35503,chr9,27332995,27333836,841
pre_xx_35504,chr9,27367416,27369144,1728
pre_xx_35505,chr9,27386451,27387105,654
pre_xx_35506,chr9,27460084,27461100,1016
pre_xx_35507,chr9,27527578,27529982,2404
pre_xx_35508,chr9,27572080,27574497,2417
pre_xx_35509,chr9,29211549,29215318,3769
pre_xx_35510,chr9,31393654,31394518,864
pre_xx_35511,chr9,31776051,31777264,1213
pre_xx_35512,chr9,32378349,32379619,1270
pre_xx_35513,chr9,32383882,32385291,1409
pre_xx_35514,chr9,32524812,32526798,1986
pre_xx_35515,chr9,32550110,32552814,2704
pre_xx_35516,chr9,32571924,32573536,1612
pre_xx_35517,chr9,32580646,32581904,1258
pre_xx_35518,chr9,32722980,32724461,1481
pre_xx_35519,chr9,32782479,32784110,1631
pre_xx_35520,chr9,32942542,32943677,1135
pre_xx_35521,chr9,32950391,32951113,722
pre_xx_35522,chr9,32954460,32956993,2533
pre_xx_35523,chr9,32991882,32993357,1475
pre_xx_35524,chr9,33000494,33002086,1592
pre_xx_35525,chr9,33024200,33026249,2049
pre_xx_35526,chr9,33043542,33045011,1469
pre_xx_35527,chr9,33075852,33077389,1537
pre_xx_35528,chr9,33081099,33081638,539
pre_xx_35529,chr9,33139266,33140267,1001
pre_xx_35530,chr9,33150802,33151776,974
pre_xx_35531,chr9,33158636,33160080,1444
pre_xx_35532,chr9,33160857,33161908,1051
pre_xx_35533,chr9,33163476,33163828,352
pre_xx_35534,chr9,33164171,33164781,610
pre_xx_35535,chr9,33165414,33166041,627
pre_xx_35536,chr9,33166260,33168352,2092
pre_xx_35537,chr9,33172095,33172759,664
pre_xx_35538,chr9,33186928,33188306,1378
pre_xx_35539,chr9,33263231,33265512,2281
pre_xx_35540,chr9,33289045,33291184,2139
pre_xx_35541,chr9,33354269,33355550,1281
pre_xx_35542,chr9,33374708,33376552,1844
pre_xx_35543,chr9,33390941,33392097,1156
pre_xx_35544,chr9,33403163,33405089,1926
pre_xx_35545,chr9,33445200,33448042,2842
pre_xx_35546,chr9,33452624,33453404,780
pre_xx_35547,chr9,33473101,33474753,1652
pre_xx_35548,chr9,33510262,33511308,1046
pre_xx_35549,chr9,33523146,33524954,1808
pre_xx_35550,chr9,33603751,33605462,1711
pre_xx_35551,chr9,33676311,33677574,1263
pre_xx_35552,chr9,33721605,33722458,853
pre_xx_35553,chr9,33750228,33751690,1462
pre_xx_35554,chr9,33816346,33818893,2547
pre_xx_35555,chr9,33878162,33879307,1145
pre_xx_35556,chr9,34048028,34050662,2634
pre_xx_35557,chr9,34125494,34127377,1883
pre_xx_35558,chr9,34178175,34180490,2315
pre_xx_35559,chr9,34328132,34330063,1931
pre_xx_35560,chr9,34370439,34371764,1325
pre_xx_35561,chr9,34376088,34377672,1584
pre_xx_35562,chr9,34379365,34380187,822
pre_xx_35563,chr9,34380401,34381619,1218
pre_xx_35564,chr9,34456950,34459186,2236
pre_xx_35565,chr9,34501590,34503256,1666
pre_xx_35566,chr9,34521937,34523648,1711
pre_xx_35567,chr9,34547574,34548360,786
pre_xx_35568,chr9,34554217,34555362,1145
pre_xx_35569,chr9,34557885,34561324,3439
pre_xx_35570,chr9,34575857,34578841,2984
pre_xx_35571,chr9,34588488,34590798,2310
pre_xx_35572,chr9,34591195,34592456,1261
pre_xx_35573,chr9,34611037,34613138,2101
pre_xx_35574,chr9,34619749,34620738,989
pre_xx_35575,chr9,34628541,34629381,840
pre_xx_35576,chr9,34633753,34634214,461
pre_xx_35577,chr9,34636896,34638393,1497
pre_xx_35578,chr9,34646088,34647372,1284
pre_xx_35579,chr9,34651748,34652444,696
pre_xx_35580,chr9,34653003,34655200,2197
pre_xx_35581,chr9,34664310,34666545,2235
pre_xx_35582,chr9,34700861,34702462,1601
pre_xx_35583,chr9,34809300,34810523,1223
pre_xx_35584,chr9,34933822,34934918,1096
pre_xx_35585,chr9,34939494,34940980,1486
pre_xx_35586,chr9,34957418,34959081,1663
pre_xx_35587,chr9,34983432,34984384,952
pre_xx_35588,chr9,34988438,34990516,2078
pre_xx_35589,chr9,34993493,34994696,1203
pre_xx_35590,chr9,35035655,35036745,1090
pre_xx_35591,chr9,35071304,35073096,1792
pre_xx_35592,chr9,35078966,35080688,1722
pre_xx_35593,chr9,35095790,35096951,1161
pre_xx_35594,chr9,35102243,35103798,1555
pre_xx_35595,chr9,35110453,35111933,1480
pre_xx_35596,chr9,35113930,35114663,733
pre_xx_35597,chr9,35115503,35117335,1832
pre_xx_35598,chr9,35161302,35163014,1712
pre_xx_35599,chr9,35488551,35491322,2771
pre_xx_35600,chr9,35517832,35518596,764
pre_xx_35601,chr9,35537823,35539401,1578
pre_xx_35602,chr9,35552547,35554307,1760
pre_xx_35603,chr9,35603493,35606334,2841
pre_xx_35604,chr9,35616014,35617625,1611
pre_xx_35605,chr9,35645752,35647558,1806
pre_xx_35606,chr9,35656941,35659078,2137
pre_xx_35607,chr9,35664440,35665609,1169
pre_xx_35608,chr9,35675111,35676394,1283
pre_xx_35609,chr9,35689160,35691491,2331
pre_xx_35610,chr9,35699873,35700487,614
pre_xx_35611,chr9,35727658,35728527,869
pre_xx_35612,chr9,35731632,35733484,1852
pre_xx_35613,chr9,35748122,35750070,1948
pre_xx_35614,chr9,35756355,35757860,1505
pre_xx_35615,chr9,35790107,35792347,2240
pre_xx_35616,chr9,35811474,35812418,944
pre_xx_35617,chr9,35814361,35815742,1381
pre_xx_35618,chr9,35825860,35826546,686
pre_xx_35619,chr9,35828499,35830040,1541
pre_xx_35620,chr9,35844023,35846894,2871
pre_xx_35621,chr9,35849637,35850225,588
pre_xx_35622,chr9,35902508,35903346,838
pre_xx_35623,chr9,35905628,35906522,894
pre_xx_35624,chr9,35906660,35908710,2050
pre_xx_35625,chr9,35909171,35910172,1001
pre_xx_35626,chr9,35914329,35915028,699
pre_xx_35627,chr9,35923462,35924840,1378
pre_xx_35628,chr9,35945276,35946081,805
pre_xx_35629,chr9,36036145,36038038,1893
pre_xx_35630,chr9,36090535,36092047,1512
pre_xx_35631,chr9,36134732,36137925,3193
pre_xx_35632,chr9,36148425,36149522,1097
pre_xx_35633,chr9,36154086,36155097,1011
pre_xx_35634,chr9,36162932,36164122,1190
pre_xx_35635,chr9,36165815,36166867,1052
pre_xx_35636,chr9,36189975,36191937,1962
pre_xx_35637,chr9,36207069,36208014,945
pre_xx_35638,chr9,36210317,36211188,871
pre_xx_35639,chr9,36257676,36259073,1397
pre_xx_35640,chr9,36276349,36277498,1149
pre_xx_35641,chr9,36399623,36401500,1877
pre_xx_35642,chr9,36485688,36488671,2983
pre_xx_35643,chr9,36571787,36573873,2086
pre_xx_35644,chr9,36597406,36598999,1593
pre_xx_35645,chr9,36747998,36748845,847
pre_xx_35646,chr9,36818015,36819549,1534
pre_xx_35647,chr9,36847867,36848787,920
pre_xx_35648,chr9,36947725,36948849,1124
pre_xx_35649,chr9,36985488,36988141,2653
pre_xx_35650,chr9,36995090,36996330,1240
pre_xx_35651,chr9,37000990,37003150,2160
pre_xx_35652,chr9,37027070,37028037,967
pre_xx_35653,chr9,37033960,37034671,711
pre_xx_35654,chr9,37036352,37038169,1817
pre_xx_35655,chr9,37079199,37080643,1444
pre_xx_35656,chr9,37119740,37121403,1663
pre_xx_35657,chr9,37414784,37415566,782
pre_xx_35658,chr9,37421922,37423400,1478
pre_xx_35659,chr9,37423963,37424976,1013
pre_xx_35660,chr9,37464498,37466739,2241
pre_xx_35661,chr9,37471931,37472915,984
pre_xx_35662,chr9,37482194,37482625,431
pre_xx_35663,chr9,37485275,37486984,1709
pre_xx_35664,chr9,37575376,37576793,1417
pre_xx_35665,chr9,37591734,37592967,1233
pre_xx_35666,chr9,37649922,37651758,1836
pre_xx_35667,chr9,37667863,37668683,820
pre_xx_35668,chr9,37732034,37733410,1376
pre_xx_35669,chr9,37753304,37754403,1099
pre_xx_35670,chr9,37784239,37785779,1540
pre_xx_35671,chr9,37800058,37801933,1875
pre_xx_35672,chr9,37902842,37905054,2212
pre_xx_35673,chr9,37913404,37914138,734
pre_xx_35674,chr9,37937808,37939040,1232
pre_xx_35675,chr9,37984554,37985638,1084
pre_xx_35676,chr9,38023694,38024889,1195
pre_xx_35677,chr9,38046338,38048148,1810
pre_xx_35678,chr9,38066478,38069998,3520
pre_xx_35679,chr9,38226249,38227925,1676
pre_xx_35680,chr9,38310741,38311894,1153
pre_xx_35681,chr9,38380365,38381619,1254
pre_xx_35682,chr9,38392225,38394067,1842
pre_xx_35683,chr9,38423409,38424803,1394
pre_xx_35684,chr9,38540322,38541087,765
pre_xx_35685,chr9,38619708,38622673,2965
pre_xx_35686,chr9,38689399,38690504,1105
pre_xx_35687,chr9,39463751,39464827,1076
pre_xx_35688,chr9,39809265,39810133,868
pre_xx_35689,chr9,40991397,40992805,1408
pre_xx_35690,chr9,41073805,41075476,1671
pre_xx_35691,chr9,41272844,41274353,1509
pre_xx_35692,chr9,41357991,41359444,1453
pre_xx_35693,chr9,42851305,42853039,1734
pre_xx_35694,chr9,62798830,62802771,3941
pre_xx_35695,chr9,62837274,62838740,1466
pre_xx_35696,chr9,63816536,63818363,1827
pre_xx_35697,chr9,66269770,66270698,928
pre_xx_35698,chr9,66900061,66901421,1360
pre_xx_35699,chr9,68355898,68357585,1687
pre_xx_35700,chr9,68678024,68678967,943
pre_xx_35701,chr9,68704378,68706774,2396
pre_xx_35702,chr9,68779315,68781000,1685
pre_xx_35703,chr9,69035314,69036978,1664
pre_xx_35704,chr9,69043709,69045139,1430
pre_xx_35705,chr9,69120222,69122871,2649
pre_xx_35706,chr9,69173559,69175713,2154
pre_xx_35707,chr9,69207266,69207847,581
pre_xx_35708,chr9,69295951,69297621,1670
pre_xx_35709,chr9,69324410,69326017,1607
pre_xx_35710,chr9,69411971,69413252,1281
pre_xx_35711,chr9,69671146,69673403,2257
pre_xx_35712,chr9,69758099,69760454,2355
pre_xx_35713,chr9,69812027,69813592,1565
pre_xx_35714,chr9,69820201,69821107,906
pre_xx_35715,chr9,70043089,70044978,1889
pre_xx_35716,chr9,70228004,70229914,1910
pre_xx_35717,chr9,70255912,70256778,866
pre_xx_35718,chr9,70257900,70259713,1813
pre_xx_35719,chr9,70406009,70407663,1654
pre_xx_35720,chr9,70411746,70414563,2817
pre_xx_35721,chr9,70418093,70421287,3194
pre_xx_35722,chr9,70600512,70602799,2287
pre_xx_35723,chr9,70867846,70869596,1750
pre_xx_35724,chr9,70954135,70956136,2001
pre_xx_35725,chr9,70962770,70963855,1085
pre_xx_35726,chr9,71249098,71250083,985
pre_xx_35727,chr9,71254888,71256604,1716
pre_xx_35728,chr9,71346144,71347446,1302
pre_xx_35729,chr9,71446019,71447487,1468
pre_xx_35730,chr9,71551994,71552963,969
pre_xx_35731,chr9,71681448,71682405,957
pre_xx_35732,chr9,71741831,71743703,1872
pre_xx_35733,chr9,71758184,71759480,1296
pre_xx_35734,chr9,71767296,71770145,2849
pre_xx_35735,chr9,71909817,71912228,2411
pre_xx_35736,chr9,72149114,72150016,902
pre_xx_35737,chr9,72314573,72316385,1812
pre_xx_35738,chr9,72352739,72354097,1358
pre_xx_35739,chr9,72362649,72362985,336
pre_xx_35740,chr9,72363895,72366095,2200
pre_xx_35741,chr9,72526567,72527975,1408
pre_xx_35742,chr9,72951716,72953561,1845
pre_xx_35743,chr9,73131719,73133326,1607
pre_xx_35744,chr9,74496532,74498998,2466
pre_xx_35745,chr9,74886754,74888050,1296
pre_xx_35746,chr9,74951552,74953807,2255
pre_xx_35747,chr9,75026974,75029251,2277
pre_xx_35748,chr9,75087237,75089695,2458
pre_xx_35749,chr9,75148202,75149261,1059
pre_xx_35750,chr9,75429294,75430537,1243
pre_xx_35751,chr9,75447357,75448697,1340
pre_xx_35752,chr9,75889663,75892975,3312
pre_xx_35753,chr9,76150035,76151588,1553
pre_xx_35754,chr9,76161080,76163614,2534
pre_xx_35755,chr9,76269451,76270745,1294
pre_xx_35756,chr9,76296695,76299110,2415
pre_xx_35757,chr9,76368989,76370059,1070
pre_xx_35758,chr9,76379236,76380031,795
pre_xx_35759,chr9,76393446,76395234,1788
pre_xx_35760,chr9,76455966,76456780,814
pre_xx_35761,chr9,76458818,76460649,1831
pre_xx_35762,chr9,76585519,76587242,1723
pre_xx_35763,chr9,76593807,76594647,840
pre_xx_35764,chr9,76691505,76692607,1102
pre_xx_35765,chr9,76868799,76869418,619
pre_xx_35766,chr9,76904804,76907009,2205
pre_xx_35767,chr9,77011791,77012557,766
pre_xx_35768,chr9,77015982,77016494,512
pre_xx_35769,chr9,77018311,77018986,675
pre_xx_35770,chr9,77020117,77020998,881
pre_xx_35771,chr9,77176610,77178722,2112
pre_xx_35772,chr9,77647297,77649346,2049
pre_xx_35773,chr9,78030098,78032752,2654
pre_xx_35774,chr9,78234722,78236840,2118
pre_xx_35775,chr9,78295575,78298522,2947
pre_xx_35776,chr9,78324806,78326110,1304
pre_xx_35777,chr9,78439115,78439852,737
pre_xx_35778,chr9,79256523,79258243,1720
pre_xx_35779,chr9,79570211,79572061,1850
pre_xx_35780,chr9,79572259,79573653,1394
pre_xx_35781,chr9,79581031,79582412,1381
pre_xx_35782,chr9,79637297,79638129,832
pre_xx_35783,chr9,79667681,79668538,857
pre_xx_35784,chr9,79681443,79682937,1494
pre_xx_35785,chr9,79709832,79710958,1126
pre_xx_35786,chr9,79809271,79810730,1459
pre_xx_35787,chr9,80376728,80377666,938
pre_xx_35788,chr9,80604791,80606154,1363
pre_xx_35789,chr9,81183433,81184358,925
pre_xx_35790,chr9,81549282,81550229,947
pre_xx_35791,chr9,81686903,81690642,3739
pre_xx_35792,chr9,81776406,81777956,1550
pre_xx_35793,chr9,82116355,82117950,1595
pre_xx_35794,chr9,82512704,82514688,1984
pre_xx_35795,chr9,82554421,82556328,1907
pre_xx_35796,chr9,82781271,82782891,1620
pre_xx_35797,chr9,83061587,83063461,1874
pre_xx_35798,chr9,83197129,83199597,2468
pre_xx_35799,chr9,83218480,83221365,2885
pre_xx_35800,chr9,83423798,83425574,1776
pre_xx_35801,chr9,83440819,83442015,1196
pre_xx_35802,chr9,83537044,83538975,1931
pre_xx_35803,chr9,83620759,83621264,505
pre_xx_35804,chr9,83622374,83623963,1589
pre_xx_35805,chr9,83706811,83709118,2307
pre_xx_35806,chr9,83816899,83818439,1540
pre_xx_35807,chr9,83920155,83921921,1766
pre_xx_35808,chr9,83955996,83957233,1237
pre_xx_35809,chr9,83963926,83966588,2662
pre_xx_35810,chr9,83979086,83981688,2602
pre_xx_35811,chr9,84121427,84122683,1256
pre_xx_35812,chr9,84140228,84141107,879
pre_xx_35813,chr9,84260660,84261494,834
pre_xx_35814,chr9,84271073,84272415,1342
pre_xx_35815,chr9,84367046,84368372,1326
pre_xx_35816,chr9,84667553,84670962,3409
pre_xx_35817,chr9,84699886,84700554,668
pre_xx_35818,chr9,84953734,84954851,1117
pre_xx_35819,chr9,85038629,85039620,991
pre_xx_35820,chr9,85040383,85041982,1599
pre_xx_35821,chr9,85522170,85523351,1181
pre_xx_35822,chr9,85740819,85742837,2018
pre_xx_35823,chr9,85804501,85806081,1580
pre_xx_35824,chr9,85937081,85937744,663
pre_xx_35825,chr9,85940490,85941950,1460
pre_xx_35826,chr9,85942706,85943627,921
pre_xx_35827,chr9,86034906,86036158,1252
pre_xx_35828,chr9,86098729,86100390,1661
pre_xx_35829,chr9,86126430,86127820,1390
pre_xx_35830,chr9,86175824,86176952,1128
pre_xx_35831,chr9,86281496,86283308,1812
pre_xx_35832,chr9,86353434,86355251,1817
pre_xx_35833,chr9,86514763,86515956,1193
pre_xx_35834,chr9,86575882,86578668,2786
pre_xx_35835,chr9,86585190,86586593,1403
pre_xx_35836,chr9,86700017,86701218,1201
pre_xx_35837,chr9,86731300,86732808,1508
pre_xx_35838,chr9,86793713,86796248,2535
pre_xx_35839,chr9,86806997,86808513,1516
pre_xx_35840,chr9,86901974,86904169,2195
pre_xx_35841,chr9,86943020,86944015,995
pre_xx_35842,chr9,86945392,86948959,3567
pre_xx_35843,chr9,86959371,86961139,1768
pre_xx_35844,chr9,87033947,87035250,1303
pre_xx_35845,chr9,87147911,87149306,1395
pre_xx_35846,chr9,87223375,87224462,1087
pre_xx_35847,chr9,87248620,87249502,882
pre_xx_35848,chr9,87269839,87270964,1125
pre_xx_35849,chr9,87336452,87338925,2473
pre_xx_35850,chr9,87371648,87373068,1420
pre_xx_35851,chr9,87497129,87499379,2250
pre_xx_35852,chr9,87568403,87571201,2798
pre_xx_35853,chr9,87592258,87593227,969
pre_xx_35854,chr9,87599655,87601524,1869
pre_xx_35855,chr9,87639984,87641050,1066
pre_xx_35856,chr9,87675413,87676476,1063
pre_xx_35857,chr9,87683767,87685155,1388
pre_xx_35858,chr9,87711639,87712826,1187
pre_xx_35859,chr9,87725237,87726836,1599
pre_xx_35860,chr9,87873675,87874685,1010
pre_xx_35861,chr9,87875568,87876781,1213
pre_xx_35862,chr9,87973173,87975067,1894
pre_xx_35863,chr9,87983700,87984746,1046
pre_xx_35864,chr9,88075735,88077434,1699
pre_xx_35865,chr9,88089517,88090681,1164
pre_xx_35866,chr9,88312035,88314162,2127
pre_xx_35867,chr9,88387118,88389701,2583
pre_xx_35868,chr9,88533884,88536269,2385
pre_xx_35869,chr9,88781403,88782496,1093
pre_xx_35870,chr9,88990082,88992011,1929
pre_xx_35871,chr9,89000356,89001364,1008
pre_xx_35872,chr9,89006054,89007747,1693
pre_xx_35873,chr9,89177376,89178803,1427
pre_xx_35874,chr9,89179504,89180720,1216
pre_xx_35875,chr9,89281901,89283285,1384
pre_xx_35876,chr9,89310188,89312584,2396
pre_xx_35877,chr9,89317986,89319782,1796
pre_xx_35878,chr9,89496723,89498558,1835
pre_xx_35879,chr9,89602998,89607220,4222
pre_xx_35880,chr9,89623032,89624403,1371
pre_xx_35881,chr9,89634705,89636144,1439
pre_xx_35882,chr9,89646329,89649622,3293
pre_xx_35883,chr9,89654710,89656372,1662
pre_xx_35884,chr9,89661347,89662707,1360
pre_xx_35885,chr9,89684171,89685489,1318
pre_xx_35886,chr9,89685826,89686820,994
pre_xx_35887,chr9,89728796,89729750,954
pre_xx_35888,chr9,89731699,89733373,1674
pre_xx_35889,chr9,89743204,89744405,1201
pre_xx_35890,chr9,89749750,89750877,1127
pre_xx_35891,chr9,89807755,89809183,1428
pre_xx_35892,chr9,89811373,89812227,854
pre_xx_35893,chr9,89816998,89818092,1094
pre_xx_35894,chr9,89923228,89924504,1276
pre_xx_35895,chr9,89999206,90001317,2111
pre_xx_35896,chr9,90095355,90096069,714
pre_xx_35897,chr9,90102075,90102651,576
pre_xx_35898,chr9,90106853,90108350,1497
pre_xx_35899,chr9,90432952,90433986,1034
pre_xx_35900,chr9,90641854,90643245,1391
pre_xx_35901,chr9,90801096,90802832,1736
pre_xx_35902,chr9,90914400,90915950,1550
pre_xx_35903,chr9,91036594,91038368,1774
pre_xx_35904,chr9,91117399,91118925,1526
pre_xx_35905,chr9,91159469,91161216,1747
pre_xx_35906,chr9,91192653,91194283,1630
pre_xx_35907,chr9,91360302,91362298,1996
pre_xx_35908,chr9,91420990,91421732,742
pre_xx_35909,chr9,91422237,91425202,2965
pre_xx_35910,chr9,91514801,91515626,825
pre_xx_35911,chr9,91677094,91678182,1088
pre_xx_35912,chr9,91681176,91682046,870
pre_xx_35913,chr9,91714203,91715538,1335
pre_xx_35914,chr9,91817003,91818580,1577
pre_xx_35915,chr9,91843033,91844520,1487
pre_xx_35916,chr9,91847182,91848160,978
pre_xx_35917,chr9,91948113,91950799,2686
pre_xx_35918,chr9,92097535,92098533,998
pre_xx_35919,chr9,92114628,92115858,1230
pre_xx_35920,chr9,92133719,92134740,1021
pre_xx_35921,chr9,92140131,92141751,1620
pre_xx_35922,chr9,92146535,92148050,1515
pre_xx_35923,chr9,92189196,92190476,1280
pre_xx_35924,chr9,92293341,92294728,1387
pre_xx_35925,chr9,92324647,92326385,1738
pre_xx_35926,chr9,92618082,92619170,1088
pre_xx_35927,chr9,92634351,92635253,902
pre_xx_35928,chr9,92669002,92670833,1831
pre_xx_35929,chr9,92715392,92716984,1592
pre_xx_35930,chr9,92763608,92765812,2204
pre_xx_35931,chr9,92790467,92791167,700
pre_xx_35932,chr9,92807079,92809992,2913
pre_xx_35933,chr9,92877430,92878346,916
pre_xx_35934,chr9,92946875,92948272,1397
pre_xx_35935,chr9,93052886,93053677,791
pre_xx_35936,chr9,93057840,93059331,1491
pre_xx_35937,chr9,93061605,93062595,990
pre_xx_35938,chr9,93094788,93097073,2285
pre_xx_35939,chr9,93119499,93120572,1073
pre_xx_35940,chr9,93126500,93127342,842
pre_xx_35941,chr9,93132378,93134966,2588
pre_xx_35942,chr9,93159506,93160339,833
pre_xx_35943,chr9,93183645,93185989,2344
pre_xx_35944,chr9,93193089,93195071,1982
pre_xx_35945,chr9,93204965,93205851,886
pre_xx_35946,chr9,93304365,93305524,1159
pre_xx_35947,chr9,93345616,93346873,1257
pre_xx_35948,chr9,93450479,93453883,3404
pre_xx_35949,chr9,93566177,93567774,1597
pre_xx_35950,chr9,93575069,93578659,3590
pre_xx_35951,chr9,93588927,93590142,1215
pre_xx_35952,chr9,93809789,93811264,1475
pre_xx_35953,chr9,93827097,93828319,1222
pre_xx_35954,chr9,93829700,93830419,719
pre_xx_35955,chr9,93860494,93861482,988
pre_xx_35956,chr9,93893643,93894575,932
pre_xx_35957,chr9,93911360,93912864,1504
pre_xx_35958,chr9,93945426,93946316,890
pre_xx_35959,chr9,93952878,93953358,480
pre_xx_35960,chr9,93954269,93955882,1613
pre_xx_35961,chr9,93958403,93959394,991
pre_xx_35962,chr9,93962645,93963322,677
pre_xx_35963,chr9,94030101,94031305,1204
pre_xx_35964,chr9,94082951,94083924,973
pre_xx_35965,chr9,94084205,94084745,540
pre_xx_35966,chr9,94165522,94167431,1909
pre_xx_35967,chr9,94258819,94259848,1029
pre_xx_35968,chr9,94373877,94375541,1664
pre_xx_35969,chr9,94638697,94640279,1582
pre_xx_35970,chr9,94668481,94669864,1383
pre_xx_35971,chr9,94726049,94727339,1290
pre_xx_35972,chr9,94865199,94866417,1218
pre_xx_35973,chr9,94919876,94921436,1560
pre_xx_35974,chr9,94921707,94923506,1799
pre_xx_35975,chr9,94950296,94951372,1076
pre_xx_35976,chr9,94995103,94996975,1872
pre_xx_35977,chr9,95003671,95005718,2047
pre_xx_35978,chr9,95047510,95049150,1640
pre_xx_35979,chr9,95055184,95056559,1375
pre_xx_35980,chr9,95078560,95079600,1040
pre_xx_35981,chr9,95090970,95093503,2533
pre_xx_35982,chr9,95127152,95127930,778
pre_xx_35983,chr9,95182748,95183658,910
pre_xx_35984,chr9,95312876,95313495,619
pre_xx_35985,chr9,95316387,95317981,1594
pre_xx_35986,chr9,95348876,95350344,1468
pre_xx_35987,chr9,95372813,95374468,1655
pre_xx_35988,chr9,95425930,95427208,1278
pre_xx_35989,chr9,95458655,95460903,2248
pre_xx_35990,chr9,95462040,95463674,1634
pre_xx_35991,chr9,95486012,95487458,1446
pre_xx_35992,chr9,95505626,95508210,2584
pre_xx_35993,chr9,95508911,95509715,804
pre_xx_35994,chr9,95510356,95511612,1256
pre_xx_35995,chr9,95515628,95517782,2154
pre_xx_35996,chr9,95552703,95553757,1054
pre_xx_35997,chr9,95751329,95752910,1581
pre_xx_35998,chr9,95753473,95755408,1935
pre_xx_35999,chr9,95770615,95773063,2448
pre_xx_36000,chr9,95874555,95876433,1878
pre_xx_36001,chr9,96020545,96022367,1822
pre_xx_36002,chr9,96027085,96028129,1044
pre_xx_36003,chr9,96047631,96048950,1319
pre_xx_36004,chr9,96139284,96141486,2202
pre_xx_36005,chr9,96186195,96187616,1421
pre_xx_36006,chr9,96217242,96219925,2683
pre_xx_36007,chr9,96382687,96384122,1435
pre_xx_36008,chr9,96416848,96419515,2667
pre_xx_36009,chr9,96449304,96451520,2216
pre_xx_36010,chr9,96565855,96567609,1754
pre_xx_36011,chr9,96617606,96620287,2681
pre_xx_36012,chr9,96654040,96655691,1651
pre_xx_36013,chr9,96686422,96687384,962
pre_xx_36014,chr9,96719300,96721009,1709
pre_xx_36015,chr9,96777057,96778436,1379
pre_xx_36016,chr9,96853182,96854797,1615
pre_xx_36017,chr9,96874891,96876210,1319
pre_xx_36018,chr9,97012502,97014064,1562
pre_xx_36019,chr9,97038219,97039831,1612
pre_xx_36020,chr9,97051153,97053145,1992
pre_xx_36021,chr9,97075346,97078020,2674
pre_xx_36022,chr9,97220706,97222784,2078
pre_xx_36023,chr9,97237276,97239656,2380
pre_xx_36024,chr9,97306265,97308166,1901
pre_xx_36025,chr9,97386751,97387947,1196
pre_xx_36026,chr9,97411472,97413236,1764
pre_xx_36027,chr9,97501032,97503319,2287
pre_xx_36028,chr9,97527775,97528824,1049
pre_xx_36029,chr9,97556506,97558145,1639
pre_xx_36030,chr9,97563388,97564847,1459
pre_xx_36031,chr9,97631973,97634558,2585
pre_xx_36032,chr9,97696000,97697721,1721
pre_xx_36033,chr9,97710223,97711654,1431
pre_xx_36034,chr9,97740829,97741755,926
pre_xx_36035,chr9,97744742,97745621,879
pre_xx_36036,chr9,97803162,97804040,878
pre_xx_36037,chr9,97848056,97849107,1051
pre_xx_36038,chr9,97853001,97854998,1997
pre_xx_36039,chr9,97921740,97923987,2247
pre_xx_36040,chr9,97982492,97985438,2946
pre_xx_36041,chr9,98056064,98057723,1659
pre_xx_36042,chr9,98087139,98088224,1085
pre_xx_36043,chr9,98117906,98119790,1884
pre_xx_36044,chr9,98170799,98171944,1145
pre_xx_36045,chr9,98191650,98193481,1831
pre_xx_36046,chr9,98205360,98206063,703
pre_xx_36047,chr9,98254908,98257117,2209
pre_xx_36048,chr9,98315188,98316050,862
pre_xx_36049,chr9,98379986,98380885,899
pre_xx_36050,chr9,98518407,98519352,945
pre_xx_36051,chr9,98706788,98707964,1176
pre_xx_36052,chr9,98708339,98709513,1174
pre_xx_36053,chr9,98790488,98791920,1432
pre_xx_36054,chr9,98795463,98797053,1590
pre_xx_36055,chr9,98807117,98809158,2041
pre_xx_36056,chr9,98848019,98849096,1077
pre_xx_36057,chr9,98916295,98918610,2315
pre_xx_36058,chr9,98943097,98944761,1664
pre_xx_36059,chr9,98974590,98975834,1244
pre_xx_36060,chr9,99103653,99106268,2615
pre_xx_36061,chr9,99184100,99185423,1323
pre_xx_36062,chr9,99221029,99223126,2097
pre_xx_36063,chr9,99259019,99260156,1137
pre_xx_36064,chr9,99265983,99267245,1262
pre_xx_36065,chr9,99367917,99369227,1310
pre_xx_36066,chr9,99819221,99820392,1171
pre_xx_36067,chr9,99820857,99822338,1481
pre_xx_36068,chr9,99824731,99824952,221
pre_xx_36069,chr9,99828244,99829099,855
pre_xx_36070,chr9,99906012,99907474,1462
pre_xx_36071,chr9,100097962,100100022,2060
pre_xx_36072,chr9,100351578,100353345,1767
pre_xx_36073,chr9,100410898,100412212,1314
pre_xx_36074,chr9,100425954,100428353,2399
pre_xx_36075,chr9,100443624,100444688,1064
pre_xx_36076,chr9,100455186,100456189,1003
pre_xx_36077,chr9,100472577,100474941,2364
pre_xx_36078,chr9,100515613,100516674,1061
pre_xx_36079,chr9,100554296,100555566,1270
pre_xx_36080,chr9,100598286,100599123,837
pre_xx_36081,chr9,100703210,100704230,1020
pre_xx_36082,chr9,100884136,100885144,1008
pre_xx_36083,chr9,101027814,101030236,2422
pre_xx_36084,chr9,101325986,101327233,1247
pre_xx_36085,chr9,101397791,101399720,1929
pre_xx_36086,chr9,101437600,101438269,669
pre_xx_36087,chr9,101449017,101449712,695
pre_xx_36088,chr9,101485852,101487587,1735
pre_xx_36089,chr9,101532913,101534358,1445
pre_xx_36090,chr9,101736607,101738932,2325
pre_xx_36091,chr9,102187414,102188065,651
pre_xx_36092,chr9,104092910,104095039,2129
pre_xx_36093,chr9,104746950,104748937,1987
pre_xx_36094,chr9,104763024,104764699,1675
pre_xx_36095,chr9,104868390,104869762,1372
pre_xx_36096,chr9,104926094,104926959,865
pre_xx_36097,chr9,104927154,104928721,1567
pre_xx_36098,chr9,104967714,104969197,1483
pre_xx_36099,chr9,104990788,104992160,1372
pre_xx_36100,chr9,104993173,104993962,789
pre_xx_36101,chr9,105063609,105065210,1601
pre_xx_36102,chr9,105244057,105246110,2053
pre_xx_36103,chr9,105414773,105415773,1000
pre_xx_36104,chr9,105437745,105438765,1020
pre_xx_36105,chr9,105447313,105449112,1799
pre_xx_36106,chr9,105557430,105558639,1209
pre_xx_36107,chr9,105655518,105656984,1466
pre_xx_36108,chr9,105693377,105695535,2158
pre_xx_36109,chr9,106286233,106288319,2086
pre_xx_36110,chr9,106697505,106698503,998
pre_xx_36111,chr9,106859820,106861560,1740
pre_xx_36112,chr9,106861984,106864735,2751
pre_xx_36113,chr9,106878450,106879703,1253
pre_xx_36114,chr9,106916239,106917628,1389
pre_xx_36115,chr9,106920828,106922304,1476
pre_xx_36116,chr9,107251325,107252691,1366
pre_xx_36117,chr9,107282302,107284412,2110
pre_xx_36118,chr9,107337829,107338720,891
pre_xx_36119,chr9,107424802,107425667,865
pre_xx_36120,chr9,107465083,107466496,1413
pre_xx_36121,chr9,107487237,107489163,1926
pre_xx_36122,chr9,107489397,107490562,1165
pre_xx_36123,chr9,107491096,107491898,802
pre_xx_36124,chr9,107628210,107629192,982
pre_xx_36125,chr9,107636773,107638369,1596
pre_xx_36126,chr9,107759492,107760251,759
pre_xx_36127,chr9,107784155,107784929,774
pre_xx_36128,chr9,107819511,107821859,2348
pre_xx_36129,chr9,108033887,108036269,2382
pre_xx_36130,chr9,108271541,108272826,1285
pre_xx_36131,chr9,108932960,108934980,2020
pre_xx_36132,chr9,108971924,108973190,1266
pre_xx_36133,chr9,109011904,109014659,2755
pre_xx_36134,chr9,109026582,109027727,1145
pre_xx_36135,chr9,109035735,109037182,1447
pre_xx_36136,chr9,109071717,109072648,931
pre_xx_36137,chr9,109072683,109073906,1223
pre_xx_36138,chr9,109097970,109099462,1492
pre_xx_36139,chr9,109118225,109120312,2087
pre_xx_36140,chr9,109166407,109167668,1261
pre_xx_36141,chr9,109250822,109251799,977
pre_xx_36142,chr9,109258139,109259272,1133
pre_xx_36143,chr9,109311297,109312910,1613
pre_xx_36144,chr9,109318328,109321435,3107
pre_xx_36145,chr9,109328887,109330239,1352
pre_xx_36146,chr9,109440508,109441566,1058
pre_xx_36147,chr9,109497094,109498842,1748
pre_xx_36148,chr9,109499303,109500181,878
pre_xx_36149,chr9,109639705,109641695,1990
pre_xx_36150,chr9,109779580,109781291,1711
pre_xx_36151,chr9,109817200,109818315,1115
pre_xx_36152,chr9,110047389,110050288,2899
pre_xx_36153,chr9,110089173,110091220,2047
pre_xx_36154,chr9,110103967,110105855,1888
pre_xx_36155,chr9,110124974,110125856,882
pre_xx_36156,chr9,110192195,110193676,1481
pre_xx_36157,chr9,110255082,110257738,2656
pre_xx_36158,chr9,110578686,110580245,1559
pre_xx_36159,chr9,111036970,111039663,2693
pre_xx_36160,chr9,111482068,111484624,2556
pre_xx_36161,chr9,111524701,111526467,1766
pre_xx_36162,chr9,111597779,111600251,2472
pre_xx_36163,chr9,111630316,111631999,1683
pre_xx_36164,chr9,111660967,111662877,1910
pre_xx_36165,chr9,111783323,111784512,1189
pre_xx_36166,chr9,111895999,111897949,1950
pre_xx_36167,chr9,112041351,112042153,802
pre_xx_36168,chr9,112174230,112176035,1805
pre_xx_36169,chr9,112179725,112181449,1724
pre_xx_36170,chr9,112332384,112334698,2314
pre_xx_36171,chr9,112354069,112355949,1880
pre_xx_36172,chr9,112378391,112381349,2958
pre_xx_36173,chr9,112486111,112488232,2121
pre_xx_36174,chr9,112655282,112656215,933
pre_xx_36175,chr9,112717105,112718765,1660
pre_xx_36176,chr9,112749940,112752007,2067
pre_xx_36177,chr9,112764160,112765516,1356
pre_xx_36178,chr9,112889994,112891291,1297
pre_xx_36179,chr9,113011505,113012806,1301
pre_xx_36180,chr9,113055812,113057133,1321
pre_xx_36181,chr9,113150477,113152114,1637
pre_xx_36182,chr9,113220538,113222631,2093
pre_xx_36183,chr9,113274419,113276289,1870
pre_xx_36184,chr9,113339617,113340805,1188
pre_xx_36185,chr9,113349107,113351549,2442
pre_xx_36186,chr9,113376337,113377677,1340
pre_xx_36187,chr9,113378680,113379666,986
pre_xx_36188,chr9,113400625,113401797,1172
pre_xx_36189,chr9,113406751,113407225,474
pre_xx_36190,chr9,113409581,113411531,1950
pre_xx_36191,chr9,113462897,113464386,1489
pre_xx_36192,chr9,113483534,113484771,1237
pre_xx_36193,chr9,113558707,113559575,868
pre_xx_36194,chr9,113564365,113566427,2062
pre_xx_36195,chr9,113568369,113569307,938
pre_xx_36196,chr9,113591495,113592109,614
pre_xx_36197,chr9,113593484,113595272,1788
pre_xx_36198,chr9,113600994,113603354,2360
pre_xx_36199,chr9,113619920,113621779,1859
pre_xx_36200,chr9,113654266,113655717,1451
pre_xx_36201,chr9,113657141,113658821,1680
pre_xx_36202,chr9,113682222,113682960,738
pre_xx_36203,chr9,113687421,113688582,1161
pre_xx_36204,chr9,113787869,113789322,1453
pre_xx_36205,chr9,113875490,113877021,1531
pre_xx_36206,chr9,114097623,114099722,2099
pre_xx_36207,chr9,114107611,114108876,1265
pre_xx_36208,chr9,114153641,114157358,3717
pre_xx_36209,chr9,114163114,114164120,1006
pre_xx_36210,chr9,114174736,114176013,1277
pre_xx_36211,chr9,114180418,114182127,1709
pre_xx_36212,chr9,114215815,114216584,769
pre_xx_36213,chr9,114231519,114232448,929
pre_xx_36214,chr9,114249741,114250675,934
pre_xx_36215,chr9,114258801,114260371,1570
pre_xx_36216,chr9,114263782,114266248,2466
pre_xx_36217,chr9,114281231,114282120,889
pre_xx_36218,chr9,114282309,114283338,1029
pre_xx_36219,chr9,114304874,114306510,1636
pre_xx_36220,chr9,114385298,114388357,3059
pre_xx_36221,chr9,114394733,114395542,809
pre_xx_36222,chr9,114397606,114398873,1267
pre_xx_36223,chr9,114405381,114406070,689
pre_xx_36224,chr9,114411916,114412819,903
pre_xx_36225,chr9,114434579,114435302,723
pre_xx_36226,chr9,114441331,114442374,1043
pre_xx_36227,chr9,114450902,114451775,873
pre_xx_36228,chr9,114451986,114452974,988
pre_xx_36229,chr9,114465553,114466786,1233
pre_xx_36230,chr9,114478386,114479305,919
pre_xx_36231,chr9,114501715,114502586,871
pre_xx_36232,chr9,114504226,114505997,1771
pre_xx_36233,chr9,114587012,114589071,2059
pre_xx_36234,chr9,114610843,114612552,1709
pre_xx_36235,chr9,114805520,114806531,1011
pre_xx_36236,chr9,115117806,115119209,1403
pre_xx_36237,chr9,115262113,115262875,762
pre_xx_36238,chr9,116153904,116154787,883
pre_xx_36239,chr9,116154941,116156028,1087
pre_xx_36240,chr9,116156408,116157312,904
pre_xx_36241,chr9,116327417,116328516,1099
pre_xx_36242,chr9,116355025,116356195,1170
pre_xx_36243,chr9,116364688,116365914,1226
pre_xx_36244,chr9,116470745,116472074,1329
pre_xx_36245,chr9,116482378,116483883,1505
pre_xx_36246,chr9,116546667,116548296,1629
pre_xx_36247,chr9,116571304,116572499,1195
pre_xx_36248,chr9,116686240,116688262,2022
pre_xx_36249,chr9,116736793,116737475,682
pre_xx_36250,chr9,116794792,116796183,1391
pre_xx_36251,chr9,116800690,116801464,774
pre_xx_36252,chr9,116836177,116838266,2089
pre_xx_36253,chr9,117027423,117028823,1400
pre_xx_36254,chr9,117412783,117415914,3131
pre_xx_36255,chr9,117487286,117488801,1515
pre_xx_36256,chr9,117564528,117565480,952
pre_xx_36257,chr9,117644458,117645479,1021
pre_xx_36258,chr9,117782782,117783732,950
pre_xx_36259,chr9,118643004,118643917,913
pre_xx_36260,chr9,118959154,118960069,915
pre_xx_36261,chr9,119368254,119369831,1577
pre_xx_36262,chr9,119555887,119556863,976
pre_xx_36263,chr9,119587991,119589705,1714
pre_xx_36264,chr9,119963067,119964192,1125
pre_xx_36265,chr9,119968753,119969672,919
pre_xx_36266,chr9,120320527,120321791,1264
pre_xx_36267,chr9,120348662,120349387,725
pre_xx_36268,chr9,120353218,120354041,823
pre_xx_36269,chr9,120386065,120387850,1785
pre_xx_36270,chr9,120443070,120444224,1154
pre_xx_36271,chr9,120579379,120580754,1375
pre_xx_36272,chr9,120713201,120715947,2746
pre_xx_36273,chr9,120723377,120724163,786
pre_xx_36274,chr9,120792615,120794205,1590
pre_xx_36275,chr9,120841948,120843592,1644
pre_xx_36276,chr9,120846858,120848060,1202
pre_xx_36277,chr9,120855240,120856418,1178
pre_xx_36278,chr9,120868231,120869456,1225
pre_xx_36279,chr9,120875679,120877860,2181
pre_xx_36280,chr9,120893264,120894954,1690
pre_xx_36281,chr9,120896828,120897562,734
pre_xx_36282,chr9,120928198,120929474,1276
pre_xx_36283,chr9,120935263,120936860,1597
pre_xx_36284,chr9,121073990,121075617,1627
pre_xx_36285,chr9,121121146,121122881,1735
pre_xx_36286,chr9,121200440,121202439,1999
pre_xx_36287,chr9,121267500,121269839,2339
pre_xx_36288,chr9,121288750,121289941,1191
pre_xx_36289,chr9,121298141,121300298,2157
pre_xx_36290,chr9,121319676,121320459,783
pre_xx_36291,chr9,121349744,121351760,2016
pre_xx_36292,chr9,121369300,121371340,2040
pre_xx_36293,chr9,121498089,121500466,2377
pre_xx_36294,chr9,121545490,121546413,923
pre_xx_36295,chr9,121550258,121551056,798
pre_xx_36296,chr9,121557375,121558771,1396
pre_xx_36297,chr9,121566434,121569235,2801
pre_xx_36298,chr9,121597793,121600491,2698
pre_xx_36299,chr9,121649765,121650601,836
pre_xx_36300,chr9,121651131,121652810,1679
pre_xx_36301,chr9,121698514,121701109,2595
pre_xx_36302,chr9,121717630,121718958,1328
pre_xx_36303,chr9,121720367,121721425,1058
pre_xx_36304,chr9,121726828,121728040,1212
pre_xx_36305,chr9,121735042,121737274,2232
pre_xx_36306,chr9,121743135,121745323,2188
pre_xx_36307,chr9,121783049,121784512,1463
pre_xx_36308,chr9,121807363,121808354,991
pre_xx_36309,chr9,121818936,121820197,1261
pre_xx_36310,chr9,121824629,121825656,1027
pre_xx_36311,chr9,121851334,121853591,2257
pre_xx_36312,chr9,121883713,121884908,1195
pre_xx_36313,chr9,121886533,121887418,885
pre_xx_36314,chr9,121920786,121922710,1924
pre_xx_36315,chr9,121954149,121955199,1050
pre_xx_36316,chr9,121978886,121980034,1148
pre_xx_36317,chr9,122092295,122093800,1505
pre_xx_36318,chr9,122124945,122125540,595
pre_xx_36319,chr9,122125764,122127166,1402
pre_xx_36320,chr9,122131252,122131989,737
pre_xx_36321,chr9,122158848,122160225,1377
pre_xx_36322,chr9,122213417,122214467,1050
pre_xx_36323,chr9,122218950,122220591,1641
pre_xx_36324,chr9,122228032,122229406,1374
pre_xx_36325,chr9,122263964,122265557,1593
pre_xx_36326,chr9,122346393,122347575,1182
pre_xx_36327,chr9,122370663,122371678,1015
pre_xx_36328,chr9,122374686,122375470,784
pre_xx_36329,chr9,122827027,122828954,1927
pre_xx_36330,chr9,122904248,122905781,1533
pre_xx_36331,chr9,122912356,122914201,1845
pre_xx_36332,chr9,122930597,122932692,2095
pre_xx_36333,chr9,122940431,122941975,1544
pre_xx_36334,chr9,123267194,123269164,1970
pre_xx_36335,chr9,123335276,123336161,885
pre_xx_36336,chr9,123343316,123344068,752
pre_xx_36337,chr9,123349600,123351315,1715
pre_xx_36338,chr9,123355711,123356339,628
pre_xx_36339,chr9,123364141,123364824,683
pre_xx_36340,chr9,123367830,123369032,1202
pre_xx_36341,chr9,123373179,123374388,1209
pre_xx_36342,chr9,123375493,123376687,1194
pre_xx_36343,chr9,123394729,123396489,1760
pre_xx_36344,chr9,123406421,123408223,1802
pre_xx_36345,chr9,123419666,123421074,1408
pre_xx_36346,chr9,123422396,123423604,1208
pre_xx_36347,chr9,123469053,123470107,1054
pre_xx_36348,chr9,123568425,123569768,1343
pre_xx_36349,chr9,123641936,123643144,1208
pre_xx_36350,chr9,123738575,123740246,1671
pre_xx_36351,chr9,123749533,123751261,1728
pre_xx_36352,chr9,123756648,123758369,1721
pre_xx_36353,chr9,123833921,123835547,1626
pre_xx_36354,chr9,123928543,123930718,2175
pre_xx_36355,chr9,123998976,124000531,1555
pre_xx_36356,chr9,124008295,124009373,1078
pre_xx_36357,chr9,124010939,124012317,1378
pre_xx_36358,chr9,124017312,124019265,1953
pre_xx_36359,chr9,124040401,124041684,1283
pre_xx_36360,chr9,124045125,124046244,1119
pre_xx_36361,chr9,124110050,124110689,639
pre_xx_36362,chr9,124242109,124243316,1207
pre_xx_36363,chr9,124251233,124252362,1129
pre_xx_36364,chr9,124257222,124259961,2739
pre_xx_36365,chr9,124282423,124283483,1060
pre_xx_36366,chr9,124298830,124299256,426
pre_xx_36367,chr9,124331636,124333586,1950
pre_xx_36368,chr9,124342613,124343744,1131
pre_xx_36369,chr9,124398964,124400696,1732
pre_xx_36370,chr9,124414690,124416559,1869
pre_xx_36371,chr9,124449993,124451098,1105
pre_xx_36372,chr9,124477245,124478687,1442
pre_xx_36373,chr9,124495354,124496975,1621
pre_xx_36374,chr9,124503834,124505290,1456
pre_xx_36375,chr9,124506383,124507843,1460
pre_xx_36376,chr9,124511490,124513858,2368
pre_xx_36377,chr9,124529573,124531533,1960
pre_xx_36378,chr9,124536380,124537604,1224
pre_xx_36379,chr9,124551378,124552350,972
pre_xx_36380,chr9,124592707,124595097,2390
pre_xx_36381,chr9,124657965,124659686,1721
pre_xx_36382,chr9,124660109,124660786,677
pre_xx_36383,chr9,124711551,124712434,883
pre_xx_36384,chr9,124720466,124721768,1302
pre_xx_36385,chr9,124764612,124765106,494
pre_xx_36386,chr9,124769436,124772333,2897
pre_xx_36387,chr9,124774437,124774668,231
pre_xx_36388,chr9,124776660,124778014,1354
pre_xx_36389,chr9,124834468,124835702,1234
pre_xx_36390,chr9,124839621,124841635,2014
pre_xx_36391,chr9,124852553,124853858,1305
pre_xx_36392,chr9,124861114,124862649,1535
pre_xx_36393,chr9,124868352,124870940,2588
pre_xx_36394,chr9,124940287,124942439,2152
pre_xx_36395,chr9,125142478,125143994,1516
pre_xx_36396,chr9,125188912,125190574,1662
pre_xx_36397,chr9,125198971,125201067,2096
pre_xx_36398,chr9,125234741,125236448,1707
pre_xx_36399,chr9,125240591,125242182,1591
pre_xx_36400,chr9,125261252,125262647,1395
pre_xx_36401,chr9,125374002,125375074,1072
pre_xx_36402,chr9,125407573,125408883,1310
pre_xx_36403,chr9,125472549,125473857,1308
pre_xx_36404,chr9,125549079,125550908,1829
pre_xx_36405,chr9,125585655,125586879,1224
pre_xx_36406,chr9,125706419,125707506,1087
pre_xx_36407,chr9,125745745,125748989,3244
pre_xx_36408,chr9,125889016,125891046,2030
pre_xx_36409,chr9,126056512,126059023,2511
pre_xx_36410,chr9,126082404,126083191,787
pre_xx_36411,chr9,126222260,126223404,1144
pre_xx_36412,chr9,126228160,126229348,1188
pre_xx_36413,chr9,126292868,126293821,953
pre_xx_36414,chr9,126325807,126328064,2257
pre_xx_36415,chr9,126481881,126483089,1208
pre_xx_36416,chr9,126498868,126500255,1387
pre_xx_36417,chr9,126500592,126501266,674
pre_xx_36418,chr9,126513591,126514663,1072
pre_xx_36419,chr9,126516651,126517573,922
pre_xx_36420,chr9,126550593,126551649,1056
pre_xx_36421,chr9,126556695,126558430,1735
pre_xx_36422,chr9,126609629,126611911,2282
pre_xx_36423,chr9,126625502,126627097,1595
pre_xx_36424,chr9,126638334,126639185,851
pre_xx_36425,chr9,126650239,126652736,2497
pre_xx_36426,chr9,126661388,126662158,770
pre_xx_36427,chr9,126664916,126665752,836
pre_xx_36428,chr9,126670861,126672007,1146
pre_xx_36429,chr9,126673454,126674050,596
pre_xx_36430,chr9,126682770,126683929,1159
pre_xx_36431,chr9,126704381,126706770,2389
pre_xx_36432,chr9,126719562,126720189,627
pre_xx_36433,chr9,126722087,126724116,2029
pre_xx_36434,chr9,126781283,126782126,843
pre_xx_36435,chr9,126804455,126806227,1772
pre_xx_36436,chr9,126860031,126861932,1901
pre_xx_36437,chr9,126901423,126902841,1418
pre_xx_36438,chr9,126914193,126916034,1841
pre_xx_36439,chr9,127004914,127005708,794
pre_xx_36440,chr9,127121433,127123811,2378
pre_xx_36441,chr9,127178656,127179653,997
pre_xx_36442,chr9,127185797,127188012,2215
pre_xx_36443,chr9,127223943,127226050,2107
pre_xx_36444,chr9,127244642,127245736,1094
pre_xx_36445,chr9,127387850,127389195,1345
pre_xx_36446,chr9,127396215,127398334,2119
pre_xx_36447,chr9,127423162,127425345,2183
pre_xx_36448,chr9,127450204,127452535,2331
pre_xx_36449,chr9,127519219,127520165,946
pre_xx_36450,chr9,127566540,127569994,3454
pre_xx_36451,chr9,127578617,127580092,1475
pre_xx_36452,chr9,127586153,127586800,647
pre_xx_36453,chr9,127588841,127590246,1405
pre_xx_36454,chr9,127607390,127608777,1387
pre_xx_36455,chr9,127611679,127613864,2185
pre_xx_36456,chr9,127628694,127630129,1435
pre_xx_36457,chr9,127651618,127652861,1243
pre_xx_36458,chr9,127660876,127661849,973
pre_xx_36459,chr9,127698676,127699703,1027
pre_xx_36460,chr9,127710487,127711966,1479
pre_xx_36461,chr9,127714642,127716439,1797
pre_xx_36462,chr9,127734166,127735692,1526
pre_xx_36463,chr9,127741607,127743151,1544
pre_xx_36464,chr9,127753774,127755731,1957
pre_xx_36465,chr9,127767795,127768653,858
pre_xx_36466,chr9,127769901,127771913,2012
pre_xx_36467,chr9,127778288,127779638,1350
pre_xx_36468,chr9,127784615,127787016,2401
pre_xx_36469,chr9,127795736,127797321,1585
pre_xx_36470,chr9,127801956,127804123,2167
pre_xx_36471,chr9,127808470,127810226,1756
pre_xx_36472,chr9,127824723,127826002,1279
pre_xx_36473,chr9,127827995,127829292,1297
pre_xx_36474,chr9,127857670,127858508,838
pre_xx_36475,chr9,127877011,127878545,1534
pre_xx_36476,chr9,127896485,127897845,1360
pre_xx_36477,chr9,127898381,127899876,1495
pre_xx_36478,chr9,127904230,127905232,1002
pre_xx_36479,chr9,127910608,127911558,950
pre_xx_36480,chr9,127915605,127917375,1770
pre_xx_36481,chr9,127926891,127928289,1398
pre_xx_36482,chr9,127930262,127931813,1551
pre_xx_36483,chr9,127937125,127938667,1542
pre_xx_36484,chr9,127949911,127951228,1317
pre_xx_36485,chr9,127954617,127955912,1295
pre_xx_36486,chr9,127965101,127966280,1179
pre_xx_36487,chr9,127977917,127978244,327
pre_xx_36488,chr9,127979131,127981617,2486
pre_xx_36489,chr9,128066776,128069528,2752
pre_xx_36490,chr9,128080525,128081660,1135
pre_xx_36491,chr9,128090947,128091849,902
pre_xx_36492,chr9,128093818,128094753,935
pre_xx_36493,chr9,128097820,128100327,2507
pre_xx_36494,chr9,128104081,128104701,620
pre_xx_36495,chr9,128107962,128110154,2192
pre_xx_36496,chr9,128117249,128118320,1071
pre_xx_36497,chr9,128127167,128128835,1668
pre_xx_36498,chr9,128148650,128149727,1077
pre_xx_36499,chr9,128159325,128160959,1634
pre_xx_36500,chr9,128190696,128192347,1651
pre_xx_36501,chr9,128192531,128193291,760
pre_xx_36502,chr9,128202953,128204580,1627
pre_xx_36503,chr9,128218253,128219267,1014
pre_xx_36504,chr9,128242893,128246157,3264
pre_xx_36505,chr9,128249930,128251354,1424
pre_xx_36506,chr9,128254085,128254677,592
pre_xx_36507,chr9,128254955,128255586,631
pre_xx_36508,chr9,128274901,128277184,2283
pre_xx_36509,chr9,128279374,128279876,502
pre_xx_36510,chr9,128295096,128295874,778
pre_xx_36511,chr9,128300067,128300670,603
pre_xx_36512,chr9,128303973,128305370,1397
pre_xx_36513,chr9,128321790,128323439,1649
pre_xx_36514,chr9,128339844,128341725,1881
pre_xx_36515,chr9,128361661,128362526,865
pre_xx_36516,chr9,128364629,128365476,847
pre_xx_36517,chr9,128370306,128371883,1577
pre_xx_36518,chr9,128389508,128390170,662
pre_xx_36519,chr9,128392050,128393869,1819
pre_xx_36520,chr9,128418996,128421817,2821
pre_xx_36521,chr9,128438339,128439596,1257
pre_xx_36522,chr9,128455420,128457741,2321
pre_xx_36523,chr9,128493974,128495498,1524
pre_xx_36524,chr9,128503785,128505731,1946
pre_xx_36525,chr9,128551709,128553532,1823
pre_xx_36526,chr9,128553738,128554843,1105
pre_xx_36527,chr9,128555236,128555437,201
pre_xx_36528,chr9,128558046,128559342,1296
pre_xx_36529,chr9,128621664,128622355,691
pre_xx_36530,chr9,128625304,128626691,1387
pre_xx_36531,chr9,128634951,128636809,1858
pre_xx_36532,chr9,128655466,128657225,1759
pre_xx_36533,chr9,128683202,128684666,1464
pre_xx_36534,chr9,128688415,128690756,2341
pre_xx_36535,chr9,128702132,128704031,1899
pre_xx_36536,chr9,128723419,128725256,1837
pre_xx_36537,chr9,128733048,128733650,602
pre_xx_36538,chr9,128770692,128772544,1852
pre_xx_36539,chr9,128786320,128788607,2287
pre_xx_36540,chr9,128817955,128820034,2079
pre_xx_36541,chr9,128828824,128830247,1423
pre_xx_36542,chr9,128880907,128883486,2579
pre_xx_36543,chr9,128921511,128922936,1425
pre_xx_36544,chr9,128927420,128928269,849
pre_xx_36545,chr9,128946851,128948732,1881
pre_xx_36546,chr9,129006217,129008541,2324
pre_xx_36547,chr9,129027428,129028727,1299
pre_xx_36548,chr9,129035897,129038582,2685
pre_xx_36549,chr9,129052116,129053186,1070
pre_xx_36550,chr9,129080289,129081926,1637
pre_xx_36551,chr9,129093316,129095159,1843
pre_xx_36552,chr9,129101092,129103394,2302
pre_xx_36553,chr9,129109661,129112232,2571
pre_xx_36554,chr9,129138689,129141096,2407
pre_xx_36555,chr9,129142966,129143961,995
pre_xx_36556,chr9,129145721,129146954,1233
pre_xx_36557,chr9,129173815,129175480,1665
pre_xx_36558,chr9,129175710,129176553,843
pre_xx_36559,chr9,129177040,129178705,1665
pre_xx_36560,chr9,129202563,129203748,1185
pre_xx_36561,chr9,129252975,129254514,1539
pre_xx_36562,chr9,129257975,129259530,1555
pre_xx_36563,chr9,129277889,129278906,1017
pre_xx_36564,chr9,129282194,129283254,1060
pre_xx_36565,chr9,129319987,129321436,1449
pre_xx_36566,chr9,129333696,129334873,1177
pre_xx_36567,chr9,129336442,129337303,861
pre_xx_36568,chr9,129350888,129353855,2967
pre_xx_36569,chr9,129382603,129384137,1534
pre_xx_36570,chr9,129412747,129415430,2683
pre_xx_36571,chr9,129427834,129429009,1175
pre_xx_36572,chr9,129436490,129438236,1746
pre_xx_36573,chr9,129442704,129443590,886
pre_xx_36574,chr9,129458816,129461251,2435
pre_xx_36575,chr9,129481854,129483937,2083
pre_xx_36576,chr9,129487782,129489229,1447
pre_xx_36577,chr9,129495207,129497817,2610
pre_xx_36578,chr9,129549430,129550717,1287
pre_xx_36579,chr9,129567773,129570983,3210
pre_xx_36580,chr9,129586329,129587264,935
pre_xx_36581,chr9,129596344,129598219,1875
pre_xx_36582,chr9,129609649,129611374,1725
pre_xx_36583,chr9,129619660,129620933,1273
pre_xx_36584,chr9,129625646,129627299,1653
pre_xx_36585,chr9,129641154,129642694,1540
pre_xx_36586,chr9,129653593,129655113,1520
pre_xx_36587,chr9,129664653,129666568,1915
pre_xx_36588,chr9,129696196,129698411,2215
pre_xx_36589,chr9,129725561,129727073,1512
pre_xx_36590,chr9,129737377,129738313,936
pre_xx_36591,chr9,129751692,129753768,2076
pre_xx_36592,chr9,129776518,129777673,1155
pre_xx_36593,chr9,129789904,129790781,877
pre_xx_36594,chr9,129802589,129804076,1487
pre_xx_36595,chr9,129822850,129824506,1656
pre_xx_36596,chr9,129834530,129836634,2104
pre_xx_36597,chr9,129884083,129886138,2055
pre_xx_36598,chr9,130041788,130044141,2353
pre_xx_36599,chr9,130053241,130054766,1525
pre_xx_36600,chr9,130123638,130125037,1399
pre_xx_36601,chr9,130171496,130173736,2240
pre_xx_36602,chr9,130192403,130194516,2113
pre_xx_36603,chr9,130208692,130209921,1229
pre_xx_36604,chr9,130219314,130221017,1703
pre_xx_36605,chr9,130265320,130266983,1663
pre_xx_36606,chr9,130268299,130269084,785
pre_xx_36607,chr9,130287546,130291057,3511
pre_xx_36608,chr9,130320372,130321938,1566
pre_xx_36609,chr9,130327523,130328817,1294
pre_xx_36610,chr9,130432565,130434104,1539
pre_xx_36611,chr9,130444273,130446873,2600
pre_xx_36612,chr9,130451007,130452457,1450
pre_xx_36613,chr9,130453192,130454368,1176
pre_xx_36614,chr9,130466942,130467962,1020
pre_xx_36615,chr9,130535387,130536537,1150
pre_xx_36616,chr9,130578731,130580421,1690
pre_xx_36617,chr9,130625286,130626602,1316
pre_xx_36618,chr9,130663491,130664501,1010
pre_xx_36619,chr9,130680974,130682779,1805
pre_xx_36620,chr9,130689703,130690613,910
pre_xx_36621,chr9,130693006,130694236,1230
pre_xx_36622,chr9,130712231,130713928,1697
pre_xx_36623,chr9,130823518,130825506,1988
pre_xx_36624,chr9,130833368,130836276,2908
pre_xx_36625,chr9,130845572,130846954,1382
pre_xx_36626,chr9,130890546,130891738,1192
pre_xx_36627,chr9,130932734,130933456,722
pre_xx_36628,chr9,130936154,130936820,666
pre_xx_36629,chr9,130938351,130939938,1587
pre_xx_36630,chr9,130940748,130941616,868
pre_xx_36631,chr9,130991219,130991860,641
pre_xx_36632,chr9,131008639,131009598,959
pre_xx_36633,chr9,131036768,131038186,1418
pre_xx_36634,chr9,131046393,131047074,681
pre_xx_36635,chr9,131057203,131058258,1055
pre_xx_36636,chr9,131091370,131092139,769
pre_xx_36637,chr9,131096071,131097753,1682
pre_xx_36638,chr9,131100460,131100893,433
pre_xx_36639,chr9,131102279,131103307,1028
pre_xx_36640,chr9,131124625,131126291,1666
pre_xx_36641,chr9,131237832,131239308,1476
pre_xx_36642,chr9,131276194,131278366,2172
pre_xx_36643,chr9,131282573,131283375,802
pre_xx_36644,chr9,131289152,131290728,1576
pre_xx_36645,chr9,131330790,131331643,853
pre_xx_36646,chr9,131349582,131351252,1670
pre_xx_36647,chr9,131366449,131367338,889
pre_xx_36648,chr9,131372657,131374200,1543
pre_xx_36649,chr9,131382825,131383757,932
pre_xx_36650,chr9,131393016,131395780,2764
pre_xx_36651,chr9,131402455,131403164,709
pre_xx_36652,chr9,131404632,131405811,1179
pre_xx_36653,chr9,131407646,131408230,584
pre_xx_36654,chr9,131417532,131418978,1446
pre_xx_36655,chr9,131422368,131423813,1445
pre_xx_36656,chr9,131428987,131430196,1209
pre_xx_36657,chr9,131486687,131487911,1224
pre_xx_36658,chr9,131502073,131504422,2349
pre_xx_36659,chr9,131530147,131531848,1701
pre_xx_36660,chr9,131545156,131547120,1964
pre_xx_36661,chr9,131577616,131579640,2024
pre_xx_36662,chr9,131608055,131610819,2764
pre_xx_36663,chr9,131696757,131697671,914
pre_xx_36664,chr9,131738772,131740498,1726
pre_xx_36665,chr9,131755320,131755967,647
pre_xx_36666,chr9,131762065,131762835,770
pre_xx_36667,chr9,131773720,131774389,669
pre_xx_36668,chr9,131806916,131808155,1239
pre_xx_36669,chr9,131834752,131835792,1040
pre_xx_36670,chr9,131993087,131993747,660
pre_xx_36671,chr9,132024515,132025148,633
pre_xx_36672,chr9,132077865,132080088,2223
pre_xx_36673,chr9,132113836,132114636,800
pre_xx_36674,chr9,132141156,132141985,829
pre_xx_36675,chr9,132161343,132163829,2486
pre_xx_36676,chr9,132169636,132170894,1258
pre_xx_36677,chr9,132181718,132183370,1652
pre_xx_36678,chr9,132213553,132214701,1148
pre_xx_36679,chr9,132236209,132236707,498
pre_xx_36680,chr9,132240044,132242999,2955
pre_xx_36681,chr9,132288036,132289568,1532
pre_xx_36682,chr9,132353837,132355640,1803
pre_xx_36683,chr9,132405964,132407011,1047
pre_xx_36684,chr9,132409624,132410536,912
pre_xx_36685,chr9,132410776,132411641,865
pre_xx_36686,chr9,132456970,132458236,1266
pre_xx_36687,chr9,132545969,132546930,961
pre_xx_36688,chr9,132581263,132582596,1333
pre_xx_36689,chr9,132586522,132587515,993
pre_xx_36690,chr9,132589177,132591202,2025
pre_xx_36691,chr9,132669328,132671407,2079
pre_xx_36692,chr9,132698904,132700365,1461
pre_xx_36693,chr9,132768712,132770751,2039
pre_xx_36694,chr9,132799464,132800517,1053
pre_xx_36695,chr9,132877578,132879360,1782
pre_xx_36696,chr9,132901661,132902501,840
pre_xx_36697,chr9,132943674,132945297,1623
pre_xx_36698,chr9,132983634,132985348,1714
pre_xx_36699,chr9,132991394,132992240,846
pre_xx_36700,chr9,132994225,132995122,897
pre_xx_36701,chr9,133003567,133004979,1412
pre_xx_36702,chr9,133022145,133022869,724
pre_xx_36703,chr9,133029829,133031311,1482
pre_xx_36704,chr9,133059657,133061598,1941
pre_xx_36705,chr9,133075618,133077676,2058
pre_xx_36706,chr9,133102992,133103966,974
pre_xx_36707,chr9,133112569,133114698,2129
pre_xx_36708,chr9,133117510,133118145,635
pre_xx_36709,chr9,133118913,133122217,3304
pre_xx_36710,chr9,133125932,133126925,993
pre_xx_36711,chr9,133132983,133134312,1329
pre_xx_36712,chr9,133135003,133135888,885
pre_xx_36713,chr9,133143954,133144763,809
pre_xx_36714,chr9,133147412,133147847,435
pre_xx_36715,chr9,133148014,133149898,1884
pre_xx_36716,chr9,133162807,133164215,1408
pre_xx_36717,chr9,133188024,133189201,1177
pre_xx_36718,chr9,133213984,133215144,1160
pre_xx_36719,chr9,133236489,133239402,2913
pre_xx_36720,chr9,133256464,133258709,2245
pre_xx_36721,chr9,133268509,133269902,1393
pre_xx_36722,chr9,133274115,133276200,2085
pre_xx_36723,chr9,133335374,133336729,1355
pre_xx_36724,chr9,133346642,133348851,2209
pre_xx_36725,chr9,133355802,133357226,1424
pre_xx_36726,chr9,133374773,133376748,1975
pre_xx_36727,chr9,133416765,133418767,2002
pre_xx_36728,chr9,133427990,133430104,2114
pre_xx_36729,chr9,133459137,133461152,2015
pre_xx_36730,chr9,133478272,133479723,1451
pre_xx_36731,chr9,133485987,133486632,645
pre_xx_36732,chr9,133505509,133507112,1603
pre_xx_36733,chr9,133509027,133510051,1024
pre_xx_36734,chr9,133513297,133514105,808
pre_xx_36735,chr9,133514407,133515506,1099
pre_xx_36736,chr9,133526379,133528107,1728
pre_xx_36737,chr9,133528512,133529054,542
pre_xx_36738,chr9,133533837,133535530,1693
pre_xx_36739,chr9,133539167,133540811,1644
pre_xx_36740,chr9,133545214,133546323,1109
pre_xx_36741,chr9,133564560,133565999,1439
pre_xx_36742,chr9,133578652,133579467,815
pre_xx_36743,chr9,133584592,133586335,1743
pre_xx_36744,chr9,133608825,133609702,877
pre_xx_36745,chr9,133632814,133634602,1788
pre_xx_36746,chr9,133658385,133659517,1132
pre_xx_36747,chr9,133664082,133665155,1073
pre_xx_36748,chr9,133700693,133703846,3153
pre_xx_36749,chr9,133708938,133709725,787
pre_xx_36750,chr9,133714688,133716950,2262
pre_xx_36751,chr9,133737299,133738628,1329
pre_xx_36752,chr9,133792809,133793511,702
pre_xx_36753,chr9,133810294,133811968,1674
pre_xx_36754,chr9,133842043,133843277,1234
pre_xx_36755,chr9,133843713,133844625,912
pre_xx_36756,chr9,133873447,133874914,1467
pre_xx_36757,chr9,133881004,133882074,1070
pre_xx_36758,chr9,133884263,133885541,1278
pre_xx_36759,chr9,133892126,133893788,1662
pre_xx_36760,chr9,133914421,133915539,1118
pre_xx_36761,chr9,133934781,133935864,1083
pre_xx_36762,chr9,133955014,133957001,1987
pre_xx_36763,chr9,133959744,133961108,1364
pre_xx_36764,chr9,133971839,133972626,787
pre_xx_36765,chr9,133978027,133978757,730
pre_xx_36766,chr9,133978992,133980803,1811
pre_xx_36767,chr9,133990209,133993702,3493
pre_xx_36768,chr9,133994196,133994673,477
pre_xx_36769,chr9,134006610,134007912,1302
pre_xx_36770,chr9,134024492,134026411,1919
pre_xx_36771,chr9,134055488,134056834,1346
pre_xx_36772,chr9,134065780,134066518,738
pre_xx_36773,chr9,134066592,134068912,2320
pre_xx_36774,chr9,134130790,134131446,656
pre_xx_36775,chr9,134134720,134137178,2458
pre_xx_36776,chr9,134162991,134165568,2577
pre_xx_36777,chr9,134170576,134171093,517
pre_xx_36778,chr9,134185482,134186941,1459
pre_xx_36779,chr9,134188406,134190153,1747
pre_xx_36780,chr9,134214771,134216904,2133
pre_xx_36781,chr9,134287486,134288410,924
pre_xx_36782,chr9,134293339,134294521,1182
pre_xx_36783,chr9,134320507,134321317,810
pre_xx_36784,chr9,134325026,134327405,2379
pre_xx_36785,chr9,134333031,134334444,1413
pre_xx_36786,chr9,134338255,134339556,1301
pre_xx_36787,chr9,134350399,134352081,1682
pre_xx_36788,chr9,134358529,134360405,1876
pre_xx_36789,chr9,134365680,134367143,1463
pre_xx_36790,chr9,134375095,134376765,1670
pre_xx_36791,chr9,134386877,134387756,879
pre_xx_36792,chr9,134407060,134407683,623
pre_xx_36793,chr9,134411426,134412638,1212
pre_xx_36794,chr9,134413599,134414524,925
pre_xx_36795,chr9,134418735,134419574,839
pre_xx_36796,chr9,134421778,134423083,1305
pre_xx_36797,chr9,134426747,134427486,739
pre_xx_36798,chr9,134434545,134435858,1313
pre_xx_36799,chr9,134437398,134438718,1320
pre_xx_36800,chr9,134442037,134444085,2048
pre_xx_36801,chr9,134449174,134450195,1021
pre_xx_36802,chr9,134455548,134457074,1526
pre_xx_36803,chr9,134474718,134475916,1198
pre_xx_36804,chr9,134501096,134503264,2168
pre_xx_36805,chr9,134638092,134638521,429
pre_xx_36806,chr9,134640889,134643655,2766
pre_xx_36807,chr9,134644510,134645655,1145
pre_xx_36808,chr9,134658074,134658918,844
pre_xx_36809,chr9,134738799,134739513,714
pre_xx_36810,chr9,134761724,134762697,973
pre_xx_36811,chr9,134895468,134898023,2555
pre_xx_36812,chr9,134916613,134917672,1059
pre_xx_36813,chr9,134946970,134947936,966
pre_xx_36814,chr9,134966276,134966954,678
pre_xx_36815,chr9,134980064,134981436,1372
pre_xx_36816,chr9,135075017,135075878,861
pre_xx_36817,chr9,135077256,135077789,533
pre_xx_36818,chr9,135085835,135086579,744
pre_xx_36819,chr9,135086760,135088297,1537
pre_xx_36820,chr9,135098220,135098870,650
pre_xx_36821,chr9,135133999,135134769,770
pre_xx_36822,chr9,135144162,135145105,943
pre_xx_36823,chr9,135156190,135157029,839
pre_xx_36824,chr9,135215247,135216057,810
pre_xx_36825,chr9,135281382,135282557,1175
pre_xx_36826,chr9,135296562,135297938,1376
pre_xx_36827,chr9,135328757,135330082,1325
pre_xx_36828,chr9,135412336,135412930,594
pre_xx_36829,chr9,135440563,135442879,2316
pre_xx_36830,chr9,135463071,135464679,1608
pre_xx_36831,chr9,135468336,135469253,917
pre_xx_36832,chr9,135478748,135481286,2538
pre_xx_36833,chr9,135499073,135501380,2307
pre_xx_36834,chr9,135524941,135525830,889
pre_xx_36835,chr9,135543054,135544051,997
pre_xx_36836,chr9,135603596,135605597,2001
pre_xx_36837,chr9,135661722,135663091,1369
pre_xx_36838,chr9,135701136,135702337,1201
pre_xx_36839,chr9,135704373,135704957,584
pre_xx_36840,chr9,135705268,135705781,513
pre_xx_36841,chr9,135707322,135708057,735
pre_xx_36842,chr9,135712404,135713384,980
pre_xx_36843,chr9,135713957,135715019,1062
pre_xx_36844,chr9,135735963,135737000,1037
pre_xx_36845,chr9,135753158,135754021,863
pre_xx_36846,chr9,135905492,135908518,3026
pre_xx_36847,chr9,135959815,135961645,1830
pre_xx_36848,chr9,135967251,135968068,817
pre_xx_36849,chr9,135971672,135972353,681
pre_xx_36850,chr9,135992370,135993430,1060
pre_xx_36851,chr9,136010744,136012958,2214
pre_xx_36852,chr9,136050235,136052795,2560
pre_xx_36853,chr9,136093821,136095991,2170
pre_xx_36854,chr9,136109128,136111241,2113
pre_xx_36855,chr9,136117459,136119892,2433
pre_xx_36856,chr9,136132588,136133981,1393
pre_xx_36857,chr9,136160125,136161112,987
pre_xx_36858,chr9,136201567,136202105,538
pre_xx_36859,chr9,136204738,136205461,723
pre_xx_36860,chr9,136244215,136246205,1990
pre_xx_36861,chr9,136249812,136250745,933
pre_xx_36862,chr9,136263570,136264467,897
pre_xx_36863,chr9,136266963,136267904,941
pre_xx_36864,chr9,136274330,136276613,2283
pre_xx_36865,chr9,136283239,136284161,922
pre_xx_36866,chr9,136325833,136329634,3801
pre_xx_36867,chr9,136342024,136343412,1388
pre_xx_36868,chr9,136345189,136346303,1114
pre_xx_36869,chr9,136352394,136353159,765
pre_xx_36870,chr9,136353482,136354960,1478
pre_xx_36871,chr9,136362893,136364486,1593
pre_xx_36872,chr9,136372188,136373841,1653
pre_xx_36873,chr9,136398895,136400715,1820
pre_xx_36874,chr9,136409444,136411378,1934
pre_xx_36875,chr9,136438148,136440069,1921
pre_xx_36876,chr9,136482130,136484588,2458
pre_xx_36877,chr9,136484979,136485275,296
pre_xx_36878,chr9,136544444,136547644,3200
pre_xx_36879,chr9,136564485,136566273,1788
pre_xx_36880,chr9,136567577,136568298,721
pre_xx_36881,chr9,136570780,136571803,1023
pre_xx_36882,chr9,136577929,136579921,1992
pre_xx_36883,chr9,136586824,136589410,2586
pre_xx_36884,chr9,136605912,136607793,1881
pre_xx_36885,chr9,136609587,136610403,816
pre_xx_36886,chr9,136617400,136618376,976
pre_xx_36887,chr9,136620602,136621613,1011
pre_xx_36888,chr9,136624868,136625655,787
pre_xx_36889,chr9,136626700,136627598,898
pre_xx_36890,chr9,136630146,136630751,605
pre_xx_36891,chr9,136644114,136645322,1208
pre_xx_36892,chr9,136645750,136647040,1290
pre_xx_36893,chr9,136665180,136666571,1391
pre_xx_36894,chr9,136686000,136688106,2106
pre_xx_36895,chr9,136711068,136713894,2826
pre_xx_36896,chr9,136720017,136722071,2054
pre_xx_36897,chr9,136727273,136729084,1811
pre_xx_36898,chr9,136740765,136743381,2616
pre_xx_36899,chr9,136766447,136767178,731
pre_xx_36900,chr9,136787630,136787955,325
pre_xx_36901,chr9,136788591,136789448,857
pre_xx_36902,chr9,136790440,136792024,1584
pre_xx_36903,chr9,136795932,136797456,1524
pre_xx_36904,chr9,136798883,136801428,2545
pre_xx_36905,chr9,136807064,136809412,2348
pre_xx_36906,chr9,136820846,136822493,1647
pre_xx_36907,chr9,136840266,136841631,1365
pre_xx_36908,chr9,136842255,136842767,512
pre_xx_36909,chr9,136847015,136849857,2842
pre_xx_36910,chr9,136858727,136859805,1078
pre_xx_36911,chr9,136865366,136866833,1467
pre_xx_36912,chr9,136885787,136887605,1818
pre_xx_36913,chr9,136898644,136899623,979
pre_xx_36914,chr9,136943529,136944997,1468
pre_xx_36915,chr9,136949366,136950861,1495
pre_xx_36916,chr9,136951678,136952810,1132
pre_xx_36917,chr9,136977107,136979041,1934
pre_xx_36918,chr9,136984675,136986148,1473
pre_xx_36919,chr9,136991729,136992914,1185
pre_xx_36920,chr9,136994699,136995174,475
pre_xx_36921,chr9,136995717,136997320,1603
pre_xx_36922,chr9,137005985,137008059,2074
pre_xx_36923,chr9,137025323,137025950,627
pre_xx_36924,chr9,137027462,137029648,2186
pre_xx_36925,chr9,137034266,137035771,1505
pre_xx_36926,chr9,137044130,137044964,834
pre_xx_36927,chr9,137045262,137046842,1580
pre_xx_36928,chr9,137053477,137054655,1178
pre_xx_36929,chr9,137055019,137056255,1236
pre_xx_36930,chr9,137069625,137071298,1673
pre_xx_36931,chr9,137076782,137079456,2674
pre_xx_36932,chr9,137085652,137087749,2097
pre_xx_36933,chr9,137114172,137115265,1093
pre_xx_36934,chr9,137116393,137117122,729
pre_xx_36935,chr9,137118718,137119067,349
pre_xx_36936,chr9,137127227,137128385,1158
pre_xx_36937,chr9,137128956,137130499,1543
pre_xx_36938,chr9,137138653,137139658,1005
pre_xx_36939,chr9,137161240,137163585,2345
pre_xx_36940,chr9,137167380,137170067,2687
pre_xx_36941,chr9,137174504,137175755,1251
pre_xx_36942,chr9,137187904,137189465,1561
pre_xx_36943,chr9,137197795,137198672,877
pre_xx_36944,chr9,137199344,137201246,1902
pre_xx_36945,chr9,137204978,137206037,1059
pre_xx_36946,chr9,137221639,137223992,2353
pre_xx_36947,chr9,137226793,137228940,2147
pre_xx_36948,chr9,137236250,137236913,663
pre_xx_36949,chr9,137240222,137242320,2098
pre_xx_36950,chr9,137243753,137245309,1556
pre_xx_36951,chr9,137254167,137256017,1850
pre_xx_36952,chr9,137274471,137274982,511
pre_xx_36953,chr9,137276534,137278812,2278
pre_xx_36954,chr9,137280852,137281685,833
pre_xx_36955,chr9,137294634,137297045,2411
pre_xx_36956,chr9,137300588,137302815,2227
pre_xx_36957,chr9,137304819,137306714,1895
pre_xx_36958,chr9,137307031,137307758,727
pre_xx_36959,chr9,137315660,137316957,1297
pre_xx_36960,chr9,137369551,137371322,1771
pre_xx_36961,chr9,137406458,137408222,1764
pre_xx_36962,chr9,137422124,137424262,2138
pre_xx_36963,chr9,137441195,137442097,902
pre_xx_36964,chr9,137453345,137455289,1944
pre_xx_36965,chr9,137457967,137459743,1776
pre_xx_36966,chr9,137549841,137550643,802
pre_xx_36967,chr9,137551047,137552577,1530
pre_xx_36968,chr9,137577906,137579546,1640
pre_xx_36969,chr9,137589333,137591369,2036
pre_xx_36970,chr9,137604524,137607473,2949
pre_xx_36971,chr9,137617865,137619985,2120
pre_xx_36972,chr9,137664616,137667597,2981
pre_xx_36973,chr9,137672745,137674889,2144
pre_xx_36974,chr9,137878058,137879120,1062
pre_xx_36975,chr9,138022261,138024027,1766
pre_xx_36976,chrX,19547,20595,1048
pre_xx_36977,chrX,260970,262702,1732
pre_xx_36978,chrX,274843,277044,2201
pre_xx_36979,chrX,281045,281781,736
pre_xx_36980,chrX,282987,283883,896
pre_xx_36981,chrX,317530,319748,2218
pre_xx_36982,chrX,320082,321052,970
pre_xx_36983,chrX,330618,331946,1328
pre_xx_36984,chrX,372932,374967,2035
pre_xx_36985,chrX,386143,387769,1626
pre_xx_36986,chrX,413075,414256,1181
pre_xx_36987,chrX,989570,990704,1134
pre_xx_36988,chrX,1178525,1179143,618
pre_xx_36989,chrX,1205079,1206592,1513
pre_xx_36990,chrX,1248240,1249851,1611
pre_xx_36991,chrX,1292210,1293149,939
pre_xx_36992,chrX,1354851,1356549,1698
pre_xx_36993,chrX,1391166,1393168,2002
pre_xx_36994,chrX,1451962,1453753,1791
pre_xx_36995,chrX,1453957,1454468,511
pre_xx_36996,chrX,1564609,1565394,785
pre_xx_36997,chrX,1591186,1593503,2317
pre_xx_36998,chrX,1924628,1925652,1024
pre_xx_36999,chrX,2187941,2189023,1082
pre_xx_37000,chrX,2232832,2233677,845
pre_xx_37001,chrX,2324550,2326194,1644
pre_xx_37002,chrX,2370646,2372026,1380
pre_xx_37003,chrX,2498185,2499597,1412
pre_xx_37004,chrX,2500025,2501724,1699
pre_xx_37005,chrX,2507846,2508663,817
pre_xx_37006,chrX,2582393,2585138,2745
pre_xx_37007,chrX,2608126,2610280,2154
pre_xx_37008,chrX,2690164,2692724,2560
pre_xx_37009,chrX,2828384,2830330,1946
pre_xx_37010,chrX,2888958,2890597,1639
pre_xx_37011,chrX,2927465,2929605,2140
pre_xx_37012,chrX,3231608,3233636,2028
pre_xx_37013,chrX,3270844,3272239,1395
pre_xx_37014,chrX,3344999,3347332,2333
pre_xx_37015,chrX,3393146,3394327,1181
pre_xx_37016,chrX,3711985,3714478,2493
pre_xx_37017,chrX,3814304,3816687,2383
pre_xx_37018,chrX,4805253,4806157,904
pre_xx_37019,chrX,5332177,5333095,918
pre_xx_37020,chrX,5738201,5739520,1319
pre_xx_37021,chrX,6225315,6227834,2519
pre_xx_37022,chrX,6228504,6229148,644
pre_xx_37023,chrX,7074158,7075179,1021
pre_xx_37024,chrX,7147022,7148820,1798
pre_xx_37025,chrX,7926691,7927928,1237
pre_xx_37026,chrX,7986838,7988232,1394
pre_xx_37027,chrX,8048734,8050325,1591
pre_xx_37028,chrX,8586815,8587734,919
pre_xx_37029,chrX,8632726,8633631,905
pre_xx_37030,chrX,8663006,8663784,778
pre_xx_37031,chrX,8729949,8732922,2973
pre_xx_37032,chrX,9291458,9292154,696
pre_xx_37033,chrX,9340995,9343304,2309
pre_xx_37034,chrX,9462690,9463912,1222
pre_xx_37035,chrX,9464523,9466446,1923
pre_xx_37036,chrX,9515207,9516845,1638
pre_xx_37037,chrX,9530708,9531332,624
pre_xx_37038,chrX,9646505,9648000,1495
pre_xx_37039,chrX,9764896,9766173,1277
pre_xx_37040,chrX,9785302,9787629,2327
pre_xx_37041,chrX,9788784,9789343,559
pre_xx_37042,chrX,9797090,9799149,2059
pre_xx_37043,chrX,9824508,9826102,1594
pre_xx_37044,chrX,9842269,9843174,905
pre_xx_37045,chrX,9865853,9868092,2239
pre_xx_37046,chrX,9883608,9884846,1238
pre_xx_37047,chrX,9902650,9903534,884
pre_xx_37048,chrX,10014237,10016720,2483
pre_xx_37049,chrX,10082749,10083703,954
pre_xx_37050,chrX,10110971,10112719,1748
pre_xx_37051,chrX,10119087,10120043,956
pre_xx_37052,chrX,10156354,10157249,895
pre_xx_37053,chrX,10158091,10159500,1409
pre_xx_37054,chrX,10172679,10173984,1305
pre_xx_37055,chrX,10189171,10190704,1533
pre_xx_37056,chrX,10244416,10245533,1117
pre_xx_37057,chrX,10618711,10620856,2145
pre_xx_37058,chrX,10755041,10756756,1715
pre_xx_37059,chrX,11110676,11112154,1478
pre_xx_37060,chrX,11426873,11428254,1381
pre_xx_37061,chrX,11664004,11666590,2586
pre_xx_37062,chrX,11757303,11760191,2888
pre_xx_37063,chrX,12137395,12139311,1916
pre_xx_37064,chrX,12790867,12792413,1546
pre_xx_37065,chrX,12974336,12976518,2182
pre_xx_37066,chrX,13569355,13570461,1106
pre_xx_37067,chrX,13652220,13653802,1582
pre_xx_37068,chrX,13688370,13690283,1913
pre_xx_37069,chrX,13733586,13735417,1831
pre_xx_37070,chrX,13937322,13939250,1928
pre_xx_37071,chrX,14029060,14030443,1383
pre_xx_37072,chrX,14872454,14874020,1566
pre_xx_37073,chrX,15269572,15270767,1195
pre_xx_37074,chrX,15334580,15336375,1795
pre_xx_37075,chrX,15492781,15493975,1194
pre_xx_37076,chrX,15674286,15676416,2130
pre_xx_37077,chrX,15737544,15739342,1798
pre_xx_37078,chrX,15789626,15791281,1655
pre_xx_37079,chrX,15853771,15855676,1905
pre_xx_37080,chrX,16122920,16123735,815
pre_xx_37081,chrX,16591759,16593071,1312
pre_xx_37082,chrX,16711282,16713144,1862
pre_xx_37083,chrX,16718988,16720462,1474
pre_xx_37084,chrX,16785465,16787408,1943
pre_xx_37085,chrX,16831895,16833397,1502
pre_xx_37086,chrX,16837107,16837543,436
pre_xx_37087,chrX,16837950,16838798,848
pre_xx_37088,chrX,16869206,16871524,2318
pre_xx_37089,chrX,16881814,16883838,2024
pre_xx_37090,chrX,16929511,16931050,1539
pre_xx_37091,chrX,16946097,16947599,1502
pre_xx_37092,chrX,17072358,17073355,997
pre_xx_37093,chrX,17374500,17377712,3212
pre_xx_37094,chrX,17527056,17528039,983
pre_xx_37095,chrX,17597174,17598390,1216
pre_xx_37096,chrX,17655044,17656839,1795
pre_xx_37097,chrX,17736468,17738709,2241
pre_xx_37098,chrX,17859032,17861896,2864
pre_xx_37099,chrX,18353656,18355512,1856
pre_xx_37100,chrX,18424562,18426436,1874
pre_xx_37101,chrX,18674199,18675842,1643
pre_xx_37102,chrX,18885569,18887487,1918
pre_xx_37103,chrX,18983414,18985334,1920
pre_xx_37104,chrX,19121345,19123069,1724
pre_xx_37105,chrX,19343168,19345053,1885
pre_xx_37106,chrX,19372132,19373740,1608
pre_xx_37107,chrX,19514753,19516037,1284
pre_xx_37108,chrX,19886565,19888788,2223
pre_xx_37109,chrX,19989997,19991477,1480
pre_xx_37110,chrX,20067022,20068216,1194
pre_xx_37111,chrX,20115910,20118394,2484
pre_xx_37112,chrX,20140885,20142569,1684
pre_xx_37113,chrX,20265109,20268625,3516
pre_xx_37114,chrX,21373567,21375956,2389
pre_xx_37115,chrX,21737995,21738947,952
pre_xx_37116,chrX,21740161,21741215,1054
pre_xx_37117,chrX,21838978,21840553,1575
pre_xx_37118,chrX,21939892,21942233,2341
pre_xx_37119,chrX,23227769,23230285,2516
pre_xx_37120,chrX,23332727,23335479,2752
pre_xx_37121,chrX,23666661,23668832,2171
pre_xx_37122,chrX,23742102,23744053,1951
pre_xx_37123,chrX,23782570,23784026,1456
pre_xx_37124,chrX,23887216,23888386,1170
pre_xx_37125,chrX,23901627,23902786,1159
pre_xx_37126,chrX,23907112,23908279,1167
pre_xx_37127,chrX,24024699,24026271,1572
pre_xx_37128,chrX,24053505,24055418,1913
pre_xx_37129,chrX,24148587,24150769,2182
pre_xx_37130,chrX,24464393,24465851,1458
pre_xx_37131,chrX,24645711,24647948,2237
pre_xx_37132,chrX,24693187,24694470,1283
pre_xx_37133,chrX,24759668,24761221,1553
pre_xx_37134,chrX,24841971,24843475,1504
pre_xx_37135,chrX,25001871,25003718,1847
pre_xx_37136,chrX,25004073,25005959,1886
pre_xx_37137,chrX,25011775,25013827,2052
pre_xx_37138,chrX,25015452,25016375,923
pre_xx_37139,chrX,25017054,25018119,1065
pre_xx_37140,chrX,25020273,25021409,1136
pre_xx_37141,chrX,27565570,27566436,866
pre_xx_37142,chrX,28585676,28587572,1896
pre_xx_37143,chrX,30307910,30309693,1783
pre_xx_37144,chrX,30312954,30313767,813
pre_xx_37145,chrX,30652396,30654139,1743
pre_xx_37146,chrX,30780183,30781503,1320
pre_xx_37147,chrX,30888297,30890035,1738
pre_xx_37148,chrX,30991474,30993359,1885
pre_xx_37149,chrX,31199057,31200278,1221
pre_xx_37150,chrX,31265730,31267155,1425
pre_xx_37151,chrX,33183157,33184179,1022
pre_xx_37152,chrX,33211133,33212201,1068
pre_xx_37153,chrX,33725307,33727571,2264
pre_xx_37154,chrX,34306486,34307799,1313
pre_xx_37155,chrX,34655720,34658027,2307
pre_xx_37156,chrX,35919244,35920272,1028
pre_xx_37157,chrX,36431504,36432237,733
pre_xx_37158,chrX,36957170,36958528,1358
pre_xx_37159,chrX,36962928,36964193,1265
pre_xx_37160,chrX,36985141,36986576,1435
pre_xx_37161,chrX,37348692,37350407,1715
pre_xx_37162,chrX,37685214,37686436,1222
pre_xx_37163,chrX,37846648,37847949,1301
pre_xx_37164,chrX,37905335,37906744,1409
pre_xx_37165,chrX,38219673,38221369,1696
pre_xx_37166,chrX,38326572,38327978,1406
pre_xx_37167,chrX,38560841,38563333,2492
pre_xx_37168,chrX,38614091,38614945,854
pre_xx_37169,chrX,38640764,38641610,846
pre_xx_37170,chrX,38800741,38801779,1038
pre_xx_37171,chrX,38803378,38805253,1875
pre_xx_37172,chrX,39016910,39018694,1784
pre_xx_37173,chrX,39064899,39066121,1222
pre_xx_37174,chrX,39418179,39420131,1952
pre_xx_37175,chrX,39450151,39451530,1379
pre_xx_37176,chrX,39476393,39478355,1962
pre_xx_37177,chrX,39518485,39519993,1508
pre_xx_37178,chrX,39613120,39614817,1697
pre_xx_37179,chrX,39688161,39690008,1847
pre_xx_37180,chrX,39729823,39732000,2177
pre_xx_37181,chrX,39759102,39760343,1241
pre_xx_37182,chrX,39820032,39822378,2346
pre_xx_37183,chrX,39896717,39897867,1150
pre_xx_37184,chrX,39899937,39901168,1231
pre_xx_37185,chrX,40005054,40006522,1468
pre_xx_37186,chrX,40011922,40015303,3381
pre_xx_37187,chrX,40082858,40083909,1051
pre_xx_37188,chrX,40089904,40090697,793
pre_xx_37189,chrX,40094069,40094827,758
pre_xx_37190,chrX,40097170,40098771,1601
pre_xx_37191,chrX,40104610,40105843,1233
pre_xx_37192,chrX,40105967,40106872,905
pre_xx_37193,chrX,40108278,40110044,1766
pre_xx_37194,chrX,40140493,40141571,1078
pre_xx_37195,chrX,40145031,40147009,1978
pre_xx_37196,chrX,40153459,40156024,2565
pre_xx_37197,chrX,40157893,40158698,805
pre_xx_37198,chrX,40169202,40170149,947
pre_xx_37199,chrX,40171699,40172970,1271
pre_xx_37200,chrX,40174914,40177336,2422
pre_xx_37201,chrX,40266605,40267969,1364
pre_xx_37202,chrX,40271938,40273933,1995
pre_xx_37203,chrX,40471680,40472710,1030
pre_xx_37204,chrX,40484314,40485237,923
pre_xx_37205,chrX,40580049,40581613,1564
pre_xx_37206,chrX,40646404,40648125,1721
pre_xx_37207,chrX,40734816,40736703,1887
pre_xx_37208,chrX,41009875,41010943,1068
pre_xx_37209,chrX,41025706,41027245,1539
pre_xx_37210,chrX,41084124,41086732,2608
pre_xx_37211,chrX,41252845,41254136,1291
pre_xx_37212,chrX,41275530,41277256,1726
pre_xx_37213,chrX,41332647,41335563,2916
pre_xx_37214,chrX,41350005,41351634,1629
pre_xx_37215,chrX,41441927,41442888,961
pre_xx_37216,chrX,41778841,41779805,964
pre_xx_37217,chrX,41921990,41924626,2636
pre_xx_37218,chrX,43654144,43656371,2227
pre_xx_37219,chrX,43881405,43882747,1342
pre_xx_37220,chrX,43971906,43973999,2093
pre_xx_37221,chrX,44343133,44344104,971
pre_xx_37222,chrX,44541758,44543338,1580
pre_xx_37223,chrX,44674955,44676003,1048
pre_xx_37224,chrX,44872030,44875040,3010
pre_xx_37225,chrX,44950345,44951265,920
pre_xx_37226,chrX,45186507,45187930,1423
pre_xx_37227,chrX,45505796,45507527,1731
pre_xx_37228,chrX,45850242,45851970,1728
pre_xx_37229,chrX,46326849,46328244,1395
pre_xx_37230,chrX,46446314,46448038,1724
pre_xx_37231,chrX,46544792,46546428,1636
pre_xx_37232,chrX,46573238,46575454,2216
pre_xx_37233,chrX,46649074,46650250,1176
pre_xx_37234,chrX,46758033,46759695,1662
pre_xx_37235,chrX,46836388,46838351,1963
pre_xx_37236,chrX,46903319,46904943,1624
pre_xx_37237,chrX,46911762,46914035,2273
pre_xx_37238,chrX,47077788,47079095,1307
pre_xx_37239,chrX,47128833,47130209,1376
pre_xx_37240,chrX,47144070,47145852,1782
pre_xx_37241,chrX,47190434,47191073,639
pre_xx_37242,chrX,47193178,47194518,1340
pre_xx_37243,chrX,47217092,47219339,2247
pre_xx_37244,chrX,47232298,47233952,1654
pre_xx_37245,chrX,47282682,47283409,727
pre_xx_37246,chrX,47285158,47286223,1065
pre_xx_37247,chrX,47321080,47322299,1219
pre_xx_37248,chrX,47361480,47362503,1023
pre_xx_37249,chrX,47365832,47366604,772
pre_xx_37250,chrX,47481991,47484180,2189
pre_xx_37251,chrX,47523146,47524174,1028
pre_xx_37252,chrX,47540327,47541586,1259
pre_xx_37253,chrX,47555815,47556673,858
pre_xx_37254,chrX,47560619,47562061,1442
pre_xx_37255,chrX,47573100,47574895,1795
pre_xx_37256,chrX,47581880,47582672,792
pre_xx_37257,chrX,47619342,47620443,1101
pre_xx_37258,chrX,47623493,47624536,1043
pre_xx_37259,chrX,47643806,47645066,1260
pre_xx_37260,chrX,47650030,47651377,1347
pre_xx_37261,chrX,47658361,47659542,1181
pre_xx_37262,chrX,47706676,47707973,1297
pre_xx_37263,chrX,47712362,47713175,813
pre_xx_37264,chrX,47745879,47747225,1346
pre_xx_37265,chrX,47835888,47837083,1195
pre_xx_37266,chrX,47862254,47863701,1447
pre_xx_37267,chrX,47935608,47937080,1472
pre_xx_37268,chrX,48003327,48004371,1044
pre_xx_37269,chrX,48020620,48021939,1319
pre_xx_37270,chrX,48070712,48072155,1443
pre_xx_37271,chrX,48472793,48473378,585
pre_xx_37272,chrX,48475419,48476648,1229
pre_xx_37273,chrX,48508093,48509909,1816
pre_xx_37274,chrX,48520987,48522628,1641
pre_xx_37275,chrX,48538854,48540332,1478
pre_xx_37276,chrX,48555026,48556419,1393
pre_xx_37277,chrX,48573592,48575072,1480
pre_xx_37278,chrX,48597046,48598553,1507
pre_xx_37279,chrX,48630924,48632032,1108
pre_xx_37280,chrX,48675771,48677393,1622
pre_xx_37281,chrX,48694998,48697608,2610
pre_xx_37282,chrX,48736481,48738009,1528
pre_xx_37283,chrX,48800820,48802894,2074
pre_xx_37284,chrX,48834381,48835998,1617
pre_xx_37285,chrX,48890486,48892088,1602
pre_xx_37286,chrX,48896768,48898658,1890
pre_xx_37287,chrX,48910763,48912476,1713
pre_xx_37288,chrX,48917042,48917888,846
pre_xx_37289,chrX,48918283,48919636,1353
pre_xx_37290,chrX,48956857,48959037,2180
pre_xx_37291,chrX,48971074,48972780,1706
pre_xx_37292,chrX,49001473,49002843,1370
pre_xx_37293,chrX,49042209,49044129,1920
pre_xx_37294,chrX,49053072,49054211,1139
pre_xx_37295,chrX,49058564,49060104,1540
pre_xx_37296,chrX,49071793,49074380,2587
pre_xx_37297,chrX,49079365,49080604,1239
pre_xx_37298,chrX,49100530,49102019,1489
pre_xx_37299,chrX,49122933,49124510,1577
pre_xx_37300,chrX,49155012,49156702,1690
pre_xx_37301,chrX,49163477,49164436,959
pre_xx_37302,chrX,49166003,49167585,1582
pre_xx_37303,chrX,49171454,49172892,1438
pre_xx_37304,chrX,49183970,49185185,1215
pre_xx_37305,chrX,49190567,49191934,1367
pre_xx_37306,chrX,49199501,49200645,1144
pre_xx_37307,chrX,49235175,49235979,804
pre_xx_37308,chrX,49268647,49270720,2073
pre_xx_37309,chrX,49878114,49880136,2022
pre_xx_37310,chrX,49900092,49902276,2184
pre_xx_37311,chrX,49919520,49919989,469
pre_xx_37312,chrX,49920787,49921770,983
pre_xx_37313,chrX,49922085,49923413,1328
pre_xx_37314,chrX,49987901,49989017,1116
pre_xx_37315,chrX,50066178,50068365,2187
pre_xx_37316,chrX,50203546,50204998,1452
pre_xx_37317,chrX,50468714,50469720,1006
pre_xx_37318,chrX,50470124,50471140,1016
pre_xx_37319,chrX,50770180,50771366,1186
pre_xx_37320,chrX,50812871,50814743,1872
pre_xx_37321,chrX,51331992,51333607,1615
pre_xx_37322,chrX,51395508,51396797,1289
pre_xx_37323,chrX,51495323,51497306,1983
pre_xx_37324,chrX,51618233,51619140,907
pre_xx_37325,chrX,51742946,51744537,1591
pre_xx_37326,chrX,51802683,51803993,1310
pre_xx_37327,chrX,51892834,51895231,2397
pre_xx_37328,chrX,52261104,52262535,1431
pre_xx_37329,chrX,52574321,52575554,1233
pre_xx_37330,chrX,52920149,52921929,1780
pre_xx_37331,chrX,52934065,52935706,1641
pre_xx_37332,chrX,52982882,52984514,1632
pre_xx_37333,chrX,52994751,52996151,1400
pre_xx_37334,chrX,53047906,53049519,1613
pre_xx_37335,chrX,53071379,53072311,932
pre_xx_37336,chrX,53081555,53083238,1683
pre_xx_37337,chrX,53087813,53089500,1687
pre_xx_37338,chrX,53093117,53094657,1540
pre_xx_37339,chrX,53223845,53225826,1981
pre_xx_37340,chrX,53280476,53282715,2239
pre_xx_37341,chrX,53287315,53288613,1298
pre_xx_37342,chrX,53317331,53317821,490
pre_xx_37343,chrX,53320047,53322011,1964
pre_xx_37344,chrX,53421679,53423453,1774
pre_xx_37345,chrX,53433527,53434704,1177
pre_xx_37346,chrX,53440353,53442355,2002
pre_xx_37347,chrX,53682622,53684631,2009
pre_xx_37348,chrX,53686055,53686921,866
pre_xx_37349,chrX,54042483,54043380,897
pre_xx_37350,chrX,54043563,54045664,2101
pre_xx_37351,chrX,54182150,54183796,1646
pre_xx_37352,chrX,54356999,54359231,2232
pre_xx_37353,chrX,54439675,54440913,1238
pre_xx_37354,chrX,54494728,54496579,1851
pre_xx_37355,chrX,54529287,54531087,1800
pre_xx_37356,chrX,54639047,54640244,1197
pre_xx_37357,chrX,54807486,54809437,1951
pre_xx_37358,chrX,54920426,54922300,1874
pre_xx_37359,chrX,54999294,55000670,1376
pre_xx_37360,chrX,55120043,55121561,1518
pre_xx_37361,chrX,55160123,55161904,1781
pre_xx_37362,chrX,55451120,55453119,1999
pre_xx_37363,chrX,55488113,55490302,2189
pre_xx_37364,chrX,55717124,55718702,1578
pre_xx_37365,chrX,55907690,55909297,1607
pre_xx_37366,chrX,56231624,56234076,2452
pre_xx_37367,chrX,56562906,56565448,2542
pre_xx_37368,chrX,56728334,56729612,1278
pre_xx_37369,chrX,56763512,56765010,1498
pre_xx_37370,chrX,56766712,56767744,1032
pre_xx_37371,chrX,56782909,56784119,1210
pre_xx_37372,chrX,56787963,56789355,1392
pre_xx_37373,chrX,56798042,56799234,1192
pre_xx_37374,chrX,56802611,56804123,1512
pre_xx_37375,chrX,56994622,56996034,1412
pre_xx_37376,chrX,57120707,57121994,1287
pre_xx_37377,chrX,57285928,57287383,1455
pre_xx_37378,chrX,57591266,57593190,1924
pre_xx_37379,chrX,57909127,57911016,1889
pre_xx_37380,chrX,63350163,63351714,1551
pre_xx_37381,chrX,63560375,63562079,1704
pre_xx_37382,chrX,63752128,63752834,706
pre_xx_37383,chrX,63754027,63755573,1546
pre_xx_37384,chrX,63784164,63785903,1739
pre_xx_37385,chrX,64204167,64206532,2365
pre_xx_37386,chrX,64394412,64395651,1239
pre_xx_37387,chrX,64975222,64976905,1683
pre_xx_37388,chrX,65034037,65035811,1774
pre_xx_37389,chrX,65533794,65535308,1514
pre_xx_37390,chrX,65587263,65589445,2182
pre_xx_37391,chrX,65642735,65643925,1190
pre_xx_37392,chrX,65667197,65669276,2079
pre_xx_37393,chrX,66638344,66640013,1669
pre_xx_37394,chrX,66728543,66729347,804
pre_xx_37395,chrX,67543411,67544677,1266
pre_xx_37396,chrX,67544939,67546986,2047
pre_xx_37397,chrX,68432570,68434262,1692
pre_xx_37398,chrX,68498040,68499413,1373
pre_xx_37399,chrX,68647136,68648025,889
pre_xx_37400,chrX,68693217,68694397,1180
pre_xx_37401,chrX,68827812,68830661,2849
pre_xx_37402,chrX,68867420,68868441,1021
pre_xx_37403,chrX,68871741,68872498,757
pre_xx_37404,chrX,68894232,68896039,1807
pre_xx_37405,chrX,68911902,68913426,1524
pre_xx_37406,chrX,68977826,68979481,1655
pre_xx_37407,chrX,69106954,69107997,1043
pre_xx_37408,chrX,69133549,69134292,743
pre_xx_37409,chrX,69136435,69138156,1721
pre_xx_37410,chrX,69163950,69165875,1925
pre_xx_37411,chrX,69179064,69180116,1052
pre_xx_37412,chrX,69196533,69197698,1165
pre_xx_37413,chrX,69221250,69222769,1519
pre_xx_37414,chrX,69285128,69286481,1353
pre_xx_37415,chrX,69289294,69290605,1311
pre_xx_37416,chrX,69503472,69506120,2648
pre_xx_37417,chrX,69538002,69538897,895
pre_xx_37418,chrX,69555342,69556963,1621
pre_xx_37419,chrX,69614927,69617332,2405
pre_xx_37420,chrX,70132842,70134470,1628
pre_xx_37421,chrX,70289254,70290684,1430
pre_xx_37422,chrX,70422719,70425166,2447
pre_xx_37423,chrX,70433426,70435557,2131
pre_xx_37424,chrX,70451902,70452829,927
pre_xx_37425,chrX,70454340,70456076,1736
pre_xx_37426,chrX,70478271,70481041,2770
pre_xx_37427,chrX,70929766,70931580,1814
pre_xx_37428,chrX,71067099,71068977,1878
pre_xx_37429,chrX,71095232,71096956,1724
pre_xx_37430,chrX,71117989,71119536,1547
pre_xx_37431,chrX,71144636,71146675,2039
pre_xx_37432,chrX,71181431,71182966,1535
pre_xx_37433,chrX,71224263,71225428,1165
pre_xx_37434,chrX,71253160,71255956,2796
pre_xx_37435,chrX,71282622,71284219,1597
pre_xx_37436,chrX,71365503,71367655,2152
pre_xx_37437,chrX,71532097,71534629,2532
pre_xx_37438,chrX,71909998,71912317,2319
pre_xx_37439,chrX,72018145,72019133,988
pre_xx_37440,chrX,72045272,72046695,1423
pre_xx_37441,chrX,72068230,72069934,1704
pre_xx_37442,chrX,72125857,72126913,1056
pre_xx_37443,chrX,72130970,72132407,1437
pre_xx_37444,chrX,72180764,72182101,1337
pre_xx_37445,chrX,72238475,72239507,1032
pre_xx_37446,chrX,72254392,72255896,1504
pre_xx_37447,chrX,72276119,72277543,1424
pre_xx_37448,chrX,72304767,72307384,2617
pre_xx_37449,chrX,72571997,72573449,1452
pre_xx_37450,chrX,72713523,72715075,1552
pre_xx_37451,chrX,73213751,73215295,1544
pre_xx_37452,chrX,73562368,73564213,1845
pre_xx_37453,chrX,73850448,73851896,1448
pre_xx_37454,chrX,73943379,73945074,1695
pre_xx_37455,chrX,73964171,73965026,855
pre_xx_37456,chrX,74291715,74293829,2114
pre_xx_37457,chrX,74419803,74421739,1936
pre_xx_37458,chrX,74422094,74423268,1174
pre_xx_37459,chrX,74535150,74537660,2510
pre_xx_37460,chrX,74549993,74550683,690
pre_xx_37461,chrX,74612938,74615036,2098
pre_xx_37462,chrX,74923928,74925916,1988
pre_xx_37463,chrX,75155373,75157074,1701
pre_xx_37464,chrX,75273398,75275083,1685
pre_xx_37465,chrX,75522123,75523964,1841
pre_xx_37466,chrX,76147138,76149147,2009
pre_xx_37467,chrX,76172390,76174310,1920
pre_xx_37468,chrX,76427330,76429181,1851
pre_xx_37469,chrX,77045765,77046929,1164
pre_xx_37470,chrX,77446063,77448528,2465
pre_xx_37471,chrX,77784497,77786471,1974
pre_xx_37472,chrX,77894396,77895858,1462
pre_xx_37473,chrX,77898854,77900426,1572
pre_xx_37474,chrX,77910080,77911232,1152
pre_xx_37475,chrX,78103384,78105307,1923
pre_xx_37476,chrX,78138887,78140671,1784
pre_xx_37477,chrX,79366342,79367794,1452
pre_xx_37478,chrX,80021535,80023222,1687
pre_xx_37479,chrX,80334323,80335781,1458
pre_xx_37480,chrX,80511843,80513960,2117
pre_xx_37481,chrX,80807799,80810573,2774
pre_xx_37482,chrX,81120211,81122555,2344
pre_xx_37483,chrX,81201011,81203098,2087
pre_xx_37484,chrX,82087336,82088181,845
pre_xx_37485,chrX,84186842,84188726,1884
pre_xx_37486,chrX,84501531,84502767,1236
pre_xx_37487,chrX,85003013,85004793,1780
pre_xx_37488,chrX,85243242,85245453,2211
pre_xx_37489,chrX,86046435,86048524,2089
pre_xx_37490,chrX,86147355,86149370,2015
pre_xx_37491,chrX,87408997,87410042,1045
pre_xx_37492,chrX,87516803,87518910,2107
pre_xx_37493,chrX,87805789,87806711,922
pre_xx_37494,chrX,90457836,90458825,989
pre_xx_37495,chrX,91434375,91435800,1425
pre_xx_37496,chrX,93672667,93674433,1766
pre_xx_37497,chrX,94697194,94698536,1342
pre_xx_37498,chrX,96684091,96686060,1969
pre_xx_37499,chrX,100409576,100410555,979
pre_xx_37500,chrX,100585650,100586963,1313
pre_xx_37501,chrX,100635479,100637298,1819
pre_xx_37502,chrX,100731092,100732306,1214
pre_xx_37503,chrX,100819345,100820871,1526
pre_xx_37504,chrX,100928362,100929673,1311
pre_xx_37505,chrX,101051064,101052334,1270
pre_xx_37506,chrX,101078536,101080441,1905
pre_xx_37507,chrX,101097308,101098662,1354
pre_xx_37508,chrX,101347585,101349205,1620
pre_xx_37509,chrX,101390285,101391930,1645
pre_xx_37510,chrX,101407073,101408760,1687
pre_xx_37511,chrX,101417173,101418857,1684
pre_xx_37512,chrX,101484779,101486213,1434
pre_xx_37513,chrX,101549738,101552351,2613
pre_xx_37514,chrX,101616904,101618188,1284
pre_xx_37515,chrX,101622723,101624391,1668
pre_xx_37516,chrX,101657931,101660108,2177
pre_xx_37517,chrX,101799145,101799788,643
pre_xx_37518,chrX,101930833,101932558,1725
pre_xx_37519,chrX,102125123,102126789,1666
pre_xx_37520,chrX,102154260,102156257,1997
pre_xx_37521,chrX,102515704,102517578,1874
pre_xx_37522,chrX,102598764,102600597,1833
pre_xx_37523,chrX,102650666,102652820,2154
pre_xx_37524,chrX,102659505,102660582,1077
pre_xx_37525,chrX,102711740,102713741,2001
pre_xx_37526,chrX,102720144,102721410,1266
pre_xx_37527,chrX,102745097,102746803,1706
pre_xx_37528,chrX,102768471,102769565,1094
pre_xx_37529,chrX,103062851,103064580,1729
pre_xx_37530,chrX,103100974,103102566,1592
pre_xx_37531,chrX,103214547,103216042,1495
pre_xx_37532,chrX,103253654,103255544,1890
pre_xx_37533,chrX,103275622,103277168,1546
pre_xx_37534,chrX,103309930,103311317,1387
pre_xx_37535,chrX,103329716,103331527,1811
pre_xx_37536,chrX,103355987,103357646,1659
pre_xx_37537,chrX,103375952,103377714,1762
pre_xx_37538,chrX,103404160,103405289,1129
pre_xx_37539,chrX,103553985,103555413,1428
pre_xx_37540,chrX,103585154,103586596,1442
pre_xx_37541,chrX,103607317,103608901,1584
pre_xx_37542,chrX,103628529,103630299,1770
pre_xx_37543,chrX,103663519,103664845,1326
pre_xx_37544,chrX,103686349,103688272,1923
pre_xx_37545,chrX,103831334,103832579,1245
pre_xx_37546,chrX,103917987,103919673,1686
pre_xx_37547,chrX,104111929,104113900,1971
pre_xx_37548,chrX,104136120,104136792,672
pre_xx_37549,chrX,104156029,104157410,1381
pre_xx_37550,chrX,104165711,104167770,2059
pre_xx_37551,chrX,104253476,104256030,2554
pre_xx_37552,chrX,104366997,104368226,1229
pre_xx_37553,chrX,104564976,104567699,2723
pre_xx_37554,chrX,105821033,105823301,2268
pre_xx_37555,chrX,106144773,106145821,1048
pre_xx_37556,chrX,106167931,106168564,633
pre_xx_37557,chrX,106176828,106178233,1405
pre_xx_37558,chrX,106392619,106393592,973
pre_xx_37559,chrX,106611319,106613067,1748
pre_xx_37560,chrX,106725860,106727634,1774
pre_xx_37561,chrX,106801903,106803536,1633
pre_xx_37562,chrX,106998374,107000615,2241
pre_xx_37563,chrX,107117702,107119236,1534
pre_xx_37564,chrX,107205497,107206777,1280
pre_xx_37565,chrX,107323660,107325299,1639
pre_xx_37566,chrX,107448766,107450777,2011
pre_xx_37567,chrX,107627692,107629798,2106
pre_xx_37568,chrX,107669238,107670649,1411
pre_xx_37569,chrX,107675877,107677395,1518
pre_xx_37570,chrX,107715296,107717237,1941
pre_xx_37571,chrX,107729287,107729993,706
pre_xx_37572,chrX,107731529,107732676,1147
pre_xx_37573,chrX,107740962,107743007,2045
pre_xx_37574,chrX,107774863,107776727,1864
pre_xx_37575,chrX,107776963,107777669,706
pre_xx_37576,chrX,107825415,107827697,2282
pre_xx_37577,chrX,108090520,108092283,1763
pre_xx_37578,chrX,108437441,108438627,1186
pre_xx_37579,chrX,108439358,108440713,1355
pre_xx_37580,chrX,108735121,108737434,2313
pre_xx_37581,chrX,109474847,109475781,934
pre_xx_37582,chrX,109536294,109538060,1766
pre_xx_37583,chrX,109624053,109625574,1521
pre_xx_37584,chrX,109732037,109733877,1840
pre_xx_37585,chrX,110001765,110003783,2018
pre_xx_37586,chrX,110160325,110161382,1057
pre_xx_37587,chrX,110316758,110318784,2026
pre_xx_37588,chrX,110412736,110413653,917
pre_xx_37589,chrX,110794671,110796541,1870
pre_xx_37590,chrX,110943985,110945508,1523
pre_xx_37591,chrX,111095548,111096930,1382
pre_xx_37592,chrX,111376940,111377738,798
pre_xx_37593,chrX,111680627,111682167,1540
pre_xx_37594,chrX,111858052,111859104,1052
pre_xx_37595,chrX,112081668,112083574,1906
pre_xx_37596,chrX,112679361,112680428,1067
pre_xx_37597,chrX,112832463,112833100,637
pre_xx_37598,chrX,112833341,112834857,1516
pre_xx_37599,chrX,112839927,112841833,1906
pre_xx_37600,chrX,112851046,112852861,1815
pre_xx_37601,chrX,112876454,112878346,1892
pre_xx_37602,chrX,114583835,114585601,1766
pre_xx_37603,chrX,115233082,115234780,1698
pre_xx_37604,chrX,115560295,115562825,2530
pre_xx_37605,chrX,115892506,115893542,1036
pre_xx_37606,chrX,115898207,115899092,885
pre_xx_37607,chrX,115940416,115941403,987
pre_xx_37608,chrX,115949650,115950605,955
pre_xx_37609,chrX,115968224,115969828,1604
pre_xx_37610,chrX,118115548,118117584,2036
pre_xx_37611,chrX,118345108,118347683,2575
pre_xx_37612,chrX,118495022,118496994,1972
pre_xx_37613,chrX,118726767,118728330,1563
pre_xx_37614,chrX,118728707,118729400,693
pre_xx_37615,chrX,118823322,118825014,1692
pre_xx_37616,chrX,118839004,118840158,1154
pre_xx_37617,chrX,118973532,118977098,3566
pre_xx_37618,chrX,119040124,119041649,1525
pre_xx_37619,chrX,119150550,119151350,800
pre_xx_37620,chrX,119234916,119237822,2906
pre_xx_37621,chrX,119272690,119274277,1587
pre_xx_37622,chrX,119398657,119400215,1558
pre_xx_37623,chrX,119409790,119410884,1094
pre_xx_37624,chrX,119467935,119469568,1633
pre_xx_37625,chrX,119482188,119483226,1038
pre_xx_37626,chrX,119564584,119565634,1050
pre_xx_37627,chrX,119573379,119575425,2046
pre_xx_37628,chrX,119604796,119607195,2399
pre_xx_37629,chrX,119653855,119655501,1646
pre_xx_37630,chrX,119692111,119694427,2316
pre_xx_37631,chrX,119757745,119759594,1849
pre_xx_37632,chrX,119790710,119792654,1944
pre_xx_37633,chrX,119852080,119853729,1649
pre_xx_37634,chrX,119870372,119872387,2015
pre_xx_37635,chrX,119887590,119888520,930
pre_xx_37636,chrX,119942418,119944368,1950
pre_xx_37637,chrX,119989952,119991907,1955
pre_xx_37638,chrX,119999319,120002167,2848
pre_xx_37639,chrX,120014463,120016507,2044
pre_xx_37640,chrX,120087051,120088836,1785
pre_xx_37641,chrX,120243964,120245478,1514
pre_xx_37642,chrX,120250093,120251979,1886
pre_xx_37643,chrX,120308548,120309900,1352
pre_xx_37644,chrX,120310156,120312022,1866
pre_xx_37645,chrX,120467962,120469552,1590
pre_xx_37646,chrX,120485215,120486507,1292
pre_xx_37647,chrX,120559874,120562113,2239
pre_xx_37648,chrX,120603187,120604857,1670
pre_xx_37649,chrX,120629429,120630654,1225
pre_xx_37650,chrX,121047215,121048130,915
pre_xx_37651,chrX,121102958,121104015,1057
pre_xx_37652,chrX,123183031,123185958,2927
pre_xx_37653,chrX,123476114,123477081,967
pre_xx_37654,chrX,123731218,123733580,2362
pre_xx_37655,chrX,123764582,123765608,1026
pre_xx_37656,chrX,123859140,123861374,2234
pre_xx_37657,chrX,123959273,123962162,2889
pre_xx_37658,chrX,123962740,123963371,631
pre_xx_37659,chrX,124736531,124738056,1525
pre_xx_37660,chrX,125202959,125206468,3509
pre_xx_37661,chrX,126164875,126166706,1831
pre_xx_37662,chrX,126550787,126554145,3358
pre_xx_37663,chrX,127029535,127030889,1354
pre_xx_37664,chrX,129522037,129524029,1992
pre_xx_37665,chrX,129539870,129541122,1252
pre_xx_37666,chrX,129653251,129655454,2203
pre_xx_37667,chrX,129677534,129679176,1642
pre_xx_37668,chrX,129842534,129844367,1833
pre_xx_37669,chrX,129905492,129906645,1153
pre_xx_37670,chrX,129930962,129933095,2133
pre_xx_37671,chrX,129936973,129937893,920
pre_xx_37672,chrX,129952155,129953524,1369
pre_xx_37673,chrX,129957014,129957894,880
pre_xx_37674,chrX,129960876,129961702,826
pre_xx_37675,chrX,129979640,129980363,723
pre_xx_37676,chrX,129980573,129981196,623
pre_xx_37677,chrX,129981891,129983137,1246
pre_xx_37678,chrX,129983515,129984761,1246
pre_xx_37679,chrX,130059768,130061137,1369
pre_xx_37680,chrX,130108946,130112032,3086
pre_xx_37681,chrX,130120275,130121297,1022
pre_xx_37682,chrX,130164934,130166585,1651
pre_xx_37683,chrX,130170633,130172698,2065
pre_xx_37684,chrX,130267434,130269118,1684
pre_xx_37685,chrX,130339221,130340761,1540
pre_xx_37686,chrX,130401199,130402686,1487
pre_xx_37687,chrX,130901998,130903615,1617
pre_xx_37688,chrX,131288622,131289631,1009
pre_xx_37689,chrX,131703137,131705299,2162
pre_xx_37690,chrX,131727808,131729874,2066
pre_xx_37691,chrX,131734318,131735394,1076
pre_xx_37692,chrX,131740825,131742376,1551
pre_xx_37693,chrX,131746052,131747685,1633
pre_xx_37694,chrX,131752219,131753752,1533
pre_xx_37695,chrX,131762275,131764435,2160
pre_xx_37696,chrX,131767939,131769033,1094
pre_xx_37697,chrX,131777936,131779503,1567
pre_xx_37698,chrX,131782993,131784279,1286
pre_xx_37699,chrX,131791761,131793675,1914
pre_xx_37700,chrX,131802432,131803537,1105
pre_xx_37701,chrX,131812783,131813541,758
pre_xx_37702,chrX,131816408,131817389,981
pre_xx_37703,chrX,131821705,131822907,1202
pre_xx_37704,chrX,131830236,131831407,1171
pre_xx_37705,chrX,132022147,132024319,2172
pre_xx_37706,chrX,132216823,132218737,1914
pre_xx_37707,chrX,132218874,132219795,921
pre_xx_37708,chrX,132488339,132490364,2025
pre_xx_37709,chrX,132614346,132615657,1311
pre_xx_37710,chrX,132875013,132877255,2242
pre_xx_37711,chrX,132955747,132958712,2965
pre_xx_37712,chrX,133401097,133402488,1391
pre_xx_37713,chrX,133413184,133414150,966
pre_xx_37714,chrX,133414297,133416093,1796
pre_xx_37715,chrX,133983865,133986311,2446
pre_xx_37716,chrX,134171590,134173317,1727
pre_xx_37717,chrX,134236630,134237848,1218
pre_xx_37718,chrX,134372734,134374547,1813
pre_xx_37719,chrX,134459456,134461159,1703
pre_xx_37720,chrX,134542096,134543424,1328
pre_xx_37721,chrX,134549109,134550358,1249
pre_xx_37722,chrX,134550701,134551422,721
pre_xx_37723,chrX,134603962,134605399,1437
pre_xx_37724,chrX,134713263,134714157,894
pre_xx_37725,chrX,134723285,134724970,1685
pre_xx_37726,chrX,134731831,134733025,1194
pre_xx_37727,chrX,134734016,134735444,1428
pre_xx_37728,chrX,134795865,134797486,1621
pre_xx_37729,chrX,134806655,134807970,1315
pre_xx_37730,chrX,134914052,134915702,1650
pre_xx_37731,chrX,135003693,135004691,998
pre_xx_37732,chrX,135021402,135022882,1480
pre_xx_37733,chrX,135031693,135033281,1588
pre_xx_37734,chrX,135051046,135052600,1554
pre_xx_37735,chrX,135096988,135099322,2334
pre_xx_37736,chrX,135295270,135296256,986
pre_xx_37737,chrX,135343322,135345568,2246
pre_xx_37738,chrX,135421272,135423424,2152
pre_xx_37739,chrX,135519894,135522491,2597
pre_xx_37740,chrX,135973073,135974785,1712
pre_xx_37741,chrX,135984632,135986411,1779
pre_xx_37742,chrX,136146679,136148724,2045
pre_xx_37743,chrX,136250370,136251797,1427
pre_xx_37744,chrX,136496291,136498306,2015
pre_xx_37745,chrX,136766601,136768033,1432
pre_xx_37746,chrX,136879287,136881030,1743
pre_xx_37747,chrX,136908534,136910579,2045
pre_xx_37748,chrX,137031202,137032453,1251
pre_xx_37749,chrX,137051797,137053449,1652
pre_xx_37750,chrX,137427642,137430150,2508
pre_xx_37751,chrX,137565286,137567455,2169
pre_xx_37752,chrX,138709800,138712390,2590
pre_xx_37753,chrX,139194371,139195357,986
pre_xx_37754,chrX,139202768,139205707,2939
pre_xx_37755,chrX,139691361,139692882,1521
pre_xx_37756,chrX,139931038,139933771,2733
pre_xx_37757,chrX,140090647,140091932,1285
pre_xx_37758,chrX,140359718,140360823,1105
pre_xx_37759,chrX,140503053,140505090,2037
pre_xx_37760,chrX,140712441,140713589,1148
pre_xx_37761,chrX,140721943,140724013,2070
pre_xx_37762,chrX,140764266,140765741,1475
pre_xx_37763,chrX,141175859,141177493,1634
pre_xx_37764,chrX,143632978,143636339,3361
pre_xx_37765,chrX,143718377,143720556,2179
pre_xx_37766,chrX,145502423,145503280,857
pre_xx_37767,chrX,145816603,145819013,2410
pre_xx_37768,chrX,147911044,147913247,2203
pre_xx_37769,chrX,148499654,148501744,2090
pre_xx_37770,chrX,148566946,148568209,1263
pre_xx_37771,chrX,149504762,149505594,832
pre_xx_37772,chrX,149510232,149511642,1410
pre_xx_37773,chrX,149539026,149541831,2805
pre_xx_37774,chrX,149626225,149627236,1011
pre_xx_37775,chrX,149630335,149632218,1883
pre_xx_37776,chrX,149829423,149830837,1414
pre_xx_37777,chrX,149937809,149940821,3012
pre_xx_37778,chrX,150361042,150362081,1039
pre_xx_37779,chrX,150362659,150363468,809
pre_xx_37780,chrX,150363710,150364399,689
pre_xx_37781,chrX,150364957,150367255,2298
pre_xx_37782,chrX,150567965,150569391,1426
pre_xx_37783,chrX,150692402,150694643,2241
pre_xx_37784,chrX,150897359,150899816,2457
pre_xx_37785,chrX,150982633,150984953,2320
pre_xx_37786,chrX,151080737,151082834,2097
pre_xx_37787,chrX,151174602,151175735,1133
pre_xx_37788,chrX,151177000,151178212,1212
pre_xx_37789,chrX,151359271,151360592,1321
pre_xx_37790,chrX,151396101,151397958,1857
pre_xx_37791,chrX,151694257,151696288,2031
pre_xx_37792,chrX,151973731,151975261,1530
pre_xx_37793,chrX,152637344,152638472,1128
pre_xx_37794,chrX,152829979,152831818,1839
pre_xx_37795,chrX,152897398,152898389,991
pre_xx_37796,chrX,152903937,152905324,1387
pre_xx_37797,chrX,152906724,152907612,888
pre_xx_37798,chrX,152940884,152942303,1419
pre_xx_37799,chrX,152958067,152959398,1331
pre_xx_37800,chrX,153032234,153033301,1067
pre_xx_37801,chrX,153055910,153058195,2285
pre_xx_37802,chrX,153225995,153227122,1127
pre_xx_37803,chrX,153320525,153322141,1616
pre_xx_37804,chrX,153333535,153335449,1914
pre_xx_37805,chrX,153370655,153371768,1113
pre_xx_37806,chrX,153381319,153382602,1283
pre_xx_37807,chrX,153386615,153387602,987
pre_xx_37808,chrX,153410995,153412598,1603
pre_xx_37809,chrX,153469665,153471202,1537
pre_xx_37810,chrX,153494407,153495713,1306
pre_xx_37811,chrX,153507185,153507909,724
pre_xx_37812,chrX,153517254,153518666,1412
pre_xx_37813,chrX,153520719,153521463,744
pre_xx_37814,chrX,153525701,153527879,2178
pre_xx_37815,chrX,153537020,153539825,2805
pre_xx_37816,chrX,153598306,153600162,1856
pre_xx_37817,chrX,153609648,153611502,1854
pre_xx_37818,chrX,153637494,153638123,629
pre_xx_37819,chrX,153641823,153642597,774
pre_xx_37820,chrX,153643159,153644930,1771
pre_xx_37821,chrX,153646740,153648204,1464
pre_xx_37822,chrX,153667491,153668277,786
pre_xx_37823,chrX,153672499,153674077,1578
pre_xx_37824,chrX,153686723,153688297,1574
pre_xx_37825,chrX,153723104,153725341,2237
pre_xx_37826,chrX,153726328,153727461,1133
pre_xx_37827,chrX,153742516,153744871,2355
pre_xx_37828,chrX,153764785,153766733,1948
pre_xx_37829,chrX,153780316,153781292,976
pre_xx_37830,chrX,153793424,153795723,2299
pre_xx_37831,chrX,153802143,153803195,1052
pre_xx_37832,chrX,153818466,153819777,1311
pre_xx_37833,chrX,153828274,153831332,3058
pre_xx_37834,chrX,153875068,153876075,1007
pre_xx_37835,chrX,153885241,153887210,1969
pre_xx_37836,chrX,153900687,153902081,1394
pre_xx_37837,chrX,153925999,153928730,2731
pre_xx_37838,chrX,153934054,153935739,1685
pre_xx_37839,chrX,153953128,153953807,679
pre_xx_37840,chrX,153970065,153973090,3025
pre_xx_37841,chrX,154012357,154014193,1836
pre_xx_37842,chrX,154018707,154020511,1804
pre_xx_37843,chrX,154045873,154046991,1118
pre_xx_37844,chrX,154096551,154098186,1635
pre_xx_37845,chrX,154136436,154137268,832
pre_xx_37846,chrX,154368560,154369892,1332
pre_xx_37847,chrX,154370159,154372069,1910
pre_xx_37848,chrX,154373351,154373724,373
pre_xx_37849,chrX,154377983,154379988,2005
pre_xx_37850,chrX,154396897,154399017,2120
pre_xx_37851,chrX,154400890,154401677,787
pre_xx_37852,chrX,154411048,154412604,1556
pre_xx_37853,chrX,154419624,154420765,1141
pre_xx_37854,chrX,154428156,154429328,1172
pre_xx_37855,chrX,154436151,154438612,2461
pre_xx_37856,chrX,154443425,154444854,1429
pre_xx_37857,chrX,154457521,154460280,2759
pre_xx_37858,chrX,154478135,154479640,1505
pre_xx_37859,chrX,154485716,154487157,1441
pre_xx_37860,chrX,154490008,154491230,1222
pre_xx_37861,chrX,154515328,154517884,2556
pre_xx_37862,chrX,154526832,154527860,1028
pre_xx_37863,chrX,154534291,154535362,1071
pre_xx_37864,chrX,154546264,154548429,2165
pre_xx_37865,chrX,154749829,154751524,1695
pre_xx_37866,chrX,154761864,154763851,1987
pre_xx_37867,chrX,154804634,154806116,1482
pre_xx_37868,chrX,154986697,154988527,1830
pre_xx_37869,chrX,155026448,155028034,1586
pre_xx_37870,chrX,155056634,155057994,1360
pre_xx_37871,chrX,155070025,155072206,2181
pre_xx_37872,chrX,155215721,155217344,1623
pre_xx_37873,chrX,155263741,155264704,963
pre_xx_37874,chrX,155611833,155613208,1375
pre_xx_37875,chrX,155766690,155768771,2081
pre_xx_37876,chrX,155880185,155882020,1835
