ID,Chromosome,Start,End,Length
pre_xy_1,chr1,778202,779303,1101
pre_xy_2,chr1,826606,827807,1201
pre_xy_3,chr1,903989,905746,1757
pre_xy_4,chr1,923580,925857,2277
pre_xy_5,chr1,939791,941236,1445
pre_xy_6,chr1,958624,959544,920
pre_xy_7,chr1,966289,967355,1066
pre_xy_8,chr1,998438,999389,951
pre_xy_9,chr1,999595,1001227,1632
pre_xy_10,chr1,1004567,1005711,1144
pre_xy_11,chr1,1019132,1021442,2310
pre_xy_12,chr1,1032032,1034342,2310
pre_xy_13,chr1,1040031,1041428,1397
pre_xy_14,chr1,1058777,1059987,1210
pre_xy_15,chr1,1063654,1064479,825
pre_xy_16,chr1,1068526,1070143,1617
pre_xy_17,chr1,1079340,1080679,1339
pre_xy_18,chr1,1115628,1116933,1305
pre_xy_19,chr1,1200624,1201809,1185
pre_xy_20,chr1,1231085,1232921,1836
pre_xy_21,chr1,1272840,1274680,1840
pre_xy_22,chr1,1307429,1309282,1853
pre_xy_23,chr1,1324187,1325377,1190
pre_xy_24,chr1,1348463,1349998,1535
pre_xy_25,chr1,1357738,1359165,1427
pre_xy_26,chr1,1374412,1375723,1311
pre_xy_27,chr1,1398571,1400179,1608
pre_xy_28,chr1,1406334,1408052,1718
pre_xy_29,chr1,1435239,1435952,713
pre_xy_30,chr1,1470644,1471894,1250
pre_xy_31,chr1,1504530,1505788,1258
pre_xy_32,chr1,1510949,1512616,1667
pre_xy_33,chr1,1539302,1540997,1695
pre_xy_34,chr1,1573822,1575527,1705
pre_xy_35,chr1,1596914,1597934,1020
pre_xy_36,chr1,1613817,1616484,2667
pre_xy_37,chr1,1629131,1632401,3270
pre_xy_38,chr1,1658505,1659319,814
pre_xy_39,chr1,1723850,1724626,776
pre_xy_40,chr1,1745567,1746560,993
pre_xy_41,chr1,1777218,1779260,2042
pre_xy_42,chr1,1889786,1891891,2105
pre_xy_43,chr1,1908413,1909826,1413
pre_xy_44,chr1,1918176,1919955,1779
pre_xy_45,chr1,1988357,1990653,2296
pre_xy_46,chr1,2018393,2020019,1626
pre_xy_47,chr1,2049324,2051030,1706
pre_xy_48,chr1,2073022,2074353,1331
pre_xy_49,chr1,2132270,2133938,1668
pre_xy_50,chr1,2189099,2190294,1195
pre_xy_51,chr1,2194416,2195514,1098
pre_xy_52,chr1,2204218,2205872,1654
pre_xy_53,chr1,2212139,2213469,1330
pre_xy_54,chr1,2226927,2229584,2657
pre_xy_55,chr1,2230370,2230940,570
pre_xy_56,chr1,2278864,2279910,1046
pre_xy_57,chr1,2314163,2315850,1687
pre_xy_58,chr1,2321835,2323179,1344
pre_xy_59,chr1,2329879,2331505,1626
pre_xy_60,chr1,2390973,2392955,1982
pre_xy_61,chr1,2411822,2413540,1718
pre_xy_62,chr1,2525630,2527030,1400
pre_xy_63,chr1,2585208,2587431,2223
pre_xy_64,chr1,2628018,2629817,1799
pre_xy_65,chr1,2642175,2643714,1539
pre_xy_66,chr1,3068787,3070838,2051
pre_xy_67,chr1,3170104,3171589,1485
pre_xy_68,chr1,3221094,3222593,1499
pre_xy_69,chr1,3312424,3315493,3069
pre_xy_70,chr1,3348040,3349975,1935
pre_xy_71,chr1,3352048,3353358,1310
pre_xy_72,chr1,3454216,3455205,989
pre_xy_73,chr1,3530209,3532075,1866
pre_xy_74,chr1,3609819,3611951,2132
pre_xy_75,chr1,3623923,3625893,1970
pre_xy_76,chr1,3649501,3650294,793
pre_xy_77,chr1,3745922,3747602,1680
pre_xy_78,chr1,3771005,3773649,2644
pre_xy_79,chr1,3774404,3775760,1356
pre_xy_80,chr1,3795465,3797010,1545
pre_xy_81,chr1,3856401,3858495,2094
pre_xy_82,chr1,3899561,3901592,2031
pre_xy_83,chr1,4655579,4656746,1167
pre_xy_84,chr1,5966445,5967994,1549
pre_xy_85,chr1,5991009,5993260,2251
pre_xy_86,chr1,6033923,6035894,1971
pre_xy_87,chr1,6179003,6181772,2769
pre_xy_88,chr1,6198805,6200139,1334
pre_xy_89,chr1,6204912,6206524,1612
pre_xy_90,chr1,6208619,6209544,925
pre_xy_91,chr1,6235096,6236343,1247
pre_xy_92,chr1,6244864,6245705,841
pre_xy_93,chr1,6259594,6262064,2470
pre_xy_94,chr1,6275933,6277060,1127
pre_xy_95,chr1,6392682,6394216,1534
pre_xy_96,chr1,6423295,6425224,1929
pre_xy_97,chr1,6454292,6456189,1897
pre_xy_98,chr1,6484874,6486828,1954
pre_xy_99,chr1,6489735,6491120,1385
pre_xy_100,chr1,6496982,6497885,903
pre_xy_101,chr1,6553664,6554802,1138
pre_xy_102,chr1,6579201,6581129,1928
pre_xy_103,chr1,6600849,6604167,3318
pre_xy_104,chr1,6612658,6615428,2770
pre_xy_105,chr1,6624592,6626037,1445
pre_xy_106,chr1,6700837,6702260,1423
pre_xy_107,chr1,6784169,6786469,2300
pre_xy_108,chr1,6956355,6957146,791
pre_xy_109,chr1,6961821,6963713,1892
pre_xy_110,chr1,7536722,7537666,944
pre_xy_111,chr1,7669260,7670644,1384
pre_xy_112,chr1,7679621,7681198,1577
pre_xy_113,chr1,7703744,7706313,2569
pre_xy_114,chr1,7770562,7772012,1450
pre_xy_115,chr1,7783171,7784721,1550
pre_xy_116,chr1,7953644,7954635,991
pre_xy_117,chr1,7960952,7962255,1303
pre_xy_118,chr1,8025364,8027039,1675
pre_xy_119,chr1,8407603,8409517,1914
pre_xy_120,chr1,8422303,8425073,2770
pre_xy_121,chr1,8438342,8439799,1457
pre_xy_122,chr1,8525196,8526301,1105
pre_xy_123,chr1,8700289,8702278,1989
pre_xy_124,chr1,8702782,8703759,977
pre_xy_125,chr1,8816434,8818239,1805
pre_xy_126,chr1,8869058,8869872,814
pre_xy_127,chr1,8877765,8879647,1882
pre_xy_128,chr1,9110539,9111213,674
pre_xy_129,chr1,9127389,9129974,2585
pre_xy_130,chr1,9181103,9183428,2325
pre_xy_131,chr1,9195706,9197427,1721
pre_xy_132,chr1,9234093,9235482,1389
pre_xy_133,chr1,9249414,9252089,2675
pre_xy_134,chr1,9291858,9293943,2085
pre_xy_135,chr1,9371202,9372170,968
pre_xy_136,chr1,9428432,9430260,1828
pre_xy_137,chr1,9538765,9540358,1593
pre_xy_138,chr1,9588175,9589666,1491
pre_xy_139,chr1,9651424,9652758,1334
pre_xy_140,chr1,9687083,9688109,1026
pre_xy_141,chr1,9688922,9690314,1392
pre_xy_142,chr1,9822885,9824770,1885
pre_xy_143,chr1,9835212,9836630,1418
pre_xy_144,chr1,9909212,9911212,2000
pre_xy_145,chr1,9942370,9943821,1451
pre_xy_146,chr1,10032296,10033840,1544
pre_xy_147,chr1,10209686,10212125,2439
pre_xy_148,chr1,10377219,10379228,2009
pre_xy_149,chr1,10398218,10399959,1741
pre_xy_150,chr1,10429851,10431361,1510
pre_xy_151,chr1,10471717,10472847,1130
pre_xy_152,chr1,10474579,10475613,1034
pre_xy_153,chr1,10530180,10531480,1300
pre_xy_154,chr1,10638138,10639777,1639
pre_xy_155,chr1,10663213,10664090,877
pre_xy_156,chr1,10693560,10695322,1762
pre_xy_157,chr1,10793666,10795555,1889
pre_xy_158,chr1,10796075,10796931,856
pre_xy_159,chr1,10835612,10836288,676
pre_xy_160,chr1,10866363,10868275,1912
pre_xy_161,chr1,10888296,10891455,3159
pre_xy_162,chr1,11011757,11013413,1656
pre_xy_163,chr1,11059176,11060981,1805
pre_xy_164,chr1,11099117,11100252,1135
pre_xy_165,chr1,11261750,11262992,1242
pre_xy_166,chr1,11272380,11273864,1484
pre_xy_167,chr1,11337497,11338521,1024
pre_xy_168,chr1,11339226,11340286,1060
pre_xy_169,chr1,11478456,11480680,2224
pre_xy_170,chr1,11653855,11655173,1318
pre_xy_171,chr1,11663851,11665266,1415
pre_xy_172,chr1,11680366,11681947,1581
pre_xy_173,chr1,11690448,11692659,2211
pre_xy_174,chr1,11735525,11737068,1543
pre_xy_175,chr1,11784508,11785455,947
pre_xy_176,chr1,11803039,11803961,922
pre_xy_177,chr1,11804817,11806553,1736
pre_xy_178,chr1,11907527,11910006,2479
pre_xy_179,chr1,11925711,11926734,1023
pre_xy_180,chr1,11933994,11935095,1101
pre_xy_181,chr1,11979560,11980918,1358
pre_xy_182,chr1,12018894,12020110,1216
pre_xy_183,chr1,12229426,12231418,1992
pre_xy_184,chr1,12477656,12478966,1310
pre_xy_185,chr1,12548677,12550259,1582
pre_xy_186,chr1,12594873,12596706,1833
pre_xy_187,chr1,12615730,12617367,1637
pre_xy_188,chr1,12617673,12618761,1088
pre_xy_189,chr1,12618968,12620142,1174
pre_xy_190,chr1,13583514,13584750,1236
pre_xy_191,chr1,13699571,13701136,1565
pre_xy_192,chr1,13748618,13750118,1500
pre_xy_193,chr1,13892191,13893640,1449
pre_xy_194,chr1,14597673,14599737,2064
pre_xy_195,chr1,14923713,14925347,1634
pre_xy_196,chr1,15088048,15090829,2781
pre_xy_197,chr1,15152260,15155037,2777
pre_xy_198,chr1,15246818,15247731,913
pre_xy_199,chr1,15409022,15410809,1787
pre_xy_200,chr1,15523834,15525499,1665
pre_xy_201,chr1,15526374,15527233,859
pre_xy_202,chr1,15602888,15604024,1136
pre_xy_203,chr1,15616659,15618306,1647
pre_xy_204,chr1,15758241,15759634,1393
pre_xy_205,chr1,15834119,15836415,2296
pre_xy_206,chr1,15846982,15848891,1909
pre_xy_207,chr1,15849079,15850276,1197
pre_xy_208,chr1,15885306,15887046,1740
pre_xy_209,chr1,15948944,15950325,1381
pre_xy_210,chr1,15974910,15976299,1389
pre_xy_211,chr1,16017387,16018625,1238
pre_xy_212,chr1,16055574,16056464,890
pre_xy_213,chr1,16144916,16146861,1945
pre_xy_214,chr1,16154608,16156435,1827
pre_xy_215,chr1,16167226,16168355,1129
pre_xy_216,chr1,16206172,16207351,1179
pre_xy_217,chr1,16216925,16218107,1182
pre_xy_218,chr1,16236097,16237639,1542
pre_xy_219,chr1,16350871,16352923,2052
pre_xy_220,chr1,16366698,16368383,1685
pre_xy_221,chr1,16440128,16441558,1430
pre_xy_222,chr1,16498492,16499926,1434
pre_xy_223,chr1,16513424,16514774,1350
pre_xy_224,chr1,16612004,16614016,2012
pre_xy_225,chr1,16643709,16645612,1903
pre_xy_226,chr1,16872150,16873768,1618
pre_xy_227,chr1,16888546,16889890,1344
pre_xy_228,chr1,16895158,16897310,2152
pre_xy_229,chr1,16903597,16905805,2208
pre_xy_230,chr1,16913249,16914692,1443
pre_xy_231,chr1,16960307,16962010,1703
pre_xy_232,chr1,16979538,16980863,1325
pre_xy_233,chr1,17010601,17012307,1706
pre_xy_234,chr1,17053282,17054734,1452
pre_xy_235,chr1,17437151,17440090,2939
pre_xy_236,chr1,17538048,17541043,2995
pre_xy_237,chr1,18383995,18386086,2091
pre_xy_238,chr1,18901855,18903474,1619
pre_xy_239,chr1,18955363,18957479,2116
pre_xy_240,chr1,19209229,19211055,1826
pre_xy_241,chr1,19250992,19252508,1516
pre_xy_242,chr1,19311045,19312923,1878
pre_xy_243,chr1,19484198,19486187,1989
pre_xy_244,chr1,19596151,19597816,1665
pre_xy_245,chr1,19643518,19645494,1976
pre_xy_246,chr1,19659430,19660114,684
pre_xy_247,chr1,19708393,19709585,1192
pre_xy_248,chr1,19881887,19883097,1210
pre_xy_249,chr1,19921295,19922669,1374
pre_xy_250,chr1,19974657,19976154,1497
pre_xy_251,chr1,20185324,20186831,1507
pre_xy_252,chr1,20290335,20292053,1718
pre_xy_253,chr1,20342794,20344168,1374
pre_xy_254,chr1,20483688,20484776,1088
pre_xy_255,chr1,20485233,20487165,1932
pre_xy_256,chr1,20507093,20508431,1338
pre_xy_257,chr1,20551907,20554035,2128
pre_xy_258,chr1,20633002,20634864,1862
pre_xy_259,chr1,20660694,20662265,1571
pre_xy_260,chr1,20696076,20697370,1294
pre_xy_261,chr1,20717224,20718332,1108
pre_xy_262,chr1,20731321,20733404,2083
pre_xy_263,chr1,20785995,20788159,2164
pre_xy_264,chr1,21175359,21177415,2056
pre_xy_265,chr1,21261630,21263248,1618
pre_xy_266,chr1,21268202,21270514,2312
pre_xy_267,chr1,21289422,21290938,1516
pre_xy_268,chr1,21324090,21325732,1642
pre_xy_269,chr1,21344130,21346200,2070
pre_xy_270,chr1,21439560,21440753,1193
pre_xy_271,chr1,21508607,21510235,1628
pre_xy_272,chr1,21618290,21619492,1202
pre_xy_273,chr1,21651052,21652369,1317
pre_xy_274,chr1,21658957,21659716,759
pre_xy_275,chr1,21668377,21670196,1819
pre_xy_276,chr1,21781621,21783966,2345
pre_xy_277,chr1,21914173,21915508,1335
pre_xy_278,chr1,21936691,21937937,1246
pre_xy_279,chr1,22024450,22026401,1951
pre_xy_280,chr1,22052116,22053857,1741
pre_xy_281,chr1,22121117,22121929,812
pre_xy_282,chr1,22141439,22143789,2350
pre_xy_283,chr1,22262409,22263060,651
pre_xy_284,chr1,22267506,22268303,797
pre_xy_285,chr1,22341777,22343050,1273
pre_xy_286,chr1,22349314,22351923,2609
pre_xy_287,chr1,22451152,22452826,1674
pre_xy_288,chr1,22684789,22686183,1394
pre_xy_289,chr1,22709796,22712031,2235
pre_xy_290,chr1,22791725,22793109,1384
pre_xy_291,chr1,23018769,23020444,1675
pre_xy_292,chr1,23167169,23169045,1876
pre_xy_293,chr1,23177124,23178574,1450
pre_xy_294,chr1,23216529,23218016,1487
pre_xy_295,chr1,23343275,23345158,1883
pre_xy_296,chr1,23367825,23370106,2281
pre_xy_297,chr1,23403469,23404260,791
pre_xy_298,chr1,23411350,23412459,1109
pre_xy_299,chr1,23421750,23425243,3493
pre_xy_300,chr1,23482954,23485061,2107
pre_xy_301,chr1,23530475,23531969,1494
pre_xy_302,chr1,23539490,23540269,779
pre_xy_303,chr1,23554318,23555314,996
pre_xy_304,chr1,23558966,23560107,1141
pre_xy_305,chr1,23561968,23562713,745
pre_xy_306,chr1,23567657,23569925,2268
pre_xy_307,chr1,23691285,23692374,1089
pre_xy_308,chr1,23742776,23744231,1455
pre_xy_309,chr1,23777746,23778854,1108
pre_xy_310,chr1,23790718,23792101,1383
pre_xy_311,chr1,23799450,23801416,1966
pre_xy_312,chr1,23824738,23825799,1061
pre_xy_313,chr1,23867562,23868903,1341
pre_xy_314,chr1,23958686,23960369,1683
pre_xy_315,chr1,23979488,23980704,1216
pre_xy_316,chr1,24018362,24019340,978
pre_xy_317,chr1,24102926,24103904,978
pre_xy_318,chr1,24150138,24151623,1485
pre_xy_319,chr1,24186675,24188015,1340
pre_xy_320,chr1,24321440,24322985,1545
pre_xy_321,chr1,24413137,24414001,864
pre_xy_322,chr1,24415198,24416335,1137
pre_xy_323,chr1,24501825,24503584,1759
pre_xy_324,chr1,24641713,24644160,2447
pre_xy_325,chr1,24744648,24746361,1713
pre_xy_326,chr1,24847701,24848830,1129
pre_xy_327,chr1,25231894,25233431,1537
pre_xy_328,chr1,25239245,25240472,1227
pre_xy_329,chr1,25245926,25248062,2136
pre_xy_330,chr1,25337923,25339468,1545
pre_xy_331,chr1,25429836,25431770,1934
pre_xy_332,chr1,25543137,25544308,1171
pre_xy_333,chr1,25615691,25618356,2665
pre_xy_334,chr1,25799384,25800873,1489
pre_xy_335,chr1,25818995,25821121,2126
pre_xy_336,chr1,25858689,25860232,1543
pre_xy_337,chr1,25874623,25876276,1653
pre_xy_338,chr1,25895086,25895852,766
pre_xy_339,chr1,25904992,25907211,2219
pre_xy_340,chr1,25922052,25924002,1950
pre_xy_341,chr1,25996922,25998996,2074
pre_xy_342,chr1,26034887,26036859,1972
pre_xy_343,chr1,26110577,26112603,2026
pre_xy_344,chr1,26161220,26162224,1004
pre_xy_345,chr1,26169239,26170391,1152
pre_xy_346,chr1,26188492,26190798,2306
pre_xy_347,chr1,26200663,26202115,1452
pre_xy_348,chr1,26224557,26225927,1370
pre_xy_349,chr1,26233463,26235264,1801
pre_xy_350,chr1,26279402,26280615,1213
pre_xy_351,chr1,26305807,26307211,1404
pre_xy_352,chr1,26335946,26337245,1299
pre_xy_353,chr1,26431563,26432704,1141
pre_xy_354,chr1,26471448,26473357,1909
pre_xy_355,chr1,26500002,26501749,1747
pre_xy_356,chr1,26529216,26530714,1498
pre_xy_357,chr1,26619891,26621781,1890
pre_xy_358,chr1,26692178,26693462,1284
pre_xy_359,chr1,26695241,26696385,1144
pre_xy_360,chr1,26697882,26698624,742
pre_xy_361,chr1,26723017,26724370,1353
pre_xy_362,chr1,26786613,26788529,1916
pre_xy_363,chr1,26826033,26827984,1951
pre_xy_364,chr1,26864155,26865978,1823
pre_xy_365,chr1,26889524,26890851,1327
pre_xy_366,chr1,26899653,26900787,1134
pre_xy_367,chr1,26921064,26922465,1401
pre_xy_368,chr1,26959489,26960762,1273
pre_xy_369,chr1,26993043,26995148,2105
pre_xy_370,chr1,27011867,27013409,1542
pre_xy_371,chr1,27031092,27032130,1038
pre_xy_372,chr1,27070460,27071569,1109
pre_xy_373,chr1,27111698,27112624,926
pre_xy_374,chr1,27154526,27155630,1104
pre_xy_375,chr1,27233805,27235737,1932
pre_xy_376,chr1,27299329,27301233,1904
pre_xy_377,chr1,27306791,27308224,1433
pre_xy_378,chr1,27321771,27322759,988
pre_xy_379,chr1,27349185,27350189,1004
pre_xy_380,chr1,27350435,27351698,1263
pre_xy_381,chr1,27356749,27357862,1113
pre_xy_382,chr1,27365275,27367258,1983
pre_xy_383,chr1,27382423,27383559,1136
pre_xy_384,chr1,27391378,27392887,1509
pre_xy_385,chr1,27489495,27490759,1264
pre_xy_386,chr1,27496503,27497611,1108
pre_xy_387,chr1,27503850,27505576,1726
pre_xy_388,chr1,27526914,27529531,2617
pre_xy_389,chr1,27556697,27558223,1526
pre_xy_390,chr1,27568159,27569292,1133
pre_xy_391,chr1,27574196,27576198,2002
pre_xy_392,chr1,27600313,27600695,382
pre_xy_393,chr1,27601769,27602713,944
pre_xy_394,chr1,27602961,27604519,1558
pre_xy_395,chr1,27658837,27660340,1503
pre_xy_396,chr1,27671725,27672619,894
pre_xy_397,chr1,27724523,27726658,2135
pre_xy_398,chr1,27772647,27774015,1368
pre_xy_399,chr1,27829846,27831448,1602
pre_xy_400,chr1,27914008,27915134,1126
pre_xy_401,chr1,27959324,27960559,1235
pre_xy_402,chr1,28087608,28088971,1363
pre_xy_403,chr1,28232515,28233188,673
pre_xy_404,chr1,28235539,28237189,1650
pre_xy_405,chr1,28246389,28247585,1196
pre_xy_406,chr1,28258631,28260827,2196
pre_xy_407,chr1,28296190,28297362,1172
pre_xy_408,chr1,28328283,28329741,1458
pre_xy_409,chr1,28369104,28370647,1543
pre_xy_410,chr1,28505383,28506685,1302
pre_xy_411,chr1,28517656,28519019,1363
pre_xy_412,chr1,28552340,28553748,1408
pre_xy_413,chr1,28580897,28582534,1637
pre_xy_414,chr1,28642108,28643548,1440
pre_xy_415,chr1,28647945,28649533,1588
pre_xy_416,chr1,28668164,28670101,1937
pre_xy_417,chr1,28736050,28738081,2031
pre_xy_418,chr1,28774730,28775637,907
pre_xy_419,chr1,28881886,28882441,555
pre_xy_420,chr1,28886698,28888462,1764
pre_xy_421,chr1,28913787,28915650,1863
pre_xy_422,chr1,29121203,29125401,4198
pre_xy_423,chr1,29156206,29157545,1339
pre_xy_424,chr1,29180950,29182572,1622
pre_xy_425,chr1,29230433,29231192,759
pre_xy_426,chr1,29236027,29236844,817
pre_xy_427,chr1,29237153,29238563,1410
pre_xy_428,chr1,29259111,29260470,1359
pre_xy_429,chr1,30378899,30380668,1769
pre_xy_430,chr1,30684976,30686019,1043
pre_xy_431,chr1,30707618,30708431,813
pre_xy_432,chr1,30717753,30719554,1801
pre_xy_433,chr1,30782323,30783567,1244
pre_xy_434,chr1,30823822,30824961,1139
pre_xy_435,chr1,30895355,30896521,1166
pre_xy_436,chr1,31064704,31066153,1449
pre_xy_437,chr1,31154412,31155834,1422
pre_xy_438,chr1,31181282,31182761,1479
pre_xy_439,chr1,31214689,31216598,1909
pre_xy_440,chr1,31238620,31240197,1577
pre_xy_441,chr1,31296249,31298109,1860
pre_xy_442,chr1,31372604,31374071,1467
pre_xy_443,chr1,31412816,31414842,2026
pre_xy_444,chr1,31510810,31511728,918
pre_xy_445,chr1,31548376,31549954,1578
pre_xy_446,chr1,31587756,31589304,1548
pre_xy_447,chr1,31617453,31618472,1019
pre_xy_448,chr1,31625978,31628412,2434
pre_xy_449,chr1,31644128,31645464,1336
pre_xy_450,chr1,31703491,31705559,2068
pre_xy_451,chr1,31714277,31715949,1672
pre_xy_452,chr1,31760414,31761252,838
pre_xy_453,chr1,31762479,31763200,721
pre_xy_454,chr1,31763841,31764716,875
pre_xy_455,chr1,31787971,31789581,1610
pre_xy_456,chr1,31937298,31938914,1616
pre_xy_457,chr1,31944014,31945114,1100
pre_xy_458,chr1,32013116,32015017,1901
pre_xy_459,chr1,32072275,32073669,1394
pre_xy_460,chr1,32107426,32108926,1500
pre_xy_461,chr1,32179091,32180803,1712
pre_xy_462,chr1,32200087,32201947,1860
pre_xy_463,chr1,32205082,32206358,1276
pre_xy_464,chr1,32221775,32222971,1196
pre_xy_465,chr1,32239308,32241820,2512
pre_xy_466,chr1,32247884,32248844,960
pre_xy_467,chr1,32291577,32292847,1270
pre_xy_468,chr1,32334844,32336789,1945
pre_xy_469,chr1,32351005,32352424,1419
pre_xy_470,chr1,32353240,32354500,1260
pre_xy_471,chr1,32361083,32362700,1617
pre_xy_472,chr1,32393859,32395297,1438
pre_xy_473,chr1,32426367,32427440,1073
pre_xy_474,chr1,32464006,32465878,1872
pre_xy_475,chr1,32499930,32501190,1260
pre_xy_476,chr1,32538885,32540393,1508
pre_xy_477,chr1,32650020,32651795,1775
pre_xy_478,chr1,32701232,32703972,2740
pre_xy_479,chr1,32741064,32742767,1703
pre_xy_480,chr1,32753495,32755494,1999
pre_xy_481,chr1,32759537,32760659,1122
pre_xy_482,chr1,32765219,32766165,946
pre_xy_483,chr1,32770606,32772147,1541
pre_xy_484,chr1,32816634,32818733,2099
pre_xy_485,chr1,32870066,32872962,2896
pre_xy_486,chr1,32885917,32886915,998
pre_xy_487,chr1,32892729,32894512,1783
pre_xy_488,chr1,32900378,32901787,1409
pre_xy_489,chr1,32963605,32965159,1554
pre_xy_490,chr1,32972552,32973460,908
pre_xy_491,chr1,33036024,33037227,1203
pre_xy_492,chr1,33080673,33081761,1088
pre_xy_493,chr1,33126773,33127897,1124
pre_xy_494,chr1,33180387,33182854,2467
pre_xy_495,chr1,33255273,33257497,2224
pre_xy_496,chr1,33305956,33307433,1477
pre_xy_497,chr1,33348745,33350668,1923
pre_xy_498,chr1,33363466,33364852,1386
pre_xy_499,chr1,33429910,33431399,1489
pre_xy_500,chr1,33471826,33472941,1115
pre_xy_501,chr1,34162869,34165401,2532
pre_xy_502,chr1,34852469,34853157,688
pre_xy_503,chr1,34858837,34860094,1257
pre_xy_504,chr1,34865543,34867081,1538
pre_xy_505,chr1,34884852,34886323,1471
pre_xy_506,chr1,34928923,34930639,1716
pre_xy_507,chr1,34983772,34985725,1953
pre_xy_508,chr1,35030708,35032186,1478
pre_xy_509,chr1,35078509,35079946,1437
pre_xy_510,chr1,35191763,35193491,1728
pre_xy_511,chr1,35268308,35269568,1260
pre_xy_512,chr1,35556775,35559173,2398
pre_xy_513,chr1,35576779,35578034,1255
pre_xy_514,chr1,35641001,35642257,1256
pre_xy_515,chr1,35707126,35708833,1707
pre_xy_516,chr1,35717820,35719346,1526
pre_xy_517,chr1,35769090,35770288,1198
pre_xy_518,chr1,35807406,35809153,1747
pre_xy_519,chr1,35882617,35884267,1650
pre_xy_520,chr1,35930110,35931941,1831
pre_xy_521,chr1,36083676,36084618,942
pre_xy_522,chr1,36088205,36089874,1669
pre_xy_523,chr1,36124536,36126193,1657
pre_xy_524,chr1,36148920,36149965,1045
pre_xy_525,chr1,36150300,36151164,864
pre_xy_526,chr1,36155050,36157677,2627
pre_xy_527,chr1,36223171,36225109,1938
pre_xy_528,chr1,36305752,36307847,2095
pre_xy_529,chr1,36320263,36321916,1653
pre_xy_530,chr1,36322621,36324621,2000
pre_xy_531,chr1,36384743,36387003,2260
pre_xy_532,chr1,36397079,36398314,1235
pre_xy_533,chr1,36449795,36451221,1426
pre_xy_534,chr1,36463430,36464917,1487
pre_xy_535,chr1,36988144,36989759,1615
pre_xy_536,chr1,37033600,37035232,1632
pre_xy_537,chr1,37473740,37475138,1398
pre_xy_538,chr1,37513636,37515312,1676
pre_xy_539,chr1,37553745,37554519,774
pre_xy_540,chr1,37556546,37557140,594
pre_xy_541,chr1,37595267,37596503,1236
pre_xy_542,chr1,37633696,37635119,1423
pre_xy_543,chr1,37689704,37690861,1157
pre_xy_544,chr1,37691523,37692805,1282
pre_xy_545,chr1,37807330,37809382,2052
pre_xy_546,chr1,37858907,37860401,1494
pre_xy_547,chr1,37931185,37932243,1058
pre_xy_548,chr1,37945796,37947268,1472
pre_xy_549,chr1,37989143,37990420,1277
pre_xy_550,chr1,37995676,37996869,1193
pre_xy_551,chr1,37999370,38001039,1669
pre_xy_552,chr1,38004716,38005931,1215
pre_xy_553,chr1,38012029,38013339,1310
pre_xy_554,chr1,38028697,38031171,2474
pre_xy_555,chr1,38046372,38048052,1680
pre_xy_556,chr1,38474889,38477303,2414
pre_xy_557,chr1,38858624,38860378,1754
pre_xy_558,chr1,38872592,38873860,1268
pre_xy_559,chr1,38990467,38992393,1926
pre_xy_560,chr1,39025650,39027286,1636
pre_xy_561,chr1,39080480,39082833,2353
pre_xy_562,chr1,39098089,39098967,878
pre_xy_563,chr1,39104676,39106700,2024
pre_xy_564,chr1,39407879,39409790,1911
pre_xy_565,chr1,39490680,39492357,1677
pre_xy_566,chr1,39575237,39577129,1892
pre_xy_567,chr1,39645979,39647183,1204
pre_xy_568,chr1,39690891,39692753,1862
pre_xy_569,chr1,39738327,39739526,1199
pre_xy_570,chr1,39845234,39846569,1335
pre_xy_571,chr1,39882707,39883918,1211
pre_xy_572,chr1,39900796,39902590,1794
pre_xy_573,chr1,39954693,39955958,1265
pre_xy_574,chr1,40039173,40041210,2037
pre_xy_575,chr1,40096590,40097812,1222
pre_xy_576,chr1,40160857,40162088,1231
pre_xy_577,chr1,40257238,40258614,1376
pre_xy_578,chr1,40314724,40317428,2704
pre_xy_579,chr1,40373087,40374953,1866
pre_xy_580,chr1,40449501,40450837,1336
pre_xy_581,chr1,40476765,40478181,1416
pre_xy_582,chr1,40508284,40509445,1161
pre_xy_583,chr1,40531016,40532231,1215
pre_xy_584,chr1,40665021,40666092,1071
pre_xy_585,chr1,40691010,40692738,1728
pre_xy_586,chr1,40708645,40709812,1167
pre_xy_587,chr1,40783096,40784581,1485
pre_xy_588,chr1,40817784,40819111,1327
pre_xy_589,chr1,40860713,40862842,2129
pre_xy_590,chr1,40978951,40980618,1667
pre_xy_591,chr1,41003196,41004202,1006
pre_xy_592,chr1,41240227,41242873,2646
pre_xy_593,chr1,41360719,41362179,1460
pre_xy_594,chr1,41365784,41367005,1221
pre_xy_595,chr1,41370497,41372626,2129
pre_xy_596,chr1,41380574,41383053,2479
pre_xy_597,chr1,41495911,41497069,1158
pre_xy_598,chr1,41515740,41517298,1558
pre_xy_599,chr1,41661373,41663123,1750
pre_xy_600,chr1,41917541,41919012,1471
pre_xy_601,chr1,42034883,42036329,1446
pre_xy_602,chr1,42333790,42335992,2202
pre_xy_603,chr1,42379783,42381294,1511
pre_xy_604,chr1,42420668,42421732,1064
pre_xy_605,chr1,42455548,42457066,1518
pre_xy_606,chr1,42462700,42463840,1140
pre_xy_607,chr1,42657640,42659114,1474
pre_xy_608,chr1,42681137,42683551,2414
pre_xy_609,chr1,42765545,42767808,2263
pre_xy_610,chr1,42815966,42817585,1619
pre_xy_611,chr1,42845893,42847136,1243
pre_xy_612,chr1,42923773,42925187,1414
pre_xy_613,chr1,42957672,42959454,1782
pre_xy_614,chr1,42962701,42963972,1271
pre_xy_615,chr1,43007201,43009115,1914
pre_xy_616,chr1,43147177,43148239,1062
pre_xy_617,chr1,43171630,43172853,1223
pre_xy_618,chr1,43348352,43349853,1501
pre_xy_619,chr1,43358039,43359357,1318
pre_xy_620,chr1,43366845,43368632,1787
pre_xy_621,chr1,43389201,43390253,1052
pre_xy_622,chr1,43452834,43454812,1978
pre_xy_623,chr1,43530534,43532137,1603
pre_xy_624,chr1,43549804,43550792,988
pre_xy_625,chr1,43557676,43559030,1354
pre_xy_626,chr1,43565325,43566292,967
pre_xy_627,chr1,43649179,43650831,1652
pre_xy_628,chr1,43706591,43708195,1604
pre_xy_629,chr1,43933152,43935091,1939
pre_xy_630,chr1,43945845,43947399,1554
pre_xy_631,chr1,43969325,43970228,903
pre_xy_632,chr1,43974158,43975757,1599
pre_xy_633,chr1,43978682,43980199,1517
pre_xy_634,chr1,43990988,43992344,1356
pre_xy_635,chr1,44029523,44031863,2340
pre_xy_636,chr1,44212693,44214003,1310
pre_xy_637,chr1,44237687,44240408,2721
pre_xy_638,chr1,44354516,44355733,1217
pre_xy_639,chr1,44404934,44407181,2247
pre_xy_640,chr1,44523754,44525622,1868
pre_xy_641,chr1,44631280,44632948,1668
pre_xy_642,chr1,44661632,44662973,1341
pre_xy_643,chr1,44673601,44674935,1334
pre_xy_644,chr1,44730449,44731557,1108
pre_xy_645,chr1,44739161,44740336,1175
pre_xy_646,chr1,44774920,44776755,1835
pre_xy_647,chr1,44783780,44784914,1134
pre_xy_648,chr1,44785998,44786779,781
pre_xy_649,chr1,44799411,44801022,1611
pre_xy_650,chr1,44807022,44808886,1864
pre_xy_651,chr1,44813002,44814081,1079
pre_xy_652,chr1,44819064,44821402,2338
pre_xy_653,chr1,44842317,44843707,1390
pre_xy_654,chr1,44985735,44986944,1209
pre_xy_655,chr1,45010349,45013016,2667
pre_xy_656,chr1,45204863,45207054,2191
pre_xy_657,chr1,45303139,45304390,1251
pre_xy_658,chr1,45326329,45327627,1298
pre_xy_659,chr1,45339369,45340735,1366
pre_xy_660,chr1,45490086,45491693,1607
pre_xy_661,chr1,45499327,45500603,1276
pre_xy_662,chr1,45520746,45522287,1541
pre_xy_663,chr1,45550238,45551375,1137
pre_xy_664,chr1,45583205,45585192,1987
pre_xy_665,chr1,45685636,45687699,2063
pre_xy_666,chr1,45687825,45688501,676
pre_xy_667,chr1,45749889,45751091,1202
pre_xy_668,chr1,45802484,45804491,2007
pre_xy_669,chr1,46131263,46133572,2309
pre_xy_670,chr1,46197882,46198813,931
pre_xy_671,chr1,46202777,46204859,2082
pre_xy_672,chr1,46246604,46248008,1404
pre_xy_673,chr1,46301295,46303941,2646
pre_xy_674,chr1,46339777,46342306,2529
pre_xy_675,chr1,46393938,46395515,1577
pre_xy_676,chr1,46488950,46490667,1717
pre_xy_677,chr1,46532687,46533765,1078
pre_xy_678,chr1,46603527,46604589,1062
pre_xy_679,chr1,46667385,46668752,1367
pre_xy_680,chr1,46718225,46719639,1414
pre_xy_681,chr1,47023115,47024318,1203
pre_xy_682,chr1,47178845,47179699,854
pre_xy_683,chr1,47224642,47226076,1434
pre_xy_684,chr1,47313327,47314904,1577
pre_xy_685,chr1,47333072,47334885,1813
pre_xy_686,chr1,47437004,47438170,1166
pre_xy_687,chr1,47507616,47509451,1835
pre_xy_688,chr1,47532626,47534601,1975
pre_xy_689,chr1,47592640,47593622,982
pre_xy_690,chr1,47708569,47710824,2255
pre_xy_691,chr1,47724729,47726566,1837
pre_xy_692,chr1,47865879,47867793,1914
pre_xy_693,chr1,47996163,47997948,1785
pre_xy_694,chr1,48471098,48472702,1604
pre_xy_695,chr1,48775893,48777843,1950
pre_xy_696,chr1,50023323,50024311,988
pre_xy_697,chr1,50959267,50960800,1533
pre_xy_698,chr1,50967861,50970339,2478
pre_xy_699,chr1,50976522,50978651,2129
pre_xy_700,chr1,51235646,51237371,1725
pre_xy_701,chr1,51517468,51519584,2116
pre_xy_702,chr1,51616817,51617934,1117
pre_xy_703,chr1,51728529,51730302,1773
pre_xy_704,chr1,51877462,51879540,2078
pre_xy_705,chr1,51989482,51990978,1496
pre_xy_706,chr1,52032276,52034045,1769
pre_xy_707,chr1,52054712,52057079,2367
pre_xy_708,chr1,52140999,52143079,2080
pre_xy_709,chr1,52364974,52366670,1696
pre_xy_710,chr1,52368382,52369074,692
pre_xy_711,chr1,52403585,52405141,1556
pre_xy_712,chr1,52552172,52553985,1813
pre_xy_713,chr1,52601658,52603603,1945
pre_xy_714,chr1,52632419,52633671,1252
pre_xy_715,chr1,52697590,52698733,1143
pre_xy_716,chr1,52702814,52703657,843
pre_xy_717,chr1,52725947,52727451,1504
pre_xy_718,chr1,52842356,52843711,1355
pre_xy_719,chr1,52920597,52921950,1353
pre_xy_720,chr1,52926741,52928262,1521
pre_xy_721,chr1,53061301,53063496,2195
pre_xy_722,chr1,53195446,53197988,2542
pre_xy_723,chr1,53219742,53221017,1275
pre_xy_724,chr1,53237728,53239129,1401
pre_xy_725,chr1,53315798,53317947,2149
pre_xy_726,chr1,53325762,53328994,3232
pre_xy_727,chr1,53737666,53739672,2006
pre_xy_728,chr1,53837221,53838783,1562
pre_xy_729,chr1,53889180,53890409,1229
pre_xy_730,chr1,53944941,53946656,1715
pre_xy_731,chr1,54051925,54054086,2161
pre_xy_732,chr1,54199458,54200789,1331
pre_xy_733,chr1,54272343,54274145,1802
pre_xy_734,chr1,54355681,54357133,1452
pre_xy_735,chr1,54405641,54408197,2556
pre_xy_736,chr1,54487363,54489721,2358
pre_xy_737,chr1,54498978,54500316,1338
pre_xy_738,chr1,54541799,54543367,1568
pre_xy_739,chr1,54547480,54549116,1636
pre_xy_740,chr1,54715044,54716370,1326
pre_xy_741,chr1,54763671,54765104,1433
pre_xy_742,chr1,54780959,54781815,856
pre_xy_743,chr1,54800287,54801729,1442
pre_xy_744,chr1,54886011,54887983,1972
pre_xy_745,chr1,55039146,55040784,1638
pre_xy_746,chr1,55213850,55216064,2214
pre_xy_747,chr1,56576898,56579852,2954
pre_xy_748,chr1,56644255,56646444,2189
pre_xy_749,chr1,57422169,57424965,2796
pre_xy_750,chr1,58089239,58090521,1282
pre_xy_751,chr1,58545393,58547036,1643
pre_xy_752,chr1,58576068,58577640,1572
pre_xy_753,chr1,58699176,58700506,1330
pre_xy_754,chr1,58779666,58781255,1589
pre_xy_755,chr1,58781480,58781999,519
pre_xy_756,chr1,58782529,58785731,3202
pre_xy_757,chr1,58814468,58816713,2245
pre_xy_758,chr1,58903226,58904332,1106
pre_xy_759,chr1,59295978,59297357,1379
pre_xy_760,chr1,59392847,59394195,1348
pre_xy_761,chr1,59814160,59815578,1418
pre_xy_762,chr1,61042515,61043912,1397
pre_xy_763,chr1,61049712,61051223,1511
pre_xy_764,chr1,61056309,61058034,1725
pre_xy_765,chr1,61076560,61077503,943
pre_xy_766,chr1,61077719,61078271,552
pre_xy_767,chr1,61079417,61080198,781
pre_xy_768,chr1,61081675,61083885,2210
pre_xy_769,chr1,61452396,61453917,1521
pre_xy_770,chr1,61724320,61725745,1425
pre_xy_771,chr1,61741755,61743534,1779
pre_xy_772,chr1,62318105,62319567,1462
pre_xy_773,chr1,62435771,62437716,1945
pre_xy_774,chr1,62687273,62688863,1590
pre_xy_775,chr1,62783287,62784850,1563
pre_xy_776,chr1,63367002,63368239,1237
pre_xy_777,chr1,63522634,63524090,1456
pre_xy_778,chr1,63592859,63594627,1768
pre_xy_779,chr1,63773567,63775453,1886
pre_xy_780,chr1,64469598,64471729,2131
pre_xy_781,chr1,64505084,64506318,1234
pre_xy_782,chr1,64513532,64514790,1258
pre_xy_783,chr1,64567566,64568508,942
pre_xy_784,chr1,64744157,64746131,1974
pre_xy_785,chr1,64965218,64967626,2408
pre_xy_786,chr1,65002234,65003554,1320
pre_xy_787,chr1,65066055,65068870,2815
pre_xy_788,chr1,65147250,65149569,2319
pre_xy_789,chr1,65253962,65255652,1690
pre_xy_790,chr1,65265285,65266349,1064
pre_xy_791,chr1,65308958,65310431,1473
pre_xy_792,chr1,65419627,65421448,1821
pre_xy_793,chr1,65524968,65526201,1233
pre_xy_794,chr1,65791372,65793630,2258
pre_xy_795,chr1,66532769,66534609,1840
pre_xy_796,chr1,66924153,66925713,1560
pre_xy_797,chr1,66929736,66931053,1317
pre_xy_798,chr1,67052720,67054632,1912
pre_xy_799,chr1,67429005,67431264,2259
pre_xy_800,chr1,67684652,67687060,2408
pre_xy_801,chr1,67831341,67833805,2464
pre_xy_802,chr1,68049807,68050877,1070
pre_xy_803,chr1,68140600,68142724,2124
pre_xy_804,chr1,68230303,68233210,2907
pre_xy_805,chr1,68292876,68294437,1561
pre_xy_806,chr1,68495989,68497609,1620
pre_xy_807,chr1,69566826,69568849,2023
pre_xy_808,chr1,70204646,70206154,1508
pre_xy_809,chr1,70220987,70222055,1068
pre_xy_810,chr1,70353453,70355197,1744
pre_xy_811,chr1,70410301,70411663,1362
pre_xy_812,chr1,71046440,71048085,1645
pre_xy_813,chr1,71080169,71081568,1399
pre_xy_814,chr1,71189396,71190309,913
pre_xy_815,chr1,72281931,72285050,3119
pre_xy_816,chr1,74197548,74198626,1078
pre_xy_817,chr1,74732345,74734015,1670
pre_xy_818,chr1,75614455,75617090,2635
pre_xy_819,chr1,75723866,75725104,1238
pre_xy_820,chr1,75785598,75786808,1210
pre_xy_821,chr1,76074054,76075312,1258
pre_xy_822,chr1,76867267,76869225,1958
pre_xy_823,chr1,77218593,77220091,1498
pre_xy_824,chr1,77281565,77283088,1523
pre_xy_825,chr1,77681790,77683934,2144
pre_xy_826,chr1,77758805,77760175,1370
pre_xy_827,chr1,77779175,77780295,1120
pre_xy_828,chr1,77887992,77889868,1876
pre_xy_829,chr1,77977920,77979908,1988
pre_xy_830,chr1,78003936,78006228,2292
pre_xy_831,chr1,78045333,78047485,2152
pre_xy_832,chr1,78490610,78492080,1470
pre_xy_833,chr1,81799955,81803554,3599
pre_xy_834,chr1,81919963,81920794,831
pre_xy_835,chr1,83998334,83999612,1278
pre_xy_836,chr1,84077263,84078924,1661
pre_xy_837,chr1,84297997,84299421,1424
pre_xy_838,chr1,84478898,84480158,1260
pre_xy_839,chr1,84505197,84506900,1703
pre_xy_840,chr1,84573538,84574776,1238
pre_xy_841,chr1,84620164,84621276,1112
pre_xy_842,chr1,84689394,84691283,1889
pre_xy_843,chr1,84892237,84893665,1428
pre_xy_844,chr1,84996374,84998557,2183
pre_xy_845,chr1,85047148,85049023,1875
pre_xy_846,chr1,85061631,85062677,1046
pre_xy_847,chr1,85200109,85202140,2031
pre_xy_848,chr1,85258568,85260356,1788
pre_xy_849,chr1,85275709,85277111,1402
pre_xy_850,chr1,85463758,85466135,2377
pre_xy_851,chr1,85576220,85577649,1429
pre_xy_852,chr1,85580164,85581760,1596
pre_xy_853,chr1,85583747,85584783,1036
pre_xy_854,chr1,85707525,85708800,1275
pre_xy_855,chr1,86154625,86157309,2684
pre_xy_856,chr1,86395289,86396795,1506
pre_xy_857,chr1,86502107,86504410,2303
pre_xy_858,chr1,86703748,86705630,1882
pre_xy_859,chr1,86773762,86775200,1438
pre_xy_860,chr1,86913484,86915848,2364
pre_xy_861,chr1,87131571,87133013,1442
pre_xy_862,chr1,87327948,87329607,1659
pre_xy_863,chr1,87331255,87332140,885
pre_xy_864,chr1,87334405,87335822,1417
pre_xy_865,chr1,87642420,87643266,846
pre_xy_866,chr1,88683378,88685317,1939
pre_xy_867,chr1,88890603,88892145,1542
pre_xy_868,chr1,88983785,88985938,2153
pre_xy_869,chr1,88991355,88993396,2041
pre_xy_870,chr1,89125197,89126295,1098
pre_xy_871,chr1,89523618,89525589,1971
pre_xy_872,chr1,89631772,89634203,2431
pre_xy_873,chr1,89762089,89763710,1621
pre_xy_874,chr1,89820418,89822250,1832
pre_xy_875,chr1,89842703,89844190,1487
pre_xy_876,chr1,89994436,89996042,1606
pre_xy_877,chr1,90706387,90707676,1289
pre_xy_878,chr1,90717427,90719040,1613
pre_xy_879,chr1,90850532,90851901,1369
pre_xy_880,chr1,91020977,91022502,1525
pre_xy_881,chr1,91403963,91405146,1183
pre_xy_882,chr1,91500288,91501804,1516
pre_xy_883,chr1,91884812,91886957,2145
pre_xy_884,chr1,92029499,92031142,1643
pre_xy_885,chr1,92079800,92081007,1207
pre_xy_886,chr1,92298246,92299540,1294
pre_xy_887,chr1,92783575,92785687,2112
pre_xy_888,chr1,92831446,92833011,1565
pre_xy_889,chr1,92960174,92962700,2526
pre_xy_890,chr1,93078475,93080743,2268
pre_xy_891,chr1,93179214,93181242,2028
pre_xy_892,chr1,93344898,93346959,2061
pre_xy_893,chr1,93447314,93449574,2260
pre_xy_894,chr1,93680233,93682101,1868
pre_xy_895,chr1,93845995,93848258,2263
pre_xy_896,chr1,93878370,93880003,1633
pre_xy_897,chr1,93908533,93910064,1531
pre_xy_898,chr1,94063045,94064356,1311
pre_xy_899,chr1,94236764,94238072,1308
pre_xy_900,chr1,94246624,94248013,1389
pre_xy_901,chr1,94417164,94419316,2152
pre_xy_902,chr1,94540886,94542670,1784
pre_xy_903,chr1,94819239,94820748,1509
pre_xy_904,chr1,94925208,94927881,2673
pre_xy_905,chr1,95072134,95073561,1427
pre_xy_906,chr1,95116661,95118169,1508
pre_xy_907,chr1,95232574,95234785,2211
pre_xy_908,chr1,96721055,96722905,1850
pre_xy_909,chr1,97920103,97921629,1526
pre_xy_910,chr1,98053150,98054662,1512
pre_xy_911,chr1,98660619,98662593,1974
pre_xy_912,chr1,99003805,99005752,1947
pre_xy_913,chr1,99263930,99265045,1115
pre_xy_914,chr1,99849449,99850970,1521
pre_xy_915,chr1,99969251,99970665,1414
pre_xy_916,chr1,100037516,100039286,1770
pre_xy_917,chr1,100132296,100133517,1221
pre_xy_918,chr1,100249060,100250283,1223
pre_xy_919,chr1,100265516,100266895,1379
pre_xy_920,chr1,100350971,100353384,2413
pre_xy_921,chr1,100538031,100540191,2160
pre_xy_922,chr1,100894467,100896931,2464
pre_xy_923,chr1,101025101,101026436,1335
pre_xy_924,chr1,101235477,101237702,2225
pre_xy_925,chr1,101309060,101310155,1095
pre_xy_926,chr1,101996131,101997382,1251
pre_xy_927,chr1,103106337,103109078,2741
pre_xy_928,chr1,103524894,103526481,1587
pre_xy_929,chr1,105632015,105633583,1568
pre_xy_930,chr1,107056188,107057919,1731
pre_xy_931,chr1,107139610,107142430,2820
pre_xy_932,chr1,107964352,107966021,1669
pre_xy_933,chr1,108199106,108201094,1988
pre_xy_934,chr1,108559271,108561248,1977
pre_xy_935,chr1,108660799,108661750,951
pre_xy_936,chr1,108691537,108693587,2050
pre_xy_937,chr1,108746148,108747597,1449
pre_xy_938,chr1,108876117,108877749,1632
pre_xy_939,chr1,108962522,108963871,1349
pre_xy_940,chr1,109040777,109042531,1754
pre_xy_941,chr1,109075206,109076384,1178
pre_xy_942,chr1,109090063,109091503,1440
pre_xy_943,chr1,109099579,109101265,1686
pre_xy_944,chr1,109112079,109113067,988
pre_xy_945,chr1,109113358,109114308,950
pre_xy_946,chr1,109213325,109215069,1744
pre_xy_947,chr1,109248916,109250380,1464
pre_xy_948,chr1,109253438,109255696,2258
pre_xy_949,chr1,109282524,109283854,1330
pre_xy_950,chr1,109396940,109398691,1751
pre_xy_951,chr1,109425769,109427265,1496
pre_xy_952,chr1,109465948,109467622,1674
pre_xy_953,chr1,109483025,109484709,1684
pre_xy_954,chr1,109493495,109494473,978
pre_xy_955,chr1,109497624,109498768,1144
pre_xy_956,chr1,109508711,109510626,1915
pre_xy_957,chr1,109531887,109533249,1362
pre_xy_958,chr1,109547784,109549209,1425
pre_xy_959,chr1,109619436,109621318,1882
pre_xy_960,chr1,109655521,109656908,1387
pre_xy_961,chr1,109667405,109668684,1279
pre_xy_962,chr1,109739533,109741140,1607
pre_xy_963,chr1,109791749,109792868,1119
pre_xy_964,chr1,109910084,109912534,2450
pre_xy_965,chr1,109984057,109985616,1559
pre_xy_966,chr1,110034083,110035594,1511
pre_xy_967,chr1,110067337,110068491,1154
pre_xy_968,chr1,110068777,110070923,2146
pre_xy_969,chr1,110083599,110085099,1500
pre_xy_970,chr1,110150141,110151615,1474
pre_xy_971,chr1,110209510,110211454,1944
pre_xy_972,chr1,110337708,110340340,2632
pre_xy_973,chr1,110406980,110408196,1216
pre_xy_974,chr1,110412369,110414029,1660
pre_xy_975,chr1,110605858,110608080,2222
pre_xy_976,chr1,110674093,110675670,1577
pre_xy_977,chr1,110963022,110964474,1452
pre_xy_978,chr1,111139207,111140859,1652
pre_xy_979,chr1,111345947,111347131,1184
pre_xy_980,chr1,111448376,111449911,1535
pre_xy_981,chr1,111507355,111508583,1228
pre_xy_982,chr1,111619186,111620887,1701
pre_xy_983,chr1,111737533,111740556,3023
pre_xy_984,chr1,111754823,111756413,1590
pre_xy_985,chr1,111988866,111991719,2853
pre_xy_986,chr1,112395243,112396958,1715
pre_xy_987,chr1,112465426,112466623,1197
pre_xy_988,chr1,112500954,112503077,2123
pre_xy_989,chr1,112507681,112509617,1936
pre_xy_990,chr1,112618559,112620453,1894
pre_xy_991,chr1,112671719,112672658,939
pre_xy_992,chr1,112673563,112675738,2175
pre_xy_993,chr1,112700154,112701158,1004
pre_xy_994,chr1,112704600,112705429,829
pre_xy_995,chr1,112706441,112707675,1234
pre_xy_996,chr1,112713775,112716591,2816
pre_xy_997,chr1,112721936,112723667,1731
pre_xy_998,chr1,112743321,112744643,1322
pre_xy_999,chr1,112849268,112850364,1096
pre_xy_1000,chr1,112955103,112957087,1984
pre_xy_1001,chr1,113072121,113073799,1678
pre_xy_1002,chr1,113389444,113391574,2130
pre_xy_1003,chr1,113758017,113760089,2072
pre_xy_1004,chr1,113811200,113813008,1808
pre_xy_1005,chr1,113904105,113905791,1686
pre_xy_1006,chr1,113928429,113930888,2459
pre_xy_1007,chr1,114152233,114155304,3071
pre_xy_1008,chr1,114345638,114347056,1418
pre_xy_1009,chr1,114509979,114512247,2268
pre_xy_1010,chr1,114580910,114582303,1393
pre_xy_1011,chr1,114669317,114670719,1402
pre_xy_1012,chr1,114715951,114717242,1291
pre_xy_1013,chr1,114756907,114758332,1425
pre_xy_1014,chr1,114779842,114780976,1134
pre_xy_1015,chr1,115088864,115090431,1567
pre_xy_1016,chr1,115337239,115338783,1544
pre_xy_1017,chr1,115641541,115643295,1754
pre_xy_1018,chr1,115827696,115828957,1261
pre_xy_1019,chr1,115837416,115839892,2476
pre_xy_1020,chr1,115975802,115977059,1257
pre_xy_1021,chr1,116138687,116139584,897
pre_xy_1022,chr1,116150803,116152568,1765
pre_xy_1023,chr1,116167515,116168743,1228
pre_xy_1024,chr1,116372424,116374813,2389
pre_xy_1025,chr1,116417993,116418999,1006
pre_xy_1026,chr1,116569881,116571737,1856
pre_xy_1027,chr1,116666267,116668116,1849
pre_xy_1028,chr1,116877851,116879486,1635
pre_xy_1029,chr1,116909276,116911395,2119
pre_xy_1030,chr1,117059160,117060972,1812
pre_xy_1031,chr1,117120902,117122926,2024
pre_xy_1032,chr1,117366173,117367951,1778
pre_xy_1033,chr1,117605060,117607314,2254
pre_xy_1034,chr1,117928628,117930238,1610
pre_xy_1035,chr1,118987155,118988264,1109
pre_xy_1036,chr1,119139571,119141261,1690
pre_xy_1037,chr1,119326869,119328155,1286
pre_xy_1038,chr1,119552826,119554751,1925
pre_xy_1039,chr1,119617195,119618756,1561
pre_xy_1040,chr1,119630738,119632227,1489
pre_xy_1041,chr1,119646558,119648676,2118
pre_xy_1042,chr1,119711644,119714066,2422
pre_xy_1043,chr1,119736877,119737896,1019
pre_xy_1044,chr1,120175522,120176759,1237
pre_xy_1045,chr1,120843992,120845185,1193
pre_xy_1046,chr1,120850253,120851450,1197
pre_xy_1047,chr1,121184297,121185091,794
pre_xy_1048,chr1,121518600,121519972,1372
pre_xy_1049,chr1,143719915,143721110,1195
pre_xy_1050,chr1,143735609,143737165,1556
pre_xy_1051,chr1,144411911,144413420,1509
pre_xy_1052,chr1,144551018,144552428,1410
pre_xy_1053,chr1,145287005,145287931,926
pre_xy_1054,chr1,145424536,145426035,1499
pre_xy_1055,chr1,145607716,145608408,692
pre_xy_1056,chr1,145823474,145824862,1388
pre_xy_1057,chr1,145845048,145846594,1546
pre_xy_1058,chr1,145858295,145860105,1810
pre_xy_1059,chr1,145885293,145887067,1774
pre_xy_1060,chr1,145891647,145893202,1555
pre_xy_1061,chr1,145917835,145919837,2002
pre_xy_1062,chr1,145926573,145927893,1320
pre_xy_1063,chr1,145957232,145958277,1045
pre_xy_1064,chr1,145960290,145961010,720
pre_xy_1065,chr1,145964097,145964956,859
pre_xy_1066,chr1,145978772,145980492,1720
pre_xy_1067,chr1,145995999,145997410,1411
pre_xy_1068,chr1,146035339,146035945,606
pre_xy_1069,chr1,146036644,146038410,1766
pre_xy_1070,chr1,146038624,146039605,981
pre_xy_1071,chr1,146051450,146052888,1438
pre_xy_1072,chr1,146376265,146377486,1221
pre_xy_1073,chr1,146938011,146939627,1616
pre_xy_1074,chr1,147084043,147085829,1786
pre_xy_1075,chr1,147171531,147173359,1828
pre_xy_1076,chr1,147224728,147226000,1272
pre_xy_1077,chr1,147242121,147243689,1568
pre_xy_1078,chr1,147509262,147510574,1312
pre_xy_1079,chr1,147540182,147542305,2123
pre_xy_1080,chr1,147598571,147600632,2061
pre_xy_1081,chr1,147669317,147670992,1675
pre_xy_1082,chr1,147928124,147928813,689
pre_xy_1083,chr1,148151256,148152411,1155
pre_xy_1084,chr1,148262773,148264224,1451
pre_xy_1085,chr1,148333941,148335625,1684
pre_xy_1086,chr1,148361103,148363085,1982
pre_xy_1087,chr1,148387379,148389130,1751
pre_xy_1088,chr1,149636054,149637009,955
pre_xy_1089,chr1,149885288,149888777,3489
pre_xy_1090,chr1,149899067,149900340,1273
pre_xy_1091,chr1,149915849,149918125,2276
pre_xy_1092,chr1,149927139,149928536,1397
pre_xy_1093,chr1,150009330,150011104,1774
pre_xy_1094,chr1,150066699,150068073,1374
pre_xy_1095,chr1,150148977,150151023,2046
pre_xy_1096,chr1,150162422,150163645,1223
pre_xy_1097,chr1,150213008,150214395,1387
pre_xy_1098,chr1,150234088,150236651,2563
pre_xy_1099,chr1,150259265,150260423,1158
pre_xy_1100,chr1,150268099,150269473,1374
pre_xy_1101,chr1,150281237,150283061,1824
pre_xy_1102,chr1,150293292,150294382,1090
pre_xy_1103,chr1,150320908,150322072,1164
pre_xy_1104,chr1,150363226,150365047,1821
pre_xy_1105,chr1,150486909,150487771,862
pre_xy_1106,chr1,150514924,150516920,1996
pre_xy_1107,chr1,150548596,150550805,2209
pre_xy_1108,chr1,150560890,150562583,1693
pre_xy_1109,chr1,150567324,150568636,1312
pre_xy_1110,chr1,150578472,150580010,1538
pre_xy_1111,chr1,150628657,150630047,1390
pre_xy_1112,chr1,150696637,150697707,1070
pre_xy_1113,chr1,150875417,150877137,1720
pre_xy_1114,chr1,150925501,150926766,1265
pre_xy_1115,chr1,150973313,150975334,2021
pre_xy_1116,chr1,151006068,151007089,1021
pre_xy_1117,chr1,151007746,151009154,1408
pre_xy_1118,chr1,151047370,151048792,1422
pre_xy_1119,chr1,151058559,151060720,2161
pre_xy_1120,chr1,151069995,151071434,1439
pre_xy_1121,chr1,151130958,151132902,1944
pre_xy_1122,chr1,151144862,151147964,3102
pre_xy_1123,chr1,151164807,151166638,1831
pre_xy_1124,chr1,151189441,151190601,1160
pre_xy_1125,chr1,151197862,151199467,1605
pre_xy_1126,chr1,151254169,151255124,955
pre_xy_1127,chr1,151280956,151283130,2174
pre_xy_1128,chr1,151326641,151328340,1699
pre_xy_1129,chr1,151346298,151347718,1420
pre_xy_1130,chr1,151398785,151400162,1377
pre_xy_1131,chr1,151457596,151459687,2091
pre_xy_1132,chr1,151510711,151512070,1359
pre_xy_1133,chr1,151539368,151541611,2243
pre_xy_1134,chr1,151611279,151613732,2453
pre_xy_1135,chr1,151715314,151717425,2111
pre_xy_1136,chr1,151762768,151764018,1250
pre_xy_1137,chr1,151789962,151791608,1646
pre_xy_1138,chr1,151839045,151840395,1350
pre_xy_1139,chr1,151909090,151910251,1161
pre_xy_1140,chr1,151940956,151941877,921
pre_xy_1141,chr1,151992269,151994464,2195
pre_xy_1142,chr1,152047490,152048755,1265
pre_xy_1143,chr1,152110074,152111961,1887
pre_xy_1144,chr1,152188594,152190100,1506
pre_xy_1145,chr1,153119236,153120032,796
pre_xy_1146,chr1,153260550,153262414,1864
pre_xy_1147,chr1,153568195,153568911,716
pre_xy_1148,chr1,153626567,153627965,1398
pre_xy_1149,chr1,153633408,153634620,1212
pre_xy_1150,chr1,153658026,153659376,1350
pre_xy_1151,chr1,153670357,153672200,1843
pre_xy_1152,chr1,153677540,153680361,2821
pre_xy_1153,chr1,153696795,153699378,2583
pre_xy_1154,chr1,153727326,153729081,1755
pre_xy_1155,chr1,153774605,153776358,1753
pre_xy_1156,chr1,153783016,153784032,1016
pre_xy_1157,chr1,153880626,153882232,1606
pre_xy_1158,chr1,153921635,153923775,2140
pre_xy_1159,chr1,153945124,153947029,1905
pre_xy_1160,chr1,153957728,153959171,1443
pre_xy_1161,chr1,153963191,153964432,1241
pre_xy_1162,chr1,153967008,153967982,974
pre_xy_1163,chr1,153976737,153978359,1622
pre_xy_1164,chr1,153985080,153987076,1996
pre_xy_1165,chr1,153990119,153991109,990
pre_xy_1166,chr1,154182064,154183591,1527
pre_xy_1167,chr1,154220006,154222034,2028
pre_xy_1168,chr1,154271797,154273110,1313
pre_xy_1169,chr1,154324403,154326537,2134
pre_xy_1170,chr1,154328276,154329029,753
pre_xy_1171,chr1,154352369,154353858,1489
pre_xy_1172,chr1,154404809,154406534,1725
pre_xy_1173,chr1,154501368,154503302,1934
pre_xy_1174,chr1,154558046,154559826,1780
pre_xy_1175,chr1,154567358,154568216,858
pre_xy_1176,chr1,154607174,154608975,1801
pre_xy_1177,chr1,154626552,154628223,1671
pre_xy_1178,chr1,154760244,154760989,745
pre_xy_1179,chr1,154868465,154870611,2146
pre_xy_1180,chr1,154936144,154937812,1668
pre_xy_1181,chr1,154941246,154941921,675
pre_xy_1182,chr1,154952273,154953010,737
pre_xy_1183,chr1,154955066,154956399,1333
pre_xy_1184,chr1,154960990,154962549,1559
pre_xy_1185,chr1,154970571,154971346,775
pre_xy_1186,chr1,154973391,154975873,2482
pre_xy_1187,chr1,154982351,154984037,1686
pre_xy_1188,chr1,155000509,155002804,2295
pre_xy_1189,chr1,155016945,155017864,919
pre_xy_1190,chr1,155050233,155052391,2158
pre_xy_1191,chr1,155062222,155064375,2153
pre_xy_1192,chr1,155069620,155072173,2553
pre_xy_1193,chr1,155078394,155079146,752
pre_xy_1194,chr1,155084212,155086365,2153
pre_xy_1195,chr1,155125702,155128032,2330
pre_xy_1196,chr1,155134891,155136484,1593
pre_xy_1197,chr1,155139908,155140718,810
pre_xy_1198,chr1,155166045,155168170,2125
pre_xy_1199,chr1,155172586,155174880,2294
pre_xy_1200,chr1,155192820,155195472,2652
pre_xy_1201,chr1,155206834,155209397,2563
pre_xy_1202,chr1,155226455,155228124,1669
pre_xy_1203,chr1,155243663,155245232,1569
pre_xy_1204,chr1,155250283,155251422,1139
pre_xy_1205,chr1,155254601,155256010,1409
pre_xy_1206,chr1,155261441,155262729,1288
pre_xy_1207,chr1,155272685,155273899,1214
pre_xy_1208,chr1,155277043,155278718,1675
pre_xy_1209,chr1,155308044,155309978,1934
pre_xy_1210,chr1,155320515,155321099,584
pre_xy_1211,chr1,155322632,155325444,2812
pre_xy_1212,chr1,155561884,155563546,1662
pre_xy_1213,chr1,155609420,155610243,823
pre_xy_1214,chr1,155687788,155689378,1590
pre_xy_1215,chr1,155745061,155745824,763
pre_xy_1216,chr1,155856773,155857467,694
pre_xy_1217,chr1,155858984,155860795,1811
pre_xy_1218,chr1,155910485,155911889,1404
pre_xy_1219,chr1,155933641,155935364,1723
pre_xy_1220,chr1,155940171,155941590,1419
pre_xy_1221,chr1,155977510,155979055,1545
pre_xy_1222,chr1,156019936,156021179,1243
pre_xy_1223,chr1,156052877,156055315,2438
pre_xy_1224,chr1,156076430,156077342,912
pre_xy_1225,chr1,156080495,156083454,2959
pre_xy_1226,chr1,156103800,156104620,820
pre_xy_1227,chr1,156105713,156107131,1418
pre_xy_1228,chr1,156114111,156116288,2177
pre_xy_1229,chr1,156122567,156124110,1543
pre_xy_1230,chr1,156129809,156130636,827
pre_xy_1231,chr1,156145805,156147133,1328
pre_xy_1232,chr1,156160391,156161732,1341
pre_xy_1233,chr1,156193284,156194621,1337
pre_xy_1234,chr1,156212477,156213686,1209
pre_xy_1235,chr1,156245278,156246249,971
pre_xy_1236,chr1,156281156,156283373,2217
pre_xy_1237,chr1,156291052,156292111,1059
pre_xy_1238,chr1,156337487,156338942,1455
pre_xy_1239,chr1,156456159,156457804,1645
pre_xy_1240,chr1,156488669,156491003,2334
pre_xy_1241,chr1,156498765,156501621,2856
pre_xy_1242,chr1,156504798,156505609,811
pre_xy_1243,chr1,156571926,156572803,877
pre_xy_1244,chr1,156591011,156592247,1236
pre_xy_1245,chr1,156600800,156602016,1216
pre_xy_1246,chr1,156623828,156626108,2280
pre_xy_1247,chr1,156641539,156642653,1114
pre_xy_1248,chr1,156659811,156662298,2487
pre_xy_1249,chr1,156675329,156678319,2990
pre_xy_1250,chr1,156688997,156690223,1226
pre_xy_1251,chr1,156705392,156707645,2253
pre_xy_1252,chr1,156727985,156729307,1322
pre_xy_1253,chr1,156740416,156741562,1146
pre_xy_1254,chr1,156746438,156747470,1032
pre_xy_1255,chr1,156750860,156752328,1468
pre_xy_1256,chr1,156766121,156768533,2412
pre_xy_1257,chr1,156813432,156814507,1075
pre_xy_1258,chr1,156858332,156861238,2906
pre_xy_1259,chr1,156927262,156928100,838
pre_xy_1260,chr1,157045178,157046653,1475
pre_xy_1261,chr1,157137115,157139267,2152
pre_xy_1262,chr1,157154190,157156571,2381
pre_xy_1263,chr1,157510682,157512098,1416
pre_xy_1264,chr1,157992874,157995856,2982
pre_xy_1265,chr1,158002017,158003756,1739
pre_xy_1266,chr1,158112993,158113882,889
pre_xy_1267,chr1,158177339,158178114,775
pre_xy_1268,chr1,158180479,158181698,1219
pre_xy_1269,chr1,158484687,158485739,1052
pre_xy_1270,chr1,158999343,159000920,1577
pre_xy_1271,chr1,159171149,159173363,2214
pre_xy_1272,chr1,159187658,159188791,1133
pre_xy_1273,chr1,159780351,159781574,1223
pre_xy_1274,chr1,159853635,159855371,1736
pre_xy_1275,chr1,159922847,159925988,3141
pre_xy_1276,chr1,159944216,159946307,2091
pre_xy_1277,chr1,160030776,160032707,1931
pre_xy_1278,chr1,160069742,160070820,1078
pre_xy_1279,chr1,160083728,160084568,840
pre_xy_1280,chr1,160097826,160099431,1605
pre_xy_1281,chr1,160192746,160193704,958
pre_xy_1282,chr1,160204373,160206306,1933
pre_xy_1283,chr1,160261530,160262982,1452
pre_xy_1284,chr1,160284066,160285505,1439
pre_xy_1285,chr1,160342527,160343866,1339
pre_xy_1286,chr1,160399771,160401686,1915
pre_xy_1287,chr1,161019779,161021757,1978
pre_xy_1288,chr1,161037661,161039311,1650
pre_xy_1289,chr1,161044526,161046504,1978
pre_xy_1290,chr1,161097309,161099062,1753
pre_xy_1291,chr1,161117418,161118647,1229
pre_xy_1292,chr1,161131534,161133576,2042
pre_xy_1293,chr1,161153131,161154551,1420
pre_xy_1294,chr1,161158865,161160246,1381
pre_xy_1295,chr1,161165544,161167219,1675
pre_xy_1296,chr1,161176627,161178217,1590
pre_xy_1297,chr1,161200622,161202734,2112
pre_xy_1298,chr1,161225293,161226361,1068
pre_xy_1299,chr1,161258309,161259558,1249
pre_xy_1300,chr1,161305372,161306609,1237
pre_xy_1301,chr1,161313682,161315066,1384
pre_xy_1302,chr1,161389364,161390802,1438
pre_xy_1303,chr1,161398961,161400551,1590
pre_xy_1304,chr1,161523498,161524601,1103
pre_xy_1305,chr1,161529889,161531346,1457
pre_xy_1306,chr1,161611840,161613405,1565
pre_xy_1307,chr1,161725726,161727798,2072
pre_xy_1308,chr1,161749302,161750672,1370
pre_xy_1309,chr1,161764874,161767003,2129
pre_xy_1310,chr1,162023146,162024536,1390
pre_xy_1311,chr1,162069157,162071156,1999
pre_xy_1312,chr1,162255615,162257018,1403
pre_xy_1313,chr1,162497292,162498673,1381
pre_xy_1314,chr1,162560593,162562290,1697
pre_xy_1315,chr1,162630703,162633500,2797
pre_xy_1316,chr1,162695896,162696905,1009
pre_xy_1317,chr1,162822080,162823286,1206
pre_xy_1318,chr1,163320861,163322328,1467
pre_xy_1319,chr1,164558485,164560026,1541
pre_xy_1320,chr1,165234988,165236487,1499
pre_xy_1321,chr1,165375715,165377086,1371
pre_xy_1322,chr1,165392574,165393569,995
pre_xy_1323,chr1,165597758,165598949,1191
pre_xy_1324,chr1,165630220,165632151,1931
pre_xy_1325,chr1,165697589,165698956,1367
pre_xy_1326,chr1,165768382,165769521,1139
pre_xy_1327,chr1,165827000,165829223,2223
pre_xy_1328,chr1,166164875,166167502,2627
pre_xy_1329,chr1,166838795,166840259,1464
pre_xy_1330,chr1,166875307,166876747,1440
pre_xy_1331,chr1,166920156,166921543,1387
pre_xy_1332,chr1,166947091,166948187,1096
pre_xy_1333,chr1,166974646,166976119,1473
pre_xy_1334,chr1,167219380,167222613,3233
pre_xy_1335,chr1,167439142,167439983,841
pre_xy_1336,chr1,167454514,167456365,1851
pre_xy_1337,chr1,167552934,167554497,1563
pre_xy_1338,chr1,167713242,167715833,2591
pre_xy_1339,chr1,167720923,167722658,1735
pre_xy_1340,chr1,167934961,167937716,2755
pre_xy_1341,chr1,168135420,168137685,2265
pre_xy_1342,chr1,168178339,168180179,1840
pre_xy_1343,chr1,168225219,168226827,1608
pre_xy_1344,chr1,168465780,168466768,988
pre_xy_1345,chr1,168613080,168614235,1155
pre_xy_1346,chr1,168970666,168971985,1319
pre_xy_1347,chr1,169105217,169107162,1945
pre_xy_1348,chr1,169367187,169368712,1525
pre_xy_1349,chr1,169426709,169427713,1004
pre_xy_1350,chr1,169484886,169486728,1842
pre_xy_1351,chr1,169794091,169795459,1368
pre_xy_1352,chr1,169892648,169894484,1836
pre_xy_1353,chr1,170073830,170075305,1475
pre_xy_1354,chr1,170530999,170532697,1698
pre_xy_1355,chr1,170661204,170665252,4048
pre_xy_1356,chr1,171313438,171314318,880
pre_xy_1357,chr1,171484678,171486478,1800
pre_xy_1358,chr1,171741082,171742837,1755
pre_xy_1359,chr1,171780653,171782294,1641
pre_xy_1360,chr1,171840789,171842732,1943
pre_xy_1361,chr1,172443412,172444489,1077
pre_xy_1362,chr1,172449072,172451489,2417
pre_xy_1363,chr1,172532014,172534144,2130
pre_xy_1364,chr1,173476596,173478409,1813
pre_xy_1365,chr1,173668859,173670335,1476
pre_xy_1366,chr1,173714429,173715794,1365
pre_xy_1367,chr1,173823712,173825325,1613
pre_xy_1368,chr1,173867236,173869007,1771
pre_xy_1369,chr1,174021146,174023025,1879
pre_xy_1370,chr1,174158576,174160459,1883
pre_xy_1371,chr1,174799240,174800838,1598
pre_xy_1372,chr1,174998543,175000639,2096
pre_xy_1373,chr1,175022513,175023960,1447
pre_xy_1374,chr1,175029077,175030220,1143
pre_xy_1375,chr1,175191757,175193734,1977
pre_xy_1376,chr1,175572943,175573885,942
pre_xy_1377,chr1,176206202,176207875,1673
pre_xy_1378,chr1,177163713,177165273,1560
pre_xy_1379,chr1,177170304,177171678,1374
pre_xy_1380,chr1,177181254,177182361,1107
pre_xy_1381,chr1,177943744,177945205,1461
pre_xy_1382,chr1,178037436,178038319,883
pre_xy_1383,chr1,178093069,178094783,1714
pre_xy_1384,chr1,178541632,178543518,1886
pre_xy_1385,chr1,178724527,178726685,2158
pre_xy_1386,chr1,179025378,179027084,1706
pre_xy_1387,chr1,179081259,179083188,1929
pre_xy_1388,chr1,179228657,179230144,1487
pre_xy_1389,chr1,179293095,179294231,1136
pre_xy_1390,chr1,179364668,179366511,1843
pre_xy_1391,chr1,179585870,179586857,987
pre_xy_1392,chr1,179742599,179744937,2338
pre_xy_1393,chr1,179814391,179815785,1394
pre_xy_1394,chr1,179877257,179878033,776
pre_xy_1395,chr1,179881660,179883387,1727
pre_xy_1396,chr1,179953743,179955597,1854
pre_xy_1397,chr1,180154001,180155632,1631
pre_xy_1398,chr1,180228941,180231867,2926
pre_xy_1399,chr1,180256027,180257038,1011
pre_xy_1400,chr1,180501843,180503455,1612
pre_xy_1401,chr1,180631535,180632906,1371
pre_xy_1402,chr1,180911605,180913661,2056
pre_xy_1403,chr1,180925352,180927051,1699
pre_xy_1404,chr1,180953427,180954934,1507
pre_xy_1405,chr1,181021495,181023415,1920
pre_xy_1406,chr1,181088085,181090497,2412
pre_xy_1407,chr1,181104431,181106079,1648
pre_xy_1408,chr1,181485252,181486203,951
pre_xy_1409,chr1,182029067,182030319,1252
pre_xy_1410,chr1,182056300,182057463,1163
pre_xy_1411,chr1,182143168,182144758,1590
pre_xy_1412,chr1,182390104,182392459,2355
pre_xy_1413,chr1,182614464,182616541,2077
pre_xy_1414,chr1,182789012,182790066,1054
pre_xy_1415,chr1,182838687,182840343,1656
pre_xy_1416,chr1,183022273,183024856,2583
pre_xy_1417,chr1,183470925,183473177,2252
pre_xy_1418,chr1,183634898,183636482,1584
pre_xy_1419,chr1,183804308,183805884,1576
pre_xy_1420,chr1,184035764,184037944,2180
pre_xy_1421,chr1,184050843,184052602,1759
pre_xy_1422,chr1,184386138,184388171,2033
pre_xy_1423,chr1,184753974,184755756,1782
pre_xy_1424,chr1,184973343,184974790,1447
pre_xy_1425,chr1,185044862,185046442,1580
pre_xy_1426,chr1,185155962,185158421,2459
pre_xy_1427,chr1,185315783,185318041,2258
pre_xy_1428,chr1,185733680,185734912,1232
pre_xy_1429,chr1,186374369,186376166,1797
pre_xy_1430,chr1,186679836,186681322,1486
pre_xy_1431,chr1,187688178,187689628,1450
pre_xy_1432,chr1,190477777,190479157,1380
pre_xy_1433,chr1,191065309,191066232,923
pre_xy_1434,chr1,192808038,192809785,1747
pre_xy_1435,chr1,193058453,193060263,1810
pre_xy_1436,chr1,193104212,193105823,1611
pre_xy_1437,chr1,193121083,193122851,1768
pre_xy_1438,chr1,193408305,193409511,1206
pre_xy_1439,chr1,196607942,196609570,1628
pre_xy_1440,chr1,197145494,197147119,1625
pre_xy_1441,chr1,197200229,197202262,2033
pre_xy_1442,chr1,197774481,197776249,1768
pre_xy_1443,chr1,197902058,197903355,1297
pre_xy_1444,chr1,197915324,197918606,3282
pre_xy_1445,chr1,198156162,198157905,1743
pre_xy_1446,chr1,198158358,198159360,1002
pre_xy_1447,chr1,198934898,198937705,2807
pre_xy_1448,chr1,200038651,200039932,1281
pre_xy_1449,chr1,200409045,200410794,1749
pre_xy_1450,chr1,200620211,200621093,882
pre_xy_1451,chr1,200668952,200670626,1674
pre_xy_1452,chr1,200738310,200740082,1772
pre_xy_1453,chr1,200872809,200874324,1515
pre_xy_1454,chr1,200890705,200892134,1429
pre_xy_1455,chr1,201022798,201024011,1213
pre_xy_1456,chr1,201113732,201115269,1537
pre_xy_1457,chr1,201153557,201155062,1505
pre_xy_1458,chr1,201170418,201171735,1317
pre_xy_1459,chr1,201282939,201284508,1569
pre_xy_1460,chr1,201467970,201469955,1985
pre_xy_1461,chr1,201481490,201482431,941
pre_xy_1462,chr1,201506125,201507438,1313
pre_xy_1463,chr1,201537938,201540457,2519
pre_xy_1464,chr1,201647862,201650748,2886
pre_xy_1465,chr1,201739067,201740903,1836
pre_xy_1466,chr1,201828712,201829865,1153
pre_xy_1467,chr1,201888141,201889540,1399
pre_xy_1468,chr1,201945864,201947271,1407
pre_xy_1469,chr1,201954777,201955991,1214
pre_xy_1470,chr1,201981982,201983576,1594
pre_xy_1471,chr1,202143118,202145313,2195
pre_xy_1472,chr1,202159831,202162194,2363
pre_xy_1473,chr1,202184487,202185120,633
pre_xy_1474,chr1,202192668,202194290,1622
pre_xy_1475,chr1,202341513,202342370,857
pre_xy_1476,chr1,202348159,202349804,1645
pre_xy_1477,chr1,202642517,202644310,1793
pre_xy_1478,chr1,202709450,202711253,1803
pre_xy_1479,chr1,202806806,202808641,1835
pre_xy_1480,chr1,202810326,202811714,1388
pre_xy_1481,chr1,202860710,202862124,1414
pre_xy_1482,chr1,202888261,202889396,1135
pre_xy_1483,chr1,202926523,202927728,1205
pre_xy_1484,chr1,202957579,202958956,1377
pre_xy_1485,chr1,202966372,202968085,1713
pre_xy_1486,chr1,203005895,203007914,2019
pre_xy_1487,chr1,203025905,203027684,1779
pre_xy_1488,chr1,203048436,203049117,681
pre_xy_1489,chr1,203051511,203052394,883
pre_xy_1490,chr1,203127326,203128731,1405
pre_xy_1491,chr1,203267246,203267889,643
pre_xy_1492,chr1,203272908,203273682,774
pre_xy_1493,chr1,203278021,203279321,1300
pre_xy_1494,chr1,203289326,203291132,1806
pre_xy_1495,chr1,203304985,203307428,2443
pre_xy_1496,chr1,203308399,203309378,979
pre_xy_1497,chr1,203326807,203328131,1324
pre_xy_1498,chr1,203487012,203488233,1221
pre_xy_1499,chr1,203506845,203509002,2157
pre_xy_1500,chr1,203512696,203514733,2037
pre_xy_1501,chr1,203571663,203572701,1038
pre_xy_1502,chr1,203626205,203627160,955
pre_xy_1503,chr1,203627850,203629251,1401
pre_xy_1504,chr1,203649515,203650844,1329
pre_xy_1505,chr1,203795024,203796582,1558
pre_xy_1506,chr1,203860352,203862135,1783
pre_xy_1507,chr1,204072601,204075421,2820
pre_xy_1508,chr1,204128784,204130615,1831
pre_xy_1509,chr1,204142682,204143835,1153
pre_xy_1510,chr1,204150710,204152763,2053
pre_xy_1511,chr1,204198128,204199255,1127
pre_xy_1512,chr1,204213375,204214537,1162
pre_xy_1513,chr1,204287511,204288809,1298
pre_xy_1514,chr1,204362986,204364019,1033
pre_xy_1515,chr1,204410451,204412315,1864
pre_xy_1516,chr1,204445845,204447257,1412
pre_xy_1517,chr1,204493397,204495290,1893
pre_xy_1518,chr1,204506044,204508141,2097
pre_xy_1519,chr1,204515632,204517013,1381
pre_xy_1520,chr1,204624055,204625451,1396
pre_xy_1521,chr1,204683995,204685970,1975
pre_xy_1522,chr1,204806791,204807610,819
pre_xy_1523,chr1,204828158,204830237,2079
pre_xy_1524,chr1,205121310,205122751,1441
pre_xy_1525,chr1,205210472,205212178,1706
pre_xy_1526,chr1,205226951,205229984,3033
pre_xy_1527,chr1,205273123,205274676,1553
pre_xy_1528,chr1,205300598,205302088,1490
pre_xy_1529,chr1,205313242,205314504,1262
pre_xy_1530,chr1,205320595,205322047,1452
pre_xy_1531,chr1,205343220,205344790,1570
pre_xy_1532,chr1,205356043,205357370,1327
pre_xy_1533,chr1,205371889,205373783,1894
pre_xy_1534,chr1,205449645,205450774,1129
pre_xy_1535,chr1,205456293,205457661,1368
pre_xy_1536,chr1,205504086,205506139,2053
pre_xy_1537,chr1,205528574,205529623,1049
pre_xy_1538,chr1,205568201,205570157,1956
pre_xy_1539,chr1,205630581,205632492,1911
pre_xy_1540,chr1,205678274,205681027,2753
pre_xy_1541,chr1,205748464,205750547,2083
pre_xy_1542,chr1,205774051,205775648,1597
pre_xy_1543,chr1,205812233,205813986,1753
pre_xy_1544,chr1,206116675,206118171,1496
pre_xy_1545,chr1,206202854,206203335,481
pre_xy_1546,chr1,206556742,206557697,955
pre_xy_1547,chr1,206611905,206612857,952
pre_xy_1548,chr1,206633818,206636247,2429
pre_xy_1549,chr1,206684471,206686626,2155
pre_xy_1550,chr1,206908883,206910134,1251
pre_xy_1551,chr1,207050411,207051325,914
pre_xy_1552,chr1,207052608,207053706,1098
pre_xy_1553,chr1,207320755,207322493,1738
pre_xy_1554,chr1,207453822,207455206,1384
pre_xy_1555,chr1,207495673,207496809,1136
pre_xy_1556,chr1,207644549,207646006,1457
pre_xy_1557,chr1,207751398,207752979,1581
pre_xy_1558,chr1,207867716,207869466,1750
pre_xy_1559,chr1,207958850,207959836,986
pre_xy_1560,chr1,207962792,207964306,1514
pre_xy_1561,chr1,208100618,208102565,1947
pre_xy_1562,chr1,208242987,208244795,1808
pre_xy_1563,chr1,209207092,209208301,1209
pre_xy_1564,chr1,209349022,209350365,1343
pre_xy_1565,chr1,209674617,209676205,1588
pre_xy_1566,chr1,209747455,209748224,769
pre_xy_1567,chr1,209783928,209784916,988
pre_xy_1568,chr1,209805180,209806556,1376
pre_xy_1569,chr1,209827300,209828473,1173
pre_xy_1570,chr1,209937302,209938721,1419
pre_xy_1571,chr1,210232102,210234553,2451
pre_xy_1572,chr1,210250630,210252190,1560
pre_xy_1573,chr1,210291679,210293612,1933
pre_xy_1574,chr1,210310900,210311849,949
pre_xy_1575,chr1,210327989,210329871,1882
pre_xy_1576,chr1,211133318,211134490,1172
pre_xy_1577,chr1,211258073,211261080,3007
pre_xy_1578,chr1,211326311,211327807,1496
pre_xy_1579,chr1,211382065,211383457,1392
pre_xy_1580,chr1,211577484,211579892,2408
pre_xy_1581,chr1,211674990,211676168,1178
pre_xy_1582,chr1,211829022,211831114,2092
pre_xy_1583,chr1,212034529,212036100,1571
pre_xy_1584,chr1,212284563,212286765,2202
pre_xy_1585,chr1,212413630,212415242,1612
pre_xy_1586,chr1,212432250,212433655,1405
pre_xy_1587,chr1,212513937,212515726,1789
pre_xy_1588,chr1,212557953,212559549,1596
pre_xy_1589,chr1,212607676,212609965,2289
pre_xy_1590,chr1,212665037,212665831,794
pre_xy_1591,chr1,212698948,212701341,2393
pre_xy_1592,chr1,212791236,212792557,1321
pre_xy_1593,chr1,212857369,212859085,1716
pre_xy_1594,chr1,212950096,212951941,1845
pre_xy_1595,chr1,213014744,213016036,1292
pre_xy_1596,chr1,213050821,213051850,1029
pre_xy_1597,chr1,213987388,213990071,2683
pre_xy_1598,chr1,214280258,214282106,1848
pre_xy_1599,chr1,214438629,214440127,1498
pre_xy_1600,chr1,214550392,214552640,2248
pre_xy_1601,chr1,214602555,214603630,1075
pre_xy_1602,chr1,215081569,215083945,2376
pre_xy_1603,chr1,215566811,215568603,1792
pre_xy_1604,chr1,216600523,216601758,1235
pre_xy_1605,chr1,216722700,216724036,1336
pre_xy_1606,chr1,217088052,217090631,2579
pre_xy_1607,chr1,217630340,217631675,1335
pre_xy_1608,chr1,218163865,218165768,1903
pre_xy_1609,chr1,218284416,218285637,1221
pre_xy_1610,chr1,218344887,218346360,1473
pre_xy_1611,chr1,219173453,219175179,1726
pre_xy_1612,chr1,219927649,219929005,1356
pre_xy_1613,chr1,220045612,220046864,1252
pre_xy_1614,chr1,220089139,220090444,1305
pre_xy_1615,chr1,220093665,220094868,1203
pre_xy_1616,chr1,220271517,220272914,1397
pre_xy_1617,chr1,220527068,220529546,2478
pre_xy_1618,chr1,220689771,220691956,2185
pre_xy_1619,chr1,220747429,220749321,1892
pre_xy_1620,chr1,220785858,220787557,1699
pre_xy_1621,chr1,220878856,220880263,1407
pre_xy_1622,chr1,220893819,220894998,1179
pre_xy_1623,chr1,221741099,221743520,2421
pre_xy_1624,chr1,222464752,222465985,1233
pre_xy_1625,chr1,222589212,222590453,1241
pre_xy_1626,chr1,222617231,222619186,1955
pre_xy_1627,chr1,222643617,222644849,1232
pre_xy_1628,chr1,222711328,222713701,2373
pre_xy_1629,chr1,222814125,222815839,1714
pre_xy_1630,chr1,223081095,223081747,652
pre_xy_1631,chr1,223142509,223144472,1963
pre_xy_1632,chr1,223362897,223365369,2472
pre_xy_1633,chr1,223712033,223713445,1412
pre_xy_1634,chr1,223747858,223749446,1588
pre_xy_1635,chr1,223844569,223846878,2309
pre_xy_1636,chr1,223992146,223993391,1245
pre_xy_1637,chr1,224113694,224115093,1399
pre_xy_1638,chr1,224182427,224184284,1857
pre_xy_1639,chr1,224329487,224330707,1220
pre_xy_1640,chr1,224356273,224357655,1382
pre_xy_1641,chr1,224432650,224435575,2925
pre_xy_1642,chr1,224502362,224504001,1639
pre_xy_1643,chr1,224615641,224617266,1625
pre_xy_1644,chr1,224684553,224685567,1014
pre_xy_1645,chr1,225426696,225428945,2249
pre_xy_1646,chr1,225651907,225654144,2237
pre_xy_1647,chr1,225777110,225778424,1314
pre_xy_1648,chr1,225809640,225811496,1856
pre_xy_1649,chr1,225881541,225883342,1801
pre_xy_1650,chr1,225923517,225924783,1266
pre_xy_1651,chr1,225998648,226000093,1445
pre_xy_1652,chr1,226061488,226063799,2311
pre_xy_1653,chr1,226082769,226084151,1382
pre_xy_1654,chr1,226108987,226111493,2506
pre_xy_1655,chr1,226121201,226122922,1721
pre_xy_1656,chr1,226185199,226187172,1973
pre_xy_1657,chr1,226222962,226224272,1310
pre_xy_1658,chr1,226308254,226309945,1691
pre_xy_1659,chr1,226407199,226408692,1493
pre_xy_1660,chr1,226548284,226550396,2112
pre_xy_1661,chr1,226679778,226680607,829
pre_xy_1662,chr1,226702673,226703850,1177
pre_xy_1663,chr1,226736681,226739603,2922
pre_xy_1664,chr1,226870050,226871304,1254
pre_xy_1665,chr1,226939042,226940716,1674
pre_xy_1666,chr1,227317507,227319449,1942
pre_xy_1667,chr1,227541720,227543327,1607
pre_xy_1668,chr1,227563063,227564239,1176
pre_xy_1669,chr1,227727954,227729154,1200
pre_xy_1670,chr1,227734545,227735908,1363
pre_xy_1671,chr1,227786454,227788974,2520
pre_xy_1672,chr1,227886316,227888405,2089
pre_xy_1673,chr1,227912827,227915175,2348
pre_xy_1674,chr1,227946080,227948562,2482
pre_xy_1675,chr1,228081408,228084167,2759
pre_xy_1676,chr1,228102068,228103690,1622
pre_xy_1677,chr1,228108777,228110700,1923
pre_xy_1678,chr1,228139450,228140920,1470
pre_xy_1679,chr1,228149146,228151632,2486
pre_xy_1680,chr1,228165109,228166832,1723
pre_xy_1681,chr1,228212255,228213944,1689
pre_xy_1682,chr1,228275289,228276789,1500
pre_xy_1683,chr1,228377884,228379418,1534
pre_xy_1684,chr1,228405896,228407487,1591
pre_xy_1685,chr1,228414893,228416978,2085
pre_xy_1686,chr1,228445484,228446569,1085
pre_xy_1687,chr1,228457063,228458918,1855
pre_xy_1688,chr1,228463611,228465059,1448
pre_xy_1689,chr1,228486301,228488321,2020
pre_xy_1690,chr1,228500057,228501454,1397
pre_xy_1691,chr1,228646507,228648492,1985
pre_xy_1692,chr1,228734893,228736682,1789
pre_xy_1693,chr1,229209460,229210491,1031
pre_xy_1694,chr1,229270483,229272430,1947
pre_xy_1695,chr1,229341313,229343380,2067
pre_xy_1696,chr1,229410375,229411725,1350
pre_xy_1697,chr1,229507460,229508937,1477
pre_xy_1698,chr1,229557865,229559369,1504
pre_xy_1699,chr1,229624910,229626778,1868
pre_xy_1700,chr1,230065897,230068449,2552
pre_xy_1701,chr1,230425336,230426971,1635
pre_xy_1702,chr1,230641754,230643065,1311
pre_xy_1703,chr1,230867400,230869211,1811
pre_xy_1704,chr1,230977467,230979371,1904
pre_xy_1705,chr1,230983878,230985444,1566
pre_xy_1706,chr1,231039026,231041403,2377
pre_xy_1707,chr1,231160775,231163717,2942
pre_xy_1708,chr1,231211095,231212706,1611
pre_xy_1709,chr1,231240424,231242089,1665
pre_xy_1710,chr1,231336911,231338755,1844
pre_xy_1711,chr1,231420798,231422884,2086
pre_xy_1712,chr1,231527877,231529055,1178
pre_xy_1713,chr1,231625888,231627693,1805
pre_xy_1714,chr1,232629116,232630959,1843
pre_xy_1715,chr1,232804864,232806166,1302
pre_xy_1716,chr1,232950043,232951475,1432
pre_xy_1717,chr1,233294868,233295906,1038
pre_xy_1718,chr1,233326744,233328874,2130
pre_xy_1719,chr1,233613320,233614799,1479
pre_xy_1720,chr1,233904347,233906048,1701
pre_xy_1721,chr1,234213816,234215346,1530
pre_xy_1722,chr1,234372913,234374105,1192
pre_xy_1723,chr1,234477897,234479373,1476
pre_xy_1724,chr1,234522471,234523993,1522
pre_xy_1725,chr1,234533100,234535115,2015
pre_xy_1726,chr1,234543141,234545393,2252
pre_xy_1727,chr1,234599502,234601474,1972
pre_xy_1728,chr1,234609312,234611557,2245
pre_xy_1729,chr1,234612448,234613117,669
pre_xy_1730,chr1,234723320,234725070,1750
pre_xy_1731,chr1,234750318,234751869,1551
pre_xy_1732,chr1,234961523,234963561,2038
pre_xy_1733,chr1,235082877,235084329,1452
pre_xy_1734,chr1,235093019,235094202,1183
pre_xy_1735,chr1,235127752,235129206,1454
pre_xy_1736,chr1,235160506,235161867,1361
pre_xy_1737,chr1,235304234,235305497,1263
pre_xy_1738,chr1,235326699,235329462,2763
pre_xy_1739,chr1,235366839,235368005,1166
pre_xy_1740,chr1,235503356,235505707,2351
pre_xy_1741,chr1,235648470,235650887,2417
pre_xy_1742,chr1,235865884,235867764,1880
pre_xy_1743,chr1,235971350,235972650,1300
pre_xy_1744,chr1,236063732,236065584,1852
pre_xy_1745,chr1,236141057,236143693,2636
pre_xy_1746,chr1,236280835,236282475,1640
pre_xy_1747,chr1,236394815,236396013,1198
pre_xy_1748,chr1,236522956,236525041,2085
pre_xy_1749,chr1,236603845,236605122,1277
pre_xy_1750,chr1,236685958,236687139,1181
pre_xy_1751,chr1,236794664,236796304,1640
pre_xy_1752,chr1,237041545,237043571,2026
pre_xy_1753,chr1,239385906,239388255,2349
pre_xy_1754,chr1,240091435,240093778,2343
pre_xy_1755,chr1,240611237,240612622,1385
pre_xy_1756,chr1,241356215,241357536,1321
pre_xy_1757,chr1,241423478,241424735,1257
pre_xy_1758,chr1,241518652,241520117,1465
pre_xy_1759,chr1,241639475,241640798,1323
pre_xy_1760,chr1,241847403,241848684,1281
pre_xy_1761,chr1,242523337,242525380,2043
pre_xy_1762,chr1,243254001,243256351,2350
pre_xy_1763,chr1,243848938,243851331,2393
pre_xy_1764,chr1,244046928,244050023,3095
pre_xy_1765,chr1,244450638,244452415,1777
pre_xy_1766,chr1,244460705,244461968,1263
pre_xy_1767,chr1,244652207,244654076,1869
pre_xy_1768,chr1,244729472,244731328,1856
pre_xy_1769,chr1,244833735,244835991,2256
pre_xy_1770,chr1,244862447,244864942,2495
pre_xy_1771,chr1,244969436,244971492,2056
pre_xy_1772,chr1,245153065,245155765,2700
pre_xy_1773,chr1,245155931,245157033,1102
pre_xy_1774,chr1,246506310,246507661,1351
pre_xy_1775,chr1,246565575,246567623,2048
pre_xy_1776,chr1,246723684,246725158,1474
pre_xy_1777,chr1,246835662,246836740,1078
pre_xy_1778,chr1,246930889,246932467,1578
pre_xy_1779,chr1,247007327,247008313,986
pre_xy_1780,chr1,247077740,247079072,1332
pre_xy_1781,chr1,247103501,247105021,1520
pre_xy_1782,chr1,247110666,247112565,1899
pre_xy_1783,chr1,247209244,247211109,1865
pre_xy_1784,chr1,247330599,247333241,2642
pre_xy_1785,chr1,247447876,247448806,930
pre_xy_1786,chr1,247856895,247858048,1153
pre_xy_1787,chr1,248825210,248826889,1679
pre_xy_1788,chr1,248837526,248839270,1744
pre_xy_1789,chr1,248857827,248859904,2077
pre_xy_1790,chr1,248862831,248863774,943
pre_xy_1791,chr1,248872638,248874579,1941
pre_xy_1792,chr1,248905657,248907557,1900
pre_xy_1793,chr10,134304,136552,2248
pre_xy_1794,chr10,510602,512008,1406
pre_xy_1795,chr10,688195,690535,2340
pre_xy_1796,chr10,784397,785374,977
pre_xy_1797,chr10,930248,932311,2063
pre_xy_1798,chr10,987383,988968,1585
pre_xy_1799,chr10,1047982,1049994,2012
pre_xy_1800,chr10,1055734,1057623,1889
pre_xy_1801,chr10,1736624,1737923,1299
pre_xy_1802,chr10,3066891,3069333,2442
pre_xy_1803,chr10,3172010,3173645,1635
pre_xy_1804,chr10,3196797,3197972,1175
pre_xy_1805,chr10,3482020,3482923,903
pre_xy_1806,chr10,3782659,3783649,990
pre_xy_1807,chr10,3784570,3786204,1634
pre_xy_1808,chr10,4825487,4826978,1491
pre_xy_1809,chr10,4981387,4982585,1198
pre_xy_1810,chr10,5412003,5413413,1410
pre_xy_1811,chr10,5446204,5446808,604
pre_xy_1812,chr10,5665436,5666892,1456
pre_xy_1813,chr10,5684084,5686168,2084
pre_xy_1814,chr10,5691986,5693360,1374
pre_xy_1815,chr10,5812359,5814254,1895
pre_xy_1816,chr10,5888602,5890974,2372
pre_xy_1817,chr10,5976500,5978338,1838
pre_xy_1818,chr10,6088360,6090088,1728
pre_xy_1819,chr10,6144256,6146460,2204
pre_xy_1820,chr10,6162552,6165248,2696
pre_xy_1821,chr10,6200632,6203826,3194
pre_xy_1822,chr10,6203950,6204919,969
pre_xy_1823,chr10,6579598,6580905,1307
pre_xy_1824,chr10,7406870,7409570,2700
pre_xy_1825,chr10,7410382,7411848,1466
pre_xy_1826,chr10,7665607,7668149,2542
pre_xy_1827,chr10,7787364,7789189,1825
pre_xy_1828,chr10,7817937,7819456,1519
pre_xy_1829,chr10,8053234,8054057,823
pre_xy_1830,chr10,8533373,8535262,1889
pre_xy_1831,chr10,11017268,11018838,1570
pre_xy_1832,chr10,11164010,11166370,2360
pre_xy_1833,chr10,11610370,11612813,2443
pre_xy_1834,chr10,11741727,11743076,1349
pre_xy_1835,chr10,11868920,11870548,1628
pre_xy_1836,chr10,11874441,11876149,1708
pre_xy_1837,chr10,12041536,12043525,1989
pre_xy_1838,chr10,12068381,12069746,1365
pre_xy_1839,chr10,12129012,12130608,1596
pre_xy_1840,chr10,12194679,12196726,2047
pre_xy_1841,chr10,12348563,12350788,2225
pre_xy_1842,chr10,13000555,13002014,1459
pre_xy_1843,chr10,13098975,13101031,2056
pre_xy_1844,chr10,13160947,13162229,1282
pre_xy_1845,chr10,13268500,13269325,825
pre_xy_1846,chr10,13299016,13300292,1276
pre_xy_1847,chr10,13301815,13302625,810
pre_xy_1848,chr10,13346932,13348962,2030
pre_xy_1849,chr10,13439559,13440983,1424
pre_xy_1850,chr10,13527889,13529599,1710
pre_xy_1851,chr10,13586444,13587759,1315
pre_xy_1852,chr10,13706463,13708245,1782
pre_xy_1853,chr10,13890260,13892409,2149
pre_xy_1854,chr10,14603381,14605113,1732
pre_xy_1855,chr10,14837080,14839171,2091
pre_xy_1856,chr10,14877802,14879797,1995
pre_xy_1857,chr10,14952938,14954573,1635
pre_xy_1858,chr10,14958971,14960336,1365
pre_xy_1859,chr10,15088298,15089017,719
pre_xy_1860,chr10,15096514,15098073,1559
pre_xy_1861,chr10,15167475,15169373,1898
pre_xy_1862,chr10,15369409,15371617,2208
pre_xy_1863,chr10,15450176,15452135,1959
pre_xy_1864,chr10,15718241,15720422,2181
pre_xy_1865,chr10,15859479,15860829,1350
pre_xy_1866,chr10,16436272,16437507,1235
pre_xy_1867,chr10,16519470,16522025,2555
pre_xy_1868,chr10,16816739,16818304,1565
pre_xy_1869,chr10,17200431,17201898,1467
pre_xy_1870,chr10,17228036,17231606,3570
pre_xy_1871,chr10,17453123,17454914,1791
pre_xy_1872,chr10,17616377,17617996,1619
pre_xy_1873,chr10,17643251,17644920,1669
pre_xy_1874,chr10,18139935,18141505,1570
pre_xy_1875,chr10,18312276,18313466,1190
pre_xy_1876,chr10,18651075,18652121,1046
pre_xy_1877,chr10,18658162,18660131,1969
pre_xy_1878,chr10,19815323,19817971,2648
pre_xy_1879,chr10,21172853,21174784,1931
pre_xy_1880,chr10,21313868,21316448,2580
pre_xy_1881,chr10,21368822,21370203,1381
pre_xy_1882,chr10,21494166,21495063,897
pre_xy_1883,chr10,21495309,21497502,2193
pre_xy_1884,chr10,21499906,21500795,889
pre_xy_1885,chr10,21509358,21510902,1544
pre_xy_1886,chr10,21516123,21519241,3118
pre_xy_1887,chr10,21524774,21527596,2822
pre_xy_1888,chr10,21533216,21535521,2305
pre_xy_1889,chr10,22002263,22004033,1770
pre_xy_1890,chr10,22228715,22230994,2279
pre_xy_1891,chr10,22251143,22253847,2704
pre_xy_1892,chr10,22314955,22317086,2131
pre_xy_1893,chr10,22320416,22322188,1772
pre_xy_1894,chr10,22325251,22326180,929
pre_xy_1895,chr10,22334026,22336824,2798
pre_xy_1896,chr10,22340021,22341640,1619
pre_xy_1897,chr10,22436475,22438161,1686
pre_xy_1898,chr10,22475687,22478107,2420
pre_xy_1899,chr10,22712699,22715135,2436
pre_xy_1900,chr10,23094796,23096512,1716
pre_xy_1901,chr10,23190925,23193234,2309
pre_xy_1902,chr10,23343562,23344885,1323
pre_xy_1903,chr10,23438250,23440554,2304
pre_xy_1904,chr10,23693871,23695319,1448
pre_xy_1905,chr10,24207095,24210383,3288
pre_xy_1906,chr10,24722527,24725073,2546
pre_xy_1907,chr10,24951426,24953411,1985
pre_xy_1908,chr10,25015794,25017524,1730
pre_xy_1909,chr10,25174265,25175213,948
pre_xy_1910,chr10,25933673,25935212,1539
pre_xy_1911,chr10,26215371,26216806,1435
pre_xy_1912,chr10,26696785,26698408,1623
pre_xy_1913,chr10,26859128,26861426,2298
pre_xy_1914,chr10,27099546,27101247,1701
pre_xy_1915,chr10,27153769,27156230,2461
pre_xy_1916,chr10,27240106,27242439,2333
pre_xy_1917,chr10,27258418,27259780,1362
pre_xy_1918,chr10,27503530,27505321,1791
pre_xy_1919,chr10,27741833,27743875,2042
pre_xy_1920,chr10,27998027,27999178,1151
pre_xy_1921,chr10,28302092,28303451,1359
pre_xy_1922,chr10,28531978,28534181,2203
pre_xy_1923,chr10,28668293,28669174,881
pre_xy_1924,chr10,28676458,28679460,3002
pre_xy_1925,chr10,28721595,28722871,1276
pre_xy_1926,chr10,28839043,28840477,1434
pre_xy_1927,chr10,29409004,29410356,1352
pre_xy_1928,chr10,29734606,29737256,2650
pre_xy_1929,chr10,29992870,29994121,1251
pre_xy_1930,chr10,30013195,30014569,1374
pre_xy_1931,chr10,30058060,30059793,1733
pre_xy_1932,chr10,30184037,30185097,1060
pre_xy_1933,chr10,30348470,30349617,1147
pre_xy_1934,chr10,30432929,30435131,2202
pre_xy_1935,chr10,30783844,30785718,1874
pre_xy_1936,chr10,31031204,31032684,1480
pre_xy_1937,chr10,31133300,31134916,1616
pre_xy_1938,chr10,31318178,31321123,2945
pre_xy_1939,chr10,31602457,31604369,1912
pre_xy_1940,chr10,31759070,31760734,1664
pre_xy_1941,chr10,31927062,31929667,2605
pre_xy_1942,chr10,32055119,32056690,1571
pre_xy_1943,chr10,32345881,32347722,1841
pre_xy_1944,chr10,32377402,32380377,2975
pre_xy_1945,chr10,32445574,32447082,1508
pre_xy_1946,chr10,32957263,32958976,1713
pre_xy_1947,chr10,32980043,32981373,1330
pre_xy_1948,chr10,33334090,33337638,3548
pre_xy_1949,chr10,34739297,34740632,1335
pre_xy_1950,chr10,34813752,34816336,2584
pre_xy_1951,chr10,35089453,35090874,1421
pre_xy_1952,chr10,35126146,35128000,1854
pre_xy_1953,chr10,35194938,35196389,1451
pre_xy_1954,chr10,35335637,35337637,2000
pre_xy_1955,chr10,35639991,35642928,2937
pre_xy_1956,chr10,36114586,36115654,1068
pre_xy_1957,chr10,36681559,36682598,1039
pre_xy_1958,chr10,36758787,36760159,1372
pre_xy_1959,chr10,37856750,37858325,1575
pre_xy_1960,chr10,37975397,37976997,1600
pre_xy_1961,chr10,38010067,38011541,1474
pre_xy_1962,chr10,38093567,38095278,1711
pre_xy_1963,chr10,38402126,38403455,1329
pre_xy_1964,chr10,42551851,42553355,1504
pre_xy_1965,chr10,42637637,42638949,1312
pre_xy_1966,chr10,42752917,42755468,2551
pre_xy_1967,chr10,42781973,42783502,1529
pre_xy_1968,chr10,42932633,42934592,1959
pre_xy_1969,chr10,42951154,42952688,1534
pre_xy_1970,chr10,43076331,43077876,1545
pre_xy_1971,chr10,43104479,43105930,1451
pre_xy_1972,chr10,43137237,43139216,1979
pre_xy_1973,chr10,43228786,43230063,1277
pre_xy_1974,chr10,43322302,43323405,1103
pre_xy_1975,chr10,43361596,43362840,1244
pre_xy_1976,chr10,43395642,43397602,1960
pre_xy_1977,chr10,43407095,43410033,2938
pre_xy_1978,chr10,43420076,43421280,1204
pre_xy_1979,chr10,43436100,43437587,1487
pre_xy_1980,chr10,43454719,43456149,1430
pre_xy_1981,chr10,43573306,43574788,1482
pre_xy_1982,chr10,43605933,43607131,1198
pre_xy_1983,chr10,43648087,43649462,1375
pre_xy_1984,chr10,43688929,43690801,1872
pre_xy_1985,chr10,44383688,44385678,1990
pre_xy_1986,chr10,44863831,44865514,1683
pre_xy_1987,chr10,44878497,44879755,1258
pre_xy_1988,chr10,44958882,44960098,1216
pre_xy_1989,chr10,44974402,44975306,904
pre_xy_1990,chr10,44978429,44979210,781
pre_xy_1991,chr10,45000224,45001861,1637
pre_xy_1992,chr10,45008172,45008983,811
pre_xy_1993,chr10,45373077,45374882,1805
pre_xy_1994,chr10,45418357,45419987,1630
pre_xy_1995,chr10,45593881,45595156,1275
pre_xy_1996,chr10,45671867,45673612,1745
pre_xy_1997,chr10,45971529,45972964,1435
pre_xy_1998,chr10,46022974,46023765,791
pre_xy_1999,chr10,46029882,46030860,978
pre_xy_2000,chr10,46094548,46095700,1152
pre_xy_2001,chr10,46105555,46107080,1525
pre_xy_2002,chr10,46282404,46283322,918
pre_xy_2003,chr10,46284046,46285153,1107
pre_xy_2004,chr10,46555406,46557195,1789
pre_xy_2005,chr10,47383729,47384952,1223
pre_xy_2006,chr10,48305787,48307526,1739
pre_xy_2007,chr10,48453838,48455045,1207
pre_xy_2008,chr10,48523066,48524595,1529
pre_xy_2009,chr10,48655269,48656762,1493
pre_xy_2010,chr10,49114703,49115761,1058
pre_xy_2011,chr10,49538401,49539923,1522
pre_xy_2012,chr10,49609303,49610637,1334
pre_xy_2013,chr10,49761489,49762564,1075
pre_xy_2014,chr10,49941277,49942607,1330
pre_xy_2015,chr10,50417526,50418658,1132
pre_xy_2016,chr10,50621790,50625546,3756
pre_xy_2017,chr10,50739285,50740620,1335
pre_xy_2018,chr10,50990458,50992837,2379
pre_xy_2019,chr10,51073467,51075172,1705
pre_xy_2020,chr10,51698623,51700709,2086
pre_xy_2021,chr10,52308179,52309012,833
pre_xy_2022,chr10,52313168,52315158,1990
pre_xy_2023,chr10,55517756,55519120,1364
pre_xy_2024,chr10,55627364,55628796,1432
pre_xy_2025,chr10,55629702,55631774,2072
pre_xy_2026,chr10,56360662,56362046,1384
pre_xy_2027,chr10,58266828,58269839,3011
pre_xy_2028,chr10,58334564,58335922,1358
pre_xy_2029,chr10,58384524,58386082,1558
pre_xy_2030,chr10,58511601,58513982,2381
pre_xy_2031,chr10,59175680,59177652,1972
pre_xy_2032,chr10,59361746,59363417,1671
pre_xy_2033,chr10,59708720,59710515,1795
pre_xy_2034,chr10,59904967,59907159,2192
pre_xy_2035,chr10,60139441,60141579,2138
pre_xy_2036,chr10,60732287,60733693,1406
pre_xy_2037,chr10,60777915,60779141,1226
pre_xy_2038,chr10,60942519,60944926,2407
pre_xy_2039,chr10,61000724,61001922,1198
pre_xy_2040,chr10,61452013,61453907,1894
pre_xy_2041,chr10,61611720,61613136,1416
pre_xy_2042,chr10,61662440,61663741,1301
pre_xy_2043,chr10,61896815,61898082,1267
pre_xy_2044,chr10,61902810,61904156,1346
pre_xy_2045,chr10,62048238,62049869,1631
pre_xy_2046,chr10,62268026,62269302,1276
pre_xy_2047,chr10,62803325,62806106,2781
pre_xy_2048,chr10,62815651,62818323,2672
pre_xy_2049,chr10,63132713,63134029,1316
pre_xy_2050,chr10,63268670,63269465,795
pre_xy_2051,chr10,63464480,63466520,2040
pre_xy_2052,chr10,63520660,63522553,1893
pre_xy_2053,chr10,63628520,63631037,2517
pre_xy_2054,chr10,65570013,65571517,1504
pre_xy_2055,chr10,67763306,67765065,1759
pre_xy_2056,chr10,67849184,67850243,1059
pre_xy_2057,chr10,67883951,67886171,2220
pre_xy_2058,chr10,68073998,68075577,1579
pre_xy_2059,chr10,68153455,68154480,1025
pre_xy_2060,chr10,68230557,68232283,1726
pre_xy_2061,chr10,68330895,68333069,2174
pre_xy_2062,chr10,68406100,68407666,1566
pre_xy_2063,chr10,68471321,68472327,1006
pre_xy_2064,chr10,68526649,68527899,1250
pre_xy_2065,chr10,68559896,68562272,2376
pre_xy_2066,chr10,68598975,68600793,1818
pre_xy_2067,chr10,68720551,68721919,1368
pre_xy_2068,chr10,68826660,68827667,1007
pre_xy_2069,chr10,68900473,68901850,1377
pre_xy_2070,chr10,68955431,68957340,1909
pre_xy_2071,chr10,68988105,68989585,1480
pre_xy_2072,chr10,69123269,69125101,1832
pre_xy_2073,chr10,69179338,69181077,1739
pre_xy_2074,chr10,69317802,69319698,1896
pre_xy_2075,chr10,69408237,69409285,1048
pre_xy_2076,chr10,69450759,69452141,1382
pre_xy_2077,chr10,69629657,69630771,1114
pre_xy_2078,chr10,69729089,69730932,1843
pre_xy_2079,chr10,69801134,69803158,2024
pre_xy_2080,chr10,69866212,69867452,1240
pre_xy_2081,chr10,69917939,69918706,767
pre_xy_2082,chr10,70051692,70054384,2692
pre_xy_2083,chr10,70131774,70133386,1612
pre_xy_2084,chr10,70145316,70147448,2132
pre_xy_2085,chr10,70169628,70170994,1366
pre_xy_2086,chr10,70232128,70233983,1855
pre_xy_2087,chr10,70254930,70256462,1532
pre_xy_2088,chr10,70363688,70364867,1179
pre_xy_2089,chr10,70381449,70383058,1609
pre_xy_2090,chr10,70403560,70405848,2288
pre_xy_2091,chr10,70440050,70442140,2090
pre_xy_2092,chr10,70477686,70479528,1842
pre_xy_2093,chr10,70558428,70559782,1354
pre_xy_2094,chr10,70671931,70674134,2203
pre_xy_2095,chr10,70815481,70816905,1424
pre_xy_2096,chr10,70887358,70888810,1452
pre_xy_2097,chr10,70932103,70932892,789
pre_xy_2098,chr10,71211964,71214214,2250
pre_xy_2099,chr10,71216953,71218230,1277
pre_xy_2100,chr10,71318696,71319999,1303
pre_xy_2101,chr10,71376908,71377889,981
pre_xy_2102,chr10,71396050,71398202,2152
pre_xy_2103,chr10,71526673,71527683,1010
pre_xy_2104,chr10,71637894,71639320,1426
pre_xy_2105,chr10,71772849,71774134,1285
pre_xy_2106,chr10,71850471,71851603,1132
pre_xy_2107,chr10,71963004,71965494,2490
pre_xy_2108,chr10,71997929,72000163,2234
pre_xy_2109,chr10,72086249,72089141,2892
pre_xy_2110,chr10,72215396,72216588,1192
pre_xy_2111,chr10,72243625,72245277,1652
pre_xy_2112,chr10,72260162,72261699,1537
pre_xy_2113,chr10,72272641,72275001,2360
pre_xy_2114,chr10,72297119,72298500,1381
pre_xy_2115,chr10,72319356,72320489,1133
pre_xy_2116,chr10,72331367,72332516,1149
pre_xy_2117,chr10,72334162,72335847,1685
pre_xy_2118,chr10,72353656,72355466,1810
pre_xy_2119,chr10,72625305,72626570,1265
pre_xy_2120,chr10,72691518,72693483,1965
pre_xy_2121,chr10,73095236,73097304,2068
pre_xy_2122,chr10,73167471,73168730,1259
pre_xy_2123,chr10,73246441,73247549,1108
pre_xy_2124,chr10,73251791,73253430,1639
pre_xy_2125,chr10,73358067,73359016,949
pre_xy_2126,chr10,73412953,73414473,1520
pre_xy_2127,chr10,73494829,73496264,1435
pre_xy_2128,chr10,73624976,73626504,1528
pre_xy_2129,chr10,73647048,73648636,1588
pre_xy_2130,chr10,73729721,73730894,1173
pre_xy_2131,chr10,73743615,73744930,1315
pre_xy_2132,chr10,73771701,73773370,1669
pre_xy_2133,chr10,73781637,73782371,734
pre_xy_2134,chr10,73784948,73786431,1483
pre_xy_2135,chr10,73810704,73812224,1520
pre_xy_2136,chr10,73873631,73875315,1684
pre_xy_2137,chr10,73906429,73907388,959
pre_xy_2138,chr10,73910434,73911764,1330
pre_xy_2139,chr10,73997419,74000087,2668
pre_xy_2140,chr10,74150208,74151796,1588
pre_xy_2141,chr10,74175934,74177377,1443
pre_xy_2142,chr10,74824644,74827242,2598
pre_xy_2143,chr10,75099667,75101176,1509
pre_xy_2144,chr10,75110948,75112463,1515
pre_xy_2145,chr10,75209634,75211651,2017
pre_xy_2146,chr10,75233549,75236237,2688
pre_xy_2147,chr10,75283018,75284685,1667
pre_xy_2148,chr10,75294050,75296285,2235
pre_xy_2149,chr10,75395155,75396257,1102
pre_xy_2150,chr10,75401183,75403009,1826
pre_xy_2151,chr10,75404765,75405464,699
pre_xy_2152,chr10,75407644,75408741,1097
pre_xy_2153,chr10,75408976,75409854,878
pre_xy_2154,chr10,75612767,75614661,1894
pre_xy_2155,chr10,77636728,77638803,2075
pre_xy_2156,chr10,77710849,77711771,922
pre_xy_2157,chr10,77925342,77927667,2325
pre_xy_2158,chr10,78028620,78029994,1374
pre_xy_2159,chr10,78033378,78034357,979
pre_xy_2160,chr10,78203718,78204821,1103
pre_xy_2161,chr10,78289280,78290499,1219
pre_xy_2162,chr10,78302179,78303897,1718
pre_xy_2163,chr10,78406533,78407889,1356
pre_xy_2164,chr10,78470622,78472828,2206
pre_xy_2165,chr10,78972262,78974982,2720
pre_xy_2166,chr10,78977257,78978430,1173
pre_xy_2167,chr10,79066812,79071437,4625
pre_xy_2168,chr10,79194924,79195797,873
pre_xy_2169,chr10,79220315,79222203,1888
pre_xy_2170,chr10,79229908,79230838,930
pre_xy_2171,chr10,79242064,79243961,1897
pre_xy_2172,chr10,79346850,79348532,1682
pre_xy_2173,chr10,79444061,79446919,2858
pre_xy_2174,chr10,79904275,79905606,1331
pre_xy_2175,chr10,79981367,79982620,1253
pre_xy_2176,chr10,80078144,80079489,1345
pre_xy_2177,chr10,80204321,80206003,1682
pre_xy_2178,chr10,80356071,80357722,1651
pre_xy_2179,chr10,80407623,80409355,1732
pre_xy_2180,chr10,80411457,80412111,654
pre_xy_2181,chr10,80415871,80417806,1935
pre_xy_2182,chr10,80453326,80455515,2189
pre_xy_2183,chr10,81874056,81875693,1637
pre_xy_2184,chr10,83545402,83546583,1181
pre_xy_2185,chr10,84138827,84140315,1488
pre_xy_2186,chr10,84327936,84329546,1610
pre_xy_2187,chr10,86362916,86363875,959
pre_xy_2188,chr10,86365634,86367611,1977
pre_xy_2189,chr10,86376686,86377625,939
pre_xy_2190,chr10,86399640,86401892,2252
pre_xy_2191,chr10,86520718,86522436,1718
pre_xy_2192,chr10,86710669,86712453,1784
pre_xy_2193,chr10,86755417,86757685,2268
pre_xy_2194,chr10,86867941,86868804,863
pre_xy_2195,chr10,86939024,86939973,949
pre_xy_2196,chr10,86953678,86955817,2139
pre_xy_2197,chr10,86969802,86972037,2235
pre_xy_2198,chr10,87093870,87095852,1982
pre_xy_2199,chr10,87342119,87343287,1168
pre_xy_2200,chr10,87504181,87505937,1756
pre_xy_2201,chr10,87659303,87660546,1243
pre_xy_2202,chr10,87817560,87819159,1599
pre_xy_2203,chr10,87861552,87864455,2903
pre_xy_2204,chr10,88582161,88583587,1426
pre_xy_2205,chr10,88879638,88881158,1520
pre_xy_2206,chr10,88989697,88991948,2251
pre_xy_2207,chr10,89206153,89208453,2300
pre_xy_2208,chr10,89250968,89252222,1254
pre_xy_2209,chr10,89391715,89393476,1761
pre_xy_2210,chr10,89413977,89415503,1526
pre_xy_2211,chr10,89643466,89645854,2388
pre_xy_2212,chr10,89700834,89701940,1106
pre_xy_2213,chr10,89836732,89838555,1823
pre_xy_2214,chr10,90857074,90858677,1603
pre_xy_2215,chr10,90871197,90872864,1667
pre_xy_2216,chr10,91162165,91164434,2269
pre_xy_2217,chr10,91219967,91221542,1575
pre_xy_2218,chr10,91297920,91298976,1056
pre_xy_2219,chr10,91409120,91411318,2198
pre_xy_2220,chr10,91632515,91633676,1161
pre_xy_2221,chr10,91797787,91799521,1734
pre_xy_2222,chr10,91887018,91887965,947
pre_xy_2223,chr10,91907930,91909641,1711
pre_xy_2224,chr10,91923189,91924880,1691
pre_xy_2225,chr10,92238003,92241319,3316
pre_xy_2226,chr10,92290143,92292365,2222
pre_xy_2227,chr10,92573011,92574943,1932
pre_xy_2228,chr10,92590663,92593574,2911
pre_xy_2229,chr10,92688853,92691941,3088
pre_xy_2230,chr10,92848001,92849677,1676
pre_xy_2231,chr10,93436471,93439177,2706
pre_xy_2232,chr10,93445248,93446305,1057
pre_xy_2233,chr10,93495494,93496896,1402
pre_xy_2234,chr10,93701675,93703453,1778
pre_xy_2235,chr10,93893463,93895094,1631
pre_xy_2236,chr10,93993269,93994606,1337
pre_xy_2237,chr10,94362042,94363218,1176
pre_xy_2238,chr10,94402013,94404094,2081
pre_xy_2239,chr10,94544772,94546537,1765
pre_xy_2240,chr10,95183044,95184192,1148
pre_xy_2241,chr10,95290212,95291393,1181
pre_xy_2242,chr10,95559467,95561750,2283
pre_xy_2243,chr10,95655612,95657093,1481
pre_xy_2244,chr10,95692983,95694346,1363
pre_xy_2245,chr10,95906801,95908313,1512
pre_xy_2246,chr10,96042956,96045197,2241
pre_xy_2247,chr10,96089296,96090835,1539
pre_xy_2248,chr10,96129482,96130883,1401
pre_xy_2249,chr10,96374648,96375691,1043
pre_xy_2250,chr10,96512496,96514543,2047
pre_xy_2251,chr10,96585927,96587755,1828
pre_xy_2252,chr10,96719682,96721109,1427
pre_xy_2253,chr10,96831671,96833991,2320
pre_xy_2254,chr10,97095546,97097462,1916
pre_xy_2255,chr10,97185171,97186388,1217
pre_xy_2256,chr10,97195588,97197317,1729
pre_xy_2257,chr10,97291670,97292995,1325
pre_xy_2258,chr10,97318482,97320684,2202
pre_xy_2259,chr10,97332718,97335223,2505
pre_xy_2260,chr10,97400046,97401658,1612
pre_xy_2261,chr10,97425494,97426910,1416
pre_xy_2262,chr10,97445332,97446693,1361
pre_xy_2263,chr10,97497645,97499773,2128
pre_xy_2264,chr10,97632734,97634227,1493
pre_xy_2265,chr10,97640117,97641764,1647
pre_xy_2266,chr10,97686577,97688025,1448
pre_xy_2267,chr10,97713125,97715256,2131
pre_xy_2268,chr10,97736559,97737981,1422
pre_xy_2269,chr10,97742781,97743832,1051
pre_xy_2270,chr10,97770914,97772510,1596
pre_xy_2271,chr10,97849283,97850725,1442
pre_xy_2272,chr10,98029586,98031420,1834
pre_xy_2273,chr10,98134032,98135444,1412
pre_xy_2274,chr10,98414334,98416237,1903
pre_xy_2275,chr10,98445442,98447159,1717
pre_xy_2276,chr10,98466851,98468385,1534
pre_xy_2277,chr10,99328899,99330793,1894
pre_xy_2278,chr10,99430165,99431603,1438
pre_xy_2279,chr10,99534845,99536215,1370
pre_xy_2280,chr10,99619646,99621728,2082
pre_xy_2281,chr10,99658481,99660122,1641
pre_xy_2282,chr10,99731617,99732954,1337
pre_xy_2283,chr10,100008827,100010672,1845
pre_xy_2284,chr10,100184846,100186692,1846
pre_xy_2285,chr10,100228673,100229920,1247
pre_xy_2286,chr10,100266950,100268184,1234
pre_xy_2287,chr10,100285675,100287052,1377
pre_xy_2288,chr10,100346075,100348054,1979
pre_xy_2289,chr10,100350612,100351466,854
pre_xy_2290,chr10,100372819,100374416,1597
pre_xy_2291,chr10,100481333,100482931,1598
pre_xy_2292,chr10,100518641,100520226,1585
pre_xy_2293,chr10,100528725,100530289,1564
pre_xy_2294,chr10,100535299,100536280,981
pre_xy_2295,chr10,100561716,100563320,1604
pre_xy_2296,chr10,100653712,100655499,1787
pre_xy_2297,chr10,100728978,100731408,2430
pre_xy_2298,chr10,100745000,100746306,1306
pre_xy_2299,chr10,100826627,100828593,1966
pre_xy_2300,chr10,100912035,100913560,1525
pre_xy_2301,chr10,100968891,100970665,1774
pre_xy_2302,chr10,100986693,100987847,1154
pre_xy_2303,chr10,100996899,101000418,3519
pre_xy_2304,chr10,101018074,101019471,1397
pre_xy_2305,chr10,101030726,101033215,2489
pre_xy_2306,chr10,101042176,101043663,1487
pre_xy_2307,chr10,101060429,101062039,1610
pre_xy_2308,chr10,101062269,101062944,675
pre_xy_2309,chr10,101141946,101142572,626
pre_xy_2310,chr10,101291254,101293581,2327
pre_xy_2311,chr10,101310256,101311744,1488
pre_xy_2312,chr10,101353296,101354938,1642
pre_xy_2313,chr10,101569331,101571289,1958
pre_xy_2314,chr10,101587549,101588622,1073
pre_xy_2315,chr10,101616460,101618355,1895
pre_xy_2316,chr10,101693643,101695499,1856
pre_xy_2317,chr10,101782867,101783754,887
pre_xy_2318,chr10,101817254,101819226,1972
pre_xy_2319,chr10,101829154,101831256,2102
pre_xy_2320,chr10,101840485,101841487,1002
pre_xy_2321,chr10,102055263,102056472,1209
pre_xy_2322,chr10,102064805,102066189,1384
pre_xy_2323,chr10,102113919,102115401,1482
pre_xy_2324,chr10,102117343,102118071,728
pre_xy_2325,chr10,102118881,102122266,3385
pre_xy_2326,chr10,102132327,102134107,1780
pre_xy_2327,chr10,102151421,102152862,1441
pre_xy_2328,chr10,102225544,102226484,940
pre_xy_2329,chr10,102229703,102232091,2388
pre_xy_2330,chr10,102240505,102242044,1539
pre_xy_2331,chr10,102244862,102245991,1129
pre_xy_2332,chr10,102393681,102395871,2190
pre_xy_2333,chr10,102399176,102399827,651
pre_xy_2334,chr10,102408505,102409779,1274
pre_xy_2335,chr10,102409884,102411041,1157
pre_xy_2336,chr10,102419427,102422333,2906
pre_xy_2337,chr10,102431684,102432913,1229
pre_xy_2338,chr10,102449391,102451565,2174
pre_xy_2339,chr10,102460787,102462114,1327
pre_xy_2340,chr10,102501615,102503139,1524
pre_xy_2341,chr10,102503435,102504221,786
pre_xy_2342,chr10,102641824,102644556,2732
pre_xy_2343,chr10,102644835,102645362,527
pre_xy_2344,chr10,102645453,102646850,1397
pre_xy_2345,chr10,102660289,102661851,1562
pre_xy_2346,chr10,102670647,102671329,682
pre_xy_2347,chr10,102713333,102715154,1821
pre_xy_2348,chr10,102743338,102744887,1549
pre_xy_2349,chr10,102758248,102759155,907
pre_xy_2350,chr10,102774997,102777473,2476
pre_xy_2351,chr10,102853843,102854792,949
pre_xy_2352,chr10,102868836,102870186,1350
pre_xy_2353,chr10,102917238,102919617,2379
pre_xy_2354,chr10,103192141,103193589,1448
pre_xy_2355,chr10,103276454,103278038,1584
pre_xy_2356,chr10,103350148,103351433,1285
pre_xy_2357,chr10,103367422,103368892,1470
pre_xy_2358,chr10,103395674,103397295,1621
pre_xy_2359,chr10,103450860,103452869,2009
pre_xy_2360,chr10,103493183,103494886,1703
pre_xy_2361,chr10,103507501,103508181,680
pre_xy_2362,chr10,103554377,103555717,1340
pre_xy_2363,chr10,103659754,103662049,2295
pre_xy_2364,chr10,103676750,103678797,2047
pre_xy_2365,chr10,103691812,103693658,1846
pre_xy_2366,chr10,103771820,103772895,1075
pre_xy_2367,chr10,103854115,103856030,1915
pre_xy_2368,chr10,103917363,103918769,1406
pre_xy_2369,chr10,103966226,103968187,1961
pre_xy_2370,chr10,104120636,104122502,1866
pre_xy_2371,chr10,104231497,104232845,1348
pre_xy_2372,chr10,104254178,104255974,1796
pre_xy_2373,chr10,104268333,104269604,1271
pre_xy_2374,chr10,104274485,104275643,1158
pre_xy_2375,chr10,104327558,104329656,2098
pre_xy_2376,chr10,104337321,104339040,1719
pre_xy_2377,chr10,104353054,104354059,1005
pre_xy_2378,chr10,104640058,104643045,2987
pre_xy_2379,chr10,107163917,107165272,1355
pre_xy_2380,chr10,107914216,107915533,1317
pre_xy_2381,chr10,108911535,108912705,1170
pre_xy_2382,chr10,109456273,109457556,1283
pre_xy_2383,chr10,109474053,109475227,1174
pre_xy_2384,chr10,109922476,109923908,1432
pre_xy_2385,chr10,110006703,110009007,2304
pre_xy_2386,chr10,110207377,110208852,1475
pre_xy_2387,chr10,110209041,110211510,2469
pre_xy_2388,chr10,110221499,110222127,628
pre_xy_2389,chr10,110225540,110227667,2127
pre_xy_2390,chr10,110304218,110305465,1247
pre_xy_2391,chr10,110496137,110498654,2517
pre_xy_2392,chr10,110566656,110568616,1960
pre_xy_2393,chr10,110642965,110644727,1762
pre_xy_2394,chr10,110671854,110672825,971
pre_xy_2395,chr10,110870758,110873000,2242
pre_xy_2396,chr10,110918223,110920500,2277
pre_xy_2397,chr10,111075840,111077355,1515
pre_xy_2398,chr10,112182936,112184221,1285
pre_xy_2399,chr10,112446071,112447681,1610
pre_xy_2400,chr10,112949545,112950394,849
pre_xy_2401,chr10,112950737,112952662,1925
pre_xy_2402,chr10,113678826,113680636,1810
pre_xy_2403,chr10,113853678,113855972,2294
pre_xy_2404,chr10,114042770,114044805,2035
pre_xy_2405,chr10,114172835,114174969,2134
pre_xy_2406,chr10,114303759,114305348,1589
pre_xy_2407,chr10,114402860,114405126,2266
pre_xy_2408,chr10,114526119,114527293,1174
pre_xy_2409,chr10,114631383,114632446,1063
pre_xy_2410,chr10,114767306,114768876,1570
pre_xy_2411,chr10,114821309,114823069,1760
pre_xy_2412,chr10,114937662,114938808,1146
pre_xy_2413,chr10,115092362,115094349,1987
pre_xy_2414,chr10,116271988,116274823,2835
pre_xy_2415,chr10,116608133,116610131,1998
pre_xy_2416,chr10,116669085,116670571,1486
pre_xy_2417,chr10,116740991,116743384,2393
pre_xy_2418,chr10,116848650,116850358,1708
pre_xy_2419,chr10,117004286,117005990,1704
pre_xy_2420,chr10,117133955,117135110,1155
pre_xy_2421,chr10,117167770,117168627,857
pre_xy_2422,chr10,117174458,117176230,1772
pre_xy_2423,chr10,117216295,117217349,1054
pre_xy_2424,chr10,117240513,117242058,1545
pre_xy_2425,chr10,117373835,117376305,2470
pre_xy_2426,chr10,117496365,117497100,735
pre_xy_2427,chr10,117534346,117535699,1353
pre_xy_2428,chr10,117537143,117538010,867
pre_xy_2429,chr10,117541065,117541572,507
pre_xy_2430,chr10,117541788,117542835,1047
pre_xy_2431,chr10,117543111,117544272,1161
pre_xy_2432,chr10,117551783,117552626,843
pre_xy_2433,chr10,117552802,117555133,2331
pre_xy_2434,chr10,118045854,118047515,1661
pre_xy_2435,chr10,118341573,118342936,1363
pre_xy_2436,chr10,118594252,118594853,601
pre_xy_2437,chr10,118753789,118755641,1852
pre_xy_2438,chr10,119028751,119030873,2122
pre_xy_2439,chr10,119079549,119081490,1941
pre_xy_2440,chr10,119103491,119104998,1507
pre_xy_2441,chr10,119164630,119166184,1554
pre_xy_2442,chr10,119177762,119179087,1325
pre_xy_2443,chr10,119206199,119208491,2292
pre_xy_2444,chr10,119364270,119365532,1262
pre_xy_2445,chr10,119412085,119414617,2532
pre_xy_2446,chr10,119542116,119543729,1613
pre_xy_2447,chr10,119595691,119597448,1757
pre_xy_2448,chr10,119650751,119652737,1986
pre_xy_2449,chr10,119667436,119668691,1255
pre_xy_2450,chr10,119724585,119726723,2138
pre_xy_2451,chr10,119817899,119819706,1807
pre_xy_2452,chr10,119871629,119873689,2060
pre_xy_2453,chr10,119891928,119893405,1477
pre_xy_2454,chr10,120456163,120457943,1780
pre_xy_2455,chr10,120850582,120852019,1437
pre_xy_2456,chr10,120948871,120950458,1587
pre_xy_2457,chr10,120977747,120980362,2615
pre_xy_2458,chr10,121595705,121598890,3185
pre_xy_2459,chr10,121926693,121928737,2044
pre_xy_2460,chr10,121974155,121975520,1365
pre_xy_2461,chr10,122112312,122114467,2155
pre_xy_2462,chr10,122162762,122164609,1847
pre_xy_2463,chr10,122373713,122375735,2022
pre_xy_2464,chr10,122460786,122463151,2365
pre_xy_2465,chr10,122878917,122880305,1388
pre_xy_2466,chr10,122953269,122954694,1425
pre_xy_2467,chr10,122979645,122981420,1775
pre_xy_2468,chr10,123007484,123009739,2255
pre_xy_2469,chr10,123153824,123155182,1358
pre_xy_2470,chr10,123994197,123995096,899
pre_xy_2471,chr10,124091572,124094711,3139
pre_xy_2472,chr10,124388531,124389580,1049
pre_xy_2473,chr10,124417914,124419491,1577
pre_xy_2474,chr10,124461355,124462379,1024
pre_xy_2475,chr10,124588626,124590346,1720
pre_xy_2476,chr10,124717626,124718855,1229
pre_xy_2477,chr10,124742449,124744955,2506
pre_xy_2478,chr10,124790997,124792672,1675
pre_xy_2479,chr10,124801261,124802750,1489
pre_xy_2480,chr10,124916138,124918340,2202
pre_xy_2481,chr10,125158549,125162588,4039
pre_xy_2482,chr10,125718666,125720034,1368
pre_xy_2483,chr10,125822541,125823825,1284
pre_xy_2484,chr10,125895186,125897174,1988
pre_xy_2485,chr10,126386644,126388879,2235
pre_xy_2486,chr10,126904633,126906623,1990
pre_xy_2487,chr10,127194744,127197141,2397
pre_xy_2488,chr10,127906577,127907977,1400
pre_xy_2489,chr10,128046692,128048910,2218
pre_xy_2490,chr10,128125557,128127086,1529
pre_xy_2491,chr10,128149395,128150541,1146
pre_xy_2492,chr10,128209902,128211296,1394
pre_xy_2493,chr10,128211747,128212358,611
pre_xy_2494,chr10,128539842,128542377,2535
pre_xy_2495,chr10,129466329,129468101,1772
pre_xy_2496,chr10,129898280,129899668,1388
pre_xy_2497,chr10,129962817,129964747,1930
pre_xy_2498,chr10,129968722,129969212,490
pre_xy_2499,chr10,130109709,130111738,2029
pre_xy_2500,chr10,130135725,130137503,1778
pre_xy_2501,chr10,130189742,130191077,1335
pre_xy_2502,chr10,130300472,130301953,1481
pre_xy_2503,chr10,131310166,131312818,2652
pre_xy_2504,chr10,131452842,131454402,1560
pre_xy_2505,chr10,131748722,131750853,2131
pre_xy_2506,chr10,131899693,131901851,2158
pre_xy_2507,chr10,131980788,131982778,1990
pre_xy_2508,chr10,132035921,132037458,1537
pre_xy_2509,chr10,132065199,132066554,1355
pre_xy_2510,chr10,132185384,132187750,2366
pre_xy_2511,chr10,132306941,132308927,1986
pre_xy_2512,chr10,132331086,132332610,1524
pre_xy_2513,chr10,132395620,132398447,2827
pre_xy_2514,chr10,132406974,132408788,1814
pre_xy_2515,chr10,132443631,132444628,997
pre_xy_2516,chr10,132452645,132454209,1564
pre_xy_2517,chr10,132467202,132469007,1805
pre_xy_2518,chr10,132516354,132519251,2897
pre_xy_2519,chr10,132536241,132538173,1932
pre_xy_2520,chr10,132961724,132962762,1038
pre_xy_2521,chr10,133087454,133088947,1493
pre_xy_2522,chr10,133158840,133160921,2081
pre_xy_2523,chr10,133223984,133225576,1592
pre_xy_2524,chr10,133229527,133231618,2091
pre_xy_2525,chr10,133236419,133238411,1992
pre_xy_2526,chr10,133244820,133246450,1630
pre_xy_2527,chr10,133246927,133248575,1648
pre_xy_2528,chr10,133257407,133258086,679
pre_xy_2529,chr10,133260987,133262347,1360
pre_xy_2530,chr10,133276077,133277292,1215
pre_xy_2531,chr10,133307613,133309492,1879
pre_xy_2532,chr10,133313851,133315592,1741
pre_xy_2533,chr10,133324065,133326304,2239
pre_xy_2534,chr10,133329483,133330115,632
pre_xy_2535,chr10,133334623,133337129,2506
pre_xy_2536,chr10,133356976,133358341,1365
pre_xy_2537,chr10,133372154,133374105,1951
pre_xy_2538,chr10,133378002,133379772,1770
pre_xy_2539,chr10,133393511,133395060,1549
pre_xy_2540,chr11,206671,209233,2562
pre_xy_2541,chr11,235619,237288,1669
pre_xy_2542,chr11,287904,289517,1613
pre_xy_2543,chr11,320300,321139,839
pre_xy_2544,chr11,355109,356487,1378
pre_xy_2545,chr11,368060,370763,2703
pre_xy_2546,chr11,396310,397540,1230
pre_xy_2547,chr11,406381,407737,1356
pre_xy_2548,chr11,447837,448684,847
pre_xy_2549,chr11,449741,451267,1526
pre_xy_2550,chr11,506123,507930,1807
pre_xy_2551,chr11,534633,536189,1556
pre_xy_2552,chr11,536643,537732,1089
pre_xy_2553,chr11,554538,555614,1076
pre_xy_2554,chr11,560179,561728,1549
pre_xy_2555,chr11,567712,569403,1691
pre_xy_2556,chr11,574945,576680,1735
pre_xy_2557,chr11,615145,616304,1159
pre_xy_2558,chr11,694544,696396,1852
pre_xy_2559,chr11,705584,708122,2538
pre_xy_2560,chr11,726199,727269,1070
pre_xy_2561,chr11,746468,748315,1847
pre_xy_2562,chr11,776391,778264,1873
pre_xy_2563,chr11,783257,783976,719
pre_xy_2564,chr11,795859,796602,743
pre_xy_2565,chr11,796895,798549,1654
pre_xy_2566,chr11,804661,805716,1055
pre_xy_2567,chr11,808826,810351,1525
pre_xy_2568,chr11,818667,821105,2438
pre_xy_2569,chr11,829992,831077,1085
pre_xy_2570,chr11,832352,833581,1229
pre_xy_2571,chr11,841978,843315,1337
pre_xy_2572,chr11,843720,845145,1425
pre_xy_2573,chr11,849174,850332,1158
pre_xy_2574,chr11,910073,911614,1541
pre_xy_2575,chr11,925149,926912,1763
pre_xy_2576,chr11,995384,996695,1311
pre_xy_2577,chr11,1262224,1263151,927
pre_xy_2578,chr11,1308763,1310277,1514
pre_xy_2579,chr11,1382571,1383645,1074
pre_xy_2580,chr11,1388843,1391979,3136
pre_xy_2581,chr11,1401389,1402223,834
pre_xy_2582,chr11,1564368,1565389,1021
pre_xy_2583,chr11,1571582,1572802,1220
pre_xy_2584,chr11,1573877,1575027,1150
pre_xy_2585,chr11,1693033,1694549,1516
pre_xy_2586,chr11,1747954,1749362,1408
pre_xy_2587,chr11,1762315,1764659,2344
pre_xy_2588,chr11,1841649,1843395,1746
pre_xy_2589,chr11,2137015,2138286,1271
pre_xy_2590,chr11,2138525,2140099,1574
pre_xy_2591,chr11,2268666,2271387,2721
pre_xy_2592,chr11,2314447,2315720,1273
pre_xy_2593,chr11,2376912,2379162,2250
pre_xy_2594,chr11,2399508,2401059,1551
pre_xy_2595,chr11,2408486,2410542,2056
pre_xy_2596,chr11,2419664,2421189,1525
pre_xy_2597,chr11,2532447,2534097,1650
pre_xy_2598,chr11,2699066,2701378,2312
pre_xy_2599,chr11,2778057,2780733,2676
pre_xy_2600,chr11,2836859,2837644,785
pre_xy_2601,chr11,2868126,2870231,2105
pre_xy_2602,chr11,2883888,2886525,2637
pre_xy_2603,chr11,2890416,2891148,732
pre_xy_2604,chr11,2891867,2893083,1216
pre_xy_2605,chr11,2901438,2902936,1498
pre_xy_2606,chr11,2928289,2931062,2773
pre_xy_2607,chr11,2991018,2993128,2110
pre_xy_2608,chr11,3056408,3057914,1506
pre_xy_2609,chr11,3159983,3160942,959
pre_xy_2610,chr11,3164333,3165546,1213
pre_xy_2611,chr11,3378367,3379436,1069
pre_xy_2612,chr11,3421657,3423619,1962
pre_xy_2613,chr11,3641602,3643206,1604
pre_xy_2614,chr11,3796883,3798321,1438
pre_xy_2615,chr11,3807658,3809446,1788
pre_xy_2616,chr11,3840163,3841872,1709
pre_xy_2617,chr11,3854410,3856499,2089
pre_xy_2618,chr11,4094048,4096187,2139
pre_xy_2619,chr11,4186934,4188228,1294
pre_xy_2620,chr11,4392916,4393990,1074
pre_xy_2621,chr11,4607567,4608599,1032
pre_xy_2622,chr11,5684162,5685314,1152
pre_xy_2623,chr11,6233987,6235556,1569
pre_xy_2624,chr11,6251051,6252663,1612
pre_xy_2625,chr11,6258334,6260257,1923
pre_xy_2626,chr11,6318928,6321165,2237
pre_xy_2627,chr11,6389639,6390838,1199
pre_xy_2628,chr11,6418048,6419638,1590
pre_xy_2629,chr11,6473300,6474632,1332
pre_xy_2630,chr11,6480738,6482224,1486
pre_xy_2631,chr11,6603094,6604651,1557
pre_xy_2632,chr11,6611396,6613036,1640
pre_xy_2633,chr11,6618090,6619694,1604
pre_xy_2634,chr11,6654493,6656266,1773
pre_xy_2635,chr11,6682460,6683779,1319
pre_xy_2636,chr11,6925527,6927148,1621
pre_xy_2637,chr11,7019596,7020974,1378
pre_xy_2638,chr11,7251411,7252855,1444
pre_xy_2639,chr11,7512350,7514582,2232
pre_xy_2640,chr11,7673024,7674421,1397
pre_xy_2641,chr11,7986609,7987602,993
pre_xy_2642,chr11,8018303,8020272,1969
pre_xy_2643,chr11,8080249,8082045,1796
pre_xy_2644,chr11,8262358,8264097,1739
pre_xy_2645,chr11,8267774,8269373,1599
pre_xy_2646,chr11,8282582,8284497,1915
pre_xy_2647,chr11,8593366,8594777,1411
pre_xy_2648,chr11,8681929,8683331,1402
pre_xy_2649,chr11,8688346,8689414,1068
pre_xy_2650,chr11,8809297,8811237,1940
pre_xy_2651,chr11,8870256,8871652,1396
pre_xy_2652,chr11,8909886,8911865,1979
pre_xy_2653,chr11,8963653,8965313,1660
pre_xy_2654,chr11,9003325,9004784,1459
pre_xy_2655,chr11,9263850,9266084,2234
pre_xy_2656,chr11,9313773,9315346,1573
pre_xy_2657,chr11,9363820,9364805,985
pre_xy_2658,chr11,9384142,9385691,1549
pre_xy_2659,chr11,9459762,9461609,1847
pre_xy_2660,chr11,9572748,9575615,2867
pre_xy_2661,chr11,9612883,9614621,1738
pre_xy_2662,chr11,9663373,9665010,1637
pre_xy_2663,chr11,9757844,9760513,2669
pre_xy_2664,chr11,10293214,10294959,1745
pre_xy_2665,chr11,10302379,10303569,1190
pre_xy_2666,chr11,10304483,10305695,1212
pre_xy_2667,chr11,10307348,10308303,955
pre_xy_2668,chr11,10449816,10451391,1575
pre_xy_2669,chr11,10454681,10456990,2309
pre_xy_2670,chr11,10540254,10541607,1353
pre_xy_2671,chr11,10735083,10736207,1124
pre_xy_2672,chr11,10750432,10751957,1525
pre_xy_2673,chr11,10807634,10809773,2139
pre_xy_2674,chr11,10856945,10859138,2193
pre_xy_2675,chr11,10930573,10932303,1730
pre_xy_2676,chr11,10933752,10934328,576
pre_xy_2677,chr11,11620171,11622511,2340
pre_xy_2678,chr11,11840954,11843017,2063
pre_xy_2679,chr11,12007845,12009882,2037
pre_xy_2680,chr11,12109959,12111819,1860
pre_xy_2681,chr11,12376828,12378459,1631
pre_xy_2682,chr11,12673605,12675361,1756
pre_xy_2683,chr11,12746435,12747197,762
pre_xy_2684,chr11,13008652,13011283,2631
pre_xy_2685,chr11,13276593,13278932,2339
pre_xy_2686,chr11,13462370,13463974,1604
pre_xy_2687,chr11,13667777,13669585,1808
pre_xy_2688,chr11,13962237,13964827,2590
pre_xy_2689,chr11,14357870,14359573,1703
pre_xy_2690,chr11,14380808,14381639,831
pre_xy_2691,chr11,14499071,14500693,1622
pre_xy_2692,chr11,14519578,14520892,1314
pre_xy_2693,chr11,14643189,14645309,2120
pre_xy_2694,chr11,14890903,14892540,1637
pre_xy_2695,chr11,14904670,14906292,1622
pre_xy_2696,chr11,14973303,14975052,1749
pre_xy_2697,chr11,15073225,15075252,2027
pre_xy_2698,chr11,15649736,15651378,1642
pre_xy_2699,chr11,16604143,16608044,3901
pre_xy_2700,chr11,16612599,16614451,1852
pre_xy_2701,chr11,16737669,16739781,2112
pre_xy_2702,chr11,16923973,16926321,2348
pre_xy_2703,chr11,16935677,16937312,1635
pre_xy_2704,chr11,17012934,17015326,2392
pre_xy_2705,chr11,17076764,17078631,1867
pre_xy_2706,chr11,17207208,17209562,2354
pre_xy_2707,chr11,17276074,17277553,1479
pre_xy_2708,chr11,17351297,17353938,2641
pre_xy_2709,chr11,17388614,17389849,1235
pre_xy_2710,chr11,17718940,17721639,2699
pre_xy_2711,chr11,17734289,17736173,1884
pre_xy_2712,chr11,18012194,18014065,1871
pre_xy_2713,chr11,18105213,18106332,1119
pre_xy_2714,chr11,18321646,18322912,1266
pre_xy_2715,chr11,18393839,18396506,2667
pre_xy_2716,chr11,18526190,18527403,1213
pre_xy_2717,chr11,18587826,18589361,1535
pre_xy_2718,chr11,18633721,18635020,1299
pre_xy_2719,chr11,18698131,18700667,2536
pre_xy_2720,chr11,18705556,18707181,1625
pre_xy_2721,chr11,18720363,18722327,1964
pre_xy_2722,chr11,18790911,18792575,1664
pre_xy_2723,chr11,19116448,19117891,1443
pre_xy_2724,chr11,19240285,19242567,2282
pre_xy_2725,chr11,19344695,19346769,2074
pre_xy_2726,chr11,19711884,19713268,1384
pre_xy_2727,chr11,20131775,20132737,962
pre_xy_2728,chr11,20363267,20364816,1549
pre_xy_2729,chr11,20386902,20388450,1548
pre_xy_2730,chr11,20668729,20671282,2553
pre_xy_2731,chr11,22192278,22194029,1751
pre_xy_2732,chr11,22431952,22433330,1378
pre_xy_2733,chr11,22624683,22626144,1461
pre_xy_2734,chr11,22666009,22667373,1364
pre_xy_2735,chr11,22828863,22830229,1366
pre_xy_2736,chr11,24496369,24497704,1335
pre_xy_2737,chr11,26331624,26332686,1062
pre_xy_2738,chr11,27201258,27202497,1239
pre_xy_2739,chr11,27215616,27216834,1218
pre_xy_2740,chr11,27362394,27363772,1378
pre_xy_2741,chr11,27470832,27473297,2465
pre_xy_2742,chr11,27505797,27507195,1398
pre_xy_2743,chr11,27698744,27701807,3063
pre_xy_2744,chr11,27718259,27719540,1281
pre_xy_2745,chr11,28107376,28108575,1199
pre_xy_2746,chr11,30016570,30018030,1460
pre_xy_2747,chr11,30322534,30323825,1291
pre_xy_2748,chr11,30583670,30586961,3291
pre_xy_2749,chr11,31368899,31370342,1443
pre_xy_2750,chr11,31508964,31510455,1491
pre_xy_2751,chr11,31809854,31810680,826
pre_xy_2752,chr11,32090348,32092007,1659
pre_xy_2753,chr11,32332508,32334075,1567
pre_xy_2754,chr11,32426651,32427501,850
pre_xy_2755,chr11,32430326,32431379,1053
pre_xy_2756,chr11,32434429,32436622,2193
pre_xy_2757,chr11,32477398,32479627,2229
pre_xy_2758,chr11,32499312,32500914,1602
pre_xy_2759,chr11,32555832,32556898,1066
pre_xy_2760,chr11,32562532,32563930,1398
pre_xy_2761,chr11,32583174,32585241,2067
pre_xy_2762,chr11,32891985,32894493,2508
pre_xy_2763,chr11,33015297,33016571,1274
pre_xy_2764,chr11,33038690,33040559,1869
pre_xy_2765,chr11,33160860,33161850,990
pre_xy_2766,chr11,33256767,33258969,2202
pre_xy_2767,chr11,33375623,33377026,1403
pre_xy_2768,chr11,33699912,33702261,2349
pre_xy_2769,chr11,33734419,33737242,2823
pre_xy_2770,chr11,33773405,33775144,1739
pre_xy_2771,chr11,33868427,33870759,2332
pre_xy_2772,chr11,34051019,34053641,2622
pre_xy_2773,chr11,34104517,34106249,1732
pre_xy_2774,chr11,34174005,34175064,1059
pre_xy_2775,chr11,34356622,34359553,2931
pre_xy_2776,chr11,34438342,34440072,1730
pre_xy_2777,chr11,34915400,34917272,1872
pre_xy_2778,chr11,35418166,35420361,2195
pre_xy_2779,chr11,35525034,35526786,1752
pre_xy_2780,chr11,35617685,35620568,2883
pre_xy_2781,chr11,35661969,35663345,1376
pre_xy_2782,chr11,35943404,35945241,1837
pre_xy_2783,chr11,36288709,36289910,1201
pre_xy_2784,chr11,36375830,36378242,2412
pre_xy_2785,chr11,36508712,36510897,2185
pre_xy_2786,chr11,36594049,36595035,986
pre_xy_2787,chr11,40292717,40294422,1705
pre_xy_2788,chr11,43311429,43312931,1502
pre_xy_2789,chr11,43358147,43359866,1719
pre_xy_2790,chr11,43546563,43548378,1815
pre_xy_2791,chr11,43555272,43558556,3284
pre_xy_2792,chr11,43574873,43576594,1721
pre_xy_2793,chr11,43643654,43644771,1117
pre_xy_2794,chr11,43680096,43681811,1715
pre_xy_2795,chr11,43880236,43881247,1011
pre_xy_2796,chr11,43941574,43945350,3776
pre_xy_2797,chr11,44065440,44066902,1462
pre_xy_2798,chr11,44095184,44096601,1417
pre_xy_2799,chr11,44309148,44311092,1944
pre_xy_2800,chr11,44564164,44565795,1631
pre_xy_2801,chr11,44634214,44635379,1165
pre_xy_2802,chr11,44726255,44728240,1985
pre_xy_2803,chr11,44893083,44894741,1658
pre_xy_2804,chr11,44949119,44951232,2113
pre_xy_2805,chr11,45145984,45147873,1889
pre_xy_2806,chr11,45179925,45181978,2053
pre_xy_2807,chr11,45209210,45210771,1561
pre_xy_2808,chr11,45285795,45286606,811
pre_xy_2809,chr11,45339673,45340783,1110
pre_xy_2810,chr11,45354748,45355953,1205
pre_xy_2811,chr11,45370900,45371975,1075
pre_xy_2812,chr11,45664451,45666159,1708
pre_xy_2813,chr11,45754042,45755867,1825
pre_xy_2814,chr11,45771059,45772283,1224
pre_xy_2815,chr11,45803823,45805827,2004
pre_xy_2816,chr11,45843041,45843841,800
pre_xy_2817,chr11,45846820,45848277,1457
pre_xy_2818,chr11,45885127,45886538,1411
pre_xy_2819,chr11,45899215,45900732,1517
pre_xy_2820,chr11,45917359,45918972,1613
pre_xy_2821,chr11,45921514,45923473,1959
pre_xy_2822,chr11,46119242,46122466,3224
pre_xy_2823,chr11,46237145,46239501,2356
pre_xy_2824,chr11,46242778,46243935,1157
pre_xy_2825,chr11,46277316,46279079,1763
pre_xy_2826,chr11,46281082,46281860,778
pre_xy_2827,chr11,46289944,46291049,1105
pre_xy_2828,chr11,46294676,46297279,2603
pre_xy_2829,chr11,46332402,46333705,1303
pre_xy_2830,chr11,46346855,46348267,1412
pre_xy_2831,chr11,46351966,46352685,719
pre_xy_2832,chr11,46369299,46369918,619
pre_xy_2833,chr11,46379491,46379912,421
pre_xy_2834,chr11,46380253,46382579,2326
pre_xy_2835,chr11,46389220,46389917,697
pre_xy_2836,chr11,46391532,46393128,1596
pre_xy_2837,chr11,46593138,46594306,1168
pre_xy_2838,chr11,46616611,46618417,1806
pre_xy_2839,chr11,46700011,46701372,1361
pre_xy_2840,chr11,46826014,46827240,1226
pre_xy_2841,chr11,46845413,46846728,1315
pre_xy_2842,chr11,46916513,46917339,826
pre_xy_2843,chr11,46917959,46918976,1017
pre_xy_2844,chr11,46936194,46937247,1053
pre_xy_2845,chr11,47176153,47178311,2158
pre_xy_2846,chr11,47185237,47187690,2453
pre_xy_2847,chr11,47213823,47215644,1821
pre_xy_2848,chr11,47248114,47249319,1205
pre_xy_2849,chr11,47257253,47258247,994
pre_xy_2850,chr11,47268575,47271081,2506
pre_xy_2851,chr11,47354751,47355784,1033
pre_xy_2852,chr11,47407701,47409370,1669
pre_xy_2853,chr11,47425777,47427263,1486
pre_xy_2854,chr11,47551967,47553724,1757
pre_xy_2855,chr11,47564918,47566556,1638
pre_xy_2856,chr11,47577822,47579565,1743
pre_xy_2857,chr11,47589254,47590652,1398
pre_xy_2858,chr11,47641657,47643246,1589
pre_xy_2859,chr11,47714557,47715666,1109
pre_xy_2860,chr11,47766178,47768608,2430
pre_xy_2861,chr11,47847573,47848984,1411
pre_xy_2862,chr11,47979751,47981603,1852
pre_xy_2863,chr11,49207709,49208766,1057
pre_xy_2864,chr11,57179512,57181317,1805
pre_xy_2865,chr11,57242030,57242851,821
pre_xy_2866,chr11,57310510,57311888,1378
pre_xy_2867,chr11,57321825,57322850,1025
pre_xy_2868,chr11,57323639,57325932,2293
pre_xy_2869,chr11,57334987,57336294,1307
pre_xy_2870,chr11,57426014,57427621,1607
pre_xy_2871,chr11,57482253,57483398,1145
pre_xy_2872,chr11,57499209,57500253,1044
pre_xy_2873,chr11,57513995,57516067,2072
pre_xy_2874,chr11,57530269,57531458,1189
pre_xy_2875,chr11,57567031,57568530,1499
pre_xy_2876,chr11,57597309,57599152,1843
pre_xy_2877,chr11,57637574,57640165,2591
pre_xy_2878,chr11,57656970,57658053,1083
pre_xy_2879,chr11,57666691,57668792,2101
pre_xy_2880,chr11,57711512,57712900,1388
pre_xy_2881,chr11,57740774,57742126,1352
pre_xy_2882,chr11,57761208,57762115,907
pre_xy_2883,chr11,57777721,57779728,2007
pre_xy_2884,chr11,58577551,58580074,2523
pre_xy_2885,chr11,58904964,58906292,1328
pre_xy_2886,chr11,59106256,59107831,1575
pre_xy_2887,chr11,59135706,59137244,1538
pre_xy_2888,chr11,59141952,59143472,1520
pre_xy_2889,chr11,59171436,59174499,3063
pre_xy_2890,chr11,59536805,59538025,1220
pre_xy_2891,chr11,59549870,59552153,2283
pre_xy_2892,chr11,59559914,59561403,1489
pre_xy_2893,chr11,59565555,59566622,1067
pre_xy_2894,chr11,59614709,59616764,2055
pre_xy_2895,chr11,59667942,59669843,1901
pre_xy_2896,chr11,59753804,59756180,2376
pre_xy_2897,chr11,59809419,59811207,1788
pre_xy_2898,chr11,60193518,60194829,1311
pre_xy_2899,chr11,60775080,60776042,962
pre_xy_2900,chr11,60841469,60842749,1280
pre_xy_2901,chr11,60852001,60853615,1614
pre_xy_2902,chr11,60905517,60906980,1463
pre_xy_2903,chr11,60913493,60915813,2320
pre_xy_2904,chr11,60922995,60925795,2800
pre_xy_2905,chr11,60950791,60952772,1981
pre_xy_2906,chr11,61007394,61008753,1359
pre_xy_2907,chr11,61070345,61072385,2040
pre_xy_2908,chr11,61129421,61130598,1177
pre_xy_2909,chr11,61160471,61162488,2017
pre_xy_2910,chr11,61281203,61281950,747
pre_xy_2911,chr11,61293450,61295754,2304
pre_xy_2912,chr11,61332227,61333621,1394
pre_xy_2913,chr11,61361220,61362826,1606
pre_xy_2914,chr11,61391941,61393552,1611
pre_xy_2915,chr11,61429082,61430425,1343
pre_xy_2916,chr11,61508011,61509674,1663
pre_xy_2917,chr11,61555114,61556110,996
pre_xy_2918,chr11,61567013,61567896,883
pre_xy_2919,chr11,61580367,61581752,1385
pre_xy_2920,chr11,61587188,61589158,1970
pre_xy_2921,chr11,61679327,61680671,1344
pre_xy_2922,chr11,61694930,61696983,2053
pre_xy_2923,chr11,61717795,61719165,1370
pre_xy_2924,chr11,61752179,61753061,882
pre_xy_2925,chr11,61754407,61755104,697
pre_xy_2926,chr11,61762254,61763237,983
pre_xy_2927,chr11,61776406,61777737,1331
pre_xy_2928,chr11,61791665,61793228,1563
pre_xy_2929,chr11,61814544,61817408,2864
pre_xy_2930,chr11,61827008,61829357,2349
pre_xy_2931,chr11,61870545,61871613,1068
pre_xy_2932,chr11,61890503,61892251,1748
pre_xy_2933,chr11,61916550,61918081,1531
pre_xy_2934,chr11,61922477,61924364,1887
pre_xy_2935,chr11,61948489,61950409,1920
pre_xy_2936,chr11,61954661,61956215,1554
pre_xy_2937,chr11,61962858,61964269,1411
pre_xy_2938,chr11,61966571,61968629,2058
pre_xy_2939,chr11,61971063,61972279,1216
pre_xy_2940,chr11,62123343,62124776,1433
pre_xy_2941,chr11,62337005,62338201,1196
pre_xy_2942,chr11,62544931,62547258,2327
pre_xy_2943,chr11,62555401,62556813,1412
pre_xy_2944,chr11,62561516,62562335,819
pre_xy_2945,chr11,62572984,62575054,2070
pre_xy_2946,chr11,62590883,62592590,1707
pre_xy_2947,chr11,62599053,62599495,442
pre_xy_2948,chr11,62600942,62602934,1992
pre_xy_2949,chr11,62611391,62613737,2346
pre_xy_2950,chr11,62621361,62622785,1424
pre_xy_2951,chr11,62645563,62647043,1480
pre_xy_2952,chr11,62652470,62653734,1264
pre_xy_2953,chr11,62664586,62666152,1566
pre_xy_2954,chr11,62670967,62672636,1669
pre_xy_2955,chr11,62678458,62679547,1089
pre_xy_2956,chr11,62705462,62707052,1590
pre_xy_2957,chr11,62707176,62707780,604
pre_xy_2958,chr11,62708975,62710083,1108
pre_xy_2959,chr11,62726513,62728981,2468
pre_xy_2960,chr11,62753406,62754643,1237
pre_xy_2961,chr11,62760884,62762059,1175
pre_xy_2962,chr11,62770681,62771923,1242
pre_xy_2963,chr11,62786246,62787782,1536
pre_xy_2964,chr11,62791376,62792503,1127
pre_xy_2965,chr11,62804326,62805919,1593
pre_xy_2966,chr11,62830965,62832836,1871
pre_xy_2967,chr11,62839009,62842607,3598
pre_xy_2968,chr11,62855374,62856595,1221
pre_xy_2969,chr11,62879607,62881955,2348
pre_xy_2970,chr11,63489607,63491464,1857
pre_xy_2971,chr11,63613082,63614684,1602
pre_xy_2972,chr11,63670441,63672097,1656
pre_xy_2973,chr11,63680808,63682866,2058
pre_xy_2974,chr11,63762382,63764441,2059
pre_xy_2975,chr11,63767459,63769950,2491
pre_xy_2976,chr11,63812631,63814463,1832
pre_xy_2977,chr11,63838240,63839935,1695
pre_xy_2978,chr11,63871853,63873212,1359
pre_xy_2979,chr11,63908312,63910341,2029
pre_xy_2980,chr11,63916813,63918399,1586
pre_xy_2981,chr11,63937775,63939832,2057
pre_xy_2982,chr11,63974064,63975137,1073
pre_xy_2983,chr11,63985471,63987110,1639
pre_xy_2984,chr11,63998914,63999901,987
pre_xy_2985,chr11,64000081,64001326,1245
pre_xy_2986,chr11,64007003,64008482,1479
pre_xy_2987,chr11,64021027,64022759,1732
pre_xy_2988,chr11,64027480,64029168,1688
pre_xy_2989,chr11,64035300,64037530,2230
pre_xy_2990,chr11,64117821,64119546,1725
pre_xy_2991,chr11,64164570,64166711,2141
pre_xy_2992,chr11,64181408,64182169,761
pre_xy_2993,chr11,64184832,64186987,2155
pre_xy_2994,chr11,64204101,64204965,864
pre_xy_2995,chr11,64225207,64226970,1763
pre_xy_2996,chr11,64230064,64231020,956
pre_xy_2997,chr11,64233954,64235239,1285
pre_xy_2998,chr11,64240056,64242097,2041
pre_xy_2999,chr11,64246532,64247937,1405
pre_xy_3000,chr11,64250822,64251804,982
pre_xy_3001,chr11,64268219,64270812,2593
pre_xy_3002,chr11,64271266,64271782,516
pre_xy_3003,chr11,64284181,64286330,2149
pre_xy_3004,chr11,64291162,64292872,1710
pre_xy_3005,chr11,64300207,64301327,1120
pre_xy_3006,chr11,64304330,64306508,2178
pre_xy_3007,chr11,64316892,64318685,1793
pre_xy_3008,chr11,64341858,64343080,1222
pre_xy_3009,chr11,64358440,64360501,2061
pre_xy_3010,chr11,64414778,64415800,1022
pre_xy_3011,chr11,64447842,64449883,2041
pre_xy_3012,chr11,64553327,64555910,2583
pre_xy_3013,chr11,64565846,64567473,1627
pre_xy_3014,chr11,64618827,64621225,2398
pre_xy_3015,chr11,64637486,64638576,1090
pre_xy_3016,chr11,64642520,64644120,1600
pre_xy_3017,chr11,64652711,64653497,786
pre_xy_3018,chr11,64687141,64689103,1962
pre_xy_3019,chr11,64711954,64714028,2074
pre_xy_3020,chr11,64722912,64723782,870
pre_xy_3021,chr11,64742491,64744268,1777
pre_xy_3022,chr11,64744669,64746314,1645
pre_xy_3023,chr11,64777398,64779280,1882
pre_xy_3024,chr11,64802563,64804109,1546
pre_xy_3025,chr11,64809668,64811178,1510
pre_xy_3026,chr11,64844052,64845633,1581
pre_xy_3027,chr11,64862853,64864985,2132
pre_xy_3028,chr11,64869836,64871365,1529
pre_xy_3029,chr11,64877683,64879655,1972
pre_xy_3030,chr11,64887396,64889384,1988
pre_xy_3031,chr11,64916092,64918423,2331
pre_xy_3032,chr11,64923517,64925304,1787
pre_xy_3033,chr11,65013293,65014917,1624
pre_xy_3034,chr11,65027013,65027961,948
pre_xy_3035,chr11,65040525,65041898,1373
pre_xy_3036,chr11,65083602,65084871,1269
pre_xy_3037,chr11,65095565,65097072,1507
pre_xy_3038,chr11,65111453,65113346,1893
pre_xy_3039,chr11,65116728,65118082,1354
pre_xy_3040,chr11,65121431,65122780,1349
pre_xy_3041,chr11,65133741,65135549,1808
pre_xy_3042,chr11,65180681,65182744,2063
pre_xy_3043,chr11,65261202,65262527,1325
pre_xy_3044,chr11,65314253,65315904,1651
pre_xy_3045,chr11,65333325,65334537,1212
pre_xy_3046,chr11,65353817,65356094,2277
pre_xy_3047,chr11,65366226,65367428,1202
pre_xy_3048,chr11,65381599,65383033,1434
pre_xy_3049,chr11,65386209,65387045,836
pre_xy_3050,chr11,65416196,65416686,490
pre_xy_3051,chr11,65421896,65423139,1243
pre_xy_3052,chr11,65454382,65455541,1159
pre_xy_3053,chr11,65476758,65478058,1300
pre_xy_3054,chr11,65487190,65488235,1045
pre_xy_3055,chr11,65496936,65498260,1324
pre_xy_3056,chr11,65504038,65504377,339
pre_xy_3057,chr11,65506539,65508759,2220
pre_xy_3058,chr11,65524062,65525683,1621
pre_xy_3059,chr11,65539627,65541176,1549
pre_xy_3060,chr11,65545863,65547014,1151
pre_xy_3061,chr11,65557085,65559249,2164
pre_xy_3062,chr11,65569560,65570593,1033
pre_xy_3063,chr11,65571938,65573012,1074
pre_xy_3064,chr11,65574092,65574733,641
pre_xy_3065,chr11,65591811,65592728,917
pre_xy_3066,chr11,65606506,65607661,1155
pre_xy_3067,chr11,65613627,65614558,931
pre_xy_3068,chr11,65614930,65616463,1533
pre_xy_3069,chr11,65637542,65639006,1464
pre_xy_3070,chr11,65646724,65647727,1003
pre_xy_3071,chr11,65652005,65653392,1387
pre_xy_3072,chr11,65662424,65664096,1672
pre_xy_3073,chr11,65711280,65712820,1540
pre_xy_3074,chr11,65719835,65720954,1119
pre_xy_3075,chr11,65779792,65781748,1956
pre_xy_3076,chr11,65817338,65818615,1277
pre_xy_3077,chr11,65833093,65834279,1186
pre_xy_3078,chr11,65856914,65858706,1792
pre_xy_3079,chr11,65859042,65860839,1797
pre_xy_3080,chr11,65871983,65873947,1964
pre_xy_3081,chr11,65887946,65889389,1443
pre_xy_3082,chr11,65890117,65891208,1091
pre_xy_3083,chr11,65899145,65900826,1681
pre_xy_3084,chr11,65918460,65920245,1785
pre_xy_3085,chr11,65960995,65962356,1361
pre_xy_3086,chr11,65988765,65989599,834
pre_xy_3087,chr11,66001544,66003060,1516
pre_xy_3088,chr11,66051337,66052732,1395
pre_xy_3089,chr11,66068894,66071178,2284
pre_xy_3090,chr11,66256913,66258749,1836
pre_xy_3091,chr11,66267034,66269529,2495
pre_xy_3092,chr11,66277602,66279103,1501
pre_xy_3093,chr11,66281994,66282930,936
pre_xy_3094,chr11,66288458,66289858,1400
pre_xy_3095,chr11,66311368,66313866,2498
pre_xy_3096,chr11,66316873,66318641,1768
pre_xy_3097,chr11,66344660,66345409,749
pre_xy_3098,chr11,66346860,66348611,1751
pre_xy_3099,chr11,66370945,66372629,1684
pre_xy_3100,chr11,66408357,66409347,990
pre_xy_3101,chr11,66420706,66422001,1295
pre_xy_3102,chr11,66438126,66439292,1166
pre_xy_3103,chr11,66466091,66467502,1411
pre_xy_3104,chr11,66479028,66480827,1799
pre_xy_3105,chr11,66510125,66511156,1031
pre_xy_3106,chr11,66545578,66547024,1446
pre_xy_3107,chr11,66567883,66568861,978
pre_xy_3108,chr11,66592366,66593495,1129
pre_xy_3109,chr11,66615924,66617508,1584
pre_xy_3110,chr11,66637525,66639609,2084
pre_xy_3111,chr11,66677089,66678807,1718
pre_xy_3112,chr11,66694433,66695198,765
pre_xy_3113,chr11,66727224,66729109,1885
pre_xy_3114,chr11,66744208,66745642,1434
pre_xy_3115,chr11,66842412,66843993,1581
pre_xy_3116,chr11,66855743,66857501,1758
pre_xy_3117,chr11,66957637,66958930,1293
pre_xy_3118,chr11,67021741,67023924,2183
pre_xy_3119,chr11,67054982,67055660,678
pre_xy_3120,chr11,67117549,67120010,2461
pre_xy_3121,chr11,67238973,67241411,2438
pre_xy_3122,chr11,67266006,67267028,1022
pre_xy_3123,chr11,67288151,67289987,1836
pre_xy_3124,chr11,67302710,67304324,1614
pre_xy_3125,chr11,67316775,67318440,1665
pre_xy_3126,chr11,67352649,67354028,1379
pre_xy_3127,chr11,67372269,67374616,2347
pre_xy_3128,chr11,67390899,67392587,1688
pre_xy_3129,chr11,67401052,67402289,1237
pre_xy_3130,chr11,67420187,67421616,1429
pre_xy_3131,chr11,67427624,67429205,1581
pre_xy_3132,chr11,67442822,67444201,1379
pre_xy_3133,chr11,67463952,67465196,1244
pre_xy_3134,chr11,67468551,67469589,1038
pre_xy_3135,chr11,67482380,67483806,1426
pre_xy_3136,chr11,67504121,67505577,1456
pre_xy_3137,chr11,67505774,67506408,634
pre_xy_3138,chr11,67507726,67508919,1193
pre_xy_3139,chr11,67583349,67584706,1357
pre_xy_3140,chr11,67606012,67607250,1238
pre_xy_3141,chr11,67629237,67630928,1691
pre_xy_3142,chr11,67804608,67806545,1937
pre_xy_3143,chr11,67954672,67956037,1365
pre_xy_3144,chr11,68002580,68004294,1714
pre_xy_3145,chr11,68029932,68031359,1427
pre_xy_3146,chr11,68105840,68107035,1195
pre_xy_3147,chr11,68120174,68122244,2070
pre_xy_3148,chr11,68127695,68129130,1435
pre_xy_3149,chr11,68212465,68214497,2032
pre_xy_3150,chr11,68270986,68272614,1628
pre_xy_3151,chr11,68297408,68298474,1066
pre_xy_3152,chr11,68312086,68314080,1994
pre_xy_3153,chr11,68459787,68461629,1842
pre_xy_3154,chr11,68751022,68751811,789
pre_xy_3155,chr11,68838989,68839860,871
pre_xy_3156,chr11,68840614,68842058,1444
pre_xy_3157,chr11,68843706,68844323,617
pre_xy_3158,chr11,68853880,68856166,2286
pre_xy_3159,chr11,68903295,68904707,1412
pre_xy_3160,chr11,69012183,69014810,2627
pre_xy_3161,chr11,69048425,69049828,1403
pre_xy_3162,chr11,69155151,69157912,2761
pre_xy_3163,chr11,69442682,69444112,1430
pre_xy_3164,chr11,69642682,69643637,955
pre_xy_3165,chr11,69674532,69675835,1303
pre_xy_3166,chr11,69773965,69775857,1892
pre_xy_3167,chr11,69867699,69868986,1287
pre_xy_3168,chr11,69939297,69940346,1049
pre_xy_3169,chr11,69984346,69987276,2930
pre_xy_3170,chr11,70202788,70204512,1724
pre_xy_3171,chr11,70269766,70271650,1884
pre_xy_3172,chr11,70397620,70398890,1270
pre_xy_3173,chr11,70825943,70827727,1784
pre_xy_3174,chr11,71251212,71253691,2479
pre_xy_3175,chr11,71447427,71448949,1522
pre_xy_3176,chr11,71452293,71453551,1258
pre_xy_3177,chr11,71639007,71640145,1138
pre_xy_3178,chr11,71786299,71787921,1622
pre_xy_3179,chr11,71813192,71814058,866
pre_xy_3180,chr11,71927894,71929391,1497
pre_xy_3181,chr11,72040181,72042153,1972
pre_xy_3182,chr11,72079479,72081196,1717
pre_xy_3183,chr11,72102572,72103803,1231
pre_xy_3184,chr11,72111729,72113030,1301
pre_xy_3185,chr11,72222880,72225294,2414
pre_xy_3186,chr11,72239321,72241251,1930
pre_xy_3187,chr11,72433896,72434938,1042
pre_xy_3188,chr11,72641958,72643478,1520
pre_xy_3189,chr11,72721495,72722822,1327
pre_xy_3190,chr11,72751717,72753004,1287
pre_xy_3191,chr11,72781017,72782741,1724
pre_xy_3192,chr11,72793252,72794797,1545
pre_xy_3193,chr11,72812983,72815155,2172
pre_xy_3194,chr11,72821277,72822801,1524
pre_xy_3195,chr11,73140574,73143723,3149
pre_xy_3196,chr11,73217091,73218911,1820
pre_xy_3197,chr11,73307041,73309560,2519
pre_xy_3198,chr11,73342321,73344813,2492
pre_xy_3199,chr11,73375767,73377461,1694
pre_xy_3200,chr11,73597344,73598849,1505
pre_xy_3201,chr11,73660570,73661616,1046
pre_xy_3202,chr11,73759534,73761724,2190
pre_xy_3203,chr11,73778960,73779971,1011
pre_xy_3204,chr11,73787224,73788404,1180
pre_xy_3205,chr11,73875894,73877400,1506
pre_xy_3206,chr11,73981881,73983783,1902
pre_xy_3207,chr11,74170126,74171830,1704
pre_xy_3208,chr11,74310954,74312026,1072
pre_xy_3209,chr11,74397435,74399117,1682
pre_xy_3210,chr11,74466712,74467864,1152
pre_xy_3211,chr11,74492698,74494025,1327
pre_xy_3212,chr11,74591764,74593313,1549
pre_xy_3213,chr11,74748115,74749785,1670
pre_xy_3214,chr11,74948537,74950317,1780
pre_xy_3215,chr11,74988329,74989565,1236
pre_xy_3216,chr11,75240187,75242278,2091
pre_xy_3217,chr11,75350557,75352610,2053
pre_xy_3218,chr11,75398982,75401012,2030
pre_xy_3219,chr11,75428154,75428627,473
pre_xy_3220,chr11,75429741,75430853,1112
pre_xy_3221,chr11,75524912,75526399,1487
pre_xy_3222,chr11,75553955,75554923,968
pre_xy_3223,chr11,75561731,75563562,1831
pre_xy_3224,chr11,75563862,75564422,560
pre_xy_3225,chr11,75582418,75584595,2177
pre_xy_3226,chr11,75667087,75669142,2055
pre_xy_3227,chr11,75767985,75769314,1329
pre_xy_3228,chr11,75814255,75815968,1713
pre_xy_3229,chr11,76208626,76209941,1315
pre_xy_3230,chr11,76210140,76211023,883
pre_xy_3231,chr11,76234398,76236602,2204
pre_xy_3232,chr11,76380074,76381662,1588
pre_xy_3233,chr11,76444198,76446067,1869
pre_xy_3234,chr11,76669769,76671397,1628
pre_xy_3235,chr11,76752016,76754100,2084
pre_xy_3236,chr11,76782518,76784851,2333
pre_xy_3237,chr11,76798359,76799649,1290
pre_xy_3238,chr11,76860178,76861911,1733
pre_xy_3239,chr11,77039221,77040638,1417
pre_xy_3240,chr11,77046974,77047991,1017
pre_xy_3241,chr11,77065849,77067709,1860
pre_xy_3242,chr11,77126911,77128507,1596
pre_xy_3243,chr11,77147411,77148564,1153
pre_xy_3244,chr11,77191516,77192371,855
pre_xy_3245,chr11,77411062,77412227,1165
pre_xy_3246,chr11,77472717,77474689,1972
pre_xy_3247,chr11,77588797,77590861,2064
pre_xy_3248,chr11,77636750,77638159,1409
pre_xy_3249,chr11,77819294,77821839,2545
pre_xy_3250,chr11,77993912,77995273,1361
pre_xy_3251,chr11,78022247,78023480,1233
pre_xy_3252,chr11,78078832,78080195,1363
pre_xy_3253,chr11,78138812,78140256,1444
pre_xy_3254,chr11,78187512,78189149,1637
pre_xy_3255,chr11,78416243,78418570,2327
pre_xy_3256,chr11,78573797,78575554,1757
pre_xy_3257,chr11,78961662,78962776,1114
pre_xy_3258,chr11,79437000,79438476,1476
pre_xy_3259,chr11,79439428,79441757,2329
pre_xy_3260,chr11,82732387,82734219,1832
pre_xy_3261,chr11,82790393,82792154,1761
pre_xy_3262,chr11,82899883,82901880,1997
pre_xy_3263,chr11,83070369,83072434,2065
pre_xy_3264,chr11,83156051,83158408,2357
pre_xy_3265,chr11,83193154,83195079,1925
pre_xy_3266,chr11,83285335,83286735,1400
pre_xy_3267,chr11,85627085,85628999,1914
pre_xy_3268,chr11,85647182,85648304,1122
pre_xy_3269,chr11,85663182,85665520,2338
pre_xy_3270,chr11,85684938,85686471,1533
pre_xy_3271,chr11,85810593,85811590,997
pre_xy_3272,chr11,85854306,85855707,1401
pre_xy_3273,chr11,86067736,86070104,2368
pre_xy_3274,chr11,86244095,86245945,1850
pre_xy_3275,chr11,86301618,86302808,1190
pre_xy_3276,chr11,86670978,86672718,1740
pre_xy_3277,chr11,86799577,86801551,1974
pre_xy_3278,chr11,86930784,86933104,2320
pre_xy_3279,chr11,86954199,86956687,2488
pre_xy_3280,chr11,87037021,87038509,1488
pre_xy_3281,chr11,88174456,88175984,1528
pre_xy_3282,chr11,88336786,88338694,1908
pre_xy_3283,chr11,88508215,88509538,1323
pre_xy_3284,chr11,89490696,89492139,1443
pre_xy_3285,chr11,90133705,90136094,2389
pre_xy_3286,chr11,90222117,90223813,1696
pre_xy_3287,chr11,90234452,90235972,1520
pre_xy_3288,chr11,91163429,91164804,1375
pre_xy_3289,chr11,92223641,92227373,3732
pre_xy_3290,chr11,93196853,93198515,1662
pre_xy_3291,chr11,93541741,93543811,2070
pre_xy_3292,chr11,93661111,93662279,1168
pre_xy_3293,chr11,93740572,93742169,1597
pre_xy_3294,chr11,93783695,93785248,1553
pre_xy_3295,chr11,93849594,93850865,1271
pre_xy_3296,chr11,94128221,94129797,1576
pre_xy_3297,chr11,94400694,94401803,1109
pre_xy_3298,chr11,94493013,94494444,1431
pre_xy_3299,chr11,94511949,94512855,906
pre_xy_3300,chr11,94543437,94545518,2081
pre_xy_3301,chr11,94740103,94741696,1593
pre_xy_3302,chr11,94767686,94769593,1907
pre_xy_3303,chr11,94972856,94974022,1166
pre_xy_3304,chr11,95066575,95068899,2324
pre_xy_3305,chr11,95088996,95090623,1627
pre_xy_3306,chr11,95149280,95151847,2567
pre_xy_3307,chr11,95229953,95232588,2635
pre_xy_3308,chr11,95337024,95339813,2789
pre_xy_3309,chr11,95788794,95791295,2501
pre_xy_3310,chr11,95923135,95924691,1556
pre_xy_3311,chr11,96242440,96243876,1436
pre_xy_3312,chr11,96306526,96308094,1568
pre_xy_3313,chr11,96342569,96343532,963
pre_xy_3314,chr11,96389052,96390608,1556
pre_xy_3315,chr11,96815472,96817806,2334
pre_xy_3316,chr11,97118485,97119558,1073
pre_xy_3317,chr11,99020225,99021415,1190
pre_xy_3318,chr11,100686531,100688124,1593
pre_xy_3319,chr11,101126838,101129886,3048
pre_xy_3320,chr11,101582331,101584384,2053
pre_xy_3321,chr11,101914345,101915518,1173
pre_xy_3322,chr11,102109752,102112237,2485
pre_xy_3323,chr11,102287874,102289103,1229
pre_xy_3324,chr11,102345856,102348346,2490
pre_xy_3325,chr11,102384277,102385720,1443
pre_xy_3326,chr11,102451303,102453483,2180
pre_xy_3327,chr11,103090974,103092565,1591
pre_xy_3328,chr11,103108948,103110252,1304
pre_xy_3329,chr11,104163324,104164547,1223
pre_xy_3330,chr11,105609287,105611061,1774
pre_xy_3331,chr11,106021595,106022833,1238
pre_xy_3332,chr11,106076428,106078399,1971
pre_xy_3333,chr11,107017164,107019454,2290
pre_xy_3334,chr11,107456974,107458319,1345
pre_xy_3335,chr11,107564838,107565918,1080
pre_xy_3336,chr11,107590463,107592251,1788
pre_xy_3337,chr11,107833283,107834324,1041
pre_xy_3338,chr11,107857688,107859869,2181
pre_xy_3339,chr11,107927862,107929478,1616
pre_xy_3340,chr11,108008465,108010262,1797
pre_xy_3341,chr11,108121047,108122375,1328
pre_xy_3342,chr11,108221883,108223850,1967
pre_xy_3343,chr11,108466763,108468382,1619
pre_xy_3344,chr11,108497273,108498779,1506
pre_xy_3345,chr11,108592602,108594089,1487
pre_xy_3346,chr11,108664470,108665511,1041
pre_xy_3347,chr11,110091988,110094147,2159
pre_xy_3348,chr11,110295530,110297146,1616
pre_xy_3349,chr11,110376415,110377339,924
pre_xy_3350,chr11,110428959,110431411,2452
pre_xy_3351,chr11,110530409,110531906,1497
pre_xy_3352,chr11,110710559,110713653,3094
pre_xy_3353,chr11,111298481,111300159,1678
pre_xy_3354,chr11,111540061,111542103,2042
pre_xy_3355,chr11,111601751,111603666,1915
pre_xy_3356,chr11,111694385,111695254,869
pre_xy_3357,chr11,111765318,111767328,2010
pre_xy_3358,chr11,111870594,111871802,1208
pre_xy_3359,chr11,111878297,111879821,1524
pre_xy_3360,chr11,111926413,111927590,1177
pre_xy_3361,chr11,111936618,111939131,2513
pre_xy_3362,chr11,111976498,111977943,1445
pre_xy_3363,chr11,112024239,112025996,1757
pre_xy_3364,chr11,112073492,112074851,1359
pre_xy_3365,chr11,112085923,112087370,1447
pre_xy_3366,chr11,112174716,112175937,1221
pre_xy_3367,chr11,112225707,112227302,1595
pre_xy_3368,chr11,112249798,112250830,1032
pre_xy_3369,chr11,112289500,112290544,1044
pre_xy_3370,chr11,112776864,112779199,2335
pre_xy_3371,chr11,112881127,112882038,911
pre_xy_3372,chr11,112960886,112963915,3029
pre_xy_3373,chr11,113314083,113315145,1062
pre_xy_3374,chr11,113474077,113475735,1658
pre_xy_3375,chr11,113773011,113774234,1223
pre_xy_3376,chr11,113874587,113876110,1523
pre_xy_3377,chr11,113974703,113975585,882
pre_xy_3378,chr11,114058888,114061640,2752
pre_xy_3379,chr11,114399569,114401071,1502
pre_xy_3380,chr11,114439073,114440514,1441
pre_xy_3381,chr11,115502811,115505136,2325
pre_xy_3382,chr11,115658434,115660775,2341
pre_xy_3383,chr11,115758781,115761214,2433
pre_xy_3384,chr11,116192722,116194426,1704
pre_xy_3385,chr11,116357337,116358438,1101
pre_xy_3386,chr11,116732046,116733057,1011
pre_xy_3387,chr11,116772203,116773694,1491
pre_xy_3388,chr11,116787376,116788494,1118
pre_xy_3389,chr11,116835000,116836570,1570
pre_xy_3390,chr11,117097350,117099303,1953
pre_xy_3391,chr11,117143310,117145739,2429
pre_xy_3392,chr11,117178165,117179940,1775
pre_xy_3393,chr11,117231565,117233326,1761
pre_xy_3394,chr11,117299089,117301140,2051
pre_xy_3395,chr11,117314406,117316686,2280
pre_xy_3396,chr11,117327406,117328966,1560
pre_xy_3397,chr11,117442877,117445431,2554
pre_xy_3398,chr11,117795688,117797538,1850
pre_xy_3399,chr11,117817197,117818445,1248
pre_xy_3400,chr11,117833244,117834330,1086
pre_xy_3401,chr11,117875006,117877649,2643
pre_xy_3402,chr11,117884953,117886374,1421
pre_xy_3403,chr11,117985579,117986701,1122
pre_xy_3404,chr11,118144693,118146295,1602
pre_xy_3405,chr11,118152270,118153497,1227
pre_xy_3406,chr11,118174985,118176785,1800
pre_xy_3407,chr11,118251723,118252887,1164
pre_xy_3408,chr11,118358982,118360127,1145
pre_xy_3409,chr11,118400382,118402137,1755
pre_xy_3410,chr11,118434417,118437010,2593
pre_xy_3411,chr11,118437050,118438011,961
pre_xy_3412,chr11,118530185,118532001,1816
pre_xy_3413,chr11,118564968,118566302,1334
pre_xy_3414,chr11,118571738,118573440,1702
pre_xy_3415,chr11,118607305,118608979,1674
pre_xy_3416,chr11,118620745,118623510,2765
pre_xy_3417,chr11,118634127,118635614,1487
pre_xy_3418,chr11,118658579,118659907,1328
pre_xy_3419,chr11,118688378,118690600,2222
pre_xy_3420,chr11,118789949,118793114,3165
pre_xy_3421,chr11,118908877,118909901,1024
pre_xy_3422,chr11,118925798,118926516,718
pre_xy_3423,chr11,118927973,118930597,2624
pre_xy_3424,chr11,118996916,118999216,2300
pre_xy_3425,chr11,119017985,119019350,1365
pre_xy_3426,chr11,119030065,119031173,1108
pre_xy_3427,chr11,119055937,119057767,1830
pre_xy_3428,chr11,119066797,119068077,1280
pre_xy_3429,chr11,119084376,119085857,1481
pre_xy_3430,chr11,119093964,119095861,1897
pre_xy_3431,chr11,119101208,119102845,1637
pre_xy_3432,chr11,119106550,119108754,2204
pre_xy_3433,chr11,119120617,119122067,1450
pre_xy_3434,chr11,119148748,119150110,1362
pre_xy_3435,chr11,119168270,119169674,1404
pre_xy_3436,chr11,119205083,119207355,2272
pre_xy_3437,chr11,119315006,119317597,2591
pre_xy_3438,chr11,119319746,119321893,2147
pre_xy_3439,chr11,119333858,119334911,1053
pre_xy_3440,chr11,119337686,119338572,886
pre_xy_3441,chr11,119339587,119341958,2371
pre_xy_3442,chr11,119356110,119357043,933
pre_xy_3443,chr11,119360928,119361759,831
pre_xy_3444,chr11,119380914,119382074,1160
pre_xy_3445,chr11,119421709,119423815,2106
pre_xy_3446,chr11,119583995,119585681,1686
pre_xy_3447,chr11,119683730,119685618,1888
pre_xy_3448,chr11,119727518,119729842,2324
pre_xy_3449,chr11,119741305,119742893,1588
pre_xy_3450,chr11,119862889,119864605,1716
pre_xy_3451,chr11,120168611,120169699,1088
pre_xy_3452,chr11,120192517,120193595,1078
pre_xy_3453,chr11,120210073,120211910,1837
pre_xy_3454,chr11,120324711,120326482,1771
pre_xy_3455,chr11,120335625,120337745,2120
pre_xy_3456,chr11,120510901,120512345,1444
pre_xy_3457,chr11,120547234,120548691,1457
pre_xy_3458,chr11,120563639,120565430,1791
pre_xy_3459,chr11,120985727,120986524,797
pre_xy_3460,chr11,121023477,121024888,1411
pre_xy_3461,chr11,121291895,121293602,1707
pre_xy_3462,chr11,121451250,121453074,1824
pre_xy_3463,chr11,121654806,121657247,2441
pre_xy_3464,chr11,121722099,121723979,1880
pre_xy_3465,chr11,121928589,121930586,1997
pre_xy_3466,chr11,122099270,122102360,3090
pre_xy_3467,chr11,122580310,122581466,1156
pre_xy_3468,chr11,122655285,122657080,1795
pre_xy_3469,chr11,122882565,122883851,1286
pre_xy_3470,chr11,123053247,123054619,1372
pre_xy_3471,chr11,123055157,123057036,1879
pre_xy_3472,chr11,123061404,123063273,1869
pre_xy_3473,chr11,123193740,123196506,2766
pre_xy_3474,chr11,123301081,123302461,1380
pre_xy_3475,chr11,123429680,123431427,1747
pre_xy_3476,chr11,123510718,123511615,897
pre_xy_3477,chr11,123559468,123562485,3017
pre_xy_3478,chr11,123580266,123581137,871
pre_xy_3479,chr11,123653608,123655721,2113
pre_xy_3480,chr11,123740300,123742134,1834
pre_xy_3481,chr11,123821935,123823079,1144
pre_xy_3482,chr11,124075525,124076850,1325
pre_xy_3483,chr11,124622257,124623552,1295
pre_xy_3484,chr11,124673012,124674302,1290
pre_xy_3485,chr11,124739242,124740825,1583
pre_xy_3486,chr11,124758166,124759139,973
pre_xy_3487,chr11,124762146,124763814,1668
pre_xy_3488,chr11,124798993,124801270,2277
pre_xy_3489,chr11,124875868,124876938,1070
pre_xy_3490,chr11,124920532,124921661,1129
pre_xy_3491,chr11,124953218,124954534,1316
pre_xy_3492,chr11,125062550,125064006,1456
pre_xy_3493,chr11,125110968,125112118,1150
pre_xy_3494,chr11,125163830,125166047,2217
pre_xy_3495,chr11,125261803,125263959,2156
pre_xy_3496,chr11,125370510,125371980,1470
pre_xy_3497,chr11,125375712,125376563,851
pre_xy_3498,chr11,125494578,125496724,2146
pre_xy_3499,chr11,125568852,125570673,1821
pre_xy_3500,chr11,125591545,125593676,2131
pre_xy_3501,chr11,125625183,125626812,1629
pre_xy_3502,chr11,125886802,125888343,1541
pre_xy_3503,chr11,125902435,125904697,2262
pre_xy_3504,chr11,126061488,126063576,2088
pre_xy_3505,chr11,126127362,126128471,1109
pre_xy_3506,chr11,126162761,126163648,887
pre_xy_3507,chr11,126210841,126212310,1469
pre_xy_3508,chr11,126268050,126269563,1513
pre_xy_3509,chr11,126282245,126283742,1497
pre_xy_3510,chr11,126303591,126304960,1369
pre_xy_3511,chr11,126355048,126356862,1814
pre_xy_3512,chr11,126414847,126417332,2485
pre_xy_3513,chr11,126439945,126441215,1270
pre_xy_3514,chr11,127002824,127003963,1139
pre_xy_3515,chr11,127806054,127808272,2218
pre_xy_3516,chr11,128521369,128523214,1845
pre_xy_3517,chr11,128548394,128549656,1262
pre_xy_3518,chr11,128692758,128695191,2433
pre_xy_3519,chr11,128859114,128860325,1211
pre_xy_3520,chr11,128890254,128891722,1468
pre_xy_3521,chr11,128904683,128906459,1776
pre_xy_3522,chr11,129278552,129280724,2172
pre_xy_3523,chr11,129375132,129376506,1374
pre_xy_3524,chr11,129695373,129696406,1033
pre_xy_3525,chr11,129894649,129896032,1383
pre_xy_3526,chr11,130001467,130003827,2360
pre_xy_3527,chr11,130068545,130071111,2566
pre_xy_3528,chr11,130181195,130182273,1078
pre_xy_3529,chr11,130313967,130315977,2010
pre_xy_3530,chr11,130427493,130428888,1395
pre_xy_3531,chr11,130434312,130435286,974
pre_xy_3532,chr11,130448149,130450447,2298
pre_xy_3533,chr11,130915581,130916828,1247
pre_xy_3534,chr11,131185911,131187331,1420
pre_xy_3535,chr11,131910177,131911865,1688
pre_xy_3536,chr11,132559074,132559903,829
pre_xy_3537,chr11,132595342,132596221,879
pre_xy_3538,chr11,132942655,132944816,2161
pre_xy_3539,chr11,133063897,133064941,1044
pre_xy_3540,chr11,133082520,133083496,976
pre_xy_3541,chr11,133945145,133947689,2544
pre_xy_3542,chr11,133956491,133957561,1070
pre_xy_3543,chr11,134033718,134035152,1434
pre_xy_3544,chr11,134036486,134037868,1382
pre_xy_3545,chr11,134050295,134051327,1032
pre_xy_3546,chr11,134068673,134070779,2106
pre_xy_3547,chr11,134124530,134125862,1332
pre_xy_3548,chr11,134223493,134225702,2209
pre_xy_3549,chr11,134252513,134254109,1596
pre_xy_3550,chr11,134275385,134277506,2121
pre_xy_3551,chr11,134331343,134332663,1320
pre_xy_3552,chr11,134411294,134413124,1830
pre_xy_3553,chr12,138450,140466,2016
pre_xy_3554,chr12,188334,189502,1168
pre_xy_3555,chr12,203172,204199,1027
pre_xy_3556,chr12,262560,263786,1226
pre_xy_3557,chr12,388452,389961,1509
pre_xy_3558,chr12,401001,402372,1371
pre_xy_3559,chr12,459397,461071,1674
pre_xy_3560,chr12,569438,571221,1783
pre_xy_3561,chr12,642284,643446,1162
pre_xy_3562,chr12,751080,753481,2401
pre_xy_3563,chr12,753621,754289,668
pre_xy_3564,chr12,948713,950325,1612
pre_xy_3565,chr12,989710,991993,2283
pre_xy_3566,chr12,1529740,1531588,1848
pre_xy_3567,chr12,1575372,1577325,1953
pre_xy_3568,chr12,1592500,1595556,3056
pre_xy_3569,chr12,1604901,1606332,1431
pre_xy_3570,chr12,1628869,1630738,1869
pre_xy_3571,chr12,1661435,1662316,881
pre_xy_3572,chr12,1690160,1691747,1587
pre_xy_3573,chr12,1795680,1797563,1883
pre_xy_3574,chr12,1830820,1831463,643
pre_xy_3575,chr12,2003522,2004789,1267
pre_xy_3576,chr12,2034608,2035609,1001
pre_xy_3577,chr12,2051938,2054719,2781
pre_xy_3578,chr12,2690691,2691964,1273
pre_xy_3579,chr12,2752397,2753277,880
pre_xy_3580,chr12,2794070,2796244,2174
pre_xy_3581,chr12,2812138,2813876,1738
pre_xy_3582,chr12,2834389,2835562,1173
pre_xy_3583,chr12,2876447,2878696,2249
pre_xy_3584,chr12,2890063,2891643,1580
pre_xy_3585,chr12,2958457,2960299,1842
pre_xy_3586,chr12,3076498,3078078,1580
pre_xy_3587,chr12,3106535,3107714,1179
pre_xy_3588,chr12,3199341,3201147,1806
pre_xy_3589,chr12,3299762,3300852,1090
pre_xy_3590,chr12,3365161,3367052,1891
pre_xy_3591,chr12,3490861,3493812,2951
pre_xy_3592,chr12,3872392,3873742,1350
pre_xy_3593,chr12,3919821,3921219,1398
pre_xy_3594,chr12,4030803,4032045,1242
pre_xy_3595,chr12,4164212,4165495,1283
pre_xy_3596,chr12,4268882,4269866,984
pre_xy_3597,chr12,4271722,4272961,1239
pre_xy_3598,chr12,4273435,4273908,473
pre_xy_3599,chr12,4276832,4277248,416
pre_xy_3600,chr12,4307563,4308359,796
pre_xy_3601,chr12,4320342,4321742,1400
pre_xy_3602,chr12,4538020,4539162,1142
pre_xy_3603,chr12,4561732,4562674,942
pre_xy_3604,chr12,4604455,4605249,794
pre_xy_3605,chr12,4648113,4649485,1372
pre_xy_3606,chr12,4808791,4810354,1563
pre_xy_3607,chr12,4909319,4911027,1708
pre_xy_3608,chr12,5042921,5044450,1529
pre_xy_3609,chr12,5431896,5433930,2034
pre_xy_3610,chr12,5944329,5945779,1450
pre_xy_3611,chr12,6199301,6201639,2338
pre_xy_3612,chr12,6278024,6279071,1047
pre_xy_3613,chr12,6310038,6311273,1235
pre_xy_3614,chr12,6335010,6337069,2059
pre_xy_3615,chr12,6340728,6342560,1832
pre_xy_3616,chr12,6362976,6364162,1186
pre_xy_3617,chr12,6383285,6384524,1239
pre_xy_3618,chr12,6450570,6452788,2218
pre_xy_3619,chr12,6469875,6471316,1441
pre_xy_3620,chr12,6492738,6494342,1604
pre_xy_3621,chr12,6532466,6535439,2973
pre_xy_3622,chr12,6540205,6541001,796
pre_xy_3623,chr12,6554078,6554676,598
pre_xy_3624,chr12,6554946,6556329,1383
pre_xy_3625,chr12,6567294,6568704,1410
pre_xy_3626,chr12,6605581,6608583,3002
pre_xy_3627,chr12,6612725,6614577,1852
pre_xy_3628,chr12,6620028,6621051,1023
pre_xy_3629,chr12,6646829,6647627,798
pre_xy_3630,chr12,6662533,6663565,1032
pre_xy_3631,chr12,6688431,6689887,1456
pre_xy_3632,chr12,6699692,6701102,1410
pre_xy_3633,chr12,6723443,6724764,1321
pre_xy_3634,chr12,6752153,6754093,1940
pre_xy_3635,chr12,6763788,6764716,928
pre_xy_3636,chr12,6765306,6767245,1939
pre_xy_3637,chr12,6778028,6779421,1393
pre_xy_3638,chr12,6821008,6822403,1395
pre_xy_3639,chr12,6825378,6825905,527
pre_xy_3640,chr12,6827960,6829802,1842
pre_xy_3641,chr12,6850894,6853333,2439
pre_xy_3642,chr12,6866825,6868279,1454
pre_xy_3643,chr12,6872137,6874000,1863
pre_xy_3644,chr12,6890609,6891854,1245
pre_xy_3645,chr12,6904262,6905376,1114
pre_xy_3646,chr12,6913825,6915868,2043
pre_xy_3647,chr12,6924248,6925352,1104
pre_xy_3648,chr12,6925460,6926479,1019
pre_xy_3649,chr12,6927018,6928664,1646
pre_xy_3650,chr12,6936428,6938328,1900
pre_xy_3651,chr12,6943300,6944941,1641
pre_xy_3652,chr12,6945900,6946750,850
pre_xy_3653,chr12,6969968,6971398,1430
pre_xy_3654,chr12,7017781,7019407,1626
pre_xy_3655,chr12,7107841,7109564,1723
pre_xy_3656,chr12,7129402,7131436,2034
pre_xy_3657,chr12,7188469,7190492,2023
pre_xy_3658,chr12,7638051,7640845,2794
pre_xy_3659,chr12,7730521,7731950,1429
pre_xy_3660,chr12,7935140,7936579,1439
pre_xy_3661,chr12,7970132,7971790,1658
pre_xy_3662,chr12,8025985,8027363,1378
pre_xy_3663,chr12,8032025,8033847,1822
pre_xy_3664,chr12,8038303,8039232,929
pre_xy_3665,chr12,8081226,8082888,1662
pre_xy_3666,chr12,8179809,8180629,820
pre_xy_3667,chr12,8242250,8244140,1890
pre_xy_3668,chr12,8389561,8390818,1257
pre_xy_3669,chr12,8396083,8396981,898
pre_xy_3670,chr12,8696791,8698855,2064
pre_xy_3671,chr12,8844239,8845455,1216
pre_xy_3672,chr12,8913466,8915470,2004
pre_xy_3673,chr12,8948662,8950650,1988
pre_xy_3674,chr12,9063932,9065610,1678
pre_xy_3675,chr12,9283277,9284590,1313
pre_xy_3676,chr12,9447706,9448994,1288
pre_xy_3677,chr12,9646863,9648802,1939
pre_xy_3678,chr12,10009668,10011075,1407
pre_xy_3679,chr12,10153040,10154305,1265
pre_xy_3680,chr12,10211945,10214288,2343
pre_xy_3681,chr12,10362737,10365530,2793
pre_xy_3682,chr12,10612725,10614270,1545
pre_xy_3683,chr12,10721430,10723711,2281
pre_xy_3684,chr12,11170853,11172500,1647
pre_xy_3685,chr12,11500050,11501101,1051
pre_xy_3686,chr12,11648588,11650642,2054
pre_xy_3687,chr12,11811897,11813856,1959
pre_xy_3688,chr12,12265535,12267565,2030
pre_xy_3689,chr12,12349588,12351613,2025
pre_xy_3690,chr12,12356686,12358323,1637
pre_xy_3691,chr12,12560751,12563300,2549
pre_xy_3692,chr12,12611205,12612731,1526
pre_xy_3693,chr12,12695738,12697209,1471
pre_xy_3694,chr12,12715971,12718359,2388
pre_xy_3695,chr12,12723624,12726096,2472
pre_xy_3696,chr12,12786431,12787768,1337
pre_xy_3697,chr12,12791598,12792753,1155
pre_xy_3698,chr12,12812733,12814028,1295
pre_xy_3699,chr12,12890492,12892193,1701
pre_xy_3700,chr12,12999326,13001750,2424
pre_xy_3701,chr12,13043979,13045119,1140
pre_xy_3702,chr12,13100584,13101784,1200
pre_xy_3703,chr12,13255519,13256454,935
pre_xy_3704,chr12,13277778,13278962,1184
pre_xy_3705,chr12,13980080,13982343,2263
pre_xy_3706,chr12,14257273,14258473,1200
pre_xy_3707,chr12,14365053,14366417,1364
pre_xy_3708,chr12,14755938,14756940,1002
pre_xy_3709,chr12,14769461,14771327,1866
pre_xy_3710,chr12,14773640,14775383,1743
pre_xy_3711,chr12,14802608,14804240,1632
pre_xy_3712,chr12,15220382,15221674,1292
pre_xy_3713,chr12,15787862,15790137,2275
pre_xy_3714,chr12,15881648,15883053,1405
pre_xy_3715,chr12,15910771,15911947,1176
pre_xy_3716,chr12,19129012,19131285,2273
pre_xy_3717,chr12,19439018,19440887,1869
pre_xy_3718,chr12,20367756,20370324,2568
pre_xy_3719,chr12,21437264,21438432,1168
pre_xy_3720,chr12,21500863,21502411,1548
pre_xy_3721,chr12,21526909,21528240,1331
pre_xy_3722,chr12,21656683,21658133,1450
pre_xy_3723,chr12,21773211,21775881,2670
pre_xy_3724,chr12,21940640,21942440,1800
pre_xy_3725,chr12,22045948,22047126,1178
pre_xy_3726,chr12,22333709,22336118,2409
pre_xy_3727,chr12,22543391,22544875,1484
pre_xy_3728,chr12,22624396,22626208,1812
pre_xy_3729,chr12,23949053,23951398,2345
pre_xy_3730,chr12,24561417,24564248,2831
pre_xy_3731,chr12,24901868,24903980,2112
pre_xy_3732,chr12,24948029,24949480,1451
pre_xy_3733,chr12,25194217,25196040,1823
pre_xy_3734,chr12,25249884,25252012,2128
pre_xy_3735,chr12,25384613,25387762,3149
pre_xy_3736,chr12,25957846,25959942,2096
pre_xy_3737,chr12,26113774,26115314,1540
pre_xy_3738,chr12,26122001,26123447,1446
pre_xy_3739,chr12,26124680,26126801,2121
pre_xy_3740,chr12,26195039,26196551,1512
pre_xy_3741,chr12,26831928,26834169,2241
pre_xy_3742,chr12,26937431,26939225,1794
pre_xy_3743,chr12,27013518,27014931,1413
pre_xy_3744,chr12,27021787,27023483,1696
pre_xy_3745,chr12,27243697,27245686,1989
pre_xy_3746,chr12,27332335,27333812,1477
pre_xy_3747,chr12,27523223,27525182,1959
pre_xy_3748,chr12,27549272,27550416,1144
pre_xy_3749,chr12,27709921,27711616,1695
pre_xy_3750,chr12,27779400,27781415,2015
pre_xy_3751,chr12,27968921,27971594,2673
pre_xy_3752,chr12,28189892,28192023,2131
pre_xy_3753,chr12,29380012,29381547,1535
pre_xy_3754,chr12,29782326,29784554,2228
pre_xy_3755,chr12,30694183,30696206,2023
pre_xy_3756,chr12,30753694,30755420,1726
pre_xy_3757,chr12,30795065,30797251,2186
pre_xy_3758,chr12,30822162,30823507,1345
pre_xy_3759,chr12,30851100,30851906,806
pre_xy_3760,chr12,30925964,30927142,1178
pre_xy_3761,chr12,31073178,31074780,1602
pre_xy_3762,chr12,31323469,31326584,3115
pre_xy_3763,chr12,31369232,31371536,2304
pre_xy_3764,chr12,31589621,31591879,2258
pre_xy_3765,chr12,31640969,31642245,1276
pre_xy_3766,chr12,31658346,31660075,1729
pre_xy_3767,chr12,31728353,31729549,1196
pre_xy_3768,chr12,31876579,31878227,1648
pre_xy_3769,chr12,31958590,31960406,1816
pre_xy_3770,chr12,32051391,32053076,1685
pre_xy_3771,chr12,32106105,32108252,2147
pre_xy_3772,chr12,32398858,32400501,1643
pre_xy_3773,chr12,32533915,32535987,2072
pre_xy_3774,chr12,32577257,32578021,764
pre_xy_3775,chr12,32678669,32680107,1438
pre_xy_3776,chr12,32754941,32757137,2196
pre_xy_3777,chr12,32896193,32897596,1403
pre_xy_3778,chr12,33437710,33440136,2426
pre_xy_3779,chr12,34021654,34023098,1444
pre_xy_3780,chr12,38316058,38317265,1207
pre_xy_3781,chr12,38904752,38907099,2347
pre_xy_3782,chr12,39441887,39444172,2285
pre_xy_3783,chr12,39619320,39620824,1504
pre_xy_3784,chr12,40104897,40106476,1579
pre_xy_3785,chr12,40224115,40225605,1490
pre_xy_3786,chr12,40691853,40693832,1979
pre_xy_3787,chr12,41187932,41189197,1265
pre_xy_3788,chr12,42143932,42145393,1461
pre_xy_3789,chr12,42237203,42238893,1690
pre_xy_3790,chr12,42325493,42327187,1694
pre_xy_3791,chr12,42482043,42484857,2814
pre_xy_3792,chr12,42588544,42590910,2366
pre_xy_3793,chr12,43550660,43552488,1828
pre_xy_3794,chr12,43758056,43759679,1623
pre_xy_3795,chr12,43805123,43806714,1591
pre_xy_3796,chr12,43835222,43837022,1800
pre_xy_3797,chr12,44875034,44877149,2115
pre_xy_3798,chr12,45049888,45052191,2303
pre_xy_3799,chr12,45215252,45217332,2080
pre_xy_3800,chr12,45268223,45269456,1233
pre_xy_3801,chr12,45726852,45727994,1142
pre_xy_3802,chr12,45728438,45730066,1628
pre_xy_3803,chr12,45730284,45731040,756
pre_xy_3804,chr12,45989486,45992259,2773
pre_xy_3805,chr12,46266905,46270107,3202
pre_xy_3806,chr12,46371070,46373743,2673
pre_xy_3807,chr12,46382636,46384365,1729
pre_xy_3808,chr12,46830661,46832388,1727
pre_xy_3809,chr12,47079301,47081022,1721
pre_xy_3810,chr12,47222648,47224084,1436
pre_xy_3811,chr12,47705106,47707024,1918
pre_xy_3812,chr12,47757603,47759660,2057
pre_xy_3813,chr12,47772682,47774069,1387
pre_xy_3814,chr12,47811539,47813820,2281
pre_xy_3815,chr12,47818618,47821017,2399
pre_xy_3816,chr12,47904469,47905747,1278
pre_xy_3817,chr12,47941339,47943218,1879
pre_xy_3818,chr12,47962985,47964483,1498
pre_xy_3819,chr12,48000949,48002035,1086
pre_xy_3820,chr12,48002248,48003071,823
pre_xy_3821,chr12,48003822,48005394,1572
pre_xy_3822,chr12,48023074,48024285,1211
pre_xy_3823,chr12,48105250,48106892,1642
pre_xy_3824,chr12,48118464,48120083,1619
pre_xy_3825,chr12,48156656,48157956,1300
pre_xy_3826,chr12,48182723,48184875,2152
pre_xy_3827,chr12,48197459,48199258,1799
pre_xy_3828,chr12,48296330,48297398,1068
pre_xy_3829,chr12,48349400,48351503,2103
pre_xy_3830,chr12,48681441,48682647,1206
pre_xy_3831,chr12,48716033,48717407,1374
pre_xy_3832,chr12,48787003,48790172,3169
pre_xy_3833,chr12,48814226,48815993,1767
pre_xy_3834,chr12,48818032,48819089,1057
pre_xy_3835,chr12,48851636,48853563,1927
pre_xy_3836,chr12,48865151,48866238,1087
pre_xy_3837,chr12,48903397,48904759,1362
pre_xy_3838,chr12,48924438,48925971,1533
pre_xy_3839,chr12,48956117,48957896,1779
pre_xy_3840,chr12,48977772,48978865,1093
pre_xy_3841,chr12,48996682,48997535,853
pre_xy_3842,chr12,48997547,48999035,1488
pre_xy_3843,chr12,48999105,49000310,1205
pre_xy_3844,chr12,49017832,49019715,1883
pre_xy_3845,chr12,49059502,49061350,1848
pre_xy_3846,chr12,49069029,49070417,1388
pre_xy_3847,chr12,49088064,49088611,547
pre_xy_3848,chr12,49089762,49090601,839
pre_xy_3849,chr12,49091632,49092872,1240
pre_xy_3850,chr12,49093785,49094961,1176
pre_xy_3851,chr12,49108771,49111234,2463
pre_xy_3852,chr12,49130029,49131776,1747
pre_xy_3853,chr12,49187760,49189418,1658
pre_xy_3854,chr12,49232359,49234168,1809
pre_xy_3855,chr12,49234268,49235476,1208
pre_xy_3856,chr12,49264175,49265748,1573
pre_xy_3857,chr12,49321637,49323573,1936
pre_xy_3858,chr12,49341946,49343183,1237
pre_xy_3859,chr12,49347254,49348055,801
pre_xy_3860,chr12,49366264,49368056,1792
pre_xy_3861,chr12,49537475,49539336,1861
pre_xy_3862,chr12,49548661,49549688,1027
pre_xy_3863,chr12,49567394,49569092,1698
pre_xy_3864,chr12,49622133,49624485,2352
pre_xy_3865,chr12,49636635,49638071,1436
pre_xy_3866,chr12,49672957,49674537,1580
pre_xy_3867,chr12,49706156,49707853,1697
pre_xy_3868,chr12,49740958,49742397,1439
pre_xy_3869,chr12,49827102,49829003,1901
pre_xy_3870,chr12,49841906,49843347,1441
pre_xy_3871,chr12,49868558,49869911,1353
pre_xy_3872,chr12,49902441,49904447,2006
pre_xy_3873,chr12,49966796,49967951,1155
pre_xy_3874,chr12,50024782,50025862,1080
pre_xy_3875,chr12,50050185,50051764,1579
pre_xy_3876,chr12,50056929,50058291,1362
pre_xy_3877,chr12,50084646,50085968,1322
pre_xy_3878,chr12,50103486,50104308,822
pre_xy_3879,chr12,50111240,50112903,1663
pre_xy_3880,chr12,50166410,50167844,1434
pre_xy_3881,chr12,50220322,50223118,2796
pre_xy_3882,chr12,50282636,50284160,1524
pre_xy_3883,chr12,50400159,50402107,1948
pre_xy_3884,chr12,50504374,50506382,2008
pre_xy_3885,chr12,50763310,50765881,2571
pre_xy_3886,chr12,50923959,50925532,1573
pre_xy_3887,chr12,51025421,51026717,1296
pre_xy_3888,chr12,51047539,51048725,1186
pre_xy_3889,chr12,51082448,51083907,1459
pre_xy_3890,chr12,51171855,51173475,1620
pre_xy_3891,chr12,51216937,51218726,1789
pre_xy_3892,chr12,51237928,51239501,1573
pre_xy_3893,chr12,51262556,51263242,686
pre_xy_3894,chr12,51269153,51271159,2006
pre_xy_3895,chr12,51390518,51392191,1673
pre_xy_3896,chr12,51424182,51425454,1272
pre_xy_3897,chr12,51504254,51506228,1974
pre_xy_3898,chr12,51590391,51591820,1429
pre_xy_3899,chr12,51721199,51722088,889
pre_xy_3900,chr12,51813898,51815060,1162
pre_xy_3901,chr12,51819813,51822162,2349
pre_xy_3902,chr12,51846549,51849698,3149
pre_xy_3903,chr12,51863310,51865210,1900
pre_xy_3904,chr12,51868754,51869836,1082
pre_xy_3905,chr12,51951012,51952766,1754
pre_xy_3906,chr12,52005758,52007929,2171
pre_xy_3907,chr12,52010012,52010854,842
pre_xy_3908,chr12,52022883,52024047,1164
pre_xy_3909,chr12,52025357,52026149,792
pre_xy_3910,chr12,52032410,52033440,1030
pre_xy_3911,chr12,52036526,52037832,1306
pre_xy_3912,chr12,52050358,52051846,1488
pre_xy_3913,chr12,52061599,52064638,3039
pre_xy_3914,chr12,52068939,52070639,1700
pre_xy_3915,chr12,52191678,52192689,1011
pre_xy_3916,chr12,52202206,52203797,1591
pre_xy_3917,chr12,52307936,52309032,1096
pre_xy_3918,chr12,52879239,52880246,1007
pre_xy_3919,chr12,52895067,52897607,2540
pre_xy_3920,chr12,52903144,52905355,2211
pre_xy_3921,chr12,52948514,52950095,1581
pre_xy_3922,chr12,53005522,53007225,1703
pre_xy_3923,chr12,53046314,53049288,2974
pre_xy_3924,chr12,53053402,53054848,1446
pre_xy_3925,chr12,53078592,53080038,1446
pre_xy_3926,chr12,53096332,53098333,2001
pre_xy_3927,chr12,53179770,53181509,1739
pre_xy_3928,chr12,53219780,53221995,2215
pre_xy_3929,chr12,53250975,53252711,1736
pre_xy_3930,chr12,53267382,53268725,1343
pre_xy_3931,chr12,53294878,53295906,1028
pre_xy_3932,chr12,53299100,53300261,1161
pre_xy_3933,chr12,53320949,53321835,886
pre_xy_3934,chr12,53324172,53326054,1882
pre_xy_3935,chr12,53344432,53346138,1706
pre_xy_3936,chr12,53370283,53371937,1654
pre_xy_3937,chr12,53379097,53381114,2017
pre_xy_3938,chr12,53423415,53425860,2445
pre_xy_3939,chr12,53440838,53442201,1363
pre_xy_3940,chr12,53451655,53453026,1371
pre_xy_3941,chr12,53492189,53493836,1647
pre_xy_3942,chr12,53498946,53500012,1066
pre_xy_3943,chr12,53500135,53501724,1589
pre_xy_3944,chr12,53625669,53626769,1100
pre_xy_3945,chr12,53675560,53677661,2101
pre_xy_3946,chr12,53694869,53697429,2560
pre_xy_3947,chr12,53726869,53728079,1210
pre_xy_3948,chr12,53746415,53746954,539
pre_xy_3949,chr12,53750740,53752281,1541
pre_xy_3950,chr12,53938106,53939953,1847
pre_xy_3951,chr12,53984661,53986385,1724
pre_xy_3952,chr12,53999389,54000726,1337
pre_xy_3953,chr12,54008697,54009611,914
pre_xy_3954,chr12,54016549,54019644,3095
pre_xy_3955,chr12,54032400,54034189,1789
pre_xy_3956,chr12,54052026,54054642,2616
pre_xy_3957,chr12,54081624,54082908,1284
pre_xy_3958,chr12,54125803,54127320,1517
pre_xy_3959,chr12,54158978,54159530,552
pre_xy_3960,chr12,54188484,54189216,732
pre_xy_3961,chr12,54191192,54192084,892
pre_xy_3962,chr12,54216697,54217388,691
pre_xy_3963,chr12,54259118,54260307,1189
pre_xy_3964,chr12,54279146,54281290,2144
pre_xy_3965,chr12,54324418,54325490,1072
pre_xy_3966,chr12,54351708,54352630,922
pre_xy_3967,chr12,54358202,54359816,1614
pre_xy_3968,chr12,54369899,54370822,923
pre_xy_3969,chr12,54378601,54380003,1402
pre_xy_3970,chr12,54390622,54391552,930
pre_xy_3971,chr12,54417833,54419854,2021
pre_xy_3972,chr12,54548908,54550457,1549
pre_xy_3973,chr12,54560061,54561554,1493
pre_xy_3974,chr12,54586760,54588920,2160
pre_xy_3975,chr12,54698729,54700538,1809
pre_xy_3976,chr12,55707240,55708479,1239
pre_xy_3977,chr12,55715544,55716776,1232
pre_xy_3978,chr12,55727583,55730569,2986
pre_xy_3979,chr12,55736935,55739073,2138
pre_xy_3980,chr12,55742681,55744282,1601
pre_xy_3981,chr12,55816804,55818479,1675
pre_xy_3982,chr12,55828885,55831283,2398
pre_xy_3983,chr12,55926305,55928159,1854
pre_xy_3984,chr12,55931529,55932397,868
pre_xy_3985,chr12,55965857,55967699,1842
pre_xy_3986,chr12,55972848,55974618,1770
pre_xy_3987,chr12,55995996,55997857,1861
pre_xy_3988,chr12,56006847,56008533,1686
pre_xy_3989,chr12,56020029,56022182,2153
pre_xy_3990,chr12,56041196,56042434,1238
pre_xy_3991,chr12,56078777,56080616,1839
pre_xy_3992,chr12,56103718,56105409,1691
pre_xy_3993,chr12,56115939,56116981,1042
pre_xy_3994,chr12,56117762,56118667,905
pre_xy_3995,chr12,56126096,56126485,389
pre_xy_3996,chr12,56127488,56129608,2120
pre_xy_3997,chr12,56151639,56152769,1130
pre_xy_3998,chr12,56157191,56159408,2217
pre_xy_3999,chr12,56188358,56190522,2164
pre_xy_4000,chr12,56220686,56222493,1807
pre_xy_4001,chr12,56223834,56224579,745
pre_xy_4002,chr12,56257261,56259097,1836
pre_xy_4003,chr12,56266353,56267969,1616
pre_xy_4004,chr12,56299009,56300916,1907
pre_xy_4005,chr12,56315034,56316591,1557
pre_xy_4006,chr12,56333197,56334522,1325
pre_xy_4007,chr12,56359698,56360812,1114
pre_xy_4008,chr12,56448558,56449601,1043
pre_xy_4009,chr12,56467890,56469383,1493
pre_xy_4010,chr12,56487448,56488739,1291
pre_xy_4011,chr12,56521022,56523144,2122
pre_xy_4012,chr12,56628483,56630531,2048
pre_xy_4013,chr12,56634191,56634761,570
pre_xy_4014,chr12,56634775,56635408,633
pre_xy_4015,chr12,56635916,56637301,1385
pre_xy_4016,chr12,56644838,56646470,1632
pre_xy_4017,chr12,56686970,56689394,2424
pre_xy_4018,chr12,56724403,56725768,1365
pre_xy_4019,chr12,56751233,56752602,1369
pre_xy_4020,chr12,57005740,57006807,1067
pre_xy_4021,chr12,57077986,57079234,1248
pre_xy_4022,chr12,57086359,57089379,3020
pre_xy_4023,chr12,57089551,57090167,616
pre_xy_4024,chr12,57110067,57112634,2567
pre_xy_4025,chr12,57126986,57129764,2778
pre_xy_4026,chr12,57216311,57217905,1594
pre_xy_4027,chr12,57229278,57230788,1510
pre_xy_4028,chr12,57234859,57235504,645
pre_xy_4029,chr12,57238858,57239438,580
pre_xy_4030,chr12,57242483,57243964,1481
pre_xy_4031,chr12,57429836,57431307,1471
pre_xy_4032,chr12,57458870,57460376,1506
pre_xy_4033,chr12,57460873,57462977,2104
pre_xy_4034,chr12,57487288,57488893,1605
pre_xy_4035,chr12,57519632,57521114,1482
pre_xy_4036,chr12,57521604,57523379,1775
pre_xy_4037,chr12,57546147,57547479,1332
pre_xy_4038,chr12,57590520,57591923,1403
pre_xy_4039,chr12,57603533,57605857,2324
pre_xy_4040,chr12,57609751,57611880,2129
pre_xy_4041,chr12,57620758,57622113,1355
pre_xy_4042,chr12,57631772,57633398,1626
pre_xy_4043,chr12,57693404,57694821,1417
pre_xy_4044,chr12,57725811,57727975,2164
pre_xy_4045,chr12,57737574,57739165,1591
pre_xy_4046,chr12,57744243,57745815,1572
pre_xy_4047,chr12,57751537,57752816,1279
pre_xy_4048,chr12,57754403,57756011,1608
pre_xy_4049,chr12,57764701,57767052,2351
pre_xy_4050,chr12,57771385,57773075,1690
pre_xy_4051,chr12,57782183,57783400,1217
pre_xy_4052,chr12,57844371,57847312,2941
pre_xy_4053,chr12,57864300,57865790,1490
pre_xy_4054,chr12,57896141,57897654,1513
pre_xy_4055,chr12,57904975,57905766,791
pre_xy_4056,chr12,57935507,57936388,881
pre_xy_4057,chr12,57940806,57942060,1254
pre_xy_4058,chr12,58919201,58920939,1738
pre_xy_4059,chr12,59595558,59597800,2242
pre_xy_4060,chr12,62190759,62192959,2200
pre_xy_4061,chr12,62259139,62261277,2138
pre_xy_4062,chr12,62465889,62467677,1788
pre_xy_4063,chr12,62602209,62603937,1728
pre_xy_4064,chr12,62631216,62632950,1734
pre_xy_4065,chr12,62933071,62935480,2409
pre_xy_4066,chr12,63149976,63152382,2406
pre_xy_4067,chr12,63667770,63669331,1561
pre_xy_4068,chr12,63779317,63780498,1181
pre_xy_4069,chr12,63843252,63845225,1973
pre_xy_4070,chr12,64221442,64222781,1339
pre_xy_4071,chr12,64403755,64405392,1637
pre_xy_4072,chr12,64451184,64453102,1918
pre_xy_4073,chr12,64608915,64611673,2758
pre_xy_4074,chr12,64758596,64760030,1434
pre_xy_4075,chr12,64780164,64781845,1681
pre_xy_4076,chr12,64824182,64825845,1663
pre_xy_4077,chr12,65168987,65171016,2029
pre_xy_4078,chr12,65278019,65279534,1515
pre_xy_4079,chr12,65728757,65729784,1027
pre_xy_4080,chr12,65740892,65742990,2098
pre_xy_4081,chr12,65823435,65826417,2982
pre_xy_4082,chr12,65925225,65927045,1820
pre_xy_4083,chr12,66129871,66131182,1311
pre_xy_4084,chr12,66169016,66170220,1204
pre_xy_4085,chr12,66301782,66303006,1224
pre_xy_4086,chr12,67068210,67070158,1948
pre_xy_4087,chr12,67268275,67270354,2079
pre_xy_4088,chr12,67647257,67650151,2894
pre_xy_4089,chr12,68331617,68332768,1151
pre_xy_4090,chr12,68364670,68365727,1057
pre_xy_4091,chr12,68609998,68612029,2031
pre_xy_4092,chr12,68686177,68687463,1286
pre_xy_4093,chr12,68745547,68746947,1400
pre_xy_4094,chr12,68807317,68809118,1801
pre_xy_4095,chr12,68932208,68933782,1574
pre_xy_4096,chr12,69238966,69240533,1567
pre_xy_4097,chr12,69359312,69360517,1205
pre_xy_4098,chr12,69415492,69416646,1154
pre_xy_4099,chr12,69469846,69471134,1288
pre_xy_4100,chr12,69584864,69586078,1214
pre_xy_4101,chr12,69737985,69740104,2119
pre_xy_4102,chr12,70242542,70244375,1833
pre_xy_4103,chr12,70365195,70367682,2487
pre_xy_4104,chr12,71157158,71158908,1750
pre_xy_4105,chr12,71438745,71440743,1998
pre_xy_4106,chr12,71662748,71664673,1925
pre_xy_4107,chr12,71685455,71686610,1155
pre_xy_4108,chr12,71754309,71755921,1612
pre_xy_4109,chr12,71839088,71840811,1723
pre_xy_4110,chr12,72271294,72273666,2372
pre_xy_4111,chr12,74537164,74538818,1654
pre_xy_4112,chr12,75329696,75330496,800
pre_xy_4113,chr12,75390336,75391554,1218
pre_xy_4114,chr12,75510894,75512006,1112
pre_xy_4115,chr12,76029986,76032703,2717
pre_xy_4116,chr12,76083628,76085425,1797
pre_xy_4117,chr12,76347791,76348954,1163
pre_xy_4118,chr12,76558628,76560316,1688
pre_xy_4119,chr12,76763377,76765293,1916
pre_xy_4120,chr12,76878051,76879899,1848
pre_xy_4121,chr12,77064784,77066224,1440
pre_xy_4122,chr12,77324438,77325805,1367
pre_xy_4123,chr12,78863445,78865752,2307
pre_xy_4124,chr12,79689374,79691668,2294
pre_xy_4125,chr12,79933673,79935845,2172
pre_xy_4126,chr12,80936310,80938056,1746
pre_xy_4127,chr12,81758056,81759798,1742
pre_xy_4128,chr12,82357802,82359397,1595
pre_xy_4129,chr12,82685701,82688001,2300
pre_xy_4130,chr12,84910459,84913123,2664
pre_xy_4131,chr12,85035894,85037012,1118
pre_xy_4132,chr12,85279309,85280981,1672
pre_xy_4133,chr12,88034945,88036221,1276
pre_xy_4134,chr12,88141476,88142915,1439
pre_xy_4135,chr12,88578216,88580885,2669
pre_xy_4136,chr12,89351415,89354731,3316
pre_xy_4137,chr12,89524141,89526359,2218
pre_xy_4138,chr12,89707612,89710288,2676
pre_xy_4139,chr12,89947270,89948972,1702
pre_xy_4140,chr12,90857551,90858773,1222
pre_xy_4141,chr12,91380667,91382588,1921
pre_xy_4142,chr12,92143979,92146553,2574
pre_xy_4143,chr12,92928305,92929878,1573
pre_xy_4144,chr12,93377389,93379207,1818
pre_xy_4145,chr12,93440933,93442755,1822
pre_xy_4146,chr12,93466989,93468193,1204
pre_xy_4147,chr12,93569558,93572193,2635
pre_xy_4148,chr12,93676813,93678192,1379
pre_xy_4149,chr12,94101183,94102611,1428
pre_xy_4150,chr12,94147823,94150827,3004
pre_xy_4151,chr12,94459183,94460751,1568
pre_xy_4152,chr12,94649296,94650989,1693
pre_xy_4153,chr12,95002862,95004049,1187
pre_xy_4154,chr12,95072236,95073853,1617
pre_xy_4155,chr12,95216633,95219063,2430
pre_xy_4156,chr12,95473035,95474910,1875
pre_xy_4157,chr12,95547741,95549193,1452
pre_xy_4158,chr12,95789177,95791696,2519
pre_xy_4159,chr12,95858266,95859850,1584
pre_xy_4160,chr12,95942086,95943698,1612
pre_xy_4161,chr12,96034562,96036209,1647
pre_xy_4162,chr12,96193788,96196218,2430
pre_xy_4163,chr12,96398580,96401585,3005
pre_xy_4164,chr12,96489019,96490125,1106
pre_xy_4165,chr12,96906563,96908150,1587
pre_xy_4166,chr12,98397077,98397878,801
pre_xy_4167,chr12,98490603,98491380,777
pre_xy_4168,chr12,98502738,98504364,1626
pre_xy_4169,chr12,98514762,98516689,1927
pre_xy_4170,chr12,98592922,98594755,1833
pre_xy_4171,chr12,98643855,98645871,2016
pre_xy_4172,chr12,98894365,98895600,1235
pre_xy_4173,chr12,99983682,99985649,1967
pre_xy_4174,chr12,100141637,100143325,1688
pre_xy_4175,chr12,100199167,100201221,2054
pre_xy_4176,chr12,100266353,100268206,1853
pre_xy_4177,chr12,100572919,100574554,1635
pre_xy_4178,chr12,100716540,100718010,1470
pre_xy_4179,chr12,101279308,101280631,1323
pre_xy_4180,chr12,101406785,101408560,1775
pre_xy_4181,chr12,101696593,101698954,2361
pre_xy_4182,chr12,101829753,101831260,1507
pre_xy_4183,chr12,101876607,101878205,1598
pre_xy_4184,chr12,102060961,102062324,1363
pre_xy_4185,chr12,102119286,102120576,1290
pre_xy_4186,chr12,102957261,102958834,1573
pre_xy_4187,chr12,103840117,103842120,2003
pre_xy_4188,chr12,103928965,103931284,2319
pre_xy_4189,chr12,103956288,103957793,1505
pre_xy_4190,chr12,103965196,103966499,1303
pre_xy_4191,chr12,104049356,104050836,1480
pre_xy_4192,chr12,104063686,104065400,1714
pre_xy_4193,chr12,104137062,104138851,1789
pre_xy_4194,chr12,104215380,104216420,1040
pre_xy_4195,chr12,104286222,104287805,1583
pre_xy_4196,chr12,104288375,104289230,855
pre_xy_4197,chr12,104303069,104304156,1087
pre_xy_4198,chr12,104456305,104458746,2441
pre_xy_4199,chr12,104668010,104670406,2396
pre_xy_4200,chr12,104957611,104959639,2028
pre_xy_4201,chr12,104985739,104986936,1197
pre_xy_4202,chr12,105083431,105084967,1536
pre_xy_4203,chr12,105106908,105108353,1445
pre_xy_4204,chr12,105235148,105236481,1333
pre_xy_4205,chr12,105330019,105331608,1589
pre_xy_4206,chr12,106137696,106140334,2638
pre_xy_4207,chr12,106246836,106248823,1987
pre_xy_4208,chr12,106301604,106303605,2001
pre_xy_4209,chr12,106357229,106358733,1504
pre_xy_4210,chr12,106773523,106775145,1622
pre_xy_4211,chr12,106954837,106957199,2362
pre_xy_4212,chr12,106986455,106987430,975
pre_xy_4213,chr12,107091528,107094363,2835
pre_xy_4214,chr12,107317703,107320442,2739
pre_xy_4215,chr12,107684962,107686431,1469
pre_xy_4216,chr12,107760193,107761851,1658
pre_xy_4217,chr12,108128993,108130338,1345
pre_xy_4218,chr12,108514602,108515731,1129
pre_xy_4219,chr12,108560639,108561630,991
pre_xy_4220,chr12,108561942,108563831,1889
pre_xy_4221,chr12,108690904,108692647,1743
pre_xy_4222,chr12,108729823,108732397,2574
pre_xy_4223,chr12,108855616,108858848,3232
pre_xy_4224,chr12,109052091,109053879,1788
pre_xy_4225,chr12,109093042,109093753,711
pre_xy_4226,chr12,109097161,109098842,1681
pre_xy_4227,chr12,109110736,109112125,1389
pre_xy_4228,chr12,109154034,109155374,1340
pre_xy_4229,chr12,109308815,109310656,1841
pre_xy_4230,chr12,109329230,109332372,3142
pre_xy_4231,chr12,109476522,109477991,1469
pre_xy_4232,chr12,109572431,109574053,1622
pre_xy_4233,chr12,109597326,109598295,969
pre_xy_4234,chr12,109713258,109714914,1656
pre_xy_4235,chr12,109736448,109736955,507
pre_xy_4236,chr12,109879268,109881141,1873
pre_xy_4237,chr12,109899744,109901726,1982
pre_xy_4238,chr12,109995456,109996537,1081
pre_xy_4239,chr12,109998759,110000197,1438
pre_xy_4240,chr12,110047816,110049074,1258
pre_xy_4241,chr12,110123545,110125037,1492
pre_xy_4242,chr12,110280307,110282406,2099
pre_xy_4243,chr12,110402580,110404318,1738
pre_xy_4244,chr12,110449323,110450614,1291
pre_xy_4245,chr12,110467881,110469511,1630
pre_xy_4246,chr12,110501138,110502655,1517
pre_xy_4247,chr12,110581927,110583649,1722
pre_xy_4248,chr12,110613334,110614506,1172
pre_xy_4249,chr12,110688387,110689974,1587
pre_xy_4250,chr12,110741351,110743280,1929
pre_xy_4251,chr12,110846516,110847311,795
pre_xy_4252,chr12,111033186,111035380,2194
pre_xy_4253,chr12,111180054,111181632,1578
pre_xy_4254,chr12,111368195,111369398,1203
pre_xy_4255,chr12,111404531,111406404,1873
pre_xy_4256,chr12,111597090,111600175,3085
pre_xy_4257,chr12,111635408,111637208,1800
pre_xy_4258,chr12,111685110,111686522,1412
pre_xy_4259,chr12,111766335,111767718,1383
pre_xy_4260,chr12,111841043,111843109,2066
pre_xy_4261,chr12,112012468,112014351,1883
pre_xy_4262,chr12,112107845,112109658,1813
pre_xy_4263,chr12,112125045,112126345,1300
pre_xy_4264,chr12,112380993,112382789,1796
pre_xy_4265,chr12,112408720,112409893,1173
pre_xy_4266,chr12,112418274,112419710,1436
pre_xy_4267,chr12,113056374,113058081,1707
pre_xy_4268,chr12,113135119,113136476,1357
pre_xy_4269,chr12,113149161,113149946,785
pre_xy_4270,chr12,113152601,113153587,986
pre_xy_4271,chr12,113161296,113162620,1324
pre_xy_4272,chr12,113184425,113185997,1572
pre_xy_4273,chr12,113220569,113222195,1626
pre_xy_4274,chr12,113245488,113246899,1411
pre_xy_4275,chr12,113333854,113335538,1684
pre_xy_4276,chr12,113357928,113360008,2080
pre_xy_4277,chr12,113965555,113966811,1256
pre_xy_4278,chr12,114667863,114669269,1406
pre_xy_4279,chr12,114683429,114685175,1746
pre_xy_4280,chr12,115451169,115453208,2039
pre_xy_4281,chr12,116275880,116278156,2276
pre_xy_4282,chr12,116358465,116359721,1256
pre_xy_4283,chr12,116455051,116456565,1514
pre_xy_4284,chr12,116507861,116509116,1255
pre_xy_4285,chr12,116532951,116534966,2015
pre_xy_4286,chr12,116736912,116738662,1750
pre_xy_4287,chr12,116818723,116819804,1081
pre_xy_4288,chr12,116880658,116881676,1018
pre_xy_4289,chr12,116910549,116911658,1109
pre_xy_4290,chr12,117032479,117034461,1982
pre_xy_4291,chr12,117111391,117112546,1155
pre_xy_4292,chr12,117161257,117163053,1796
pre_xy_4293,chr12,117188861,117190776,1915
pre_xy_4294,chr12,117968242,117969661,1419
pre_xy_4295,chr12,118015984,118017199,1215
pre_xy_4296,chr12,118059768,118062619,2851
pre_xy_4297,chr12,118103047,118104545,1498
pre_xy_4298,chr12,118135438,118136955,1517
pre_xy_4299,chr12,118188472,118190738,2266
pre_xy_4300,chr12,118372376,118373323,947
pre_xy_4301,chr12,118375935,118377001,1066
pre_xy_4302,chr12,119178389,119179921,1532
pre_xy_4303,chr12,119667347,119668619,1272
pre_xy_4304,chr12,119803072,119804746,1674
pre_xy_4305,chr12,119876663,119877735,1072
pre_xy_4306,chr12,119988410,119990309,1899
pre_xy_4307,chr12,120086475,120087710,1235
pre_xy_4308,chr12,120116222,120117651,1429
pre_xy_4309,chr12,120194183,120195351,1168
pre_xy_4310,chr12,120200449,120202048,1599
pre_xy_4311,chr12,120228147,120229549,1402
pre_xy_4312,chr12,120265031,120266189,1158
pre_xy_4313,chr12,120290500,120293491,2991
pre_xy_4314,chr12,120301698,120302874,1176
pre_xy_4315,chr12,120316734,120318006,1272
pre_xy_4316,chr12,120361277,120362166,889
pre_xy_4317,chr12,120367749,120369568,1819
pre_xy_4318,chr12,120437346,120438595,1249
pre_xy_4319,chr12,120445670,120446964,1294
pre_xy_4320,chr12,120468294,120470228,1934
pre_xy_4321,chr12,120495087,120497205,2118
pre_xy_4322,chr12,120528357,120529933,1576
pre_xy_4323,chr12,120533874,120535405,1531
pre_xy_4324,chr12,120580874,120581724,850
pre_xy_4325,chr12,120639939,120641708,1769
pre_xy_4326,chr12,120648756,120650334,1578
pre_xy_4327,chr12,120686185,120687619,1434
pre_xy_4328,chr12,120709804,120711292,1488
pre_xy_4329,chr12,120725150,120726406,1256
pre_xy_4330,chr12,120903045,120904758,1713
pre_xy_4331,chr12,121015807,121016721,914
pre_xy_4332,chr12,121095331,121096357,1026
pre_xy_4333,chr12,121209608,121211173,1565
pre_xy_4334,chr12,121239861,121241733,1872
pre_xy_4335,chr12,121295340,121297909,2569
pre_xy_4336,chr12,121351475,121352951,1476
pre_xy_4337,chr12,121399213,121401097,1884
pre_xy_4338,chr12,121466260,121468350,2090
pre_xy_4339,chr12,121535533,121538279,2746
pre_xy_4340,chr12,121578309,121581292,2983
pre_xy_4341,chr12,121625990,121627539,1549
pre_xy_4342,chr12,121672006,121673609,1603
pre_xy_4343,chr12,121686457,121687370,913
pre_xy_4344,chr12,121711804,121713759,1955
pre_xy_4345,chr12,121748198,121749275,1077
pre_xy_4346,chr12,121792724,121793410,686
pre_xy_4347,chr12,121793558,121795197,1639
pre_xy_4348,chr12,121799273,121799841,568
pre_xy_4349,chr12,121802665,121804443,1778
pre_xy_4350,chr12,121811361,121813123,1762
pre_xy_4351,chr12,121839087,121840188,1101
pre_xy_4352,chr12,121888246,121889351,1105
pre_xy_4353,chr12,121893908,121894992,1084
pre_xy_4354,chr12,121917965,121918875,910
pre_xy_4355,chr12,122021159,122024296,3137
pre_xy_4356,chr12,122078029,122080115,2086
pre_xy_4357,chr12,122097490,122098874,1384
pre_xy_4358,chr12,122182748,122183756,1008
pre_xy_4359,chr12,122203138,122204618,1480
pre_xy_4360,chr12,122225211,122226748,1537
pre_xy_4361,chr12,122265592,122267286,1694
pre_xy_4362,chr12,122421198,122423898,2700
pre_xy_4363,chr12,122499743,122501609,1866
pre_xy_4364,chr12,122526024,122527712,1688
pre_xy_4365,chr12,122752092,122753499,1407
pre_xy_4366,chr12,122773723,122775593,1870
pre_xy_4367,chr12,122834293,122836848,2555
pre_xy_4368,chr12,122895362,122896416,1054
pre_xy_4369,chr12,122965321,122966842,1521
pre_xy_4370,chr12,122974031,122975581,1550
pre_xy_4371,chr12,122980016,122981457,1441
pre_xy_4372,chr12,123097328,123098780,1452
pre_xy_4373,chr12,123150260,123151727,1467
pre_xy_4374,chr12,123232346,123233873,1527
pre_xy_4375,chr12,123269011,123270224,1213
pre_xy_4376,chr12,123270387,123272466,2079
pre_xy_4377,chr12,123363436,123365981,2545
pre_xy_4378,chr12,123383274,123384747,1473
pre_xy_4379,chr12,123387965,123390309,2344
pre_xy_4380,chr12,123435769,123437099,1330
pre_xy_4381,chr12,123457830,123458994,1164
pre_xy_4382,chr12,123532962,123534587,1625
pre_xy_4383,chr12,123583302,123585205,1903
pre_xy_4384,chr12,123601329,123602598,1269
pre_xy_4385,chr12,123633140,123634498,1358
pre_xy_4386,chr12,123670639,123671766,1127
pre_xy_4387,chr12,123711476,123712956,1480
pre_xy_4388,chr12,123761553,123763393,1840
pre_xy_4389,chr12,123971575,123974152,2577
pre_xy_4390,chr12,124294288,124295951,1663
pre_xy_4391,chr12,124388483,124389699,1216
pre_xy_4392,chr12,124401348,124402795,1447
pre_xy_4393,chr12,124409945,124411785,1840
pre_xy_4394,chr12,124426716,124429198,2482
pre_xy_4395,chr12,124500275,124501424,1149
pre_xy_4396,chr12,124517124,124519691,2567
pre_xy_4397,chr12,124542702,124544926,2224
pre_xy_4398,chr12,124556821,124558193,1372
pre_xy_4399,chr12,124565912,124569018,3106
pre_xy_4400,chr12,124608086,124609666,1580
pre_xy_4401,chr12,124654773,124656353,1580
pre_xy_4402,chr12,124862797,124864223,1426
pre_xy_4403,chr12,124909957,124911544,1587
pre_xy_4404,chr12,124913612,124915472,1860
pre_xy_4405,chr12,124917120,124917848,728
pre_xy_4406,chr12,124921194,124922338,1144
pre_xy_4407,chr12,124926970,124928710,1740
pre_xy_4408,chr12,124938544,124940995,2451
pre_xy_4409,chr12,124988479,124989357,878
pre_xy_4410,chr12,124992824,124994866,2042
pre_xy_4411,chr12,125049095,125050248,1153
pre_xy_4412,chr12,125064749,125065971,1222
pre_xy_4413,chr12,125185327,125186881,1554
pre_xy_4414,chr12,125982946,125984728,1782
pre_xy_4415,chr12,127145572,127146701,1129
pre_xy_4416,chr12,127165652,127166679,1027
pre_xy_4417,chr12,128266270,128268744,2474
pre_xy_4418,chr12,128336782,128340282,3500
pre_xy_4419,chr12,128823043,128824806,1763
pre_xy_4420,chr12,129902813,129904747,1934
pre_xy_4421,chr12,130161165,130163636,2471
pre_xy_4422,chr12,130714567,130716938,2371
pre_xy_4423,chr12,130763908,130765616,1708
pre_xy_4424,chr12,130818242,130819465,1223
pre_xy_4425,chr12,130838160,130839762,1602
pre_xy_4426,chr12,130870808,130872763,1955
pre_xy_4427,chr12,131349308,131350633,1325
pre_xy_4428,chr12,131710353,131712021,1668
pre_xy_4429,chr12,131829938,131831547,1609
pre_xy_4430,chr12,131893900,131895066,1166
pre_xy_4431,chr12,131895548,131896937,1389
pre_xy_4432,chr12,131928381,131930376,1995
pre_xy_4433,chr12,131949245,131950779,1534
pre_xy_4434,chr12,132000893,132001894,1001
pre_xy_4435,chr12,132083635,132085504,1869
pre_xy_4436,chr12,132143426,132145154,1728
pre_xy_4437,chr12,132153515,132155662,2147
pre_xy_4438,chr12,132188768,132190299,1531
pre_xy_4439,chr12,132204018,132206385,2367
pre_xy_4440,chr12,132285911,132286746,835
pre_xy_4441,chr12,132328822,132330045,1223
pre_xy_4442,chr12,132444831,132446895,2064
pre_xy_4443,chr12,132450221,132451419,1198
pre_xy_4444,chr12,132489117,132491240,2123
pre_xy_4445,chr12,132505634,132507328,1694
pre_xy_4446,chr12,132559594,132561500,1906
pre_xy_4447,chr12,132581852,132583959,2107
pre_xy_4448,chr12,132597617,132599071,1454
pre_xy_4449,chr12,132686542,132688111,1569
pre_xy_4450,chr12,132710004,132711630,1626
pre_xy_4451,chr12,132760489,132762544,2055
pre_xy_4452,chr12,132827844,132829462,1618
pre_xy_4453,chr12,132886898,132888289,1391
pre_xy_4454,chr12,132907951,132909187,1236
pre_xy_4455,chr12,132955132,132956751,1619
pre_xy_4456,chr12,132985770,132987139,1369
pre_xy_4457,chr12,133036746,133038006,1260
pre_xy_4458,chr12,133079723,133081277,1554
pre_xy_4459,chr12,133129651,133131039,1388
pre_xy_4460,chr12,133180959,133182010,1051
pre_xy_4461,chr13,19601526,19603091,1565
pre_xy_4462,chr13,19633024,19634660,1636
pre_xy_4463,chr13,19781634,19783215,1581
pre_xy_4464,chr13,19862455,19865019,2564
pre_xy_4465,chr13,19957255,19960396,3141
pre_xy_4466,chr13,20118147,20119693,1546
pre_xy_4467,chr13,20127248,20128923,1675
pre_xy_4468,chr13,20160114,20161912,1798
pre_xy_4469,chr13,20191589,20193560,1971
pre_xy_4470,chr13,20525058,20526598,1540
pre_xy_4471,chr13,20566335,20567729,1394
pre_xy_4472,chr13,20702564,20704652,2088
pre_xy_4473,chr13,20721006,20722353,1347
pre_xy_4474,chr13,20773007,20774389,1382
pre_xy_4475,chr13,20901818,20903385,1567
pre_xy_4476,chr13,21060089,21061852,1763
pre_xy_4477,chr13,21074460,21076492,2032
pre_xy_4478,chr13,21139764,21141115,1351
pre_xy_4479,chr13,21175798,21177235,1437
pre_xy_4480,chr13,21296841,21298879,2038
pre_xy_4481,chr13,21325687,21327127,1440
pre_xy_4482,chr13,21458298,21459738,1440
pre_xy_4483,chr13,21603334,21604444,1110
pre_xy_4484,chr13,21669071,21671231,2160
pre_xy_4485,chr13,21673607,21674602,995
pre_xy_4486,chr13,21674873,21675924,1051
pre_xy_4487,chr13,22914737,22916595,1858
pre_xy_4488,chr13,22925638,22927471,1833
pre_xy_4489,chr13,23158761,23161368,2607
pre_xy_4490,chr13,23374895,23376062,1167
pre_xy_4491,chr13,23433071,23433886,815
pre_xy_4492,chr13,23465902,23466990,1088
pre_xy_4493,chr13,23569716,23571274,1558
pre_xy_4494,chr13,23578493,23580072,1579
pre_xy_4495,chr13,23888397,23889872,1475
pre_xy_4496,chr13,23979225,23980563,1338
pre_xy_4497,chr13,24083052,24084452,1400
pre_xy_4498,chr13,24159856,24161733,1877
pre_xy_4499,chr13,24270436,24273103,2667
pre_xy_4500,chr13,24511107,24513060,1953
pre_xy_4501,chr13,24680133,24681013,880
pre_xy_4502,chr13,24745728,24748328,2600
pre_xy_4503,chr13,24922201,24923568,1367
pre_xy_4504,chr13,25017636,25019063,1427
pre_xy_4505,chr13,25046642,25047658,1016
pre_xy_4506,chr13,25170335,25172352,2017
pre_xy_4507,chr13,25286321,25288003,1682
pre_xy_4508,chr13,25300745,25302159,1414
pre_xy_4509,chr13,25371505,25372987,1482
pre_xy_4510,chr13,25468225,25469402,1177
pre_xy_4511,chr13,26048797,26050396,1599
pre_xy_4512,chr13,26050526,26052269,1743
pre_xy_4513,chr13,26185712,26187322,1610
pre_xy_4514,chr13,26221275,26222803,1528
pre_xy_4515,chr13,26253454,26255364,1910
pre_xy_4516,chr13,26557065,26558663,1598
pre_xy_4517,chr13,27170471,27172686,2215
pre_xy_4518,chr13,27250781,27252215,1434
pre_xy_4519,chr13,27270303,27271436,1133
pre_xy_4520,chr13,27423654,27425329,1675
pre_xy_4521,chr13,27449131,27451446,2315
pre_xy_4522,chr13,27619824,27622384,2560
pre_xy_4523,chr13,27919762,27921562,1800
pre_xy_4524,chr13,27953005,27954830,1825
pre_xy_4525,chr13,28099858,28101071,1213
pre_xy_4526,chr13,28137706,28140593,2887
pre_xy_4527,chr13,28493714,28495710,1996
pre_xy_4528,chr13,28657864,28659720,1856
pre_xy_4529,chr13,28718089,28719449,1360
pre_xy_4530,chr13,28819179,28820876,1697
pre_xy_4531,chr13,29496111,29497760,1649
pre_xy_4532,chr13,29594257,29596126,1869
pre_xy_4533,chr13,29848993,29850943,1950
pre_xy_4534,chr13,30114139,30115372,1233
pre_xy_4535,chr13,30306632,30307909,1277
pre_xy_4536,chr13,30407992,30408989,997
pre_xy_4537,chr13,30421012,30422736,1724
pre_xy_4538,chr13,30445329,30446256,927
pre_xy_4539,chr13,30463873,30466293,2420
pre_xy_4540,chr13,30616699,30618492,1793
pre_xy_4541,chr13,30673568,30674651,1083
pre_xy_4542,chr13,30864347,30865674,1327
pre_xy_4543,chr13,31160568,31162859,2291
pre_xy_4544,chr13,31199543,31201137,1594
pre_xy_4545,chr13,31207531,31210299,2768
pre_xy_4546,chr13,31846046,31847265,1219
pre_xy_4547,chr13,32030694,32031881,1187
pre_xy_4548,chr13,32314651,32316302,1651
pre_xy_4549,chr13,32426621,32428970,2349
pre_xy_4550,chr13,32537745,32539264,1519
pre_xy_4551,chr13,32585624,32587785,2161
pre_xy_4552,chr13,32849543,32851764,2221
pre_xy_4553,chr13,33015763,33017909,2146
pre_xy_4554,chr13,33284601,33286385,1784
pre_xy_4555,chr13,33349358,33350897,1539
pre_xy_4556,chr13,33542049,33543323,1274
pre_xy_4557,chr13,33817540,33818840,1300
pre_xy_4558,chr13,34941577,34943947,2370
pre_xy_4559,chr13,35470571,35471484,913
pre_xy_4560,chr13,35475084,35476907,1823
pre_xy_4561,chr13,36130122,36131829,1707
pre_xy_4562,chr13,36297289,36298379,1090
pre_xy_4563,chr13,36345084,36346994,1910
pre_xy_4564,chr13,36431390,36433138,1748
pre_xy_4565,chr13,36673357,36674818,1461
pre_xy_4566,chr13,36818560,36820086,1526
pre_xy_4567,chr13,36918723,36920798,2075
pre_xy_4568,chr13,36998356,37001194,2838
pre_xy_4569,chr13,37058547,37060116,1569
pre_xy_4570,chr13,37868595,37870591,1996
pre_xy_4571,chr13,38348805,38350498,1693
pre_xy_4572,chr13,38685953,38688110,2157
pre_xy_4573,chr13,39037381,39038845,1464
pre_xy_4574,chr13,39602187,39603941,1754
pre_xy_4575,chr13,39655126,39656553,1427
pre_xy_4576,chr13,40480020,40481377,1357
pre_xy_4577,chr13,40664147,40667515,3368
pre_xy_4578,chr13,40770171,40771586,1415
pre_xy_4579,chr13,40788796,40790525,1729
pre_xy_4580,chr13,40920807,40922055,1248
pre_xy_4581,chr13,41059541,41062414,2873
pre_xy_4582,chr13,41131998,41133277,1279
pre_xy_4583,chr13,41193888,41194926,1038
pre_xy_4584,chr13,41262969,41264014,1045
pre_xy_4585,chr13,41310644,41312503,1859
pre_xy_4586,chr13,41456713,41458751,2038
pre_xy_4587,chr13,41960042,41961520,1478
pre_xy_4588,chr13,42039692,42042034,2342
pre_xy_4589,chr13,42047365,42049598,2233
pre_xy_4590,chr13,42271218,42272807,1589
pre_xy_4591,chr13,42875436,42876578,1142
pre_xy_4592,chr13,43785357,43787544,2187
pre_xy_4593,chr13,43878686,43880635,1949
pre_xy_4594,chr13,44141314,44142804,1490
pre_xy_4595,chr13,44373056,44374617,1561
pre_xy_4596,chr13,44434960,44435987,1027
pre_xy_4597,chr13,44436323,44437381,1058
pre_xy_4598,chr13,44575668,44578287,2619
pre_xy_4599,chr13,44917368,44918866,1498
pre_xy_4600,chr13,44988788,44990112,1324
pre_xy_4601,chr13,45119127,45121227,2100
pre_xy_4602,chr13,45310748,45311949,1201
pre_xy_4603,chr13,45335236,45336342,1106
pre_xy_4604,chr13,45340323,45342213,1890
pre_xy_4605,chr13,45417027,45418976,1949
pre_xy_4606,chr13,45464232,45465683,1451
pre_xy_4607,chr13,45615046,45616209,1163
pre_xy_4608,chr13,46051852,46053194,1342
pre_xy_4609,chr13,46210838,46212375,1537
pre_xy_4610,chr13,46385940,46387785,1845
pre_xy_4611,chr13,46552451,46554869,2418
pre_xy_4612,chr13,46796245,46797603,1358
pre_xy_4613,chr13,46893369,46895018,1649
pre_xy_4614,chr13,48000252,48002244,1992
pre_xy_4615,chr13,48037137,48038286,1149
pre_xy_4616,chr13,48094360,48095421,1061
pre_xy_4617,chr13,48232397,48234144,1747
pre_xy_4618,chr13,48302941,48304773,1832
pre_xy_4619,chr13,48531591,48533546,1955
pre_xy_4620,chr13,48625275,48626955,1680
pre_xy_4621,chr13,48975092,48977116,2024
pre_xy_4622,chr13,49219698,49221315,1617
pre_xy_4623,chr13,49247170,49248994,1824
pre_xy_4624,chr13,49371624,49372501,877
pre_xy_4625,chr13,49443219,49445344,2125
pre_xy_4626,chr13,49495036,49496801,1765
pre_xy_4627,chr13,49584675,49586287,1612
pre_xy_4628,chr13,49690015,49691853,1838
pre_xy_4629,chr13,49791246,49793493,2247
pre_xy_4630,chr13,49935530,49937187,1657
pre_xy_4631,chr13,49995820,49997632,1812
pre_xy_4632,chr13,50080167,50082896,2729
pre_xy_4633,chr13,50123642,50126228,2586
pre_xy_4634,chr13,50909362,50910791,1429
pre_xy_4635,chr13,51221802,51223215,1413
pre_xy_4636,chr13,51451274,51454205,2931
pre_xy_4637,chr13,51583411,51585518,2107
pre_xy_4638,chr13,51802913,51805112,2199
pre_xy_4639,chr13,52011012,52012563,1551
pre_xy_4640,chr13,52127554,52129331,1777
pre_xy_4641,chr13,52158660,52159937,1277
pre_xy_4642,chr13,52193669,52195857,2188
pre_xy_4643,chr13,52405418,52406546,1128
pre_xy_4644,chr13,52449747,52450918,1171
pre_xy_4645,chr13,52454924,52456261,1337
pre_xy_4646,chr13,52599125,52600667,1542
pre_xy_4647,chr13,52616728,52618185,1457
pre_xy_4648,chr13,52651898,52653346,1448
pre_xy_4649,chr13,52738569,52740033,1464
pre_xy_4650,chr13,52846779,52847327,548
pre_xy_4651,chr13,52850351,52851831,1480
pre_xy_4652,chr13,53200373,53202289,1916
pre_xy_4653,chr13,57436366,57438207,1841
pre_xy_4654,chr13,57629288,57630249,961
pre_xy_4655,chr13,57630850,57632805,1955
pre_xy_4656,chr13,60162835,60164894,2059
pre_xy_4657,chr13,60395871,60398398,2527
pre_xy_4658,chr13,61414612,61415893,1281
pre_xy_4659,chr13,67229509,67231460,1951
pre_xy_4660,chr13,70107260,70108928,1668
pre_xy_4661,chr13,71864354,71867711,3357
pre_xy_4662,chr13,72383706,72385174,1468
pre_xy_4663,chr13,72726743,72728364,1621
pre_xy_4664,chr13,72781212,72782499,1287
pre_xy_4665,chr13,73058336,73060503,2167
pre_xy_4666,chr13,74132816,74136604,3788
pre_xy_4667,chr13,74289857,74290845,988
pre_xy_4668,chr13,75480613,75482757,2144
pre_xy_4669,chr13,75537190,75538436,1246
pre_xy_4670,chr13,75548875,75550632,1757
pre_xy_4671,chr13,75635151,75637633,2482
pre_xy_4672,chr13,76884772,76887547,2775
pre_xy_4673,chr13,76991340,76993008,1668
pre_xy_4674,chr13,77026124,77027638,1514
pre_xy_4675,chr13,77325913,77327408,1495
pre_xy_4676,chr13,77328862,77330102,1240
pre_xy_4677,chr13,77697005,77699102,2097
pre_xy_4678,chr13,77918152,77920114,1962
pre_xy_4679,chr13,78601489,78603830,2341
pre_xy_4680,chr13,78657820,78659808,1988
pre_xy_4681,chr13,79405109,79406782,1673
pre_xy_4682,chr13,79480599,79481952,1353
pre_xy_4683,chr13,80338754,80339427,673
pre_xy_4684,chr13,80339888,80341924,2036
pre_xy_4685,chr13,80342493,80343198,705
pre_xy_4686,chr13,84552843,84553729,886
pre_xy_4687,chr13,87670842,87674022,3180
pre_xy_4688,chr13,91346784,91349379,2595
pre_xy_4689,chr13,91398124,91399588,1464
pre_xy_4690,chr13,93226406,93228800,2394
pre_xy_4691,chr13,94548591,94550332,1741
pre_xy_4692,chr13,94595296,94596527,1231
pre_xy_4693,chr13,94601183,94602470,1287
pre_xy_4694,chr13,94710905,94713755,2850
pre_xy_4695,chr13,94967351,94968883,1532
pre_xy_4696,chr13,95300499,95302243,1744
pre_xy_4697,chr13,95403496,95404623,1127
pre_xy_4698,chr13,95552238,95553831,1593
pre_xy_4699,chr13,95641310,95642329,1019
pre_xy_4700,chr13,95643488,95644917,1429
pre_xy_4701,chr13,95676064,95678232,2168
pre_xy_4702,chr13,96052455,96053898,1443
pre_xy_4703,chr13,96089567,96092005,2438
pre_xy_4704,chr13,96792229,96793592,1363
pre_xy_4705,chr13,97221662,97222682,1020
pre_xy_4706,chr13,97222979,97224447,1468
pre_xy_4707,chr13,97432509,97435119,2610
pre_xy_4708,chr13,97975442,97977398,1956
pre_xy_4709,chr13,98141982,98144698,2716
pre_xy_4710,chr13,98171768,98174719,2951
pre_xy_4711,chr13,98575966,98577995,2029
pre_xy_4712,chr13,99085924,99088398,2474
pre_xy_4713,chr13,99199835,99201724,1889
pre_xy_4714,chr13,99413244,99414529,1285
pre_xy_4715,chr13,99498125,99499184,1059
pre_xy_4716,chr13,99500825,99502151,1326
pre_xy_4717,chr13,99605739,99607046,1307
pre_xy_4718,chr13,99955474,99957658,2184
pre_xy_4719,chr13,99969561,99972062,2501
pre_xy_4720,chr13,99980065,99982608,2543
pre_xy_4721,chr13,100088334,100089749,1415
pre_xy_4722,chr13,100588041,100589026,985
pre_xy_4723,chr13,100673395,100675618,2223
pre_xy_4724,chr13,101415572,101417321,1749
pre_xy_4725,chr13,102393884,102395081,1197
pre_xy_4726,chr13,102595981,102597918,1937
pre_xy_4727,chr13,102772718,102774357,1639
pre_xy_4728,chr13,102798440,102800838,2398
pre_xy_4729,chr13,102845277,102847052,1775
pre_xy_4730,chr13,104015075,104016729,1654
pre_xy_4731,chr13,106532817,106533415,598
pre_xy_4732,chr13,106534631,106536720,2089
pre_xy_4733,chr13,106567049,106568574,1525
pre_xy_4734,chr13,106916957,106918355,1398
pre_xy_4735,chr13,107865875,107868585,2710
pre_xy_4736,chr13,108215054,108215958,904
pre_xy_4737,chr13,108217655,108218964,1309
pre_xy_4738,chr13,108494982,108497020,2038
pre_xy_4739,chr13,109784443,109784938,495
pre_xy_4740,chr13,109785250,109787792,2542
pre_xy_4741,chr13,110137573,110139074,1501
pre_xy_4742,chr13,110305751,110309179,3428
pre_xy_4743,chr13,110560668,110562447,1779
pre_xy_4744,chr13,110614977,110617049,2072
pre_xy_4745,chr13,110705455,110706730,1275
pre_xy_4746,chr13,110712075,110716044,3969
pre_xy_4747,chr13,110913983,110915960,1977
pre_xy_4748,chr13,111065799,111068045,2246
pre_xy_4749,chr13,111114189,111116509,2320
pre_xy_4750,chr13,111152870,111154491,1621
pre_xy_4751,chr13,111892860,111894438,1578
pre_xy_4752,chr13,112066173,112067390,1217
pre_xy_4753,chr13,112072118,112073885,1767
pre_xy_4754,chr13,112587043,112588683,1640
pre_xy_4755,chr13,112605825,112606773,948
pre_xy_4756,chr13,112688948,112691707,2759
pre_xy_4757,chr13,112711383,112712668,1285
pre_xy_4758,chr13,112885388,112886372,984
pre_xy_4759,chr13,112893356,112894672,1316
pre_xy_4760,chr13,112942658,112944582,1924
pre_xy_4761,chr13,112968191,112969839,1648
pre_xy_4762,chr13,113000666,113002498,1832
pre_xy_4763,chr13,113121964,113123414,1450
pre_xy_4764,chr13,113152808,113154898,2090
pre_xy_4765,chr13,113207966,113210338,2372
pre_xy_4766,chr13,113296540,113297958,1418
pre_xy_4767,chr13,113393426,113394464,1038
pre_xy_4768,chr13,113483103,113484911,1808
pre_xy_4769,chr13,113489192,113491888,2696
pre_xy_4770,chr13,113584129,113585644,1515
pre_xy_4771,chr13,113723985,113725325,1340
pre_xy_4772,chr13,113758238,113760129,1891
pre_xy_4773,chr13,113820680,113821695,1015
pre_xy_4774,chr13,113860148,113862004,1856
pre_xy_4775,chr13,113862160,113864233,2073
pre_xy_4776,chr13,113907631,113908642,1011
pre_xy_4777,chr13,114064177,114065668,1491
pre_xy_4778,chr13,114130868,114132973,2105
pre_xy_4779,chr13,114234381,114235492,1111
pre_xy_4780,chr13,114280533,114282591,2058
pre_xy_4781,chr13,114313782,114315107,1325
pre_xy_4782,chr14,20305156,20306144,988
pre_xy_4783,chr14,20332264,20333614,1350
pre_xy_4784,chr14,20342157,20343960,1803
pre_xy_4785,chr14,20412387,20414028,1641
pre_xy_4786,chr14,20454276,20455789,1513
pre_xy_4787,chr14,20460725,20462084,1359
pre_xy_4788,chr14,20468800,20470650,1850
pre_xy_4789,chr14,20609093,20610356,1263
pre_xy_4790,chr14,20612980,20614306,1326
pre_xy_4791,chr14,20630302,20631312,1010
pre_xy_4792,chr14,20681196,20684935,3739
pre_xy_4793,chr14,20799170,20800547,1377
pre_xy_4794,chr14,20970700,20971996,1296
pre_xy_4795,chr14,20989279,20990597,1318
pre_xy_4796,chr14,21024246,21026312,2066
pre_xy_4797,chr14,21068483,21071955,3472
pre_xy_4798,chr14,21097136,21098912,1776
pre_xy_4799,chr14,21103240,21104784,1544
pre_xy_4800,chr14,21268792,21270305,1513
pre_xy_4801,chr14,21308074,21309369,1295
pre_xy_4802,chr14,21383094,21384810,1716
pre_xy_4803,chr14,21436508,21437838,1330
pre_xy_4804,chr14,21454975,21456935,1960
pre_xy_4805,chr14,21476253,21477751,1498
pre_xy_4806,chr14,21510545,21511811,1266
pre_xy_4807,chr14,21525549,21527272,1723
pre_xy_4808,chr14,21536005,21537324,1319
pre_xy_4809,chr14,21556492,21558181,1689
pre_xy_4810,chr14,22556158,22557535,1377
pre_xy_4811,chr14,22588649,22590000,1351
pre_xy_4812,chr14,22597766,22599166,1400
pre_xy_4813,chr14,22765958,22767405,1447
pre_xy_4814,chr14,22822208,22823387,1179
pre_xy_4815,chr14,22829309,22830357,1048
pre_xy_4816,chr14,22836086,22839434,3348
pre_xy_4817,chr14,22847670,22849747,2077
pre_xy_4818,chr14,22852798,22853754,956
pre_xy_4819,chr14,22870982,22872946,1964
pre_xy_4820,chr14,22882586,22883368,782
pre_xy_4821,chr14,22886379,22887674,1295
pre_xy_4822,chr14,22918200,22919799,1599
pre_xy_4823,chr14,22928721,22930798,2077
pre_xy_4824,chr14,22956132,22957610,1478
pre_xy_4825,chr14,22977107,22978314,1207
pre_xy_4826,chr14,22980394,22981003,609
pre_xy_4827,chr14,22981364,22983545,2181
pre_xy_4828,chr14,23006491,23007472,981
pre_xy_4829,chr14,23034211,23035423,1212
pre_xy_4830,chr14,23057051,23058387,1336
pre_xy_4831,chr14,23068475,23069451,976
pre_xy_4832,chr14,23070696,23072663,1967
pre_xy_4833,chr14,23094175,23095998,1823
pre_xy_4834,chr14,23120617,23121822,1205
pre_xy_4835,chr14,23153492,23155582,2090
pre_xy_4836,chr14,23182396,23183985,1589
pre_xy_4837,chr14,23285190,23286833,1643
pre_xy_4838,chr14,23300709,23303001,2292
pre_xy_4839,chr14,23306246,23307324,1078
pre_xy_4840,chr14,23320505,23322638,2133
pre_xy_4841,chr14,23351765,23353134,1369
pre_xy_4842,chr14,23364156,23367022,2866
pre_xy_4843,chr14,23468735,23470017,1282
pre_xy_4844,chr14,23550487,23552157,1670
pre_xy_4845,chr14,23555418,23556493,1075
pre_xy_4846,chr14,23566776,23568028,1252
pre_xy_4847,chr14,23576805,23579279,2474
pre_xy_4848,chr14,23588754,23589575,821
pre_xy_4849,chr14,23631617,23633629,2012
pre_xy_4850,chr14,23693766,23696009,2243
pre_xy_4851,chr14,23749930,23750676,746
pre_xy_4852,chr14,23953063,23954372,1309
pre_xy_4853,chr14,23988210,23989269,1059
pre_xy_4854,chr14,24035776,24037039,1263
pre_xy_4855,chr14,24051306,24052867,1561
pre_xy_4856,chr14,24080832,24081955,1123
pre_xy_4857,chr14,24093667,24095324,1657
pre_xy_4858,chr14,24113467,24115591,2124
pre_xy_4859,chr14,24135487,24136657,1170
pre_xy_4860,chr14,24140485,24142066,1581
pre_xy_4861,chr14,24146227,24147938,1711
pre_xy_4862,chr14,24160455,24162347,1892
pre_xy_4863,chr14,24171238,24173223,1985
pre_xy_4864,chr14,24188029,24189108,1079
pre_xy_4865,chr14,24194862,24196375,1513
pre_xy_4866,chr14,24212521,24213724,1203
pre_xy_4867,chr14,24215429,24216259,830
pre_xy_4868,chr14,24231603,24233222,1619
pre_xy_4869,chr14,24241787,24243445,1658
pre_xy_4870,chr14,24270732,24271935,1203
pre_xy_4871,chr14,24298948,24300220,1272
pre_xy_4872,chr14,24310213,24311660,1447
pre_xy_4873,chr14,24331721,24332973,1252
pre_xy_4874,chr14,24365637,24368389,2752
pre_xy_4875,chr14,24368584,24369233,649
pre_xy_4876,chr14,24397992,24400642,2650
pre_xy_4877,chr14,24429282,24431160,1878
pre_xy_4878,chr14,24441862,24443150,1288
pre_xy_4879,chr14,25048516,25050716,2200
pre_xy_4880,chr14,26596574,26599089,2515
pre_xy_4881,chr14,28765444,28766951,1507
pre_xy_4882,chr14,28773852,28774998,1146
pre_xy_4883,chr14,29650159,29651301,1142
pre_xy_4884,chr14,29926730,29928489,1759
pre_xy_4885,chr14,30558355,30560121,1766
pre_xy_4886,chr14,30621159,30622800,1641
pre_xy_4887,chr14,30873869,30875880,2011
pre_xy_4888,chr14,31024977,31027215,2238
pre_xy_4889,chr14,31206694,31208477,1783
pre_xy_4890,chr14,31419393,31421027,1634
pre_xy_4891,chr14,31456534,31457707,1173
pre_xy_4892,chr14,31560810,31561899,1089
pre_xy_4893,chr14,32075754,32078306,2552
pre_xy_4894,chr14,32200828,32204217,3389
pre_xy_4895,chr14,32932658,32935056,2398
pre_xy_4896,chr14,32938084,32940593,2509
pre_xy_4897,chr14,33949988,33951320,1332
pre_xy_4898,chr14,34059693,34060948,1255
pre_xy_4899,chr14,34461290,34462978,1688
pre_xy_4900,chr14,34538833,34540164,1331
pre_xy_4901,chr14,34629360,34630589,1229
pre_xy_4902,chr14,34713543,34715083,1540
pre_xy_4903,chr14,34872796,34875563,2767
pre_xy_4904,chr14,34981010,34983379,2369
pre_xy_4905,chr14,35045344,35047043,1699
pre_xy_4906,chr14,35121121,35123083,1962
pre_xy_4907,chr14,35291530,35292925,1395
pre_xy_4908,chr14,35341138,35342604,1466
pre_xy_4909,chr14,35403151,35405365,2214
pre_xy_4910,chr14,35533162,35535749,2587
pre_xy_4911,chr14,35808113,35809533,1420
pre_xy_4912,chr14,35825626,35827172,1546
pre_xy_4913,chr14,36319927,36320972,1045
pre_xy_4914,chr14,36580634,36581873,1239
pre_xy_4915,chr14,36646704,36648446,1742
pre_xy_4916,chr14,36661379,36662271,892
pre_xy_4917,chr14,37171697,37172885,1188
pre_xy_4918,chr14,37197043,37198614,1571
pre_xy_4919,chr14,37594190,37596376,2186
pre_xy_4920,chr14,37622014,37623015,1001
pre_xy_4921,chr14,38207500,38209811,2311
pre_xy_4922,chr14,38254972,38256722,1750
pre_xy_4923,chr14,39102193,39103685,1492
pre_xy_4924,chr14,39113773,39114672,899
pre_xy_4925,chr14,39169462,39170801,1339
pre_xy_4926,chr14,39174507,39175906,1399
pre_xy_4927,chr14,39266126,39267978,1852
pre_xy_4928,chr14,39430856,39433378,2522
pre_xy_4929,chr14,41604257,41607201,2944
pre_xy_4930,chr14,41609623,41610246,623
pre_xy_4931,chr14,44896718,44898075,1357
pre_xy_4932,chr14,44960951,44963211,2260
pre_xy_4933,chr14,45083418,45084778,1360
pre_xy_4934,chr14,45133876,45135013,1137
pre_xy_4935,chr14,45135236,45136530,1294
pre_xy_4936,chr14,45252449,45254068,1619
pre_xy_4937,chr14,47673843,47676521,2678
pre_xy_4938,chr14,49585246,49587175,1929
pre_xy_4939,chr14,49598135,49599460,1325
pre_xy_4940,chr14,49619968,49621678,1710
pre_xy_4941,chr14,49633024,49635610,2586
pre_xy_4942,chr14,49687342,49688609,1267
pre_xy_4943,chr14,49692453,49693674,1221
pre_xy_4944,chr14,49767098,49769110,2012
pre_xy_4945,chr14,49852207,49854137,1930
pre_xy_4946,chr14,49861347,49863406,2059
pre_xy_4947,chr14,49867765,49868637,872
pre_xy_4948,chr14,49892011,49894153,2142
pre_xy_4949,chr14,49959716,49960617,901
pre_xy_4950,chr14,50002770,50003961,1191
pre_xy_4951,chr14,50115879,50117155,1276
pre_xy_4952,chr14,50230354,50232470,2116
pre_xy_4953,chr14,50311391,50313009,1618
pre_xy_4954,chr14,50396165,50397670,1505
pre_xy_4955,chr14,50531573,50533513,1940
pre_xy_4956,chr14,50559886,50561308,1422
pre_xy_4957,chr14,50666822,50668968,2146
pre_xy_4958,chr14,50829651,50831819,2168
pre_xy_4959,chr14,50859268,50860833,1565
pre_xy_4960,chr14,50943181,50945180,1999
pre_xy_4961,chr14,51094531,51096115,1584
pre_xy_4962,chr14,51239560,51240809,1249
pre_xy_4963,chr14,51650730,51652873,2143
pre_xy_4964,chr14,51860003,51861506,1503
pre_xy_4965,chr14,51988858,51990304,1446
pre_xy_4966,chr14,52067585,52070050,2465
pre_xy_4967,chr14,52312825,52315635,2810
pre_xy_4968,chr14,52551647,52554187,2540
pre_xy_4969,chr14,52694656,52696129,1473
pre_xy_4970,chr14,52706430,52707902,1472
pre_xy_4971,chr14,52729655,52730849,1194
pre_xy_4972,chr14,52790600,52792236,1636
pre_xy_4973,chr14,52949772,52952001,2229
pre_xy_4974,chr14,53151594,53153746,2152
pre_xy_4975,chr14,53952928,53954680,1752
pre_xy_4976,chr14,53956487,53957053,566
pre_xy_4977,chr14,54353220,54354694,1474
pre_xy_4978,chr14,54396361,54397659,1298
pre_xy_4979,chr14,54440103,54441830,1727
pre_xy_4980,chr14,54450329,54451914,1585
pre_xy_4981,chr14,54487605,54489454,1849
pre_xy_4982,chr14,54509224,54510606,1382
pre_xy_4983,chr14,54564754,54568339,3585
pre_xy_4984,chr14,54651814,54653037,1223
pre_xy_4985,chr14,54773003,54774316,1313
pre_xy_4986,chr14,54901448,54903404,1956
pre_xy_4987,chr14,55026524,55027708,1184
pre_xy_4988,chr14,55050940,55052515,1575
pre_xy_4989,chr14,55128923,55130237,1314
pre_xy_4990,chr14,55190957,55192109,1152
pre_xy_4991,chr14,55270847,55272300,1453
pre_xy_4992,chr14,55411039,55412226,1187
pre_xy_4993,chr14,55579218,55581367,2149
pre_xy_4994,chr14,55806602,55808054,1452
pre_xy_4995,chr14,56117609,56119836,2227
pre_xy_4996,chr14,56579133,56580309,1176
pre_xy_4997,chr14,57268028,57269806,1778
pre_xy_4998,chr14,57389676,57391878,2202
pre_xy_4999,chr14,57865084,57866372,1288
pre_xy_5000,chr14,58150860,58152957,2097
pre_xy_5001,chr14,58199301,58200720,1419
pre_xy_5002,chr14,58238038,58240068,2030
pre_xy_5003,chr14,58243844,58245391,1547
pre_xy_5004,chr14,58297384,58299991,2607
pre_xy_5005,chr14,58395453,58396733,1280
pre_xy_5006,chr14,58426399,58428552,2153
pre_xy_5007,chr14,58636910,58639125,2215
pre_xy_5008,chr14,59187760,59190224,2464
pre_xy_5009,chr14,59463926,59465616,1690
pre_xy_5010,chr14,59483327,59484978,1651
pre_xy_5011,chr14,59576125,59577003,878
pre_xy_5012,chr14,59869286,59871265,1979
pre_xy_5013,chr14,59918803,59920449,1646
pre_xy_5014,chr14,60090857,60092955,2098
pre_xy_5015,chr14,60164438,60165768,1330
pre_xy_5016,chr14,60247753,60250214,2461
pre_xy_5017,chr14,60485095,60486269,1174
pre_xy_5018,chr14,60648321,60649974,1653
pre_xy_5019,chr14,60656496,60657927,1431
pre_xy_5020,chr14,60721289,60724573,3284
pre_xy_5021,chr14,60734339,60735618,1279
pre_xy_5022,chr14,60980432,60981942,1510
pre_xy_5023,chr14,61280086,61281587,1501
pre_xy_5024,chr14,61320750,61322964,2214
pre_xy_5025,chr14,61694806,61696506,1700
pre_xy_5026,chr14,61750671,61751554,883
pre_xy_5027,chr14,61761699,61763551,1852
pre_xy_5028,chr14,61812086,61813508,1422
pre_xy_5029,chr14,62116616,62118177,1561
pre_xy_5030,chr14,63044976,63046315,1339
pre_xy_5031,chr14,63203630,63205229,1599
pre_xy_5032,chr14,63542117,63544134,2017
pre_xy_5033,chr14,63640960,63642613,1653
pre_xy_5034,chr14,63726802,63728547,1745
pre_xy_5035,chr14,63852256,63854204,1948
pre_xy_5036,chr14,64196569,64197498,929
pre_xy_5037,chr14,64292991,64295162,2171
pre_xy_5038,chr14,64337737,64339321,1584
pre_xy_5039,chr14,64387176,64389175,1999
pre_xy_5040,chr14,64464669,64466319,1650
pre_xy_5041,chr14,64502959,64505648,2689
pre_xy_5042,chr14,64539377,64541085,1708
pre_xy_5043,chr14,64703796,64705987,2191
pre_xy_5044,chr14,64761651,64763125,1474
pre_xy_5045,chr14,64764295,64765082,787
pre_xy_5046,chr14,64878611,64880863,2252
pre_xy_5047,chr14,64913721,64914944,1223
pre_xy_5048,chr14,64970835,64972885,2050
pre_xy_5049,chr14,64986317,64987588,1271
pre_xy_5050,chr14,65101620,65103355,1735
pre_xy_5051,chr14,65411394,65413752,2358
pre_xy_5052,chr14,66507281,66509554,2273
pre_xy_5053,chr14,67240253,67242125,1872
pre_xy_5054,chr14,67359115,67360751,1636
pre_xy_5055,chr14,67426033,67427533,1500
pre_xy_5056,chr14,67513630,67515712,2082
pre_xy_5057,chr14,67532564,67534038,1474
pre_xy_5058,chr14,67599449,67601026,1577
pre_xy_5059,chr14,67619304,67620761,1457
pre_xy_5060,chr14,67673746,67675304,1558
pre_xy_5061,chr14,67694404,67695999,1595
pre_xy_5062,chr14,67815786,67817110,1324
pre_xy_5063,chr14,67819345,67820272,927
pre_xy_5064,chr14,68294606,68296047,1441
pre_xy_5065,chr14,68363415,68365338,1923
pre_xy_5066,chr14,68500854,68502597,1743
pre_xy_5067,chr14,68562924,68565485,2561
pre_xy_5068,chr14,68762446,68764166,1720
pre_xy_5069,chr14,68786655,68787571,916
pre_xy_5070,chr14,68788873,68789674,801
pre_xy_5071,chr14,68792804,68793899,1095
pre_xy_5072,chr14,68794127,68794802,675
pre_xy_5073,chr14,68795025,68796366,1341
pre_xy_5074,chr14,68815877,68817022,1145
pre_xy_5075,chr14,68977496,68980115,2619
pre_xy_5076,chr14,69151358,69154175,2817
pre_xy_5077,chr14,69191097,69192160,1063
pre_xy_5078,chr14,69259170,69261633,2463
pre_xy_5079,chr14,69397471,69399064,1593
pre_xy_5080,chr14,69483454,69485165,1711
pre_xy_5081,chr14,69547466,69548423,957
pre_xy_5082,chr14,69571525,69572844,1319
pre_xy_5083,chr14,69610288,69613023,2735
pre_xy_5084,chr14,69726449,69727477,1028
pre_xy_5085,chr14,69766440,69768054,1614
pre_xy_5086,chr14,69772296,69774348,2052
pre_xy_5087,chr14,69878937,69880499,1562
pre_xy_5088,chr14,70186853,70189433,2580
pre_xy_5089,chr14,70254428,70255831,1403
pre_xy_5090,chr14,70358730,70360121,1391
pre_xy_5091,chr14,70600131,70601484,1353
pre_xy_5092,chr14,70640855,70642917,2062
pre_xy_5093,chr14,70808184,70810255,2071
pre_xy_5094,chr14,70821613,70823208,1595
pre_xy_5095,chr14,70906427,70908909,2482
pre_xy_5096,chr14,71197544,71198947,1403
pre_xy_5097,chr14,71319699,71322272,2573
pre_xy_5098,chr14,71752790,71753714,924
pre_xy_5099,chr14,71931653,71933588,1935
pre_xy_5100,chr14,72741773,72742902,1129
pre_xy_5101,chr14,72891693,72895156,3463
pre_xy_5102,chr14,72925072,72927274,2202
pre_xy_5103,chr14,73026321,73027619,1298
pre_xy_5104,chr14,73057711,73059644,1933
pre_xy_5105,chr14,73135908,73137173,1265
pre_xy_5106,chr14,73237081,73239970,2889
pre_xy_5107,chr14,73457262,73459011,1749
pre_xy_5108,chr14,73490474,73492081,1607
pre_xy_5109,chr14,73568403,73570320,1917
pre_xy_5110,chr14,73612147,73613331,1184
pre_xy_5111,chr14,73633177,73634680,1503
pre_xy_5112,chr14,73644192,73645426,1234
pre_xy_5113,chr14,73713320,73714786,1466
pre_xy_5114,chr14,73717811,73719337,1526
pre_xy_5115,chr14,73741347,73742519,1172
pre_xy_5116,chr14,73752442,73754453,2011
pre_xy_5117,chr14,73758314,73760633,2319
pre_xy_5118,chr14,73771389,73772654,1265
pre_xy_5119,chr14,73785312,73787891,2579
pre_xy_5120,chr14,73850969,73852921,1952
pre_xy_5121,chr14,73885924,73887467,1543
pre_xy_5122,chr14,73949524,73950800,1276
pre_xy_5123,chr14,74018125,74020042,1917
pre_xy_5124,chr14,74083814,74085522,1708
pre_xy_5125,chr14,74256995,74258938,1943
pre_xy_5126,chr14,74301687,74303440,1753
pre_xy_5127,chr14,74492730,74494307,1577
pre_xy_5128,chr14,74500789,74501705,916
pre_xy_5129,chr14,74608825,74609397,572
pre_xy_5130,chr14,74610783,74612909,2126
pre_xy_5131,chr14,74647386,74648945,1559
pre_xy_5132,chr14,74712378,74713495,1117
pre_xy_5133,chr14,74762639,74764446,1807
pre_xy_5134,chr14,74881304,74882836,1532
pre_xy_5135,chr14,74922371,74923502,1131
pre_xy_5136,chr14,74954914,74956646,1732
pre_xy_5137,chr14,75002122,75003467,1345
pre_xy_5138,chr14,75050502,75051799,1297
pre_xy_5139,chr14,75063144,75064277,1133
pre_xy_5140,chr14,75068429,75070087,1658
pre_xy_5141,chr14,75126171,75127774,1603
pre_xy_5142,chr14,75175696,75177160,1464
pre_xy_5143,chr14,75258246,75260477,2231
pre_xy_5144,chr14,75276809,75280009,3200
pre_xy_5145,chr14,75280887,75281813,926
pre_xy_5146,chr14,75282162,75284392,2230
pre_xy_5147,chr14,75293663,75295481,1818
pre_xy_5148,chr14,75426666,75428770,2104
pre_xy_5149,chr14,75577526,75579275,1749
pre_xy_5150,chr14,75660444,75661735,1291
pre_xy_5151,chr14,75981393,75983069,1676
pre_xy_5152,chr14,75985381,75986416,1035
pre_xy_5153,chr14,76151446,76152673,1227
pre_xy_5154,chr14,76375625,76377912,2287
pre_xy_5155,chr14,76761039,76762994,1955
pre_xy_5156,chr14,76772300,76773352,1052
pre_xy_5157,chr14,76810646,76813173,2527
pre_xy_5158,chr14,76917963,76920850,2887
pre_xy_5159,chr14,76924216,76925038,822
pre_xy_5160,chr14,76946773,76948571,1798
pre_xy_5161,chr14,76955505,76957699,2194
pre_xy_5162,chr14,77000084,77001099,1015
pre_xy_5163,chr14,77027227,77029093,1866
pre_xy_5164,chr14,77032602,77034377,1775
pre_xy_5165,chr14,77039346,77041156,1810
pre_xy_5166,chr14,77097158,77099150,1992
pre_xy_5167,chr14,77124523,77125706,1183
pre_xy_5168,chr14,77133415,77134299,884
pre_xy_5169,chr14,77140515,77142039,1524
pre_xy_5170,chr14,77180861,77182451,1590
pre_xy_5171,chr14,77320073,77321967,1894
pre_xy_5172,chr14,77376096,77377695,1599
pre_xy_5173,chr14,77456959,77458811,1852
pre_xy_5174,chr14,77497891,77499491,1600
pre_xy_5175,chr14,77615701,77617204,1503
pre_xy_5176,chr14,77707102,77708416,1314
pre_xy_5177,chr14,77760137,77761932,1795
pre_xy_5178,chr14,77799598,77800805,1207
pre_xy_5179,chr14,77965683,77966574,891
pre_xy_5180,chr14,77980517,77981425,908
pre_xy_5181,chr14,79278586,79280339,1753
pre_xy_5182,chr14,80941068,80942348,1280
pre_xy_5183,chr14,80954582,80955983,1401
pre_xy_5184,chr14,81169592,81170915,1323
pre_xy_5185,chr14,81219141,81221626,2485
pre_xy_5186,chr14,81435344,81436866,1522
pre_xy_5187,chr14,81533140,81534300,1160
pre_xy_5188,chr14,85528605,85530232,1627
pre_xy_5189,chr14,85531098,85532376,1278
pre_xy_5190,chr14,85532876,85534153,1277
pre_xy_5191,chr14,87992150,87993566,1416
pre_xy_5192,chr14,88322931,88324142,1211
pre_xy_5193,chr14,88384775,88386315,1540
pre_xy_5194,chr14,88551140,88552263,1123
pre_xy_5195,chr14,88553992,88555498,1506
pre_xy_5196,chr14,88562460,88563878,1418
pre_xy_5197,chr14,88791540,88793554,2014
pre_xy_5198,chr14,88823978,88825394,1416
pre_xy_5199,chr14,89026607,89028097,1490
pre_xy_5200,chr14,89040161,89041580,1419
pre_xy_5201,chr14,89399261,89400125,864
pre_xy_5202,chr14,89415169,89418214,3045
pre_xy_5203,chr14,89617634,89619464,1830
pre_xy_5204,chr14,89700804,89702887,2083
pre_xy_5205,chr14,89912272,89913206,934
pre_xy_5206,chr14,89954201,89956695,2494
pre_xy_5207,chr14,90060107,90062689,2582
pre_xy_5208,chr14,90255993,90257438,1445
pre_xy_5209,chr14,90331029,90332430,1401
pre_xy_5210,chr14,90382428,90384387,1959
pre_xy_5211,chr14,90396427,90398789,2362
pre_xy_5212,chr14,90399502,90399847,345
pre_xy_5213,chr14,90452871,90454878,2007
pre_xy_5214,chr14,90757837,90759220,1383
pre_xy_5215,chr14,90815439,90817016,1577
pre_xy_5216,chr14,90827662,90829234,1572
pre_xy_5217,chr14,91059386,91061298,1912
pre_xy_5218,chr14,91113529,91115468,1939
pre_xy_5219,chr14,91252767,91254225,1458
pre_xy_5220,chr14,91416804,91419129,2325
pre_xy_5221,chr14,91508868,91511101,2233
pre_xy_5222,chr14,91835576,91837070,1494
pre_xy_5223,chr14,91945987,91948185,2198
pre_xy_5224,chr14,92038988,92040962,1974
pre_xy_5225,chr14,92105541,92106936,1395
pre_xy_5226,chr14,92120965,92122709,1744
pre_xy_5227,chr14,92513144,92514810,1666
pre_xy_5228,chr14,92747629,92749018,1389
pre_xy_5229,chr14,92793487,92794961,1474
pre_xy_5230,chr14,92922707,92923904,1197
pre_xy_5231,chr14,93114741,93116474,1733
pre_xy_5232,chr14,93184017,93185523,1506
pre_xy_5233,chr14,93206553,93208159,1606
pre_xy_5234,chr14,93331870,93333587,1717
pre_xy_5235,chr14,93430122,93431601,1479
pre_xy_5236,chr14,93787520,93789422,1902
pre_xy_5237,chr14,93938903,93940021,1118
pre_xy_5238,chr14,94025907,94026935,1028
pre_xy_5239,chr14,94080193,94081656,1463
pre_xy_5240,chr14,94084167,94085132,965
pre_xy_5241,chr14,94128988,94130413,1425
pre_xy_5242,chr14,94173408,94175757,2349
pre_xy_5243,chr14,94935752,94937729,1977
pre_xy_5244,chr14,95156232,95158125,1893
pre_xy_5245,chr14,95318812,95320680,1868
pre_xy_5246,chr14,95515941,95517851,1910
pre_xy_5247,chr14,95534118,95535555,1437
pre_xy_5248,chr14,95700709,95702865,2156
pre_xy_5249,chr14,95875755,95877433,1678
pre_xy_5250,chr14,96038508,96040310,1802
pre_xy_5251,chr14,96203990,96205229,1239
pre_xy_5252,chr14,96362009,96364346,2337
pre_xy_5253,chr14,96391008,96392451,1443
pre_xy_5254,chr14,96501375,96503319,1944
pre_xy_5255,chr14,96592307,96593273,966
pre_xy_5256,chr14,96741084,96741989,905
pre_xy_5257,chr14,96796762,96798278,1516
pre_xy_5258,chr14,97886367,97887402,1035
pre_xy_5259,chr14,99230684,99232544,1860
pre_xy_5260,chr14,99245242,99247150,1908
pre_xy_5261,chr14,99271891,99272621,730
pre_xy_5262,chr14,99273030,99273627,597
pre_xy_5263,chr14,99274127,99275048,921
pre_xy_5264,chr14,99479813,99482039,2226
pre_xy_5265,chr14,99522259,99523722,1463
pre_xy_5266,chr14,99544365,99546835,2470
pre_xy_5267,chr14,99573807,99574994,1187
pre_xy_5268,chr14,99603459,99605625,2166
pre_xy_5269,chr14,99682580,99684766,2186
pre_xy_5270,chr14,99729785,99730957,1172
pre_xy_5271,chr14,99792565,99793955,1390
pre_xy_5272,chr14,99970931,99972607,1676
pre_xy_5273,chr14,100158664,100160089,1425
pre_xy_5274,chr14,100191883,100194049,2166
pre_xy_5275,chr14,100213570,100215003,1433
pre_xy_5276,chr14,100237820,100239289,1469
pre_xy_5277,chr14,100239728,100240787,1059
pre_xy_5278,chr14,100284820,100285999,1179
pre_xy_5279,chr14,100304615,100307576,2961
pre_xy_5280,chr14,100375274,100376758,1484
pre_xy_5281,chr14,100545955,100547092,1137
pre_xy_5282,chr14,100566970,100569132,2162
pre_xy_5283,chr14,100586228,100587646,1418
pre_xy_5284,chr14,100605349,100606756,1407
pre_xy_5285,chr14,100677161,100678864,1703
pre_xy_5286,chr14,100708366,100710024,1658
pre_xy_5287,chr14,100826788,100828729,1941
pre_xy_5288,chr14,100903912,100905171,1259
pre_xy_5289,chr14,101077215,101078070,855
pre_xy_5290,chr14,101102813,101103959,1146
pre_xy_5291,chr14,101456721,101459586,2865
pre_xy_5292,chr14,101559482,101560860,1378
pre_xy_5293,chr14,101760080,101762311,2231
pre_xy_5294,chr14,101809380,101810507,1127
pre_xy_5295,chr14,101947537,101948999,1462
pre_xy_5296,chr14,101963897,101965657,1760
pre_xy_5297,chr14,102062894,102064264,1370
pre_xy_5298,chr14,102077224,102078038,814
pre_xy_5299,chr14,102078366,102079915,1549
pre_xy_5300,chr14,102080295,102081007,712
pre_xy_5301,chr14,102086254,102088800,2546
pre_xy_5302,chr14,102138925,102141284,2359
pre_xy_5303,chr14,102304423,102305570,1147
pre_xy_5304,chr14,102313570,102314677,1107
pre_xy_5305,chr14,102316424,102317642,1218
pre_xy_5306,chr14,102319169,102320406,1237
pre_xy_5307,chr14,102362254,102363926,1672
pre_xy_5308,chr14,102508421,102511097,2676
pre_xy_5309,chr14,102516391,102517768,1377
pre_xy_5310,chr14,102523566,102525636,2070
pre_xy_5311,chr14,102539148,102540797,1649
pre_xy_5312,chr14,102554715,102555877,1162
pre_xy_5313,chr14,102591189,102593889,2700
pre_xy_5314,chr14,102776394,102778562,2168
pre_xy_5315,chr14,102927773,102929515,1742
pre_xy_5316,chr14,103056280,103058405,2125
pre_xy_5317,chr14,103074914,103076033,1119
pre_xy_5318,chr14,103121175,103123822,2647
pre_xy_5319,chr14,103126668,103127735,1067
pre_xy_5320,chr14,103206855,103208186,1331
pre_xy_5321,chr14,103333049,103335540,2491
pre_xy_5322,chr14,103384567,103386839,2272
pre_xy_5323,chr14,103520373,103521898,1525
pre_xy_5324,chr14,103522092,103523382,1290
pre_xy_5325,chr14,103527946,103529507,1561
pre_xy_5326,chr14,103561371,103563325,1954
pre_xy_5327,chr14,103628012,103630132,2120
pre_xy_5328,chr14,103714952,103716521,1569
pre_xy_5329,chr14,103722969,103724564,1595
pre_xy_5330,chr14,103846657,103849018,2361
pre_xy_5331,chr14,103871503,103872868,1365
pre_xy_5332,chr14,103879687,103882842,3155
pre_xy_5333,chr14,103909948,103910684,736
pre_xy_5334,chr14,103920793,103921871,1078
pre_xy_5335,chr14,104116227,104118109,1882
pre_xy_5336,chr14,104137459,104139287,1828
pre_xy_5337,chr14,104158436,104159941,1505
pre_xy_5338,chr14,104205898,104207078,1180
pre_xy_5339,chr14,104222819,104225086,2267
pre_xy_5340,chr14,104382978,104384487,1509
pre_xy_5341,chr14,104423637,104425204,1567
pre_xy_5342,chr14,104460466,104462469,2003
pre_xy_5343,chr14,104603811,104605072,1261
pre_xy_5344,chr14,104649949,104651120,1171
pre_xy_5345,chr14,104676679,104678738,2059
pre_xy_5346,chr14,104680978,104682557,1579
pre_xy_5347,chr14,104688780,104690072,1292
pre_xy_5348,chr14,104723397,104725938,2541
pre_xy_5349,chr14,104752094,104753897,1803
pre_xy_5350,chr14,104768312,104769343,1031
pre_xy_5351,chr14,104794052,104795934,1882
pre_xy_5352,chr14,104799228,104801418,2190
pre_xy_5353,chr14,104815194,104816766,1572
pre_xy_5354,chr14,104825700,104827954,2254
pre_xy_5355,chr14,104863920,104866485,2565
pre_xy_5356,chr14,104931676,104933706,2030
pre_xy_5357,chr14,104967329,104968902,1573
pre_xy_5358,chr14,104977725,104979096,1371
pre_xy_5359,chr14,104985101,104986455,1354
pre_xy_5360,chr14,105020230,105022018,1788
pre_xy_5361,chr14,105045463,105046300,837
pre_xy_5362,chr14,105086641,105088641,2000
pre_xy_5363,chr14,105092603,105094172,1569
pre_xy_5364,chr14,105167280,105169430,2150
pre_xy_5365,chr14,105180614,105181707,1093
pre_xy_5366,chr14,105195553,105196957,1404
pre_xy_5367,chr14,105202829,105203472,643
pre_xy_5368,chr14,105247857,105249489,1632
pre_xy_5369,chr14,105299850,105301828,1978
pre_xy_5370,chr14,105313214,105315750,2536
pre_xy_5371,chr14,105326426,105327757,1331
pre_xy_5372,chr14,105363534,105364689,1155
pre_xy_5373,chr14,105397604,105399025,1421
pre_xy_5374,chr14,105414479,105415398,919
pre_xy_5375,chr14,105419140,105421231,2091
pre_xy_5376,chr14,105473667,105476204,2537
pre_xy_5377,chr14,105480670,105482487,1817
pre_xy_5378,chr14,105489564,105491934,2370
pre_xy_5379,chr14,105525943,105527321,1378
pre_xy_5380,chr14,105527923,105529609,1686
pre_xy_5381,chr15,22785773,22787684,1911
pre_xy_5382,chr15,22837464,22839578,2114
pre_xy_5383,chr15,22844698,22845854,1156
pre_xy_5384,chr15,22978782,22981137,2355
pre_xy_5385,chr15,23038785,23040206,1421
pre_xy_5386,chr15,24772287,24773645,1358
pre_xy_5387,chr15,24954576,24956947,2371
pre_xy_5388,chr15,25437796,25439957,2161
pre_xy_5389,chr15,26081794,26083206,1412
pre_xy_5390,chr15,26771506,26773822,2316
pre_xy_5391,chr15,26866283,26868081,1798
pre_xy_5392,chr15,26891348,26892491,1143
pre_xy_5393,chr15,26970715,26971775,1060
pre_xy_5394,chr15,28020598,28022608,2010
pre_xy_5395,chr15,28095696,28097256,1560
pre_xy_5396,chr15,28098590,28099817,1227
pre_xy_5397,chr15,28105945,28107956,2011
pre_xy_5398,chr15,28831787,28832772,985
pre_xy_5399,chr15,28885193,28887197,2004
pre_xy_5400,chr15,29103030,29104153,1123
pre_xy_5401,chr15,29114773,29116191,1418
pre_xy_5402,chr15,29124108,29125397,1289
pre_xy_5403,chr15,29268700,29270683,1983
pre_xy_5404,chr15,29569811,29572403,2592
pre_xy_5405,chr15,29635421,29637646,2225
pre_xy_5406,chr15,29674511,29675456,945
pre_xy_5407,chr15,29821364,29823226,1862
pre_xy_5408,chr15,30625379,30626886,1507
pre_xy_5409,chr15,30903185,30904264,1079
pre_xy_5410,chr15,30990500,30992423,1923
pre_xy_5411,chr15,31214829,31216824,1995
pre_xy_5412,chr15,31325500,31328783,3283
pre_xy_5413,chr15,31391518,31393728,2210
pre_xy_5414,chr15,31869549,31871314,1765
pre_xy_5415,chr15,32028990,32031153,2163
pre_xy_5416,chr15,32717222,32719602,2380
pre_xy_5417,chr15,33194205,33195391,1186
pre_xy_5418,chr15,33310206,33311885,1679
pre_xy_5419,chr15,34037856,34039724,1868
pre_xy_5420,chr15,34101045,34102401,1356
pre_xy_5421,chr15,34208829,34210381,1552
pre_xy_5422,chr15,34223802,34225644,1842
pre_xy_5423,chr15,34336960,34338297,1337
pre_xy_5424,chr15,34342411,34343450,1039
pre_xy_5425,chr15,34365955,34368001,2046
pre_xy_5426,chr15,34494240,34495928,1688
pre_xy_5427,chr15,34513815,34515553,1738
pre_xy_5428,chr15,34582521,34584365,1844
pre_xy_5429,chr15,34968906,34970083,1177
pre_xy_5430,chr15,34987522,34988875,1353
pre_xy_5431,chr15,35545104,35546754,1650
pre_xy_5432,chr15,36578944,36580123,1179
pre_xy_5433,chr15,36888062,36888991,929
pre_xy_5434,chr15,37035020,37036409,1389
pre_xy_5435,chr15,37100146,37102588,2442
pre_xy_5436,chr15,37110040,37111306,1266
pre_xy_5437,chr15,38072205,38073809,1604
pre_xy_5438,chr15,38251015,38253241,2226
pre_xy_5439,chr15,38453769,38455111,1342
pre_xy_5440,chr15,38563774,38565443,1669
pre_xy_5441,chr15,39438615,39439528,913
pre_xy_5442,chr15,39579480,39581442,1962
pre_xy_5443,chr15,39782128,39783103,975
pre_xy_5444,chr15,39919514,39921322,1808
pre_xy_5445,chr15,39933485,39934903,1418
pre_xy_5446,chr15,40038257,40039622,1365
pre_xy_5447,chr15,40091708,40093567,1859
pre_xy_5448,chr15,40097941,40099224,1283
pre_xy_5449,chr15,40108020,40109915,1895
pre_xy_5450,chr15,40160482,40162330,1848
pre_xy_5451,chr15,40238453,40239651,1198
pre_xy_5452,chr15,40251505,40253346,1841
pre_xy_5453,chr15,40281653,40283385,1732
pre_xy_5454,chr15,40290575,40291702,1127
pre_xy_5455,chr15,40322892,40324834,1942
pre_xy_5456,chr15,40357463,40359003,1540
pre_xy_5457,chr15,40367600,40368596,996
pre_xy_5458,chr15,40382240,40383557,1317
pre_xy_5459,chr15,40405055,40406308,1253
pre_xy_5460,chr15,40420124,40422249,2125
pre_xy_5461,chr15,40435862,40437408,1546
pre_xy_5462,chr15,40439342,40442421,3079
pre_xy_5463,chr15,40469931,40472187,2256
pre_xy_5464,chr15,40506496,40507544,1048
pre_xy_5465,chr15,40511036,40512943,1907
pre_xy_5466,chr15,40564149,40565330,1181
pre_xy_5467,chr15,40568941,40569924,983
pre_xy_5468,chr15,40593485,40594823,1338
pre_xy_5469,chr15,40694001,40695860,1859
pre_xy_5470,chr15,40754486,40755768,1282
pre_xy_5471,chr15,40763146,40764816,1670
pre_xy_5472,chr15,40806723,40807994,1271
pre_xy_5473,chr15,40843388,40844977,1589
pre_xy_5474,chr15,40873231,40874468,1237
pre_xy_5475,chr15,40893631,40895294,1663
pre_xy_5476,chr15,40905954,40907616,1662
pre_xy_5477,chr15,40927953,40930003,2050
pre_xy_5478,chr15,40941152,40942491,1339
pre_xy_5479,chr15,40952596,40953952,1356
pre_xy_5480,chr15,41115097,41116951,1854
pre_xy_5481,chr15,41230435,41231857,1422
pre_xy_5482,chr15,41283316,41285033,1717
pre_xy_5483,chr15,41331819,41333374,1555
pre_xy_5484,chr15,41401953,41403173,1220
pre_xy_5485,chr15,41416267,41418092,1825
pre_xy_5486,chr15,41492775,41496243,3468
pre_xy_5487,chr15,41501123,41503097,1974
pre_xy_5488,chr15,41511083,41514068,2985
pre_xy_5489,chr15,41543576,41544704,1128
pre_xy_5490,chr15,41557614,41558185,571
pre_xy_5491,chr15,41558416,41559669,1253
pre_xy_5492,chr15,41564086,41565178,1092
pre_xy_5493,chr15,41584521,41586057,1536
pre_xy_5494,chr15,41620632,41622263,1631
pre_xy_5495,chr15,41659748,41661001,1253
pre_xy_5496,chr15,41773717,41775057,1340
pre_xy_5497,chr15,41827251,41828802,1551
pre_xy_5498,chr15,41881611,41883588,1977
pre_xy_5499,chr15,41971408,41973111,1703
pre_xy_5500,chr15,42056752,42057873,1121
pre_xy_5501,chr15,42207540,42208548,1008
pre_xy_5502,chr15,42272465,42274532,2067
pre_xy_5503,chr15,42490095,42491454,1359
pre_xy_5504,chr15,42494940,42496129,1189
pre_xy_5505,chr15,42547962,42549408,1446
pre_xy_5506,chr15,42574820,42576411,1591
pre_xy_5507,chr15,42581030,42581763,733
pre_xy_5508,chr15,42621953,42623077,1124
pre_xy_5509,chr15,42736075,42737670,1595
pre_xy_5510,chr15,42919457,42921769,2312
pre_xy_5511,chr15,43105166,43106520,1354
pre_xy_5512,chr15,43122556,43123453,897
pre_xy_5513,chr15,43132862,43134454,1592
pre_xy_5514,chr15,43184647,43186264,1617
pre_xy_5515,chr15,43329329,43330985,1656
pre_xy_5516,chr15,43370025,43371773,1748
pre_xy_5517,chr15,43492369,43493865,1496
pre_xy_5518,chr15,43509644,43511829,2185
pre_xy_5519,chr15,43516811,43518892,2081
pre_xy_5520,chr15,43745737,43747294,1557
pre_xy_5521,chr15,43775401,43777792,2391
pre_xy_5522,chr15,43791535,43793367,1832
pre_xy_5523,chr15,43799844,43801270,1426
pre_xy_5524,chr15,43824211,43824981,770
pre_xy_5525,chr15,44193481,44195740,2259
pre_xy_5526,chr15,44287560,44289458,1898
pre_xy_5527,chr15,44426447,44428102,1655
pre_xy_5528,chr15,44535989,44538045,2056
pre_xy_5529,chr15,44662385,44664014,1629
pre_xy_5530,chr15,44710663,44712891,2228
pre_xy_5531,chr15,44728289,44729663,1374
pre_xy_5532,chr15,44783851,44784998,1147
pre_xy_5533,chr15,45022390,45024069,1679
pre_xy_5534,chr15,45048379,45049658,1279
pre_xy_5535,chr15,45117639,45118446,807
pre_xy_5536,chr15,45128938,45130201,1263
pre_xy_5537,chr15,45166449,45167710,1261
pre_xy_5538,chr15,45186040,45188811,2771
pre_xy_5539,chr15,45198079,45201303,3224
pre_xy_5540,chr15,45278417,45279789,1372
pre_xy_5541,chr15,45377560,45379149,1589
pre_xy_5542,chr15,45385595,45387367,1772
pre_xy_5543,chr15,45401687,45403620,1933
pre_xy_5544,chr15,45457369,45458673,1304
pre_xy_5545,chr15,45471720,45473315,1595
pre_xy_5546,chr15,45521468,45523397,1929
pre_xy_5547,chr15,45586178,45588062,1884
pre_xy_5548,chr15,45634363,45635643,1280
pre_xy_5549,chr15,45704028,45705990,1962
pre_xy_5550,chr15,47183827,47185305,1478
pre_xy_5551,chr15,47651556,47653255,1699
pre_xy_5552,chr15,47716849,47719434,2585
pre_xy_5553,chr15,48176847,48178649,1802
pre_xy_5554,chr15,48330520,48332352,1832
pre_xy_5555,chr15,48644224,48646559,2335
pre_xy_5556,chr15,48810149,48811841,1692
pre_xy_5557,chr15,48877616,48878828,1212
pre_xy_5558,chr15,48962200,48964167,1967
pre_xy_5559,chr15,48975451,48976774,1323
pre_xy_5560,chr15,49045716,49046852,1136
pre_xy_5561,chr15,49154869,49156538,1669
pre_xy_5562,chr15,49169619,49170768,1149
pre_xy_5563,chr15,49620228,49621573,1345
pre_xy_5564,chr15,50353336,50355775,2439
pre_xy_5565,chr15,50423672,50424890,1218
pre_xy_5566,chr15,50685768,50687363,1595
pre_xy_5567,chr15,50764259,50766075,1816
pre_xy_5568,chr15,50907059,50909373,2314
pre_xy_5569,chr15,51076844,51077956,1112
pre_xy_5570,chr15,51093456,51095394,1938
pre_xy_5571,chr15,51621832,51623370,1538
pre_xy_5572,chr15,51736696,51738250,1554
pre_xy_5573,chr15,51750979,51752511,1532
pre_xy_5574,chr15,51829131,51830715,1584
pre_xy_5575,chr15,51878389,51879898,1509
pre_xy_5576,chr15,51970833,51972198,1365
pre_xy_5577,chr15,52018672,52020464,1792
pre_xy_5578,chr15,52111481,52113009,1528
pre_xy_5579,chr15,52178873,52180741,1868
pre_xy_5580,chr15,52294657,52296133,1476
pre_xy_5581,chr15,52527930,52529789,1859
pre_xy_5582,chr15,52567916,52569519,1603
pre_xy_5583,chr15,52677756,52681027,3271
pre_xy_5584,chr15,52789647,52791359,1712
pre_xy_5585,chr15,53522663,53523586,923
pre_xy_5586,chr15,55196058,55197803,1745
pre_xy_5587,chr15,55288909,55290837,1928
pre_xy_5588,chr15,55318476,55319543,1067
pre_xy_5589,chr15,55407474,55408975,1501
pre_xy_5590,chr15,55497711,55498727,1016
pre_xy_5591,chr15,55587436,55589099,1663
pre_xy_5592,chr15,55741465,55743843,2378
pre_xy_5593,chr15,55992594,55994426,1832
pre_xy_5594,chr15,56242650,56244884,2234
pre_xy_5595,chr15,56364786,56366135,1349
pre_xy_5596,chr15,56464426,56465501,1075
pre_xy_5597,chr15,56732029,56733930,1901
pre_xy_5598,chr15,56886407,56888309,1902
pre_xy_5599,chr15,56917725,56920054,2329
pre_xy_5600,chr15,57305957,57307978,2021
pre_xy_5601,chr15,57375925,57377815,1890
pre_xy_5602,chr15,57706136,57707439,1303
pre_xy_5603,chr15,58064869,58066638,1769
pre_xy_5604,chr15,58748500,58750430,1930
pre_xy_5605,chr15,58770435,58772290,1855
pre_xy_5606,chr15,58864181,58865895,1714
pre_xy_5607,chr15,58932727,58934277,1550
pre_xy_5608,chr15,58987029,58988604,1575
pre_xy_5609,chr15,59104557,59105776,1219
pre_xy_5610,chr15,59371405,59373172,1767
pre_xy_5611,chr15,59436646,59438597,1951
pre_xy_5612,chr15,59656886,59658025,1139
pre_xy_5613,chr15,59688400,59690093,1693
pre_xy_5614,chr15,60003804,60005561,1757
pre_xy_5615,chr15,60396938,60399411,2473
pre_xy_5616,chr15,60477930,60479631,1701
pre_xy_5617,chr15,60590937,60593178,2241
pre_xy_5618,chr15,61227176,61229745,2569
pre_xy_5619,chr15,62059599,62061097,1498
pre_xy_5620,chr15,62066565,62068748,2183
pre_xy_5621,chr15,62163820,62165537,1717
pre_xy_5622,chr15,62389868,62392277,2409
pre_xy_5623,chr15,63041848,63043847,1999
pre_xy_5624,chr15,63047844,63049393,1549
pre_xy_5625,chr15,63121301,63122697,1396
pre_xy_5626,chr15,63156547,63158325,1778
pre_xy_5627,chr15,63188758,63190566,1808
pre_xy_5628,chr15,63276655,63278439,1784
pre_xy_5629,chr15,63380580,63382345,1765
pre_xy_5630,chr15,63502979,63505814,2835
pre_xy_5631,chr15,63600065,63601748,1683
pre_xy_5632,chr15,63832966,63834637,1671
pre_xy_5633,chr15,64045797,64047274,1477
pre_xy_5634,chr15,64092953,64094411,1458
pre_xy_5635,chr15,64095526,64096897,1371
pre_xy_5636,chr15,64151182,64152657,1475
pre_xy_5637,chr15,64153245,64153871,626
pre_xy_5638,chr15,64162393,64163922,1529
pre_xy_5639,chr15,64355116,64356732,1616
pre_xy_5640,chr15,64380777,64381995,1218
pre_xy_5641,chr15,64387212,64388185,973
pre_xy_5642,chr15,64460081,64462002,1921
pre_xy_5643,chr15,64702628,64704043,1415
pre_xy_5644,chr15,64774241,64776755,2514
pre_xy_5645,chr15,64823594,64824403,809
pre_xy_5646,chr15,64825123,64826324,1201
pre_xy_5647,chr15,64835388,64836472,1084
pre_xy_5648,chr15,64840777,64842267,1490
pre_xy_5649,chr15,64893432,64895270,1838
pre_xy_5650,chr15,64911177,64912796,1619
pre_xy_5651,chr15,64988781,64990406,1625
pre_xy_5652,chr15,65028807,65029879,1072
pre_xy_5653,chr15,65066701,65068342,1641
pre_xy_5654,chr15,65101260,65102730,1470
pre_xy_5655,chr15,65132289,65134073,1784
pre_xy_5656,chr15,65184202,65185874,1672
pre_xy_5657,chr15,65285929,65287310,1381
pre_xy_5658,chr15,65303487,65305477,1990
pre_xy_5659,chr15,65322829,65323490,661
pre_xy_5660,chr15,65354647,65356294,1647
pre_xy_5661,chr15,65376301,65378599,2298
pre_xy_5662,chr15,65384598,65386422,1824
pre_xy_5663,chr15,65400472,65402207,1735
pre_xy_5664,chr15,65420996,65423281,2285
pre_xy_5665,chr15,65516777,65517955,1178
pre_xy_5666,chr15,65529927,65531492,1565
pre_xy_5667,chr15,65610321,65611783,1462
pre_xy_5668,chr15,65790817,65792803,1986
pre_xy_5669,chr15,65868950,65871164,2214
pre_xy_5670,chr15,65981728,65982618,890
pre_xy_5671,chr15,66080370,66081338,968
pre_xy_5672,chr15,66251821,66254017,2196
pre_xy_5673,chr15,66292955,66294785,1830
pre_xy_5674,chr15,66355816,66357128,1312
pre_xy_5675,chr15,66386179,66388012,1833
pre_xy_5676,chr15,66496978,66498230,1252
pre_xy_5677,chr15,66503839,66505744,1905
pre_xy_5678,chr15,66700690,66702568,1878
pre_xy_5679,chr15,66802152,66803691,1539
pre_xy_5680,chr15,66841978,66843221,1243
pre_xy_5681,chr15,66849782,66852112,2330
pre_xy_5682,chr15,67029694,67030564,870
pre_xy_5683,chr15,67064814,67067296,2482
pre_xy_5684,chr15,67253803,67255183,1380
pre_xy_5685,chr15,67520418,67522063,1645
pre_xy_5686,chr15,67541462,67543695,2233
pre_xy_5687,chr15,67839479,67841402,1923
pre_xy_5688,chr15,67884178,67885200,1022
pre_xy_5689,chr15,67967686,67969370,1684
pre_xy_5690,chr15,68053775,68055676,1901
pre_xy_5691,chr15,68228691,68230312,1621
pre_xy_5692,chr15,68256429,68257444,1015
pre_xy_5693,chr15,68277059,68278997,1938
pre_xy_5694,chr15,68430763,68432461,1698
pre_xy_5695,chr15,68558942,68560239,1297
pre_xy_5696,chr15,68577739,68579823,2084
pre_xy_5697,chr15,68699964,68701127,1163
pre_xy_5698,chr15,68816825,68819175,2350
pre_xy_5699,chr15,68819459,68821512,2053
pre_xy_5700,chr15,68990818,68992581,1763
pre_xy_5701,chr15,69058772,69060483,1711
pre_xy_5702,chr15,69073734,69075233,1499
pre_xy_5703,chr15,69159936,69162043,2107
pre_xy_5704,chr15,69298100,69300465,2365
pre_xy_5705,chr15,69393689,69395179,1490
pre_xy_5706,chr15,69413717,69415156,1439
pre_xy_5707,chr15,69451901,69453547,1646
pre_xy_5708,chr15,69462106,69463512,1406
pre_xy_5709,chr15,70033201,70034140,939
pre_xy_5710,chr15,70061922,70062976,1054
pre_xy_5711,chr15,70097228,70098143,915
pre_xy_5712,chr15,70098633,70099925,1292
pre_xy_5713,chr15,70101087,70101742,655
pre_xy_5714,chr15,70111014,70112204,1190
pre_xy_5715,chr15,70153927,70155335,1408
pre_xy_5716,chr15,70195470,70197017,1547
pre_xy_5717,chr15,70375978,70377651,1673
pre_xy_5718,chr15,70762417,70764216,1799
pre_xy_5719,chr15,70852959,70854821,1862
pre_xy_5720,chr15,70891703,70893246,1543
pre_xy_5721,chr15,71114804,71116354,1550
pre_xy_5722,chr15,72116733,72118795,2062
pre_xy_5723,chr15,72154900,72156392,1492
pre_xy_5724,chr15,72196675,72198092,1417
pre_xy_5725,chr15,72229720,72232366,2646
pre_xy_5726,chr15,72271851,72273103,1252
pre_xy_5727,chr15,72319435,72320691,1256
pre_xy_5728,chr15,72375352,72376799,1447
pre_xy_5729,chr15,72473304,72475584,2280
pre_xy_5730,chr15,72670543,72671349,806
pre_xy_5731,chr15,72685270,72687148,1878
pre_xy_5732,chr15,72782579,72784670,2091
pre_xy_5733,chr15,73051148,73053486,2338
pre_xy_5734,chr15,73367641,73369106,1465
pre_xy_5735,chr15,73631866,73633934,2068
pre_xy_5736,chr15,73683490,73685403,1913
pre_xy_5737,chr15,73752136,73753534,1398
pre_xy_5738,chr15,73925931,73928148,2217
pre_xy_5739,chr15,73950552,73952304,1752
pre_xy_5740,chr15,73991632,73992555,923
pre_xy_5741,chr15,73994246,73995332,1086
pre_xy_5742,chr15,74099751,74100397,646
pre_xy_5743,chr15,74127359,74128465,1106
pre_xy_5744,chr15,74129518,74130607,1089
pre_xy_5745,chr15,74135565,74137742,2177
pre_xy_5746,chr15,74202013,74204424,2411
pre_xy_5747,chr15,74221273,74224104,2831
pre_xy_5748,chr15,74290921,74291982,1061
pre_xy_5749,chr15,74326364,74327308,944
pre_xy_5750,chr15,74365192,74366342,1150
pre_xy_5751,chr15,74373441,74374654,1213
pre_xy_5752,chr15,74433059,74434609,1550
pre_xy_5753,chr15,74460431,74461742,1311
pre_xy_5754,chr15,74540053,74541728,1675
pre_xy_5755,chr15,74545704,74546752,1048
pre_xy_5756,chr15,74597844,74599031,1187
pre_xy_5757,chr15,74609960,74610970,1010
pre_xy_5758,chr15,74614355,74616696,2341
pre_xy_5759,chr15,74695324,74696589,1265
pre_xy_5760,chr15,74781355,74782821,1466
pre_xy_5761,chr15,74825878,74826906,1028
pre_xy_5762,chr15,74842371,74843794,1423
pre_xy_5763,chr15,74872367,74873955,1588
pre_xy_5764,chr15,74888885,74890785,1900
pre_xy_5765,chr15,74905635,74907421,1786
pre_xy_5766,chr15,74937168,74938461,1293
pre_xy_5767,chr15,74954282,74955322,1040
pre_xy_5768,chr15,74955869,74957522,1653
pre_xy_5769,chr15,74994950,74996704,1754
pre_xy_5770,chr15,75022796,75024350,1554
pre_xy_5771,chr15,75042677,75044279,1602
pre_xy_5772,chr15,75064949,75066427,1478
pre_xy_5773,chr15,75180268,75181172,904
pre_xy_5774,chr15,75195177,75196273,1096
pre_xy_5775,chr15,75201121,75202997,1876
pre_xy_5776,chr15,75204607,75205124,517
pre_xy_5777,chr15,75335524,75336681,1157
pre_xy_5778,chr15,75346843,75349148,2305
pre_xy_5779,chr15,75367564,75369138,1574
pre_xy_5780,chr15,75450198,75452682,2484
pre_xy_5781,chr15,75453820,75454842,1022
pre_xy_5782,chr15,75455490,75456155,665
pre_xy_5783,chr15,75577611,75579890,2279
pre_xy_5784,chr15,75624775,75626395,1620
pre_xy_5785,chr15,75639249,75641161,1912
pre_xy_5786,chr15,75646780,75648862,2082
pre_xy_5787,chr15,75672279,75673884,1605
pre_xy_5788,chr15,75693664,75695061,1397
pre_xy_5789,chr15,75712334,75713794,1460
pre_xy_5790,chr15,75723191,75724523,1332
pre_xy_5791,chr15,75731324,75733108,1784
pre_xy_5792,chr15,75737941,75739320,1379
pre_xy_5793,chr15,75757818,75759088,1270
pre_xy_5794,chr15,75801679,75802467,788
pre_xy_5795,chr15,75842584,75844541,1957
pre_xy_5796,chr15,75903316,75904687,1371
pre_xy_5797,chr15,76058862,76060316,1454
pre_xy_5798,chr15,76310492,76311860,1368
pre_xy_5799,chr15,76339849,76341279,1430
pre_xy_5800,chr15,76345966,76347508,1542
pre_xy_5801,chr15,76904389,76906083,1694
pre_xy_5802,chr15,76931164,76932480,1316
pre_xy_5803,chr15,77070146,77071397,1251
pre_xy_5804,chr15,77418749,77421325,2576
pre_xy_5805,chr15,77526738,77529376,2638
pre_xy_5806,chr15,77603652,77604876,1224
pre_xy_5807,chr15,77630844,77631582,738
pre_xy_5808,chr15,77632226,77634128,1902
pre_xy_5809,chr15,77818526,77820566,2040
pre_xy_5810,chr15,77910067,77910981,914
pre_xy_5811,chr15,77943755,77944966,1211
pre_xy_5812,chr15,78076774,78077963,1189
pre_xy_5813,chr15,78130626,78132041,1415
pre_xy_5814,chr15,78148670,78150328,1658
pre_xy_5815,chr15,78263322,78265356,2034
pre_xy_5816,chr15,78298824,78300030,1206
pre_xy_5817,chr15,78308045,78308975,930
pre_xy_5818,chr15,78437151,78439176,2025
pre_xy_5819,chr15,78506732,78508116,1384
pre_xy_5820,chr15,78539869,78541141,1272
pre_xy_5821,chr15,78564924,78566466,1542
pre_xy_5822,chr15,78619865,78621325,1460
pre_xy_5823,chr15,78640353,78641837,1484
pre_xy_5824,chr15,78810054,78812072,2018
pre_xy_5825,chr15,78859758,78860941,1183
pre_xy_5826,chr15,78872072,78874464,2392
pre_xy_5827,chr15,78944138,78945447,1309
pre_xy_5828,chr15,79089317,79091943,2626
pre_xy_5829,chr15,79310473,79311845,1372
pre_xy_5830,chr15,79431054,79432819,1765
pre_xy_5831,chr15,79896075,79897483,1408
pre_xy_5832,chr15,79922526,79924185,1659
pre_xy_5833,chr15,80058786,80060353,1567
pre_xy_5834,chr15,80152099,80153566,1467
pre_xy_5835,chr15,80403544,80405807,2263
pre_xy_5836,chr15,80694334,80696667,2333
pre_xy_5837,chr15,80778825,80781078,2253
pre_xy_5838,chr15,80989043,80990251,1208
pre_xy_5839,chr15,81000144,81003205,3061
pre_xy_5840,chr15,81133562,81134732,1170
pre_xy_5841,chr15,81323581,81324796,1215
pre_xy_5842,chr15,82044205,82047642,3437
pre_xy_5843,chr15,82261904,82263319,1415
pre_xy_5844,chr15,82530135,82531301,1166
pre_xy_5845,chr15,82539668,82541311,1643
pre_xy_5846,chr15,82646890,82648829,1939
pre_xy_5847,chr15,82679827,82681029,1202
pre_xy_5848,chr15,82709022,82710227,1205
pre_xy_5849,chr15,82749536,82751071,1535
pre_xy_5850,chr15,82809007,82810707,1700
pre_xy_5851,chr15,82849327,82851028,1701
pre_xy_5852,chr15,82951790,82953357,1567
pre_xy_5853,chr15,82985416,82986699,1283
pre_xy_5854,chr15,83010647,83012075,1428
pre_xy_5855,chr15,83066121,83067743,1622
pre_xy_5856,chr15,83106625,83108082,1457
pre_xy_5857,chr15,83206531,83208488,1957
pre_xy_5858,chr15,83282789,83285252,2463
pre_xy_5859,chr15,83446775,83448365,1590
pre_xy_5860,chr15,83653248,83654998,1750
pre_xy_5861,chr15,84079386,84080666,1280
pre_xy_5862,chr15,84569656,84571521,1865
pre_xy_5863,chr15,84587637,84588557,920
pre_xy_5864,chr15,84600250,84601403,1153
pre_xy_5865,chr15,84630923,84631749,826
pre_xy_5866,chr15,84633178,84634313,1135
pre_xy_5867,chr15,84653710,84654994,1284
pre_xy_5868,chr15,84657947,84658771,824
pre_xy_5869,chr15,84715348,84717200,1852
pre_xy_5870,chr15,84747373,84749791,2418
pre_xy_5871,chr15,84816806,84818524,1718
pre_xy_5872,chr15,84979726,84982343,2617
pre_xy_5873,chr15,85379789,85381520,1731
pre_xy_5874,chr15,85793579,85795275,1696
pre_xy_5875,chr15,85840055,85840917,862
pre_xy_5876,chr15,88255343,88257822,2479
pre_xy_5877,chr15,88466778,88468147,1369
pre_xy_5878,chr15,88545901,88547024,1123
pre_xy_5879,chr15,88604018,88606096,2078
pre_xy_5880,chr15,88620842,88621808,966
pre_xy_5881,chr15,88638224,88639381,1157
pre_xy_5882,chr15,88802666,88804131,1465
pre_xy_5883,chr15,88894286,88895733,1447
pre_xy_5884,chr15,88911839,88913855,2016
pre_xy_5885,chr15,89087656,89088842,1186
pre_xy_5886,chr15,89243126,89244834,1708
pre_xy_5887,chr15,89334077,89335876,1799
pre_xy_5888,chr15,89358415,89359182,767
pre_xy_5889,chr15,89377528,89379382,1854
pre_xy_5890,chr15,89574673,89576220,1547
pre_xy_5891,chr15,89654385,89655848,1463
pre_xy_5892,chr15,89665370,89666425,1055
pre_xy_5893,chr15,89690075,89691152,1077
pre_xy_5894,chr15,89749884,89751521,1637
pre_xy_5895,chr15,89775951,89777165,1214
pre_xy_5896,chr15,89893329,89894703,1374
pre_xy_5897,chr15,89912013,89913347,1334
pre_xy_5898,chr15,90001146,90002654,1508
pre_xy_5899,chr15,90101113,90102985,1872
pre_xy_5900,chr15,90142849,90143785,936
pre_xy_5901,chr15,90157877,90158791,914
pre_xy_5902,chr15,90183755,90185584,1829
pre_xy_5903,chr15,90191400,90192569,1169
pre_xy_5904,chr15,90200597,90202330,1733
pre_xy_5905,chr15,90233063,90234552,1489
pre_xy_5906,chr15,90248868,90249964,1096
pre_xy_5907,chr15,90264845,90266751,1906
pre_xy_5908,chr15,90351564,90352936,1372
pre_xy_5909,chr15,90387573,90388985,1412
pre_xy_5910,chr15,90400495,90401235,740
pre_xy_5911,chr15,90528846,90531159,2313
pre_xy_5912,chr15,90664706,90666050,1344
pre_xy_5913,chr15,90716486,90717845,1359
pre_xy_5914,chr15,90870928,90872508,1580
pre_xy_5915,chr15,90883431,90885134,1703
pre_xy_5916,chr15,90901472,90904102,2630
pre_xy_5917,chr15,90931660,90932753,1093
pre_xy_5918,chr15,90934770,90935733,963
pre_xy_5919,chr15,90954487,90955423,936
pre_xy_5920,chr15,90956365,90957533,1168
pre_xy_5921,chr15,90993944,90995142,1198
pre_xy_5922,chr15,91021683,91022989,1306
pre_xy_5923,chr15,91099494,91101082,1588
pre_xy_5924,chr15,91852515,91854641,2126
pre_xy_5925,chr15,92393314,92395143,1829
pre_xy_5926,chr15,92655074,92655998,924
pre_xy_5927,chr15,92714008,92715111,1103
pre_xy_5928,chr15,92733316,92734754,1438
pre_xy_5929,chr15,92808214,92810270,2056
pre_xy_5930,chr15,92819057,92820942,1885
pre_xy_5931,chr15,92831152,92833247,2095
pre_xy_5932,chr15,92881839,92883870,2031
pre_xy_5933,chr15,92899895,92900642,747
pre_xy_5934,chr15,92903678,92904873,1195
pre_xy_5935,chr15,93071543,93074055,2512
pre_xy_5936,chr15,93087718,93090334,2616
pre_xy_5937,chr15,94230498,94232072,1574
pre_xy_5938,chr15,94843994,94845526,1532
pre_xy_5939,chr15,95325304,95327351,2047
pre_xy_5940,chr15,95363514,95364278,764
pre_xy_5941,chr15,95451718,95452396,678
pre_xy_5942,chr15,96052649,96054341,1692
pre_xy_5943,chr15,96179987,96181156,1169
pre_xy_5944,chr15,96321089,96323416,2327
pre_xy_5945,chr15,96326790,96327568,778
pre_xy_5946,chr15,96330023,96331664,1641
pre_xy_5947,chr15,96340308,96341927,1619
pre_xy_5948,chr15,96353673,96355310,1637
pre_xy_5949,chr15,96356690,96357438,748
pre_xy_5950,chr15,96359867,96360854,987
pre_xy_5951,chr15,96415999,96417541,1542
pre_xy_5952,chr15,97959782,97961592,1810
pre_xy_5953,chr15,98420503,98422257,1754
pre_xy_5954,chr15,98428014,98428965,951
pre_xy_5955,chr15,98547257,98549002,1745
pre_xy_5956,chr15,98646934,98649181,2247
pre_xy_5957,chr15,98649610,98650928,1318
pre_xy_5958,chr15,98776316,98777644,1328
pre_xy_5959,chr15,98799248,98801559,2311
pre_xy_5960,chr15,98851825,98853509,1684
pre_xy_5961,chr15,99014141,99016006,1865
pre_xy_5962,chr15,99058516,99059952,1436
pre_xy_5963,chr15,99104596,99106278,1682
pre_xy_5964,chr15,99250694,99251910,1216
pre_xy_5965,chr15,99472124,99474560,2436
pre_xy_5966,chr15,99485378,99487309,1931
pre_xy_5967,chr15,99507136,99508463,1327
pre_xy_5968,chr15,99564101,99567234,3133
pre_xy_5969,chr15,99731500,99733918,2418
pre_xy_5970,chr15,100340759,100342370,1611
pre_xy_5971,chr15,100349387,100350843,1456
pre_xy_5972,chr15,100601475,100603347,1872
pre_xy_5973,chr15,100878985,100880787,1802
pre_xy_5974,chr15,100917782,100920070,2288
pre_xy_5975,chr15,101250584,101252600,2016
pre_xy_5976,chr15,101276306,101277891,1585
pre_xy_5977,chr15,101293885,101296318,2433
pre_xy_5978,chr15,101450286,101452187,1901
pre_xy_5979,chr15,101488102,101490170,2068
pre_xy_5980,chr15,101615289,101616888,1599
pre_xy_5981,chr15,101651622,101653095,1473
pre_xy_5982,chr15,101723231,101724804,1573
pre_xy_5983,chr16,52880,54268,1388
pre_xy_5984,chr16,71410,72958,1548
pre_xy_5985,chr16,77224,78900,1676
pre_xy_5986,chr16,137869,138960,1091
pre_xy_5987,chr16,180162,181717,1555
pre_xy_5988,chr16,228557,229637,1080
pre_xy_5989,chr16,234224,235786,1562
pre_xy_5990,chr16,351855,353699,1844
pre_xy_5991,chr16,369932,371063,1131
pre_xy_5992,chr16,380828,382723,1895
pre_xy_5993,chr16,387811,388806,995
pre_xy_5994,chr16,396120,398370,2250
pre_xy_5995,chr16,401262,402240,978
pre_xy_5996,chr16,423914,426845,2931
pre_xy_5997,chr16,526366,528708,2342
pre_xy_5998,chr16,565568,566446,878
pre_xy_5999,chr16,566552,567372,820
pre_xy_6000,chr16,569311,570355,1044
pre_xy_6001,chr16,588557,590571,2014
pre_xy_6002,chr16,629279,631394,2115
pre_xy_6003,chr16,635872,637476,1604
pre_xy_6004,chr16,641444,642918,1474
pre_xy_6005,chr16,648510,649899,1389
pre_xy_6006,chr16,660188,661637,1449
pre_xy_6007,chr16,667478,669096,1618
pre_xy_6008,chr16,679267,680835,1568
pre_xy_6009,chr16,683865,684687,822
pre_xy_6010,chr16,700294,701330,1036
pre_xy_6011,chr16,714560,715967,1407
pre_xy_6012,chr16,719902,721804,1902
pre_xy_6013,chr16,726764,728844,2080
pre_xy_6014,chr16,739964,741480,1516
pre_xy_6015,chr16,787666,789068,1402
pre_xy_6016,chr16,800019,801410,1391
pre_xy_6017,chr16,806957,808096,1139
pre_xy_6018,chr16,969683,971462,1779
pre_xy_6019,chr16,980491,982354,1863
pre_xy_6020,chr16,1019038,1020146,1108
pre_xy_6021,chr16,1089495,1091660,2165
pre_xy_6022,chr16,1125080,1125909,829
pre_xy_6023,chr16,1152106,1153259,1153
pre_xy_6024,chr16,1159382,1160727,1345
pre_xy_6025,chr16,1181957,1182727,770
pre_xy_6026,chr16,1308482,1310262,1780
pre_xy_6027,chr16,1311378,1312191,813
pre_xy_6028,chr16,1331698,1332582,884
pre_xy_6029,chr16,1342398,1343872,1474
pre_xy_6030,chr16,1351255,1352335,1080
pre_xy_6031,chr16,1378685,1380096,1411
pre_xy_6032,chr16,1407652,1408763,1111
pre_xy_6033,chr16,1413472,1415305,1833
pre_xy_6034,chr16,1420011,1421480,1469
pre_xy_6035,chr16,1474034,1475646,1612
pre_xy_6036,chr16,1492716,1494996,2280
pre_xy_6037,chr16,1609987,1611279,1292
pre_xy_6038,chr16,1611630,1612836,1206
pre_xy_6039,chr16,1650661,1653165,2504
pre_xy_6040,chr16,1677818,1679079,1261
pre_xy_6041,chr16,1705115,1707459,2344
pre_xy_6042,chr16,1770361,1771925,1564
pre_xy_6043,chr16,1772616,1774112,1496
pre_xy_6044,chr16,1781696,1783570,1874
pre_xy_6045,chr16,1825968,1827758,1790
pre_xy_6046,chr16,1929110,1930227,1117
pre_xy_6047,chr16,1942632,1943689,1057
pre_xy_6048,chr16,1958795,1960054,1259
pre_xy_6049,chr16,1963889,1965612,1723
pre_xy_6050,chr16,1971391,1972910,1519
pre_xy_6051,chr16,1983355,1984781,1426
pre_xy_6052,chr16,1991824,1992870,1046
pre_xy_6053,chr16,2003665,2004305,640
pre_xy_6054,chr16,2008702,2010483,1781
pre_xy_6055,chr16,2019420,2020803,1383
pre_xy_6056,chr16,2022662,2023796,1134
pre_xy_6057,chr16,2046968,2048433,1465
pre_xy_6058,chr16,2081333,2083436,2103
pre_xy_6059,chr16,2090524,2091867,1343
pre_xy_6060,chr16,2135140,2136444,1304
pre_xy_6061,chr16,2147641,2149053,1412
pre_xy_6062,chr16,2153236,2153879,643
pre_xy_6063,chr16,2154895,2156656,1761
pre_xy_6064,chr16,2194894,2197060,2166
pre_xy_6065,chr16,2204381,2206289,1908
pre_xy_6066,chr16,2214270,2215488,1218
pre_xy_6067,chr16,2222904,2224298,1394
pre_xy_6068,chr16,2250846,2252089,1243
pre_xy_6069,chr16,2267495,2269104,1609
pre_xy_6070,chr16,2339494,2341306,1812
pre_xy_6071,chr16,2364403,2366507,2104
pre_xy_6072,chr16,2428287,2429965,1678
pre_xy_6073,chr16,2459335,2460546,1211
pre_xy_6074,chr16,2467342,2468627,1285
pre_xy_6075,chr16,2470791,2471549,758
pre_xy_6076,chr16,2473589,2475969,2380
pre_xy_6077,chr16,2500837,2502049,1212
pre_xy_6078,chr16,2502455,2503218,763
pre_xy_6079,chr16,2512628,2514958,2330
pre_xy_6080,chr16,2531424,2533051,1627
pre_xy_6081,chr16,2537353,2538323,970
pre_xy_6082,chr16,2593179,2594055,876
pre_xy_6083,chr16,2602860,2604043,1183
pre_xy_6084,chr16,2663296,2665161,1865
pre_xy_6085,chr16,2672992,2673959,967
pre_xy_6086,chr16,2681794,2683088,1294
pre_xy_6087,chr16,2715202,2715947,745
pre_xy_6088,chr16,2720645,2721665,1020
pre_xy_6089,chr16,2751643,2753448,1805
pre_xy_6090,chr16,2776553,2778485,1932
pre_xy_6091,chr16,2867723,2868735,1012
pre_xy_6092,chr16,2881973,2884255,2282
pre_xy_6093,chr16,2903950,2906174,2224
pre_xy_6094,chr16,2911311,2913038,1727
pre_xy_6095,chr16,2963119,2964362,1243
pre_xy_6096,chr16,2968632,2970436,1804
pre_xy_6097,chr16,2979822,2982110,2288
pre_xy_6098,chr16,3003559,3005010,1451
pre_xy_6099,chr16,3020084,3021664,1580
pre_xy_6100,chr16,3023271,3024478,1207
pre_xy_6101,chr16,3027985,3028561,576
pre_xy_6102,chr16,3045309,3047522,2213
pre_xy_6103,chr16,3058149,3059755,1606
pre_xy_6104,chr16,3099622,3100497,875
pre_xy_6105,chr16,3105871,3106971,1100
pre_xy_6106,chr16,3111980,3113591,1611
pre_xy_6107,chr16,3123596,3124942,1346
pre_xy_6108,chr16,3134281,3135489,1208
pre_xy_6109,chr16,3149339,3151024,1685
pre_xy_6110,chr16,3152253,3153059,806
pre_xy_6111,chr16,3156681,3159277,2596
pre_xy_6112,chr16,3234529,3235578,1049
pre_xy_6113,chr16,3263532,3265097,1565
pre_xy_6114,chr16,3282185,3283957,1772
pre_xy_6115,chr16,3304811,3306064,1253
pre_xy_6116,chr16,3364538,3366076,1538
pre_xy_6117,chr16,3400265,3401647,1382
pre_xy_6118,chr16,3442567,3444351,1784
pre_xy_6119,chr16,3457325,3459302,1977
pre_xy_6120,chr16,3499834,3501512,1678
pre_xy_6121,chr16,3610793,3612211,1418
pre_xy_6122,chr16,3716670,3717979,1309
pre_xy_6123,chr16,3879284,3881489,2205
pre_xy_6124,chr16,3982008,3983437,1429
pre_xy_6125,chr16,4114962,4116977,2015
pre_xy_6126,chr16,4182974,4184671,1697
pre_xy_6127,chr16,4253130,4254339,1209
pre_xy_6128,chr16,4271060,4274306,3246
pre_xy_6129,chr16,4293539,4294445,906
pre_xy_6130,chr16,4306979,4308197,1218
pre_xy_6131,chr16,4314658,4317772,3114
pre_xy_6132,chr16,4327319,4329359,2040
pre_xy_6133,chr16,4350625,4351641,1016
pre_xy_6134,chr16,4370545,4372313,1768
pre_xy_6135,chr16,4373167,4374646,1479
pre_xy_6136,chr16,4392169,4393555,1386
pre_xy_6137,chr16,4402304,4403165,861
pre_xy_6138,chr16,4415288,4417031,1743
pre_xy_6139,chr16,4424832,4426375,1543
pre_xy_6140,chr16,4474037,4474823,786
pre_xy_6141,chr16,4475967,4477225,1258
pre_xy_6142,chr16,4537586,4539064,1478
pre_xy_6143,chr16,4613840,4615445,1605
pre_xy_6144,chr16,4615749,4616838,1089
pre_xy_6145,chr16,4624175,4625779,1604
pre_xy_6146,chr16,4659946,4660999,1053
pre_xy_6147,chr16,4692925,4694643,1718
pre_xy_6148,chr16,4733738,4735286,1548
pre_xy_6149,chr16,4766494,4767511,1017
pre_xy_6150,chr16,4768117,4769042,925
pre_xy_6151,chr16,4801484,4803214,1730
pre_xy_6152,chr16,4846402,4848491,2089
pre_xy_6153,chr16,4936065,4937541,1476
pre_xy_6154,chr16,4957406,4958584,1178
pre_xy_6155,chr16,5024512,5025743,1231
pre_xy_6156,chr16,5032999,5034093,1094
pre_xy_6157,chr16,5071302,5072625,1323
pre_xy_6158,chr16,5096989,5098907,1918
pre_xy_6159,chr16,6018833,6020965,2132
pre_xy_6160,chr16,6482695,6484048,1353
pre_xy_6161,chr16,8567437,8568276,839
pre_xy_6162,chr16,8588772,8590626,1854
pre_xy_6163,chr16,8621169,8622581,1412
pre_xy_6164,chr16,8673946,8674852,906
pre_xy_6165,chr16,8720209,8722264,2055
pre_xy_6166,chr16,8797047,8798370,1323
pre_xy_6167,chr16,8866249,8867917,1668
pre_xy_6168,chr16,8868124,8869359,1235
pre_xy_6169,chr16,8962450,8964450,2000
pre_xy_6170,chr16,9090036,9093264,3228
pre_xy_6171,chr16,9489438,9490536,1098
pre_xy_6172,chr16,10038826,10040000,1174
pre_xy_6173,chr16,10180700,10182123,1423
pre_xy_6174,chr16,10182165,10183559,1394
pre_xy_6175,chr16,10385621,10386691,1070
pre_xy_6176,chr16,10577359,10579217,1858
pre_xy_6177,chr16,10579649,10580965,1316
pre_xy_6178,chr16,10743383,10744662,1279
pre_xy_6179,chr16,10817910,10818951,1041
pre_xy_6180,chr16,10941913,10942728,815
pre_xy_6181,chr16,10943669,10944925,1256
pre_xy_6182,chr16,11254826,11256969,2143
pre_xy_6183,chr16,11344941,11345943,1002
pre_xy_6184,chr16,11585654,11587879,2225
pre_xy_6185,chr16,11667826,11669312,1486
pre_xy_6186,chr16,11741836,11743420,1584
pre_xy_6187,chr16,11796251,11798206,1955
pre_xy_6188,chr16,11850830,11852297,1467
pre_xy_6189,chr16,11914711,11916414,1703
pre_xy_6190,chr16,11976011,11978007,1996
pre_xy_6191,chr16,12803153,12804132,979
pre_xy_6192,chr16,13919105,13920669,1564
pre_xy_6193,chr16,14050319,14051097,778
pre_xy_6194,chr16,14070465,14072090,1625
pre_xy_6195,chr16,14185563,14187288,1725
pre_xy_6196,chr16,14284981,14287091,2110
pre_xy_6197,chr16,14300770,14304173,3403
pre_xy_6198,chr16,14629489,14630509,1020
pre_xy_6199,chr16,14632376,14633545,1169
pre_xy_6200,chr16,14633765,14634293,528
pre_xy_6201,chr16,14974382,14976101,1719
pre_xy_6202,chr16,15055213,15056547,1334
pre_xy_6203,chr16,15093801,15094867,1066
pre_xy_6204,chr16,15153895,15155267,1372
pre_xy_6205,chr16,15434039,15435359,1320
pre_xy_6206,chr16,15642413,15643812,1399
pre_xy_6207,chr16,15649615,15651122,1507
pre_xy_6208,chr16,15887893,15889093,1200
pre_xy_6209,chr16,15925109,15926355,1246
pre_xy_6210,chr16,15948954,15950128,1174
pre_xy_6211,chr16,17469972,17471921,1949
pre_xy_6212,chr16,18789507,18790768,1261
pre_xy_6213,chr16,18800319,18802142,1823
pre_xy_6214,chr16,18925304,18927176,1872
pre_xy_6215,chr16,18983545,18984472,927
pre_xy_6216,chr16,19066989,19068471,1482
pre_xy_6217,chr16,19113385,19115360,1975
pre_xy_6218,chr16,19167542,19169203,1661
pre_xy_6219,chr16,19521392,19522318,926
pre_xy_6220,chr16,19523434,19524565,1131
pre_xy_6221,chr16,19554822,19556506,1684
pre_xy_6222,chr16,19717378,19719046,1668
pre_xy_6223,chr16,19883220,19886567,3347
pre_xy_6224,chr16,20673803,20676821,3018
pre_xy_6225,chr16,20740738,20742141,1403
pre_xy_6226,chr16,20805726,20807334,1608
pre_xy_6227,chr16,20899096,20901762,2666
pre_xy_6228,chr16,21158132,21159905,1773
pre_xy_6229,chr16,21277723,21278691,968
pre_xy_6230,chr16,21283313,21284197,884
pre_xy_6231,chr16,21300235,21302844,2609
pre_xy_6232,chr16,21501318,21502712,1394
pre_xy_6233,chr16,21519712,21520748,1036
pre_xy_6234,chr16,21598547,21600734,2187
pre_xy_6235,chr16,21819955,21821071,1116
pre_xy_6236,chr16,21952155,21953818,1663
pre_xy_6237,chr16,22007204,22009118,1914
pre_xy_6238,chr16,22189463,22191594,2131
pre_xy_6239,chr16,22195463,22196256,793
pre_xy_6240,chr16,22205654,22207437,1783
pre_xy_6241,chr16,22296760,22298707,1947
pre_xy_6242,chr16,22373670,22375345,1675
pre_xy_6243,chr16,22436426,22437656,1230
pre_xy_6244,chr16,22812952,22814967,2015
pre_xy_6245,chr16,23148458,23149948,1490
pre_xy_6246,chr16,23452284,23453562,1278
pre_xy_6247,chr16,23508691,23510861,2170
pre_xy_6248,chr16,23556840,23558271,1431
pre_xy_6249,chr16,23595309,23596610,1301
pre_xy_6250,chr16,23640315,23642147,1832
pre_xy_6251,chr16,23678161,23679793,1632
pre_xy_6252,chr16,23835347,23837282,1935
pre_xy_6253,chr16,24255487,24256388,901
pre_xy_6254,chr16,24538848,24541023,2175
pre_xy_6255,chr16,24609516,24610804,1288
pre_xy_6256,chr16,24670509,24671567,1058
pre_xy_6257,chr16,24729041,24731047,2006
pre_xy_6258,chr16,25014107,25015778,1671
pre_xy_6259,chr16,25031179,25032188,1009
pre_xy_6260,chr16,25066361,25067631,1270
pre_xy_6261,chr16,25106385,25107427,1042
pre_xy_6262,chr16,25111059,25112261,1202
pre_xy_6263,chr16,25256708,25258700,1992
pre_xy_6264,chr16,25691466,25693400,1934
pre_xy_6265,chr16,27109510,27110530,1020
pre_xy_6266,chr16,27202922,27204440,1518
pre_xy_6267,chr16,27267883,27269157,1274
pre_xy_6268,chr16,27549020,27550527,1507
pre_xy_6269,chr16,28010864,28012364,1500
pre_xy_6270,chr16,28062734,28063918,1184
pre_xy_6271,chr16,28210771,28212465,1694
pre_xy_6272,chr16,28277498,28278440,942
pre_xy_6273,chr16,28291628,28293603,1975
pre_xy_6274,chr16,28491210,28492460,1250
pre_xy_6275,chr16,28553447,28554798,1351
pre_xy_6276,chr16,28572252,28574418,2166
pre_xy_6277,chr16,28822434,28824585,2151
pre_xy_6278,chr16,28845807,28847192,1385
pre_xy_6279,chr16,28862790,28864936,2146
pre_xy_6280,chr16,28879401,28880653,1252
pre_xy_6281,chr16,28923745,28926103,2358
pre_xy_6282,chr16,28945201,28945975,774
pre_xy_6283,chr16,28950284,28951645,1361
pre_xy_6284,chr16,28973804,28975436,1632
pre_xy_6285,chr16,29156665,29158266,1601
pre_xy_6286,chr16,29594324,29595795,1471
pre_xy_6287,chr16,29612992,29613987,995
pre_xy_6288,chr16,29678783,29680018,1235
pre_xy_6289,chr16,29789846,29791319,1473
pre_xy_6290,chr16,29804794,29806774,1980
pre_xy_6291,chr16,29807419,29808153,734
pre_xy_6292,chr16,29810957,29812522,1565
pre_xy_6293,chr16,29815563,29817038,1475
pre_xy_6294,chr16,29826259,29827559,1300
pre_xy_6295,chr16,29862308,29863834,1526
pre_xy_6296,chr16,29898917,29901062,2145
pre_xy_6297,chr16,29925235,29927023,1788
pre_xy_6298,chr16,29942772,29944579,1807
pre_xy_6299,chr16,29961284,29962941,1657
pre_xy_6300,chr16,29973187,29974318,1131
pre_xy_6301,chr16,29994838,29996556,1718
pre_xy_6302,chr16,30010032,30011790,1758
pre_xy_6303,chr16,30020854,30021934,1080
pre_xy_6304,chr16,30052582,30053995,1413
pre_xy_6305,chr16,30063882,30066578,2696
pre_xy_6306,chr16,30075202,30076571,1369
pre_xy_6307,chr16,30091254,30092954,1700
pre_xy_6308,chr16,30095750,30096618,868
pre_xy_6309,chr16,30121773,30123598,1825
pre_xy_6310,chr16,30182702,30183993,1291
pre_xy_6311,chr16,30334336,30336004,1668
pre_xy_6312,chr16,30354474,30356004,1530
pre_xy_6313,chr16,30369700,30371387,1687
pre_xy_6314,chr16,30377317,30379306,1989
pre_xy_6315,chr16,30394298,30396086,1788
pre_xy_6316,chr16,30399762,30400950,1188
pre_xy_6317,chr16,30406836,30408048,1212
pre_xy_6318,chr16,30417304,30418602,1298
pre_xy_6319,chr16,30428823,30430689,1866
pre_xy_6320,chr16,30445028,30446155,1127
pre_xy_6321,chr16,30526020,30528042,2022
pre_xy_6322,chr16,30533806,30535998,2192
pre_xy_6323,chr16,30557289,30558779,1490
pre_xy_6324,chr16,30570680,30572455,1775
pre_xy_6325,chr16,30584933,30586200,1267
pre_xy_6326,chr16,30609277,30610707,1430
pre_xy_6327,chr16,30633851,30635090,1239
pre_xy_6328,chr16,30649841,30651942,2101
pre_xy_6329,chr16,30657522,30659762,2240
pre_xy_6330,chr16,30697534,30699493,1959
pre_xy_6331,chr16,30747652,30748946,1294
pre_xy_6332,chr16,30761186,30762626,1440
pre_xy_6333,chr16,30774592,30776337,1745
pre_xy_6334,chr16,30785903,30787749,1846
pre_xy_6335,chr16,30805079,30806688,1609
pre_xy_6336,chr16,30813789,30814780,991
pre_xy_6337,chr16,30874433,30876832,2399
pre_xy_6338,chr16,30893496,30894543,1047
pre_xy_6339,chr16,30895787,30897301,1514
pre_xy_6340,chr16,30901681,30902864,1183
pre_xy_6341,chr16,30921561,30923876,2315
pre_xy_6342,chr16,30947693,30949550,1857
pre_xy_6343,chr16,30956924,30958618,1694
pre_xy_6344,chr16,30984603,30985737,1134
pre_xy_6345,chr16,30996256,30998773,2517
pre_xy_6346,chr16,31032589,31034487,1898
pre_xy_6347,chr16,31041960,31042789,829
pre_xy_6348,chr16,31072604,31074874,2270
pre_xy_6349,chr16,31093888,31095138,1250
pre_xy_6350,chr16,31108032,31109141,1109
pre_xy_6351,chr16,31116897,31118676,1779
pre_xy_6352,chr16,31133831,31135907,2076
pre_xy_6353,chr16,31141478,31143110,1632
pre_xy_6354,chr16,31179320,31181417,2097
pre_xy_6355,chr16,31201456,31203097,1641
pre_xy_6356,chr16,31214482,31216256,1774
pre_xy_6357,chr16,31228770,31230529,1759
pre_xy_6358,chr16,31441926,31443380,1454
pre_xy_6359,chr16,31457934,31460261,2327
pre_xy_6360,chr16,31471598,31473199,1601
pre_xy_6361,chr16,31475853,31478172,2319
pre_xy_6362,chr16,31487163,31488872,1709
pre_xy_6363,chr16,31507583,31509139,1556
pre_xy_6364,chr16,31700088,31701620,1532
pre_xy_6365,chr16,31712802,31714078,1276
pre_xy_6366,chr16,31873178,31874878,1700
pre_xy_6367,chr16,46620307,46621785,1478
pre_xy_6368,chr16,46688231,46690345,2114
pre_xy_6369,chr16,46829815,46831783,1968
pre_xy_6370,chr16,46883392,46885302,1910
pre_xy_6371,chr16,46972444,46974111,1667
pre_xy_6372,chr16,47037228,47038318,1090
pre_xy_6373,chr16,47142536,47144705,2169
pre_xy_6374,chr16,47460335,47462191,1856
pre_xy_6375,chr16,48243763,48245111,1348
pre_xy_6376,chr16,48365025,48366796,1771
pre_xy_6377,chr16,48383889,48386145,2256
pre_xy_6378,chr16,48609275,48610625,1350
pre_xy_6379,chr16,48622800,48623979,1179
pre_xy_6380,chr16,49281436,49282609,1173
pre_xy_6381,chr16,49491613,49492793,1180
pre_xy_6382,chr16,49620004,49621856,1852
pre_xy_6383,chr16,49638163,49640981,2818
pre_xy_6384,chr16,49700181,49701333,1152
pre_xy_6385,chr16,49834331,49835895,1564
pre_xy_6386,chr16,49854967,49856268,1301
pre_xy_6387,chr16,49856610,49857428,818
pre_xy_6388,chr16,49857637,49859502,1865
pre_xy_6389,chr16,50024667,50025984,1317
pre_xy_6390,chr16,50065512,50066745,1233
pre_xy_6391,chr16,50152335,50154564,2229
pre_xy_6392,chr16,50245383,50247012,1629
pre_xy_6393,chr16,50367941,50369313,1372
pre_xy_6394,chr16,50467574,50468664,1090
pre_xy_6395,chr16,50547351,50549402,2051
pre_xy_6396,chr16,50741255,50742733,1478
pre_xy_6397,chr16,50805981,50806855,874
pre_xy_6398,chr16,51150247,51152899,2652
pre_xy_6399,chr16,51187256,51188596,1340
pre_xy_6400,chr16,51244625,51246390,1765
pre_xy_6401,chr16,52545184,52547726,2542
pre_xy_6402,chr16,53054323,53056033,1710
pre_xy_6403,chr16,53098504,53100260,1756
pre_xy_6404,chr16,53129821,53131993,2172
pre_xy_6405,chr16,53207745,53208672,927
pre_xy_6406,chr16,53433917,53435710,1793
pre_xy_6407,chr16,53502236,53504511,2275
pre_xy_6408,chr16,53703393,53704432,1039
pre_xy_6409,chr16,54286062,54287218,1156
pre_xy_6410,chr16,54928353,54929682,1329
pre_xy_6411,chr16,54930133,54931344,1211
pre_xy_6412,chr16,55323353,55325192,1839
pre_xy_6413,chr16,55478309,55480809,2500
pre_xy_6414,chr16,55508368,55510037,1669
pre_xy_6415,chr16,56190559,56191948,1389
pre_xy_6416,chr16,56194132,56194921,789
pre_xy_6417,chr16,56317934,56318890,956
pre_xy_6418,chr16,56344449,56345468,1019
pre_xy_6419,chr16,56356141,56357685,1544
pre_xy_6420,chr16,56424272,56425869,1597
pre_xy_6421,chr16,56450380,56452417,2037
pre_xy_6422,chr16,56519300,56520477,1177
pre_xy_6423,chr16,56588888,56589940,1052
pre_xy_6424,chr16,56608052,56608747,695
pre_xy_6425,chr16,56657252,56658537,1285
pre_xy_6426,chr16,56681784,56683231,1447
pre_xy_6427,chr16,56729081,56730677,1596
pre_xy_6428,chr16,56930995,56933244,2249
pre_xy_6429,chr16,56988228,56989969,1741
pre_xy_6430,chr16,57091372,57093380,2008
pre_xy_6431,chr16,57185321,57187768,2447
pre_xy_6432,chr16,57244432,57245887,1455
pre_xy_6433,chr16,57283288,57285068,1780
pre_xy_6434,chr16,57299251,57301222,1971
pre_xy_6435,chr16,57372011,57373206,1195
pre_xy_6436,chr16,57416158,57417567,1409
pre_xy_6437,chr16,57446472,57447977,1505
pre_xy_6438,chr16,57462119,57463327,1208
pre_xy_6439,chr16,57485552,57486842,1290
pre_xy_6440,chr16,57528259,57529290,1031
pre_xy_6441,chr16,57535578,57537206,1628
pre_xy_6442,chr16,57627999,57628810,811
pre_xy_6443,chr16,57734787,57737100,2313
pre_xy_6444,chr16,57774662,57776188,1526
pre_xy_6445,chr16,57786551,57788921,2370
pre_xy_6446,chr16,57801176,57803906,2730
pre_xy_6447,chr16,57846046,57846921,875
pre_xy_6448,chr16,57984400,57986107,1707
pre_xy_6449,chr16,57999377,58001704,2327
pre_xy_6450,chr16,58025332,58027917,2585
pre_xy_6451,chr16,58032193,58033420,1227
pre_xy_6452,chr16,58121547,58122239,692
pre_xy_6453,chr16,58126702,58127587,885
pre_xy_6454,chr16,58128682,58129862,1180
pre_xy_6455,chr16,58196765,58198639,1874
pre_xy_6456,chr16,58249238,58250496,1258
pre_xy_6457,chr16,58391957,58393356,1399
pre_xy_6458,chr16,58463074,58465298,2224
pre_xy_6459,chr16,58487393,58488153,760
pre_xy_6460,chr16,58499724,58501900,2176
pre_xy_6461,chr16,58514751,58516503,1752
pre_xy_6462,chr16,58628605,58630709,2104
pre_xy_6463,chr16,58683332,58685157,1825
pre_xy_6464,chr16,58732786,58734558,1772
pre_xy_6465,chr16,62034304,62036772,2468
pre_xy_6466,chr16,65120767,65124062,3295
pre_xy_6467,chr16,66406270,66407282,1012
pre_xy_6468,chr16,66426351,66428352,2001
pre_xy_6469,chr16,66482234,66483165,931
pre_xy_6470,chr16,66549200,66550290,1090
pre_xy_6471,chr16,66551880,66552906,1026
pre_xy_6472,chr16,66603648,66605705,2057
pre_xy_6473,chr16,66616462,66618172,1710
pre_xy_6474,chr16,66695609,66697429,1820
pre_xy_6475,chr16,66750478,66752060,1582
pre_xy_6476,chr16,66830346,66831188,842
pre_xy_6477,chr16,66872691,66873666,975
pre_xy_6478,chr16,66879815,66881294,1479
pre_xy_6479,chr16,66924704,66925940,1236
pre_xy_6480,chr16,66933894,66935739,1845
pre_xy_6481,chr16,66947035,66949286,2251
pre_xy_6482,chr16,67000042,67001352,1310
pre_xy_6483,chr16,67013012,67014798,1786
pre_xy_6484,chr16,67028403,67030219,1816
pre_xy_6485,chr16,67108992,67110430,1438
pre_xy_6486,chr16,67149333,67151384,2051
pre_xy_6487,chr16,67155162,67155711,549
pre_xy_6488,chr16,67159049,67160225,1176
pre_xy_6489,chr16,67169465,67171206,1741
pre_xy_6490,chr16,67173762,67174653,891
pre_xy_6491,chr16,67183337,67184683,1346
pre_xy_6492,chr16,67185205,67185942,737
pre_xy_6493,chr16,67191739,67192671,932
pre_xy_6494,chr16,67226343,67227488,1145
pre_xy_6495,chr16,67245690,67247800,2110
pre_xy_6496,chr16,67248306,67249235,929
pre_xy_6497,chr16,67278664,67279836,1172
pre_xy_6498,chr16,67393023,67395303,2280
pre_xy_6499,chr16,67415744,67416811,1067
pre_xy_6500,chr16,67430440,67431801,1361
pre_xy_6501,chr16,67480152,67482329,2177
pre_xy_6502,chr16,67488665,67490070,1405
pre_xy_6503,chr16,67520861,67521833,972
pre_xy_6504,chr16,67528214,67530736,2522
pre_xy_6505,chr16,67536863,67538598,1735
pre_xy_6506,chr16,67561512,67563923,2411
pre_xy_6507,chr16,67652553,67654061,1508
pre_xy_6508,chr16,67659585,67661592,2007
pre_xy_6509,chr16,67665991,67668286,2295
pre_xy_6510,chr16,67718571,67720210,1639
pre_xy_6511,chr16,67805861,67807381,1520
pre_xy_6512,chr16,67833008,67834292,1284
pre_xy_6513,chr16,67841335,67843436,2101
pre_xy_6514,chr16,67846286,67847923,1637
pre_xy_6515,chr16,67872366,67873845,1479
pre_xy_6516,chr16,67892545,67894092,1547
pre_xy_6517,chr16,67934865,67937063,2198
pre_xy_6518,chr16,67967149,67969853,2704
pre_xy_6519,chr16,67992788,67994067,1279
pre_xy_6520,chr16,68022363,68023825,1462
pre_xy_6521,chr16,68084004,68086102,2098
pre_xy_6522,chr16,68236685,68238112,1427
pre_xy_6523,chr16,68244364,68245691,1327
pre_xy_6524,chr16,68263773,68265786,2013
pre_xy_6525,chr16,68310229,68311581,1352
pre_xy_6526,chr16,68447887,68449027,1140
pre_xy_6527,chr16,68520252,68521035,783
pre_xy_6528,chr16,68529634,68530693,1059
pre_xy_6529,chr16,68538586,68540195,1609
pre_xy_6530,chr16,68643883,68646366,2483
pre_xy_6531,chr16,68737014,68738685,1671
pre_xy_6532,chr16,68843107,68844349,1242
pre_xy_6533,chr16,69105238,69107961,2723
pre_xy_6534,chr16,69131138,69133063,1925
pre_xy_6535,chr16,69186480,69188465,1985
pre_xy_6536,chr16,69310623,69312187,1564
pre_xy_6537,chr16,69329624,69331083,1459
pre_xy_6538,chr16,69338821,69340389,1568
pre_xy_6539,chr16,69385138,69386213,1075
pre_xy_6540,chr16,69423934,69425180,1246
pre_xy_6541,chr16,69565209,69567455,2246
pre_xy_6542,chr16,69725998,69727087,1089
pre_xy_6543,chr16,69754107,69755225,1118
pre_xy_6544,chr16,69761849,69763437,1588
pre_xy_6545,chr16,70064689,70066457,1768
pre_xy_6546,chr16,70113854,70115144,1290
pre_xy_6547,chr16,70250791,70252232,1441
pre_xy_6548,chr16,70288290,70289951,1661
pre_xy_6549,chr16,70298509,70299974,1465
pre_xy_6550,chr16,70346152,70347378,1226
pre_xy_6551,chr16,70380179,70382015,1836
pre_xy_6552,chr16,70427780,70429233,1453
pre_xy_6553,chr16,70436932,70438305,1373
pre_xy_6554,chr16,70438488,70439772,1284
pre_xy_6555,chr16,70453853,70454987,1134
pre_xy_6556,chr16,70522949,70524808,1859
pre_xy_6557,chr16,70685065,70686750,1685
pre_xy_6558,chr16,70714663,70716552,1889
pre_xy_6559,chr16,70770487,70771508,1021
pre_xy_6560,chr16,70778573,70779476,903
pre_xy_6561,chr16,70800381,70801527,1146
pre_xy_6562,chr16,71229900,71231001,1101
pre_xy_6563,chr16,71288532,71289985,1453
pre_xy_6564,chr16,71425738,71427210,1472
pre_xy_6565,chr16,71461525,71462544,1019
pre_xy_6566,chr16,71483906,71484842,936
pre_xy_6567,chr16,71564181,71565760,1579
pre_xy_6568,chr16,71722648,71724326,1678
pre_xy_6569,chr16,71807940,71809851,1911
pre_xy_6570,chr16,71845107,71846765,1658
pre_xy_6571,chr16,71883001,71884796,1795
pre_xy_6572,chr16,71894059,71896250,2191
pre_xy_6573,chr16,72008121,72009118,997
pre_xy_6574,chr16,72092810,72094450,1640
pre_xy_6575,chr16,72240625,72241420,795
pre_xy_6576,chr16,72664186,72665444,1258
pre_xy_6577,chr16,72787130,72788714,1584
pre_xy_6578,chr16,72931096,72932785,1689
pre_xy_6579,chr16,73037293,73038419,1126
pre_xy_6580,chr16,73047243,73048765,1522
pre_xy_6581,chr16,73057294,73059443,2149
pre_xy_6582,chr16,73070345,73071829,1484
pre_xy_6583,chr16,73095103,73096469,1366
pre_xy_6584,chr16,74296097,74297657,1560
pre_xy_6585,chr16,74367297,74368513,1216
pre_xy_6586,chr16,74606036,74607528,1492
pre_xy_6587,chr16,74666314,74667634,1320
pre_xy_6588,chr16,74774097,74775216,1119
pre_xy_6589,chr16,74812817,74813527,710
pre_xy_6590,chr16,74984349,74985492,1143
pre_xy_6591,chr16,74998006,75001007,3001
pre_xy_6592,chr16,75110546,75112563,2017
pre_xy_6593,chr16,75148122,75149241,1119
pre_xy_6594,chr16,75237753,75239163,1410
pre_xy_6595,chr16,75250256,75252128,1872
pre_xy_6596,chr16,75264201,75266375,2174
pre_xy_6597,chr16,75432670,75434443,1773
pre_xy_6598,chr16,75463380,75465042,1662
pre_xy_6599,chr16,75516143,75517775,1632
pre_xy_6600,chr16,75555073,75556530,1457
pre_xy_6601,chr16,75565711,75567174,1463
pre_xy_6602,chr16,75622565,75623656,1091
pre_xy_6603,chr16,75647220,75649028,1808
pre_xy_6604,chr16,77190145,77191837,1692
pre_xy_6605,chr16,77211939,77213437,1498
pre_xy_6606,chr16,77434355,77435385,1030
pre_xy_6607,chr16,77721925,77723395,1470
pre_xy_6608,chr16,77787970,77789128,1158
pre_xy_6609,chr16,78045563,78046353,790
pre_xy_6610,chr16,78098837,78100261,1424
pre_xy_6611,chr16,79598476,79601662,3186
pre_xy_6612,chr16,79770053,79770950,897
pre_xy_6613,chr16,80540270,80541493,1223
pre_xy_6614,chr16,80803183,80805270,2087
pre_xy_6615,chr16,80931619,80933078,1459
pre_xy_6616,chr16,81006173,81007875,1702
pre_xy_6617,chr16,81035383,81036778,1395
pre_xy_6618,chr16,81076373,81077704,1331
pre_xy_6619,chr16,81095520,81096834,1314
pre_xy_6620,chr16,81180455,81181783,1328
pre_xy_6621,chr16,81314187,81315939,1752
pre_xy_6622,chr16,81444011,81445787,1776
pre_xy_6623,chr16,81634301,81635159,858
pre_xy_6624,chr16,81729974,81731093,1119
pre_xy_6625,chr16,81778792,81779990,1198
pre_xy_6626,chr16,81784003,81785135,1132
pre_xy_6627,chr16,82169659,82170848,1189
pre_xy_6628,chr16,82626725,82628207,1482
pre_xy_6629,chr16,83807278,83808946,1668
pre_xy_6630,chr16,83898258,83900200,1942
pre_xy_6631,chr16,83952772,83954326,1554
pre_xy_6632,chr16,83967909,83969158,1249
pre_xy_6633,chr16,84115941,84117768,1827
pre_xy_6634,chr16,84143780,84145621,1841
pre_xy_6635,chr16,84186320,84187288,968
pre_xy_6636,chr16,84503890,84505343,1453
pre_xy_6637,chr16,84617177,84619095,1918
pre_xy_6638,chr16,84647526,84649714,2188
pre_xy_6639,chr16,84699266,84701160,1894
pre_xy_6640,chr16,84819336,84821046,1710
pre_xy_6641,chr16,85010414,85012149,1735
pre_xy_6642,chr16,85027101,85028295,1194
pre_xy_6643,chr16,85168620,85170312,1692
pre_xy_6644,chr16,85234375,85236180,1805
pre_xy_6645,chr16,85334772,85335630,858
pre_xy_6646,chr16,85395227,85396866,1639
pre_xy_6647,chr16,85435901,85437757,1856
pre_xy_6648,chr16,85444782,85445792,1010
pre_xy_6649,chr16,85459643,85463137,3494
pre_xy_6650,chr16,85471960,85475769,3809
pre_xy_6651,chr16,85553169,85556087,2918
pre_xy_6652,chr16,85610290,85611042,752
pre_xy_6653,chr16,85612736,85613660,924
pre_xy_6654,chr16,85615826,85617103,1277
pre_xy_6655,chr16,85625773,85628418,2645
pre_xy_6656,chr16,85649896,85653415,3519
pre_xy_6657,chr16,85673574,85674866,1292
pre_xy_6658,chr16,85688453,85689512,1059
pre_xy_6659,chr16,85749860,85751385,1525
pre_xy_6660,chr16,85798807,85800576,1769
pre_xy_6661,chr16,85898337,85899374,1037
pre_xy_6662,chr16,86198250,86198946,696
pre_xy_6663,chr16,86509123,86511075,1952
pre_xy_6664,chr16,86554680,86555605,925
pre_xy_6665,chr16,86563419,86564164,745
pre_xy_6666,chr16,86566590,86568609,2019
pre_xy_6667,chr16,86575478,86576533,1055
pre_xy_6668,chr16,87316789,87318432,1643
pre_xy_6669,chr16,87382623,87384599,1976
pre_xy_6670,chr16,87388025,87388786,761
pre_xy_6671,chr16,87391454,87393502,2048
pre_xy_6672,chr16,87491717,87494069,2352
pre_xy_6673,chr16,87721368,87723773,2405
pre_xy_6674,chr16,87765036,87766704,1668
pre_xy_6675,chr16,87852897,87855006,2109
pre_xy_6676,chr16,87868239,87869820,1581
pre_xy_6677,chr16,87870431,87871865,1434
pre_xy_6678,chr16,87950467,87952080,1613
pre_xy_6679,chr16,88281899,88283289,1390
pre_xy_6680,chr16,88382573,88384358,1785
pre_xy_6681,chr16,88452337,88454043,1706
pre_xy_6682,chr16,88454171,88456349,2178
pre_xy_6683,chr16,88472373,88474365,1992
pre_xy_6684,chr16,88533128,88534983,1855
pre_xy_6685,chr16,88569595,88571040,1445
pre_xy_6686,chr16,88633528,88635161,1633
pre_xy_6687,chr16,88649234,88651802,2568
pre_xy_6688,chr16,88662204,88664140,1936
pre_xy_6689,chr16,88685953,88687006,1053
pre_xy_6690,chr16,88705175,88706952,1777
pre_xy_6691,chr16,88737144,88737883,739
pre_xy_6692,chr16,88770371,88771317,946
pre_xy_6693,chr16,88784004,88785894,1890
pre_xy_6694,chr16,88802207,88804049,1842
pre_xy_6695,chr16,88810951,88812806,1855
pre_xy_6696,chr16,88856217,88858032,1815
pre_xy_6697,chr16,88880277,88881677,1400
pre_xy_6698,chr16,88939912,88942175,2263
pre_xy_6699,chr16,89171039,89171857,818
pre_xy_6700,chr16,89200464,89202211,1747
pre_xy_6701,chr16,89216144,89218169,2025
pre_xy_6702,chr16,89240485,89241924,1439
pre_xy_6703,chr16,89246803,89247990,1187
pre_xy_6704,chr16,89256454,89257713,1259
pre_xy_6705,chr16,89319844,89321543,1699
pre_xy_6706,chr16,89489067,89489715,648
pre_xy_6707,chr16,89489888,89491276,1388
pre_xy_6708,chr16,89507441,89509197,1756
pre_xy_6709,chr16,89559903,89561293,1390
pre_xy_6710,chr16,89565151,89566476,1325
pre_xy_6711,chr16,89601930,89603100,1170
pre_xy_6712,chr16,89640406,89641497,1091
pre_xy_6713,chr16,89656920,89658562,1642
pre_xy_6714,chr16,89686031,89687748,1717
pre_xy_6715,chr16,89699858,89702324,2466
pre_xy_6716,chr16,89710907,89712786,1879
pre_xy_6717,chr16,89720212,89722491,2279
pre_xy_6718,chr16,89815784,89817150,1366
pre_xy_6719,chr16,89827512,89829195,1683
pre_xy_6720,chr16,89872919,89874724,1805
pre_xy_6721,chr16,89917701,89918910,1209
pre_xy_6722,chr16,89922773,89923575,802
pre_xy_6723,chr16,89923911,89924900,989
pre_xy_6724,chr16,89925637,89926619,982
pre_xy_6725,chr16,89947732,89948877,1145
pre_xy_6726,chr16,89971958,89973213,1255
pre_xy_6727,chr16,90018297,90020068,1771
pre_xy_6728,chr16,90022127,90023456,1329
pre_xy_6729,chr16,90046334,90048705,2371
pre_xy_6730,chr16,90077026,90078033,1007
pre_xy_6731,chr16,90081736,90082843,1107
pre_xy_6732,chr17,143602,144305,703
pre_xy_6733,chr17,179983,181948,1965
pre_xy_6734,chr17,193794,194965,1171
pre_xy_6735,chr17,384585,386465,1880
pre_xy_6736,chr17,409541,411230,1689
pre_xy_6737,chr17,714019,716019,2000
pre_xy_6738,chr17,731732,733513,1781
pre_xy_6739,chr17,751207,753001,1794
pre_xy_6740,chr17,781422,782866,1444
pre_xy_6741,chr17,789794,791330,1536
pre_xy_6742,chr17,978036,980517,2481
pre_xy_6743,chr17,996379,997595,1216
pre_xy_6744,chr17,1030794,1032159,1365
pre_xy_6745,chr17,1077571,1079506,1935
pre_xy_6746,chr17,1108044,1109871,1827
pre_xy_6747,chr17,1178639,1180678,2039
pre_xy_6748,chr17,1186791,1187537,746
pre_xy_6749,chr17,1227831,1230063,2232
pre_xy_6750,chr17,1258935,1260713,1778
pre_xy_6751,chr17,1267433,1268819,1386
pre_xy_6752,chr17,1398782,1400579,1797
pre_xy_6753,chr17,1454976,1456682,1706
pre_xy_6754,chr17,1471822,1472592,770
pre_xy_6755,chr17,1484682,1486291,1609
pre_xy_6756,chr17,1487871,1488545,674
pre_xy_6757,chr17,1490957,1491941,984
pre_xy_6758,chr17,1515408,1517249,1841
pre_xy_6759,chr17,1561613,1563107,1494
pre_xy_6760,chr17,1573865,1575317,1452
pre_xy_6761,chr17,1627757,1629543,1786
pre_xy_6762,chr17,1648210,1650297,2087
pre_xy_6763,chr17,1684000,1685193,1193
pre_xy_6764,chr17,1709512,1710911,1399
pre_xy_6765,chr17,1714320,1717798,3478
pre_xy_6766,chr17,1724186,1725371,1185
pre_xy_6767,chr17,1729873,1731321,1448
pre_xy_6768,chr17,1761814,1763871,2057
pre_xy_6769,chr17,1829155,1830610,1455
pre_xy_6770,chr17,1907831,1909126,1295
pre_xy_6771,chr17,2024888,2026269,1381
pre_xy_6772,chr17,2029575,2030966,1391
pre_xy_6773,chr17,2041068,2042815,1747
pre_xy_6774,chr17,2049430,2050882,1452
pre_xy_6775,chr17,2054379,2055432,1053
pre_xy_6776,chr17,2056559,2058034,1475
pre_xy_6777,chr17,2074730,2077251,2521
pre_xy_6778,chr17,2302798,2304250,1452
pre_xy_6779,chr17,2335905,2338269,2364
pre_xy_6780,chr17,2392266,2394105,1839
pre_xy_6781,chr17,2396613,2397171,558
pre_xy_6782,chr17,2399438,2400345,907
pre_xy_6783,chr17,2400570,2402232,1662
pre_xy_6784,chr17,2510982,2512314,1332
pre_xy_6785,chr17,2592901,2595227,2326
pre_xy_6786,chr17,2710660,2712685,2025
pre_xy_6787,chr17,2749141,2750134,993
pre_xy_6788,chr17,2776066,2777767,1701
pre_xy_6789,chr17,2784702,2786784,2082
pre_xy_6790,chr17,2852779,2854848,2069
pre_xy_6791,chr17,3003441,3004796,1355
pre_xy_6792,chr17,3048331,3049540,1209
pre_xy_6793,chr17,3534838,3536193,1355
pre_xy_6794,chr17,3635467,3637227,1760
pre_xy_6795,chr17,3667283,3669235,1952
pre_xy_6796,chr17,3694647,3696435,1788
pre_xy_6797,chr17,3722927,3724561,1634
pre_xy_6798,chr17,3754391,3755567,1176
pre_xy_6799,chr17,3845296,3846593,1297
pre_xy_6800,chr17,3891942,3893604,1662
pre_xy_6801,chr17,3944352,3945408,1056
pre_xy_6802,chr17,4003581,4005165,1584
pre_xy_6803,chr17,4142334,4144291,1957
pre_xy_6804,chr17,4263019,4264370,1351
pre_xy_6805,chr17,4364958,4367030,2072
pre_xy_6806,chr17,4439926,4441435,1509
pre_xy_6807,chr17,4498274,4499397,1123
pre_xy_6808,chr17,4535620,4537321,1701
pre_xy_6809,chr17,4554711,4555839,1128
pre_xy_6810,chr17,4583780,4585658,1878
pre_xy_6811,chr17,4598990,4601015,2025
pre_xy_6812,chr17,4606910,4608224,1314
pre_xy_6813,chr17,4703602,4704536,934
pre_xy_6814,chr17,4709324,4711034,1710
pre_xy_6815,chr17,4730609,4732041,1432
pre_xy_6816,chr17,4738406,4740176,1770
pre_xy_6817,chr17,4788879,4790727,1848
pre_xy_6818,chr17,4795551,4796903,1352
pre_xy_6819,chr17,4806473,4807811,1338
pre_xy_6820,chr17,4832761,4834602,1841
pre_xy_6821,chr17,4898700,4899799,1099
pre_xy_6822,chr17,4900462,4901202,740
pre_xy_6823,chr17,4939249,4940919,1670
pre_xy_6824,chr17,4947223,4950392,3169
pre_xy_6825,chr17,4966298,4968826,2528
pre_xy_6826,chr17,4986089,4988452,2363
pre_xy_6827,chr17,4996734,4998877,2143
pre_xy_6828,chr17,5077747,5079020,1273
pre_xy_6829,chr17,5096779,5097943,1164
pre_xy_6830,chr17,5110867,5112375,1508
pre_xy_6831,chr17,5122303,5123568,1265
pre_xy_6832,chr17,5191220,5192245,1025
pre_xy_6833,chr17,5281549,5283007,1458
pre_xy_6834,chr17,5418848,5420649,1801
pre_xy_6835,chr17,5438478,5439631,1153
pre_xy_6836,chr17,5467535,5469251,1716
pre_xy_6837,chr17,5485438,5487022,1584
pre_xy_6838,chr17,5499642,5501391,1749
pre_xy_6839,chr17,6069833,6071439,1606
pre_xy_6840,chr17,6443440,6444751,1311
pre_xy_6841,chr17,6555121,6556956,1835
pre_xy_6842,chr17,6639347,6641679,2332
pre_xy_6843,chr17,6650710,6652546,1836
pre_xy_6844,chr17,6712978,6714112,1134
pre_xy_6845,chr17,6831045,6832173,1128
pre_xy_6846,chr17,6995455,6997019,1564
pre_xy_6847,chr17,7012176,7012885,709
pre_xy_6848,chr17,7014134,7015769,1635
pre_xy_6849,chr17,7021798,7024103,2305
pre_xy_6850,chr17,7034933,7036710,1777
pre_xy_6851,chr17,7041704,7044147,2443
pre_xy_6852,chr17,7045797,7047415,1618
pre_xy_6853,chr17,7176621,7178423,1802
pre_xy_6854,chr17,7204439,7205630,1191
pre_xy_6855,chr17,7213766,7215317,1551
pre_xy_6856,chr17,7219496,7221157,1661
pre_xy_6857,chr17,7233795,7234787,992
pre_xy_6858,chr17,7237692,7238434,742
pre_xy_6859,chr17,7239150,7239974,824
pre_xy_6860,chr17,7241773,7243308,1535
pre_xy_6861,chr17,7251013,7252864,1851
pre_xy_6862,chr17,7280399,7282640,2241
pre_xy_6863,chr17,7293857,7295160,1303
pre_xy_6864,chr17,7296049,7296729,680
pre_xy_6865,chr17,7306591,7309215,2624
pre_xy_6866,chr17,7314614,7315733,1119
pre_xy_6867,chr17,7328798,7330605,1807
pre_xy_6868,chr17,7349735,7350525,790
pre_xy_6869,chr17,7351005,7352563,1558
pre_xy_6870,chr17,7383515,7384581,1066
pre_xy_6871,chr17,7393113,7395249,2136
pre_xy_6872,chr17,7403189,7405923,2734
pre_xy_6873,chr17,7434939,7436191,1252
pre_xy_6874,chr17,7436511,7437311,800
pre_xy_6875,chr17,7439997,7441513,1516
pre_xy_6876,chr17,7455191,7456576,1385
pre_xy_6877,chr17,7477422,7479972,2550
pre_xy_6878,chr17,7483233,7485116,1883
pre_xy_6879,chr17,7548444,7549644,1200
pre_xy_6880,chr17,7560419,7562411,1992
pre_xy_6881,chr17,7572024,7574056,2032
pre_xy_6882,chr17,7582770,7584440,1670
pre_xy_6883,chr17,7588920,7589689,769
pre_xy_6884,chr17,7613822,7615577,1755
pre_xy_6885,chr17,7626229,7628232,2003
pre_xy_6886,chr17,7650133,7651118,985
pre_xy_6887,chr17,7651355,7652340,985
pre_xy_6888,chr17,7685622,7686847,1225
pre_xy_6889,chr17,7687116,7688805,1689
pre_xy_6890,chr17,7703286,7704486,1200
pre_xy_6891,chr17,7704652,7706222,1570
pre_xy_6892,chr17,7716439,7718306,1867
pre_xy_6893,chr17,7833710,7834316,606
pre_xy_6894,chr17,7834520,7837146,2626
pre_xy_6895,chr17,7841396,7845092,3696
pre_xy_6896,chr17,7851341,7852103,762
pre_xy_6897,chr17,7856651,7858708,2057
pre_xy_6898,chr17,7884733,7888397,3664
pre_xy_6899,chr17,7914938,7916529,1591
pre_xy_6900,chr17,7922228,7923375,1147
pre_xy_6901,chr17,7931412,7933282,1870
pre_xy_6902,chr17,7989767,7990639,872
pre_xy_6903,chr17,8015752,8017577,1825
pre_xy_6904,chr17,8079203,8080600,1397
pre_xy_6905,chr17,8118377,8119344,967
pre_xy_6906,chr17,8119543,8120746,1203
pre_xy_6907,chr17,8125386,8127410,2024
pre_xy_6908,chr17,8138034,8139688,1654
pre_xy_6909,chr17,8150855,8152704,1849
pre_xy_6910,chr17,8154029,8154805,776
pre_xy_6911,chr17,8156071,8157010,939
pre_xy_6912,chr17,8162037,8164893,2856
pre_xy_6913,chr17,8172650,8174183,1533
pre_xy_6914,chr17,8175692,8176865,1173
pre_xy_6915,chr17,8185853,8188050,2197
pre_xy_6916,chr17,8189553,8190462,909
pre_xy_6917,chr17,8192003,8192562,559
pre_xy_6918,chr17,8199710,8200693,983
pre_xy_6919,chr17,8209850,8211037,1187
pre_xy_6920,chr17,8220623,8223664,3041
pre_xy_6921,chr17,8226102,8227143,1041
pre_xy_6922,chr17,8247032,8249592,2560
pre_xy_6923,chr17,8288089,8289349,1260
pre_xy_6924,chr17,8294854,8295921,1067
pre_xy_6925,chr17,8326227,8327593,1366
pre_xy_6926,chr17,8375522,8377609,2087
pre_xy_6927,chr17,8382634,8384068,1434
pre_xy_6928,chr17,8435215,8436864,1649
pre_xy_6929,chr17,8629303,8631679,2376
pre_xy_6930,chr17,8696959,8699281,2322
pre_xy_6931,chr17,8745396,8746536,1140
pre_xy_6932,chr17,9020727,9023450,2723
pre_xy_6933,chr17,9239330,9241651,2321
pre_xy_6934,chr17,9575234,9577447,2213
pre_xy_6935,chr17,9644403,9646344,1941
pre_xy_6936,chr17,10197357,10199197,1840
pre_xy_6937,chr17,10696943,10698351,1408
pre_xy_6938,chr17,10728996,10730470,1474
pre_xy_6939,chr17,10843465,10845458,1993
pre_xy_6940,chr17,11239954,11241813,1859
pre_xy_6941,chr17,11522314,11523797,1483
pre_xy_6942,chr17,11598019,11599279,1260
pre_xy_6943,chr17,11607854,11609727,1873
pre_xy_6944,chr17,11996614,11998054,1440
pre_xy_6945,chr17,12020279,12021905,1626
pre_xy_6946,chr17,12789116,12790377,1261
pre_xy_6947,chr17,13017209,13018640,1431
pre_xy_6948,chr17,13600356,13602587,2231
pre_xy_6949,chr17,14068871,14070040,1169
pre_xy_6950,chr17,14300452,14301903,1451
pre_xy_6951,chr17,14302126,14302872,746
pre_xy_6952,chr17,14308770,14309891,1121
pre_xy_6953,chr17,15260334,15263595,3261
pre_xy_6954,chr17,15340969,15341966,997
pre_xy_6955,chr17,15650661,15652050,1389
pre_xy_6956,chr17,15653909,15655060,1151
pre_xy_6957,chr17,15699038,15699908,870
pre_xy_6958,chr17,15944290,15946157,1867
pre_xy_6959,chr17,15998512,16000531,2019
pre_xy_6960,chr17,16214482,16216193,1711
pre_xy_6961,chr17,16216940,16217561,621
pre_xy_6962,chr17,16352042,16353820,1778
pre_xy_6963,chr17,16380354,16381595,1241
pre_xy_6964,chr17,16386294,16387381,1087
pre_xy_6965,chr17,16406820,16408599,1779
pre_xy_6966,chr17,16438230,16439730,1500
pre_xy_6967,chr17,16490850,16492876,2026
pre_xy_6968,chr17,16535152,16537175,2023
pre_xy_6969,chr17,16568424,16569552,1128
pre_xy_6970,chr17,16583902,16584703,801
pre_xy_6971,chr17,16588922,16589685,763
pre_xy_6972,chr17,16652723,16654165,1442
pre_xy_6973,chr17,16666580,16667643,1063
pre_xy_6974,chr17,17041747,17044137,2390
pre_xy_6975,chr17,17205229,17207348,2119
pre_xy_6976,chr17,17236213,17237874,1661
pre_xy_6977,chr17,17280250,17281676,1426
pre_xy_6978,chr17,17302903,17303981,1078
pre_xy_6979,chr17,17494560,17497153,2593
pre_xy_6980,chr17,17590222,17592421,2199
pre_xy_6981,chr17,17662973,17663724,751
pre_xy_6982,chr17,17681022,17683594,2572
pre_xy_6983,chr17,17693132,17695444,2312
pre_xy_6984,chr17,17722160,17725463,3303
pre_xy_6985,chr17,17740700,17742003,1303
pre_xy_6986,chr17,17751809,17753286,1477
pre_xy_6987,chr17,17780968,17784393,3425
pre_xy_6988,chr17,17791884,17793249,1365
pre_xy_6989,chr17,17809601,17810932,1331
pre_xy_6990,chr17,17811354,17812965,1611
pre_xy_6991,chr17,17823146,17825611,2465
pre_xy_6992,chr17,17835771,17837295,1524
pre_xy_6993,chr17,17839793,17840747,954
pre_xy_6994,chr17,17900389,17901664,1275
pre_xy_6995,chr17,17913785,17914652,867
pre_xy_6996,chr17,17971213,17973113,1900
pre_xy_6997,chr17,18038445,18040148,1703
pre_xy_6998,chr17,18087308,18088502,1194
pre_xy_6999,chr17,18153289,18154225,936
pre_xy_7000,chr17,18157867,18158669,802
pre_xy_7001,chr17,18182126,18185063,2937
pre_xy_7002,chr17,18224136,18226513,2377
pre_xy_7003,chr17,18246790,18248768,1978
pre_xy_7004,chr17,18257280,18259042,1762
pre_xy_7005,chr17,18260123,18261190,1067
pre_xy_7006,chr17,18313983,18315852,1869
pre_xy_7007,chr17,18362474,18363808,1334
pre_xy_7008,chr17,18780643,18781570,927
pre_xy_7009,chr17,18855726,18856486,760
pre_xy_7010,chr17,18857631,18858653,1022
pre_xy_7011,chr17,19003405,19005125,1720
pre_xy_7012,chr17,19110798,19112367,1569
pre_xy_7013,chr17,19237006,19238462,1456
pre_xy_7014,chr17,19316583,19317949,1366
pre_xy_7015,chr17,19362045,19363239,1194
pre_xy_7016,chr17,19376931,19379048,2117
pre_xy_7017,chr17,19386320,19388197,1877
pre_xy_7018,chr17,19507063,19508544,1481
pre_xy_7019,chr17,19533297,19534675,1378
pre_xy_7020,chr17,19647699,19649325,1626
pre_xy_7021,chr17,19744452,19745424,972
pre_xy_7022,chr17,19866525,19868300,1775
pre_xy_7023,chr17,19977182,19978498,1316
pre_xy_7024,chr17,19992634,19993275,641
pre_xy_7025,chr17,20008423,20010577,2154
pre_xy_7026,chr17,20155507,20157082,1575
pre_xy_7027,chr17,20704704,20705633,929
pre_xy_7028,chr17,20843335,20844369,1034
pre_xy_7029,chr17,20851545,20853061,1516
pre_xy_7030,chr17,20907737,20908939,1202
pre_xy_7031,chr17,21041807,21043897,2090
pre_xy_7032,chr17,21098698,21100044,1346
pre_xy_7033,chr17,21126515,21127635,1120
pre_xy_7034,chr17,21213344,21215412,2068
pre_xy_7035,chr17,21252590,21253837,1247
pre_xy_7036,chr17,21275034,21276360,1326
pre_xy_7037,chr17,21283864,21285186,1322
pre_xy_7038,chr17,21375730,21377635,1905
pre_xy_7039,chr17,21456759,21458187,1428
pre_xy_7040,chr17,21510984,21512286,1302
pre_xy_7041,chr17,21550845,21551933,1088
pre_xy_7042,chr17,27293237,27295447,2210
pre_xy_7043,chr17,27332115,27333475,1360
pre_xy_7044,chr17,27345173,27345752,579
pre_xy_7045,chr17,27348742,27349895,1153
pre_xy_7046,chr17,27353346,27354326,980
pre_xy_7047,chr17,27455703,27457380,1677
pre_xy_7048,chr17,27792982,27794291,1309
pre_xy_7049,chr17,27892516,27893641,1125
pre_xy_7050,chr17,28040776,28042213,1437
pre_xy_7051,chr17,28227106,28228523,1417
pre_xy_7052,chr17,28251101,28251961,860
pre_xy_7053,chr17,28317947,28319715,1768
pre_xy_7054,chr17,28334830,28336782,1952
pre_xy_7055,chr17,28356749,28357950,1201
pre_xy_7056,chr17,28370948,28372559,1611
pre_xy_7057,chr17,28404648,28406642,1994
pre_xy_7058,chr17,28551694,28553081,1387
pre_xy_7059,chr17,28570620,28571870,1250
pre_xy_7060,chr17,28576550,28577405,855
pre_xy_7061,chr17,28598404,28600064,1660
pre_xy_7062,chr17,28643977,28645633,1656
pre_xy_7063,chr17,28661438,28662753,1315
pre_xy_7064,chr17,28710379,28712551,2172
pre_xy_7065,chr17,28716958,28718603,1645
pre_xy_7066,chr17,28719131,28720356,1225
pre_xy_7067,chr17,28725703,28727507,1804
pre_xy_7068,chr17,28727877,28729217,1340
pre_xy_7069,chr17,28743064,28744597,1533
pre_xy_7070,chr17,28744852,28746051,1199
pre_xy_7071,chr17,28749921,28750411,490
pre_xy_7072,chr17,28811564,28813174,1610
pre_xy_7073,chr17,28841877,28843117,1240
pre_xy_7074,chr17,28854225,28855355,1130
pre_xy_7075,chr17,28896514,28897904,1390
pre_xy_7076,chr17,28902259,28903367,1108
pre_xy_7077,chr17,28948978,28949857,879
pre_xy_7078,chr17,28950824,28952720,1896
pre_xy_7079,chr17,29005369,29006264,895
pre_xy_7080,chr17,29019212,29020253,1041
pre_xy_7081,chr17,29148363,29149257,894
pre_xy_7082,chr17,29176371,29177190,819
pre_xy_7083,chr17,29178964,29180643,1679
pre_xy_7084,chr17,29292243,29294586,2343
pre_xy_7085,chr17,29369614,29370468,854
pre_xy_7086,chr17,29389833,29391682,1849
pre_xy_7087,chr17,29566101,29569186,3085
pre_xy_7088,chr17,29572228,29573314,1086
pre_xy_7089,chr17,29588576,29589894,1318
pre_xy_7090,chr17,29590999,29592182,1183
pre_xy_7091,chr17,29612866,29613762,896
pre_xy_7092,chr17,29615134,29616218,1084
pre_xy_7093,chr17,29622198,29623283,1085
pre_xy_7094,chr17,29760207,29761810,1603
pre_xy_7095,chr17,29929043,29930634,1591
pre_xy_7096,chr17,30116273,30117609,1336
pre_xy_7097,chr17,30234933,30236298,1365
pre_xy_7098,chr17,30290899,30292727,1828
pre_xy_7099,chr17,30378200,30379966,1766
pre_xy_7100,chr17,30476707,30478080,1373
pre_xy_7101,chr17,30599586,30601469,1883
pre_xy_7102,chr17,30707675,30709554,1879
pre_xy_7103,chr17,30730781,30732144,1363
pre_xy_7104,chr17,30823956,30825053,1097
pre_xy_7105,chr17,30831182,30832494,1312
pre_xy_7106,chr17,30905588,30906984,1396
pre_xy_7107,chr17,30921387,30923127,1740
pre_xy_7108,chr17,30970043,30971577,1534
pre_xy_7109,chr17,31008069,31009331,1262
pre_xy_7110,chr17,31094287,31096254,1967
pre_xy_7111,chr17,31487320,31489164,1844
pre_xy_7112,chr17,31548775,31550700,1925
pre_xy_7113,chr17,31558531,31560386,1855
pre_xy_7114,chr17,31858337,31859674,1337
pre_xy_7115,chr17,31900968,31902090,1122
pre_xy_7116,chr17,31936259,31937524,1265
pre_xy_7117,chr17,32006676,32008446,1770
pre_xy_7118,chr17,32127016,32127917,901
pre_xy_7119,chr17,32141076,32143351,2275
pre_xy_7120,chr17,32264913,32267082,2169
pre_xy_7121,chr17,32340935,32342507,1572
pre_xy_7122,chr17,32349398,32350995,1597
pre_xy_7123,chr17,32443843,32445438,1595
pre_xy_7124,chr17,32486000,32487771,1771
pre_xy_7125,chr17,32518652,32520511,1859
pre_xy_7126,chr17,32875861,32877677,1816
pre_xy_7127,chr17,32927424,32929554,2130
pre_xy_7128,chr17,32935661,32937504,1843
pre_xy_7129,chr17,33291096,33293496,2400
pre_xy_7130,chr17,34578911,34579995,1084
pre_xy_7131,chr17,34615826,34616683,857
pre_xy_7132,chr17,34637282,34638585,1303
pre_xy_7133,chr17,34960756,34961931,1175
pre_xy_7134,chr17,34979757,34981417,1660
pre_xy_7135,chr17,35087969,35090009,2040
pre_xy_7136,chr17,35119125,35120145,1020
pre_xy_7137,chr17,35141561,35142521,960
pre_xy_7138,chr17,35242099,35244120,2021
pre_xy_7139,chr17,35431904,35433908,2004
pre_xy_7140,chr17,35447380,35449869,2489
pre_xy_7141,chr17,35567330,35568774,1444
pre_xy_7142,chr17,35577723,35579057,1334
pre_xy_7143,chr17,35586766,35588001,1235
pre_xy_7144,chr17,35731179,35732580,1401
pre_xy_7145,chr17,35763852,35764932,1080
pre_xy_7146,chr17,35794739,35795890,1151
pre_xy_7147,chr17,35808719,35810134,1415
pre_xy_7148,chr17,35930104,35931074,970
pre_xy_7149,chr17,36463654,36464348,694
pre_xy_7150,chr17,36482592,36483362,770
pre_xy_7151,chr17,36486061,36487212,1151
pre_xy_7152,chr17,36533999,36535841,1842
pre_xy_7153,chr17,36543958,36546019,2061
pre_xy_7154,chr17,36591215,36593186,1971
pre_xy_7155,chr17,36600935,36602419,1484
pre_xy_7156,chr17,36641092,36642339,1247
pre_xy_7157,chr17,36703624,36704513,889
pre_xy_7158,chr17,36948282,36949583,1301
pre_xy_7159,chr17,37358163,37360304,2141
pre_xy_7160,chr17,37406047,37407581,1534
pre_xy_7161,chr17,37488784,37490482,1698
pre_xy_7162,chr17,37608283,37609942,1659
pre_xy_7163,chr17,37642367,37644230,1863
pre_xy_7164,chr17,37741838,37744684,2846
pre_xy_7165,chr17,38255808,38257681,1873
pre_xy_7166,chr17,38296445,38297353,908
pre_xy_7167,chr17,38351358,38353098,1740
pre_xy_7168,chr17,38414526,38415045,519
pre_xy_7169,chr17,38427874,38429667,1793
pre_xy_7170,chr17,38452936,38454900,1964
pre_xy_7171,chr17,38464129,38465894,1765
pre_xy_7172,chr17,38509190,38511725,2535
pre_xy_7173,chr17,38557843,38558695,852
pre_xy_7174,chr17,38558782,38559769,987
pre_xy_7175,chr17,38571735,38573226,1491
pre_xy_7176,chr17,38600820,38601295,475
pre_xy_7177,chr17,38601458,38602373,915
pre_xy_7178,chr17,38605393,38606694,1301
pre_xy_7179,chr17,38673477,38675230,1753
pre_xy_7180,chr17,38701871,38702737,866
pre_xy_7181,chr17,38704542,38706756,2214
pre_xy_7182,chr17,38729717,38731194,1477
pre_xy_7183,chr17,38747998,38748609,611
pre_xy_7184,chr17,38748952,38750275,1323
pre_xy_7185,chr17,38751744,38753101,1357
pre_xy_7186,chr17,38798724,38800523,1799
pre_xy_7187,chr17,38824621,38825768,1147
pre_xy_7188,chr17,38852726,38854239,1513
pre_xy_7189,chr17,38868808,38871055,2247
pre_xy_7190,chr17,38881401,38882293,892
pre_xy_7191,chr17,39056474,39057352,878
pre_xy_7192,chr17,39152548,39154674,2126
pre_xy_7193,chr17,39164547,39165879,1332
pre_xy_7194,chr17,39196532,39198029,1497
pre_xy_7195,chr17,39199648,39200664,1016
pre_xy_7196,chr17,39208945,39210516,1571
pre_xy_7197,chr17,39223339,39226231,2892
pre_xy_7198,chr17,39243876,39245263,1387
pre_xy_7199,chr17,39334353,39336014,1661
pre_xy_7200,chr17,39400357,39402790,2433
pre_xy_7201,chr17,39450617,39451554,937
pre_xy_7202,chr17,39460854,39462411,1557
pre_xy_7203,chr17,39563092,39564600,1508
pre_xy_7204,chr17,39573227,39574302,1075
pre_xy_7205,chr17,39636585,39637801,1216
pre_xy_7206,chr17,39667377,39668701,1324
pre_xy_7207,chr17,39687355,39689100,1745
pre_xy_7208,chr17,39699631,39701057,1426
pre_xy_7209,chr17,39729852,39730961,1109
pre_xy_7210,chr17,39737374,39740858,3484
pre_xy_7211,chr17,39753623,39755409,1786
pre_xy_7212,chr17,39926571,39928362,1791
pre_xy_7213,chr17,39952375,39953683,1308
pre_xy_7214,chr17,39979868,39981494,1626
pre_xy_7215,chr17,40053760,40054864,1104
pre_xy_7216,chr17,40062310,40064452,2142
pre_xy_7217,chr17,40068360,40070360,2000
pre_xy_7218,chr17,40089012,40090653,1641
pre_xy_7219,chr17,40098859,40099707,848
pre_xy_7220,chr17,40100160,40101217,1057
pre_xy_7221,chr17,40106525,40108552,2027
pre_xy_7222,chr17,40111116,40112023,907
pre_xy_7223,chr17,40112731,40113804,1073
pre_xy_7224,chr17,40120961,40123812,2851
pre_xy_7225,chr17,40139404,40141009,1605
pre_xy_7226,chr17,40176986,40178655,1669
pre_xy_7227,chr17,40218499,40220056,1557
pre_xy_7228,chr17,40287228,40288489,1261
pre_xy_7229,chr17,40317499,40318724,1225
pre_xy_7230,chr17,40340991,40342401,1410
pre_xy_7231,chr17,40344843,40345963,1120
pre_xy_7232,chr17,40350079,40351863,1784
pre_xy_7233,chr17,40362369,40363837,1468
pre_xy_7234,chr17,40417144,40418530,1386
pre_xy_7235,chr17,40442724,40445047,2323
pre_xy_7236,chr17,40541678,40543826,2148
pre_xy_7237,chr17,40560023,40560658,635
pre_xy_7238,chr17,40647258,40648985,1727
pre_xy_7239,chr17,40818417,40819783,1366
pre_xy_7240,chr17,41526937,41528592,1655
pre_xy_7241,chr17,41548514,41549582,1068
pre_xy_7242,chr17,41647437,41648998,1561
pre_xy_7243,chr17,41665434,41667298,1864
pre_xy_7244,chr17,41687924,41689716,1792
pre_xy_7245,chr17,41691748,41692445,697
pre_xy_7246,chr17,41705073,41706446,1373
pre_xy_7247,chr17,41733755,41735157,1402
pre_xy_7248,chr17,41785032,41787151,2119
pre_xy_7249,chr17,41792509,41794650,2141
pre_xy_7250,chr17,41800519,41801932,1413
pre_xy_7251,chr17,41811180,41813287,2107
pre_xy_7252,chr17,41835302,41836613,1311
pre_xy_7253,chr17,41864265,41865721,1456
pre_xy_7254,chr17,41917218,41920278,3060
pre_xy_7255,chr17,41929752,41931040,1288
pre_xy_7256,chr17,41965651,41967888,2237
pre_xy_7257,chr17,42016082,42018095,2013
pre_xy_7258,chr17,42019693,42020263,570
pre_xy_7259,chr17,42049883,42051129,1246
pre_xy_7260,chr17,42087039,42088719,1680
pre_xy_7261,chr17,42107443,42109002,1559
pre_xy_7262,chr17,42120712,42121700,988
pre_xy_7263,chr17,42153963,42155844,1881
pre_xy_7264,chr17,42183697,42184965,1268
pre_xy_7265,chr17,42275354,42277371,2017
pre_xy_7266,chr17,42287924,42289751,1827
pre_xy_7267,chr17,42311032,42313188,2156
pre_xy_7268,chr17,42386827,42389250,2423
pre_xy_7269,chr17,42421407,42423582,2175
pre_xy_7270,chr17,42458125,42460203,2078
pre_xy_7271,chr17,42518396,42520767,2371
pre_xy_7272,chr17,42535646,42537211,1565
pre_xy_7273,chr17,42547838,42548882,1044
pre_xy_7274,chr17,42552944,42555259,2315
pre_xy_7275,chr17,42561570,42562648,1078
pre_xy_7276,chr17,42566467,42567981,1514
pre_xy_7277,chr17,42577197,42578733,1536
pre_xy_7278,chr17,42608701,42610151,1450
pre_xy_7279,chr17,42658762,42659900,1138
pre_xy_7280,chr17,42669212,42671528,2316
pre_xy_7281,chr17,42676024,42677431,1407
pre_xy_7282,chr17,42677788,42678618,830
pre_xy_7283,chr17,42679484,42680279,795
pre_xy_7284,chr17,42743965,42745342,1377
pre_xy_7285,chr17,42760546,42761742,1196
pre_xy_7286,chr17,42772882,42773999,1117
pre_xy_7287,chr17,42779668,42781135,1467
pre_xy_7288,chr17,42798060,42798969,909
pre_xy_7289,chr17,42823582,42824590,1008
pre_xy_7290,chr17,42832662,42834037,1375
pre_xy_7291,chr17,42963944,42965017,1073
pre_xy_7292,chr17,42979767,42981508,1741
pre_xy_7293,chr17,42997578,42999002,1424
pre_xy_7294,chr17,43020987,43022558,1571
pre_xy_7295,chr17,43024244,43025517,1273
pre_xy_7296,chr17,43124327,43126340,2013
pre_xy_7297,chr17,43168813,43171606,2793
pre_xy_7298,chr17,43211255,43212934,1679
pre_xy_7299,chr17,43314789,43317006,2217
pre_xy_7300,chr17,43359725,43362191,2466
pre_xy_7301,chr17,43367495,43369503,2008
pre_xy_7302,chr17,43387948,43389677,1729
pre_xy_7303,chr17,43398409,43399451,1042
pre_xy_7304,chr17,43406675,43407716,1041
pre_xy_7305,chr17,43483172,43484628,1456
pre_xy_7306,chr17,43529959,43531236,1277
pre_xy_7307,chr17,43545195,43546867,1672
pre_xy_7308,chr17,43694080,43694786,706
pre_xy_7309,chr17,43720119,43721219,1100
pre_xy_7310,chr17,43754762,43755837,1075
pre_xy_7311,chr17,43777916,43779462,1546
pre_xy_7312,chr17,43832202,43833847,1645
pre_xy_7313,chr17,43878313,43879172,859
pre_xy_7314,chr17,43900000,43901232,1232
pre_xy_7315,chr17,43905960,43908549,2589
pre_xy_7316,chr17,44005814,44007794,1980
pre_xy_7317,chr17,44013764,44015289,1525
pre_xy_7318,chr17,44065600,44066852,1252
pre_xy_7319,chr17,44070074,44071308,1234
pre_xy_7320,chr17,44086268,44087619,1351
pre_xy_7321,chr17,44095306,44096397,1091
pre_xy_7322,chr17,44110786,44111632,846
pre_xy_7323,chr17,44122770,44124254,1484
pre_xy_7324,chr17,44137905,44138555,650
pre_xy_7325,chr17,44141415,44142711,1296
pre_xy_7326,chr17,44168210,44168765,555
pre_xy_7327,chr17,44185968,44187447,1479
pre_xy_7328,chr17,44198287,44200879,2592
pre_xy_7329,chr17,44218232,44220422,2190
pre_xy_7330,chr17,44220612,44222789,2177
pre_xy_7331,chr17,44307570,44309157,1587
pre_xy_7332,chr17,44323974,44325859,1885
pre_xy_7333,chr17,44326532,44327157,625
pre_xy_7334,chr17,44344750,44346077,1327
pre_xy_7335,chr17,44353361,44355119,1758
pre_xy_7336,chr17,44361349,44364078,2729
pre_xy_7337,chr17,44384399,44386471,2072
pre_xy_7338,chr17,44502567,44503977,1410
pre_xy_7339,chr17,44533324,44534169,845
pre_xy_7340,chr17,44556159,44558483,2324
pre_xy_7341,chr17,44626750,44629380,2630
pre_xy_7342,chr17,44689008,44690511,1503
pre_xy_7343,chr17,44708032,44709396,1364
pre_xy_7344,chr17,44758028,44759978,1950
pre_xy_7345,chr17,44774618,44776229,1611
pre_xy_7346,chr17,44778916,44779638,722
pre_xy_7347,chr17,44829184,44830830,1646
pre_xy_7348,chr17,44898742,44900166,1424
pre_xy_7349,chr17,44946996,44948365,1369
pre_xy_7350,chr17,44967626,44969522,1896
pre_xy_7351,chr17,45018470,45019620,1150
pre_xy_7352,chr17,45021512,45022282,770
pre_xy_7353,chr17,45050344,45051777,1433
pre_xy_7354,chr17,45060347,45061729,1382
pre_xy_7355,chr17,45127520,45128199,679
pre_xy_7356,chr17,45131885,45133472,1587
pre_xy_7357,chr17,45135247,45135953,706
pre_xy_7358,chr17,45147156,45150258,3102
pre_xy_7359,chr17,45160501,45162097,1596
pre_xy_7360,chr17,45171336,45173230,1894
pre_xy_7361,chr17,45197256,45198257,1001
pre_xy_7362,chr17,45240963,45242119,1156
pre_xy_7363,chr17,45246783,45248446,1663
pre_xy_7364,chr17,45261449,45263735,2286
pre_xy_7365,chr17,45316184,45317804,1620
pre_xy_7366,chr17,45371067,45372215,1148
pre_xy_7367,chr17,45394803,45395967,1164
pre_xy_7368,chr17,45425123,45426100,977
pre_xy_7369,chr17,45430730,45432558,1828
pre_xy_7370,chr17,45583374,45583826,452
pre_xy_7371,chr17,45583908,45585472,1564
pre_xy_7372,chr17,45783061,45785572,2511
pre_xy_7373,chr17,45893834,45895007,1173
pre_xy_7374,chr17,46192331,46194303,1972
pre_xy_7375,chr17,46224784,46225735,951
pre_xy_7376,chr17,46266036,46267874,1838
pre_xy_7377,chr17,46770714,46772926,2212
pre_xy_7378,chr17,46850855,46852382,1527
pre_xy_7379,chr17,46922369,46923668,1299
pre_xy_7380,chr17,46978257,46979617,1360
pre_xy_7381,chr17,47066819,47067691,872
pre_xy_7382,chr17,47099444,47100732,1288
pre_xy_7383,chr17,47188159,47189760,1601
pre_xy_7384,chr17,47253413,47254453,1040
pre_xy_7385,chr17,47323309,47325019,1710
pre_xy_7386,chr17,47423184,47424408,1224
pre_xy_7387,chr17,47492207,47492998,791
pre_xy_7388,chr17,47530445,47531293,848
pre_xy_7389,chr17,47648837,47650913,2076
pre_xy_7390,chr17,47693001,47695872,2871
pre_xy_7391,chr17,47732767,47734377,1610
pre_xy_7392,chr17,47821055,47822412,1357
pre_xy_7393,chr17,47830686,47832267,1581
pre_xy_7394,chr17,47840564,47841700,1136
pre_xy_7395,chr17,47850396,47851584,1188
pre_xy_7396,chr17,47877186,47878562,1376
pre_xy_7397,chr17,47895132,47896910,1778
pre_xy_7398,chr17,47940938,47942014,1076
pre_xy_7399,chr17,47970332,47971522,1190
pre_xy_7400,chr17,48011195,48012948,1753
pre_xy_7401,chr17,48023335,48024348,1013
pre_xy_7402,chr17,48024585,48025848,1263
pre_xy_7403,chr17,48026121,48026852,731
pre_xy_7404,chr17,48036714,48038155,1441
pre_xy_7405,chr17,48047533,48049196,1663
pre_xy_7406,chr17,48053313,48055085,1772
pre_xy_7407,chr17,48100211,48101943,1732
pre_xy_7408,chr17,48106954,48108039,1085
pre_xy_7409,chr17,48593067,48594860,1793
pre_xy_7410,chr17,48609933,48611525,1592
pre_xy_7411,chr17,48624907,48626935,2028
pre_xy_7412,chr17,48816453,48817527,1074
pre_xy_7413,chr17,48830580,48831669,1089
pre_xy_7414,chr17,48891914,48893237,1323
pre_xy_7415,chr17,48907737,48909333,1596
pre_xy_7416,chr17,48943884,48945229,1345
pre_xy_7417,chr17,48995338,48998722,3384
pre_xy_7418,chr17,49003256,49004406,1150
pre_xy_7419,chr17,49012750,49014797,2047
pre_xy_7420,chr17,49191653,49193379,1726
pre_xy_7421,chr17,49193573,49194365,792
pre_xy_7422,chr17,49223217,49225041,1824
pre_xy_7423,chr17,49229839,49231256,1417
pre_xy_7424,chr17,49360894,49362732,1838
pre_xy_7425,chr17,49414245,49415482,1237
pre_xy_7426,chr17,49469825,49471652,1827
pre_xy_7427,chr17,49494815,49496791,1976
pre_xy_7428,chr17,49569633,49570652,1019
pre_xy_7429,chr17,49575414,49577180,1766
pre_xy_7430,chr17,49677121,49678463,1342
pre_xy_7431,chr17,49707277,49708520,1243
pre_xy_7432,chr17,49763101,49764755,1654
pre_xy_7433,chr17,49787804,49789494,1690
pre_xy_7434,chr17,49850635,49852110,1475
pre_xy_7435,chr17,49968371,49969315,944
pre_xy_7436,chr17,49993217,49993971,754
pre_xy_7437,chr17,49996426,49997250,824
pre_xy_7438,chr17,50026673,50028743,2070
pre_xy_7439,chr17,50055048,50057292,2244
pre_xy_7440,chr17,50094080,50096136,2056
pre_xy_7441,chr17,50100916,50102517,1601
pre_xy_7442,chr17,50117024,50117962,938
pre_xy_7443,chr17,50128562,50130624,2062
pre_xy_7444,chr17,50150751,50151396,645
pre_xy_7445,chr17,50151537,50152486,949
pre_xy_7446,chr17,50160714,50161948,1234
pre_xy_7447,chr17,50177724,50178733,1009
pre_xy_7448,chr17,50199638,50201878,2240
pre_xy_7449,chr17,50209347,50211074,1727
pre_xy_7450,chr17,50263345,50264783,1438
pre_xy_7451,chr17,50265783,50267818,2035
pre_xy_7452,chr17,50345212,50347211,1999
pre_xy_7453,chr17,50372300,50373420,1120
pre_xy_7454,chr17,50396250,50397823,1573
pre_xy_7455,chr17,50425350,50427624,2274
pre_xy_7456,chr17,50478194,50479767,1573
pre_xy_7457,chr17,50503628,50504407,779
pre_xy_7458,chr17,50507775,50508943,1168
pre_xy_7459,chr17,50532242,50534568,2326
pre_xy_7460,chr17,50541521,50542750,1229
pre_xy_7461,chr17,50546878,50547533,655
pre_xy_7462,chr17,50559791,50561062,1271
pre_xy_7463,chr17,50706891,50708320,1429
pre_xy_7464,chr17,50718977,50720147,1170
pre_xy_7465,chr17,50865026,50868063,3037
pre_xy_7466,chr17,50918933,50920101,1168
pre_xy_7467,chr17,50930859,50931960,1101
pre_xy_7468,chr17,50943250,50945076,1826
pre_xy_7469,chr17,51045655,51047271,1616
pre_xy_7470,chr17,51119484,51121518,2034
pre_xy_7471,chr17,51121637,51122101,464
pre_xy_7472,chr17,51152769,51154352,1583
pre_xy_7473,chr17,51165349,51167362,2013
pre_xy_7474,chr17,51258814,51261248,2434
pre_xy_7475,chr17,54899679,54901593,1914
pre_xy_7476,chr17,54967574,54969466,1892
pre_xy_7477,chr17,55237819,55239154,1335
pre_xy_7478,chr17,55263746,55265312,1566
pre_xy_7479,chr17,55420651,55422338,1687
pre_xy_7480,chr17,55750538,55751736,1198
pre_xy_7481,chr17,56592387,56594759,2372
pre_xy_7482,chr17,56678080,56679492,1412
pre_xy_7483,chr17,56779739,56780767,1028
pre_xy_7484,chr17,56833018,56835142,2124
pre_xy_7485,chr17,56913233,56914878,1645
pre_xy_7486,chr17,56960372,56961289,917
pre_xy_7487,chr17,56977618,56979167,1549
pre_xy_7488,chr17,57084507,57086632,2125
pre_xy_7489,chr17,57255490,57257084,1594
pre_xy_7490,chr17,57284409,57286025,1616
pre_xy_7491,chr17,57440076,57442884,2808
pre_xy_7492,chr17,57527488,57529260,1772
pre_xy_7493,chr17,57604545,57605952,1407
pre_xy_7494,chr17,57662497,57663577,1080
pre_xy_7495,chr17,57849528,57850693,1165
pre_xy_7496,chr17,57860726,57862359,1633
pre_xy_7497,chr17,57874254,57875755,1501
pre_xy_7498,chr17,57935011,57936536,1525
pre_xy_7499,chr17,57954177,57955961,1784
pre_xy_7500,chr17,57986768,57989326,2558
pre_xy_7501,chr17,58006294,58008072,1778
pre_xy_7502,chr17,58082383,58084921,2538
pre_xy_7503,chr17,58218415,58219623,1208
pre_xy_7504,chr17,58249015,58250113,1098
pre_xy_7505,chr17,58323945,58325619,1674
pre_xy_7506,chr17,58351636,58353242,1606
pre_xy_7507,chr17,58390919,58392078,1159
pre_xy_7508,chr17,58416572,58417952,1380
pre_xy_7509,chr17,58487239,58488603,1364
pre_xy_7510,chr17,58513279,58514831,1552
pre_xy_7511,chr17,58517391,58518931,1540
pre_xy_7512,chr17,58531291,58532654,1363
pre_xy_7513,chr17,58630924,58632812,1888
pre_xy_7514,chr17,58658011,58659705,1694
pre_xy_7515,chr17,58691667,58693335,1668
pre_xy_7516,chr17,58755191,58757066,1875
pre_xy_7517,chr17,59105944,59107372,1428
pre_xy_7518,chr17,59153590,59155927,2337
pre_xy_7519,chr17,59209246,59210563,1317
pre_xy_7520,chr17,59219895,59221408,1513
pre_xy_7521,chr17,59331089,59333226,2137
pre_xy_7522,chr17,59365274,59367442,2168
pre_xy_7523,chr17,59565107,59566347,1240
pre_xy_7524,chr17,59618757,59620937,2180
pre_xy_7525,chr17,59706775,59708361,1586
pre_xy_7526,chr17,59837051,59838380,1329
pre_xy_7527,chr17,59892207,59893942,1735
pre_xy_7528,chr17,59963500,59965346,1846
pre_xy_7529,chr17,60077729,60079694,1965
pre_xy_7530,chr17,60134546,60135885,1339
pre_xy_7531,chr17,60139417,60140130,713
pre_xy_7532,chr17,60149398,60151221,1823
pre_xy_7533,chr17,60390916,60393237,2321
pre_xy_7534,chr17,60421019,60422491,1472
pre_xy_7535,chr17,60524565,60526591,2026
pre_xy_7536,chr17,60599256,60601477,2221
pre_xy_7537,chr17,60676852,60678373,1521
pre_xy_7538,chr17,61149517,61150461,944
pre_xy_7539,chr17,61160354,61161283,929
pre_xy_7540,chr17,61395930,61397886,1956
pre_xy_7541,chr17,61399017,61400630,1613
pre_xy_7542,chr17,61409309,61410009,700
pre_xy_7543,chr17,61410517,61412969,2452
pre_xy_7544,chr17,61416518,61417182,664
pre_xy_7545,chr17,61809537,61810970,1433
pre_xy_7546,chr17,61862779,61864062,1283
pre_xy_7547,chr17,61926670,61928235,1565
pre_xy_7548,chr17,62064062,62066244,2182
pre_xy_7549,chr17,62423334,62424507,1173
pre_xy_7550,chr17,62477610,62479911,2301
pre_xy_7551,chr17,62626648,62629481,2833
pre_xy_7552,chr17,62652030,62654602,2572
pre_xy_7553,chr17,62703290,62704851,1561
pre_xy_7554,chr17,62807586,62808910,1324
pre_xy_7555,chr17,62819488,62822422,2934
pre_xy_7556,chr17,62965459,62967033,1574
pre_xy_7557,chr17,63445501,63447516,2015
pre_xy_7558,chr17,63476260,63477952,1692
pre_xy_7559,chr17,63522586,63523586,1000
pre_xy_7560,chr17,63537799,63538670,871
pre_xy_7561,chr17,63549670,63551540,1870
pre_xy_7562,chr17,63600317,63601734,1417
pre_xy_7563,chr17,63621494,63623377,1883
pre_xy_7564,chr17,63698788,63701403,2615
pre_xy_7565,chr17,63740848,63743171,2323
pre_xy_7566,chr17,63772755,63774722,1967
pre_xy_7567,chr17,63826288,63827887,1599
pre_xy_7568,chr17,63841372,63843951,2579
pre_xy_7569,chr17,63848654,63849649,995
pre_xy_7570,chr17,63997434,63998993,1559
pre_xy_7571,chr17,64129220,64131013,1793
pre_xy_7572,chr17,64144932,64146855,1923
pre_xy_7573,chr17,64262136,64263748,1612
pre_xy_7574,chr17,64496120,64497929,1809
pre_xy_7575,chr17,64504964,64507776,2812
pre_xy_7576,chr17,64660965,64662819,1854
pre_xy_7577,chr17,64776483,64777405,922
pre_xy_7578,chr17,64780141,64781718,1577
pre_xy_7579,chr17,64836298,64838041,1743
pre_xy_7580,chr17,64918736,64920375,1639
pre_xy_7581,chr17,64974768,64976311,1543
pre_xy_7582,chr17,65055397,65057268,1871
pre_xy_7583,chr17,65099979,65101282,1303
pre_xy_7584,chr17,65122727,65123640,913
pre_xy_7585,chr17,65136740,65137741,1001
pre_xy_7586,chr17,65559663,65562150,2487
pre_xy_7587,chr17,66190732,66192608,1876
pre_xy_7588,chr17,66301809,66303746,1937
pre_xy_7589,chr17,66338000,66339375,1375
pre_xy_7590,chr17,66963629,66966221,2592
pre_xy_7591,chr17,67244236,67246921,2685
pre_xy_7592,chr17,67365485,67366863,1378
pre_xy_7593,chr17,67376672,67379187,2515
pre_xy_7594,chr17,67528515,67529428,913
pre_xy_7595,chr17,67717178,67718686,1508
pre_xy_7596,chr17,67824667,67826607,1940
pre_xy_7597,chr17,67992667,67994298,1631
pre_xy_7598,chr17,68019417,68020669,1252
pre_xy_7599,chr17,68035053,68036393,1340
pre_xy_7600,chr17,68100903,68102658,1755
pre_xy_7601,chr17,68204765,68206516,1751
pre_xy_7602,chr17,68247203,68248580,1377
pre_xy_7603,chr17,68289823,68292678,2855
pre_xy_7604,chr17,68456188,68458225,2037
pre_xy_7605,chr17,68511230,68513312,2082
pre_xy_7606,chr17,68599586,68601486,1900
pre_xy_7607,chr17,68820527,68822556,2029
pre_xy_7608,chr17,69326037,69327864,1827
pre_xy_7609,chr17,70167928,70170067,2139
pre_xy_7610,chr17,72029823,72030959,1136
pre_xy_7611,chr17,72119907,72122126,2219
pre_xy_7612,chr17,72341973,72343453,1480
pre_xy_7613,chr17,72591312,72593015,1703
pre_xy_7614,chr17,73091552,73093044,1492
pre_xy_7615,chr17,73164199,73166357,2158
pre_xy_7616,chr17,73191360,73193648,2288
pre_xy_7617,chr17,73231396,73233204,1808
pre_xy_7618,chr17,73278028,73279247,1219
pre_xy_7619,chr17,73304392,73305554,1162
pre_xy_7620,chr17,73309743,73312553,2810
pre_xy_7621,chr17,73341417,73344056,2639
pre_xy_7622,chr17,73492047,73493517,1470
pre_xy_7623,chr17,73642903,73645790,2887
pre_xy_7624,chr17,73901371,73903219,1848
pre_xy_7625,chr17,73951828,73953210,1382
pre_xy_7626,chr17,74203149,74204345,1196
pre_xy_7627,chr17,74212104,74214390,2286
pre_xy_7628,chr17,74356618,74357675,1057
pre_xy_7629,chr17,74379243,74380571,1328
pre_xy_7630,chr17,74430214,74432788,2574
pre_xy_7631,chr17,74453323,74455137,1814
pre_xy_7632,chr17,74513784,74515131,1347
pre_xy_7633,chr17,74736183,74738742,2559
pre_xy_7634,chr17,74748120,74750132,2012
pre_xy_7635,chr17,74762834,74764879,2045
pre_xy_7636,chr17,74775729,74776904,1175
pre_xy_7637,chr17,74842032,74843415,1383
pre_xy_7638,chr17,74851951,74852981,1030
pre_xy_7639,chr17,74872508,74873749,1241
pre_xy_7640,chr17,74971652,74973153,1501
pre_xy_7641,chr17,74981462,74982917,1455
pre_xy_7642,chr17,74987143,74989338,2195
pre_xy_7643,chr17,75010933,75013335,2402
pre_xy_7644,chr17,75033416,75035471,2055
pre_xy_7645,chr17,75046320,75048126,1806
pre_xy_7646,chr17,75077047,75078297,1250
pre_xy_7647,chr17,75087306,75088633,1327
pre_xy_7648,chr17,75109125,75110573,1448
pre_xy_7649,chr17,75113844,75114614,770
pre_xy_7650,chr17,75130570,75132054,1484
pre_xy_7651,chr17,75152922,75154900,1978
pre_xy_7652,chr17,75181688,75183363,1675
pre_xy_7653,chr17,75204720,75206007,1287
pre_xy_7654,chr17,75260812,75262462,1650
pre_xy_7655,chr17,75270003,75272022,2019
pre_xy_7656,chr17,75288708,75290324,1616
pre_xy_7657,chr17,75393248,75394623,1375
pre_xy_7658,chr17,75403969,75406242,2273
pre_xy_7659,chr17,75455908,75457617,1709
pre_xy_7660,chr17,75474923,75477358,2435
pre_xy_7661,chr17,75514832,75517217,2385
pre_xy_7662,chr17,75524657,75526514,1857
pre_xy_7663,chr17,75587623,75589714,2091
pre_xy_7664,chr17,75632738,75634490,1752
pre_xy_7665,chr17,75666705,75667714,1009
pre_xy_7666,chr17,75720597,75721714,1117
pre_xy_7667,chr17,75763962,75765583,1621
pre_xy_7668,chr17,75775804,75776292,488
pre_xy_7669,chr17,75778693,75780168,1475
pre_xy_7670,chr17,75784132,75785931,1799
pre_xy_7671,chr17,75843490,75845598,2108
pre_xy_7672,chr17,75854262,75856508,2246
pre_xy_7673,chr17,75872478,75873252,774
pre_xy_7674,chr17,75876781,75879483,2702
pre_xy_7675,chr17,75896014,75897365,1351
pre_xy_7676,chr17,75904145,75905398,1253
pre_xy_7677,chr17,75909490,75911000,1510
pre_xy_7678,chr17,75940374,75941574,1200
pre_xy_7679,chr17,75978418,75980092,1674
pre_xy_7680,chr17,76071868,76073091,1223
pre_xy_7681,chr17,76102837,76104378,1541
pre_xy_7682,chr17,76121136,76123103,1967
pre_xy_7683,chr17,76140924,76142374,1450
pre_xy_7684,chr17,76239310,76241405,2095
pre_xy_7685,chr17,76264603,76266634,2031
pre_xy_7686,chr17,76271493,76273041,1548
pre_xy_7687,chr17,76352781,76354543,1762
pre_xy_7688,chr17,76382775,76384910,2135
pre_xy_7689,chr17,76452074,76453576,1502
pre_xy_7690,chr17,76500830,76501943,1113
pre_xy_7691,chr17,76537155,76538246,1091
pre_xy_7692,chr17,76540412,76541178,766
pre_xy_7693,chr17,76543590,76545135,1545
pre_xy_7694,chr17,76546001,76547673,1672
pre_xy_7695,chr17,76556831,76558785,1954
pre_xy_7696,chr17,76584508,76586441,1933
pre_xy_7697,chr17,76639695,76640507,812
pre_xy_7698,chr17,76640677,76641373,696
pre_xy_7699,chr17,76670918,76672248,1330
pre_xy_7700,chr17,76700336,76701889,1553
pre_xy_7701,chr17,76708883,76710612,1729
pre_xy_7702,chr17,76710817,76711643,826
pre_xy_7703,chr17,76725623,76727363,1740
pre_xy_7704,chr17,76736175,76738344,2169
pre_xy_7705,chr17,76867587,76868998,1411
pre_xy_7706,chr17,76968608,76970271,1663
pre_xy_7707,chr17,77088190,77089624,1434
pre_xy_7708,chr17,77140098,77141703,1605
pre_xy_7709,chr17,77246559,77247577,1018
pre_xy_7710,chr17,77280202,77281874,1672
pre_xy_7711,chr17,77372372,77374911,2539
pre_xy_7712,chr17,77375498,77376320,822
pre_xy_7713,chr17,77382282,77383398,1116
pre_xy_7714,chr17,77449709,77452389,2680
pre_xy_7715,chr17,77465303,77467785,2482
pre_xy_7716,chr17,77479616,77482207,2591
pre_xy_7717,chr17,77528196,77529422,1226
pre_xy_7718,chr17,77542013,77543473,1460
pre_xy_7719,chr17,77696087,77697328,1241
pre_xy_7720,chr17,77734182,77736526,2344
pre_xy_7721,chr17,77887301,77888623,1322
pre_xy_7722,chr17,77957431,77959799,2368
pre_xy_7723,chr17,78127049,78129305,2256
pre_xy_7724,chr17,78143939,78145801,1862
pre_xy_7725,chr17,78168042,78169876,1834
pre_xy_7726,chr17,78186376,78187635,1259
pre_xy_7727,chr17,78213251,78214693,1442
pre_xy_7728,chr17,78250627,78251266,639
pre_xy_7729,chr17,78254061,78254793,732
pre_xy_7730,chr17,78272240,78273099,859
pre_xy_7731,chr17,78313567,78314559,992
pre_xy_7732,chr17,78341507,78343448,1941
pre_xy_7733,chr17,78352430,78353716,1286
pre_xy_7734,chr17,78358577,78361072,2495
pre_xy_7735,chr17,78378007,78379172,1165
pre_xy_7736,chr17,78722954,78724060,1106
pre_xy_7737,chr17,78781128,78782901,1773
pre_xy_7738,chr17,78839669,78841587,1918
pre_xy_7739,chr17,78879263,78880300,1037
pre_xy_7740,chr17,78922939,78926338,3399
pre_xy_7741,chr17,78933452,78934878,1426
pre_xy_7742,chr17,78946618,78947973,1355
pre_xy_7743,chr17,79008964,79010345,1381
pre_xy_7744,chr17,79023788,79024821,1033
pre_xy_7745,chr17,79026492,79028243,1751
pre_xy_7746,chr17,79074323,79075728,1405
pre_xy_7747,chr17,79182433,79184177,1744
pre_xy_7748,chr17,79741297,79742268,971
pre_xy_7749,chr17,79776932,79779575,2643
pre_xy_7750,chr17,79792911,79794222,1311
pre_xy_7751,chr17,79796554,79798149,1595
pre_xy_7752,chr17,79809922,79810674,752
pre_xy_7753,chr17,79831276,79833132,1856
pre_xy_7754,chr17,79838247,79839976,1729
pre_xy_7755,chr17,79859959,79860865,906
pre_xy_7756,chr17,79950413,79953272,2859
pre_xy_7757,chr17,79977527,79979687,2160
pre_xy_7758,chr17,79991163,79992824,1661
pre_xy_7759,chr17,80034809,80037344,2535
pre_xy_7760,chr17,80100960,80102583,1623
pre_xy_7761,chr17,80104124,80104871,747
pre_xy_7762,chr17,80146085,80148128,2043
pre_xy_7763,chr17,80219245,80221148,1903
pre_xy_7764,chr17,80259810,80260569,759
pre_xy_7765,chr17,80414190,80415838,1648
pre_xy_7766,chr17,80454182,80455534,1352
pre_xy_7767,chr17,80544283,80545586,1303
pre_xy_7768,chr17,80832332,80834783,2451
pre_xy_7769,chr17,80980985,80982456,1471
pre_xy_7770,chr17,80991397,80992677,1280
pre_xy_7771,chr17,81034002,81036022,2020
pre_xy_7772,chr17,81049464,81050558,1094
pre_xy_7773,chr17,81094571,81096001,1430
pre_xy_7774,chr17,81096669,81097673,1004
pre_xy_7775,chr17,81101345,81102114,769
pre_xy_7776,chr17,81119198,81120405,1207
pre_xy_7777,chr17,81164303,81166580,2277
pre_xy_7778,chr17,81221717,81223842,2125
pre_xy_7779,chr17,81238225,81240148,1923
pre_xy_7780,chr17,81294479,81296352,1873
pre_xy_7781,chr17,81328513,81329960,1447
pre_xy_7782,chr17,81345318,81346713,1395
pre_xy_7783,chr17,81385336,81387690,2354
pre_xy_7784,chr17,81393560,81394403,843
pre_xy_7785,chr17,81394823,81395540,717
pre_xy_7786,chr17,81418852,81420555,1703
pre_xy_7787,chr17,81428777,81430544,1767
pre_xy_7788,chr17,81480258,81481786,1528
pre_xy_7789,chr17,81483900,81484714,814
pre_xy_7790,chr17,81487543,81488563,1020
pre_xy_7791,chr17,81507985,81509525,1540
pre_xy_7792,chr17,81512314,81515433,3119
pre_xy_7793,chr17,81518442,81519734,1292
pre_xy_7794,chr17,81536227,81538232,2005
pre_xy_7795,chr17,81551411,81554206,2795
pre_xy_7796,chr17,81636011,81637485,1474
pre_xy_7797,chr17,81665748,81667218,1470
pre_xy_7798,chr17,81682856,81684444,1588
pre_xy_7799,chr17,81702423,81703885,1462
pre_xy_7800,chr17,81711323,81714002,2679
pre_xy_7801,chr17,81832152,81833921,1769
pre_xy_7802,chr17,81859518,81861658,2140
pre_xy_7803,chr17,81870136,81872307,2171
pre_xy_7804,chr17,81890814,81892158,1344
pre_xy_7805,chr17,81901606,81902818,1212
pre_xy_7806,chr17,81910267,81911932,1665
pre_xy_7807,chr17,81917505,81918513,1008
pre_xy_7808,chr17,81926253,81928705,2452
pre_xy_7809,chr17,81936767,81937743,976
pre_xy_7810,chr17,81959373,81960050,677
pre_xy_7811,chr17,81966374,81968348,1974
pre_xy_7812,chr17,81976535,81978235,1700
pre_xy_7813,chr17,82022372,82023874,1502
pre_xy_7814,chr17,82030153,82032334,2181
pre_xy_7815,chr17,82036841,82037970,1129
pre_xy_7816,chr17,82050830,82052716,1886
pre_xy_7817,chr17,82097148,82099326,2178
pre_xy_7818,chr17,82173732,82174949,1217
pre_xy_7819,chr17,82212132,82213772,1640
pre_xy_7820,chr17,82230470,82232249,1779
pre_xy_7821,chr17,82235801,82236770,969
pre_xy_7822,chr17,82240917,82242548,1631
pre_xy_7823,chr17,82272444,82274342,1898
pre_xy_7824,chr17,82292285,82293858,1573
pre_xy_7825,chr17,82330117,82330973,856
pre_xy_7826,chr17,82417836,82418981,1145
pre_xy_7827,chr17,82450105,82451100,995
pre_xy_7828,chr17,82457612,82459438,1826
pre_xy_7829,chr17,82494136,82495253,1117
pre_xy_7830,chr17,82496671,82498020,1349
pre_xy_7831,chr17,82518954,82520813,1859
pre_xy_7832,chr17,82592331,82593933,1602
pre_xy_7833,chr17,82647086,82649212,2126
pre_xy_7834,chr17,82696897,82699305,2408
pre_xy_7835,chr17,82715952,82717368,1416
pre_xy_7836,chr17,82734970,82736063,1093
pre_xy_7837,chr17,82751099,82752943,1844
pre_xy_7838,chr17,82754512,82755194,682
pre_xy_7839,chr17,82962746,82963604,858
pre_xy_7840,chr17,83050955,83052419,1464
pre_xy_7841,chr17,83078853,83081923,3070
pre_xy_7842,chr17,83099229,83100618,1389
pre_xy_7843,chr18,157966,159531,1565
pre_xy_7844,chr18,267256,268960,1704
pre_xy_7845,chr18,361795,362974,1179
pre_xy_7846,chr18,499053,501343,2290
pre_xy_7847,chr18,596149,597436,1287
pre_xy_7848,chr18,657078,658995,1917
pre_xy_7849,chr18,692430,694316,1886
pre_xy_7850,chr18,711327,713378,2051
pre_xy_7851,chr18,811341,813458,2117
pre_xy_7852,chr18,2570570,2572040,1470
pre_xy_7853,chr18,2654581,2657031,2450
pre_xy_7854,chr18,2846034,2848340,2306
pre_xy_7855,chr18,2905880,2907473,1593
pre_xy_7856,chr18,3012216,3013679,1463
pre_xy_7857,chr18,3245657,3248320,2663
pre_xy_7858,chr18,3261209,3263138,1929
pre_xy_7859,chr18,3296418,3297774,1356
pre_xy_7860,chr18,3447460,3448575,1115
pre_xy_7861,chr18,3449068,3450811,1743
pre_xy_7862,chr18,3451143,3451872,729
pre_xy_7863,chr18,3498629,3500275,1646
pre_xy_7864,chr18,3593211,3596129,2918
pre_xy_7865,chr18,3602463,3604170,1707
pre_xy_7866,chr18,3653516,3655114,1598
pre_xy_7867,chr18,3665326,3666649,1323
pre_xy_7868,chr18,3712496,3713929,1433
pre_xy_7869,chr18,3770762,3771975,1213
pre_xy_7870,chr18,3790404,3791484,1080
pre_xy_7871,chr18,4453683,4455774,2091
pre_xy_7872,chr18,5196212,5197445,1233
pre_xy_7873,chr18,5237060,5238818,1758
pre_xy_7874,chr18,5294347,5297097,2750
pre_xy_7875,chr18,5542486,5544287,1801
pre_xy_7876,chr18,5628237,5631046,2809
pre_xy_7877,chr18,5889989,5891372,1383
pre_xy_7878,chr18,5894082,5896425,2343
pre_xy_7879,chr18,6413654,6415382,1728
pre_xy_7880,chr18,6728594,6730172,1578
pre_xy_7881,chr18,7115858,7118320,2462
pre_xy_7882,chr18,7566458,7568827,2369
pre_xy_7883,chr18,8608290,8610733,2443
pre_xy_7884,chr18,8704008,8706178,2170
pre_xy_7885,chr18,9101664,9103342,1678
pre_xy_7886,chr18,9135764,9137927,2163
pre_xy_7887,chr18,9333703,9335367,1664
pre_xy_7888,chr18,9474310,9476625,2315
pre_xy_7889,chr18,9613466,9615348,1882
pre_xy_7890,chr18,9707384,9709884,2500
pre_xy_7891,chr18,9876551,9877689,1138
pre_xy_7892,chr18,9913237,9915315,2078
pre_xy_7893,chr18,10131381,10132496,1115
pre_xy_7894,chr18,10453536,10455473,1937
pre_xy_7895,chr18,10525528,10526914,1386
pre_xy_7896,chr18,11148158,11149952,1794
pre_xy_7897,chr18,11688739,11690312,1573
pre_xy_7898,chr18,11751075,11752896,1821
pre_xy_7899,chr18,11849716,11852209,2493
pre_xy_7900,chr18,11907663,11909212,1549
pre_xy_7901,chr18,11946819,11948137,1318
pre_xy_7902,chr18,11980209,11982229,2020
pre_xy_7903,chr18,12038134,12039356,1222
pre_xy_7904,chr18,12253090,12254722,1632
pre_xy_7905,chr18,12271154,12272282,1128
pre_xy_7906,chr18,12287161,12288571,1410
pre_xy_7907,chr18,12307154,12309108,1954
pre_xy_7908,chr18,12376104,12378044,1940
pre_xy_7909,chr18,12407447,12408762,1315
pre_xy_7910,chr18,12419701,12421376,1675
pre_xy_7911,chr18,12656685,12658815,2130
pre_xy_7912,chr18,12701731,12703339,1608
pre_xy_7913,chr18,12882967,12884668,1701
pre_xy_7914,chr18,12910936,12912666,1730
pre_xy_7915,chr18,12946702,12948756,2054
pre_xy_7916,chr18,12990211,12991883,1672
pre_xy_7917,chr18,12996521,12998349,1828
pre_xy_7918,chr18,13136256,13138288,2032
pre_xy_7919,chr18,13216801,13218925,2124
pre_xy_7920,chr18,13641113,13642413,1300
pre_xy_7921,chr18,13725621,13727381,1760
pre_xy_7922,chr18,14131842,14132754,912
pre_xy_7923,chr18,21110441,21112462,2021
pre_xy_7924,chr18,21241229,21243429,2200
pre_xy_7925,chr18,21599038,21601255,2217
pre_xy_7926,chr18,21611685,21612815,1130
pre_xy_7927,chr18,21703376,21705135,1759
pre_xy_7928,chr18,21740046,21742169,2123
pre_xy_7929,chr18,22025955,22027381,1426
pre_xy_7930,chr18,22168786,22172036,3250
pre_xy_7931,chr18,22193073,22194582,1509
pre_xy_7932,chr18,22347995,22349968,1973
pre_xy_7933,chr18,22558875,22560444,1569
pre_xy_7934,chr18,22932720,22934141,1421
pre_xy_7935,chr18,23134753,23137127,2374
pre_xy_7936,chr18,23436869,23438123,1254
pre_xy_7937,chr18,23452676,23454085,1409
pre_xy_7938,chr18,23502583,23504175,1592
pre_xy_7939,chr18,23585235,23587172,1937
pre_xy_7940,chr18,23618767,23619923,1156
pre_xy_7941,chr18,23688965,23690600,1635
pre_xy_7942,chr18,24013870,24015589,1719
pre_xy_7943,chr18,24138388,24139713,1325
pre_xy_7944,chr18,24270548,24272431,1883
pre_xy_7945,chr18,24396762,24398201,1439
pre_xy_7946,chr18,24426103,24427485,1382
pre_xy_7947,chr18,24560314,24561021,707
pre_xy_7948,chr18,25349129,25351222,2093
pre_xy_7949,chr18,25351595,25352614,1019
pre_xy_7950,chr18,26089273,26091422,2149
pre_xy_7951,chr18,26225950,26227328,1378
pre_xy_7952,chr18,26547407,26550196,2789
pre_xy_7953,chr18,26655361,26657576,2215
pre_xy_7954,chr18,27183750,27185654,1904
pre_xy_7955,chr18,28175065,28178582,3517
pre_xy_7956,chr18,30113190,30114115,925
pre_xy_7957,chr18,31040993,31043191,2198
pre_xy_7958,chr18,31100565,31102616,2051
pre_xy_7959,chr18,31497434,31499118,1684
pre_xy_7960,chr18,31684117,31686049,1932
pre_xy_7961,chr18,31942083,31943902,1819
pre_xy_7962,chr18,32017996,32019864,1868
pre_xy_7963,chr18,32091484,32093510,2026
pre_xy_7964,chr18,32157710,32158604,894
pre_xy_7965,chr18,32469722,32471471,1749
pre_xy_7966,chr18,32770612,32772564,1952
pre_xy_7967,chr18,33439938,33441140,1202
pre_xy_7968,chr18,33577452,33579626,2174
pre_xy_7969,chr18,34158501,34159816,1315
pre_xy_7970,chr18,34224229,34225313,1084
pre_xy_7971,chr18,34492692,34494638,1946
pre_xy_7972,chr18,34976612,34978509,1897
pre_xy_7973,chr18,35040815,35042930,2115
pre_xy_7974,chr18,35240007,35241474,1467
pre_xy_7975,chr18,35266900,35268136,1236
pre_xy_7976,chr18,35289389,35290827,1438
pre_xy_7977,chr18,35343526,35344812,1286
pre_xy_7978,chr18,35376363,35377514,1151
pre_xy_7979,chr18,35496886,35498194,1308
pre_xy_7980,chr18,35580698,35582306,1608
pre_xy_7981,chr18,35729912,35731253,1341
pre_xy_7982,chr18,35949283,35950730,1447
pre_xy_7983,chr18,35971764,35973027,1263
pre_xy_7984,chr18,36066680,36067911,1231
pre_xy_7985,chr18,36128323,36130293,1970
pre_xy_7986,chr18,36186568,36188657,2089
pre_xy_7987,chr18,36296417,36298760,2343
pre_xy_7988,chr18,36381827,36383245,1418
pre_xy_7989,chr18,36828054,36829834,1780
pre_xy_7990,chr18,37253273,37254786,1513
pre_xy_7991,chr18,37299001,37300128,1127
pre_xy_7992,chr18,37393847,37394790,943
pre_xy_7993,chr18,37484871,37485775,904
pre_xy_7994,chr18,37564657,37567819,3162
pre_xy_7995,chr18,39840349,39842511,2162
pre_xy_7996,chr18,41954614,41955914,1300
pre_xy_7997,chr18,44678936,44681306,2370
pre_xy_7998,chr18,45966574,45967775,1201
pre_xy_7999,chr18,46070712,46072629,1917
pre_xy_8000,chr18,46096671,46098801,2130
pre_xy_8001,chr18,46103801,46105105,1304
pre_xy_8002,chr18,46152309,46153957,1648
pre_xy_8003,chr18,46173169,46175030,1861
pre_xy_8004,chr18,46332826,46335248,2422
pre_xy_8005,chr18,46754706,46758194,3488
pre_xy_8006,chr18,46916449,46918412,1963
pre_xy_8007,chr18,46946244,46947332,1088
pre_xy_8008,chr18,47149337,47151082,1745
pre_xy_8009,chr18,47175309,47176552,1243
pre_xy_8010,chr18,47748679,47749557,878
pre_xy_8011,chr18,47798339,47800051,1712
pre_xy_8012,chr18,47929789,47931929,2140
pre_xy_8013,chr18,48007628,48008739,1111
pre_xy_8014,chr18,48023132,48024131,999
pre_xy_8015,chr18,48036360,48038582,2222
pre_xy_8016,chr18,48099248,48101231,1983
pre_xy_8017,chr18,48135866,48137288,1422
pre_xy_8018,chr18,48161002,48162743,1741
pre_xy_8019,chr18,48408614,48410868,2254
pre_xy_8020,chr18,48538371,48541608,3237
pre_xy_8021,chr18,48779974,48781950,1976
pre_xy_8022,chr18,48827290,48829872,2582
pre_xy_8023,chr18,48841162,48843285,2123
pre_xy_8024,chr18,48951353,48953094,1741
pre_xy_8025,chr18,48974288,48976590,2302
pre_xy_8026,chr18,49459802,49461135,1333
pre_xy_8027,chr18,49486466,49487606,1140
pre_xy_8028,chr18,49491683,49492697,1014
pre_xy_8029,chr18,49560375,49562788,2413
pre_xy_8030,chr18,49812524,49814561,2037
pre_xy_8031,chr18,50193341,50195460,2119
pre_xy_8032,chr18,50265817,50266814,997
pre_xy_8033,chr18,50280888,50282211,1323
pre_xy_8034,chr18,50286559,50288410,1851
pre_xy_8035,chr18,50306913,50308502,1589
pre_xy_8036,chr18,50374400,50375453,1053
pre_xy_8037,chr18,50400199,50402376,2177
pre_xy_8038,chr18,50559083,50561282,2199
pre_xy_8039,chr18,50819138,50820345,1207
pre_xy_8040,chr18,50878286,50880311,2025
pre_xy_8041,chr18,50967451,50968729,1278
pre_xy_8042,chr18,51029505,51031297,1792
pre_xy_8043,chr18,51196448,51198491,2043
pre_xy_8044,chr18,54223215,54225096,1881
pre_xy_8045,chr18,54268932,54270614,1682
pre_xy_8046,chr18,54357003,54359029,2026
pre_xy_8047,chr18,54530782,54532295,1513
pre_xy_8048,chr18,54827992,54829187,1195
pre_xy_8049,chr18,54958008,54959652,1644
pre_xy_8050,chr18,55198985,55200285,1300
pre_xy_8051,chr18,55320950,55322811,1861
pre_xy_8052,chr18,55587054,55589059,2005
pre_xy_8053,chr18,55589597,55590312,715
pre_xy_8054,chr18,55779219,55780728,1509
pre_xy_8055,chr18,56637345,56639180,1835
pre_xy_8056,chr18,56650572,56652165,1593
pre_xy_8057,chr18,57352240,57354381,2141
pre_xy_8058,chr18,57434641,57435935,1294
pre_xy_8059,chr18,57585440,57587183,1743
pre_xy_8060,chr18,57621109,57622336,1227
pre_xy_8061,chr18,57629602,57630795,1193
pre_xy_8062,chr18,57801678,57803891,2213
pre_xy_8063,chr18,58043381,58046099,2718
pre_xy_8064,chr18,58670666,58672348,1682
pre_xy_8065,chr18,58862717,58865084,2367
pre_xy_8066,chr18,59139217,59140633,1416
pre_xy_8067,chr18,59219690,59221550,1860
pre_xy_8068,chr18,59268636,59269689,1053
pre_xy_8069,chr18,59272873,59274469,1596
pre_xy_8070,chr18,59308076,59309170,1094
pre_xy_8071,chr18,59357919,59359828,1909
pre_xy_8072,chr18,59402138,59402837,699
pre_xy_8073,chr18,59696184,59697917,1733
pre_xy_8074,chr18,59899039,59901094,2055
pre_xy_8075,chr18,61333119,61334693,1574
pre_xy_8076,chr18,61892761,61895046,2285
pre_xy_8077,chr18,62186260,62188315,2055
pre_xy_8078,chr18,62324141,62326351,2210
pre_xy_8079,chr18,62522236,62524954,2718
pre_xy_8080,chr18,62526159,62526985,826
pre_xy_8081,chr18,62595934,62597584,1650
pre_xy_8082,chr18,62610296,62612452,2156
pre_xy_8083,chr18,62714639,62717194,2555
pre_xy_8084,chr18,63271572,63273843,2271
pre_xy_8085,chr18,63290166,63291799,1633
pre_xy_8086,chr18,63317723,63318613,890
pre_xy_8087,chr18,63319398,63321071,1673
pre_xy_8088,chr18,63365974,63368026,2052
pre_xy_8089,chr18,63421664,63423177,1513
pre_xy_8090,chr18,63969775,63971421,1646
pre_xy_8091,chr18,65749928,65751828,1900
pre_xy_8092,chr18,67515651,67517639,1988
pre_xy_8093,chr18,68714292,68715530,1238
pre_xy_8094,chr18,68943490,68944560,1070
pre_xy_8095,chr18,69400037,69402267,2230
pre_xy_8096,chr18,70205153,70206426,1273
pre_xy_8097,chr18,70288200,70289993,1793
pre_xy_8098,chr18,72541606,72544612,3006
pre_xy_8099,chr18,72866659,72869390,2731
pre_xy_8100,chr18,74147129,74148718,1589
pre_xy_8101,chr18,74290615,74292569,1954
pre_xy_8102,chr18,74495529,74496991,1462
pre_xy_8103,chr18,74596854,74598929,2075
pre_xy_8104,chr18,75203564,75205145,1581
pre_xy_8105,chr18,75208165,75209927,1762
pre_xy_8106,chr18,75210462,75212391,1929
pre_xy_8107,chr18,75455009,75456662,1653
pre_xy_8108,chr18,75915795,75916943,1148
pre_xy_8109,chr18,76450472,76452639,2167
pre_xy_8110,chr18,76490695,76493383,2688
pre_xy_8111,chr18,76494211,76495882,1671
pre_xy_8112,chr18,76496067,76496510,443
pre_xy_8113,chr18,76524957,76525737,780
pre_xy_8114,chr18,76528384,76529842,1458
pre_xy_8115,chr18,76564648,76566124,1476
pre_xy_8116,chr18,76618537,76620710,2173
pre_xy_8117,chr18,76821605,76823971,2366
pre_xy_8118,chr18,77131026,77133832,2806
pre_xy_8119,chr18,77249164,77251770,2606
pre_xy_8120,chr18,77321688,77322416,728
pre_xy_8121,chr18,77899746,77900639,893
pre_xy_8122,chr18,79068292,79069867,1575
pre_xy_8123,chr18,79378492,79379338,846
pre_xy_8124,chr18,79393308,79394804,1496
pre_xy_8125,chr18,79395669,79396684,1015
pre_xy_8126,chr18,79506317,79508405,2088
pre_xy_8127,chr18,79678702,79680655,1953
pre_xy_8128,chr18,79796578,79799310,2732
pre_xy_8129,chr18,79950597,79952365,1768
pre_xy_8130,chr18,79964170,79964895,725
pre_xy_8131,chr18,79987697,79989298,1601
pre_xy_8132,chr18,80033152,80034814,1662
pre_xy_8133,chr18,80108644,80110117,1473
pre_xy_8134,chr18,80147085,80148506,1421
pre_xy_8135,chr18,80245918,80247843,1925
pre_xy_8136,chr19,294232,295445,1213
pre_xy_8137,chr19,343967,345184,1217
pre_xy_8138,chr19,408373,410071,1698
pre_xy_8139,chr19,417192,418336,1144
pre_xy_8140,chr19,459568,461203,1635
pre_xy_8141,chr19,488414,489889,1475
pre_xy_8142,chr19,506453,508076,1623
pre_xy_8143,chr19,511125,511643,518
pre_xy_8144,chr19,517646,519444,1798
pre_xy_8145,chr19,530782,533489,2707
pre_xy_8146,chr19,572036,573587,1551
pre_xy_8147,chr19,574674,575758,1084
pre_xy_8148,chr19,632184,634025,1841
pre_xy_8149,chr19,639070,640183,1113
pre_xy_8150,chr19,662156,663861,1705
pre_xy_8151,chr19,679614,681233,1619
pre_xy_8152,chr19,708323,710515,2192
pre_xy_8153,chr19,718138,721170,3032
pre_xy_8154,chr19,796633,798324,1691
pre_xy_8155,chr19,821225,822624,1399
pre_xy_8156,chr19,892316,893735,1419
pre_xy_8157,chr19,898479,899275,796
pre_xy_8158,chr19,925005,926412,1407
pre_xy_8159,chr19,944035,945494,1459
pre_xy_8160,chr19,952328,954043,1715
pre_xy_8161,chr19,983936,984985,1049
pre_xy_8162,chr19,1000088,1001998,1910
pre_xy_8163,chr19,1020551,1021960,1409
pre_xy_8164,chr19,1026206,1027234,1028
pre_xy_8165,chr19,1027662,1028928,1266
pre_xy_8166,chr19,1039550,1041421,1871
pre_xy_8167,chr19,1094663,1095747,1084
pre_xy_8168,chr19,1103435,1105369,1934
pre_xy_8169,chr19,1112984,1113893,909
pre_xy_8170,chr19,1131140,1133881,2741
pre_xy_8171,chr19,1171329,1174465,3136
pre_xy_8172,chr19,1194005,1194926,921
pre_xy_8173,chr19,1205118,1206028,910
pre_xy_8174,chr19,1206862,1208334,1472
pre_xy_8175,chr19,1232066,1233583,1517
pre_xy_8176,chr19,1239781,1240582,801
pre_xy_8177,chr19,1241374,1241979,605
pre_xy_8178,chr19,1248043,1249992,1949
pre_xy_8179,chr19,1250581,1251684,1103
pre_xy_8180,chr19,1252160,1253671,1511
pre_xy_8181,chr19,1260245,1262435,2190
pre_xy_8182,chr19,1266062,1267256,1194
pre_xy_8183,chr19,1268820,1270122,1302
pre_xy_8184,chr19,1274725,1276278,1553
pre_xy_8185,chr19,1354076,1356046,1970
pre_xy_8186,chr19,1360270,1362395,2125
pre_xy_8187,chr19,1383047,1384361,1314
pre_xy_8188,chr19,1400217,1401844,1627
pre_xy_8189,chr19,1406682,1409037,2355
pre_xy_8190,chr19,1415011,1416237,1226
pre_xy_8191,chr19,1437643,1439181,1538
pre_xy_8192,chr19,1444794,1445554,760
pre_xy_8193,chr19,1465190,1466244,1054
pre_xy_8194,chr19,1470132,1471323,1191
pre_xy_8195,chr19,1478583,1479703,1120
pre_xy_8196,chr19,1489956,1491319,1363
pre_xy_8197,chr19,1502801,1503835,1034
pre_xy_8198,chr19,1507529,1508554,1025
pre_xy_8199,chr19,1566154,1568648,2494
pre_xy_8200,chr19,1591582,1593338,1756
pre_xy_8201,chr19,1604834,1606396,1562
pre_xy_8202,chr19,1651220,1653314,2094
pre_xy_8203,chr19,1811927,1813332,1405
pre_xy_8204,chr19,1825830,1827662,1832
pre_xy_8205,chr19,1847373,1848967,1594
pre_xy_8206,chr19,1851658,1852498,840
pre_xy_8207,chr19,1862599,1865100,2501
pre_xy_8208,chr19,1875247,1876919,1672
pre_xy_8209,chr19,1884263,1885775,1512
pre_xy_8210,chr19,1904877,1905884,1007
pre_xy_8211,chr19,1928993,1930495,1502
pre_xy_8212,chr19,1939901,1942710,2809
pre_xy_8213,chr19,2041559,2042810,1251
pre_xy_8214,chr19,2049337,2051580,2243
pre_xy_8215,chr19,2060584,2062265,1681
pre_xy_8216,chr19,2095926,2097302,1376
pre_xy_8217,chr19,2150206,2152100,1894
pre_xy_8218,chr19,2163380,2164642,1262
pre_xy_8219,chr19,2235116,2237154,2038
pre_xy_8220,chr19,2250566,2251899,1333
pre_xy_8221,chr19,2268944,2270295,1351
pre_xy_8222,chr19,2270447,2271333,886
pre_xy_8223,chr19,2273490,2273970,480
pre_xy_8224,chr19,2275746,2276440,694
pre_xy_8225,chr19,2290773,2291835,1062
pre_xy_8226,chr19,2302168,2303293,1125
pre_xy_8227,chr19,2327551,2329667,2116
pre_xy_8228,chr19,2371662,2372746,1084
pre_xy_8229,chr19,2422895,2424242,1347
pre_xy_8230,chr19,2424712,2425607,895
pre_xy_8231,chr19,2426972,2428122,1150
pre_xy_8232,chr19,2455755,2457528,1773
pre_xy_8233,chr19,2461770,2463428,1658
pre_xy_8234,chr19,2474540,2477211,2671
pre_xy_8235,chr19,2478228,2479616,1388
pre_xy_8236,chr19,2493951,2496236,2285
pre_xy_8237,chr19,2540527,2541192,665
pre_xy_8238,chr19,2543149,2544402,1253
pre_xy_8239,chr19,2578309,2579763,1454
pre_xy_8240,chr19,2598813,2599657,844
pre_xy_8241,chr19,2610738,2611523,785
pre_xy_8242,chr19,2702229,2703001,772
pre_xy_8243,chr19,2719872,2722072,2200
pre_xy_8244,chr19,2738972,2740412,1440
pre_xy_8245,chr19,2782832,2783696,864
pre_xy_8246,chr19,2784910,2785852,942
pre_xy_8247,chr19,2819337,2820665,1328
pre_xy_8248,chr19,2840549,2842217,1668
pre_xy_8249,chr19,2900185,2901463,1278
pre_xy_8250,chr19,2944441,2945586,1145
pre_xy_8251,chr19,2949791,2951296,1505
pre_xy_8252,chr19,2976635,2977752,1117
pre_xy_8253,chr19,2982534,2984386,1852
pre_xy_8254,chr19,3033962,3036861,2899
pre_xy_8255,chr19,3045849,3048064,2215
pre_xy_8256,chr19,3055192,3057781,2589
pre_xy_8257,chr19,3061206,3063119,1913
pre_xy_8258,chr19,3093740,3094972,1232
pre_xy_8259,chr19,3184913,3186724,1811
pre_xy_8260,chr19,3284475,3286204,1729
pre_xy_8261,chr19,3358881,3362024,3143
pre_xy_8262,chr19,3434438,3435617,1179
pre_xy_8263,chr19,3457509,3460268,2759
pre_xy_8264,chr19,3500044,3501091,1047
pre_xy_8265,chr19,3505555,3507807,2252
pre_xy_8266,chr19,3556821,3558415,1594
pre_xy_8267,chr19,3572120,3574431,2311
pre_xy_8268,chr19,3626056,3627340,1284
pre_xy_8269,chr19,3698710,3700763,2053
pre_xy_8270,chr19,3761092,3761868,776
pre_xy_8271,chr19,3762286,3763239,953
pre_xy_8272,chr19,3949924,3951862,1938
pre_xy_8273,chr19,3970238,3971563,1325
pre_xy_8274,chr19,3984622,3985713,1091
pre_xy_8275,chr19,4006914,4008567,1653
pre_xy_8276,chr19,4014713,4016444,1731
pre_xy_8277,chr19,4064811,4067902,3091
pre_xy_8278,chr19,4123275,4124573,1298
pre_xy_8279,chr19,4172688,4173451,763
pre_xy_8280,chr19,4181847,4182940,1093
pre_xy_8281,chr19,4246497,4247889,1392
pre_xy_8282,chr19,4327210,4329016,1806
pre_xy_8283,chr19,4342265,4343973,1708
pre_xy_8284,chr19,4399608,4400839,1231
pre_xy_8285,chr19,4401884,4402982,1098
pre_xy_8286,chr19,4414279,4415824,1545
pre_xy_8287,chr19,4454912,4456150,1238
pre_xy_8288,chr19,4456310,4458148,1838
pre_xy_8289,chr19,4471136,4472526,1390
pre_xy_8290,chr19,4474108,4475009,901
pre_xy_8291,chr19,4635454,4636581,1127
pre_xy_8292,chr19,4638832,4640002,1170
pre_xy_8293,chr19,4669560,4670795,1235
pre_xy_8294,chr19,4722449,4724892,2443
pre_xy_8295,chr19,4759229,4760249,1020
pre_xy_8296,chr19,4768911,4769885,974
pre_xy_8297,chr19,4790840,4792462,1622
pre_xy_8298,chr19,4831252,4831967,715
pre_xy_8299,chr19,4866621,4868184,1563
pre_xy_8300,chr19,4908292,4910520,2228
pre_xy_8301,chr19,4968135,4969526,1391
pre_xy_8302,chr19,5047936,5049613,1677
pre_xy_8303,chr19,5057889,5059662,1773
pre_xy_8304,chr19,5090720,5092242,1522
pre_xy_8305,chr19,5127963,5129611,1648
pre_xy_8306,chr19,5276410,5277308,898
pre_xy_8307,chr19,5292498,5294285,1787
pre_xy_8308,chr19,5339412,5341168,1756
pre_xy_8309,chr19,5536181,5536921,740
pre_xy_8310,chr19,5620966,5624632,3666
pre_xy_8311,chr19,5679685,5681261,1576
pre_xy_8312,chr19,5686319,5687431,1112
pre_xy_8313,chr19,5689922,5690678,756
pre_xy_8314,chr19,5691112,5691921,809
pre_xy_8315,chr19,5718159,5720919,2760
pre_xy_8316,chr19,5790363,5791458,1095
pre_xy_8317,chr19,5803613,5804378,765
pre_xy_8318,chr19,5804686,5806119,1433
pre_xy_8319,chr19,5826542,5827038,496
pre_xy_8320,chr19,5827215,5829678,2463
pre_xy_8321,chr19,5903222,5905113,1891
pre_xy_8322,chr19,5967681,5969285,1604
pre_xy_8323,chr19,5977200,5978582,1382
pre_xy_8324,chr19,6065732,6067607,1875
pre_xy_8325,chr19,6110077,6110953,876
pre_xy_8326,chr19,6198976,6199999,1023
pre_xy_8327,chr19,6216515,6217646,1131
pre_xy_8328,chr19,6271238,6272789,1551
pre_xy_8329,chr19,6279167,6280438,1271
pre_xy_8330,chr19,6361009,6362375,1366
pre_xy_8331,chr19,6372118,6373751,1633
pre_xy_8332,chr19,6392689,6394121,1432
pre_xy_8333,chr19,6424158,6425691,1533
pre_xy_8334,chr19,6458944,6460779,1835
pre_xy_8335,chr19,6475274,6476989,1715
pre_xy_8336,chr19,6501608,6502666,1058
pre_xy_8337,chr19,6515745,6517227,1482
pre_xy_8338,chr19,6530535,6531290,755
pre_xy_8339,chr19,6660707,6662083,1376
pre_xy_8340,chr19,6736407,6738840,2433
pre_xy_8341,chr19,6738962,6739817,855
pre_xy_8342,chr19,6752438,6754035,1597
pre_xy_8343,chr19,7068716,7070106,1390
pre_xy_8344,chr19,7098558,7099824,1266
pre_xy_8345,chr19,7196704,7198616,1912
pre_xy_8346,chr19,7211173,7212194,1021
pre_xy_8347,chr19,7293222,7295168,1946
pre_xy_8348,chr19,7394498,7395757,1259
pre_xy_8349,chr19,7488340,7489409,1069
pre_xy_8350,chr19,7515052,7517147,2095
pre_xy_8351,chr19,7521834,7523225,1391
pre_xy_8352,chr19,7533338,7536007,2669
pre_xy_8353,chr19,7550750,7551845,1095
pre_xy_8354,chr19,7595235,7597441,2206
pre_xy_8355,chr19,7629067,7630217,1150
pre_xy_8356,chr19,7636570,7637907,1337
pre_xy_8357,chr19,7680418,7682454,2036
pre_xy_8358,chr19,7786841,7789052,2211
pre_xy_8359,chr19,7829192,7830519,1327
pre_xy_8360,chr19,7852987,7853819,832
pre_xy_8361,chr19,7861856,7863371,1515
pre_xy_8362,chr19,7868610,7870906,2296
pre_xy_8363,chr19,7871055,7872373,1318
pre_xy_8364,chr19,7874091,7874904,813
pre_xy_8365,chr19,7902774,7904631,1857
pre_xy_8366,chr19,7917445,7918125,680
pre_xy_8367,chr19,7919748,7921367,1619
pre_xy_8368,chr19,7925066,7927332,2266
pre_xy_8369,chr19,7943003,7944566,1563
pre_xy_8370,chr19,8001884,8002734,850
pre_xy_8371,chr19,8004766,8006134,1368
pre_xy_8372,chr19,8148384,8149835,1451
pre_xy_8373,chr19,8207961,8210220,2259
pre_xy_8374,chr19,8268127,8269597,1470
pre_xy_8375,chr19,8307269,8308728,1459
pre_xy_8376,chr19,8320557,8322139,1582
pre_xy_8377,chr19,8334411,8335861,1450
pre_xy_8378,chr19,8342300,8343582,1282
pre_xy_8379,chr19,8363529,8364774,1245
pre_xy_8380,chr19,8389648,8391083,1435
pre_xy_8381,chr19,8412685,8413536,851
pre_xy_8382,chr19,8444368,8445856,1488
pre_xy_8383,chr19,8505651,8506652,1001
pre_xy_8384,chr19,8513092,8514403,1311
pre_xy_8385,chr19,8525144,8526879,1735
pre_xy_8386,chr19,8591716,8593046,1330
pre_xy_8387,chr19,8608976,8611095,2119
pre_xy_8388,chr19,8831607,8833187,1580
pre_xy_8389,chr19,9074975,9076095,1120
pre_xy_8390,chr19,9139820,9140942,1122
pre_xy_8391,chr19,9309013,9310326,1313
pre_xy_8392,chr19,9323280,9324663,1383
pre_xy_8393,chr19,9362641,9363451,810
pre_xy_8394,chr19,9406382,9407479,1097
pre_xy_8395,chr19,9435002,9436129,1127
pre_xy_8396,chr19,9537988,9539039,1051
pre_xy_8397,chr19,9583821,9584868,1047
pre_xy_8398,chr19,9620574,9622060,1486
pre_xy_8399,chr19,9674375,9675626,1251
pre_xy_8400,chr19,9767769,9769207,1438
pre_xy_8401,chr19,9784390,9786328,1938
pre_xy_8402,chr19,9791536,9793274,1738
pre_xy_8403,chr19,9818329,9819897,1568
pre_xy_8404,chr19,9826967,9828234,1267
pre_xy_8405,chr19,9834369,9835828,1459
pre_xy_8406,chr19,9913301,9915018,1717
pre_xy_8407,chr19,9933952,9934791,839
pre_xy_8408,chr19,9935323,9936815,1492
pre_xy_8409,chr19,10027202,10028043,841
pre_xy_8410,chr19,10085513,10087219,1706
pre_xy_8411,chr19,10095667,10096722,1055
pre_xy_8412,chr19,10104646,10106801,2155
pre_xy_8413,chr19,10119019,10120164,1145
pre_xy_8414,chr19,10193768,10195310,1542
pre_xy_8415,chr19,10229984,10231682,1698
pre_xy_8416,chr19,10251369,10252656,1287
pre_xy_8417,chr19,10269196,10271875,2679
pre_xy_8418,chr19,10315280,10316718,1438
pre_xy_8419,chr19,10332570,10334011,1441
pre_xy_8420,chr19,10334354,10335220,866
pre_xy_8421,chr19,10352404,10354202,1798
pre_xy_8422,chr19,10379925,10381125,1200
pre_xy_8423,chr19,10403116,10404961,1845
pre_xy_8424,chr19,10416139,10417113,974
pre_xy_8425,chr19,10460795,10461871,1076
pre_xy_8426,chr19,10478503,10479508,1005
pre_xy_8427,chr19,10501906,10503734,1828
pre_xy_8428,chr19,10517285,10518664,1379
pre_xy_8429,chr19,10543268,10544575,1307
pre_xy_8430,chr19,10565215,10566352,1137
pre_xy_8431,chr19,10568254,10569422,1168
pre_xy_8432,chr19,10602003,10603641,1638
pre_xy_8433,chr19,10624844,10626191,1347
pre_xy_8434,chr19,10643536,10645106,1570
pre_xy_8435,chr19,10653139,10655096,1957
pre_xy_8436,chr19,10695260,10696279,1019
pre_xy_8437,chr19,10700944,10702388,1444
pre_xy_8438,chr19,10712030,10713731,1701
pre_xy_8439,chr19,10717196,10720128,2932
pre_xy_8440,chr19,10835102,10836753,1651
pre_xy_8441,chr19,10870439,10872967,2528
pre_xy_8442,chr19,10927971,10929660,1689
pre_xy_8443,chr19,10960039,10961713,1674
pre_xy_8444,chr19,11088991,11090987,1996
pre_xy_8445,chr19,11137488,11138302,814
pre_xy_8446,chr19,11142200,11143714,1514
pre_xy_8447,chr19,11155330,11156269,939
pre_xy_8448,chr19,11196487,11198093,1606
pre_xy_8449,chr19,11261406,11262835,1429
pre_xy_8450,chr19,11293494,11294243,749
pre_xy_8451,chr19,11338625,11339927,1302
pre_xy_8452,chr19,11345585,11346902,1317
pre_xy_8453,chr19,11354842,11355968,1126
pre_xy_8454,chr19,11374295,11375867,1572
pre_xy_8455,chr19,11380645,11382020,1375
pre_xy_8456,chr19,11382810,11384500,1690
pre_xy_8457,chr19,11421674,11422881,1207
pre_xy_8458,chr19,11434641,11436205,1564
pre_xy_8459,chr19,11481664,11482940,1276
pre_xy_8460,chr19,11504733,11506427,1694
pre_xy_8461,chr19,11528352,11529519,1167
pre_xy_8462,chr19,11558594,11559732,1138
pre_xy_8463,chr19,11596886,11598191,1305
pre_xy_8464,chr19,11639249,11640514,1265
pre_xy_8465,chr19,11673508,11674468,960
pre_xy_8466,chr19,11694374,11695384,1010
pre_xy_8467,chr19,11737822,11739425,1603
pre_xy_8468,chr19,11766394,11768104,1710
pre_xy_8469,chr19,11797287,11799068,1781
pre_xy_8470,chr19,11813595,11814942,1347
pre_xy_8471,chr19,11848185,11849569,1384
pre_xy_8472,chr19,11887262,11888527,1265
pre_xy_8473,chr19,11923444,11925620,2176
pre_xy_8474,chr19,11963753,11965610,1857
pre_xy_8475,chr19,11987133,11989160,2027
pre_xy_8476,chr19,12034447,12036238,1791
pre_xy_8477,chr19,12051847,12053322,1475
pre_xy_8478,chr19,12059272,12059888,616
pre_xy_8479,chr19,12064228,12065561,1333
pre_xy_8480,chr19,12091859,12092826,967
pre_xy_8481,chr19,12139486,12141432,1946
pre_xy_8482,chr19,12155418,12157015,1597
pre_xy_8483,chr19,12162630,12163629,999
pre_xy_8484,chr19,12194433,12195790,1357
pre_xy_8485,chr19,12293645,12295291,1646
pre_xy_8486,chr19,12332348,12334073,1725
pre_xy_8487,chr19,12364494,12366139,1645
pre_xy_8488,chr19,12400048,12401623,1575
pre_xy_8489,chr19,12439883,12441455,1572
pre_xy_8490,chr19,12484037,12485366,1329
pre_xy_8491,chr19,12494854,12495949,1095
pre_xy_8492,chr19,12550528,12552044,1516
pre_xy_8493,chr19,12610157,12611647,1490
pre_xy_8494,chr19,12666239,12666974,735
pre_xy_8495,chr19,12668701,12670059,1358
pre_xy_8496,chr19,12680867,12682148,1281
pre_xy_8497,chr19,12695952,12696988,1036
pre_xy_8498,chr19,12720824,12723095,2271
pre_xy_8499,chr19,12734046,12734937,891
pre_xy_8500,chr19,12736566,12737769,1203
pre_xy_8501,chr19,12769623,12770057,434
pre_xy_8502,chr19,12774785,12775856,1071
pre_xy_8503,chr19,12777362,12779518,2156
pre_xy_8504,chr19,12782107,12783184,1077
pre_xy_8505,chr19,12789513,12790403,890
pre_xy_8506,chr19,12791160,12791851,691
pre_xy_8507,chr19,12792171,12794322,2151
pre_xy_8508,chr19,12800880,12802399,1519
pre_xy_8509,chr19,12805998,12807043,1045
pre_xy_8510,chr19,12847143,12848067,924
pre_xy_8511,chr19,12867135,12868077,942
pre_xy_8512,chr19,12890389,12891698,1309
pre_xy_8513,chr19,12918838,12919688,850
pre_xy_8514,chr19,12932786,12933954,1168
pre_xy_8515,chr19,12937348,12939532,2184
pre_xy_8516,chr19,12945020,12946403,1383
pre_xy_8517,chr19,12956521,12957413,892
pre_xy_8518,chr19,12964913,12965847,934
pre_xy_8519,chr19,12994861,12997014,2153
pre_xy_8520,chr19,13060158,13061682,1524
pre_xy_8521,chr19,13116000,13117147,1147
pre_xy_8522,chr19,13117786,13119166,1380
pre_xy_8523,chr19,13149626,13150555,929
pre_xy_8524,chr19,13151218,13152296,1078
pre_xy_8525,chr19,13152673,13153320,647
pre_xy_8526,chr19,13154888,13156265,1377
pre_xy_8527,chr19,13162522,13164970,2448
pre_xy_8528,chr19,13207158,13208785,1627
pre_xy_8529,chr19,13731015,13732074,1059
pre_xy_8530,chr19,13747354,13748897,1543
pre_xy_8531,chr19,13763960,13765201,1241
pre_xy_8532,chr19,13773915,13775173,1258
pre_xy_8533,chr19,13794397,13795888,1491
pre_xy_8534,chr19,13833072,13833974,902
pre_xy_8535,chr19,13838965,13840066,1101
pre_xy_8536,chr19,13841088,13843113,2025
pre_xy_8537,chr19,13846511,13848053,1542
pre_xy_8538,chr19,13850076,13850773,697
pre_xy_8539,chr19,13861248,13862592,1344
pre_xy_8540,chr19,13879894,13880620,726
pre_xy_8541,chr19,13905492,13906871,1379
pre_xy_8542,chr19,13951773,13953535,1762
pre_xy_8543,chr19,13962149,13964004,1855
pre_xy_8544,chr19,13977897,13979585,1688
pre_xy_8545,chr19,14005487,14007255,1768
pre_xy_8546,chr19,14031293,14032565,1272
pre_xy_8547,chr19,14071871,14075374,3503
pre_xy_8548,chr19,14080687,14082165,1478
pre_xy_8549,chr19,14089454,14092332,2878
pre_xy_8550,chr19,14116926,14119460,2534
pre_xy_8551,chr19,14136133,14137728,1595
pre_xy_8552,chr19,14165558,14168278,2720
pre_xy_8553,chr19,14206311,14207949,1638
pre_xy_8554,chr19,14247729,14249716,1987
pre_xy_8555,chr19,14363130,14364275,1145
pre_xy_8556,chr19,14405485,14406641,1156
pre_xy_8557,chr19,14418624,14419746,1122
pre_xy_8558,chr19,14432731,14435383,2652
pre_xy_8559,chr19,14472049,14472895,846
pre_xy_8560,chr19,14495533,14496930,1397
pre_xy_8561,chr19,14512479,14514969,2490
pre_xy_8562,chr19,14517537,14518955,1418
pre_xy_8563,chr19,14528796,14530196,1400
pre_xy_8564,chr19,14571418,14572325,907
pre_xy_8565,chr19,14689293,14690462,1169
pre_xy_8566,chr19,14978155,14980232,2077
pre_xy_8567,chr19,15106777,15108518,1741
pre_xy_8568,chr19,15124585,15126095,1510
pre_xy_8569,chr19,15177245,15178109,864
pre_xy_8570,chr19,15199299,15201314,2015
pre_xy_8571,chr19,15222617,15224188,1571
pre_xy_8572,chr19,15232584,15233805,1221
pre_xy_8573,chr19,15249908,15252552,2644
pre_xy_8574,chr19,15330921,15332919,1998
pre_xy_8575,chr19,15378467,15380579,2112
pre_xy_8576,chr19,15417657,15419446,1789
pre_xy_8577,chr19,15431750,15433647,1897
pre_xy_8578,chr19,15452068,15453406,1338
pre_xy_8579,chr19,15555632,15556882,1250
pre_xy_8580,chr19,15835994,15837636,1642
pre_xy_8581,chr19,16075863,16077514,1651
pre_xy_8582,chr19,16078278,16079558,1280
pre_xy_8583,chr19,16088007,16089923,1916
pre_xy_8584,chr19,16110951,16112180,1229
pre_xy_8585,chr19,16184814,16186052,1238
pre_xy_8586,chr19,16197221,16198542,1321
pre_xy_8587,chr19,16292757,16294247,1490
pre_xy_8588,chr19,16315190,16316894,1704
pre_xy_8589,chr19,16324083,16326774,2691
pre_xy_8590,chr19,16471034,16472517,1483
pre_xy_8591,chr19,16495663,16496916,1253
pre_xy_8592,chr19,16541542,16543095,1553
pre_xy_8593,chr19,16571673,16573237,1564
pre_xy_8594,chr19,16587588,16589421,1833
pre_xy_8595,chr19,16627578,16629955,2377
pre_xy_8596,chr19,16659338,16661935,2597
pre_xy_8597,chr19,16828784,16830113,1329
pre_xy_8598,chr19,16895773,16898033,2260
pre_xy_8599,chr19,17025696,17027909,2213
pre_xy_8600,chr19,17074809,17076879,2070
pre_xy_8601,chr19,17134935,17136248,1313
pre_xy_8602,chr19,17214756,17216004,1248
pre_xy_8603,chr19,17225706,17227064,1358
pre_xy_8604,chr19,17234579,17236368,1789
pre_xy_8605,chr19,17244853,17247133,2280
pre_xy_8606,chr19,17266563,17267746,1183
pre_xy_8607,chr19,17281393,17283002,1609
pre_xy_8608,chr19,17292171,17293103,932
pre_xy_8609,chr19,17302924,17303713,789
pre_xy_8610,chr19,17305117,17306345,1228
pre_xy_8611,chr19,17309092,17309897,805
pre_xy_8612,chr19,17327397,17329329,1932
pre_xy_8613,chr19,17334254,17335076,822
pre_xy_8614,chr19,17336459,17337692,1233
pre_xy_8615,chr19,17390360,17391490,1130
pre_xy_8616,chr19,17403074,17403850,776
pre_xy_8617,chr19,17405038,17406043,1005
pre_xy_8618,chr19,17412383,17413389,1006
pre_xy_8619,chr19,17419172,17420840,1668
pre_xy_8620,chr19,17424763,17425365,602
pre_xy_8621,chr19,17447649,17448956,1307
pre_xy_8622,chr19,17468673,17470905,2232
pre_xy_8623,chr19,17498356,17499391,1035
pre_xy_8624,chr19,17510999,17512517,1518
pre_xy_8625,chr19,17538886,17540278,1392
pre_xy_8626,chr19,17555011,17556592,1581
pre_xy_8627,chr19,17605514,17606788,1274
pre_xy_8628,chr19,17687333,17688652,1319
pre_xy_8629,chr19,17719055,17720246,1191
pre_xy_8630,chr19,17747217,17748208,991
pre_xy_8631,chr19,17778028,17779935,1907
pre_xy_8632,chr19,17829885,17831487,1602
pre_xy_8633,chr19,17841265,17843033,1768
pre_xy_8634,chr19,17859408,17860234,826
pre_xy_8635,chr19,17931525,17933351,1826
pre_xy_8636,chr19,17941979,17943612,1633
pre_xy_8637,chr19,17947473,17949239,1766
pre_xy_8638,chr19,17950192,17951019,827
pre_xy_8639,chr19,17966445,17968009,1564
pre_xy_8640,chr19,18006771,18008497,1726
pre_xy_8641,chr19,18058025,18058885,860
pre_xy_8642,chr19,18103854,18104853,999
pre_xy_8643,chr19,18117323,18118418,1095
pre_xy_8644,chr19,18151947,18153820,1873
pre_xy_8645,chr19,18191681,18193852,2171
pre_xy_8646,chr19,18202796,18205691,2895
pre_xy_8647,chr19,18223754,18225412,1658
pre_xy_8648,chr19,18232563,18233784,1221
pre_xy_8649,chr19,18279270,18280714,1444
pre_xy_8650,chr19,18280838,18282531,1693
pre_xy_8651,chr19,18291288,18293910,2622
pre_xy_8652,chr19,18303336,18305604,2268
pre_xy_8653,chr19,18322070,18324053,1983
pre_xy_8654,chr19,18328090,18329110,1020
pre_xy_8655,chr19,18339683,18341492,1809
pre_xy_8656,chr19,18388087,18389042,955
pre_xy_8657,chr19,18414962,18415823,861
pre_xy_8658,chr19,18416302,18418014,1712
pre_xy_8659,chr19,18418554,18419773,1219
pre_xy_8660,chr19,18428471,18429672,1201
pre_xy_8661,chr19,18433090,18433697,607
pre_xy_8662,chr19,18436729,18439292,2563
pre_xy_8663,chr19,18519948,18522789,2841
pre_xy_8664,chr19,18542419,18544364,1945
pre_xy_8665,chr19,18557139,18558657,1518
pre_xy_8666,chr19,18571117,18572209,1092
pre_xy_8667,chr19,18588213,18590202,1989
pre_xy_8668,chr19,18590422,18590930,508
pre_xy_8669,chr19,18594035,18594803,768
pre_xy_8670,chr19,18605287,18607567,2280
pre_xy_8671,chr19,18635881,18637196,1315
pre_xy_8672,chr19,18657240,18658398,1158
pre_xy_8673,chr19,18682906,18684113,1207
pre_xy_8674,chr19,18700369,18701560,1191
pre_xy_8675,chr19,18742943,18743931,988
pre_xy_8676,chr19,18744699,18745698,999
pre_xy_8677,chr19,18762021,18763031,1010
pre_xy_8678,chr19,18831369,18833284,1915
pre_xy_8679,chr19,18893982,18896845,2863
pre_xy_8680,chr19,18918554,18919867,1313
pre_xy_8681,chr19,18939647,18941702,2055
pre_xy_8682,chr19,19032195,19034598,2403
pre_xy_8683,chr19,19063091,19064350,1259
pre_xy_8684,chr19,19104979,19106544,1565
pre_xy_8685,chr19,19119877,19120904,1027
pre_xy_8686,chr19,19137546,19138709,1163
pre_xy_8687,chr19,19169793,19171020,1227
pre_xy_8688,chr19,19191604,19193082,1478
pre_xy_8689,chr19,19260984,19262111,1127
pre_xy_8690,chr19,19319834,19321596,1762
pre_xy_8691,chr19,19384965,19386287,1322
pre_xy_8692,chr19,19404942,19407241,2299
pre_xy_8693,chr19,19461660,19462709,1049
pre_xy_8694,chr19,19474566,19476196,1630
pre_xy_8695,chr19,19489086,19490721,1635
pre_xy_8696,chr19,19515582,19516558,976
pre_xy_8697,chr19,19618096,19619616,1520
pre_xy_8698,chr19,19627369,19629141,1772
pre_xy_8699,chr19,19642553,19644176,1623
pre_xy_8700,chr19,19662884,19664263,1379
pre_xy_8701,chr19,19668021,19669378,1357
pre_xy_8702,chr19,19732302,19733541,1239
pre_xy_8703,chr19,19775792,19777085,1293
pre_xy_8704,chr19,19820846,19822272,1426
pre_xy_8705,chr19,19860520,19861411,891
pre_xy_8706,chr19,19865598,19867183,1585
pre_xy_8707,chr19,19900214,19901947,1733
pre_xy_8708,chr19,20038679,20039768,1089
pre_xy_8709,chr19,20051594,20052842,1248
pre_xy_8710,chr19,20077673,20079526,1853
pre_xy_8711,chr19,20166845,20167950,1105
pre_xy_8712,chr19,20237357,20238709,1352
pre_xy_8713,chr19,20423300,20425157,1857
pre_xy_8714,chr19,20564766,20566048,1282
pre_xy_8715,chr19,20610832,20613192,2360
pre_xy_8716,chr19,20660583,20661848,1265
pre_xy_8717,chr19,20775890,20777012,1122
pre_xy_8718,chr19,20922909,20924004,1095
pre_xy_8719,chr19,20999461,21000429,968
pre_xy_8720,chr19,21020051,21021534,1483
pre_xy_8721,chr19,21081724,21082818,1094
pre_xy_8722,chr19,21141592,21142539,947
pre_xy_8723,chr19,21197205,21198228,1023
pre_xy_8724,chr19,21328381,21329666,1285
pre_xy_8725,chr19,21358394,21359599,1205
pre_xy_8726,chr19,21396627,21397831,1204
pre_xy_8727,chr19,21463026,21464145,1119
pre_xy_8728,chr19,21474279,21475226,947
pre_xy_8729,chr19,21505198,21506365,1167
pre_xy_8730,chr19,21568718,21569817,1099
pre_xy_8731,chr19,21586156,21587995,1839
pre_xy_8732,chr19,21602616,21605037,2421
pre_xy_8733,chr19,21766572,21767844,1272
pre_xy_8734,chr19,21835299,21836751,1452
pre_xy_8735,chr19,21851204,21852379,1175
pre_xy_8736,chr19,22531668,22533341,1673
pre_xy_8737,chr19,22622827,22624131,1304
pre_xy_8738,chr19,22633625,22634795,1170
pre_xy_8739,chr19,22783560,22784501,941
pre_xy_8740,chr19,23074802,23075928,1126
pre_xy_8741,chr19,23116533,23117596,1063
pre_xy_8742,chr19,23249255,23250690,1435
pre_xy_8743,chr19,23273211,23274448,1237
pre_xy_8744,chr19,23394347,23395785,1438
pre_xy_8745,chr19,23686134,23687434,1300
pre_xy_8746,chr19,23758109,23759107,998
pre_xy_8747,chr19,23762556,23763709,1153
pre_xy_8748,chr19,23914357,23915348,991
pre_xy_8749,chr19,24032980,24034405,1425
pre_xy_8750,chr19,24086541,24087891,1350
pre_xy_8751,chr19,27792913,27794846,1933
pre_xy_8752,chr19,28288523,28290132,1609
pre_xy_8753,chr19,28393460,28395101,1641
pre_xy_8754,chr19,29211732,29213454,1722
pre_xy_8755,chr19,29528098,29528890,792
pre_xy_8756,chr19,29605383,29606660,1277
pre_xy_8757,chr19,29664890,29665932,1042
pre_xy_8758,chr19,29714441,29715831,1390
pre_xy_8759,chr19,29810309,29812687,2378
pre_xy_8760,chr19,29843995,29845935,1940
pre_xy_8761,chr19,29872940,29873917,977
pre_xy_8762,chr19,29941771,29942975,1204
pre_xy_8763,chr19,30224613,30225601,988
pre_xy_8764,chr19,30227122,30229147,2025
pre_xy_8765,chr19,30718563,30720295,1732
pre_xy_8766,chr19,31348463,31352054,3591
pre_xy_8767,chr19,31962179,31964093,1914
pre_xy_8768,chr19,32344959,32346499,1540
pre_xy_8769,chr19,32404766,32406482,1716
pre_xy_8770,chr19,32580353,32581981,1628
pre_xy_8771,chr19,32674363,32676919,2556
pre_xy_8772,chr19,32691271,32692787,1516
pre_xy_8773,chr19,32971155,32972442,1287
pre_xy_8774,chr19,33063325,33065508,2183
pre_xy_8775,chr19,33080461,33081769,1308
pre_xy_8776,chr19,33176162,33177919,1757
pre_xy_8777,chr19,33193713,33195718,2005
pre_xy_8778,chr19,33301954,33304210,2256
pre_xy_8779,chr19,33372999,33374636,1637
pre_xy_8780,chr19,33521072,33522291,1219
pre_xy_8781,chr19,33621426,33623476,2050
pre_xy_8782,chr19,33777695,33778424,729
pre_xy_8783,chr19,33795248,33798525,3277
pre_xy_8784,chr19,33819517,33821380,1863
pre_xy_8785,chr19,34133912,34135241,1329
pre_xy_8786,chr19,34171517,34173731,2214
pre_xy_8787,chr19,34253801,34255357,1556
pre_xy_8788,chr19,34358603,34359846,1243
pre_xy_8789,chr19,34364604,34366164,1560
pre_xy_8790,chr19,34403949,34404967,1018
pre_xy_8791,chr19,34427821,34429284,1463
pre_xy_8792,chr19,34480665,34482844,2179
pre_xy_8793,chr19,34501274,34501895,621
pre_xy_8794,chr19,34577272,34578152,880
pre_xy_8795,chr19,34676606,34678341,1735
pre_xy_8796,chr19,34732897,34734706,1809
pre_xy_8797,chr19,34772166,34773464,1298
pre_xy_8798,chr19,34926545,34927429,884
pre_xy_8799,chr19,34963059,34964486,1427
pre_xy_8800,chr19,34999209,35001351,2142
pre_xy_8801,chr19,35029819,35031545,1726
pre_xy_8802,chr19,35039711,35041837,2126
pre_xy_8803,chr19,35090259,35091195,936
pre_xy_8804,chr19,35124023,35125114,1091
pre_xy_8805,chr19,35142272,35143716,1444
pre_xy_8806,chr19,35153606,35155416,1810
pre_xy_8807,chr19,35247543,35249660,2117
pre_xy_8808,chr19,35267026,35269941,2915
pre_xy_8809,chr19,35308934,35310654,1720
pre_xy_8810,chr19,35509098,35510736,1638
pre_xy_8811,chr19,35544833,35546178,1345
pre_xy_8812,chr19,35557427,35558522,1095
pre_xy_8813,chr19,35612048,35613331,1283
pre_xy_8814,chr19,35627959,35629519,1560
pre_xy_8815,chr19,35643222,35645300,2078
pre_xy_8816,chr19,35647808,35648917,1109
pre_xy_8817,chr19,35702058,35703074,1016
pre_xy_8818,chr19,35716192,35718833,2641
pre_xy_8819,chr19,35740120,35741229,1109
pre_xy_8820,chr19,35744648,35745749,1101
pre_xy_8821,chr19,35748050,35748781,731
pre_xy_8822,chr19,35755326,35758710,3384
pre_xy_8823,chr19,35766761,35768468,1707
pre_xy_8824,chr19,35774824,35776352,1528
pre_xy_8825,chr19,35855537,35857218,1681
pre_xy_8826,chr19,35868005,35870395,2390
pre_xy_8827,chr19,35879208,35880299,1091
pre_xy_8828,chr19,35898599,35900738,2139
pre_xy_8829,chr19,35931026,35931960,934
pre_xy_8830,chr19,35935836,35936766,930
pre_xy_8831,chr19,35993974,35995958,1984
pre_xy_8832,chr19,36013762,36014807,1045
pre_xy_8833,chr19,36032033,36033201,1168
pre_xy_8834,chr19,36053377,36055411,2034
pre_xy_8835,chr19,36113944,36116110,2166
pre_xy_8836,chr19,36127463,36128641,1178
pre_xy_8837,chr19,36139383,36141582,2199
pre_xy_8838,chr19,36150717,36153113,2396
pre_xy_8839,chr19,36213849,36215492,1643
pre_xy_8840,chr19,36244935,36246302,1367
pre_xy_8841,chr19,36331135,36332380,1245
pre_xy_8842,chr19,36378318,36379600,1282
pre_xy_8843,chr19,36417732,36419044,1312
pre_xy_8844,chr19,36488763,36490215,1452
pre_xy_8845,chr19,36527882,36529271,1389
pre_xy_8846,chr19,36572732,36574251,1519
pre_xy_8847,chr19,36604134,36606032,1898
pre_xy_8848,chr19,36666265,36667688,1423
pre_xy_8849,chr19,36686358,36688035,1677
pre_xy_8850,chr19,36771393,36773333,1940
pre_xy_8851,chr19,36796719,36797900,1181
pre_xy_8852,chr19,36837445,36839057,1612
pre_xy_8853,chr19,36849679,36851421,1742
pre_xy_8854,chr19,36915617,36917253,1636
pre_xy_8855,chr19,36972481,36974007,1526
pre_xy_8856,chr19,37077585,37079080,1495
pre_xy_8857,chr19,37172044,37173198,1154
pre_xy_8858,chr19,37210007,37211215,1208
pre_xy_8859,chr19,37217385,37218804,1419
pre_xy_8860,chr19,37251206,37252137,931
pre_xy_8861,chr19,37312083,37313110,1027
pre_xy_8862,chr19,37317137,37318234,1097
pre_xy_8863,chr19,37333925,37335204,1279
pre_xy_8864,chr19,37370393,37371533,1140
pre_xy_8865,chr19,37466493,37467777,1284
pre_xy_8866,chr19,37468690,37469810,1120
pre_xy_8867,chr19,37505835,37507294,1459
pre_xy_8868,chr19,37550863,37552000,1137
pre_xy_8869,chr19,37593766,37595392,1626
pre_xy_8870,chr19,37654413,37656436,2023
pre_xy_8871,chr19,37691757,37692603,846
pre_xy_8872,chr19,37718531,37720057,1526
pre_xy_8873,chr19,37778694,37780055,1361
pre_xy_8874,chr19,37816951,37817974,1023
pre_xy_8875,chr19,37906002,37907631,1629
pre_xy_8876,chr19,38003015,38005201,2186
pre_xy_8877,chr19,38209327,38211573,2246
pre_xy_8878,chr19,38223812,38224750,938
pre_xy_8879,chr19,38228177,38228971,794
pre_xy_8880,chr19,38229186,38230217,1031
pre_xy_8881,chr19,38250721,38252029,1308
pre_xy_8882,chr19,38255140,38256791,1651
pre_xy_8883,chr19,38263747,38265477,1730
pre_xy_8884,chr19,38303806,38305482,1676
pre_xy_8885,chr19,38315333,38316436,1103
pre_xy_8886,chr19,38335341,38337361,2020
pre_xy_8887,chr19,38361262,38362929,1667
pre_xy_8888,chr19,38373948,38375300,1352
pre_xy_8889,chr19,38394433,38394929,496
pre_xy_8890,chr19,38402536,38403739,1203
pre_xy_8891,chr19,38417503,38418564,1061
pre_xy_8892,chr19,38617492,38619505,2013
pre_xy_8893,chr19,38647033,38648421,1388
pre_xy_8894,chr19,38727867,38728868,1001
pre_xy_8895,chr19,38780554,38781769,1215
pre_xy_8896,chr19,38830976,38832482,1506
pre_xy_8897,chr19,38849087,38851032,1945
pre_xy_8898,chr19,38851626,38852446,820
pre_xy_8899,chr19,38869108,38870455,1347
pre_xy_8900,chr19,38898768,38900341,1573
pre_xy_8901,chr19,38930031,38931232,1201
pre_xy_8902,chr19,38949419,38950481,1062
pre_xy_8903,chr19,38974713,38976882,2169
pre_xy_8904,chr19,39030971,39032810,1839
pre_xy_8905,chr19,39125300,39126170,870
pre_xy_8906,chr19,39133300,39134537,1237
pre_xy_8907,chr19,39203092,39205332,2240
pre_xy_8908,chr19,39246854,39248275,1421
pre_xy_8909,chr19,39258036,39259355,1319
pre_xy_8910,chr19,39263845,39265964,2119
pre_xy_8911,chr19,39306670,39308826,2156
pre_xy_8912,chr19,39319897,39321256,1359
pre_xy_8913,chr19,39341192,39343261,2069
pre_xy_8914,chr19,39390325,39391723,1398
pre_xy_8915,chr19,39397286,39398011,725
pre_xy_8916,chr19,39402297,39404142,1845
pre_xy_8917,chr19,39406311,39407172,861
pre_xy_8918,chr19,39409408,39410401,993
pre_xy_8919,chr19,39411840,39413847,2007
pre_xy_8920,chr19,39428076,39429106,1030
pre_xy_8921,chr19,39435467,39436804,1337
pre_xy_8922,chr19,39444687,39446069,1382
pre_xy_8923,chr19,39479803,39481546,1743
pre_xy_8924,chr19,39497668,39499464,1796
pre_xy_8925,chr19,39506753,39507686,933
pre_xy_8926,chr19,39531947,39533147,1200
pre_xy_8927,chr19,39539139,39540446,1307
pre_xy_8928,chr19,39823455,39825101,1646
pre_xy_8929,chr19,39832936,39834500,1564
pre_xy_8930,chr19,39845501,39847328,1827
pre_xy_8931,chr19,39891211,39892682,1471
pre_xy_8932,chr19,39970223,39971644,1421
pre_xy_8933,chr19,39996289,39997729,1440
pre_xy_8934,chr19,40055402,40056555,1153
pre_xy_8935,chr19,40089970,40091293,1323
pre_xy_8936,chr19,40190475,40192391,1916
pre_xy_8937,chr19,40284322,40285885,1563
pre_xy_8938,chr19,40347718,40349437,1719
pre_xy_8939,chr19,40365369,40367252,1883
pre_xy_8940,chr19,40398417,40399276,859
pre_xy_8941,chr19,40403281,40404724,1443
pre_xy_8942,chr19,40420537,40421559,1022
pre_xy_8943,chr19,40424761,40426536,1775
pre_xy_8944,chr19,40433161,40434509,1348
pre_xy_8945,chr19,40442662,40445018,2356
pre_xy_8946,chr19,40465264,40467347,2083
pre_xy_8947,chr19,40528893,40530037,1144
pre_xy_8948,chr19,40569937,40571103,1166
pre_xy_8949,chr19,40576078,40577491,1413
pre_xy_8950,chr19,40597946,40598860,914
pre_xy_8951,chr19,40603274,40604367,1093
pre_xy_8952,chr19,40612886,40615316,2430
pre_xy_8953,chr19,40662557,40664008,1451
pre_xy_8954,chr19,40689519,40691766,2247
pre_xy_8955,chr19,40714482,40716090,1608
pre_xy_8956,chr19,40716547,40717456,909
pre_xy_8957,chr19,40749904,40751837,1933
pre_xy_8958,chr19,40777185,40778971,1786
pre_xy_8959,chr19,40798045,40799917,1872
pre_xy_8960,chr19,40806487,40807202,715
pre_xy_8961,chr19,40810534,40812401,1867
pre_xy_8962,chr19,40920898,40923427,2529
pre_xy_8963,chr19,41135144,41136141,997
pre_xy_8964,chr19,41218354,41220598,2244
pre_xy_8965,chr19,41225323,41227078,1755
pre_xy_8966,chr19,41262074,41262727,653
pre_xy_8967,chr19,41262931,41265917,2986
pre_xy_8968,chr19,41309491,41310773,1282
pre_xy_8969,chr19,41351234,41352102,868
pre_xy_8970,chr19,41352442,41354272,1830
pre_xy_8971,chr19,41363265,41364747,1482
pre_xy_8972,chr19,41376152,41377094,942
pre_xy_8973,chr19,41396839,41398156,1317
pre_xy_8974,chr19,41426711,41428225,1514
pre_xy_8975,chr19,41439304,41440213,909
pre_xy_8976,chr19,41859242,41860983,1741
pre_xy_8977,chr19,41883765,41884673,908
pre_xy_8978,chr19,41957634,41959743,2109
pre_xy_8979,chr19,41993107,41994438,1331
pre_xy_8980,chr19,42075033,42076632,1599
pre_xy_8981,chr19,42176130,42177543,1413
pre_xy_8982,chr19,42216564,42218144,1580
pre_xy_8983,chr19,42219750,42220622,872
pre_xy_8984,chr19,42242128,42243426,1298
pre_xy_8985,chr19,42244265,42245034,769
pre_xy_8986,chr19,42252288,42256648,4360
pre_xy_8987,chr19,42267738,42269586,1848
pre_xy_8988,chr19,42279807,42281708,1901
pre_xy_8989,chr19,42283380,42284760,1380
pre_xy_8990,chr19,42301762,42303334,1572
pre_xy_8991,chr19,42313001,42313952,951
pre_xy_8992,chr19,42325012,42326465,1453
pre_xy_8993,chr19,42386782,42387657,875
pre_xy_8994,chr19,42396238,42397377,1139
pre_xy_8995,chr19,42401184,42402404,1220
pre_xy_8996,chr19,42422739,42425215,2476
pre_xy_8997,chr19,43462782,43464417,1635
pre_xy_8998,chr19,43474720,43475645,925
pre_xy_8999,chr19,43503421,43505025,1604
pre_xy_9000,chr19,43526132,43527475,1343
pre_xy_9001,chr19,43532443,43534520,2077
pre_xy_9002,chr19,43574825,43576093,1268
pre_xy_9003,chr19,43594680,43596744,2064
pre_xy_9004,chr19,43618733,43620294,1561
pre_xy_9005,chr19,43634372,43635547,1175
pre_xy_9006,chr19,43639299,43640380,1081
pre_xy_9007,chr19,43667691,43669346,1655
pre_xy_9008,chr19,43753947,43755819,1872
pre_xy_9009,chr19,43773845,43775045,1200
pre_xy_9010,chr19,43826765,43827822,1057
pre_xy_9011,chr19,43901269,43902178,909
pre_xy_9012,chr19,43934346,43935735,1389
pre_xy_9013,chr19,43950728,43951867,1139
pre_xy_9014,chr19,43983503,43984904,1401
pre_xy_9015,chr19,44002259,44003905,1646
pre_xy_9016,chr19,44024777,44025961,1184
pre_xy_9017,chr19,44051117,44052407,1290
pre_xy_9018,chr19,44071458,44072806,1348
pre_xy_9019,chr19,44093852,44095470,1618
pre_xy_9020,chr19,44111926,44112353,427
pre_xy_9021,chr19,44112645,44114102,1457
pre_xy_9022,chr19,44140919,44142421,1502
pre_xy_9023,chr19,44164377,44165796,1419
pre_xy_9024,chr19,44207086,44207867,781
pre_xy_9025,chr19,44211922,44213252,1330
pre_xy_9026,chr19,44303955,44305243,1288
pre_xy_9027,chr19,44356001,44357081,1080
pre_xy_9028,chr19,44400873,44401797,924
pre_xy_9029,chr19,44447796,44448705,909
pre_xy_9030,chr19,44499807,44500949,1142
pre_xy_9031,chr19,44573413,44574587,1174
pre_xy_9032,chr19,44643381,44644867,1486
pre_xy_9033,chr19,44717987,44719302,1315
pre_xy_9034,chr19,44747119,44749053,1934
pre_xy_9035,chr19,44757025,44758520,1495
pre_xy_9036,chr19,44807743,44809415,1672
pre_xy_9037,chr19,44844504,44845083,579
pre_xy_9038,chr19,44845518,44846574,1056
pre_xy_9039,chr19,44847505,44848115,610
pre_xy_9040,chr19,44848281,44849336,1055
pre_xy_9041,chr19,44890109,44891767,1658
pre_xy_9042,chr19,44905311,44906725,1414
pre_xy_9043,chr19,44914280,44915507,1227
pre_xy_9044,chr19,44926563,44927439,876
pre_xy_9045,chr19,44954272,44956399,2127
pre_xy_9046,chr19,45000977,45002382,1405
pre_xy_9047,chr19,45038371,45039647,1276
pre_xy_9048,chr19,45078840,45079879,1039
pre_xy_9049,chr19,45090907,45093592,2685
pre_xy_9050,chr19,45152087,45154138,2051
pre_xy_9051,chr19,45177778,45180273,2495
pre_xy_9052,chr19,45250728,45252284,1556
pre_xy_9053,chr19,45275993,45276686,693
pre_xy_9054,chr19,45369833,45371112,1279
pre_xy_9055,chr19,45397943,45398710,767
pre_xy_9056,chr19,45404816,45406774,1958
pre_xy_9057,chr19,45423098,45424583,1485
pre_xy_9058,chr19,45427549,45429090,1541
pre_xy_9059,chr19,45439486,45440367,881
pre_xy_9060,chr19,45442786,45444715,1929
pre_xy_9061,chr19,45450118,45451654,1536
pre_xy_9062,chr19,45455472,45456573,1101
pre_xy_9063,chr19,45467155,45468136,981
pre_xy_9064,chr19,45468804,45470566,1762
pre_xy_9065,chr19,45472862,45475985,3123
pre_xy_9066,chr19,45478059,45479277,1218
pre_xy_9067,chr19,45485044,45486102,1058
pre_xy_9068,chr19,45496202,45497355,1153
pre_xy_9069,chr19,45498401,45499815,1414
pre_xy_9070,chr19,45506071,45508192,2121
pre_xy_9071,chr19,45508275,45509563,1288
pre_xy_9072,chr19,45528263,45529450,1187
pre_xy_9073,chr19,45583749,45585197,1448
pre_xy_9074,chr19,45615602,45616819,1217
pre_xy_9075,chr19,45638963,45639592,629
pre_xy_9076,chr19,45640871,45642666,1795
pre_xy_9077,chr19,45645249,45646341,1092
pre_xy_9078,chr19,45681261,45682059,798
pre_xy_9079,chr19,45691551,45693594,2043
pre_xy_9080,chr19,45716225,45718346,2121
pre_xy_9081,chr19,45729798,45731273,1475
pre_xy_9082,chr19,45766981,45767798,817
pre_xy_9083,chr19,45768067,45771077,3010
pre_xy_9084,chr19,45779025,45780008,983
pre_xy_9085,chr19,45791992,45793304,1312
pre_xy_9086,chr19,45798716,45799959,1243
pre_xy_9087,chr19,45815042,45816397,1355
pre_xy_9088,chr19,45816739,45817492,753
pre_xy_9089,chr19,45862260,45863584,1324
pre_xy_9090,chr19,45882683,45883629,946
pre_xy_9091,chr19,45885214,45887368,2154
pre_xy_9092,chr19,45901248,45903504,2256
pre_xy_9093,chr19,45994781,45995775,994
pre_xy_9094,chr19,45999589,46001233,1644
pre_xy_9095,chr19,46014841,46015740,899
pre_xy_9096,chr19,46015913,46017120,1207
pre_xy_9097,chr19,46076914,46077908,994
pre_xy_9098,chr19,46296520,46297376,856
pre_xy_9099,chr19,46297853,46299402,1549
pre_xy_9100,chr19,46346184,46347605,1421
pre_xy_9101,chr19,46403702,46405310,1608
pre_xy_9102,chr19,46412886,46413910,1024
pre_xy_9103,chr19,46416110,46416975,865
pre_xy_9104,chr19,46425718,46427000,1282
pre_xy_9105,chr19,46470790,46472261,1471
pre_xy_9106,chr19,46495211,46496380,1169
pre_xy_9107,chr19,46600322,46602168,1846
pre_xy_9108,chr19,46633796,46634597,801
pre_xy_9109,chr19,46638225,46639962,1737
pre_xy_9110,chr19,46659096,46662334,3238
pre_xy_9111,chr19,46696951,46698001,1050
pre_xy_9112,chr19,46713658,46714711,1053
pre_xy_9113,chr19,46715960,46717533,1573
pre_xy_9114,chr19,46745200,46747293,2093
pre_xy_9115,chr19,46786014,46788893,2879
pre_xy_9116,chr19,46849866,46851209,1343
pre_xy_9117,chr19,46855850,46856759,909
pre_xy_9118,chr19,46859815,46862005,2190
pre_xy_9119,chr19,46975336,46977504,2168
pre_xy_9120,chr19,46992070,46993569,1499
pre_xy_9121,chr19,47012417,47013356,939
pre_xy_9122,chr19,47035179,47036556,1377
pre_xy_9123,chr19,47047533,47048983,1450
pre_xy_9124,chr19,47111821,47113984,2163
pre_xy_9125,chr19,47130336,47131775,1439
pre_xy_9126,chr19,47225813,47226786,973
pre_xy_9127,chr19,47227044,47228685,1641
pre_xy_9128,chr19,47230302,47231662,1360
pre_xy_9129,chr19,47243928,47244582,654
pre_xy_9130,chr19,47256121,47257893,1772
pre_xy_9131,chr19,47272960,47275399,2439
pre_xy_9132,chr19,47348701,47349777,1076
pre_xy_9133,chr19,47418323,47421246,2923
pre_xy_9134,chr19,47427147,47428610,1463
pre_xy_9135,chr19,47429910,47430525,615
pre_xy_9136,chr19,47446822,47448154,1332
pre_xy_9137,chr19,47471405,47472434,1029
pre_xy_9138,chr19,47483549,47484487,938
pre_xy_9139,chr19,47514189,47515724,1535
pre_xy_9140,chr19,47599963,47600944,981
pre_xy_9141,chr19,47607916,47610515,2599
pre_xy_9142,chr19,47718569,47720226,1657
pre_xy_9143,chr19,47729023,47730478,1455
pre_xy_9144,chr19,47742603,47743904,1301
pre_xy_9145,chr19,47745084,47745929,845
pre_xy_9146,chr19,47777893,47779378,1485
pre_xy_9147,chr19,48107178,48108016,838
pre_xy_9148,chr19,48110203,48111021,818
pre_xy_9149,chr19,48169429,48171325,1896
pre_xy_9150,chr19,48203414,48204690,1276
pre_xy_9151,chr19,48255250,48256098,848
pre_xy_9152,chr19,48270820,48272087,1267
pre_xy_9153,chr19,48290151,48291604,1453
pre_xy_9154,chr19,48320650,48322290,1640
pre_xy_9155,chr19,48325103,48325669,566
pre_xy_9156,chr19,48330079,48330614,535
pre_xy_9157,chr19,48332350,48334312,1962
pre_xy_9158,chr19,48362985,48364546,1561
pre_xy_9159,chr19,48390384,48391778,1394
pre_xy_9160,chr19,48397994,48399104,1110
pre_xy_9161,chr19,48444855,48446459,1604
pre_xy_9162,chr19,48468531,48469967,1436
pre_xy_9163,chr19,48479548,48481441,1893
pre_xy_9164,chr19,48492556,48494044,1488
pre_xy_9165,chr19,48553647,48554830,1183
pre_xy_9166,chr19,48588747,48589695,948
pre_xy_9167,chr19,48613587,48614908,1321
pre_xy_9168,chr19,48618677,48619714,1037
pre_xy_9169,chr19,48623647,48624620,973
pre_xy_9170,chr19,48629536,48631118,1582
pre_xy_9171,chr19,48634374,48634818,444
pre_xy_9172,chr19,48636791,48638482,1691
pre_xy_9173,chr19,48644570,48646939,2369
pre_xy_9174,chr19,48713619,48714680,1061
pre_xy_9175,chr19,48719584,48721283,1699
pre_xy_9176,chr19,48738382,48739600,1218
pre_xy_9177,chr19,48746520,48747635,1115
pre_xy_9178,chr19,48752221,48754471,2250
pre_xy_9179,chr19,48794863,48796099,1236
pre_xy_9180,chr19,48810606,48811309,703
pre_xy_9181,chr19,48812023,48812898,875
pre_xy_9182,chr19,48835516,48837511,1995
pre_xy_9183,chr19,48872009,48873940,1931
pre_xy_9184,chr19,48899725,48900914,1189
pre_xy_9185,chr19,48933179,48935071,1892
pre_xy_9186,chr19,48954112,48955404,1292
pre_xy_9187,chr19,48964648,48966134,1486
pre_xy_9188,chr19,48967287,48968268,981
pre_xy_9189,chr19,48992169,48994202,2033
pre_xy_9190,chr19,49017425,49018997,1572
pre_xy_9191,chr19,49055611,49058099,2488
pre_xy_9192,chr19,49064602,49066453,1851
pre_xy_9193,chr19,49084704,49085923,1219
pre_xy_9194,chr19,49113703,49115179,1476
pre_xy_9195,chr19,49118446,49120321,1875
pre_xy_9196,chr19,49127576,49128640,1064
pre_xy_9197,chr19,49132948,49134229,1281
pre_xy_9198,chr19,49142629,49143257,628
pre_xy_9199,chr19,49145859,49146372,513
pre_xy_9200,chr19,49148738,49150891,2153
pre_xy_9201,chr19,49157195,49158448,1253
pre_xy_9202,chr19,49338599,49340570,1971
pre_xy_9203,chr19,49361135,49364018,2883
pre_xy_9204,chr19,49442606,49444027,1421
pre_xy_9205,chr19,49451326,49452186,860
pre_xy_9206,chr19,49452677,49453731,1054
pre_xy_9207,chr19,49486854,49487914,1060
pre_xy_9208,chr19,49495642,49496606,964
pre_xy_9209,chr19,49512186,49513747,1561
pre_xy_9210,chr19,49527380,49528393,1013
pre_xy_9211,chr19,49533246,49534493,1247
pre_xy_9212,chr19,49579851,49580872,1021
pre_xy_9213,chr19,49589653,49592417,2764
pre_xy_9214,chr19,49593066,49593745,679
pre_xy_9215,chr19,49639736,49641196,1460
pre_xy_9216,chr19,49641536,49642771,1235
pre_xy_9217,chr19,49664157,49666288,2131
pre_xy_9218,chr19,49672084,49672615,531
pre_xy_9219,chr19,49676189,49678570,2381
pre_xy_9220,chr19,49680436,49680952,516
pre_xy_9221,chr19,49689794,49691651,1857
pre_xy_9222,chr19,49765962,49767668,1706
pre_xy_9223,chr19,49801720,49802976,1256
pre_xy_9224,chr19,49808333,49809714,1381
pre_xy_9225,chr19,49812823,49813821,998
pre_xy_9226,chr19,49817196,49819048,1852
pre_xy_9227,chr19,49819152,49820914,1762
pre_xy_9228,chr19,49850285,49852041,1756
pre_xy_9229,chr19,49866893,49868000,1107
pre_xy_9230,chr19,49869065,49870114,1049
pre_xy_9231,chr19,49875964,49878444,2480
pre_xy_9232,chr19,49889732,49891354,1622
pre_xy_9233,chr19,49928547,49930743,2196
pre_xy_9234,chr19,49971484,49972705,1221
pre_xy_9235,chr19,49986762,49987605,843
pre_xy_9236,chr19,50024811,50026280,1469
pre_xy_9237,chr19,50050339,50051323,984
pre_xy_9238,chr19,50147396,50148460,1064
pre_xy_9239,chr19,50203051,50203823,772
pre_xy_9240,chr19,50205091,50205714,623
pre_xy_9241,chr19,50328709,50329814,1105
pre_xy_9242,chr19,50330588,50331059,471
pre_xy_9243,chr19,50333129,50334027,898
pre_xy_9244,chr19,50357044,50359053,2009
pre_xy_9245,chr19,50368355,50369536,1181
pre_xy_9246,chr19,50375984,50377732,1748
pre_xy_9247,chr19,50383473,50385059,1586
pre_xy_9248,chr19,50431287,50432902,1615
pre_xy_9249,chr19,50475824,50477029,1205
pre_xy_9250,chr19,50510129,50511899,1770
pre_xy_9251,chr19,50555869,50557407,1538
pre_xy_9252,chr19,50657805,50659346,1541
pre_xy_9253,chr19,50694836,50696151,1315
pre_xy_9254,chr19,50724187,50725589,1402
pre_xy_9255,chr19,50803726,50805394,1668
pre_xy_9256,chr19,50835400,50837023,1623
pre_xy_9257,chr19,51016731,51017672,941
pre_xy_9258,chr19,51018643,51020511,1868
pre_xy_9259,chr19,51107605,51108975,1370
pre_xy_9260,chr19,51319449,51320750,1301
pre_xy_9261,chr19,51326710,51328070,1360
pre_xy_9262,chr19,51338576,51340642,2066
pre_xy_9263,chr19,51353986,51355134,1148
pre_xy_9264,chr19,51365526,51368570,3044
pre_xy_9265,chr19,51393740,51394728,988
pre_xy_9266,chr19,51570745,51571837,1092
pre_xy_9267,chr19,51593618,51594915,1297
pre_xy_9268,chr19,51687808,51691527,3719
pre_xy_9269,chr19,51703424,51704672,1248
pre_xy_9270,chr19,51719165,51720280,1115
pre_xy_9271,chr19,51887265,51888351,1086
pre_xy_9272,chr19,51903777,51905223,1446
pre_xy_9273,chr19,51926474,51927906,1432
pre_xy_9274,chr19,51986053,51987110,1057
pre_xy_9275,chr19,52007381,52008766,1385
pre_xy_9276,chr19,52027795,52028991,1196
pre_xy_9277,chr19,52048062,52049591,1529
pre_xy_9278,chr19,52094586,52096100,1514
pre_xy_9279,chr19,52138543,52140256,1713
pre_xy_9280,chr19,52170227,52172072,1845
pre_xy_9281,chr19,52188973,52190981,2008
pre_xy_9282,chr19,52269026,52270669,1643
pre_xy_9283,chr19,52296423,52298253,1830
pre_xy_9284,chr19,52335798,52337314,1516
pre_xy_9285,chr19,52369477,52370436,959
pre_xy_9286,chr19,52397110,52398422,1312
pre_xy_9287,chr19,52452987,52454119,1132
pre_xy_9288,chr19,52526802,52528367,1565
pre_xy_9289,chr19,52535135,52536727,1592
pre_xy_9290,chr19,52569461,52570912,1451
pre_xy_9291,chr19,52600626,52602299,1673
pre_xy_9292,chr19,52637586,52638953,1367
pre_xy_9293,chr19,52688551,52691193,2642
pre_xy_9294,chr19,52733858,52735635,1777
pre_xy_9295,chr19,52741122,52742619,1497
pre_xy_9296,chr19,52785725,52787606,1881
pre_xy_9297,chr19,52856833,52858275,1442
pre_xy_9298,chr19,52896581,52898198,1617
pre_xy_9299,chr19,52922452,52923961,1509
pre_xy_9300,chr19,52941602,52943213,1611
pre_xy_9301,chr19,52962086,52963630,1544
pre_xy_9302,chr19,52992319,52994234,1915
pre_xy_9303,chr19,53102244,53104009,1765
pre_xy_9304,chr19,53131621,53133105,1484
pre_xy_9305,chr19,53157646,53159486,1840
pre_xy_9306,chr19,53192649,53193622,973
pre_xy_9307,chr19,53196520,53197488,968
pre_xy_9308,chr19,53254244,53255391,1147
pre_xy_9309,chr19,53333064,53334439,1375
pre_xy_9310,chr19,53364909,53366364,1455
pre_xy_9311,chr19,53394466,53396778,2312
pre_xy_9312,chr19,53431210,53432678,1468
pre_xy_9313,chr19,53466908,53468918,2010
pre_xy_9314,chr19,53520164,53521382,1218
pre_xy_9315,chr19,53537168,53538755,1587
pre_xy_9316,chr19,53553569,53555021,1452
pre_xy_9317,chr19,53792618,53793502,884
pre_xy_9318,chr19,53865927,53866692,765
pre_xy_9319,chr19,53866982,53869778,2796
pre_xy_9320,chr19,53878933,53879861,928
pre_xy_9321,chr19,53881766,53882471,705
pre_xy_9322,chr19,53979655,53982042,2387
pre_xy_9323,chr19,54102113,54103331,1218
pre_xy_9324,chr19,54114462,54115917,1455
pre_xy_9325,chr19,54136515,54138763,2248
pre_xy_9326,chr19,54158995,54161176,2181
pre_xy_9327,chr19,54179295,54180641,1346
pre_xy_9328,chr19,54189112,54191617,2505
pre_xy_9329,chr19,54200171,54201404,1233
pre_xy_9330,chr19,54207665,54210445,2780
pre_xy_9331,chr19,54429942,54431820,1878
pre_xy_9332,chr19,54448062,54449972,1910
pre_xy_9333,chr19,54462703,54465257,2554
pre_xy_9334,chr19,54472865,54473898,1033
pre_xy_9335,chr19,55062249,55063417,1168
pre_xy_9336,chr19,55080049,55081797,1748
pre_xy_9337,chr19,55086622,55087801,1179
pre_xy_9338,chr19,55113096,55114019,923
pre_xy_9339,chr19,55116133,55118272,2139
pre_xy_9340,chr19,55140911,55141635,724
pre_xy_9341,chr19,55146060,55147222,1162
pre_xy_9342,chr19,55156103,55157892,1789
pre_xy_9343,chr19,55160017,55161082,1065
pre_xy_9344,chr19,55165815,55167286,1471
pre_xy_9345,chr19,55178744,55180508,1764
pre_xy_9346,chr19,55206406,55207530,1124
pre_xy_9347,chr19,55257472,55259666,2194
pre_xy_9348,chr19,55279448,55280703,1255
pre_xy_9349,chr19,55300814,55302266,1452
pre_xy_9350,chr19,55338466,55340411,1945
pre_xy_9351,chr19,55340625,55341488,863
pre_xy_9352,chr19,55347783,55348829,1046
pre_xy_9353,chr19,55353469,55354571,1102
pre_xy_9354,chr19,55368432,55370840,2408
pre_xy_9355,chr19,55383493,55386539,3046
pre_xy_9356,chr19,55406941,55408526,1585
pre_xy_9357,chr19,55451189,55453352,2163
pre_xy_9358,chr19,55459613,55462121,2508
pre_xy_9359,chr19,55475901,55477300,1399
pre_xy_9360,chr19,55484611,55485584,973
pre_xy_9361,chr19,55503398,55504361,963
pre_xy_9362,chr19,55516685,55517720,1035
pre_xy_9363,chr19,55579866,55581195,1329
pre_xy_9364,chr19,55585489,55586329,840
pre_xy_9365,chr19,55586813,55587651,838
pre_xy_9366,chr19,55598756,55600712,1956
pre_xy_9367,chr19,55604567,55606553,1986
pre_xy_9368,chr19,55623696,55625074,1378
pre_xy_9369,chr19,55634547,55635483,936
pre_xy_9370,chr19,55640057,55642363,2306
pre_xy_9371,chr19,55642434,55643899,1465
pre_xy_9372,chr19,55647482,55648868,1386
pre_xy_9373,chr19,55653542,55655711,2169
pre_xy_9374,chr19,55674517,55675664,1147
pre_xy_9375,chr19,55688205,55689316,1111
pre_xy_9376,chr19,56119871,56121821,1950
pre_xy_9377,chr19,56140132,56142411,2279
pre_xy_9378,chr19,56314016,56315623,1607
pre_xy_9379,chr19,56367489,56368932,1443
pre_xy_9380,chr19,56392936,56393906,970
pre_xy_9381,chr19,56403292,56404868,1576
pre_xy_9382,chr19,56476565,56478505,1940
pre_xy_9383,chr19,56507219,56508585,1366
pre_xy_9384,chr19,56538069,56539386,1317
pre_xy_9385,chr19,56566785,56567995,1210
pre_xy_9386,chr19,56594713,56596476,1763
pre_xy_9387,chr19,56637621,56638400,779
pre_xy_9388,chr19,56670943,56672114,1171
pre_xy_9389,chr19,56750686,56751564,878
pre_xy_9390,chr19,56837462,56838491,1029
pre_xy_9391,chr19,56838727,56840991,2264
pre_xy_9392,chr19,56965867,56967228,1361
pre_xy_9393,chr19,56980469,56982017,1548
pre_xy_9394,chr19,56993682,56995876,2194
pre_xy_9395,chr19,57056419,57058060,1641
pre_xy_9396,chr19,57171373,57172677,1304
pre_xy_9397,chr19,57190858,57192614,1756
pre_xy_9398,chr19,57239913,57241424,1511
pre_xy_9399,chr19,57279510,57281112,1602
pre_xy_9400,chr19,57319861,57321155,1294
pre_xy_9401,chr19,57350645,57352092,1447
pre_xy_9402,chr19,57362777,57364110,1333
pre_xy_9403,chr19,57389263,57390630,1367
pre_xy_9404,chr19,57410571,57411731,1160
pre_xy_9405,chr19,57434663,57435981,1318
pre_xy_9406,chr19,57476990,57477855,865
pre_xy_9407,chr19,57487325,57488052,727
pre_xy_9408,chr19,57499243,57500161,918
pre_xy_9409,chr19,57526762,57527943,1181
pre_xy_9410,chr19,57558599,57560499,1900
pre_xy_9411,chr19,57578355,57579227,872
pre_xy_9412,chr19,57583363,57584434,1071
pre_xy_9413,chr19,57599354,57600397,1043
pre_xy_9414,chr19,57613685,57614724,1039
pre_xy_9415,chr19,57632695,57633701,1006
pre_xy_9416,chr19,57663920,57665299,1379
pre_xy_9417,chr19,57681368,57682471,1103
pre_xy_9418,chr19,57708380,57709584,1204
pre_xy_9419,chr19,57726578,57727942,1364
pre_xy_9420,chr19,57746389,57747503,1114
pre_xy_9421,chr19,57769080,57770185,1105
pre_xy_9422,chr19,57803296,57804943,1647
pre_xy_9423,chr19,57814005,57815211,1206
pre_xy_9424,chr19,57819193,57820385,1192
pre_xy_9425,chr19,57828779,57830671,1892
pre_xy_9426,chr19,57849274,57851032,1758
pre_xy_9427,chr19,57887284,57889360,2076
pre_xy_9428,chr19,57915911,57917075,1164
pre_xy_9429,chr19,57934650,57935653,1003
pre_xy_9430,chr19,57947032,57948043,1011
pre_xy_9431,chr19,58001883,58003413,1530
pre_xy_9432,chr19,58009250,58010208,958
pre_xy_9433,chr19,58033459,58034924,1465
pre_xy_9434,chr19,58058791,58060024,1233
pre_xy_9435,chr19,58097435,58098988,1553
pre_xy_9436,chr19,58150092,58150956,864
pre_xy_9437,chr19,58154322,58155407,1085
pre_xy_9438,chr19,58182361,58183960,1599
pre_xy_9439,chr19,58227974,58229548,1574
pre_xy_9440,chr19,58278176,58279767,1591
pre_xy_9441,chr19,58304733,58305950,1217
pre_xy_9442,chr19,58326424,58327774,1350
pre_xy_9443,chr19,58346905,58347899,994
pre_xy_9444,chr19,58355880,58357602,1722
pre_xy_9445,chr19,58361846,58363137,1291
pre_xy_9446,chr19,58380091,58381509,1418
pre_xy_9447,chr19,58386120,58387429,1309
pre_xy_9448,chr19,58400664,58402046,1382
pre_xy_9449,chr19,58407034,58409529,2495
pre_xy_9450,chr19,58439530,58440818,1288
pre_xy_9451,chr19,58450872,58452227,1355
pre_xy_9452,chr19,58466491,58467747,1256
pre_xy_9453,chr19,58475283,58477087,1804
pre_xy_9454,chr19,58498686,58499943,1257
pre_xy_9455,chr19,58513478,58514476,998
pre_xy_9456,chr19,58518782,58520417,1635
pre_xy_9457,chr19,58537883,58538996,1113
pre_xy_9458,chr19,58543553,58545100,1547
pre_xy_9459,chr19,58554491,58555453,962
pre_xy_9460,chr19,58558070,58559820,1750
pre_xy_9461,chr19,58562207,58563437,1230
pre_xy_9462,chr19,58572449,58573823,1374
pre_xy_9463,chr19,58575147,58576192,1045
pre_xy_9464,chr2,45215,47982,2767
pre_xy_9465,chr2,263521,265311,1790
pre_xy_9466,chr2,676058,677805,1747
pre_xy_9467,chr2,739639,741152,1513
pre_xy_9468,chr2,949773,951407,1634
pre_xy_9469,chr2,1281536,1283278,1742
pre_xy_9470,chr2,1742423,1745208,2785
pre_xy_9471,chr2,2613160,2614162,1002
pre_xy_9472,chr2,3282076,3283061,985
pre_xy_9473,chr2,3377296,3378439,1143
pre_xy_9474,chr2,3379309,3380331,1022
pre_xy_9475,chr2,3482922,3483806,884
pre_xy_9476,chr2,3492819,3494443,1624
pre_xy_9477,chr2,3518104,3519849,1745
pre_xy_9478,chr2,3535482,3537040,1558
pre_xy_9479,chr2,3557647,3559011,1364
pre_xy_9480,chr2,3574675,3576198,1523
pre_xy_9481,chr2,3650507,3652373,1866
pre_xy_9482,chr2,5390893,5392044,1151
pre_xy_9483,chr2,5672960,5674150,1190
pre_xy_9484,chr2,5690933,5692810,1877
pre_xy_9485,chr2,5695747,5697519,1772
pre_xy_9486,chr2,5725580,5726595,1015
pre_xy_9487,chr2,5980478,5982074,1596
pre_xy_9488,chr2,6072780,6074577,1797
pre_xy_9489,chr2,6164415,6165734,1319
pre_xy_9490,chr2,6865008,6866687,1679
pre_xy_9491,chr2,6916869,6918279,1410
pre_xy_9492,chr2,7191564,7192399,835
pre_xy_9493,chr2,8515077,8516666,1589
pre_xy_9494,chr2,8583151,8584237,1086
pre_xy_9495,chr2,8678675,8679475,800
pre_xy_9496,chr2,8681213,8682373,1160
pre_xy_9497,chr2,8684541,8686077,1536
pre_xy_9498,chr2,8796262,8797190,928
pre_xy_9499,chr2,8836198,8838048,1850
pre_xy_9500,chr2,9002483,9004548,2065
pre_xy_9501,chr2,9142527,9143227,700
pre_xy_9502,chr2,9205923,9208051,2128
pre_xy_9503,chr2,9234382,9235895,1513
pre_xy_9504,chr2,9422282,9424267,1985
pre_xy_9505,chr2,9473387,9475471,2084
pre_xy_9506,chr2,9554802,9556558,1756
pre_xy_9507,chr2,9629792,9631457,1665
pre_xy_9508,chr2,9763137,9764344,1207
pre_xy_9509,chr2,9769086,9769974,888
pre_xy_9510,chr2,9842912,9844359,1447
pre_xy_9511,chr2,9950593,9952271,1678
pre_xy_9512,chr2,10041987,10044544,2557
pre_xy_9513,chr2,10057078,10058140,1062
pre_xy_9514,chr2,10072412,10073882,1470
pre_xy_9515,chr2,10078868,10080913,2045
pre_xy_9516,chr2,10119880,10120885,1005
pre_xy_9517,chr2,10122078,10123009,931
pre_xy_9518,chr2,10225282,10226529,1247
pre_xy_9519,chr2,10301869,10304399,2530
pre_xy_9520,chr2,10408959,10409498,539
pre_xy_9521,chr2,10434666,10435272,606
pre_xy_9522,chr2,10438664,10439929,1265
pre_xy_9523,chr2,10447319,10449298,1979
pre_xy_9524,chr2,10689259,10690666,1407
pre_xy_9525,chr2,10720961,10722290,1329
pre_xy_9526,chr2,10811633,10813307,1674
pre_xy_9527,chr2,10832086,10832765,679
pre_xy_9528,chr2,10883013,10885386,2373
pre_xy_9529,chr2,10911228,10912522,1294
pre_xy_9530,chr2,11129565,11130211,646
pre_xy_9531,chr2,11132577,11134175,1598
pre_xy_9532,chr2,11154397,11155878,1481
pre_xy_9533,chr2,11342814,11345627,2813
pre_xy_9534,chr2,11465178,11466665,1487
pre_xy_9535,chr2,11481935,11483861,1926
pre_xy_9536,chr2,11539039,11540704,1665
pre_xy_9537,chr2,11669550,11670363,813
pre_xy_9538,chr2,11746157,11747398,1241
pre_xy_9539,chr2,11829072,11830749,1677
pre_xy_9540,chr2,12715582,12718870,3288
pre_xy_9541,chr2,14401507,14402353,846
pre_xy_9542,chr2,14632173,14632904,731
pre_xy_9543,chr2,14634193,14635838,1645
pre_xy_9544,chr2,15560242,15562270,2028
pre_xy_9545,chr2,15591318,15592471,1153
pre_xy_9546,chr2,15939549,15942858,3309
pre_xy_9547,chr2,15943163,15944208,1045
pre_xy_9548,chr2,17517823,17518965,1142
pre_xy_9549,chr2,17538049,17541075,3026
pre_xy_9550,chr2,17752915,17754716,1801
pre_xy_9551,chr2,17877696,17879765,2069
pre_xy_9552,chr2,18559565,18560979,1414
pre_xy_9553,chr2,19347416,19348728,1312
pre_xy_9554,chr2,19357453,19359212,1759
pre_xy_9555,chr2,19362321,19363695,1374
pre_xy_9556,chr2,19868384,19869771,1387
pre_xy_9557,chr2,19900483,19902572,2089
pre_xy_9558,chr2,19989152,19990512,1360
pre_xy_9559,chr2,20011906,20013522,1616
pre_xy_9560,chr2,20050644,20053113,2469
pre_xy_9561,chr2,20071178,20072382,1204
pre_xy_9562,chr2,20073056,20074713,1657
pre_xy_9563,chr2,20212255,20214170,1915
pre_xy_9564,chr2,20223107,20225828,2721
pre_xy_9565,chr2,20350033,20351754,1721
pre_xy_9566,chr2,20446400,20449108,2708
pre_xy_9567,chr2,20449359,20451178,1819
pre_xy_9568,chr2,20584158,20585738,1580
pre_xy_9569,chr2,20650264,20651790,1526
pre_xy_9570,chr2,20666092,20667771,1679
pre_xy_9571,chr2,20821888,20823336,1448
pre_xy_9572,chr2,23384413,23386297,1884
pre_xy_9573,chr2,23480767,23481576,809
pre_xy_9574,chr2,23532074,23533671,1597
pre_xy_9575,chr2,23925742,23927834,2092
pre_xy_9576,chr2,23939166,23941508,2342
pre_xy_9577,chr2,24009412,24010919,1507
pre_xy_9578,chr2,24046860,24047742,882
pre_xy_9579,chr2,24049355,24050528,1173
pre_xy_9580,chr2,24075820,24077550,1730
pre_xy_9581,chr2,24083467,24085401,1934
pre_xy_9582,chr2,24122818,24124260,1442
pre_xy_9583,chr2,24359208,24360969,1761
pre_xy_9584,chr2,24490431,24492823,2392
pre_xy_9585,chr2,24792485,24794140,1655
pre_xy_9586,chr2,24918990,24920823,1833
pre_xy_9587,chr2,24970745,24972836,2091
pre_xy_9588,chr2,25041108,25043452,2344
pre_xy_9589,chr2,25167943,25169017,1074
pre_xy_9590,chr2,25214775,25216582,1807
pre_xy_9591,chr2,25228638,25230003,1365
pre_xy_9592,chr2,25250357,25252968,2611
pre_xy_9593,chr2,25314138,25315611,1473
pre_xy_9594,chr2,25339780,25342756,2976
pre_xy_9595,chr2,25361600,25363082,1482
pre_xy_9596,chr2,25376369,25377581,1212
pre_xy_9597,chr2,25672604,25674199,1595
pre_xy_9598,chr2,25877170,25878854,1684
pre_xy_9599,chr2,25981600,25983284,1684
pre_xy_9600,chr2,26033084,26034954,1870
pre_xy_9601,chr2,26184066,26185461,1395
pre_xy_9602,chr2,26243693,26246043,2350
pre_xy_9603,chr2,26298330,26300662,2332
pre_xy_9604,chr2,26344999,26347009,2010
pre_xy_9605,chr2,26401452,26402376,924
pre_xy_9606,chr2,26502904,26504149,1245
pre_xy_9607,chr2,26562069,26563477,1408
pre_xy_9608,chr2,26691805,26693646,1841
pre_xy_9609,chr2,26763779,26764924,1145
pre_xy_9610,chr2,26785304,26786543,1239
pre_xy_9611,chr2,26847416,26850075,2659
pre_xy_9612,chr2,26970119,26971631,1512
pre_xy_9613,chr2,27032217,27033568,1351
pre_xy_9614,chr2,27049816,27052146,2330
pre_xy_9615,chr2,27070967,27073184,2217
pre_xy_9616,chr2,27077999,27079258,1259
pre_xy_9617,chr2,27080886,27081658,772
pre_xy_9618,chr2,27085522,27087399,1877
pre_xy_9619,chr2,27123274,27124115,841
pre_xy_9620,chr2,27133485,27134992,1507
pre_xy_9621,chr2,27211242,27212860,1618
pre_xy_9622,chr2,27216993,27218181,1188
pre_xy_9623,chr2,27262061,27263384,1323
pre_xy_9624,chr2,27264381,27265380,999
pre_xy_9625,chr2,27307596,27308797,1201
pre_xy_9626,chr2,27322292,27323809,1517
pre_xy_9627,chr2,27355993,27357442,1449
pre_xy_9628,chr2,27369579,27371540,1961
pre_xy_9629,chr2,27379838,27381439,1601
pre_xy_9630,chr2,27408728,27410252,1524
pre_xy_9631,chr2,27427979,27429640,1661
pre_xy_9632,chr2,27441197,27443495,2298
pre_xy_9633,chr2,27489064,27490112,1048
pre_xy_9634,chr2,27494113,27495605,1492
pre_xy_9635,chr2,27582283,27583771,1488
pre_xy_9636,chr2,27627884,27629707,1823
pre_xy_9637,chr2,27662905,27664479,1574
pre_xy_9638,chr2,27714938,27717389,2451
pre_xy_9639,chr2,27734984,27736307,1323
pre_xy_9640,chr2,27765368,27766507,1139
pre_xy_9641,chr2,27771057,27772150,1093
pre_xy_9642,chr2,27889792,27891455,1663
pre_xy_9643,chr2,28389999,28391259,1260
pre_xy_9644,chr2,28392034,28393167,1133
pre_xy_9645,chr2,28566276,28567491,1215
pre_xy_9646,chr2,28750349,28752605,2256
pre_xy_9647,chr2,28810004,28811385,1381
pre_xy_9648,chr2,28869516,28870890,1374
pre_xy_9649,chr2,28894017,28895489,1472
pre_xy_9650,chr2,29114580,29116661,2081
pre_xy_9651,chr2,29919948,29921938,1990
pre_xy_9652,chr2,30145993,30148093,2100
pre_xy_9653,chr2,30230329,30232876,2547
pre_xy_9654,chr2,30445976,30448009,2033
pre_xy_9655,chr2,31137171,31138963,1792
pre_xy_9656,chr2,31233453,31234725,1272
pre_xy_9657,chr2,32008953,32011383,2430
pre_xy_9658,chr2,32039122,32040205,1083
pre_xy_9659,chr2,32062493,32064588,2095
pre_xy_9660,chr2,32165097,32166269,1172
pre_xy_9661,chr2,32277375,32278601,1226
pre_xy_9662,chr2,32356338,32358421,2083
pre_xy_9663,chr2,32627205,32628576,1371
pre_xy_9664,chr2,32832203,32833268,1065
pre_xy_9665,chr2,32946234,32948148,1914
pre_xy_9666,chr2,33475405,33476995,1590
pre_xy_9667,chr2,33598389,33599906,1517
pre_xy_9668,chr2,36354943,36358168,3225
pre_xy_9669,chr2,36597166,36598371,1205
pre_xy_9670,chr2,36965661,36967201,1540
pre_xy_9671,chr2,37083668,37084896,1228
pre_xy_9672,chr2,37155818,37157542,1724
pre_xy_9673,chr2,37195999,37197307,1308
pre_xy_9674,chr2,37230666,37232633,1967
pre_xy_9675,chr2,37323752,37325560,1808
pre_xy_9676,chr2,37670245,37672905,2660
pre_xy_9677,chr2,37827642,37828550,908
pre_xy_9678,chr2,37924770,37925861,1091
pre_xy_9679,chr2,38074546,38077388,2842
pre_xy_9680,chr2,38376147,38378310,2163
pre_xy_9681,chr2,38535351,38536477,1126
pre_xy_9682,chr2,38601468,38603696,2228
pre_xy_9683,chr2,38665470,38666919,1449
pre_xy_9684,chr2,38734966,38736151,1185
pre_xy_9685,chr2,38750088,38751986,1898
pre_xy_9686,chr2,38777525,38779046,1521
pre_xy_9687,chr2,38875048,38876571,1523
pre_xy_9688,chr2,38959483,38961092,1609
pre_xy_9689,chr2,39119720,39121472,1752
pre_xy_9690,chr2,39123860,39124925,1065
pre_xy_9691,chr2,39435809,39438163,2354
pre_xy_9692,chr2,39664864,39667033,2169
pre_xy_9693,chr2,39778308,39780089,1781
pre_xy_9694,chr2,40450055,40452523,2468
pre_xy_9695,chr2,41337510,41338461,951
pre_xy_9696,chr2,41840478,41841602,1124
pre_xy_9697,chr2,42046180,42048794,2614
pre_xy_9698,chr2,42100905,42103071,2166
pre_xy_9699,chr2,42168762,42170473,1711
pre_xy_9700,chr2,42359874,42361995,2121
pre_xy_9701,chr2,42492594,42495316,2722
pre_xy_9702,chr2,42567393,42569733,2340
pre_xy_9703,chr2,42791979,42793916,1937
pre_xy_9704,chr2,42809573,42811760,2187
pre_xy_9705,chr2,42974390,42975645,1255
pre_xy_9706,chr2,43217853,43220402,2549
pre_xy_9707,chr2,43221718,43222276,558
pre_xy_9708,chr2,43225543,43227918,2375
pre_xy_9709,chr2,43595322,43596689,1367
pre_xy_9710,chr2,43636689,43638356,1667
pre_xy_9711,chr2,43724562,43726023,1461
pre_xy_9712,chr2,43773652,43774931,1279
pre_xy_9713,chr2,43831275,43832364,1089
pre_xy_9714,chr2,43995103,43996605,1502
pre_xy_9715,chr2,44044030,44044706,676
pre_xy_9716,chr2,44086804,44088300,1496
pre_xy_9717,chr2,44167543,44169772,2229
pre_xy_9718,chr2,44360777,44362934,2157
pre_xy_9719,chr2,45008644,45010507,1863
pre_xy_9720,chr2,45013381,45014750,1369
pre_xy_9721,chr2,45168666,45171022,2356
pre_xy_9722,chr2,45610275,45611758,1483
pre_xy_9723,chr2,45649861,45652939,3078
pre_xy_9724,chr2,45793036,45794667,1631
pre_xy_9725,chr2,46296508,46300090,3582
pre_xy_9726,chr2,46499421,46500562,1141
pre_xy_9727,chr2,46541589,46544395,2806
pre_xy_9728,chr2,46615974,46617521,1547
pre_xy_9729,chr2,46698235,46700119,1884
pre_xy_9730,chr2,46914879,46916474,1595
pre_xy_9731,chr2,46939371,46942405,3034
pre_xy_9732,chr2,46986609,46987793,1184
pre_xy_9733,chr2,47033725,47035583,1858
pre_xy_9734,chr2,47174873,47177231,2358
pre_xy_9735,chr2,47344401,47345850,1449
pre_xy_9736,chr2,47368838,47370167,1329
pre_xy_9737,chr2,47402252,47404006,1754
pre_xy_9738,chr2,47520641,47521825,1184
pre_xy_9739,chr2,47569668,47571956,2288
pre_xy_9740,chr2,47653678,47655289,1611
pre_xy_9741,chr2,47776458,47778161,1703
pre_xy_9742,chr2,47782341,47784589,2248
pre_xy_9743,chr2,47904261,47907136,2875
pre_xy_9744,chr2,48111002,48112312,1310
pre_xy_9745,chr2,48313886,48316142,2256
pre_xy_9746,chr2,48440075,48441433,1358
pre_xy_9747,chr2,48529475,48530891,1416
pre_xy_9748,chr2,50345952,50348008,2056
pre_xy_9749,chr2,51031556,51032700,1144
pre_xy_9750,chr2,53767197,53768392,1195
pre_xy_9751,chr2,53786035,53787875,1840
pre_xy_9752,chr2,53969853,53971585,1732
pre_xy_9753,chr2,54029028,54030790,1762
pre_xy_9754,chr2,54114562,54116120,1558
pre_xy_9755,chr2,54329685,54331405,1720
pre_xy_9756,chr2,54455036,54458018,2982
pre_xy_9757,chr2,54557555,54558903,1348
pre_xy_9758,chr2,54708480,54709818,1338
pre_xy_9759,chr2,54722736,54724337,1601
pre_xy_9760,chr2,55048527,55051369,2842
pre_xy_9761,chr2,55231560,55233287,1727
pre_xy_9762,chr2,55268437,55269517,1080
pre_xy_9763,chr2,55281685,55282782,1097
pre_xy_9764,chr2,55418601,55420476,1875
pre_xy_9765,chr2,55518789,55520701,1912
pre_xy_9766,chr2,55616461,55619006,2545
pre_xy_9767,chr2,55692941,55694076,1135
pre_xy_9768,chr2,55922209,55924171,1962
pre_xy_9769,chr2,56183521,56185935,2414
pre_xy_9770,chr2,57758708,57760756,2048
pre_xy_9771,chr2,58046025,58047526,1501
pre_xy_9772,chr2,58240296,58241587,1291
pre_xy_9773,chr2,58427394,58429393,1999
pre_xy_9774,chr2,60549275,60550953,1678
pre_xy_9775,chr2,60553208,60555702,2494
pre_xy_9776,chr2,60568127,60570074,1947
pre_xy_9777,chr2,60581232,60582273,1041
pre_xy_9778,chr2,60755689,60757103,1414
pre_xy_9779,chr2,60847617,60849057,1440
pre_xy_9780,chr2,60880565,60882216,1651
pre_xy_9781,chr2,61016437,61018642,2205
pre_xy_9782,chr2,61065205,61066669,1464
pre_xy_9783,chr2,61144443,61145606,1163
pre_xy_9784,chr2,61176552,61178259,1707
pre_xy_9785,chr2,61469926,61472243,2317
pre_xy_9786,chr2,61536221,61539099,2878
pre_xy_9787,chr2,61694172,61695302,1130
pre_xy_9788,chr2,61763336,61764858,1522
pre_xy_9789,chr2,61853227,61855466,2239
pre_xy_9790,chr2,61887273,61889429,2156
pre_xy_9791,chr2,61905194,61906236,1042
pre_xy_9792,chr2,62194649,62197906,3257
pre_xy_9793,chr2,62456612,62457930,1318
pre_xy_9794,chr2,62505188,62506795,1607
pre_xy_9795,chr2,62704804,62706663,1859
pre_xy_9796,chr2,63050070,63051152,1082
pre_xy_9797,chr2,63587662,63589295,1633
pre_xy_9798,chr2,63840197,63842769,2572
pre_xy_9799,chr2,64018204,64020078,1874
pre_xy_9800,chr2,64142634,64144826,2192
pre_xy_9801,chr2,64227716,64228997,1281
pre_xy_9802,chr2,64283061,64284493,1432
pre_xy_9803,chr2,64452989,64455190,2201
pre_xy_9804,chr2,64523610,64525354,1744
pre_xy_9805,chr2,64643970,64645391,1421
pre_xy_9806,chr2,64652863,64654798,1935
pre_xy_9807,chr2,64749966,64752191,2225
pre_xy_9808,chr2,64766542,64768746,2204
pre_xy_9809,chr2,64858821,64860281,1460
pre_xy_9810,chr2,64864481,64865914,1433
pre_xy_9811,chr2,64988198,64990112,1914
pre_xy_9812,chr2,65055501,65057082,1581
pre_xy_9813,chr2,65129244,65130979,1735
pre_xy_9814,chr2,65226951,65228566,1615
pre_xy_9815,chr2,65382371,65384274,1903
pre_xy_9816,chr2,65430371,65433065,2694
pre_xy_9817,chr2,65435516,65436964,1448
pre_xy_9818,chr2,66425337,66427043,1706
pre_xy_9819,chr2,66432543,66433767,1224
pre_xy_9820,chr2,66433928,66435555,1627
pre_xy_9821,chr2,66445132,66446892,1760
pre_xy_9822,chr2,66469000,66470311,1311
pre_xy_9823,chr2,66574544,66577459,2915
pre_xy_9824,chr2,66581023,66583892,2869
pre_xy_9825,chr2,66701843,66702823,980
pre_xy_9826,chr2,67396944,67398253,1309
pre_xy_9827,chr2,67560468,67561944,1476
pre_xy_9828,chr2,67649128,67651208,2080
pre_xy_9829,chr2,68062280,68063378,1098
pre_xy_9830,chr2,68156629,68158329,1700
pre_xy_9831,chr2,68250866,68253686,2820
pre_xy_9832,chr2,68318337,68320603,2266
pre_xy_9833,chr2,68466325,68467971,1646
pre_xy_9834,chr2,68642909,68644057,1148
pre_xy_9835,chr2,68828648,68829804,1156
pre_xy_9836,chr2,69012359,69014812,2453
pre_xy_9837,chr2,69306078,69307692,1614
pre_xy_9838,chr2,69386601,69387999,1398
pre_xy_9839,chr2,69436395,69438040,1645
pre_xy_9840,chr2,69642596,69644664,2068
pre_xy_9841,chr2,69740792,69742569,1777
pre_xy_9842,chr2,69789128,69790746,1618
pre_xy_9843,chr2,69797828,69799722,1894
pre_xy_9844,chr2,69828946,69830648,1702
pre_xy_9845,chr2,69893450,69894995,1545
pre_xy_9846,chr2,69913905,69915877,1972
pre_xy_9847,chr2,70085780,70088485,2705
pre_xy_9848,chr2,70089185,70089886,701
pre_xy_9849,chr2,70123094,70125479,2385
pre_xy_9850,chr2,70141108,70143063,1955
pre_xy_9851,chr2,70189899,70191323,1424
pre_xy_9852,chr2,70247486,70249166,1680
pre_xy_9853,chr2,70257217,70258916,1699
pre_xy_9854,chr2,70293054,70294305,1251
pre_xy_9855,chr2,70301011,70302307,1296
pre_xy_9856,chr2,70553138,70554451,1313
pre_xy_9857,chr2,70766977,70768594,1617
pre_xy_9858,chr2,70899775,70901948,2173
pre_xy_9859,chr2,70976663,70977670,1007
pre_xy_9860,chr2,70978306,70979317,1011
pre_xy_9861,chr2,70994039,70995698,1659
pre_xy_9862,chr2,71067561,71069206,1645
pre_xy_9863,chr2,71129367,71131129,1762
pre_xy_9864,chr2,71226131,71227726,1595
pre_xy_9865,chr2,71275983,71277401,1418
pre_xy_9866,chr2,71331214,71332769,1555
pre_xy_9867,chr2,71453104,71454158,1054
pre_xy_9868,chr2,71466019,71467294,1275
pre_xy_9869,chr2,71882355,71883738,1383
pre_xy_9870,chr2,72142640,72143720,1080
pre_xy_9871,chr2,72144471,72145638,1167
pre_xy_9872,chr2,72148448,72149316,868
pre_xy_9873,chr2,72149616,72150677,1061
pre_xy_9874,chr2,72825133,72826252,1119
pre_xy_9875,chr2,72886789,72888170,1381
pre_xy_9876,chr2,72917111,72918842,1731
pre_xy_9877,chr2,73070422,73072346,1924
pre_xy_9878,chr2,73111495,73113713,2218
pre_xy_9879,chr2,73176735,73178109,1374
pre_xy_9880,chr2,73201894,73203656,1762
pre_xy_9881,chr2,73213575,73214809,1234
pre_xy_9882,chr2,73232707,73235086,2379
pre_xy_9883,chr2,73268502,73270086,1584
pre_xy_9884,chr2,73283071,73285483,2412
pre_xy_9885,chr2,73290955,73292242,1287
pre_xy_9886,chr2,73385266,73387027,1761
pre_xy_9887,chr2,73560504,73561670,1166
pre_xy_9888,chr2,73736490,73737746,1256
pre_xy_9889,chr2,73779019,73780370,1351
pre_xy_9890,chr2,73828355,73829615,1260
pre_xy_9891,chr2,73926158,73927301,1143
pre_xy_9892,chr2,73983393,73986045,2652
pre_xy_9893,chr2,74002043,74003414,1371
pre_xy_9894,chr2,74119877,74120723,846
pre_xy_9895,chr2,74146894,74148641,1747
pre_xy_9896,chr2,74177844,74179324,1480
pre_xy_9897,chr2,74197936,74199621,1685
pre_xy_9898,chr2,74373762,74375077,1315
pre_xy_9899,chr2,74390752,74392276,1524
pre_xy_9900,chr2,74414464,74416009,1545
pre_xy_9901,chr2,74421137,74422388,1251
pre_xy_9902,chr2,74439484,74442538,3054
pre_xy_9903,chr2,74454613,74455399,786
pre_xy_9904,chr2,74457132,74458602,1470
pre_xy_9905,chr2,74464478,74465750,1272
pre_xy_9906,chr2,74471761,74473195,1434
pre_xy_9907,chr2,74481845,74483563,1718
pre_xy_9908,chr2,74506908,74508433,1525
pre_xy_9909,chr2,74528990,74531079,2089
pre_xy_9910,chr2,74548328,74549747,1419
pre_xy_9911,chr2,74553051,74555876,2825
pre_xy_9912,chr2,74653463,74654881,1418
pre_xy_9913,chr2,74714725,74716211,1486
pre_xy_9914,chr2,74777176,74779185,2009
pre_xy_9915,chr2,74821037,74823320,2283
pre_xy_9916,chr2,74833290,74835747,2457
pre_xy_9917,chr2,74958046,74959131,1085
pre_xy_9918,chr2,75199040,75201173,2133
pre_xy_9919,chr2,75559821,75561693,1872
pre_xy_9920,chr2,75646231,75647489,1258
pre_xy_9921,chr2,75709929,75711348,1419
pre_xy_9922,chr2,76684352,76685442,1090
pre_xy_9923,chr2,78992439,78993507,1068
pre_xy_9924,chr2,79512191,79513305,1114
pre_xy_9925,chr2,80302167,80304853,2686
pre_xy_9926,chr2,84194438,84196248,1810
pre_xy_9927,chr2,84458363,84459899,1536
pre_xy_9928,chr2,84515852,84516716,864
pre_xy_9929,chr2,84879500,84882445,2945
pre_xy_9930,chr2,84904352,84907659,3307
pre_xy_9931,chr2,84925376,84927304,1928
pre_xy_9932,chr2,84969991,84972275,2284
pre_xy_9933,chr2,85132490,85134871,2381
pre_xy_9934,chr2,85255423,85256654,1231
pre_xy_9935,chr2,85327100,85328505,1405
pre_xy_9936,chr2,85353800,85355393,1593
pre_xy_9937,chr2,85413498,85414246,748
pre_xy_9938,chr2,85418039,85420189,2150
pre_xy_9939,chr2,85420475,85421805,1330
pre_xy_9940,chr2,85430445,85431526,1081
pre_xy_9941,chr2,85436873,85438698,1825
pre_xy_9942,chr2,85537629,85540116,2487
pre_xy_9943,chr2,85545902,85547531,1629
pre_xy_9944,chr2,85560771,85562010,1239
pre_xy_9945,chr2,85583996,85585663,1667
pre_xy_9946,chr2,85594929,85596215,1286
pre_xy_9947,chr2,85601751,85603499,1748
pre_xy_9948,chr2,85611346,85612494,1148
pre_xy_9949,chr2,85615732,85616681,949
pre_xy_9950,chr2,85753151,85755384,2233
pre_xy_9951,chr2,85771900,85773293,1393
pre_xy_9952,chr2,85887444,85889649,2205
pre_xy_9953,chr2,86105213,86106581,1368
pre_xy_9954,chr2,86194623,86195958,1335
pre_xy_9955,chr2,86222756,86224087,1331
pre_xy_9956,chr2,86336286,86338131,1845
pre_xy_9957,chr2,86440549,86443196,2647
pre_xy_9958,chr2,86562448,86563710,1262
pre_xy_9959,chr2,86622414,86624100,1686
pre_xy_9960,chr2,86719546,86721285,1739
pre_xy_9961,chr2,86807128,86808905,1777
pre_xy_9962,chr2,87074991,87077139,2148
pre_xy_9963,chr2,88015662,88017748,2086
pre_xy_9964,chr2,88054266,88056047,1781
pre_xy_9965,chr2,88169734,88171019,1285
pre_xy_9966,chr2,88626307,88628383,2076
pre_xy_9967,chr2,88690973,88692538,1565
pre_xy_9968,chr2,88764601,88766136,1535
pre_xy_9969,chr2,94207694,94209498,1804
pre_xy_9970,chr2,95024322,95026834,2512
pre_xy_9971,chr2,95076410,95077338,928
pre_xy_9972,chr2,95121161,95122375,1214
pre_xy_9973,chr2,95158658,95160369,1711
pre_xy_9974,chr2,95165047,95166259,1212
pre_xy_9975,chr2,95206533,95208016,1483
pre_xy_9976,chr2,95345104,95347452,2348
pre_xy_9977,chr2,95401659,95403572,1913
pre_xy_9978,chr2,95526032,95527349,1317
pre_xy_9979,chr2,95681633,95683531,1898
pre_xy_9980,chr2,95991018,95993110,2092
pre_xy_9981,chr2,96009777,96010639,862
pre_xy_9982,chr2,96116056,96117837,1781
pre_xy_9983,chr2,96144737,96145763,1026
pre_xy_9984,chr2,96145947,96146909,962
pre_xy_9985,chr2,96148201,96149058,857
pre_xy_9986,chr2,96163274,96165104,1830
pre_xy_9987,chr2,96207615,96209267,1652
pre_xy_9988,chr2,96260155,96261088,933
pre_xy_9989,chr2,96264792,96266668,1876
pre_xy_9990,chr2,96304732,96306611,1879
pre_xy_9991,chr2,96320910,96322280,1370
pre_xy_9992,chr2,96324897,96325921,1024
pre_xy_9993,chr2,96335044,96336233,1189
pre_xy_9994,chr2,96531758,96532509,751
pre_xy_9995,chr2,96536158,96538051,1893
pre_xy_9996,chr2,96636459,96638721,2262
pre_xy_9997,chr2,96684220,96686423,2203
pre_xy_9998,chr2,96739273,96740639,1366
pre_xy_9999,chr2,96760292,96761452,1160
pre_xy_10000,chr2,96815295,96817364,2069
pre_xy_10001,chr2,96832457,96833714,1257
pre_xy_10002,chr2,96857066,96859630,2564
pre_xy_10003,chr2,96868063,96870468,2405
pre_xy_10004,chr2,96950144,96951527,1383
pre_xy_10005,chr2,97112246,97114112,1866
pre_xy_10006,chr2,97589274,97591115,1841
pre_xy_10007,chr2,97644977,97646545,1568
pre_xy_10008,chr2,97662742,97664647,1905
pre_xy_10009,chr2,97994953,97996603,1650
pre_xy_10010,chr2,98086409,98087474,1065
pre_xy_10011,chr2,98444221,98446148,1927
pre_xy_10012,chr2,98607776,98609503,1727
pre_xy_10013,chr2,98730138,98731727,1589
pre_xy_10014,chr2,98935263,98937350,2087
pre_xy_10015,chr2,99140595,99142044,1449
pre_xy_10016,chr2,99154019,99155764,1745
pre_xy_10017,chr2,99180556,99181721,1165
pre_xy_10018,chr2,99335645,99338065,2420
pre_xy_10019,chr2,99488483,99490736,2253
pre_xy_10020,chr2,99881407,99882619,1212
pre_xy_10021,chr2,100104335,100106895,2560
pre_xy_10022,chr2,100290659,100292613,1954
pre_xy_10023,chr2,100320564,100322849,2285
pre_xy_10024,chr2,100416651,100418042,1391
pre_xy_10025,chr2,100562078,100563664,1586
pre_xy_10026,chr2,100817786,100821053,3267
pre_xy_10027,chr2,101001594,101003461,1867
pre_xy_10028,chr2,101150577,101152210,1633
pre_xy_10029,chr2,101251812,101253577,1765
pre_xy_10030,chr2,101307641,101309161,1520
pre_xy_10031,chr2,101386493,101387927,1434
pre_xy_10032,chr2,101473244,101474900,1656
pre_xy_10033,chr2,101696462,101698709,2247
pre_xy_10034,chr2,102142131,102143867,1736
pre_xy_10035,chr2,102355367,102356429,1062
pre_xy_10036,chr2,102618487,102620015,1528
pre_xy_10037,chr2,102735747,102737251,1504
pre_xy_10038,chr2,104853502,104854378,876
pre_xy_10039,chr2,104872076,104874073,1997
pre_xy_10040,chr2,105037281,105038778,1497
pre_xy_10041,chr2,105143333,105144613,1280
pre_xy_10042,chr2,105328274,105330364,2090
pre_xy_10043,chr2,105336810,105338254,1444
pre_xy_10044,chr2,105398002,105399433,1431
pre_xy_10045,chr2,105437656,105439681,2025
pre_xy_10046,chr2,105743776,105745784,2008
pre_xy_10047,chr2,106192845,106194810,1965
pre_xy_10048,chr2,106581419,106582861,1442
pre_xy_10049,chr2,106885107,106887688,2581
pre_xy_10050,chr2,107304691,107306427,1736
pre_xy_10051,chr2,108377100,108378656,1556
pre_xy_10052,chr2,108448212,108449999,1787
pre_xy_10053,chr2,108533391,108535452,2061
pre_xy_10054,chr2,108718711,108720023,1312
pre_xy_10055,chr2,108785929,108787238,1309
pre_xy_10056,chr2,109031192,109032772,1580
pre_xy_10057,chr2,109127908,109130743,2835
pre_xy_10058,chr2,109409175,109411489,2314
pre_xy_10059,chr2,109612996,109615284,2288
pre_xy_10060,chr2,110114855,110116698,1843
pre_xy_10061,chr2,110204301,110205348,1047
pre_xy_10062,chr2,110211692,110212892,1200
pre_xy_10063,chr2,110674584,110675536,952
pre_xy_10064,chr2,110677646,110679803,2157
pre_xy_10065,chr2,111049200,111050311,1111
pre_xy_10066,chr2,111120217,111121614,1397
pre_xy_10067,chr2,111121842,111123390,1548
pre_xy_10068,chr2,111883491,111884820,1329
pre_xy_10069,chr2,111897486,111899582,2096
pre_xy_10070,chr2,112053871,112056656,2785
pre_xy_10071,chr2,112181435,112182435,1000
pre_xy_10072,chr2,112254312,112255280,968
pre_xy_10073,chr2,112275020,112276442,1422
pre_xy_10074,chr2,112480619,112483410,2791
pre_xy_10075,chr2,112541314,112542959,1645
pre_xy_10076,chr2,112583481,112585161,1680
pre_xy_10077,chr2,112644986,112646620,1634
pre_xy_10078,chr2,112763690,112765273,1583
pre_xy_10079,chr2,113156743,113158598,1855
pre_xy_10080,chr2,113198503,113199498,995
pre_xy_10081,chr2,113277039,113279225,2186
pre_xy_10082,chr2,113323917,113325752,1835
pre_xy_10083,chr2,113502143,113504051,1908
pre_xy_10084,chr2,113602005,113604466,2461
pre_xy_10085,chr2,113755028,113757272,2244
pre_xy_10086,chr2,113817677,113819003,1326
pre_xy_10087,chr2,113889061,113891186,2125
pre_xy_10088,chr2,114212718,114213661,943
pre_xy_10089,chr2,115160703,115162537,1834
pre_xy_10090,chr2,115440278,115441407,1129
pre_xy_10091,chr2,117086630,117088439,1809
pre_xy_10092,chr2,117814091,117815278,1187
pre_xy_10093,chr2,117835629,117836797,1168
pre_xy_10094,chr2,118012847,118014766,1919
pre_xy_10095,chr2,118087791,118089849,2058
pre_xy_10096,chr2,118185122,118186794,1672
pre_xy_10097,chr2,118309470,118311363,1893
pre_xy_10098,chr2,119223031,119224531,1500
pre_xy_10099,chr2,119365830,119367892,2062
pre_xy_10100,chr2,119431216,119432771,1555
pre_xy_10101,chr2,119523449,119524668,1219
pre_xy_10102,chr2,119543935,119545428,1493
pre_xy_10103,chr2,119677971,119679490,1519
pre_xy_10104,chr2,119759240,119761203,1963
pre_xy_10105,chr2,120012490,120013764,1274
pre_xy_10106,chr2,120222765,120223899,1134
pre_xy_10107,chr2,120251944,120253852,1908
pre_xy_10108,chr2,120312600,120314245,1645
pre_xy_10109,chr2,120343079,120345729,2650
pre_xy_10110,chr2,120345757,120347087,1330
pre_xy_10111,chr2,120395109,120396562,1453
pre_xy_10112,chr2,120441687,120443554,1867
pre_xy_10113,chr2,120734950,120737835,2885
pre_xy_10114,chr2,120740773,120742429,1656
pre_xy_10115,chr2,120757351,120759071,1720
pre_xy_10116,chr2,120866923,120868360,1437
pre_xy_10117,chr2,121018278,121019399,1121
pre_xy_10118,chr2,121284180,121285586,1406
pre_xy_10119,chr2,121529643,121531624,1981
pre_xy_10120,chr2,121595139,121597060,1921
pre_xy_10121,chr2,121648252,121650691,2439
pre_xy_10122,chr2,121736086,121737374,1288
pre_xy_10123,chr2,121754919,121756182,1263
pre_xy_10124,chr2,124024580,124025604,1024
pre_xy_10125,chr2,126655634,126656881,1247
pre_xy_10126,chr2,126657039,126658339,1300
pre_xy_10127,chr2,126776323,126777686,1363
pre_xy_10128,chr2,126885426,126887054,1628
pre_xy_10129,chr2,127024416,127026034,1618
pre_xy_10130,chr2,127086855,127088085,1230
pre_xy_10131,chr2,127105257,127107762,2505
pre_xy_10132,chr2,127218647,127220478,1831
pre_xy_10133,chr2,127293263,127294633,1370
pre_xy_10134,chr2,127386821,127388666,1845
pre_xy_10135,chr2,127407457,127408867,1410
pre_xy_10136,chr2,127415644,127416703,1059
pre_xy_10137,chr2,127422490,127424098,1608
pre_xy_10138,chr2,127525480,127527280,1800
pre_xy_10139,chr2,127674078,127676286,2208
pre_xy_10140,chr2,127700488,127702428,1940
pre_xy_10141,chr2,127810047,127811698,1651
pre_xy_10142,chr2,127857392,127858425,1033
pre_xy_10143,chr2,127884453,127886803,2350
pre_xy_10144,chr2,128026513,128028832,2319
pre_xy_10145,chr2,128090404,128092032,1628
pre_xy_10146,chr2,128232557,128233855,1298
pre_xy_10147,chr2,128304729,128305880,1151
pre_xy_10148,chr2,128318691,128319406,715
pre_xy_10149,chr2,128321556,128323208,1652
pre_xy_10150,chr2,128494032,128495420,1388
pre_xy_10151,chr2,129876849,129878651,1802
pre_xy_10152,chr2,129922633,129924113,1480
pre_xy_10153,chr2,130143407,130145438,2031
pre_xy_10154,chr2,130180818,130182505,1687
pre_xy_10155,chr2,130332153,130332893,740
pre_xy_10156,chr2,130336823,130337693,870
pre_xy_10157,chr2,130341640,130343434,1794
pre_xy_10158,chr2,130355215,130356644,1429
pre_xy_10159,chr2,130371662,130373030,1368
pre_xy_10160,chr2,130390429,130392241,1812
pre_xy_10161,chr2,130726747,130728472,1725
pre_xy_10162,chr2,130755296,130756716,1420
pre_xy_10163,chr2,130797255,130799218,1963
pre_xy_10164,chr2,130836312,130837553,1241
pre_xy_10165,chr2,130963087,130964836,1749
pre_xy_10166,chr2,131034048,131035620,1572
pre_xy_10167,chr2,131039652,131041392,1740
pre_xy_10168,chr2,131092603,131093943,1340
pre_xy_10169,chr2,131104463,131106742,2279
pre_xy_10170,chr2,131394146,131395646,1500
pre_xy_10171,chr2,131491947,131493879,1932
pre_xy_10172,chr2,131527232,131529469,2237
pre_xy_10173,chr2,131672096,131674525,2429
pre_xy_10174,chr2,131681716,131683405,1689
pre_xy_10175,chr2,131801107,131802886,1779
pre_xy_10176,chr2,132256307,132258232,1925
pre_xy_10177,chr2,132267156,132269076,1920
pre_xy_10178,chr2,132346886,132347737,851
pre_xy_10179,chr2,132352282,132353821,1539
pre_xy_10180,chr2,132415569,132416888,1319
pre_xy_10181,chr2,132667756,132671724,3968
pre_xy_10182,chr2,133264914,133267537,2623
pre_xy_10183,chr2,133750181,133750981,800
pre_xy_10184,chr2,134119502,134121656,2154
pre_xy_10185,chr2,134717746,134719584,1838
pre_xy_10186,chr2,134917481,134919599,2118
pre_xy_10187,chr2,135051709,135053310,1601
pre_xy_10188,chr2,135530070,135532191,2121
pre_xy_10189,chr2,135741205,135742763,1558
pre_xy_10190,chr2,135875449,135876764,1315
pre_xy_10191,chr2,135984431,135986138,1707
pre_xy_10192,chr2,136024688,136026036,1348
pre_xy_10193,chr2,136116076,136118703,2627
pre_xy_10194,chr2,136764396,136766392,1996
pre_xy_10195,chr2,136961672,136963135,1463
pre_xy_10196,chr2,138501037,138502744,1707
pre_xy_10197,chr2,138779170,138781075,1905
pre_xy_10198,chr2,142129848,142131713,1865
pre_xy_10199,chr2,143936504,143937889,1385
pre_xy_10200,chr2,144331148,144333098,1950
pre_xy_10201,chr2,144515532,144517756,2224
pre_xy_10202,chr2,144519979,144520718,739
pre_xy_10203,chr2,144523229,144524755,1526
pre_xy_10204,chr2,147843565,147845754,2189
pre_xy_10205,chr2,148019980,148021938,1958
pre_xy_10206,chr2,148643962,148646331,2369
pre_xy_10207,chr2,148874689,148876063,1374
pre_xy_10208,chr2,148887429,148888621,1192
pre_xy_10209,chr2,149329548,149331308,1760
pre_xy_10210,chr2,149586615,149588092,1477
pre_xy_10211,chr2,150484556,150487892,3336
pre_xy_10212,chr2,150526612,150527223,611
pre_xy_10213,chr2,151260597,151262213,1616
pre_xy_10214,chr2,151408682,151410798,2116
pre_xy_10215,chr2,151826707,151828911,2204
pre_xy_10216,chr2,152097253,152099763,2510
pre_xy_10217,chr2,152174917,152176534,1617
pre_xy_10218,chr2,152334749,152337403,2654
pre_xy_10219,chr2,152716874,152719185,2311
pre_xy_10220,chr2,153476560,153480044,3484
pre_xy_10221,chr2,153871224,153873522,2298
pre_xy_10222,chr2,154696881,154699430,2549
pre_xy_10223,chr2,156319498,156320871,1373
pre_xy_10224,chr2,156331882,156335112,3230
pre_xy_10225,chr2,156340964,156343155,2191
pre_xy_10226,chr2,156399796,156401316,1520
pre_xy_10227,chr2,156435304,156437032,1728
pre_xy_10228,chr2,157627707,157629454,1747
pre_xy_10229,chr2,157874906,157876958,2052
pre_xy_10230,chr2,158456115,158458432,2317
pre_xy_10231,chr2,158967212,158970360,3148
pre_xy_10232,chr2,159285747,159287416,1669
pre_xy_10233,chr2,159614779,159616767,1988
pre_xy_10234,chr2,159711742,159713284,1542
pre_xy_10235,chr2,160061784,160063626,1842
pre_xy_10236,chr2,160269416,160270990,1574
pre_xy_10237,chr2,160406672,160408443,1771
pre_xy_10238,chr2,160491786,160494689,2903
pre_xy_10239,chr2,161159892,161161582,1690
pre_xy_10240,chr2,161236860,161239703,2843
pre_xy_10241,chr2,161307860,161308889,1029
pre_xy_10242,chr2,161414126,161415078,952
pre_xy_10243,chr2,161423262,161424273,1011
pre_xy_10244,chr2,162073128,162074711,1583
pre_xy_10245,chr2,162343550,162344847,1297
pre_xy_10246,chr2,162966943,162967662,719
pre_xy_10247,chr2,163347701,163349336,1635
pre_xy_10248,chr2,163734879,163737222,2343
pre_xy_10249,chr2,164620521,164622006,1485
pre_xy_10250,chr2,164839957,164842390,2433
pre_xy_10251,chr2,165469103,165469836,733
pre_xy_10252,chr2,165549052,165550137,1085
pre_xy_10253,chr2,165952691,165954343,1652
pre_xy_10254,chr2,166375136,166376635,1499
pre_xy_10255,chr2,167292192,167294780,2588
pre_xy_10256,chr2,168246163,168248274,2111
pre_xy_10257,chr2,168455617,168457491,1874
pre_xy_10258,chr2,168889761,168890747,986
pre_xy_10259,chr2,169361578,169362983,1405
pre_xy_10260,chr2,169363440,169364974,1534
pre_xy_10261,chr2,169478936,169480135,1199
pre_xy_10262,chr2,169572933,169574113,1180
pre_xy_10263,chr2,169583982,169586020,2038
pre_xy_10264,chr2,169693354,169694905,1551
pre_xy_10265,chr2,169715262,169717517,2255
pre_xy_10266,chr2,169732900,169734776,1876
pre_xy_10267,chr2,169798323,169799875,1552
pre_xy_10268,chr2,169824215,169825133,918
pre_xy_10269,chr2,169827080,169828782,1702
pre_xy_10270,chr2,170713693,170714802,1109
pre_xy_10271,chr2,170715077,170716037,960
pre_xy_10272,chr2,170716699,170717395,696
pre_xy_10273,chr2,170769972,170771583,1611
pre_xy_10274,chr2,170816511,170818046,1535
pre_xy_10275,chr2,170822114,170823916,1802
pre_xy_10276,chr2,170928460,170930513,2053
pre_xy_10277,chr2,170973032,170974511,1479
pre_xy_10278,chr2,171158943,171161412,2469
pre_xy_10279,chr2,171433150,171434892,1742
pre_xy_10280,chr2,171521479,171523941,2462
pre_xy_10281,chr2,171687038,171688550,1512
pre_xy_10282,chr2,171893239,171894705,1466
pre_xy_10283,chr2,171921811,171923556,1745
pre_xy_10284,chr2,171999209,172000426,1217
pre_xy_10285,chr2,172084257,172085837,1580
pre_xy_10286,chr2,172094680,172096233,1553
pre_xy_10287,chr2,172101977,172103184,1207
pre_xy_10288,chr2,172172093,172173327,1234
pre_xy_10289,chr2,172427084,172429790,2706
pre_xy_10290,chr2,172555302,172556765,1463
pre_xy_10291,chr2,172600072,172601532,1460
pre_xy_10292,chr2,172734648,172736697,2049
pre_xy_10293,chr2,173075285,173077237,1952
pre_xy_10294,chr2,173354165,173355954,1789
pre_xy_10295,chr2,173963315,173966031,2716
pre_xy_10296,chr2,174247602,174249069,1467
pre_xy_10297,chr2,174325474,174327479,2005
pre_xy_10298,chr2,174335773,174337759,1986
pre_xy_10299,chr2,174341373,174342225,852
pre_xy_10300,chr2,174395126,174396423,1297
pre_xy_10301,chr2,174485780,174487800,2020
pre_xy_10302,chr2,174681653,174683778,2125
pre_xy_10303,chr2,175004367,175005846,1479
pre_xy_10304,chr2,175167082,175168848,1766
pre_xy_10305,chr2,175180608,175181960,1352
pre_xy_10306,chr2,176001137,176002920,1783
pre_xy_10307,chr2,176092287,176093540,1253
pre_xy_10308,chr2,176097186,176097909,723
pre_xy_10309,chr2,176106510,176107908,1398
pre_xy_10310,chr2,176115929,176116856,927
pre_xy_10311,chr2,176121689,176123859,2170
pre_xy_10312,chr2,176128612,176131073,2461
pre_xy_10313,chr2,176135615,176137185,1570
pre_xy_10314,chr2,176139683,176141068,1385
pre_xy_10315,chr2,176151147,176152618,1471
pre_xy_10316,chr2,176156613,176158310,1697
pre_xy_10317,chr2,176159693,176160984,1291
pre_xy_10318,chr2,176164622,176166168,1546
pre_xy_10319,chr2,176170583,176172548,1965
pre_xy_10320,chr2,176174378,176175832,1454
pre_xy_10321,chr2,176177731,176178851,1120
pre_xy_10322,chr2,176187426,176189971,2545
pre_xy_10323,chr2,176268883,176270232,1349
pre_xy_10324,chr2,176454534,176456469,1935
pre_xy_10325,chr2,176489839,176491657,1818
pre_xy_10326,chr2,176636974,176638527,1553
pre_xy_10327,chr2,177147901,177149244,1343
pre_xy_10328,chr2,177164304,177166603,2299
pre_xy_10329,chr2,177211842,177213469,1627
pre_xy_10330,chr2,177263208,177265576,2368
pre_xy_10331,chr2,177392175,177393430,1255
pre_xy_10332,chr2,177552103,177553757,1654
pre_xy_10333,chr2,177618155,177619266,1111
pre_xy_10334,chr2,177753400,177755219,1819
pre_xy_10335,chr2,178072136,178073359,1223
pre_xy_10336,chr2,178112019,178113286,1267
pre_xy_10337,chr2,178193590,178195490,1900
pre_xy_10338,chr2,178413210,178415023,1813
pre_xy_10339,chr2,178449892,178451999,2107
pre_xy_10340,chr2,178478115,178479342,1227
pre_xy_10341,chr2,178479923,178481151,1228
pre_xy_10342,chr2,178522521,178523986,1465
pre_xy_10343,chr2,179263057,179265431,2374
pre_xy_10344,chr2,179860079,179862043,1964
pre_xy_10345,chr2,180006278,180007565,1287
pre_xy_10346,chr2,180979740,180981552,1812
pre_xy_10347,chr2,181456616,181458314,1698
pre_xy_10348,chr2,181891155,181892902,1747
pre_xy_10349,chr2,182715350,182716838,1488
pre_xy_10350,chr2,182865945,182867795,1850
pre_xy_10351,chr2,183037050,183039062,2012
pre_xy_10352,chr2,183078184,183079683,1499
pre_xy_10353,chr2,183123605,183125106,1501
pre_xy_10354,chr2,184597090,184599144,2054
pre_xy_10355,chr2,185643368,185645628,2260
pre_xy_10356,chr2,186485312,186487322,2010
pre_xy_10357,chr2,186589184,186591410,2226
pre_xy_10358,chr2,186693532,186694829,1297
pre_xy_10359,chr2,186848527,186849807,1280
pre_xy_10360,chr2,188291126,188293229,2103
pre_xy_10361,chr2,188978191,188979068,877
pre_xy_10362,chr2,189440459,189441946,1487
pre_xy_10363,chr2,189580112,189582171,2059
pre_xy_10364,chr2,189660865,189662225,1360
pre_xy_10365,chr2,189673718,189675101,1383
pre_xy_10366,chr2,189762114,189763502,1388
pre_xy_10367,chr2,189783315,189784921,1606
pre_xy_10368,chr2,190179934,190181347,1413
pre_xy_10369,chr2,190318937,190320195,1258
pre_xy_10370,chr2,190342969,190344548,1579
pre_xy_10371,chr2,190407341,190409146,1805
pre_xy_10372,chr2,190468565,190470162,1597
pre_xy_10373,chr2,190533813,190535149,1336
pre_xy_10374,chr2,190647833,190650197,2364
pre_xy_10375,chr2,190880066,190882329,2263
pre_xy_10376,chr2,191013439,191014729,1290
pre_xy_10377,chr2,191019991,191021200,1209
pre_xy_10378,chr2,191150188,191151418,1230
pre_xy_10379,chr2,191244909,191246519,1610
pre_xy_10380,chr2,191677133,191679023,1890
pre_xy_10381,chr2,192194125,192196172,2047
pre_xy_10382,chr2,195656477,195658388,1911
pre_xy_10383,chr2,196067940,196069219,1279
pre_xy_10384,chr2,196170165,196172171,2006
pre_xy_10385,chr2,196274007,196275279,1272
pre_xy_10386,chr2,196591538,196593818,2280
pre_xy_10387,chr2,196639083,196640095,1012
pre_xy_10388,chr2,196798973,196799917,944
pre_xy_10389,chr2,196925551,196927642,2091
pre_xy_10390,chr2,197309467,197311281,1814
pre_xy_10391,chr2,197434479,197435824,1345
pre_xy_10392,chr2,197452687,197454269,1582
pre_xy_10393,chr2,197498718,197500706,1988
pre_xy_10394,chr2,197514837,197516794,1957
pre_xy_10395,chr2,197704704,197706273,1569
pre_xy_10396,chr2,197804023,197805732,1709
pre_xy_10397,chr2,199458263,199460069,1806
pre_xy_10398,chr2,199471000,199471780,780
pre_xy_10399,chr2,199850308,199851590,1282
pre_xy_10400,chr2,199910668,199912155,1487
pre_xy_10401,chr2,199954625,199956457,1832
pre_xy_10402,chr2,200305793,200307776,1983
pre_xy_10403,chr2,200509148,200510516,1368
pre_xy_10404,chr2,200525584,200526692,1108
pre_xy_10405,chr2,200585460,200586732,1272
pre_xy_10406,chr2,200810643,200812754,2111
pre_xy_10407,chr2,200863187,200865423,2236
pre_xy_10408,chr2,200888095,200890092,1997
pre_xy_10409,chr2,200962863,200964235,1372
pre_xy_10410,chr2,201070863,201072212,1349
pre_xy_10411,chr2,201115829,201117656,1827
pre_xy_10412,chr2,201118209,201119142,933
pre_xy_10413,chr2,201157676,201158701,1025
pre_xy_10414,chr2,201450896,201452355,1459
pre_xy_10415,chr2,201642139,201643661,1522
pre_xy_10416,chr2,201780064,201782130,2066
pre_xy_10417,chr2,202032348,202035072,2724
pre_xy_10418,chr2,202035434,202035828,394
pre_xy_10419,chr2,202237565,202239004,1439
pre_xy_10420,chr2,202264708,202266265,1557
pre_xy_10421,chr2,202374958,202377704,2746
pre_xy_10422,chr2,202634226,202636237,2011
pre_xy_10423,chr2,202870514,202872161,1647
pre_xy_10424,chr2,202911163,202912554,1391
pre_xy_10425,chr2,203013750,203015558,1808
pre_xy_10426,chr2,203238366,203240138,1772
pre_xy_10427,chr2,203327590,203329482,1892
pre_xy_10428,chr2,203533871,203535917,2046
pre_xy_10429,chr2,204544696,204546270,1574
pre_xy_10430,chr2,205681857,205682870,1013
pre_xy_10431,chr2,205684869,205686919,2050
pre_xy_10432,chr2,206084182,206086397,2215
pre_xy_10433,chr2,206158658,206160317,1659
pre_xy_10434,chr2,206273939,206275838,1899
pre_xy_10435,chr2,206442628,206444418,1790
pre_xy_10436,chr2,206764683,206766090,1407
pre_xy_10437,chr2,207163955,207167367,3412
pre_xy_10438,chr2,207309775,207311109,1334
pre_xy_10439,chr2,207528949,207530960,2011
pre_xy_10440,chr2,207624179,207626466,2287
pre_xy_10441,chr2,207710702,207712491,1789
pre_xy_10442,chr2,207767909,207770442,2533
pre_xy_10443,chr2,208024863,208026139,1276
pre_xy_10444,chr2,208253976,208255630,1654
pre_xy_10445,chr2,208265025,208266984,1959
pre_xy_10446,chr2,208406350,208407998,1648
pre_xy_10447,chr2,209423396,209425322,1926
pre_xy_10448,chr2,209771138,209772568,1430
pre_xy_10449,chr2,210001950,210003111,1161
pre_xy_10450,chr2,210169954,210172220,2266
pre_xy_10451,chr2,210224440,210225595,1155
pre_xy_10452,chr2,210476173,210477204,1031
pre_xy_10453,chr2,212535948,212539542,3594
pre_xy_10454,chr2,213151244,213152574,1330
pre_xy_10455,chr2,213283733,213284895,1162
pre_xy_10456,chr2,214808715,214810377,1662
pre_xy_10457,chr2,215311418,215312681,1263
pre_xy_10458,chr2,215435017,215437220,2203
pre_xy_10459,chr2,216012061,216013827,1766
pre_xy_10460,chr2,216081128,216082418,1290
pre_xy_10461,chr2,216108967,216109733,766
pre_xy_10462,chr2,216114327,216115553,1226
pre_xy_10463,chr2,216371138,216372615,1477
pre_xy_10464,chr2,216411805,216413051,1246
pre_xy_10465,chr2,216498056,216499454,1398
pre_xy_10466,chr2,216606361,216607256,895
pre_xy_10467,chr2,216632753,216634291,1538
pre_xy_10468,chr2,216691895,216693556,1661
pre_xy_10469,chr2,216694122,216694730,608
pre_xy_10470,chr2,217433378,217434859,1481
pre_xy_10471,chr2,217856657,217859470,2813
pre_xy_10472,chr2,217978229,217979700,1471
pre_xy_10473,chr2,218009885,218011617,1732
pre_xy_10474,chr2,218216367,218218151,1784
pre_xy_10475,chr2,218269451,218271030,1579
pre_xy_10476,chr2,218286284,218287448,1164
pre_xy_10477,chr2,218291621,218292761,1140
pre_xy_10478,chr2,218310876,218312578,1702
pre_xy_10479,chr2,218322319,218324491,2172
pre_xy_10480,chr2,218355841,218358169,2328
pre_xy_10481,chr2,218367095,218368188,1093
pre_xy_10482,chr2,218387003,218388225,1222
pre_xy_10483,chr2,218395703,218397101,1398
pre_xy_10484,chr2,218397709,218398213,504
pre_xy_10485,chr2,218399024,218400395,1371
pre_xy_10486,chr2,218405433,218407669,2236
pre_xy_10487,chr2,218567744,218569421,1677
pre_xy_10488,chr2,218658557,218660065,1508
pre_xy_10489,chr2,218671205,218672579,1374
pre_xy_10490,chr2,218710220,218711736,1516
pre_xy_10491,chr2,218780874,218782811,1937
pre_xy_10492,chr2,218859026,218860453,1427
pre_xy_10493,chr2,218860677,218861309,632
pre_xy_10494,chr2,218879911,218880858,947
pre_xy_10495,chr2,218892314,218893303,989
pre_xy_10496,chr2,218896322,218897441,1119
pre_xy_10497,chr2,218897551,218898734,1183
pre_xy_10498,chr2,218908519,218909550,1031
pre_xy_10499,chr2,218959165,218959960,795
pre_xy_10500,chr2,218962825,218963574,749
pre_xy_10501,chr2,218979747,218980368,621
pre_xy_10502,chr2,219001400,219003465,2065
pre_xy_10503,chr2,219057384,219058331,947
pre_xy_10504,chr2,219159760,219161041,1281
pre_xy_10505,chr2,219176136,219178798,2662
pre_xy_10506,chr2,219206154,219207608,1454
pre_xy_10507,chr2,219217668,219219577,1909
pre_xy_10508,chr2,219228772,219230480,1708
pre_xy_10509,chr2,219244881,219246012,1131
pre_xy_10510,chr2,219252783,219255161,2378
pre_xy_10511,chr2,219278869,219280256,1387
pre_xy_10512,chr2,219285824,219286719,895
pre_xy_10513,chr2,219294379,219295332,953
pre_xy_10514,chr2,219387011,219388777,1766
pre_xy_10515,chr2,219417996,219419041,1045
pre_xy_10516,chr2,219441346,219442799,1453
pre_xy_10517,chr2,219460227,219461847,1620
pre_xy_10518,chr2,219475888,219477361,1473
pre_xy_10519,chr2,219483958,219485437,1479
pre_xy_10520,chr2,219496551,219499096,2545
pre_xy_10521,chr2,219508873,219510489,1616
pre_xy_10522,chr2,219520824,219521852,1028
pre_xy_10523,chr2,219522543,219523265,722
pre_xy_10524,chr2,219541555,219542195,640
pre_xy_10525,chr2,219542737,219544538,1801
pre_xy_10526,chr2,219551175,219553107,1932
pre_xy_10527,chr2,219570086,219572497,2411
pre_xy_10528,chr2,219576487,219577422,935
pre_xy_10529,chr2,219597151,219598388,1237
pre_xy_10530,chr2,219626471,219628159,1688
pre_xy_10531,chr2,219641830,219642876,1046
pre_xy_10532,chr2,221570960,221574190,3230
pre_xy_10533,chr2,222318010,222320876,2866
pre_xy_10534,chr2,222423600,222425643,2043
pre_xy_10535,chr2,222655387,222656754,1367
pre_xy_10536,chr2,222671196,222672076,880
pre_xy_10537,chr2,222859863,222862021,2158
pre_xy_10538,chr2,223836821,223838431,1610
pre_xy_10539,chr2,223943426,223945547,2121
pre_xy_10540,chr2,223956894,223958039,1145
pre_xy_10541,chr2,224038234,224040287,2053
pre_xy_10542,chr2,224584129,224586085,1956
pre_xy_10543,chr2,225040831,225043125,2294
pre_xy_10544,chr2,226030135,226032444,2309
pre_xy_10545,chr2,226790885,226792519,1634
pre_xy_10546,chr2,226798320,226800315,1995
pre_xy_10547,chr2,226800464,226801656,1192
pre_xy_10548,chr2,226835327,226836759,1432
pre_xy_10549,chr2,227163480,227165261,1781
pre_xy_10550,chr2,227324621,227326537,1916
pre_xy_10551,chr2,227405556,227407074,1518
pre_xy_10552,chr2,227471706,227473294,1588
pre_xy_10553,chr2,228180038,228182154,2116
pre_xy_10554,chr2,228506808,228508628,1820
pre_xy_10555,chr2,229129561,229130967,1406
pre_xy_10556,chr2,229713360,229715545,2185
pre_xy_10557,chr2,229920798,229923080,2282
pre_xy_10558,chr2,230066849,230069081,2232
pre_xy_10559,chr2,230411039,230412340,1301
pre_xy_10560,chr2,230627661,230628739,1078
pre_xy_10561,chr2,230712185,230714349,2164
pre_xy_10562,chr2,230864364,230865292,928
pre_xy_10563,chr2,230865347,230866271,924
pre_xy_10564,chr2,230868875,230871290,2415
pre_xy_10565,chr2,230877734,230879916,2182
pre_xy_10566,chr2,231037135,231039206,2071
pre_xy_10567,chr2,231052465,231053191,726
pre_xy_10568,chr2,231056411,231057489,1078
pre_xy_10569,chr2,231197768,231199149,1381
pre_xy_10570,chr2,231394549,231396720,2171
pre_xy_10571,chr2,231399276,231401417,2141
pre_xy_10572,chr2,231411768,231412790,1022
pre_xy_10573,chr2,231463650,231465481,1831
pre_xy_10574,chr2,231513881,231515063,1182
pre_xy_10575,chr2,231604022,231605294,1272
pre_xy_10576,chr2,231613524,231615402,1878
pre_xy_10577,chr2,231661907,231662692,785
pre_xy_10578,chr2,231665978,231667205,1227
pre_xy_10579,chr2,231672417,231673724,1307
pre_xy_10580,chr2,231680358,231681644,1286
pre_xy_10581,chr2,231706270,231709005,2735
pre_xy_10582,chr2,231709356,231709834,478
pre_xy_10583,chr2,231710028,231710604,576
pre_xy_10584,chr2,231713596,231714349,753
pre_xy_10585,chr2,231780136,231781854,1718
pre_xy_10586,chr2,231786024,231786959,935
pre_xy_10587,chr2,231924899,231927457,2558
pre_xy_10588,chr2,231960960,231962221,1261
pre_xy_10589,chr2,232386386,232388858,2472
pre_xy_10590,chr2,232418681,232421406,2725
pre_xy_10591,chr2,232487003,232488394,1391
pre_xy_10592,chr2,232501134,232503840,2706
pre_xy_10593,chr2,232549982,232551393,1411
pre_xy_10594,chr2,232605617,232606503,886
pre_xy_10595,chr2,232632730,232635108,2378
pre_xy_10596,chr2,232696682,232698102,1420
pre_xy_10597,chr2,232926987,232929401,2414
pre_xy_10598,chr2,233251047,233252598,1551
pre_xy_10599,chr2,233353578,233355582,2004
pre_xy_10600,chr2,233565691,233566985,1294
pre_xy_10601,chr2,233853872,233854975,1103
pre_xy_10602,chr2,234335289,234336211,922
pre_xy_10603,chr2,234495976,234497800,1824
pre_xy_10604,chr2,234771897,234773079,1182
pre_xy_10605,chr2,234839889,234841307,1418
pre_xy_10606,chr2,234950685,234953097,2412
pre_xy_10607,chr2,235493007,235495341,2334
pre_xy_10608,chr2,235670222,235671227,1005
pre_xy_10609,chr2,236163780,236164857,1077
pre_xy_10610,chr2,236177614,236179731,2117
pre_xy_10611,chr2,236507120,236507926,806
pre_xy_10612,chr2,236567271,236569001,1730
pre_xy_10613,chr2,236939486,236940516,1030
pre_xy_10614,chr2,237084971,237086369,1398
pre_xy_10615,chr2,237290081,237291911,1830
pre_xy_10616,chr2,237474049,237475920,1871
pre_xy_10617,chr2,237486235,237487619,1384
pre_xy_10618,chr2,237512585,237514720,2135
pre_xy_10619,chr2,237626736,237628231,1495
pre_xy_10620,chr2,237673026,237674031,1005
pre_xy_10621,chr2,237690968,237693073,2105
pre_xy_10622,chr2,237732684,237734107,1423
pre_xy_10623,chr2,237966206,237967700,1494
pre_xy_10624,chr2,238060100,238061891,1791
pre_xy_10625,chr2,238119933,238121110,1177
pre_xy_10626,chr2,238202363,238204139,1776
pre_xy_10627,chr2,238239090,238241611,2521
pre_xy_10628,chr2,238285761,238286865,1104
pre_xy_10629,chr2,238287448,238289421,1973
pre_xy_10630,chr2,238319770,238321316,1546
pre_xy_10631,chr2,238425459,238427664,2205
pre_xy_10632,chr2,238846340,238849839,3499
pre_xy_10633,chr2,239105991,239107287,1296
pre_xy_10634,chr2,239239339,239241060,1721
pre_xy_10635,chr2,239308590,239309910,1320
pre_xy_10636,chr2,239327742,239330251,2509
pre_xy_10637,chr2,239399301,239402213,2912
pre_xy_10638,chr2,240024738,240026096,1358
pre_xy_10639,chr2,240135651,240136863,1212
pre_xy_10640,chr2,240232717,240234124,1407
pre_xy_10641,chr2,240258178,240260251,2073
pre_xy_10642,chr2,240373943,240374748,805
pre_xy_10643,chr2,240434665,240436933,2268
pre_xy_10644,chr2,240452126,240453224,1098
pre_xy_10645,chr2,240557330,240558158,828
pre_xy_10646,chr2,240560082,240561419,1337
pre_xy_10647,chr2,240565628,240566792,1164
pre_xy_10648,chr2,240567585,240569251,1666
pre_xy_10649,chr2,240585784,240587453,1669
pre_xy_10650,chr2,240774766,240776815,2049
pre_xy_10651,chr2,240791567,240793163,1596
pre_xy_10652,chr2,240818692,240821400,2708
pre_xy_10653,chr2,240831594,240833166,1572
pre_xy_10654,chr2,240997309,240999731,2422
pre_xy_10655,chr2,241101193,241103084,1891
pre_xy_10656,chr2,241148774,241150954,2180
pre_xy_10657,chr2,241217102,241219034,1932
pre_xy_10658,chr2,241223382,241225014,1632
pre_xy_10659,chr2,241271620,241273233,1613
pre_xy_10660,chr2,241314625,241316675,2050
pre_xy_10661,chr2,241355868,241356851,983
pre_xy_10662,chr2,241507278,241509483,2205
pre_xy_10663,chr2,241540455,241542142,1687
pre_xy_10664,chr2,241558479,241560104,1625
pre_xy_10665,chr2,241609756,241610810,1054
pre_xy_10666,chr2,241636074,241638180,2106
pre_xy_10667,chr2,241686201,241687604,1403
pre_xy_10668,chr2,241701006,241703056,2050
pre_xy_10669,chr2,241733940,241735720,1780
pre_xy_10670,chr2,241802963,241805105,2142
pre_xy_10671,chr2,241865813,241866808,995
pre_xy_10672,chr2,241881038,241882638,1600
pre_xy_10673,chr2,242087983,242089266,1283
pre_xy_10674,chr20,266233,267370,1137
pre_xy_10675,chr20,289838,291918,2080
pre_xy_10676,chr20,297026,298801,1775
pre_xy_10677,chr20,309419,310867,1448
pre_xy_10678,chr20,323953,326459,2506
pre_xy_10679,chr20,326738,327615,877
pre_xy_10680,chr20,346343,348688,2345
pre_xy_10681,chr20,380526,382444,1918
pre_xy_10682,chr20,407105,408957,1852
pre_xy_10683,chr20,417115,418303,1188
pre_xy_10684,chr20,461462,463023,1561
pre_xy_10685,chr20,542792,544370,1578
pre_xy_10686,chr20,609487,610616,1129
pre_xy_10687,chr20,611148,612370,1222
pre_xy_10688,chr20,652196,653825,1629
pre_xy_10689,chr20,675039,676816,1777
pre_xy_10690,chr20,727812,728939,1127
pre_xy_10691,chr20,833057,834441,1384
pre_xy_10692,chr20,844070,845085,1015
pre_xy_10693,chr20,1117975,1119347,1372
pre_xy_10694,chr20,1184614,1186096,1482
pre_xy_10695,chr20,1225276,1227062,1786
pre_xy_10696,chr20,1265866,1266994,1128
pre_xy_10697,chr20,1324796,1326340,1544
pre_xy_10698,chr20,1391620,1393509,1889
pre_xy_10699,chr20,1466122,1468042,1920
pre_xy_10700,chr20,1776485,1777601,1116
pre_xy_10701,chr20,1802136,1803986,1850
pre_xy_10702,chr20,1893969,1895548,1579
pre_xy_10703,chr20,2101460,2103928,2468
pre_xy_10704,chr20,2206725,2207995,1270
pre_xy_10705,chr20,2469742,2471267,1525
pre_xy_10706,chr20,2508075,2509655,1580
pre_xy_10707,chr20,2524164,2526006,1842
pre_xy_10708,chr20,2651704,2653514,1810
pre_xy_10709,chr20,2663570,2664748,1178
pre_xy_10710,chr20,2691863,2694268,2405
pre_xy_10711,chr20,2749947,2753035,3088
pre_xy_10712,chr20,2799314,2801467,2153
pre_xy_10713,chr20,2819856,2821898,2042
pre_xy_10714,chr20,2839806,2841560,1754
pre_xy_10715,chr20,2872191,2874070,1879
pre_xy_10716,chr20,3045205,3046893,1688
pre_xy_10717,chr20,3158865,3160133,1268
pre_xy_10718,chr20,3172853,3174589,1736
pre_xy_10719,chr20,3203291,3204824,1533
pre_xy_10720,chr20,3208610,3210163,1553
pre_xy_10721,chr20,3237779,3240458,2679
pre_xy_10722,chr20,3406369,3409044,2675
pre_xy_10723,chr20,3470271,3471739,1468
pre_xy_10724,chr20,3681029,3682455,1426
pre_xy_10725,chr20,3731719,3733527,1808
pre_xy_10726,chr20,3766972,3768970,1998
pre_xy_10727,chr20,3777442,3778430,988
pre_xy_10728,chr20,3780994,3781704,710
pre_xy_10729,chr20,3785719,3787057,1338
pre_xy_10730,chr20,3795251,3796715,1464
pre_xy_10731,chr20,3799377,3800097,720
pre_xy_10732,chr20,3819867,3820985,1118
pre_xy_10733,chr20,3846065,3847597,1532
pre_xy_10734,chr20,3888279,3890052,1773
pre_xy_10735,chr20,4013945,4015995,2050
pre_xy_10736,chr20,4148282,4150464,2182
pre_xy_10737,chr20,4170672,4173031,2359
pre_xy_10738,chr20,4220988,4222719,1731
pre_xy_10739,chr20,4248755,4249889,1134
pre_xy_10740,chr20,4686018,4687499,1481
pre_xy_10741,chr20,4760400,4762013,1613
pre_xy_10742,chr20,4822078,4824498,2420
pre_xy_10743,chr20,5000261,5002188,1927
pre_xy_10744,chr20,5112361,5113619,1258
pre_xy_10745,chr20,5119043,5120334,1291
pre_xy_10746,chr20,5126179,5128057,1878
pre_xy_10747,chr20,5609816,5611374,1558
pre_xy_10748,chr20,5662758,5663781,1023
pre_xy_10749,chr20,5749845,5751277,1432
pre_xy_10750,chr20,5910967,5911974,1007
pre_xy_10751,chr20,5949712,5951170,1458
pre_xy_10752,chr20,6005379,6006743,1364
pre_xy_10753,chr20,6051446,6052957,1511
pre_xy_10754,chr20,6053527,6054520,993
pre_xy_10755,chr20,6122037,6123718,1681
pre_xy_10756,chr20,6767194,6769084,1890
pre_xy_10757,chr20,8018205,8020029,1824
pre_xy_10758,chr20,8131432,8133122,1690
pre_xy_10759,chr20,8431728,8433234,1506
pre_xy_10760,chr20,9067255,9069611,2356
pre_xy_10761,chr20,9837958,9839427,1469
pre_xy_10762,chr20,10034485,10035398,913
pre_xy_10763,chr20,10217147,10219805,2658
pre_xy_10764,chr20,10433360,10435510,2150
pre_xy_10765,chr20,10671045,10673021,1976
pre_xy_10766,chr20,10673213,10675033,1820
pre_xy_10767,chr20,11890284,11892552,2268
pre_xy_10768,chr20,13219761,13222240,2479
pre_xy_10769,chr20,13638204,13639355,1151
pre_xy_10770,chr20,13784361,13785701,1340
pre_xy_10771,chr20,13994887,13996539,1652
pre_xy_10772,chr20,14336547,14337896,1349
pre_xy_10773,chr20,16572930,16573800,870
pre_xy_10774,chr20,16729402,16730512,1110
pre_xy_10775,chr20,17225833,17227445,1612
pre_xy_10776,chr20,17530462,17531738,1276
pre_xy_10777,chr20,17568899,17571315,2416
pre_xy_10778,chr20,17634542,17637024,2482
pre_xy_10779,chr20,17680005,17682875,2870
pre_xy_10780,chr20,17874951,17876456,1505
pre_xy_10781,chr20,17894910,17897182,2272
pre_xy_10782,chr20,17967833,17969630,1797
pre_xy_10783,chr20,18137053,18138433,1380
pre_xy_10784,chr20,18287588,18289159,1571
pre_xy_10785,chr20,18466354,18467930,1576
pre_xy_10786,chr20,18496014,18497437,1423
pre_xy_10787,chr20,18506824,18508226,1402
pre_xy_10788,chr20,18566694,18568024,1330
pre_xy_10789,chr20,18587495,18588780,1285
pre_xy_10790,chr20,19211600,19213540,1940
pre_xy_10791,chr20,19757121,19759284,2163
pre_xy_10792,chr20,19973944,19977568,3624
pre_xy_10793,chr20,20016740,20018121,1381
pre_xy_10794,chr20,20051715,20052957,1242
pre_xy_10795,chr20,20366942,20369872,2930
pre_xy_10796,chr20,20711544,20713359,1815
pre_xy_10797,chr20,21125128,21126943,1815
pre_xy_10798,chr20,21302518,21304132,1614
pre_xy_10799,chr20,21395640,21397601,1961
pre_xy_10800,chr20,21505063,21506608,1545
pre_xy_10801,chr20,21702623,21703488,865
pre_xy_10802,chr20,22582614,22585500,2886
pre_xy_10803,chr20,23048252,23051514,3262
pre_xy_10804,chr20,23349545,23351704,2159
pre_xy_10805,chr20,23357722,23358497,775
pre_xy_10806,chr20,23361220,23362891,1671
pre_xy_10807,chr20,23419889,23421894,2005
pre_xy_10808,chr20,23637143,23638619,1476
pre_xy_10809,chr20,24468865,24470465,1600
pre_xy_10810,chr20,24917915,24919551,1636
pre_xy_10811,chr20,24991918,24993191,1273
pre_xy_10812,chr20,25056547,25059477,2930
pre_xy_10813,chr20,25190999,25192314,1315
pre_xy_10814,chr20,25195134,25197040,1906
pre_xy_10815,chr20,25247121,25248963,1842
pre_xy_10816,chr20,25389396,25391216,1820
pre_xy_10817,chr20,25407060,25408047,987
pre_xy_10818,chr20,25584328,25586026,1698
pre_xy_10819,chr20,25622797,25624601,1804
pre_xy_10820,chr20,25695814,25697192,1378
pre_xy_10821,chr20,26009108,26010809,1701
pre_xy_10822,chr20,26207902,26209755,1853
pre_xy_10823,chr20,28602218,28603372,1154
pre_xy_10824,chr20,30289606,30290887,1281
pre_xy_10825,chr20,30376492,30377663,1171
pre_xy_10826,chr20,31513829,31515135,1306
pre_xy_10827,chr20,31546689,31547970,1281
pre_xy_10828,chr20,31572420,31573482,1062
pre_xy_10829,chr20,31603952,31604717,765
pre_xy_10830,chr20,31604912,31606273,1361
pre_xy_10831,chr20,31608026,31608889,863
pre_xy_10832,chr20,31612593,31613262,669
pre_xy_10833,chr20,31661215,31662400,1185
pre_xy_10834,chr20,31722396,31724142,1746
pre_xy_10835,chr20,31738392,31739804,1412
pre_xy_10836,chr20,31822208,31824472,2264
pre_xy_10837,chr20,31860329,31862188,1859
pre_xy_10838,chr20,31869430,31871146,1716
pre_xy_10839,chr20,31879184,31880451,1267
pre_xy_10840,chr20,31917443,31918692,1249
pre_xy_10841,chr20,31951162,31952327,1165
pre_xy_10842,chr20,31967704,31968899,1195
pre_xy_10843,chr20,32017785,32019511,1726
pre_xy_10844,chr20,32109160,32110429,1269
pre_xy_10845,chr20,32189590,32190827,1237
pre_xy_10846,chr20,32206794,32208125,1331
pre_xy_10847,chr20,32357461,32359537,2076
pre_xy_10848,chr20,32362553,32363457,904
pre_xy_10849,chr20,32456791,32458012,1221
pre_xy_10850,chr20,32474502,32476445,1943
pre_xy_10851,chr20,32482168,32485486,3318
pre_xy_10852,chr20,32521502,32522723,1221
pre_xy_10853,chr20,32535840,32537327,1487
pre_xy_10854,chr20,32582873,32585735,2862
pre_xy_10855,chr20,32604997,32606205,1208
pre_xy_10856,chr20,32742345,32744099,1754
pre_xy_10857,chr20,32761742,32763551,1809
pre_xy_10858,chr20,32819434,32820827,1393
pre_xy_10859,chr20,33400583,33402111,1528
pre_xy_10860,chr20,33441072,33441666,594
pre_xy_10861,chr20,33442559,33444623,2064
pre_xy_10862,chr20,33489367,33490801,1434
pre_xy_10863,chr20,33662995,33664082,1087
pre_xy_10864,chr20,33666288,33668235,1947
pre_xy_10865,chr20,33673510,33675834,2324
pre_xy_10866,chr20,33685641,33686830,1189
pre_xy_10867,chr20,33719539,33720804,1265
pre_xy_10868,chr20,33731329,33732955,1626
pre_xy_10869,chr20,33810786,33812126,1340
pre_xy_10870,chr20,33992736,33994653,1917
pre_xy_10871,chr20,34111107,34113090,1983
pre_xy_10872,chr20,34215542,34216456,914
pre_xy_10873,chr20,34302383,34303614,1231
pre_xy_10874,chr20,34311222,34313030,1808
pre_xy_10875,chr20,34362828,34364139,1311
pre_xy_10876,chr20,34424679,34426328,1649
pre_xy_10877,chr20,34515118,34517135,2017
pre_xy_10878,chr20,34558025,34559880,1855
pre_xy_10879,chr20,34639276,34640323,1047
pre_xy_10880,chr20,34676153,34677630,1477
pre_xy_10881,chr20,34703525,34705085,1560
pre_xy_10882,chr20,34708570,34710301,1731
pre_xy_10883,chr20,34824254,34825912,1658
pre_xy_10884,chr20,34872383,34873075,692
pre_xy_10885,chr20,34875716,34876965,1249
pre_xy_10886,chr20,34954870,34956261,1391
pre_xy_10887,chr20,35091733,35093260,1527
pre_xy_10888,chr20,35146320,35147897,1577
pre_xy_10889,chr20,35171603,35172829,1226
pre_xy_10890,chr20,35191342,35192914,1572
pre_xy_10891,chr20,35277179,35278578,1399
pre_xy_10892,chr20,35283767,35285353,1586
pre_xy_10893,chr20,35411484,35412524,1040
pre_xy_10894,chr20,35437664,35439391,1727
pre_xy_10895,chr20,35454301,35455922,1621
pre_xy_10896,chr20,35467081,35467943,862
pre_xy_10897,chr20,35541114,35542556,1442
pre_xy_10898,chr20,35600627,35602066,1439
pre_xy_10899,chr20,35615486,35617880,2394
pre_xy_10900,chr20,35618935,35619790,855
pre_xy_10901,chr20,35663596,35665235,1639
pre_xy_10902,chr20,35698206,35699918,1712
pre_xy_10903,chr20,35741017,35743454,2437
pre_xy_10904,chr20,35771338,35772507,1169
pre_xy_10905,chr20,35953425,35955144,1719
pre_xy_10906,chr20,36050226,36051291,1065
pre_xy_10907,chr20,36064218,36065603,1385
pre_xy_10908,chr20,36091651,36094811,3160
pre_xy_10909,chr20,36153925,36155380,1455
pre_xy_10910,chr20,36235828,36237289,1461
pre_xy_10911,chr20,36460640,36461990,1350
pre_xy_10912,chr20,36540465,36542500,2035
pre_xy_10913,chr20,36571667,36572029,362
pre_xy_10914,chr20,36572601,36575757,3156
pre_xy_10915,chr20,36604872,36606329,1457
pre_xy_10916,chr20,36745315,36746511,1196
pre_xy_10917,chr20,36773128,36774550,1422
pre_xy_10918,chr20,36835096,36836324,1228
pre_xy_10919,chr20,36861662,36862540,878
pre_xy_10920,chr20,36862716,36864326,1610
pre_xy_10921,chr20,36886840,36888116,1276
pre_xy_10922,chr20,36950582,36952348,1766
pre_xy_10923,chr20,37095043,37097019,1976
pre_xy_10924,chr20,37178004,37179913,1909
pre_xy_10925,chr20,37289045,37290149,1104
pre_xy_10926,chr20,37345578,37346889,1311
pre_xy_10927,chr20,37383980,37385101,1121
pre_xy_10928,chr20,37395934,37396949,1015
pre_xy_10929,chr20,37526322,37528352,2030
pre_xy_10930,chr20,37693254,37694614,1360
pre_xy_10931,chr20,37914583,37916608,2025
pre_xy_10932,chr20,38032770,38034254,1484
pre_xy_10933,chr20,38164928,38165598,670
pre_xy_10934,chr20,38434092,38435558,1466
pre_xy_10935,chr20,38446131,38447539,1408
pre_xy_10936,chr20,38471354,38473523,2169
pre_xy_10937,chr20,38673714,38675037,1323
pre_xy_10938,chr20,38747554,38748986,1432
pre_xy_10939,chr20,38804619,38807375,2756
pre_xy_10940,chr20,38925752,38927392,1640
pre_xy_10941,chr20,38961611,38962862,1251
pre_xy_10942,chr20,39049644,39050559,915
pre_xy_10943,chr20,40687363,40688007,644
pre_xy_10944,chr20,40688359,40690438,2079
pre_xy_10945,chr20,41028014,41029885,1871
pre_xy_10946,chr20,41136415,41138718,2303
pre_xy_10947,chr20,41316551,41318122,1571
pre_xy_10948,chr20,41339699,41341316,1617
pre_xy_10949,chr20,41365732,41367351,1619
pre_xy_10950,chr20,41617225,41619640,2415
pre_xy_10951,chr20,41692522,41694156,1634
pre_xy_10952,chr20,43456877,43458925,2048
pre_xy_10953,chr20,43507104,43508091,987
pre_xy_10954,chr20,43513659,43515119,1460
pre_xy_10955,chr20,43590039,43591339,1300
pre_xy_10956,chr20,43656825,43658285,1460
pre_xy_10957,chr20,43665357,43667915,2558
pre_xy_10958,chr20,43914229,43916693,2464
pre_xy_10959,chr20,44209747,44211431,1684
pre_xy_10960,chr20,44309911,44311476,1565
pre_xy_10961,chr20,44475336,44476575,1239
pre_xy_10962,chr20,44521301,44522492,1191
pre_xy_10963,chr20,44531234,44532975,1741
pre_xy_10964,chr20,44609106,44610334,1228
pre_xy_10965,chr20,44651068,44652942,1874
pre_xy_10966,chr20,44810074,44811299,1225
pre_xy_10967,chr20,44862952,44864179,1227
pre_xy_10968,chr20,44884775,44886731,1956
pre_xy_10969,chr20,44909305,44910432,1127
pre_xy_10970,chr20,44959097,44960791,1694
pre_xy_10971,chr20,44965929,44967102,1173
pre_xy_10972,chr20,45292935,45294079,1144
pre_xy_10973,chr20,45347323,45348753,1430
pre_xy_10974,chr20,45362559,45363702,1143
pre_xy_10975,chr20,45372599,45374183,1584
pre_xy_10976,chr20,45405511,45407575,2064
pre_xy_10977,chr20,45415551,45416621,1070
pre_xy_10978,chr20,45469277,45471395,2118
pre_xy_10979,chr20,45791271,45792872,1601
pre_xy_10980,chr20,45811797,45813098,1301
pre_xy_10981,chr20,45833289,45834679,1390
pre_xy_10982,chr20,45856688,45858049,1361
pre_xy_10983,chr20,45880700,45881503,803
pre_xy_10984,chr20,45890027,45891844,1817
pre_xy_10985,chr20,45910404,45912391,1987
pre_xy_10986,chr20,45933557,45935679,2122
pre_xy_10987,chr20,45970943,45972707,1764
pre_xy_10988,chr20,46013495,46015384,1889
pre_xy_10989,chr20,46089006,46090310,1304
pre_xy_10990,chr20,46306875,46308909,2034
pre_xy_10991,chr20,46347996,46349362,1366
pre_xy_10992,chr20,46363493,46364782,1289
pre_xy_10993,chr20,46405759,46407328,1569
pre_xy_10994,chr20,46512849,46513828,979
pre_xy_10995,chr20,46562158,46563428,1270
pre_xy_10996,chr20,46682800,46684633,1833
pre_xy_10997,chr20,46688808,46690110,1302
pre_xy_10998,chr20,46708701,46710246,1545
pre_xy_10999,chr20,46894325,46895990,1665
pre_xy_11000,chr20,47356570,47358001,1431
pre_xy_11001,chr20,47501196,47503227,2031
pre_xy_11002,chr20,47784467,47786846,2379
pre_xy_11003,chr20,48620148,48621539,1391
pre_xy_11004,chr20,48682247,48683789,1542
pre_xy_11005,chr20,48827032,48828687,1655
pre_xy_11006,chr20,48920778,48922506,1728
pre_xy_11007,chr20,49045606,49047182,1576
pre_xy_11008,chr20,49186596,49188698,2102
pre_xy_11009,chr20,49218796,49220071,1275
pre_xy_11010,chr20,49277114,49279125,2011
pre_xy_11011,chr20,49347644,49348196,552
pre_xy_11012,chr20,49482415,49483088,673
pre_xy_11013,chr20,49483256,49484636,1380
pre_xy_11014,chr20,49567475,49568929,1454
pre_xy_11015,chr20,49712349,49714263,1914
pre_xy_11016,chr20,49811758,49813376,1618
pre_xy_11017,chr20,49914395,49916123,1728
pre_xy_11018,chr20,49935765,49937160,1395
pre_xy_11019,chr20,49982068,49983510,1442
pre_xy_11020,chr20,50106991,50108103,1112
pre_xy_11021,chr20,50112266,50113417,1151
pre_xy_11022,chr20,50115503,50116222,719
pre_xy_11023,chr20,50152709,50154250,1541
pre_xy_11024,chr20,50165425,50166447,1022
pre_xy_11025,chr20,50171309,50172945,1636
pre_xy_11026,chr20,50189992,50192556,2564
pre_xy_11027,chr20,50509598,50511579,1981
pre_xy_11028,chr20,50628106,50629162,1056
pre_xy_11029,chr20,50689503,50692547,3044
pre_xy_11030,chr20,50730315,50732491,2176
pre_xy_11031,chr20,50790314,50791042,728
pre_xy_11032,chr20,50794313,50795668,1355
pre_xy_11033,chr20,50817794,50818815,1021
pre_xy_11034,chr20,50848005,50849506,1501
pre_xy_11035,chr20,50870314,50871508,1194
pre_xy_11036,chr20,50929113,50929714,601
pre_xy_11037,chr20,50929961,50932068,2107
pre_xy_11038,chr20,50957818,50959603,1785
pre_xy_11039,chr20,51022433,51023696,1263
pre_xy_11040,chr20,51491499,51493259,1760
pre_xy_11041,chr20,51561550,51564207,2657
pre_xy_11042,chr20,51766727,51769391,2664
pre_xy_11043,chr20,52103358,52106312,2954
pre_xy_11044,chr20,52190676,52192670,1994
pre_xy_11045,chr20,52409923,52411203,1280
pre_xy_11046,chr20,52971864,52973844,1980
pre_xy_11047,chr20,53593064,53594813,1749
pre_xy_11048,chr20,53622582,53624502,1920
pre_xy_11049,chr20,53735561,53738884,3323
pre_xy_11050,chr20,53914361,53916336,1975
pre_xy_11051,chr20,54207392,54208922,1530
pre_xy_11052,chr20,54474599,54476426,1827
pre_xy_11053,chr20,56358322,56360370,2048
pre_xy_11054,chr20,56391357,56393157,1800
pre_xy_11055,chr20,56467903,56468958,1055
pre_xy_11056,chr20,56629801,56631184,1383
pre_xy_11057,chr20,57265196,57267223,2027
pre_xy_11058,chr20,57350662,57351822,1160
pre_xy_11059,chr20,57389005,57391884,2879
pre_xy_11060,chr20,57708506,57710781,2275
pre_xy_11061,chr20,57718375,57719007,632
pre_xy_11062,chr20,58227792,58229237,1445
pre_xy_11063,chr20,58308637,58310551,1914
pre_xy_11064,chr20,58388604,58390027,1423
pre_xy_11065,chr20,58395260,58396371,1111
pre_xy_11066,chr20,58514201,58515561,1360
pre_xy_11067,chr20,58567854,58570134,2280
pre_xy_11068,chr20,58649539,58652738,3199
pre_xy_11069,chr20,58691682,58693671,1989
pre_xy_11070,chr20,58888524,58889375,851
pre_xy_11071,chr20,58890290,58892742,2452
pre_xy_11072,chr20,58980702,58982069,1367
pre_xy_11073,chr20,59006378,59007547,1169
pre_xy_11074,chr20,59031743,59033056,1313
pre_xy_11075,chr20,59041960,59043408,1448
pre_xy_11076,chr20,59221920,59223607,1687
pre_xy_11077,chr20,59402362,59404109,1747
pre_xy_11078,chr20,59571349,59572466,1117
pre_xy_11079,chr20,59932700,59934484,1784
pre_xy_11080,chr20,59939407,59941161,1754
pre_xy_11081,chr20,61251720,61254458,2738
pre_xy_11082,chr20,61951641,61952475,834
pre_xy_11083,chr20,61956067,61957177,1110
pre_xy_11084,chr20,62041879,62043820,1941
pre_xy_11085,chr20,62063278,62064453,1175
pre_xy_11086,chr20,62065103,62067395,2292
pre_xy_11087,chr20,62121305,62123707,2402
pre_xy_11088,chr20,62142499,62144644,2145
pre_xy_11089,chr20,62156275,62157360,1085
pre_xy_11090,chr20,62182246,62183693,1447
pre_xy_11091,chr20,62219094,62221447,2353
pre_xy_11092,chr20,62236613,62237501,888
pre_xy_11093,chr20,62237868,62239224,1356
pre_xy_11094,chr20,62301791,62304181,2390
pre_xy_11095,chr20,62366838,62368378,1540
pre_xy_11096,chr20,62376142,62376827,685
pre_xy_11097,chr20,62386279,62387423,1144
pre_xy_11098,chr20,62406626,62407802,1176
pre_xy_11099,chr20,62475185,62476723,1538
pre_xy_11100,chr20,62484990,62485926,936
pre_xy_11101,chr20,62623056,62624955,1899
pre_xy_11102,chr20,62641787,62643582,1795
pre_xy_11103,chr20,62651016,62653074,2058
pre_xy_11104,chr20,62704140,62704995,855
pre_xy_11105,chr20,62793830,62794715,885
pre_xy_11106,chr20,62796051,62796761,710
pre_xy_11107,chr20,62804039,62806300,2261
pre_xy_11108,chr20,62815369,62817541,2172
pre_xy_11109,chr20,62860350,62862860,2510
pre_xy_11110,chr20,62899407,62901079,1672
pre_xy_11111,chr20,62925614,62926956,1342
pre_xy_11112,chr20,62928781,62929556,775
pre_xy_11113,chr20,62936971,62938892,1921
pre_xy_11114,chr20,62952279,62954859,2580
pre_xy_11115,chr20,63006045,63007269,1224
pre_xy_11116,chr20,63055914,63057036,1122
pre_xy_11117,chr20,63215098,63216914,1816
pre_xy_11118,chr20,63253123,63255305,2182
pre_xy_11119,chr20,63272032,63273312,1280
pre_xy_11120,chr20,63519580,63521532,1952
pre_xy_11121,chr20,63537273,63538485,1212
pre_xy_11122,chr20,63552974,63554547,1573
pre_xy_11123,chr20,63573417,63574811,1394
pre_xy_11124,chr20,63625944,63627593,1649
pre_xy_11125,chr20,63641160,63642755,1595
pre_xy_11126,chr20,63651874,63653990,2116
pre_xy_11127,chr20,63657568,63659092,1524
pre_xy_11128,chr20,63706808,63708772,1964
pre_xy_11129,chr20,63738702,63741373,2671
pre_xy_11130,chr20,63774951,63775897,946
pre_xy_11131,chr20,63829923,63832604,2681
pre_xy_11132,chr20,63834832,63835663,831
pre_xy_11133,chr20,63845832,63848315,2483
pre_xy_11134,chr20,63853924,63855653,1729
pre_xy_11135,chr20,63857160,63859209,2049
pre_xy_11136,chr20,63863850,63866034,2184
pre_xy_11137,chr20,63894148,63895835,1687
pre_xy_11138,chr20,63948319,63950237,1918
pre_xy_11139,chr20,63955224,63957979,2755
pre_xy_11140,chr20,63968793,63970632,1839
pre_xy_11141,chr20,63973622,63974185,563
pre_xy_11142,chr20,63978608,63980390,1782
pre_xy_11143,chr20,63980533,63981468,935
pre_xy_11144,chr20,64038255,64039522,1267
pre_xy_11145,chr20,64047916,64050093,2177
pre_xy_11146,chr20,64062439,64064331,1892
pre_xy_11147,chr20,64079305,64080720,1415
pre_xy_11148,chr20,64083297,64084393,1096
pre_xy_11149,chr20,64101835,64103063,1228
pre_xy_11150,chr20,64222358,64224773,2415
pre_xy_11151,chr20,64254887,64256790,1903
pre_xy_11152,chr21,14026815,14027770,955
pre_xy_11153,chr21,14215722,14216874,1152
pre_xy_11154,chr21,14382479,14384095,1616
pre_xy_11155,chr21,15063834,15066197,2363
pre_xy_11156,chr21,15728921,15730987,2066
pre_xy_11157,chr21,16418770,16420608,1838
pre_xy_11158,chr21,17454109,17455243,1134
pre_xy_11159,chr21,17511947,17514071,2124
pre_xy_11160,chr21,17610649,17613652,3003
pre_xy_11161,chr21,17818165,17820193,2028
pre_xy_11162,chr21,18244339,18245966,1627
pre_xy_11163,chr21,20997090,20998867,1777
pre_xy_11164,chr21,24994509,24996188,1679
pre_xy_11165,chr21,25561508,25562604,1096
pre_xy_11166,chr21,25606830,25608615,1785
pre_xy_11167,chr21,25637444,25640556,3112
pre_xy_11168,chr21,25734126,25736524,2398
pre_xy_11169,chr21,26168848,26171207,2359
pre_xy_11170,chr21,26571815,26573417,1602
pre_xy_11171,chr21,26842926,26843887,961
pre_xy_11172,chr21,26844008,26846833,2825
pre_xy_11173,chr21,26965277,26967934,2657
pre_xy_11174,chr21,28884585,28885552,967
pre_xy_11175,chr21,28992012,28993345,1333
pre_xy_11176,chr21,29002268,29003669,1401
pre_xy_11177,chr21,29018443,29019564,1121
pre_xy_11178,chr21,29024071,29025574,1503
pre_xy_11179,chr21,29072875,29074137,1262
pre_xy_11180,chr21,29298209,29300532,2323
pre_xy_11181,chr21,29938726,29940336,1610
pre_xy_11182,chr21,31343540,31344599,1059
pre_xy_11183,chr21,31557449,31559926,2477
pre_xy_11184,chr21,31659098,31660604,1506
pre_xy_11185,chr21,31730736,31733006,2270
pre_xy_11186,chr21,31872267,31874402,2135
pre_xy_11187,chr21,32278085,32279950,1865
pre_xy_11188,chr21,32392289,32393763,1474
pre_xy_11189,chr21,32411427,32413349,1922
pre_xy_11190,chr21,32569116,32570109,993
pre_xy_11191,chr21,32611426,32613253,1827
pre_xy_11192,chr21,32726751,32728718,1967
pre_xy_11193,chr21,32770642,32772748,2106
pre_xy_11194,chr21,33069767,33072245,2478
pre_xy_11195,chr21,33211411,33212911,1500
pre_xy_11196,chr21,33229339,33231213,1874
pre_xy_11197,chr21,33265649,33267338,1689
pre_xy_11198,chr21,33324190,33325754,1564
pre_xy_11199,chr21,33402023,33404507,2484
pre_xy_11200,chr21,33478813,33480503,1690
pre_xy_11201,chr21,33490958,33492195,1237
pre_xy_11202,chr21,33541456,33543649,2193
pre_xy_11203,chr21,33587758,33589371,1613
pre_xy_11204,chr21,33641109,33643482,2373
pre_xy_11205,chr21,33894434,33895344,910
pre_xy_11206,chr21,33915073,33916311,1238
pre_xy_11207,chr21,34072487,34074696,2209
pre_xy_11208,chr21,34128223,34130492,2269
pre_xy_11209,chr21,34201376,34203221,1845
pre_xy_11210,chr21,34614200,34615579,1379
pre_xy_11211,chr21,34668859,34670973,2114
pre_xy_11212,chr21,34723970,34725034,1064
pre_xy_11213,chr21,34888042,34890388,2346
pre_xy_11214,chr21,36059664,36060935,1271
pre_xy_11215,chr21,36069574,36070608,1034
pre_xy_11216,chr21,36134513,36136482,1969
pre_xy_11217,chr21,36155582,36157580,1998
pre_xy_11218,chr21,36254139,36255097,958
pre_xy_11219,chr21,36319612,36321138,1526
pre_xy_11220,chr21,36384831,36386133,1302
pre_xy_11221,chr21,36747069,36748507,1438
pre_xy_11222,chr21,36965765,36967647,1882
pre_xy_11223,chr21,36989370,36990622,1252
pre_xy_11224,chr21,37005802,37007235,1433
pre_xy_11225,chr21,37071819,37074395,2576
pre_xy_11226,chr21,37220015,37221558,1543
pre_xy_11227,chr21,37257143,37258911,1768
pre_xy_11228,chr21,37266737,37268341,1604
pre_xy_11229,chr21,37365512,37368448,2936
pre_xy_11230,chr21,37434823,37435893,1070
pre_xy_11231,chr21,37563364,37564760,1396
pre_xy_11232,chr21,37710126,37712479,2353
pre_xy_11233,chr21,37915502,37917047,1545
pre_xy_11234,chr21,38660079,38662420,2341
pre_xy_11235,chr21,38804794,38806801,2007
pre_xy_11236,chr21,38912740,38913799,1059
pre_xy_11237,chr21,39182613,39184222,1609
pre_xy_11238,chr21,39312161,39314780,2619
pre_xy_11239,chr21,39348170,39349853,1683
pre_xy_11240,chr21,39379888,39381319,1431
pre_xy_11241,chr21,39385299,39386535,1236
pre_xy_11242,chr21,39387417,39387923,506
pre_xy_11243,chr21,39444567,39446183,1616
pre_xy_11244,chr21,39612258,39613797,1539
pre_xy_11245,chr21,41166815,41169290,2475
pre_xy_11246,chr21,41419747,41420911,1164
pre_xy_11247,chr21,41425725,41427108,1383
pre_xy_11248,chr21,41506637,41508703,2066
pre_xy_11249,chr21,41877876,41879922,2046
pre_xy_11250,chr21,41953019,41954585,1566
pre_xy_11251,chr21,42009011,42011413,2402
pre_xy_11252,chr21,42218720,42220710,1990
pre_xy_11253,chr21,42234127,42235380,1253
pre_xy_11254,chr21,42495701,42497117,1416
pre_xy_11255,chr21,42512885,42514939,2054
pre_xy_11256,chr21,42652466,42654728,2262
pre_xy_11257,chr21,42673758,42675063,1305
pre_xy_11258,chr21,42780998,42782496,1498
pre_xy_11259,chr21,42878613,42880148,1535
pre_xy_11260,chr21,42892326,42894219,1893
pre_xy_11261,chr21,42973521,42975801,2280
pre_xy_11262,chr21,43658976,43660266,1290
pre_xy_11263,chr21,43718323,43720468,2145
pre_xy_11264,chr21,43726853,43729509,2656
pre_xy_11265,chr21,43739540,43741172,1632
pre_xy_11266,chr21,43775619,43776983,1364
pre_xy_11267,chr21,43788684,43790266,1582
pre_xy_11268,chr21,43864159,43867065,2906
pre_xy_11269,chr21,44011509,44013176,1667
pre_xy_11270,chr21,44299387,44300980,1593
pre_xy_11271,chr21,44306744,44307797,1053
pre_xy_11272,chr21,44337831,44340387,2556
pre_xy_11273,chr21,44454802,44456318,1516
pre_xy_11274,chr21,44800898,44802615,1717
pre_xy_11275,chr21,44817086,44818677,1591
pre_xy_11276,chr21,44845435,44846838,1403
pre_xy_11277,chr21,44872417,44875092,2675
pre_xy_11278,chr21,44939422,44940624,1202
pre_xy_11279,chr21,45011907,45013689,1782
pre_xy_11280,chr21,45073489,45075550,2061
pre_xy_11281,chr21,45286480,45288730,2250
pre_xy_11282,chr21,45292002,45292849,847
pre_xy_11283,chr21,45293967,45295277,1310
pre_xy_11284,chr21,45403863,45406691,2828
pre_xy_11285,chr21,45420068,45421818,1750
pre_xy_11286,chr21,45430318,45431302,984
pre_xy_11287,chr21,45542154,45543506,1352
pre_xy_11288,chr21,45554450,45556415,1965
pre_xy_11289,chr21,45642428,45643993,1565
pre_xy_11290,chr21,45820208,45821064,856
pre_xy_11291,chr21,45876257,45877328,1071
pre_xy_11292,chr21,45971588,45974611,3023
pre_xy_11293,chr21,45981021,45982687,1666
pre_xy_11294,chr21,46064817,46067357,2540
pre_xy_11295,chr21,46097337,46099734,2397
pre_xy_11296,chr21,46152570,46153897,1327
pre_xy_11297,chr21,46183849,46185262,1413
pre_xy_11298,chr21,46227932,46229642,1710
pre_xy_11299,chr21,46285433,46286826,1393
pre_xy_11300,chr21,46297211,46298339,1128
pre_xy_11301,chr21,46323382,46325489,2107
pre_xy_11302,chr21,46457899,46459302,1403
pre_xy_11303,chr21,46634844,46636239,1395
pre_xy_11304,chr21,46667011,46668428,1417
pre_xy_11305,chr22,17084340,17085972,1632
pre_xy_11306,chr22,17119521,17121848,2327
pre_xy_11307,chr22,17158347,17160017,1670
pre_xy_11308,chr22,17171116,17172497,1381
pre_xy_11309,chr22,17198124,17199797,1673
pre_xy_11310,chr22,17256977,17259018,2041
pre_xy_11311,chr22,17260016,17261267,1251
pre_xy_11312,chr22,17263961,17265110,1149
pre_xy_11313,chr22,17368310,17370792,2482
pre_xy_11314,chr22,17627788,17629192,1404
pre_xy_11315,chr22,17637425,17639905,2480
pre_xy_11316,chr22,17772921,17774790,1869
pre_xy_11317,chr22,17937485,17939300,1815
pre_xy_11318,chr22,18000202,18002013,1811
pre_xy_11319,chr22,18023304,18025174,1870
pre_xy_11320,chr22,18077352,18078755,1403
pre_xy_11321,chr22,18109753,18111505,1752
pre_xy_11322,chr22,18149380,18150324,944
pre_xy_11323,chr22,18970063,18971070,1007
pre_xy_11324,chr22,19121429,19123111,1682
pre_xy_11325,chr22,19143946,19144993,1047
pre_xy_11326,chr22,19170896,19172279,1383
pre_xy_11327,chr22,19177814,19179750,1936
pre_xy_11328,chr22,19290847,19292425,1578
pre_xy_11329,chr22,19430451,19432835,2384
pre_xy_11330,chr22,19446889,19448418,1529
pre_xy_11331,chr22,19478550,19480108,1558
pre_xy_11332,chr22,19523052,19525554,2502
pre_xy_11333,chr22,19663231,19664445,1214
pre_xy_11334,chr22,19717583,19719409,1826
pre_xy_11335,chr22,19722665,19724452,1787
pre_xy_11336,chr22,19730247,19731328,1081
pre_xy_11337,chr22,19765496,19768299,2803
pre_xy_11338,chr22,19841880,19844973,3093
pre_xy_11339,chr22,19853933,19856365,2432
pre_xy_11340,chr22,19880859,19881783,924
pre_xy_11341,chr22,19891335,19892794,1459
pre_xy_11342,chr22,19940916,19943393,2477
pre_xy_11343,chr22,19958561,19960096,1535
pre_xy_11344,chr22,19986134,19987531,1397
pre_xy_11345,chr22,20013237,20013719,482
pre_xy_11346,chr22,20016033,20017244,1211
pre_xy_11347,chr22,20020462,20022148,1686
pre_xy_11348,chr22,20079450,20081552,2102
pre_xy_11349,chr22,20116528,20118227,1699
pre_xy_11350,chr22,20130329,20132630,2301
pre_xy_11351,chr22,20238435,20239518,1083
pre_xy_11352,chr22,20240019,20240841,822
pre_xy_11353,chr22,20267200,20268624,1424
pre_xy_11354,chr22,20298402,20300115,1713
pre_xy_11355,chr22,20319115,20320813,1698
pre_xy_11356,chr22,20393379,20394766,1387
pre_xy_11357,chr22,20430577,20431918,1341
pre_xy_11358,chr22,20436206,20438501,2295
pre_xy_11359,chr22,20494624,20496791,2167
pre_xy_11360,chr22,20507074,20508379,1305
pre_xy_11361,chr22,20523390,20524779,1389
pre_xy_11362,chr22,20701946,20703658,1712
pre_xy_11363,chr22,20857783,20859370,1587
pre_xy_11364,chr22,20916668,20918342,1674
pre_xy_11365,chr22,20956777,20958308,1531
pre_xy_11366,chr22,20981421,20982615,1194
pre_xy_11367,chr22,21001126,21003060,1934
pre_xy_11368,chr22,21013743,21015296,1553
pre_xy_11369,chr22,21044873,21046411,1538
pre_xy_11370,chr22,21102460,21103325,865
pre_xy_11371,chr22,21567307,21568993,1686
pre_xy_11372,chr22,21628888,21630301,1413
pre_xy_11373,chr22,21641348,21643334,1986
pre_xy_11374,chr22,21651341,21652666,1325
pre_xy_11375,chr22,21657099,21658396,1297
pre_xy_11376,chr22,21665517,21666701,1184
pre_xy_11377,chr22,21735059,21736528,1469
pre_xy_11378,chr22,21866215,21868188,1973
pre_xy_11379,chr22,21926825,21929160,2335
pre_xy_11380,chr22,21937501,21938834,1333
pre_xy_11381,chr22,21951899,21953193,1294
pre_xy_11382,chr22,21981920,21983009,1089
pre_xy_11383,chr22,22297224,22298674,1450
pre_xy_11384,chr22,22507868,22509025,1157
pre_xy_11385,chr22,23069361,23071588,2227
pre_xy_11386,chr22,23141213,23142338,1125
pre_xy_11387,chr22,23144916,23145956,1040
pre_xy_11388,chr22,23179987,23181533,1546
pre_xy_11389,chr22,23281322,23282506,1184
pre_xy_11390,chr22,23382620,23384676,2056
pre_xy_11391,chr22,23401161,23403014,1853
pre_xy_11392,chr22,23520548,23523423,2875
pre_xy_11393,chr22,23533245,23534517,1272
pre_xy_11394,chr22,23537380,23538912,1532
pre_xy_11395,chr22,23539266,23539900,634
pre_xy_11396,chr22,23565279,23567049,1770
pre_xy_11397,chr22,23716658,23717892,1234
pre_xy_11398,chr22,23749859,23751853,1994
pre_xy_11399,chr22,23767106,23768662,1556
pre_xy_11400,chr22,23772392,23773376,984
pre_xy_11401,chr22,23786213,23787760,1547
pre_xy_11402,chr22,23838305,23839576,1271
pre_xy_11403,chr22,23849100,23849928,828
pre_xy_11404,chr22,23856585,23858573,1988
pre_xy_11405,chr22,23893686,23895679,1993
pre_xy_11406,chr22,23913380,23914369,989
pre_xy_11407,chr22,24010707,24011955,1248
pre_xy_11408,chr22,24145743,24147578,1835
pre_xy_11409,chr22,24155531,24158001,2470
pre_xy_11410,chr22,24270272,24271569,1297
pre_xy_11411,chr22,24423454,24424863,1409
pre_xy_11412,chr22,24554070,24556133,2063
pre_xy_11413,chr22,24592181,24593421,1240
pre_xy_11414,chr22,24728707,24729677,970
pre_xy_11415,chr22,24805791,24806689,898
pre_xy_11416,chr22,24952062,24953779,1717
pre_xy_11417,chr22,25110640,25112099,1459
pre_xy_11418,chr22,25403855,25405703,1848
pre_xy_11419,chr22,25447528,25449022,1494
pre_xy_11420,chr22,25475174,25476109,935
pre_xy_11421,chr22,25563308,25565579,2271
pre_xy_11422,chr22,26428352,26429796,1444
pre_xy_11423,chr22,26482761,26484223,1462
pre_xy_11424,chr22,26511963,26513001,1038
pre_xy_11425,chr22,26589260,26590709,1449
pre_xy_11426,chr22,26644695,26645779,1084
pre_xy_11427,chr22,26672197,26673447,1250
pre_xy_11428,chr22,27238730,27239755,1025
pre_xy_11429,chr22,27800252,27802446,2194
pre_xy_11430,chr22,27918288,27920337,2049
pre_xy_11431,chr22,28019817,28021402,1585
pre_xy_11432,chr22,28033981,28035611,1630
pre_xy_11433,chr22,28441614,28443798,2184
pre_xy_11434,chr22,28678809,28680278,1469
pre_xy_11435,chr22,28741325,28742808,1483
pre_xy_11436,chr22,28772305,28773661,1356
pre_xy_11437,chr22,28799251,28801045,1794
pre_xy_11438,chr22,28882541,28884816,2275
pre_xy_11439,chr22,28917568,28919181,1613
pre_xy_11440,chr22,29030115,29032553,2438
pre_xy_11441,chr22,29072564,29074538,1974
pre_xy_11442,chr22,29205452,29206684,1232
pre_xy_11443,chr22,29267310,29269743,2433
pre_xy_11444,chr22,29305941,29307412,1471
pre_xy_11445,chr22,29310654,29311440,786
pre_xy_11446,chr22,29387729,29389222,1493
pre_xy_11447,chr22,29479579,29482449,2870
pre_xy_11448,chr22,29553086,29554176,1090
pre_xy_11449,chr22,29580032,29581425,1393
pre_xy_11450,chr22,29602837,29604223,1386
pre_xy_11451,chr22,29733106,29734320,1214
pre_xy_11452,chr22,29766248,29767685,1437
pre_xy_11453,chr22,29837763,29838827,1064
pre_xy_11454,chr22,29871068,29872451,1383
pre_xy_11455,chr22,29882570,29884035,1465
pre_xy_11456,chr22,30238022,30239494,1472
pre_xy_11457,chr22,30245731,30247103,1372
pre_xy_11458,chr22,30255797,30256613,816
pre_xy_11459,chr22,30289052,30290178,1126
pre_xy_11460,chr22,30326006,30327575,1569
pre_xy_11461,chr22,30356039,30357554,1515
pre_xy_11462,chr22,30386560,30387770,1210
pre_xy_11463,chr22,30422897,30424505,1608
pre_xy_11464,chr22,30425433,30426813,1380
pre_xy_11465,chr22,30591191,30592542,1351
pre_xy_11466,chr22,30606284,30607383,1099
pre_xy_11467,chr22,30634301,30636120,1819
pre_xy_11468,chr22,30667128,30668416,1288
pre_xy_11469,chr22,30675234,30675844,610
pre_xy_11470,chr22,30693909,30695544,1635
pre_xy_11471,chr22,30802324,30803246,922
pre_xy_11472,chr22,30968411,30969947,1536
pre_xy_11473,chr22,31080617,31081576,959
pre_xy_11474,chr22,31084360,31085754,1394
pre_xy_11475,chr22,31106971,31108180,1209
pre_xy_11476,chr22,31159555,31160823,1268
pre_xy_11477,chr22,31211598,31213415,1817
pre_xy_11478,chr22,31247808,31248736,928
pre_xy_11479,chr22,31290198,31292665,2467
pre_xy_11480,chr22,31345131,31347767,2636
pre_xy_11481,chr22,31398781,31400390,1609
pre_xy_11482,chr22,31488952,31490834,1882
pre_xy_11483,chr22,31495801,31497140,1339
pre_xy_11484,chr22,31629735,31631339,1604
pre_xy_11485,chr22,31661493,31662642,1149
pre_xy_11486,chr22,31676333,31677220,887
pre_xy_11487,chr22,31749531,31750396,865
pre_xy_11488,chr22,31752942,31754846,1904
pre_xy_11489,chr22,31943701,31945743,2042
pre_xy_11490,chr22,31969940,31971169,1229
pre_xy_11491,chr22,32411340,32412600,1260
pre_xy_11492,chr22,32474155,32475804,1649
pre_xy_11493,chr22,32801039,32802725,1686
pre_xy_11494,chr22,32880594,32881633,1039
pre_xy_11495,chr22,33919405,33922606,3201
pre_xy_11496,chr22,35257034,35258685,1651
pre_xy_11497,chr22,35299144,35300799,1655
pre_xy_11498,chr22,35350373,35351838,1465
pre_xy_11499,chr22,35399472,35400611,1139
pre_xy_11500,chr22,35539814,35540972,1158
pre_xy_11501,chr22,35839339,35840769,1430
pre_xy_11502,chr22,35913945,35915956,2011
pre_xy_11503,chr22,36027301,36029363,2062
pre_xy_11504,chr22,36065296,36066580,1284
pre_xy_11505,chr22,36123606,36124383,777
pre_xy_11506,chr22,36238471,36240207,1736
pre_xy_11507,chr22,36327907,36329853,1946
pre_xy_11508,chr22,36368249,36369107,858
pre_xy_11509,chr22,36385609,36388599,2990
pre_xy_11510,chr22,36409546,36410709,1163
pre_xy_11511,chr22,36451388,36452116,728
pre_xy_11512,chr22,36454675,36455573,898
pre_xy_11513,chr22,36481053,36482333,1280
pre_xy_11514,chr22,36506324,36507489,1165
pre_xy_11515,chr22,36528412,36530097,1685
pre_xy_11516,chr22,36702940,36703973,1033
pre_xy_11517,chr22,36775413,36776671,1258
pre_xy_11518,chr22,36816079,36817528,1449
pre_xy_11519,chr22,36977245,36978386,1141
pre_xy_11520,chr22,37018455,37020357,1902
pre_xy_11521,chr22,37051240,37052535,1295
pre_xy_11522,chr22,37068759,37069655,896
pre_xy_11523,chr22,37198431,37199770,1339
pre_xy_11524,chr22,37211263,37212926,1663
pre_xy_11525,chr22,37425768,37428064,2296
pre_xy_11526,chr22,37500892,37502663,1771
pre_xy_11527,chr22,37511927,37512932,1005
pre_xy_11528,chr22,37518174,37520207,2033
pre_xy_11529,chr22,37538356,37539283,927
pre_xy_11530,chr22,37545534,37547485,1951
pre_xy_11531,chr22,37559893,37562064,2171
pre_xy_11532,chr22,37607015,37609503,2488
pre_xy_11533,chr22,37632799,37634811,2012
pre_xy_11534,chr22,37639106,37640648,1542
pre_xy_11535,chr22,37657818,37659342,1524
pre_xy_11536,chr22,37674809,37677555,2746
pre_xy_11537,chr22,37685987,37686999,1012
pre_xy_11538,chr22,37696332,37697822,1490
pre_xy_11539,chr22,37740867,37741639,772
pre_xy_11540,chr22,37745586,37747044,1458
pre_xy_11541,chr22,37801968,37802984,1016
pre_xy_11542,chr22,37804656,37805577,921
pre_xy_11543,chr22,37807136,37808267,1131
pre_xy_11544,chr22,37817423,37819301,1878
pre_xy_11545,chr22,37824472,37825642,1170
pre_xy_11546,chr22,37843510,37844686,1176
pre_xy_11547,chr22,37848697,37850121,1424
pre_xy_11548,chr22,37905099,37907122,2023
pre_xy_11549,chr22,37933175,37934306,1131
pre_xy_11550,chr22,37952686,37954184,1498
pre_xy_11551,chr22,38051975,38052735,760
pre_xy_11552,chr22,38056588,38057940,1352
pre_xy_11553,chr22,38080599,38081735,1136
pre_xy_11554,chr22,38180922,38182204,1282
pre_xy_11555,chr22,38201235,38203559,2324
pre_xy_11556,chr22,38214038,38215034,996
pre_xy_11557,chr22,38238656,38239839,1183
pre_xy_11558,chr22,38271893,38273580,1687
pre_xy_11559,chr22,38316041,38317892,1851
pre_xy_11560,chr22,38397143,38399361,2218
pre_xy_11561,chr22,38454606,38456301,1695
pre_xy_11562,chr22,38461150,38461938,788
pre_xy_11563,chr22,38467497,38469139,1642
pre_xy_11564,chr22,38505476,38507010,1534
pre_xy_11565,chr22,38569670,38571121,1451
pre_xy_11566,chr22,38655730,38657572,1842
pre_xy_11567,chr22,38681182,38682333,1151
pre_xy_11568,chr22,38700304,38701554,1250
pre_xy_11569,chr22,38705126,38706802,1676
pre_xy_11570,chr22,38754003,38756494,2491
pre_xy_11571,chr22,38787851,38789028,1177
pre_xy_11572,chr22,38793500,38794430,930
pre_xy_11573,chr22,38843000,38844505,1505
pre_xy_11574,chr22,38871233,38873274,2041
pre_xy_11575,chr22,38980870,38982660,1790
pre_xy_11576,chr22,39013628,39014834,1206
pre_xy_11577,chr22,39019898,39022320,2422
pre_xy_11578,chr22,39039918,39041580,1662
pre_xy_11579,chr22,39113709,39115385,1676
pre_xy_11580,chr22,39144909,39146410,1501
pre_xy_11581,chr22,39152144,39153533,1389
pre_xy_11582,chr22,39240638,39245151,4513
pre_xy_11583,chr22,39252882,39253871,989
pre_xy_11584,chr22,39310011,39311298,1287
pre_xy_11585,chr22,39318882,39320465,1583
pre_xy_11586,chr22,39348947,39350747,1800
pre_xy_11587,chr22,39387973,39389017,1044
pre_xy_11588,chr22,39399168,39400256,1088
pre_xy_11589,chr22,39456092,39458492,2400
pre_xy_11590,chr22,39500889,39502837,1948
pre_xy_11591,chr22,39519150,39521234,2084
pre_xy_11592,chr22,39522510,39522996,486
pre_xy_11593,chr22,39528971,39529525,554
pre_xy_11594,chr22,39532197,39533131,934
pre_xy_11595,chr22,39534455,39535118,663
pre_xy_11596,chr22,40043835,40045783,1948
pre_xy_11597,chr22,40177382,40178095,713
pre_xy_11598,chr22,40178422,40179563,1141
pre_xy_11599,chr22,40345725,40347043,1318
pre_xy_11600,chr22,40370172,40371175,1003
pre_xy_11601,chr22,40635503,40637492,1989
pre_xy_11602,chr22,40818569,40819891,1322
pre_xy_11603,chr22,40855786,40857510,1724
pre_xy_11604,chr22,40950474,40952138,1664
pre_xy_11605,chr22,41021100,41023537,2437
pre_xy_11606,chr22,41048485,41049798,1313
pre_xy_11607,chr22,41091090,41093133,2043
pre_xy_11608,chr22,41196880,41197980,1100
pre_xy_11609,chr22,41204657,41205791,1134
pre_xy_11610,chr22,41237374,41238597,1223
pre_xy_11611,chr22,41285127,41286991,1864
pre_xy_11612,chr22,41300948,41302910,1962
pre_xy_11613,chr22,41366584,41368254,1670
pre_xy_11614,chr22,41380491,41382561,2070
pre_xy_11615,chr22,41412907,41415092,2185
pre_xy_11616,chr22,41444076,41444844,768
pre_xy_11617,chr22,41446332,41448773,2441
pre_xy_11618,chr22,41468181,41470148,1967
pre_xy_11619,chr22,41543764,41545033,1269
pre_xy_11620,chr22,41560101,41562183,2082
pre_xy_11621,chr22,41589009,41590346,1337
pre_xy_11622,chr22,41596723,41598390,1667
pre_xy_11623,chr22,41620085,41621971,1886
pre_xy_11624,chr22,41666442,41667726,1284
pre_xy_11625,chr22,41681667,41682804,1137
pre_xy_11626,chr22,41687826,41689197,1371
pre_xy_11627,chr22,41799574,41801199,1625
pre_xy_11628,chr22,41832192,41834224,2032
pre_xy_11629,chr22,41909854,41910973,1119
pre_xy_11630,chr22,41913881,41915304,1423
pre_xy_11631,chr22,41925322,41926969,1647
pre_xy_11632,chr22,41946066,41947328,1262
pre_xy_11633,chr22,41976225,41977606,1381
pre_xy_11634,chr22,42069961,42071343,1382
pre_xy_11635,chr22,42078755,42080674,1919
pre_xy_11636,chr22,42089867,42091479,1612
pre_xy_11637,chr22,42269123,42271117,1994
pre_xy_11638,chr22,42282141,42284229,2088
pre_xy_11639,chr22,42303268,42304580,1312
pre_xy_11640,chr22,42343176,42344987,1811
pre_xy_11641,chr22,42347060,42348064,1004
pre_xy_11642,chr22,42367936,42369709,1773
pre_xy_11643,chr22,42443634,42444998,1364
pre_xy_11644,chr22,42499737,42501001,1264
pre_xy_11645,chr22,42519301,42520354,1053
pre_xy_11646,chr22,42553185,42554405,1220
pre_xy_11647,chr22,42581532,42582610,1078
pre_xy_11648,chr22,42613921,42616020,2099
pre_xy_11649,chr22,42648642,42649917,1275
pre_xy_11650,chr22,42661748,42662889,1141
pre_xy_11651,chr22,42716939,42717893,954
pre_xy_11652,chr22,42719677,42721339,1662
pre_xy_11653,chr22,42855926,42857639,1713
pre_xy_11654,chr22,43013868,43015662,1794
pre_xy_11655,chr22,43088734,43090564,1830
pre_xy_11656,chr22,43103306,43104577,1271
pre_xy_11657,chr22,43109648,43111759,2111
pre_xy_11658,chr22,43142598,43143631,1033
pre_xy_11659,chr22,43185640,43188055,2415
pre_xy_11660,chr22,43202701,43204185,1484
pre_xy_11661,chr22,43225806,43227628,1822
pre_xy_11662,chr22,43230821,43231559,738
pre_xy_11663,chr22,43262948,43264503,1555
pre_xy_11664,chr22,43342337,43344421,2084
pre_xy_11665,chr22,43385339,43386089,750
pre_xy_11666,chr22,43388165,43388800,635
pre_xy_11667,chr22,43411210,43412546,1336
pre_xy_11668,chr22,43811582,43812976,1394
pre_xy_11669,chr22,43923091,43924709,1618
pre_xy_11670,chr22,43953634,43954184,550
pre_xy_11671,chr22,43954709,43956216,1507
pre_xy_11672,chr22,44023611,44025003,1392
pre_xy_11673,chr22,44085602,44087115,1513
pre_xy_11674,chr22,44348714,44349800,1086
pre_xy_11675,chr22,44497009,44498641,1632
pre_xy_11676,chr22,44668119,44669380,1261
pre_xy_11677,chr22,44684460,44685137,677
pre_xy_11678,chr22,44701508,44703366,1858
pre_xy_11679,chr22,44728582,44730447,1865
pre_xy_11680,chr22,44736727,44738684,1957
pre_xy_11681,chr22,45006323,45010621,4298
pre_xy_11682,chr22,45163061,45165033,1972
pre_xy_11683,chr22,45239759,45241683,1924
pre_xy_11684,chr22,45268027,45269704,1677
pre_xy_11685,chr22,45284470,45285985,1515
pre_xy_11686,chr22,45308847,45310501,1654
pre_xy_11687,chr22,45412929,45414255,1326
pre_xy_11688,chr22,45501811,45503679,1868
pre_xy_11689,chr22,45503887,45505532,1645
pre_xy_11690,chr22,45671062,45672791,1729
pre_xy_11691,chr22,45756589,45757615,1026
pre_xy_11692,chr22,45866295,45867789,1494
pre_xy_11693,chr22,45977967,45979462,1495
pre_xy_11694,chr22,46006990,46008281,1291
pre_xy_11695,chr22,46013028,46014435,1407
pre_xy_11696,chr22,46026793,46028632,1839
pre_xy_11697,chr22,46035391,46037077,1686
pre_xy_11698,chr22,46052334,46054749,2415
pre_xy_11699,chr22,46069612,46072545,2933
pre_xy_11700,chr22,46087503,46089082,1579
pre_xy_11701,chr22,46116101,46117014,913
pre_xy_11702,chr22,46136211,46137420,1209
pre_xy_11703,chr22,46149309,46151741,2432
pre_xy_11704,chr22,46249610,46250951,1341
pre_xy_11705,chr22,46267405,46268697,1292
pre_xy_11706,chr22,46295930,46297507,1577
pre_xy_11707,chr22,46335015,46336875,1860
pre_xy_11708,chr22,46536521,46539021,2500
pre_xy_11709,chr22,46575197,46577981,2784
pre_xy_11710,chr22,46685609,46687233,1624
pre_xy_11711,chr22,46737123,46739623,2500
pre_xy_11712,chr22,46761968,46763345,1377
pre_xy_11713,chr22,48488965,48490471,1506
pre_xy_11714,chr22,48575734,48577087,1353
pre_xy_11715,chr22,49481153,49482420,1267
pre_xy_11716,chr22,49825985,49828396,2411
pre_xy_11717,chr22,49852847,49854755,1908
pre_xy_11718,chr22,49917467,49919188,1721
pre_xy_11719,chr22,49959883,49962965,3082
pre_xy_11720,chr22,49966842,49968349,1507
pre_xy_11721,chr22,49970622,49971867,1245
pre_xy_11722,chr22,50057819,50059867,2048
pre_xy_11723,chr22,50183989,50186215,2226
pre_xy_11724,chr22,50189877,50191724,1847
pre_xy_11725,chr22,50199807,50202034,2227
pre_xy_11726,chr22,50244153,50245591,1438
pre_xy_11727,chr22,50250471,50252448,1977
pre_xy_11728,chr22,50260465,50262136,1671
pre_xy_11729,chr22,50269506,50271060,1554
pre_xy_11730,chr22,50293139,50294489,1350
pre_xy_11731,chr22,50306875,50308212,1337
pre_xy_11732,chr22,50326115,50327780,1665
pre_xy_11733,chr22,50342014,50343623,1609
pre_xy_11734,chr22,50473761,50475472,1711
pre_xy_11735,chr22,50506832,50508737,1905
pre_xy_11736,chr22,50524907,50526726,1819
pre_xy_11737,chr22,50544022,50544522,500
pre_xy_11738,chr22,50562499,50563843,1344
pre_xy_11739,chr22,50582079,50583627,1548
pre_xy_11740,chr22,50599921,50601716,1795
pre_xy_11741,chr22,50627361,50628668,1307
pre_xy_11742,chr22,50672152,50675533,3381
pre_xy_11743,chr22,50696631,50698007,1376
pre_xy_11744,chr22,50704906,50706061,1155
pre_xy_11745,chr22,50783041,50784097,1056
pre_xy_11746,chr3,196422,198498,2076
pre_xy_11747,chr3,2097948,2100193,2245
pre_xy_11748,chr3,3126213,3127575,1362
pre_xy_11749,chr3,3178985,3180015,1030
pre_xy_11750,chr3,3798463,3800461,1998
pre_xy_11751,chr3,4302768,4304107,1339
pre_xy_11752,chr3,4466473,4467559,1086
pre_xy_11753,chr3,4492167,4494279,2112
pre_xy_11754,chr3,4867598,4869181,1583
pre_xy_11755,chr3,4977061,4980593,3532
pre_xy_11756,chr3,4985418,4987368,1950
pre_xy_11757,chr3,5026066,5027216,1150
pre_xy_11758,chr3,5121768,5123275,1507
pre_xy_11759,chr3,5186879,5188911,2032
pre_xy_11760,chr3,6860275,6863028,2753
pre_xy_11761,chr3,8443834,8444796,962
pre_xy_11762,chr3,8500435,8501995,1560
pre_xy_11763,chr3,8767177,8769695,2518
pre_xy_11764,chr3,8962822,8963895,1073
pre_xy_11765,chr3,9247306,9250145,2839
pre_xy_11766,chr3,9302035,9302918,883
pre_xy_11767,chr3,9362622,9363624,1002
pre_xy_11768,chr3,9396098,9397995,1897
pre_xy_11769,chr3,9648834,9650428,1594
pre_xy_11770,chr3,9730664,9732521,1857
pre_xy_11771,chr3,9749198,9750444,1246
pre_xy_11772,chr3,9769309,9770967,1658
pre_xy_11773,chr3,9792060,9793730,1670
pre_xy_11774,chr3,9809289,9810842,1553
pre_xy_11775,chr3,9843134,9844276,1142
pre_xy_11776,chr3,9862394,9863432,1038
pre_xy_11777,chr3,9889563,9891157,1594
pre_xy_11778,chr3,9914882,9917411,2529
pre_xy_11779,chr3,9932530,9934473,1943
pre_xy_11780,chr3,9946041,9947566,1525
pre_xy_11781,chr3,9986125,9987646,1521
pre_xy_11782,chr3,10008698,10009421,723
pre_xy_11783,chr3,10010626,10011608,982
pre_xy_11784,chr3,10025637,10026818,1181
pre_xy_11785,chr3,10115043,10116455,1412
pre_xy_11786,chr3,10141200,10142409,1209
pre_xy_11787,chr3,10164479,10165662,1183
pre_xy_11788,chr3,10247807,10249593,1786
pre_xy_11789,chr3,10320232,10321541,1309
pre_xy_11790,chr3,11154046,11155771,1725
pre_xy_11791,chr3,11271770,11272803,1033
pre_xy_11792,chr3,11508097,11510750,2653
pre_xy_11793,chr3,11581266,11582982,1716
pre_xy_11794,chr3,11609555,11611711,2156
pre_xy_11795,chr3,11642396,11644211,1815
pre_xy_11796,chr3,11717914,11720915,3001
pre_xy_11797,chr3,11845826,11847170,1344
pre_xy_11798,chr3,12003565,12005200,1635
pre_xy_11799,chr3,12287140,12289082,1942
pre_xy_11800,chr3,12483484,12485053,1569
pre_xy_11801,chr3,12556219,12557559,1340
pre_xy_11802,chr3,12662589,12664648,2059
pre_xy_11803,chr3,12719554,12720543,989
pre_xy_11804,chr3,12796255,12797419,1164
pre_xy_11805,chr3,12809619,12810767,1148
pre_xy_11806,chr3,12840499,12842016,1517
pre_xy_11807,chr3,12867962,12869605,1643
pre_xy_11808,chr3,12875706,12876826,1120
pre_xy_11809,chr3,12966363,12968169,1806
pre_xy_11810,chr3,12992588,12995331,2743
pre_xy_11811,chr3,13041926,13043301,1375
pre_xy_11812,chr3,13072237,13073946,1709
pre_xy_11813,chr3,13281240,13283425,2185
pre_xy_11814,chr3,13419160,13420758,1598
pre_xy_11815,chr3,13451284,13452293,1009
pre_xy_11816,chr3,13479163,13481200,2037
pre_xy_11817,chr3,13546287,13547252,965
pre_xy_11818,chr3,13655065,13655691,626
pre_xy_11819,chr3,13879327,13880918,1591
pre_xy_11820,chr3,13894810,13896847,2037
pre_xy_11821,chr3,14124051,14126118,2067
pre_xy_11822,chr3,14177689,14179019,1330
pre_xy_11823,chr3,14216035,14217046,1011
pre_xy_11824,chr3,14401915,14404892,2977
pre_xy_11825,chr3,14650893,14652404,1511
pre_xy_11826,chr3,14810048,14812054,2006
pre_xy_11827,chr3,14946871,14948986,2115
pre_xy_11828,chr3,15064196,15065562,1366
pre_xy_11829,chr3,15098422,15099794,1372
pre_xy_11830,chr3,15205502,15207422,1920
pre_xy_11831,chr3,15331477,15333475,1998
pre_xy_11832,chr3,15377816,15378887,1071
pre_xy_11833,chr3,15426877,15428796,1919
pre_xy_11834,chr3,15600979,15602347,1368
pre_xy_11835,chr3,15858726,15860858,2132
pre_xy_11836,chr3,16264098,16265526,1428
pre_xy_11837,chr3,16511870,16513971,2101
pre_xy_11838,chr3,16865948,16867555,1607
pre_xy_11839,chr3,16882920,16885795,2875
pre_xy_11840,chr3,16900695,16902010,1315
pre_xy_11841,chr3,17741646,17743566,1920
pre_xy_11842,chr3,18161047,18161994,947
pre_xy_11843,chr3,18423849,18426247,2398
pre_xy_11844,chr3,18443540,18445929,2389
pre_xy_11845,chr3,19146471,19148800,2329
pre_xy_11846,chr3,19946360,19948167,1807
pre_xy_11847,chr3,20039616,20041807,2191
pre_xy_11848,chr3,20185351,20187070,1719
pre_xy_11849,chr3,21750038,21751621,1583
pre_xy_11850,chr3,22371777,22373180,1403
pre_xy_11851,chr3,22927824,22929193,1369
pre_xy_11852,chr3,23202200,23204170,1970
pre_xy_11853,chr3,23755658,23757095,1437
pre_xy_11854,chr3,23805375,23807601,2226
pre_xy_11855,chr3,23810272,23811235,963
pre_xy_11856,chr3,23916282,23917809,1527
pre_xy_11857,chr3,23944741,23946644,1903
pre_xy_11858,chr3,24493922,24495917,1995
pre_xy_11859,chr3,24520990,24522480,1490
pre_xy_11860,chr3,24828901,24830722,1821
pre_xy_11861,chr3,25427552,25428871,1319
pre_xy_11862,chr3,25663316,25665697,2381
pre_xy_11863,chr3,25782675,25784111,1436
pre_xy_11864,chr3,25789521,25790579,1058
pre_xy_11865,chr3,26621880,26624713,2833
pre_xy_11866,chr3,27368694,27369722,1028
pre_xy_11867,chr3,27483085,27484932,1847
pre_xy_11868,chr3,27711862,27713889,2027
pre_xy_11869,chr3,27720913,27722517,1604
pre_xy_11870,chr3,28240910,28242065,1155
pre_xy_11871,chr3,28348035,28349652,1617
pre_xy_11872,chr3,28574864,28576956,2092
pre_xy_11873,chr3,29280434,29283108,2674
pre_xy_11874,chr3,30605997,30607465,1468
pre_xy_11875,chr3,31531470,31533818,2348
pre_xy_11876,chr3,31980129,31982075,1946
pre_xy_11877,chr3,32106052,32107380,1328
pre_xy_11878,chr3,32237754,32239404,1650
pre_xy_11879,chr3,32391260,32392914,1654
pre_xy_11880,chr3,32401128,32402112,984
pre_xy_11881,chr3,32501871,32503073,1202
pre_xy_11882,chr3,32569552,32571360,1808
pre_xy_11883,chr3,32684355,32685895,1540
pre_xy_11884,chr3,32780491,32781834,1343
pre_xy_11885,chr3,32816042,32817756,1714
pre_xy_11886,chr3,33096062,33098081,2019
pre_xy_11887,chr3,33113473,33114801,1328
pre_xy_11888,chr3,33217746,33219305,1559
pre_xy_11889,chr3,33276938,33278697,1759
pre_xy_11890,chr3,33439307,33441383,2076
pre_xy_11891,chr3,33658495,33660233,1738
pre_xy_11892,chr3,33716799,33718856,2057
pre_xy_11893,chr3,33797785,33799316,1531
pre_xy_11894,chr3,35638798,35640192,1394
pre_xy_11895,chr3,35664155,35665579,1424
pre_xy_11896,chr3,36379834,36381049,1215
pre_xy_11897,chr3,36943579,36945917,2338
pre_xy_11898,chr3,36957826,36959091,1265
pre_xy_11899,chr3,36992205,36993926,1721
pre_xy_11900,chr3,37175260,37177128,1868
pre_xy_11901,chr3,37242559,37244416,1857
pre_xy_11902,chr3,37451421,37454308,2887
pre_xy_11903,chr3,37860142,37863492,3350
pre_xy_11904,chr3,37993593,37994566,973
pre_xy_11905,chr3,38023941,38025438,1497
pre_xy_11906,chr3,38028925,38030036,1111
pre_xy_11907,chr3,38038815,38040273,1458
pre_xy_11908,chr3,38136344,38137780,1436
pre_xy_11909,chr3,38138041,38139079,1038
pre_xy_11910,chr3,38164468,38166272,1804
pre_xy_11911,chr3,38346212,38347551,1339
pre_xy_11912,chr3,38453125,38456006,2881
pre_xy_11913,chr3,38495851,38496864,1013
pre_xy_11914,chr3,38648974,38650206,1232
pre_xy_11915,chr3,39051320,39052904,1584
pre_xy_11916,chr3,39106229,39108696,2467
pre_xy_11917,chr3,39150836,39153938,3102
pre_xy_11918,chr3,39177045,39178287,1242
pre_xy_11919,chr3,39180439,39181277,838
pre_xy_11920,chr3,39383138,39384565,1427
pre_xy_11921,chr3,39406229,39407257,1028
pre_xy_11922,chr3,39808499,39810603,2104
pre_xy_11923,chr3,40308898,40310502,1604
pre_xy_11924,chr3,40452524,40453549,1025
pre_xy_11925,chr3,40456884,40457709,825
pre_xy_11926,chr3,40476579,40477988,1409
pre_xy_11927,chr3,40505291,40506568,1277
pre_xy_11928,chr3,40523906,40525515,1609
pre_xy_11929,chr3,41198590,41200453,1863
pre_xy_11930,chr3,41961094,41962684,1590
pre_xy_11931,chr3,42012659,42015431,2772
pre_xy_11932,chr3,42024515,42026444,1929
pre_xy_11933,chr3,42031860,42033520,1660
pre_xy_11934,chr3,42501241,42503097,1856
pre_xy_11935,chr3,42581301,42582669,1368
pre_xy_11936,chr3,42590022,42591414,1392
pre_xy_11937,chr3,42599813,42601431,1618
pre_xy_11938,chr3,42653195,42655428,2233
pre_xy_11939,chr3,42772484,42773528,1044
pre_xy_11940,chr3,42803240,42804986,1746
pre_xy_11941,chr3,42880321,42881473,1152
pre_xy_11942,chr3,42905679,42907020,1341
pre_xy_11943,chr3,42978697,42979951,1254
pre_xy_11944,chr3,43104866,43106495,1629
pre_xy_11945,chr3,43152411,43154153,1742
pre_xy_11946,chr3,43285888,43287474,1586
pre_xy_11947,chr3,43621057,43622752,1695
pre_xy_11948,chr3,43690066,43691758,1692
pre_xy_11949,chr3,43769092,43770299,1207
pre_xy_11950,chr3,43893776,43894953,1177
pre_xy_11951,chr3,43997915,43999524,1609
pre_xy_11952,chr3,44337777,44339197,1420
pre_xy_11953,chr3,44477032,44478191,1159
pre_xy_11954,chr3,44509363,44511270,1907
pre_xy_11955,chr3,44554667,44555684,1017
pre_xy_11956,chr3,44584197,44585411,1214
pre_xy_11957,chr3,44624451,44625938,1487
pre_xy_11958,chr3,44648198,44649265,1067
pre_xy_11959,chr3,44684855,44685845,990
pre_xy_11960,chr3,44712170,44713022,852
pre_xy_11961,chr3,44729125,44729951,826
pre_xy_11962,chr3,44760990,44762236,1246
pre_xy_11963,chr3,44861222,44862576,1354
pre_xy_11964,chr3,44975091,44976725,1634
pre_xy_11965,chr3,45145311,45146703,1392
pre_xy_11966,chr3,45182782,45183751,969
pre_xy_11967,chr3,45224800,45227372,2572
pre_xy_11968,chr3,45388010,45389586,1576
pre_xy_11969,chr3,45592937,45594508,1571
pre_xy_11970,chr3,45688203,45689826,1623
pre_xy_11971,chr3,45841157,45842426,1269
pre_xy_11972,chr3,45994730,45996108,1378
pre_xy_11973,chr3,46488579,46489223,644
pre_xy_11974,chr3,46498484,46499634,1150
pre_xy_11975,chr3,46565520,46566695,1175
pre_xy_11976,chr3,46628451,46630288,1837
pre_xy_11977,chr3,46692657,46694266,1609
pre_xy_11978,chr3,46704782,46705565,783
pre_xy_11979,chr3,46811641,46812883,1242
pre_xy_11980,chr3,46845025,46846496,1471
pre_xy_11981,chr3,46881395,46883701,2306
pre_xy_11982,chr3,46976025,46977191,1166
pre_xy_11983,chr3,46979140,46980168,1028
pre_xy_11984,chr3,47008879,47010283,1404
pre_xy_11985,chr3,47163084,47165342,2258
pre_xy_11986,chr3,47281520,47283482,1962
pre_xy_11987,chr3,47380000,47381770,1770
pre_xy_11988,chr3,47420752,47422670,1918
pre_xy_11989,chr3,47474728,47476244,1516
pre_xy_11990,chr3,47481325,47482898,1573
pre_xy_11991,chr3,47512409,47513995,1586
pre_xy_11992,chr3,47577554,47579590,2036
pre_xy_11993,chr3,47780954,47782458,1504
pre_xy_11994,chr3,47788649,47789640,991
pre_xy_11995,chr3,47802131,47803938,1807
pre_xy_11996,chr3,47824422,47825903,1481
pre_xy_11997,chr3,47841230,47842860,1630
pre_xy_11998,chr3,48087173,48089480,2307
pre_xy_11999,chr3,48151017,48152465,1448
pre_xy_12000,chr3,48187088,48188987,1899
pre_xy_12001,chr3,48240157,48241981,1824
pre_xy_12002,chr3,48300689,48302108,1419
pre_xy_12003,chr3,48428544,48430344,1800
pre_xy_12004,chr3,48439714,48440931,1217
pre_xy_12005,chr3,48445994,48447219,1225
pre_xy_12006,chr3,48465253,48466971,1718
pre_xy_12007,chr3,48472525,48473651,1126
pre_xy_12008,chr3,48503448,48504978,1530
pre_xy_12009,chr3,48556351,48557476,1125
pre_xy_12010,chr3,48594352,48596086,1734
pre_xy_12011,chr3,48598256,48599129,873
pre_xy_12012,chr3,48608849,48609948,1099
pre_xy_12013,chr3,48634727,48636118,1391
pre_xy_12014,chr3,48655666,48656824,1158
pre_xy_12015,chr3,48661426,48662178,752
pre_xy_12016,chr3,48662501,48664385,1884
pre_xy_12017,chr3,48685309,48686440,1131
pre_xy_12018,chr3,48716283,48717585,1302
pre_xy_12019,chr3,48846890,48848312,1422
pre_xy_12020,chr3,48897973,48899152,1179
pre_xy_12021,chr3,48918084,48920131,2047
pre_xy_12022,chr3,48989230,48991095,1865
pre_xy_12023,chr3,49006489,49008307,1818
pre_xy_12024,chr3,49017657,49018748,1091
pre_xy_12025,chr3,49020441,49022441,2000
pre_xy_12026,chr3,49028718,49029736,1018
pre_xy_12027,chr3,49092853,49094768,1915
pre_xy_12028,chr3,49104140,49105308,1168
pre_xy_12029,chr3,49120099,49121296,1197
pre_xy_12030,chr3,49132254,49134033,1779
pre_xy_12031,chr3,49165126,49166523,1397
pre_xy_12032,chr3,49170851,49171975,1124
pre_xy_12033,chr3,49198745,49200114,1369
pre_xy_12034,chr3,49238035,49239265,1230
pre_xy_12035,chr3,49276239,49277932,1693
pre_xy_12036,chr3,49339098,49340968,1870
pre_xy_12037,chr3,49357482,49359098,1616
pre_xy_12038,chr3,49411134,49412752,1618
pre_xy_12039,chr3,49421851,49423070,1219
pre_xy_12040,chr3,49428671,49429949,1278
pre_xy_12041,chr3,49469047,49470915,1868
pre_xy_12042,chr3,49539344,49540749,1405
pre_xy_12043,chr3,49553469,49555240,1771
pre_xy_12044,chr3,49673176,49674795,1619
pre_xy_12045,chr3,49688836,49690192,1356
pre_xy_12046,chr3,49718603,49719955,1352
pre_xy_12047,chr3,49723260,49724753,1493
pre_xy_12048,chr3,49785712,49787151,1439
pre_xy_12049,chr3,49802347,49804017,1670
pre_xy_12050,chr3,49856037,49857030,993
pre_xy_12051,chr3,49929159,49931210,2051
pre_xy_12052,chr3,49939487,49940744,1257
pre_xy_12053,chr3,50088298,50089876,1578
pre_xy_12054,chr3,50154414,50155641,1227
pre_xy_12055,chr3,50156550,50157443,893
pre_xy_12056,chr3,50165121,50167776,2655
pre_xy_12057,chr3,50204729,50206227,1498
pre_xy_12058,chr3,50225936,50228213,2277
pre_xy_12059,chr3,50235536,50236432,896
pre_xy_12060,chr3,50237544,50238343,799
pre_xy_12061,chr3,50245549,50247013,1464
pre_xy_12062,chr3,50259594,50261032,1438
pre_xy_12063,chr3,50264341,50265204,863
pre_xy_12064,chr3,50291602,50292877,1275
pre_xy_12065,chr3,50298592,50299993,1401
pre_xy_12066,chr3,50320579,50323400,2821
pre_xy_12067,chr3,50327655,50328517,862
pre_xy_12068,chr3,50336555,50338264,1709
pre_xy_12069,chr3,50350332,50351325,993
pre_xy_12070,chr3,50358761,50359901,1140
pre_xy_12071,chr3,50364458,50365797,1339
pre_xy_12072,chr3,50502196,50504324,2128
pre_xy_12073,chr3,50515327,50516885,1558
pre_xy_12074,chr3,50567083,50567987,904
pre_xy_12075,chr3,50568714,50569803,1089
pre_xy_12076,chr3,50600622,50602343,1721
pre_xy_12077,chr3,50611119,50612552,1433
pre_xy_12078,chr3,50616538,50617775,1237
pre_xy_12079,chr3,50674195,50675641,1446
pre_xy_12080,chr3,51384175,51385885,1710
pre_xy_12081,chr3,51390647,51392250,1603
pre_xy_12082,chr3,51498938,51500497,1559
pre_xy_12083,chr3,51537936,51539915,1979
pre_xy_12084,chr3,51670657,51672289,1632
pre_xy_12085,chr3,51706071,51707588,1517
pre_xy_12086,chr3,51941329,51942743,1414
pre_xy_12087,chr3,51955517,51956797,1280
pre_xy_12088,chr3,51966946,51968617,1671
pre_xy_12089,chr3,51973528,51976256,2728
pre_xy_12090,chr3,51982369,51983751,1382
pre_xy_12091,chr3,51995236,51996314,1078
pre_xy_12092,chr3,52001333,52001857,524
pre_xy_12093,chr3,52004021,52006424,2403
pre_xy_12094,chr3,52055734,52057736,2002
pre_xy_12095,chr3,52153306,52155099,1793
pre_xy_12096,chr3,52197530,52198747,1217
pre_xy_12097,chr3,52237465,52239765,2300
pre_xy_12098,chr3,52244874,52246337,1463
pre_xy_12099,chr3,52277424,52279101,1677
pre_xy_12100,chr3,52287133,52288247,1114
pre_xy_12101,chr3,52297846,52300911,3065
pre_xy_12102,chr3,52409457,52411453,1996
pre_xy_12103,chr3,52449644,52450548,904
pre_xy_12104,chr3,52454943,52456865,1922
pre_xy_12105,chr3,52532611,52534492,1881
pre_xy_12106,chr3,52536194,52537417,1223
pre_xy_12107,chr3,52685252,52686430,1178
pre_xy_12108,chr3,52704397,52706460,2063
pre_xy_12109,chr3,52769908,52771656,1748
pre_xy_12110,chr3,52896565,52897940,1375
pre_xy_12111,chr3,53044655,53046963,2308
pre_xy_12112,chr3,53072317,53074054,1737
pre_xy_12113,chr3,53129813,53130950,1137
pre_xy_12114,chr3,53160507,53162541,2034
pre_xy_12115,chr3,53254267,53256355,2088
pre_xy_12116,chr3,53346397,53348068,1671
pre_xy_12117,chr3,53493574,53494839,1265
pre_xy_12118,chr3,53845375,53846807,1432
pre_xy_12119,chr3,53881263,53882522,1259
pre_xy_12120,chr3,53890874,53892360,1486
pre_xy_12121,chr3,54120771,54123229,2458
pre_xy_12122,chr3,55481850,55483095,1245
pre_xy_12123,chr3,55484949,55485538,589
pre_xy_12124,chr3,55486825,55487816,991
pre_xy_12125,chr3,55487906,55488963,1057
pre_xy_12126,chr3,56466761,56468846,2085
pre_xy_12127,chr3,56556471,56558047,1576
pre_xy_12128,chr3,56682051,56683627,1576
pre_xy_12129,chr3,56800331,56802412,2081
pre_xy_12130,chr3,57077389,57079861,2472
pre_xy_12131,chr3,57164147,57165605,1458
pre_xy_12132,chr3,57169858,57170632,774
pre_xy_12133,chr3,57226665,57228757,2092
pre_xy_12134,chr3,57543883,57544735,852
pre_xy_12135,chr3,57555334,57557525,2191
pre_xy_12136,chr3,57596430,57598243,1813
pre_xy_12137,chr3,57691801,57693306,1505
pre_xy_12138,chr3,57755268,57758286,3018
pre_xy_12139,chr3,57787902,57789109,1207
pre_xy_12140,chr3,57821193,57822770,1577
pre_xy_12141,chr3,58007871,58010375,2504
pre_xy_12142,chr3,58048936,58049865,929
pre_xy_12143,chr3,58058089,58060262,2173
pre_xy_12144,chr3,58177450,58178280,830
pre_xy_12145,chr3,58236782,58238716,1934
pre_xy_12146,chr3,58305813,58307552,1739
pre_xy_12147,chr3,58332395,58334211,1816
pre_xy_12148,chr3,58433029,58434268,1239
pre_xy_12149,chr3,58491101,58492856,1755
pre_xy_12150,chr3,58565678,58566648,970
pre_xy_12151,chr3,58584547,58585720,1173
pre_xy_12152,chr3,59048542,59050399,1857
pre_xy_12153,chr3,59185603,59186643,1040
pre_xy_12154,chr3,61249785,61250613,828
pre_xy_12155,chr3,61250788,61251962,1174
pre_xy_12156,chr3,61559668,61562495,2827
pre_xy_12157,chr3,62318432,62319596,1164
pre_xy_12158,chr3,62873384,62875558,2174
pre_xy_12159,chr3,63862843,63864751,1908
pre_xy_12160,chr3,63911528,63913451,1923
pre_xy_12161,chr3,64022430,64023733,1303
pre_xy_12162,chr3,64238839,64239694,855
pre_xy_12163,chr3,64443664,64445806,2142
pre_xy_12164,chr3,64684703,64686899,2196
pre_xy_12165,chr3,64687370,64688528,1158
pre_xy_12166,chr3,65596574,65598357,1783
pre_xy_12167,chr3,66036936,66039900,2964
pre_xy_12168,chr3,66220121,66221504,1383
pre_xy_12169,chr3,66499847,66501568,1721
pre_xy_12170,chr3,66997527,66999149,1622
pre_xy_12171,chr3,67653626,67655945,2319
pre_xy_12172,chr3,68931443,68932899,1456
pre_xy_12173,chr3,69012578,69014116,1538
pre_xy_12174,chr3,69051067,69052778,1711
pre_xy_12175,chr3,69079077,69080583,1506
pre_xy_12176,chr3,69084324,69086737,2413
pre_xy_12177,chr3,69199484,69201111,1627
pre_xy_12178,chr3,69385082,69386790,1708
pre_xy_12179,chr3,69540677,69543072,2395
pre_xy_12180,chr3,69738354,69740399,2045
pre_xy_12181,chr3,71063828,71065737,1909
pre_xy_12182,chr3,71128864,71131020,2156
pre_xy_12183,chr3,71581321,71584908,3587
pre_xy_12184,chr3,71724362,71725903,1541
pre_xy_12185,chr3,71752982,71755030,2048
pre_xy_12186,chr3,71784358,71786454,2096
pre_xy_12187,chr3,72099735,72101397,1662
pre_xy_12188,chr3,72268488,72270613,2125
pre_xy_12189,chr3,72306833,72307534,701
pre_xy_12190,chr3,72445868,72447906,2038
pre_xy_12191,chr3,72738182,72739564,1382
pre_xy_12192,chr3,72847402,72848948,1546
pre_xy_12193,chr3,72886763,72889453,2690
pre_xy_12194,chr3,72996255,72997969,1714
pre_xy_12195,chr3,73570944,73571943,999
pre_xy_12196,chr3,73623358,73625618,2260
pre_xy_12197,chr3,73818240,73819633,1393
pre_xy_12198,chr3,74613534,74615074,1540
pre_xy_12199,chr3,74841550,74842551,1001
pre_xy_12200,chr3,75434309,75436298,1989
pre_xy_12201,chr3,75579341,75580560,1219
pre_xy_12202,chr3,75618459,75620094,1635
pre_xy_12203,chr3,75667918,75670623,2705
pre_xy_12204,chr3,75671887,75672741,854
pre_xy_12205,chr3,75784722,75785818,1096
pre_xy_12206,chr3,75906251,75907637,1386
pre_xy_12207,chr3,77038367,77040531,2164
pre_xy_12208,chr3,79017257,79019856,2599
pre_xy_12209,chr3,79765760,79768228,2468
pre_xy_12210,chr3,81518908,81519512,604
pre_xy_12211,chr3,81760589,81762006,1417
pre_xy_12212,chr3,84958350,84960132,1782
pre_xy_12213,chr3,86990311,86991607,1296
pre_xy_12214,chr3,87088509,87089906,1397
pre_xy_12215,chr3,87226456,87227988,1532
pre_xy_12216,chr3,87792337,87793519,1182
pre_xy_12217,chr3,88057998,88060105,2107
pre_xy_12218,chr3,88149116,88150640,1524
pre_xy_12219,chr3,89107200,89108475,1275
pre_xy_12220,chr3,89113950,89114983,1033
pre_xy_12221,chr3,93470260,93470825,565
pre_xy_12222,chr3,93972949,93974217,1268
pre_xy_12223,chr3,93979569,93980834,1265
pre_xy_12224,chr3,94062207,94063957,1750
pre_xy_12225,chr3,96812849,96815327,2478
pre_xy_12226,chr3,97763634,97765155,1521
pre_xy_12227,chr3,97821138,97822838,1700
pre_xy_12228,chr3,97971559,97972778,1219
pre_xy_12229,chr3,98038999,98039903,904
pre_xy_12230,chr3,98521841,98523239,1398
pre_xy_12231,chr3,98592648,98594254,1606
pre_xy_12232,chr3,98731809,98734185,2376
pre_xy_12233,chr3,98900847,98902241,1394
pre_xy_12234,chr3,99637013,99639089,2076
pre_xy_12235,chr3,99816906,99818448,1542
pre_xy_12236,chr3,99875390,99876778,1388
pre_xy_12237,chr3,100023093,100025277,2184
pre_xy_12238,chr3,100260040,100261688,1648
pre_xy_12239,chr3,100334100,100335282,1182
pre_xy_12240,chr3,100400369,100402078,1709
pre_xy_12241,chr3,100491708,100493049,1341
pre_xy_12242,chr3,100708903,100710905,2002
pre_xy_12243,chr3,101512135,101513623,1488
pre_xy_12244,chr3,101561067,101562676,1609
pre_xy_12245,chr3,101573197,101575108,1911
pre_xy_12246,chr3,101675772,101677492,1720
pre_xy_12247,chr3,101685761,101687210,1449
pre_xy_12248,chr3,101724176,101725851,1675
pre_xy_12249,chr3,101778620,101781150,2530
pre_xy_12250,chr3,101848830,101851500,2670
pre_xy_12251,chr3,105365532,105368449,2917
pre_xy_12252,chr3,105368638,105370007,1369
pre_xy_12253,chr3,105867765,105869762,1997
pre_xy_12254,chr3,107124577,107125423,846
pre_xy_12255,chr3,107207634,107208949,1315
pre_xy_12256,chr3,107240079,107241627,1548
pre_xy_12257,chr3,107429314,107432128,2814
pre_xy_12258,chr3,107522517,107524359,1842
pre_xy_12259,chr3,107524511,107525870,1359
pre_xy_12260,chr3,107927083,107928439,1356
pre_xy_12261,chr3,108089600,108091888,2288
pre_xy_12262,chr3,108221536,108223202,1666
pre_xy_12263,chr3,108588697,108590144,1447
pre_xy_12264,chr3,111069936,111072744,2808
pre_xy_12265,chr3,111673945,111675316,1371
pre_xy_12266,chr3,111858980,111860902,1922
pre_xy_12267,chr3,111978486,111979903,1417
pre_xy_12268,chr3,111998525,112000198,1673
pre_xy_12269,chr3,112085796,112087133,1337
pre_xy_12270,chr3,112301881,112304361,2480
pre_xy_12271,chr3,112332769,112334422,1653
pre_xy_12272,chr3,112560761,112562629,1868
pre_xy_12273,chr3,112640079,112641666,1587
pre_xy_12274,chr3,112990393,112991592,1199
pre_xy_12275,chr3,113018660,113019949,1289
pre_xy_12276,chr3,113210267,113212811,2544
pre_xy_12277,chr3,113240921,113242597,1676
pre_xy_12278,chr3,113440883,113441873,990
pre_xy_12279,chr3,113514066,113515652,1586
pre_xy_12280,chr3,113532076,113533859,1783
pre_xy_12281,chr3,113695527,113697801,2274
pre_xy_12282,chr3,113745022,113747792,2770
pre_xy_12283,chr3,113838223,113839313,1090
pre_xy_12284,chr3,113947251,113948733,1482
pre_xy_12285,chr3,114056001,114057265,1264
pre_xy_12286,chr3,114152274,114153199,925
pre_xy_12287,chr3,115145944,115148331,2387
pre_xy_12288,chr3,115657966,115659257,1291
pre_xy_12289,chr3,115783780,115785468,1688
pre_xy_12290,chr3,117996280,117997805,1525
pre_xy_12291,chr3,119034056,119035237,1181
pre_xy_12292,chr3,119239794,119241151,1357
pre_xy_12293,chr3,119293576,119296101,2525
pre_xy_12294,chr3,119322014,119324001,1987
pre_xy_12295,chr3,119462937,119464254,1317
pre_xy_12296,chr3,119468443,119469743,1300
pre_xy_12297,chr3,119497793,119499086,1293
pre_xy_12298,chr3,119579229,119580656,1427
pre_xy_12299,chr3,119675960,119677821,1861
pre_xy_12300,chr3,119702423,119703528,1105
pre_xy_12301,chr3,119809378,119810513,1135
pre_xy_12302,chr3,120093740,120095936,2196
pre_xy_12303,chr3,120348077,120350150,2073
pre_xy_12304,chr3,120416806,120417875,1069
pre_xy_12305,chr3,120449680,120451891,2211
pre_xy_12306,chr3,120558412,120560006,1594
pre_xy_12307,chr3,120595749,120596826,1077
pre_xy_12308,chr3,120741767,120743508,1741
pre_xy_12309,chr3,120907554,120909376,1822
pre_xy_12310,chr3,121545212,121547120,1908
pre_xy_12311,chr3,121748603,121750173,1570
pre_xy_12312,chr3,121834302,121835729,1427
pre_xy_12313,chr3,122382740,122384687,1947
pre_xy_12314,chr3,122415242,122416747,1505
pre_xy_12315,chr3,122513469,122515176,1707
pre_xy_12316,chr3,122563530,122565005,1475
pre_xy_12317,chr3,122679096,122681374,2278
pre_xy_12318,chr3,122793322,122795696,2374
pre_xy_12319,chr3,122921684,122922627,943
pre_xy_12320,chr3,123026048,123028788,2740
pre_xy_12321,chr3,123066593,123068603,2010
pre_xy_12322,chr3,123200971,123202807,1836
pre_xy_12323,chr3,123447688,123450518,2830
pre_xy_12324,chr3,123584134,123586491,2357
pre_xy_12325,chr3,123883615,123884820,1205
pre_xy_12326,chr3,123960543,123961682,1139
pre_xy_12327,chr3,124032267,124034764,2497
pre_xy_12328,chr3,124584228,124585651,1423
pre_xy_12329,chr3,124729867,124731127,1260
pre_xy_12330,chr3,124885625,124887843,2218
pre_xy_12331,chr3,125054486,125056615,2129
pre_xy_12332,chr3,125141217,125142326,1109
pre_xy_12333,chr3,125211800,125213268,1468
pre_xy_12334,chr3,125356676,125357824,1148
pre_xy_12335,chr3,125374101,125375890,1789
pre_xy_12336,chr3,125519445,125520608,1163
pre_xy_12337,chr3,125594131,125595923,1792
pre_xy_12338,chr3,125915144,125916992,1848
pre_xy_12339,chr3,125989955,125991030,1075
pre_xy_12340,chr3,126083341,126084525,1184
pre_xy_12341,chr3,126179446,126181333,1887
pre_xy_12342,chr3,126212560,126214108,1548
pre_xy_12343,chr3,126266222,126267923,1701
pre_xy_12344,chr3,126287131,126288187,1056
pre_xy_12345,chr3,126355420,126357916,2496
pre_xy_12346,chr3,126388824,126389741,917
pre_xy_12347,chr3,126474606,126476754,2148
pre_xy_12348,chr3,126523757,126524773,1016
pre_xy_12349,chr3,126528496,126529598,1102
pre_xy_12350,chr3,126654261,126655333,1072
pre_xy_12351,chr3,126703392,126705062,1670
pre_xy_12352,chr3,126982046,126984403,2357
pre_xy_12353,chr3,127455286,127456092,806
pre_xy_12354,chr3,127525985,127527723,1738
pre_xy_12355,chr3,127546984,127548305,1321
pre_xy_12356,chr3,127574764,127575798,1034
pre_xy_12357,chr3,127589685,127591350,1665
pre_xy_12358,chr3,127597662,127598750,1088
pre_xy_12359,chr3,127628497,127630001,1504
pre_xy_12360,chr3,127671834,127674148,2314
pre_xy_12361,chr3,127822116,127823614,1498
pre_xy_12362,chr3,128051398,128053299,1901
pre_xy_12363,chr3,128075219,128077560,2341
pre_xy_12364,chr3,128123168,128124347,1179
pre_xy_12365,chr3,128152936,128154128,1192
pre_xy_12366,chr3,128487457,128488575,1118
pre_xy_12367,chr3,128496367,128498155,1788
pre_xy_12368,chr3,128607700,128608707,1007
pre_xy_12369,chr3,128617203,128618461,1258
pre_xy_12370,chr3,128649452,128651253,1801
pre_xy_12371,chr3,128680208,128681746,1538
pre_xy_12372,chr3,128725647,128727013,1366
pre_xy_12373,chr3,128845162,128846715,1553
pre_xy_12374,chr3,128864299,128865909,1610
pre_xy_12375,chr3,128878524,128880147,1623
pre_xy_12376,chr3,128993029,128994380,1351
pre_xy_12377,chr3,129000701,129002374,1673
pre_xy_12378,chr3,129026635,129027606,971
pre_xy_12379,chr3,129120223,129122926,2703
pre_xy_12380,chr3,129160567,129162262,1695
pre_xy_12381,chr3,129182899,129184526,1627
pre_xy_12382,chr3,129248964,129249944,980
pre_xy_12383,chr3,129277962,129279919,1957
pre_xy_12384,chr3,129305346,129306178,832
pre_xy_12385,chr3,129313934,129317045,3111
pre_xy_12386,chr3,129398779,129400176,1397
pre_xy_12387,chr3,129427952,129429023,1071
pre_xy_12388,chr3,129439373,129440710,1337
pre_xy_12389,chr3,129605270,129607316,2046
pre_xy_12390,chr3,129626282,129628286,2004
pre_xy_12391,chr3,129793755,129795322,1567
pre_xy_12392,chr3,129892532,129894052,1520
pre_xy_12393,chr3,129974015,129976117,2102
pre_xy_12394,chr3,130110645,130112816,2171
pre_xy_12395,chr3,130661630,130663082,1452
pre_xy_12396,chr3,130746012,130747995,1983
pre_xy_12397,chr3,130892879,130895087,2208
pre_xy_12398,chr3,131026226,131027222,996
pre_xy_12399,chr3,131361035,131362499,1464
pre_xy_12400,chr3,131380961,131382349,1388
pre_xy_12401,chr3,131502101,131503211,1110
pre_xy_12402,chr3,131526499,131527403,904
pre_xy_12403,chr3,132416796,132418431,1635
pre_xy_12404,chr3,132658941,132660916,1975
pre_xy_12405,chr3,132721499,132723359,1860
pre_xy_12406,chr3,133037686,133039164,1478
pre_xy_12407,chr3,133572937,133574872,1935
pre_xy_12408,chr3,133661225,133662595,1370
pre_xy_12409,chr3,133805241,133806502,1261
pre_xy_12410,chr3,133867987,133869325,1338
pre_xy_12411,chr3,133894206,133896414,2208
pre_xy_12412,chr3,133926945,133927952,1007
pre_xy_12413,chr3,134028877,134031003,2126
pre_xy_12414,chr3,134249734,134251193,1459
pre_xy_12415,chr3,134308175,134308876,701
pre_xy_12416,chr3,134312456,134313928,1472
pre_xy_12417,chr3,134363268,134364697,1429
pre_xy_12418,chr3,134372879,134375485,2606
pre_xy_12419,chr3,134485023,134486918,1895
pre_xy_12420,chr3,134794768,134797036,2268
pre_xy_12421,chr3,135965023,135966642,1619
pre_xy_12422,chr3,136195062,136197215,2153
pre_xy_12423,chr3,136249954,136251431,1477
pre_xy_12424,chr3,136751165,136753217,2052
pre_xy_12425,chr3,136818203,136820441,2238
pre_xy_12426,chr3,136861339,136863073,1734
pre_xy_12427,chr3,137032234,137033167,933
pre_xy_12428,chr3,138114386,138115986,1600
pre_xy_12429,chr3,138173971,138175059,1088
pre_xy_12430,chr3,138186421,138188306,1885
pre_xy_12431,chr3,138328937,138330164,1227
pre_xy_12432,chr3,138347478,138350576,3098
pre_xy_12433,chr3,138389255,138390837,1582
pre_xy_12434,chr3,138433884,138435724,1840
pre_xy_12435,chr3,138593499,138595058,1559
pre_xy_12436,chr3,138608180,138609809,1629
pre_xy_12437,chr3,138833577,138835451,1874
pre_xy_12438,chr3,138914994,138916304,1310
pre_xy_12439,chr3,138935754,138936740,986
pre_xy_12440,chr3,138945427,138947621,2194
pre_xy_12441,chr3,139343578,139344627,1049
pre_xy_12442,chr3,139388914,139390333,1419
pre_xy_12443,chr3,139538651,139540195,1544
pre_xy_12444,chr3,139677201,139678368,1167
pre_xy_12445,chr3,139934332,139936446,2114
pre_xy_12446,chr3,140385572,140387044,1472
pre_xy_12447,chr3,140941284,140943005,1721
pre_xy_12448,chr3,141050649,141053018,2369
pre_xy_12449,chr3,141076101,141077745,1644
pre_xy_12450,chr3,141230977,141232787,1810
pre_xy_12451,chr3,141311088,141312279,1191
pre_xy_12452,chr3,141401586,141403150,1564
pre_xy_12453,chr3,141486142,141488045,1903
pre_xy_12454,chr3,141659389,141660857,1468
pre_xy_12455,chr3,141737741,141739356,1615
pre_xy_12456,chr3,141795660,141798290,2630
pre_xy_12457,chr3,141875468,141877554,2086
pre_xy_12458,chr3,142148139,142149882,1743
pre_xy_12459,chr3,142224812,142225835,1023
pre_xy_12460,chr3,142446999,142448385,1386
pre_xy_12461,chr3,142577788,142579305,1517
pre_xy_12462,chr3,142595429,142596793,1364
pre_xy_12463,chr3,142723605,142725351,1746
pre_xy_12464,chr3,142888031,142889382,1351
pre_xy_12465,chr3,142962209,142964449,2240
pre_xy_12466,chr3,143000511,143002542,2031
pre_xy_12467,chr3,143118938,143121641,2703
pre_xy_12468,chr3,143970673,143973747,3074
pre_xy_12469,chr3,146159741,146161967,2226
pre_xy_12470,chr3,146250065,146252322,2257
pre_xy_12471,chr3,146468169,146470127,1958
pre_xy_12472,chr3,146543057,146545030,1973
pre_xy_12473,chr3,148697411,148698790,1379
pre_xy_12474,chr3,148990981,148992419,1438
pre_xy_12475,chr3,149085330,149087015,1685
pre_xy_12476,chr3,149128897,149130416,1519
pre_xy_12477,chr3,149656359,149659353,2994
pre_xy_12478,chr3,149751603,149752875,1272
pre_xy_12479,chr3,149812310,149814511,2201
pre_xy_12480,chr3,149969784,149971985,2201
pre_xy_12481,chr3,150407670,150410529,2859
pre_xy_12482,chr3,150545387,150547149,1762
pre_xy_12483,chr3,150602803,150604251,1448
pre_xy_12484,chr3,150702687,150704333,1646
pre_xy_12485,chr3,150761747,150764164,2417
pre_xy_12486,chr3,151085145,151087346,2201
pre_xy_12487,chr3,152268243,152270565,2322
pre_xy_12488,chr3,152834447,152836115,1668
pre_xy_12489,chr3,153160353,153163542,3189
pre_xy_12490,chr3,154120790,154123437,2647
pre_xy_12491,chr3,154323623,154325264,1641
pre_xy_12492,chr3,154427565,154429282,1717
pre_xy_12493,chr3,155078863,155080441,1578
pre_xy_12494,chr3,155110800,155111760,960
pre_xy_12495,chr3,155743720,155745392,1672
pre_xy_12496,chr3,155805280,155806586,1306
pre_xy_12497,chr3,155853379,155855189,1810
pre_xy_12498,chr3,155869848,155871947,2099
pre_xy_12499,chr3,156554559,156555720,1161
pre_xy_12500,chr3,156673791,156676088,2297
pre_xy_12501,chr3,156815687,156817563,1876
pre_xy_12502,chr3,156825592,156827100,1508
pre_xy_12503,chr3,157087909,157090086,2177
pre_xy_12504,chr3,157128877,157130881,2004
pre_xy_12505,chr3,157159198,157161161,1963
pre_xy_12506,chr3,157174168,157176404,2236
pre_xy_12507,chr3,157436464,157438644,2180
pre_xy_12508,chr3,157499210,157500071,861
pre_xy_12509,chr3,158097589,158098506,917
pre_xy_12510,chr3,158109522,158110806,1284
pre_xy_12511,chr3,158570508,158571726,1218
pre_xy_12512,chr3,158643922,158644942,1020
pre_xy_12513,chr3,158671688,158672968,1280
pre_xy_12514,chr3,158731575,158733219,1644
pre_xy_12515,chr3,158801047,158802748,1701
pre_xy_12516,chr3,159762831,159765681,2850
pre_xy_12517,chr3,159838970,159840370,1400
pre_xy_12518,chr3,159988177,159989345,1168
pre_xy_12519,chr3,160224912,160226791,1879
pre_xy_12520,chr3,160398849,160401086,2237
pre_xy_12521,chr3,160448884,160450523,1639
pre_xy_12522,chr3,160564213,160566417,2204
pre_xy_12523,chr3,160754302,160756932,2630
pre_xy_12524,chr3,161104291,161105580,1289
pre_xy_12525,chr3,161220787,161222230,1443
pre_xy_12526,chr3,161371368,161373135,1767
pre_xy_12527,chr3,165194543,165197182,2639
pre_xy_12528,chr3,167379715,167380542,827
pre_xy_12529,chr3,167734070,167735882,1812
pre_xy_12530,chr3,168094631,168096673,2042
pre_xy_12531,chr3,168248499,168250615,2116
pre_xy_12532,chr3,169148940,169149690,750
pre_xy_12533,chr3,169661497,169663421,1924
pre_xy_12534,chr3,169668112,169669523,1411
pre_xy_12535,chr3,169764106,169765373,1267
pre_xy_12536,chr3,169769277,169769934,657
pre_xy_12537,chr3,169771569,169773826,2257
pre_xy_12538,chr3,169811498,169813231,1733
pre_xy_12539,chr3,169966011,169967786,1775
pre_xy_12540,chr3,170180109,170182119,2010
pre_xy_12541,chr3,170221790,170223524,1734
pre_xy_12542,chr3,170355831,170358598,2767
pre_xy_12543,chr3,170418328,170420788,2460
pre_xy_12544,chr3,170584340,170586217,1877
pre_xy_12545,chr3,170868957,170870648,1691
pre_xy_12546,chr3,170907600,170908979,1379
pre_xy_12547,chr3,171458700,171461459,2759
pre_xy_12548,chr3,171809327,171810832,1505
pre_xy_12549,chr3,172039144,172041053,1909
pre_xy_12550,chr3,172709622,172711588,1966
pre_xy_12551,chr3,172750043,172751447,1404
pre_xy_12552,chr3,173394994,173396152,1158
pre_xy_12553,chr3,173397104,173398257,1153
pre_xy_12554,chr3,174439339,174442234,2895
pre_xy_12555,chr3,177196182,177198154,1972
pre_xy_12556,chr3,177359048,177361756,2708
pre_xy_12557,chr3,178260732,178261850,1118
pre_xy_12558,chr3,179070871,179072453,1582
pre_xy_12559,chr3,179146979,179149714,2735
pre_xy_12560,chr3,179260798,179261734,936
pre_xy_12561,chr3,179322069,179323901,1832
pre_xy_12562,chr3,179346329,179348267,1938
pre_xy_12563,chr3,179450217,179452550,2333
pre_xy_12564,chr3,179562365,179563909,1544
pre_xy_12565,chr3,179603916,179605304,1388
pre_xy_12566,chr3,179652093,179654776,2683
pre_xy_12567,chr3,180036304,180037436,1132
pre_xy_12568,chr3,180601383,180602842,1459
pre_xy_12569,chr3,180678851,180680349,1498
pre_xy_12570,chr3,180911950,180913886,1936
pre_xy_12571,chr3,180988875,180990209,1334
pre_xy_12572,chr3,181694804,181696360,1556
pre_xy_12573,chr3,181711067,181713302,2235
pre_xy_12574,chr3,182682030,182683880,1850
pre_xy_12575,chr3,182792605,182794790,2185
pre_xy_12576,chr3,182979282,182981300,2018
pre_xy_12577,chr3,183098566,183099879,1313
pre_xy_12578,chr3,183161616,183163037,1421
pre_xy_12579,chr3,183178702,183180715,2013
pre_xy_12580,chr3,183252936,183254931,1995
pre_xy_12581,chr3,183341057,183342385,1328
pre_xy_12582,chr3,183427132,183429178,2046
pre_xy_12583,chr3,183434037,183435201,1164
pre_xy_12584,chr3,183447128,183448426,1298
pre_xy_12585,chr3,183583460,183585057,1597
pre_xy_12586,chr3,183635145,183637090,1945
pre_xy_12587,chr3,183697292,183698748,1456
pre_xy_12588,chr3,183824555,183826698,2143
pre_xy_12589,chr3,183884127,183885308,1181
pre_xy_12590,chr3,184015646,184018485,2839
pre_xy_12591,chr3,184133865,184135892,2027
pre_xy_12592,chr3,184154807,184157433,2626
pre_xy_12593,chr3,184174176,184175471,1295
pre_xy_12594,chr3,184185358,184186745,1387
pre_xy_12595,chr3,184228764,184231118,2354
pre_xy_12596,chr3,184248455,184250570,2115
pre_xy_12597,chr3,184259630,184263000,3370
pre_xy_12598,chr3,184298463,184299837,1374
pre_xy_12599,chr3,184314024,184315599,1575
pre_xy_12600,chr3,184335347,184337640,2293
pre_xy_12601,chr3,184338336,184339013,677
pre_xy_12602,chr3,184361276,184363694,2418
pre_xy_12603,chr3,184378671,184380896,2225
pre_xy_12604,chr3,184513240,184514389,1149
pre_xy_12605,chr3,184560975,184562584,1609
pre_xy_12606,chr3,184568301,184569720,1419
pre_xy_12607,chr3,184582225,184584915,2690
pre_xy_12608,chr3,184592081,184595102,3021
pre_xy_12609,chr3,184603563,184604981,1418
pre_xy_12610,chr3,184710808,184712645,1837
pre_xy_12611,chr3,184716422,184717944,1522
pre_xy_12612,chr3,184726787,184727801,1014
pre_xy_12613,chr3,184811757,184813003,1246
pre_xy_12614,chr3,184911239,184912482,1243
pre_xy_12615,chr3,185151993,185153808,1815
pre_xy_12616,chr3,185253540,185254478,938
pre_xy_12617,chr3,185282401,185283487,1086
pre_xy_12618,chr3,185362359,185364022,1663
pre_xy_12619,chr3,185498132,185499379,1247
pre_xy_12620,chr3,185574753,185575821,1068
pre_xy_12621,chr3,185585549,185586992,1443
pre_xy_12622,chr3,185823176,185826445,3269
pre_xy_12623,chr3,185936747,185938358,1611
pre_xy_12624,chr3,186097323,186098631,1308
pre_xy_12625,chr3,186107572,186110397,2825
pre_xy_12626,chr3,186193209,186194548,1339
pre_xy_12627,chr3,186360636,186362628,1992
pre_xy_12628,chr3,186566476,186567881,1405
pre_xy_12629,chr3,186570008,186571202,1194
pre_xy_12630,chr3,186782643,186784511,1868
pre_xy_12631,chr3,186789688,186791127,1439
pre_xy_12632,chr3,186805845,186807312,1467
pre_xy_12633,chr3,186826803,186827827,1024
pre_xy_12634,chr3,186896631,186897599,968
pre_xy_12635,chr3,186930039,186932392,2353
pre_xy_12636,chr3,187138992,187139975,983
pre_xy_12637,chr3,187737418,187740288,2870
pre_xy_12638,chr3,187744381,187745954,1573
pre_xy_12639,chr3,188051668,188052884,1216
pre_xy_12640,chr3,188152714,188154865,2151
pre_xy_12641,chr3,188947027,188949335,2308
pre_xy_12642,chr3,190119533,190121168,1635
pre_xy_12643,chr3,190321679,190323548,1869
pre_xy_12644,chr3,190513396,190515148,1752
pre_xy_12645,chr3,191328719,191330713,1994
pre_xy_12646,chr3,192407907,192410484,2577
pre_xy_12647,chr3,192513817,192515553,1736
pre_xy_12648,chr3,192726950,192728036,1086
pre_xy_12649,chr3,192878947,192880178,1231
pre_xy_12650,chr3,192916225,192918427,2202
pre_xy_12651,chr3,193240373,193241744,1371
pre_xy_12652,chr3,193592414,193594026,1612
pre_xy_12653,chr3,194002380,194003973,1593
pre_xy_12654,chr3,194070141,194071718,1577
pre_xy_12655,chr3,194133701,194135352,1651
pre_xy_12656,chr3,194140622,194142225,1603
pre_xy_12657,chr3,194296275,194297562,1287
pre_xy_12658,chr3,194314751,194316090,1339
pre_xy_12659,chr3,194323645,194324627,982
pre_xy_12660,chr3,194333309,194334126,817
pre_xy_12661,chr3,194395869,194398398,2529
pre_xy_12662,chr3,194485377,194488032,2655
pre_xy_12663,chr3,194583377,194584388,1011
pre_xy_12664,chr3,194632687,194634029,1342
pre_xy_12665,chr3,194671297,194672755,1458
pre_xy_12666,chr3,194685606,194686434,828
pre_xy_12667,chr3,194686698,194688558,1860
pre_xy_12668,chr3,194768727,194769680,953
pre_xy_12669,chr3,195258552,195260889,2337
pre_xy_12670,chr3,195269862,195271954,2092
pre_xy_12671,chr3,195441511,195443498,1987
pre_xy_12672,chr3,195542011,195544140,2129
pre_xy_12673,chr3,195850658,195851263,605
pre_xy_12674,chr3,195884811,195887146,2335
pre_xy_12675,chr3,195891866,195893285,1419
pre_xy_12676,chr3,195894582,195897317,2735
pre_xy_12677,chr3,195907546,195910424,2878
pre_xy_12678,chr3,195914548,195915469,921
pre_xy_12679,chr3,196080922,196082508,1586
pre_xy_12680,chr3,196186307,196187408,1101
pre_xy_12681,chr3,196226836,196229096,2260
pre_xy_12682,chr3,196286955,196288371,1416
pre_xy_12683,chr3,196317468,196318627,1159
pre_xy_12684,chr3,196431140,196433194,2054
pre_xy_12685,chr3,196501802,196504058,2256
pre_xy_12686,chr3,196528270,196529350,1080
pre_xy_12687,chr3,196567908,196569523,1615
pre_xy_12688,chr3,196631672,196633203,1531
pre_xy_12689,chr3,196638937,196640831,1894
pre_xy_12690,chr3,196711559,196713066,1507
pre_xy_12691,chr3,196739399,196741436,2037
pre_xy_12692,chr3,196867225,196868721,1496
pre_xy_12693,chr3,196941388,196943242,1854
pre_xy_12694,chr3,196968208,196970178,1970
pre_xy_12695,chr3,196987951,196988942,991
pre_xy_12696,chr3,197001987,197003987,2000
pre_xy_12697,chr3,197028477,197030186,1709
pre_xy_12698,chr3,197297297,197299461,2164
pre_xy_12699,chr3,197455915,197457071,1156
pre_xy_12700,chr3,197509638,197510559,921
pre_xy_12701,chr3,197554318,197556240,1922
pre_xy_12702,chr3,197735954,197737628,1674
pre_xy_12703,chr3,197749112,197751622,2510
pre_xy_12704,chr3,197790528,197792235,1707
pre_xy_12705,chr3,197905817,197907135,1318
pre_xy_12706,chr3,197912463,197913977,1514
pre_xy_12707,chr3,197949431,197950751,1320
pre_xy_12708,chr3,197959533,197961644,2111
pre_xy_12709,chr3,198079970,198081514,1544
pre_xy_12710,chr4,123915,125805,1890
pre_xy_12711,chr4,212223,213493,1270
pre_xy_12712,chr4,304158,305741,1583
pre_xy_12713,chr4,336157,338394,2237
pre_xy_12714,chr4,472927,474477,1550
pre_xy_12715,chr4,498438,499917,1479
pre_xy_12716,chr4,574990,576693,1703
pre_xy_12717,chr4,656631,659236,2605
pre_xy_12718,chr4,663199,664473,1274
pre_xy_12719,chr4,673488,675387,1899
pre_xy_12720,chr4,704818,706274,1456
pre_xy_12721,chr4,780785,782626,1841
pre_xy_12722,chr4,791833,792635,802
pre_xy_12723,chr4,815241,816209,968
pre_xy_12724,chr4,825255,826774,1519
pre_xy_12725,chr4,931293,933023,1730
pre_xy_12726,chr4,972641,974085,1444
pre_xy_12727,chr4,986495,987690,1195
pre_xy_12728,chr4,1009274,1011881,2607
pre_xy_12729,chr4,1019327,1020308,981
pre_xy_12730,chr4,1167002,1167970,968
pre_xy_12731,chr4,1171012,1172865,1853
pre_xy_12732,chr4,1247581,1250051,2470
pre_xy_12733,chr4,1289165,1290883,1718
pre_xy_12734,chr4,1308958,1310117,1159
pre_xy_12735,chr4,1345531,1347836,2305
pre_xy_12736,chr4,1683341,1684910,1569
pre_xy_12737,chr4,1711162,1713047,1885
pre_xy_12738,chr4,1720125,1721771,1646
pre_xy_12739,chr4,1792511,1794607,2096
pre_xy_12740,chr4,1855296,1857273,1977
pre_xy_12741,chr4,1870086,1872725,2639
pre_xy_12742,chr4,1960135,1961295,1160
pre_xy_12743,chr4,2007901,2010146,2245
pre_xy_12744,chr4,2021278,2022383,1105
pre_xy_12745,chr4,2040369,2042888,2519
pre_xy_12746,chr4,2058055,2059953,1898
pre_xy_12747,chr4,2060133,2061961,1828
pre_xy_12748,chr4,2071256,2073154,1898
pre_xy_12749,chr4,2241380,2242669,1289
pre_xy_12750,chr4,2261082,2263040,1958
pre_xy_12751,chr4,2401270,2403139,1869
pre_xy_12752,chr4,2412812,2413696,884
pre_xy_12753,chr4,2417971,2420101,2130
pre_xy_12754,chr4,2462119,2463236,1117
pre_xy_12755,chr4,2467915,2470004,2089
pre_xy_12756,chr4,2535270,2537700,2430
pre_xy_12757,chr4,2755607,2756861,1254
pre_xy_12758,chr4,2763611,2764602,991
pre_xy_12759,chr4,2800260,2801597,1337
pre_xy_12760,chr4,2817567,2818899,1332
pre_xy_12761,chr4,2842831,2844463,1632
pre_xy_12762,chr4,2933478,2935633,2155
pre_xy_12763,chr4,2962321,2964451,2130
pre_xy_12764,chr4,3040987,3042201,1214
pre_xy_12765,chr4,3073320,3075805,2485
pre_xy_12766,chr4,3291633,3293875,2242
pre_xy_12767,chr4,3387656,3389457,1801
pre_xy_12768,chr4,3531556,3533100,1544
pre_xy_12769,chr4,3765256,3767851,2595
pre_xy_12770,chr4,3954487,3956404,1917
pre_xy_12771,chr4,4247541,4248888,1347
pre_xy_12772,chr4,4289575,4290991,1416
pre_xy_12773,chr4,4385735,4388100,2365
pre_xy_12774,chr4,4395536,4397617,2081
pre_xy_12775,chr4,4541014,4542573,1559
pre_xy_12776,chr4,4574604,4575780,1176
pre_xy_12777,chr4,4852380,4853703,1323
pre_xy_12778,chr4,4859224,4861482,2258
pre_xy_12779,chr4,5051007,5052503,1496
pre_xy_12780,chr4,5705578,5706301,723
pre_xy_12781,chr4,5708148,5709139,991
pre_xy_12782,chr4,5710511,5711890,1379
pre_xy_12783,chr4,5887216,5888824,1608
pre_xy_12784,chr4,5892488,5893403,915
pre_xy_12785,chr4,6198528,6200913,2385
pre_xy_12786,chr4,6269053,6270758,1705
pre_xy_12787,chr4,6276737,6277797,1060
pre_xy_12788,chr4,6308455,6309684,1229
pre_xy_12789,chr4,6470306,6471666,1360
pre_xy_12790,chr4,6493327,6494273,946
pre_xy_12791,chr4,6574346,6575623,1277
pre_xy_12792,chr4,6640011,6641739,1728
pre_xy_12793,chr4,6673000,6675002,2002
pre_xy_12794,chr4,6708786,6710578,1792
pre_xy_12795,chr4,6715716,6717134,1418
pre_xy_12796,chr4,6782039,6783898,1859
pre_xy_12797,chr4,6908719,6910954,2235
pre_xy_12798,chr4,6986147,6987817,1670
pre_xy_12799,chr4,7041778,7044784,3006
pre_xy_12800,chr4,7067260,7068723,1463
pre_xy_12801,chr4,7102707,7104176,1469
pre_xy_12802,chr4,7161091,7162443,1352
pre_xy_12803,chr4,7191603,7193309,1706
pre_xy_12804,chr4,7654954,7656466,1512
pre_xy_12805,chr4,7937816,7940137,2321
pre_xy_12806,chr4,7956226,7957637,1411
pre_xy_12807,chr4,8010028,8011161,1133
pre_xy_12808,chr4,8158120,8159675,1555
pre_xy_12809,chr4,8192526,8193443,917
pre_xy_12810,chr4,8198358,8199437,1079
pre_xy_12811,chr4,8205146,8206693,1547
pre_xy_12812,chr4,8241978,8242715,737
pre_xy_12813,chr4,8427550,8429096,1546
pre_xy_12814,chr4,8440181,8441298,1117
pre_xy_12815,chr4,8580216,8581450,1234
pre_xy_12816,chr4,8939330,8940485,1155
pre_xy_12817,chr4,9151919,9153869,1950
pre_xy_12818,chr4,9531765,9532999,1234
pre_xy_12819,chr4,9690887,9692084,1197
pre_xy_12820,chr4,10018631,10020030,1399
pre_xy_12821,chr4,10115656,10117942,2286
pre_xy_12822,chr4,10456369,10457725,1356
pre_xy_12823,chr4,10461059,10461901,842
pre_xy_12824,chr4,11428250,11429698,1448
pre_xy_12825,chr4,13483204,13485178,1974
pre_xy_12826,chr4,13543703,13545250,1547
pre_xy_12827,chr4,13626544,13628289,1745
pre_xy_12828,chr4,15001240,15005179,3939
pre_xy_12829,chr4,15478785,15480181,1396
pre_xy_12830,chr4,15654371,15656374,2003
pre_xy_12831,chr4,15681111,15683039,1928
pre_xy_12832,chr4,15778016,15779719,1703
pre_xy_12833,chr4,16082100,16084249,2149
pre_xy_12834,chr4,16225639,16227837,2198
pre_xy_12835,chr4,16898002,16899231,1229
pre_xy_12836,chr4,17094047,17095108,1061
pre_xy_12837,chr4,17511037,17512611,1574
pre_xy_12838,chr4,17576498,17578783,2285
pre_xy_12839,chr4,17613620,17615318,1698
pre_xy_12840,chr4,17780533,17782113,1580
pre_xy_12841,chr4,17810006,17811500,1494
pre_xy_12842,chr4,18020067,18022634,2567
pre_xy_12843,chr4,20251208,20255232,4024
pre_xy_12844,chr4,20699615,20700881,1266
pre_xy_12845,chr4,21001290,21002525,1235
pre_xy_12846,chr4,21948138,21949560,1422
pre_xy_12847,chr4,22514590,22516576,1986
pre_xy_12848,chr4,23888071,23890920,2849
pre_xy_12849,chr4,24469777,24472105,2328
pre_xy_12850,chr4,24472533,24473623,1090
pre_xy_12851,chr4,24583261,24584842,1581
pre_xy_12852,chr4,24912129,24913315,1186
pre_xy_12853,chr4,25029769,25031616,1847
pre_xy_12854,chr4,25087975,25089476,1501
pre_xy_12855,chr4,25159588,25161276,1688
pre_xy_12856,chr4,25233563,25235273,1710
pre_xy_12857,chr4,25312224,25313658,1434
pre_xy_12858,chr4,25376387,25377659,1272
pre_xy_12859,chr4,25861941,25864432,2491
pre_xy_12860,chr4,25913199,25915700,2501
pre_xy_12861,chr4,26318938,26322167,3229
pre_xy_12862,chr4,26583435,26584758,1323
pre_xy_12863,chr4,26857121,26857914,793
pre_xy_12864,chr4,26860184,26861924,1740
pre_xy_12865,chr4,29466707,29468045,1338
pre_xy_12866,chr4,30716909,30718359,1450
pre_xy_12867,chr4,30719357,30721519,2162
pre_xy_12868,chr4,36243590,36245049,1459
pre_xy_12869,chr4,37243507,37245543,2036
pre_xy_12870,chr4,37452717,37454120,1403
pre_xy_12871,chr4,37685033,37687133,2100
pre_xy_12872,chr4,37696352,37697687,1335
pre_xy_12873,chr4,37825473,37827538,2065
pre_xy_12874,chr4,37889744,37891917,2173
pre_xy_12875,chr4,37976529,37978150,1621
pre_xy_12876,chr4,38318467,38320372,1905
pre_xy_12877,chr4,38663010,38665340,2330
pre_xy_12878,chr4,38666840,38667472,632
pre_xy_12879,chr4,38672211,38673905,1694
pre_xy_12880,chr4,38752508,38753729,1221
pre_xy_12881,chr4,38867073,38869016,1943
pre_xy_12882,chr4,39043413,39045606,2193
pre_xy_12883,chr4,39181766,39183466,1700
pre_xy_12884,chr4,39365466,39366669,1203
pre_xy_12885,chr4,39446494,39447474,980
pre_xy_12886,chr4,39458163,39459964,1801
pre_xy_12887,chr4,39526441,39528366,1925
pre_xy_12888,chr4,39637320,39639938,2618
pre_xy_12889,chr4,39697253,39698902,1649
pre_xy_12890,chr4,39976277,39978300,2023
pre_xy_12891,chr4,40055503,40058147,2644
pre_xy_12892,chr4,40629166,40631004,1838
pre_xy_12893,chr4,40749492,40751170,1678
pre_xy_12894,chr4,40856513,40857449,936
pre_xy_12895,chr4,41213601,41214906,1305
pre_xy_12896,chr4,41215946,41217035,1089
pre_xy_12897,chr4,41256204,41258202,1998
pre_xy_12898,chr4,41359908,41362054,2146
pre_xy_12899,chr4,41454073,41455672,1599
pre_xy_12900,chr4,41934600,41935935,1335
pre_xy_12901,chr4,41989700,41991107,1407
pre_xy_12902,chr4,42150611,42152829,2218
pre_xy_12903,chr4,42396367,42399369,3002
pre_xy_12904,chr4,42655891,42657824,1933
pre_xy_12905,chr4,43990527,43991686,1159
pre_xy_12906,chr4,44056570,44057309,739
pre_xy_12907,chr4,44446420,44449302,2882
pre_xy_12908,chr4,44677662,44679414,1752
pre_xy_12909,chr4,44725512,44726947,1435
pre_xy_12910,chr4,46123659,46125278,1619
pre_xy_12911,chr4,46388686,46391090,2404
pre_xy_12912,chr4,46992841,46994363,1522
pre_xy_12913,chr4,47031032,47033003,1971
pre_xy_12914,chr4,47462861,47463942,1081
pre_xy_12915,chr4,47484772,47486568,1796
pre_xy_12916,chr4,47836267,47838208,1941
pre_xy_12917,chr4,47913722,47915076,1354
pre_xy_12918,chr4,48015962,48017557,1595
pre_xy_12919,chr4,48268911,48270469,1558
pre_xy_12920,chr4,48340388,48342680,2292
pre_xy_12921,chr4,48482890,48484487,1597
pre_xy_12922,chr4,48779079,48780992,1913
pre_xy_12923,chr4,48830457,48831651,1194
pre_xy_12924,chr4,48905981,48907151,1170
pre_xy_12925,chr4,51842208,51844999,2791
pre_xy_12926,chr4,52037476,52038854,1378
pre_xy_12927,chr4,52051011,52053365,2354
pre_xy_12928,chr4,52657468,52658340,872
pre_xy_12929,chr4,52658685,52660278,1593
pre_xy_12930,chr4,52711824,52713227,1403
pre_xy_12931,chr4,52721791,52722833,1042
pre_xy_12932,chr4,52750570,52751903,1333
pre_xy_12933,chr4,52861574,52863180,1606
pre_xy_12934,chr4,52872957,52874396,1439
pre_xy_12935,chr4,52954261,52955196,935
pre_xy_12936,chr4,52956938,52958464,1526
pre_xy_12937,chr4,53365081,53366331,1250
pre_xy_12938,chr4,53377016,53378336,1320
pre_xy_12939,chr4,54063677,54065180,1503
pre_xy_12940,chr4,54066576,54067397,821
pre_xy_12941,chr4,54090888,54092438,1550
pre_xy_12942,chr4,54099572,54101110,1538
pre_xy_12943,chr4,54227317,54228396,1079
pre_xy_12944,chr4,54232804,54234527,1723
pre_xy_12945,chr4,54657226,54659237,2011
pre_xy_12946,chr4,55124371,55126499,2128
pre_xy_12947,chr4,55345701,55347007,1306
pre_xy_12948,chr4,55395248,55397261,2013
pre_xy_12949,chr4,55545584,55547794,2210
pre_xy_12950,chr4,55635213,55636861,1648
pre_xy_12951,chr4,55853104,55854412,1308
pre_xy_12952,chr4,55947071,55949712,2641
pre_xy_12953,chr4,56048460,56050063,1603
pre_xy_12954,chr4,56301037,56302564,1527
pre_xy_12955,chr4,56386789,56388208,1419
pre_xy_12956,chr4,56434792,56437314,2522
pre_xy_12957,chr4,56466318,56468539,2221
pre_xy_12958,chr4,56504831,56506999,2168
pre_xy_12959,chr4,56529539,56531268,1729
pre_xy_12960,chr4,56544264,56545239,975
pre_xy_12961,chr4,56655154,56656648,1494
pre_xy_12962,chr4,56799275,56800450,1175
pre_xy_12963,chr4,56821175,56822015,840
pre_xy_12964,chr4,56907161,56909632,2471
pre_xy_12965,chr4,56976364,56979227,2863
pre_xy_12966,chr4,57109474,57111561,2087
pre_xy_12967,chr4,57163246,57164390,1144
pre_xy_12968,chr4,60934314,60935291,977
pre_xy_12969,chr4,61199877,61203445,3568
pre_xy_12970,chr4,65669089,65671032,1943
pre_xy_12971,chr4,67544666,67545888,1222
pre_xy_12972,chr4,67700070,67701731,1661
pre_xy_12973,chr4,67756799,67757905,1106
pre_xy_12974,chr4,68348634,68350515,1881
pre_xy_12975,chr4,68732666,68733537,871
pre_xy_12976,chr4,70687505,70689212,1707
pre_xy_12977,chr4,70703743,70706096,2353
pre_xy_12978,chr4,70838442,70840076,1634
pre_xy_12979,chr4,70901554,70903581,2027
pre_xy_12980,chr4,70992860,70994188,1328
pre_xy_12981,chr4,71186276,71188506,2230
pre_xy_12982,chr4,72567546,72569967,2421
pre_xy_12983,chr4,73068324,73070259,1935
pre_xy_12984,chr4,73257191,73259976,2785
pre_xy_12985,chr4,73868383,73869900,1517
pre_xy_12986,chr4,74038074,74039508,1434
pre_xy_12987,chr4,74098589,74099801,1212
pre_xy_12988,chr4,74157009,74158588,1579
pre_xy_12989,chr4,74444623,74445676,1053
pre_xy_12990,chr4,74793453,74795136,1683
pre_xy_12991,chr4,74932605,74935311,2706
pre_xy_12992,chr4,75513697,75515022,1325
pre_xy_12993,chr4,75630020,75631215,1195
pre_xy_12994,chr4,75672290,75674271,1981
pre_xy_12995,chr4,75723090,75725471,2381
pre_xy_12996,chr4,75939634,75941314,1680
pre_xy_12997,chr4,75990018,75991353,1335
pre_xy_12998,chr4,76147425,76148880,1455
pre_xy_12999,chr4,76212795,76214406,1611
pre_xy_13000,chr4,76251038,76252320,1282
pre_xy_13001,chr4,76305789,76307532,1743
pre_xy_13002,chr4,76420131,76421634,1503
pre_xy_13003,chr4,76585103,76586443,1340
pre_xy_13004,chr4,76688592,76690562,1970
pre_xy_13005,chr4,76896664,76898493,1829
pre_xy_13006,chr4,76948287,76951237,2950
pre_xy_13007,chr4,77074768,77076616,1848
pre_xy_13008,chr4,77156109,77158521,2412
pre_xy_13009,chr4,77817652,77820692,3040
pre_xy_13010,chr4,77861698,77863283,1585
pre_xy_13011,chr4,78055985,78058128,2143
pre_xy_13012,chr4,78058497,78059876,1379
pre_xy_13013,chr4,78336131,78337624,1493
pre_xy_13014,chr4,78774978,78777220,2242
pre_xy_13015,chr4,78938349,78940258,1909
pre_xy_13016,chr4,80071300,80073723,2423
pre_xy_13017,chr4,80183145,80184873,1728
pre_xy_13018,chr4,80201400,80203388,1988
pre_xy_13019,chr4,80265480,80267299,1819
pre_xy_13020,chr4,80335305,80336960,1655
pre_xy_13021,chr4,81030127,81031941,1814
pre_xy_13022,chr4,81214247,81215750,1503
pre_xy_13023,chr4,81470261,81472637,2376
pre_xy_13024,chr4,82043827,82045004,1177
pre_xy_13025,chr4,82284233,82285490,1257
pre_xy_13026,chr4,82372507,82374658,2151
pre_xy_13027,chr4,82428685,82431145,2460
pre_xy_13028,chr4,82560945,82562435,1490
pre_xy_13029,chr4,82797255,82799522,2267
pre_xy_13030,chr4,82889861,82892086,2225
pre_xy_13031,chr4,82899798,82901432,1634
pre_xy_13032,chr4,83010176,83011081,905
pre_xy_13033,chr4,83011858,83013393,1535
pre_xy_13034,chr4,83034303,83035913,1610
pre_xy_13035,chr4,83109117,83110745,1628
pre_xy_13036,chr4,83283916,83285389,1473
pre_xy_13037,chr4,83334200,83335307,1107
pre_xy_13038,chr4,83454599,83456304,1705
pre_xy_13039,chr4,83484172,83485480,1308
pre_xy_13040,chr4,83535091,83537062,1971
pre_xy_13041,chr4,84498097,84499692,1595
pre_xy_13042,chr4,84582151,84584108,1957
pre_xy_13043,chr4,84965367,84967627,2260
pre_xy_13044,chr4,85474489,85475878,1389
pre_xy_13045,chr4,86593679,86595672,1993
pre_xy_13046,chr4,86890670,86892823,2153
pre_xy_13047,chr4,86934219,86936449,2230
pre_xy_13048,chr4,86959542,86961997,2455
pre_xy_13049,chr4,87005693,87008106,2413
pre_xy_13050,chr4,87219175,87221001,1826
pre_xy_13051,chr4,87390464,87391991,1527
pre_xy_13052,chr4,87421984,87423192,1208
pre_xy_13053,chr4,88006897,88008608,1711
pre_xy_13054,chr4,88158086,88159396,1310
pre_xy_13055,chr4,88282787,88285241,2454
pre_xy_13056,chr4,88378491,88379597,1106
pre_xy_13057,chr4,88447298,88448652,1354
pre_xy_13058,chr4,88456008,88457974,1966
pre_xy_13059,chr4,88522674,88524227,1553
pre_xy_13060,chr4,88591399,88593529,2130
pre_xy_13061,chr4,88737130,88738326,1196
pre_xy_13062,chr4,88822522,88823912,1390
pre_xy_13063,chr4,89109906,89111931,2025
pre_xy_13064,chr4,89835992,89838386,2394
pre_xy_13065,chr4,90126834,90128842,2008
pre_xy_13066,chr4,91063717,91065083,1366
pre_xy_13067,chr4,92303529,92306342,2813
pre_xy_13068,chr4,93827984,93829886,1902
pre_xy_13069,chr4,94207109,94208327,1218
pre_xy_13070,chr4,94451070,94453155,2085
pre_xy_13071,chr4,94757426,94759169,1743
pre_xy_13072,chr4,95546896,95550067,3171
pre_xy_13073,chr4,98142611,98143930,1319
pre_xy_13074,chr4,98260095,98262278,2183
pre_xy_13075,chr4,98657247,98659371,2124
pre_xy_13076,chr4,98927805,98930128,2323
pre_xy_13077,chr4,98994769,98996847,2078
pre_xy_13078,chr4,99087958,99089589,1631
pre_xy_13079,chr4,99562841,99564216,1375
pre_xy_13080,chr4,99893385,99894933,1548
pre_xy_13081,chr4,99945934,99947090,1156
pre_xy_13082,chr4,99948962,99950939,1977
pre_xy_13083,chr4,100189596,100192085,2489
pre_xy_13084,chr4,101345510,101348574,3064
pre_xy_13085,chr4,101790359,101791430,1071
pre_xy_13086,chr4,102343815,102345906,2091
pre_xy_13087,chr4,102500418,102502526,2108
pre_xy_13088,chr4,102759856,102762149,2293
pre_xy_13089,chr4,102826448,102828568,2120
pre_xy_13090,chr4,102868240,102869808,1568
pre_xy_13091,chr4,103018689,103020259,1570
pre_xy_13092,chr4,103075476,103076974,1498
pre_xy_13093,chr4,103098387,103100134,1747
pre_xy_13094,chr4,103197631,103198937,1306
pre_xy_13095,chr4,103719007,103720418,1411
pre_xy_13096,chr4,104490300,104492725,2425
pre_xy_13097,chr4,104494480,104495463,983
pre_xy_13098,chr4,105145131,105148148,3017
pre_xy_13099,chr4,105472905,105474322,1417
pre_xy_13100,chr4,105707921,105709355,1434
pre_xy_13101,chr4,105894636,105896701,2065
pre_xy_13102,chr4,106315459,106317263,1804
pre_xy_13103,chr4,106532469,106533786,1317
pre_xy_13104,chr4,107033814,107034691,877
pre_xy_13105,chr4,107035024,107037471,2447
pre_xy_13106,chr4,107719232,107720832,1600
pre_xy_13107,chr4,107824009,107825794,1785
pre_xy_13108,chr4,107930540,107932193,1653
pre_xy_13109,chr4,107989167,107990750,1583
pre_xy_13110,chr4,108166458,108169451,2993
pre_xy_13111,chr4,108172187,108173650,1463
pre_xy_13112,chr4,108247359,108248428,1069
pre_xy_13113,chr4,108619873,108621073,1200
pre_xy_13114,chr4,108649783,108651649,1866
pre_xy_13115,chr4,108762128,108763504,1376
pre_xy_13116,chr4,109046297,109047211,914
pre_xy_13117,chr4,109301872,109303493,1621
pre_xy_13118,chr4,109432772,109434968,2196
pre_xy_13119,chr4,109559538,109561429,1891
pre_xy_13120,chr4,109701790,109704331,2541
pre_xy_13121,chr4,109729229,109730727,1498
pre_xy_13122,chr4,109735496,109736652,1156
pre_xy_13123,chr4,109814840,109816351,1511
pre_xy_13124,chr4,110193742,110194130,388
pre_xy_13125,chr4,110195896,110199196,3300
pre_xy_13126,chr4,110622049,110623391,1342
pre_xy_13127,chr4,110631481,110632925,1444
pre_xy_13128,chr4,110636510,110637402,892
pre_xy_13129,chr4,112144863,112146336,1473
pre_xy_13130,chr4,112230883,112232582,1699
pre_xy_13131,chr4,112284563,112286288,1725
pre_xy_13132,chr4,112514604,112516250,1646
pre_xy_13133,chr4,112636535,112637906,1371
pre_xy_13134,chr4,112704931,112706931,2000
pre_xy_13135,chr4,113760175,113763104,2929
pre_xy_13136,chr4,113978542,113980083,1541
pre_xy_13137,chr4,114597941,114600059,2118
pre_xy_13138,chr4,115113271,115114287,1016
pre_xy_13139,chr4,116925365,116926628,1263
pre_xy_13140,chr4,118032907,118034528,1621
pre_xy_13141,chr4,118278113,118279272,1159
pre_xy_13142,chr4,118351832,118353574,1742
pre_xy_13143,chr4,118591206,118592027,821
pre_xy_13144,chr4,118684851,118685968,1117
pre_xy_13145,chr4,118834939,118836764,1825
pre_xy_13146,chr4,118888403,118889559,1156
pre_xy_13147,chr4,119211794,119213473,1679
pre_xy_13148,chr4,119299131,119301147,2016
pre_xy_13149,chr4,119454052,119455265,1213
pre_xy_13150,chr4,119626973,119629363,2390
pre_xy_13151,chr4,120066096,120067573,1477
pre_xy_13152,chr4,120921473,120923244,1771
pre_xy_13153,chr4,121070735,121071725,990
pre_xy_13154,chr4,121071822,121073258,1436
pre_xy_13155,chr4,121379910,121381220,1310
pre_xy_13156,chr4,121695752,121697966,2214
pre_xy_13157,chr4,121764449,121765489,1040
pre_xy_13158,chr4,121800608,121801806,1198
pre_xy_13159,chr4,121822532,121824264,1732
pre_xy_13160,chr4,121869489,121870828,1339
pre_xy_13161,chr4,121949778,121952114,2336
pre_xy_13162,chr4,122151572,122153135,1563
pre_xy_13163,chr4,122732074,122733461,1387
pre_xy_13164,chr4,122826106,122828246,2140
pre_xy_13165,chr4,122921796,122923523,1727
pre_xy_13166,chr4,123348878,123349941,1063
pre_xy_13167,chr4,123396528,123399888,3360
pre_xy_13168,chr4,123505044,123506432,1388
pre_xy_13169,chr4,124711437,124713611,2174
pre_xy_13170,chr4,125314110,125317837,3727
pre_xy_13171,chr4,127622540,127624071,1531
pre_xy_13172,chr4,127632341,127633566,1225
pre_xy_13173,chr4,127781597,127783605,2008
pre_xy_13174,chr4,127880241,127881714,1473
pre_xy_13175,chr4,127963492,127966323,2831
pre_xy_13176,chr4,128060573,128062551,1978
pre_xy_13177,chr4,128286471,128288680,2209
pre_xy_13178,chr4,128552441,128554344,1903
pre_xy_13179,chr4,128809392,128810281,889
pre_xy_13180,chr4,128810474,128812784,2310
pre_xy_13181,chr4,129092592,129093988,1396
pre_xy_13182,chr4,133146480,133147221,741
pre_xy_13183,chr4,133147914,133149459,1545
pre_xy_13184,chr4,133150592,133152431,1839
pre_xy_13185,chr4,134200813,134202228,1415
pre_xy_13186,chr4,137531173,137533172,1999
pre_xy_13187,chr4,139014479,139016498,2019
pre_xy_13188,chr4,139082677,139084727,2050
pre_xy_13189,chr4,139175952,139178746,2794
pre_xy_13190,chr4,139278504,139280615,2111
pre_xy_13191,chr4,139294884,139296018,1134
pre_xy_13192,chr4,139300593,139302662,2069
pre_xy_13193,chr4,139453031,139454541,1510
pre_xy_13194,chr4,139554887,139557532,2645
pre_xy_13195,chr4,139592741,139593621,880
pre_xy_13196,chr4,139665381,139667244,1863
pre_xy_13197,chr4,139734212,139736039,1827
pre_xy_13198,chr4,140048701,140050592,1891
pre_xy_13199,chr4,140150238,140153254,3016
pre_xy_13200,chr4,140153685,140154522,837
pre_xy_13201,chr4,140251991,140253979,1988
pre_xy_13202,chr4,140372543,140374251,1708
pre_xy_13203,chr4,140426584,140427960,1376
pre_xy_13204,chr4,140522870,140524757,1887
pre_xy_13205,chr4,140566828,140569343,2515
pre_xy_13206,chr4,140755366,140757504,2138
pre_xy_13207,chr4,141131750,141133763,2013
pre_xy_13208,chr4,141220158,141221648,1490
pre_xy_13209,chr4,141635900,141637382,1482
pre_xy_13210,chr4,142752026,142753132,1106
pre_xy_13211,chr4,142845286,142847534,2248
pre_xy_13212,chr4,143184036,143185865,1829
pre_xy_13213,chr4,143335562,143338027,2465
pre_xy_13214,chr4,143512931,143515006,2075
pre_xy_13215,chr4,143558593,143560018,1425
pre_xy_13216,chr4,143699593,143701185,1592
pre_xy_13217,chr4,144644981,144647554,2573
pre_xy_13218,chr4,145097398,145099043,1645
pre_xy_13219,chr4,145179216,145181255,2039
pre_xy_13220,chr4,145481109,145483140,2031
pre_xy_13221,chr4,145618379,145620009,1630
pre_xy_13222,chr4,145732515,145733889,1374
pre_xy_13223,chr4,145935668,145939108,3440
pre_xy_13224,chr4,146175319,146176456,1137
pre_xy_13225,chr4,146520819,146523049,2230
pre_xy_13226,chr4,146945345,146946226,881
pre_xy_13227,chr4,147480485,147482088,1603
pre_xy_13228,chr4,147616781,147618119,1338
pre_xy_13229,chr4,147682795,147684775,1980
pre_xy_13230,chr4,147730967,147733195,2228
pre_xy_13231,chr4,148441647,148443048,1401
pre_xy_13232,chr4,148444293,148445921,1628
pre_xy_13233,chr4,150077776,150079613,1837
pre_xy_13234,chr4,150582594,150584155,1561
pre_xy_13235,chr4,151014368,151016532,2164
pre_xy_13236,chr4,151098944,151100311,1367
pre_xy_13237,chr4,151324260,151326060,1800
pre_xy_13238,chr4,151407708,151410364,2656
pre_xy_13239,chr4,151759959,151761479,1520
pre_xy_13240,chr4,152351947,152353267,1320
pre_xy_13241,chr4,152534586,152536983,2397
pre_xy_13242,chr4,152778790,152780769,1979
pre_xy_13243,chr4,152935646,152938491,2845
pre_xy_13244,chr4,153151910,153154305,2395
pre_xy_13245,chr4,153222037,153224461,2424
pre_xy_13246,chr4,153248474,153250083,1609
pre_xy_13247,chr4,153344132,153345981,1849
pre_xy_13248,chr4,153465437,153467648,2211
pre_xy_13249,chr4,153683738,153685283,1545
pre_xy_13250,chr4,153759157,153760378,1221
pre_xy_13251,chr4,153788234,153789434,1200
pre_xy_13252,chr4,153791858,153793115,1257
pre_xy_13253,chr4,154332494,154333511,1017
pre_xy_13254,chr4,154416029,154417552,1523
pre_xy_13255,chr4,154489974,154492573,2599
pre_xy_13256,chr4,154549602,154550779,1177
pre_xy_13257,chr4,154626395,154627469,1074
pre_xy_13258,chr4,154743385,154744468,1083
pre_xy_13259,chr4,155207389,155209257,1868
pre_xy_13260,chr4,155376226,155377223,997
pre_xy_13261,chr4,155666412,155668331,1919
pre_xy_13262,chr4,155758556,155760306,1750
pre_xy_13263,chr4,155952533,155954115,1582
pre_xy_13264,chr4,156969926,156972622,2696
pre_xy_13265,chr4,157075574,157076964,1390
pre_xy_13266,chr4,157220041,157220930,889
pre_xy_13267,chr4,158670724,158672832,2108
pre_xy_13268,chr4,158722245,158723890,1645
pre_xy_13269,chr4,158768273,158769769,1496
pre_xy_13270,chr4,159102245,159105022,2777
pre_xy_13271,chr4,159227286,159228674,1388
pre_xy_13272,chr4,162163609,162164670,1061
pre_xy_13273,chr4,163166010,163167414,1404
pre_xy_13274,chr4,163331487,163333436,1949
pre_xy_13275,chr4,163494086,163495339,1253
pre_xy_13276,chr4,164382977,164384480,1503
pre_xy_13277,chr4,164956545,164957473,928
pre_xy_13278,chr4,165072847,165074283,1436
pre_xy_13279,chr4,165112097,165113477,1380
pre_xy_13280,chr4,165206510,165208367,1857
pre_xy_13281,chr4,165326624,165328171,1547
pre_xy_13282,chr4,165378315,165380186,1871
pre_xy_13283,chr4,165872338,165875162,2824
pre_xy_13284,chr4,167233430,167234957,1527
pre_xy_13285,chr4,168317632,168318989,1357
pre_xy_13286,chr4,168479612,168481258,1646
pre_xy_13287,chr4,168630917,168632707,1790
pre_xy_13288,chr4,168651045,168652175,1130
pre_xy_13289,chr4,168831516,168833601,2085
pre_xy_13290,chr4,168877389,168878547,1158
pre_xy_13291,chr4,169009177,169010948,1771
pre_xy_13292,chr4,169269950,169271661,1711
pre_xy_13293,chr4,169611763,169613647,1884
pre_xy_13294,chr4,169619489,169621164,1675
pre_xy_13295,chr4,169659517,169660712,1195
pre_xy_13296,chr4,169756858,169758816,1958
pre_xy_13297,chr4,170025649,170027727,2078
pre_xy_13298,chr4,170089090,170090472,1382
pre_xy_13299,chr4,171812223,171814101,1878
pre_xy_13300,chr4,173167984,173170306,2322
pre_xy_13301,chr4,173333382,173335657,2275
pre_xy_13302,chr4,173369228,173372208,2980
pre_xy_13303,chr4,173494000,173494891,891
pre_xy_13304,chr4,173508673,173509944,1271
pre_xy_13305,chr4,173521564,173523084,1520
pre_xy_13306,chr4,173528480,173530483,2003
pre_xy_13307,chr4,173537661,173539346,1685
pre_xy_13308,chr4,174216889,174218583,1694
pre_xy_13309,chr4,174282867,174284519,1652
pre_xy_13310,chr4,174521728,174523396,1668
pre_xy_13311,chr4,174828601,174829745,1144
pre_xy_13312,chr4,176001034,176002672,1638
pre_xy_13313,chr4,176065154,176066329,1175
pre_xy_13314,chr4,176194862,176195877,1015
pre_xy_13315,chr4,176319304,176320852,1548
pre_xy_13316,chr4,176791601,176793379,1778
pre_xy_13317,chr4,177309275,177310407,1132
pre_xy_13318,chr4,177441580,177443202,1622
pre_xy_13319,chr4,180057246,180059884,2638
pre_xy_13320,chr4,182143598,182145347,1749
pre_xy_13321,chr4,182447944,182449512,1568
pre_xy_13322,chr4,182805977,182807544,1567
pre_xy_13323,chr4,182916464,182918442,1978
pre_xy_13324,chr4,183097343,183100168,2825
pre_xy_13325,chr4,183406773,183407609,836
pre_xy_13326,chr4,183443581,183445373,1792
pre_xy_13327,chr4,183503739,183506522,2783
pre_xy_13328,chr4,183570966,183572260,1294
pre_xy_13329,chr4,183658215,183659863,1648
pre_xy_13330,chr4,183722459,183723503,1044
pre_xy_13331,chr4,183796834,183799167,2333
pre_xy_13332,chr4,183904922,183907583,2661
pre_xy_13333,chr4,183987138,183988472,1334
pre_xy_13334,chr4,184168219,184169184,965
pre_xy_13335,chr4,184472258,184475444,3186
pre_xy_13336,chr4,184536521,184538326,1805
pre_xy_13337,chr4,184648010,184650401,2391
pre_xy_13338,chr4,184732932,184734591,1659
pre_xy_13339,chr4,184825017,184826751,1734
pre_xy_13340,chr4,185127097,185129177,2080
pre_xy_13341,chr4,185142609,185143894,1285
pre_xy_13342,chr4,185203031,185204371,1340
pre_xy_13343,chr4,185208860,185211061,2201
pre_xy_13344,chr4,185395661,185397386,1725
pre_xy_13345,chr4,185424902,185426456,1554
pre_xy_13346,chr4,185470295,185472075,1780
pre_xy_13347,chr4,185534604,185535796,1192
pre_xy_13348,chr4,186104278,186105702,1424
pre_xy_13349,chr4,186143954,186145538,1584
pre_xy_13350,chr4,186190473,186192599,2126
pre_xy_13351,chr4,186554350,186555742,1392
pre_xy_13352,chr4,186723080,186724894,1814
pre_xy_13353,chr4,186725468,186727149,1681
pre_xy_13354,chr4,189940079,189941433,1354
pre_xy_13355,chr5,52924,54151,1227
pre_xy_13356,chr5,90535,92812,2277
pre_xy_13357,chr5,188218,189027,809
pre_xy_13358,chr5,190065,191936,1871
pre_xy_13359,chr5,217561,219323,1762
pre_xy_13360,chr5,270483,271949,1466
pre_xy_13361,chr5,320685,322673,1988
pre_xy_13362,chr5,373072,374724,1652
pre_xy_13363,chr5,399429,400739,1310
pre_xy_13364,chr5,442338,443718,1380
pre_xy_13365,chr5,472035,474172,2137
pre_xy_13366,chr5,522831,524285,1454
pre_xy_13367,chr5,530707,531758,1051
pre_xy_13368,chr5,539100,541885,2785
pre_xy_13369,chr5,611137,612864,1727
pre_xy_13370,chr5,671428,673213,1785
pre_xy_13371,chr5,692480,693713,1233
pre_xy_13372,chr5,783781,785520,1739
pre_xy_13373,chr5,891774,893323,1549
pre_xy_13374,chr5,963129,965101,1972
pre_xy_13375,chr5,1003920,1005258,1338
pre_xy_13376,chr5,1007361,1009135,1774
pre_xy_13377,chr5,1110241,1112345,2104
pre_xy_13378,chr5,1117936,1119181,1245
pre_xy_13379,chr5,1182384,1183807,1423
pre_xy_13380,chr5,1204406,1205296,890
pre_xy_13381,chr5,1227228,1228433,1205
pre_xy_13382,chr5,1246561,1247223,662
pre_xy_13383,chr5,1294334,1295939,1605
pre_xy_13384,chr5,1344342,1345784,1442
pre_xy_13385,chr5,1385441,1386874,1433
pre_xy_13386,chr5,1444576,1446836,2260
pre_xy_13387,chr5,1522890,1524640,1750
pre_xy_13388,chr5,1593786,1594972,1186
pre_xy_13389,chr5,1633323,1634590,1267
pre_xy_13390,chr5,1641051,1641892,841
pre_xy_13391,chr5,1666865,1668755,1890
pre_xy_13392,chr5,1724616,1726193,1577
pre_xy_13393,chr5,1798982,1802123,3141
pre_xy_13394,chr5,1930507,1931957,1450
pre_xy_13395,chr5,2038248,2039184,936
pre_xy_13396,chr5,2751002,2752189,1187
pre_xy_13397,chr5,2755918,2756960,1042
pre_xy_13398,chr5,5421534,5423227,1693
pre_xy_13399,chr5,5494409,5495566,1157
pre_xy_13400,chr5,6377588,6379064,1476
pre_xy_13401,chr5,6582682,6583774,1092
pre_xy_13402,chr5,6632404,6634080,1676
pre_xy_13403,chr5,6711968,6714816,2848
pre_xy_13404,chr5,7394592,7397449,2857
pre_xy_13405,chr5,7849612,7851329,1717
pre_xy_13406,chr5,7868321,7869813,1492
pre_xy_13407,chr5,8456907,8458339,1432
pre_xy_13408,chr5,9544253,9547365,3112
pre_xy_13409,chr5,10249122,10251137,2015
pre_xy_13410,chr5,10306903,10308138,1235
pre_xy_13411,chr5,10332966,10334008,1042
pre_xy_13412,chr5,10352676,10354505,1829
pre_xy_13413,chr5,10441013,10442419,1406
pre_xy_13414,chr5,10562914,10565127,2213
pre_xy_13415,chr5,10627155,10628208,1053
pre_xy_13416,chr5,10649096,10650314,1218
pre_xy_13417,chr5,10760096,10762041,1945
pre_xy_13418,chr5,11903053,11904772,1719
pre_xy_13419,chr5,14010967,14012047,1080
pre_xy_13420,chr5,14142428,14145524,3096
pre_xy_13421,chr5,14249582,14251222,1640
pre_xy_13422,chr5,14264321,14265257,936
pre_xy_13423,chr5,14581193,14583081,1888
pre_xy_13424,chr5,14663789,14665480,1691
pre_xy_13425,chr5,14871093,14872959,1866
pre_xy_13426,chr5,15499533,15501964,2431
pre_xy_13427,chr5,16178664,16181180,2516
pre_xy_13428,chr5,16464858,16466440,1582
pre_xy_13429,chr5,16615739,16617858,2119
pre_xy_13430,chr5,16935184,16936860,1676
pre_xy_13431,chr5,17069474,17071034,1560
pre_xy_13432,chr5,17216117,17219297,3180
pre_xy_13433,chr5,20610547,20611168,621
pre_xy_13434,chr5,23506444,23507699,1255
pre_xy_13435,chr5,31193015,31194922,1907
pre_xy_13436,chr5,31531447,31533285,1838
pre_xy_13437,chr5,31638324,31640432,2108
pre_xy_13438,chr5,31853817,31855689,1872
pre_xy_13439,chr5,32173135,32175164,2029
pre_xy_13440,chr5,32312062,32313702,1640
pre_xy_13441,chr5,32443152,32445156,2004
pre_xy_13442,chr5,32585158,32586363,1205
pre_xy_13443,chr5,32709677,32711335,1658
pre_xy_13444,chr5,32711694,32712464,770
pre_xy_13445,chr5,33439899,33441814,1915
pre_xy_13446,chr5,33891359,33893071,1712
pre_xy_13447,chr5,33935739,33937341,1602
pre_xy_13448,chr5,34007192,34008596,1404
pre_xy_13449,chr5,34655262,34657815,2553
pre_xy_13450,chr5,34838429,34839652,1223
pre_xy_13451,chr5,34914680,34916071,1391
pre_xy_13452,chr5,34928978,34930386,1408
pre_xy_13453,chr5,35617352,35618551,1199
pre_xy_13454,chr5,36150845,36152617,1772
pre_xy_13455,chr5,36240656,36242567,1911
pre_xy_13456,chr5,36606013,36607594,1581
pre_xy_13457,chr5,36689919,36690884,965
pre_xy_13458,chr5,36744040,36745711,1671
pre_xy_13459,chr5,36875047,36877684,2637
pre_xy_13460,chr5,37248524,37250012,1488
pre_xy_13461,chr5,37370463,37371854,1391
pre_xy_13462,chr5,37378698,37379668,970
pre_xy_13463,chr5,37839515,37840757,1242
pre_xy_13464,chr5,38257146,38259346,2200
pre_xy_13465,chr5,38555856,38557564,1708
pre_xy_13466,chr5,38845121,38846943,1822
pre_xy_13467,chr5,39072946,39075334,2388
pre_xy_13468,chr5,39423764,39425463,1699
pre_xy_13469,chr5,40678908,40680191,1283
pre_xy_13470,chr5,40754065,40756345,2280
pre_xy_13471,chr5,40797104,40798940,1836
pre_xy_13472,chr5,40834403,40836214,1811
pre_xy_13473,chr5,41869110,41870858,1748
pre_xy_13474,chr5,41903453,41904693,1240
pre_xy_13475,chr5,41924563,41925982,1419
pre_xy_13476,chr5,42422875,42425070,2195
pre_xy_13477,chr5,42950487,42952435,1948
pre_xy_13478,chr5,42991508,42992888,1380
pre_xy_13479,chr5,42994466,42995250,784
pre_xy_13480,chr5,43007249,43008862,1613
pre_xy_13481,chr5,43017258,43018568,1310
pre_xy_13482,chr5,43039447,43040639,1192
pre_xy_13483,chr5,43041399,43043440,2041
pre_xy_13484,chr5,43064453,43065208,755
pre_xy_13485,chr5,43065400,43067613,2213
pre_xy_13486,chr5,43120475,43122422,1947
pre_xy_13487,chr5,43191656,43193121,1465
pre_xy_13488,chr5,43312738,43314414,1676
pre_xy_13489,chr5,43483044,43484733,1689
pre_xy_13490,chr5,43514447,43515574,1127
pre_xy_13491,chr5,43555820,43557663,1843
pre_xy_13492,chr5,43602362,43604234,1872
pre_xy_13493,chr5,44387971,44390130,2159
pre_xy_13494,chr5,44808385,44809986,1601
pre_xy_13495,chr5,45694895,45696570,1675
pre_xy_13496,chr5,50440458,50441943,1485
pre_xy_13497,chr5,50666090,50668345,2255
pre_xy_13498,chr5,50962745,50964495,1750
pre_xy_13499,chr5,51382432,51383726,1294
pre_xy_13500,chr5,52787300,52788902,1602
pre_xy_13501,chr5,52798912,52801049,2137
pre_xy_13502,chr5,52988462,52990424,1962
pre_xy_13503,chr5,53108982,53110250,1268
pre_xy_13504,chr5,53479365,53481006,1641
pre_xy_13505,chr5,53559988,53561336,1348
pre_xy_13506,chr5,54309266,54312098,2832
pre_xy_13507,chr5,54456852,54457985,1133
pre_xy_13508,chr5,54516952,54518649,1697
pre_xy_13509,chr5,54745193,54746149,956
pre_xy_13510,chr5,54882904,54884487,1583
pre_xy_13511,chr5,55172735,55173876,1141
pre_xy_13512,chr5,55176120,55176798,678
pre_xy_13513,chr5,55226291,55227761,1470
pre_xy_13514,chr5,55232197,55234654,2457
pre_xy_13515,chr5,55306771,55308501,1730
pre_xy_13516,chr5,55533755,55535499,1744
pre_xy_13517,chr5,55711563,55713086,1523
pre_xy_13518,chr5,55993937,55995831,1894
pre_xy_13519,chr5,56123225,56124328,1103
pre_xy_13520,chr5,56479666,56482717,3051
pre_xy_13521,chr5,56814240,56817100,2860
pre_xy_13522,chr5,56908756,56910804,2048
pre_xy_13523,chr5,56950407,56952756,2349
pre_xy_13524,chr5,57172762,57174821,2059
pre_xy_13525,chr5,58458886,58461016,2130
pre_xy_13526,chr5,58581840,58583499,1659
pre_xy_13527,chr5,58890087,58892029,1942
pre_xy_13528,chr5,59038688,59040133,1445
pre_xy_13529,chr5,59126597,59128247,1650
pre_xy_13530,chr5,59356722,59358935,2213
pre_xy_13531,chr5,59767641,59769123,1482
pre_xy_13532,chr5,59892030,59894407,2377
pre_xy_13533,chr5,60699147,60700742,1595
pre_xy_13534,chr5,60842937,60844789,1852
pre_xy_13535,chr5,60944700,60946209,1509
pre_xy_13536,chr5,61161759,61163139,1380
pre_xy_13537,chr5,61330413,61333927,3514
pre_xy_13538,chr5,61407801,61409231,1430
pre_xy_13539,chr5,61624976,61627175,2199
pre_xy_13540,chr5,62305488,62307421,1933
pre_xy_13541,chr5,62403157,62404478,1321
pre_xy_13542,chr5,62411882,62413316,1434
pre_xy_13543,chr5,63553848,63555066,1218
pre_xy_13544,chr5,63958883,63959816,933
pre_xy_13545,chr5,64505711,64507277,1566
pre_xy_13546,chr5,64690066,64691252,1186
pre_xy_13547,chr5,64759750,64760926,1176
pre_xy_13548,chr5,64767237,64769307,2070
pre_xy_13549,chr5,65034946,65036167,1221
pre_xy_13550,chr5,65102421,65104526,2105
pre_xy_13551,chr5,65481187,65484003,2816
pre_xy_13552,chr5,65562619,65563961,1342
pre_xy_13553,chr5,65623650,65625323,1673
pre_xy_13554,chr5,65721080,65723396,2316
pre_xy_13555,chr5,65924665,65926778,2113
pre_xy_13556,chr5,66143603,66145197,1594
pre_xy_13557,chr5,66595765,66597769,2004
pre_xy_13558,chr5,66828110,66829681,1571
pre_xy_13559,chr5,67002534,67005153,2619
pre_xy_13560,chr5,67165579,67166896,1317
pre_xy_13561,chr5,68214635,68217080,2445
pre_xy_13562,chr5,68287775,68289148,1373
pre_xy_13563,chr5,69093487,69094815,1328
pre_xy_13564,chr5,69166457,69167561,1104
pre_xy_13565,chr5,69188678,69190498,1820
pre_xy_13566,chr5,69217275,69218467,1192
pre_xy_13567,chr5,69234220,69235329,1109
pre_xy_13568,chr5,69368737,69370176,1439
pre_xy_13569,chr5,69414683,69415875,1192
pre_xy_13570,chr5,69492122,69494002,1880
pre_xy_13571,chr5,71455038,71456619,1581
pre_xy_13572,chr5,71586421,71587900,1479
pre_xy_13573,chr5,72106815,72109139,2324
pre_xy_13574,chr5,72165804,72167196,1392
pre_xy_13575,chr5,72307633,72308914,1281
pre_xy_13576,chr5,72319497,72320824,1327
pre_xy_13577,chr5,72555934,72558183,2249
pre_xy_13578,chr5,72815645,72817485,1840
pre_xy_13579,chr5,72847853,72849321,1468
pre_xy_13580,chr5,72955241,72957011,1770
pre_xy_13581,chr5,73119440,73120917,1477
pre_xy_13582,chr5,73215147,73216628,1481
pre_xy_13583,chr5,73232250,73234195,1945
pre_xy_13584,chr5,73435846,73437861,2015
pre_xy_13585,chr5,73446926,73449010,2084
pre_xy_13586,chr5,73497442,73499101,1659
pre_xy_13587,chr5,73564698,73566192,1494
pre_xy_13588,chr5,73625356,73626838,1482
pre_xy_13589,chr5,74615842,74617547,1705
pre_xy_13590,chr5,74639756,74642286,2530
pre_xy_13591,chr5,74684714,74686360,1646
pre_xy_13592,chr5,74766156,74767872,1716
pre_xy_13593,chr5,74864978,74867160,2182
pre_xy_13594,chr5,75052329,75054411,2082
pre_xy_13595,chr5,75235974,75237336,1362
pre_xy_13596,chr5,75336089,75338032,1943
pre_xy_13597,chr5,75510482,75512221,1739
pre_xy_13598,chr5,75716738,75717857,1119
pre_xy_13599,chr5,76082724,76085017,2293
pre_xy_13600,chr5,76402091,76404387,2296
pre_xy_13601,chr5,76714920,76717032,2112
pre_xy_13602,chr5,76818250,76819971,1721
pre_xy_13603,chr5,76952818,76954716,1898
pre_xy_13604,chr5,77029875,77031124,1249
pre_xy_13605,chr5,77076688,77077944,1256
pre_xy_13606,chr5,77086271,77088231,1960
pre_xy_13607,chr5,77209564,77211710,2146
pre_xy_13608,chr5,77491020,77492742,1722
pre_xy_13609,chr5,77629402,77631122,1720
pre_xy_13610,chr5,77775249,77776650,1401
pre_xy_13611,chr5,77843599,77845333,1734
pre_xy_13612,chr5,78293860,78295954,2094
pre_xy_13613,chr5,78359443,78361824,2381
pre_xy_13614,chr5,78647356,78649577,2221
pre_xy_13615,chr5,78983325,78986135,2810
pre_xy_13616,chr5,79132911,79134395,1484
pre_xy_13617,chr5,79235391,79237804,2413
pre_xy_13618,chr5,79513027,79514970,1943
pre_xy_13619,chr5,79611667,79613109,1442
pre_xy_13620,chr5,79689181,79690514,1333
pre_xy_13621,chr5,79990281,79991710,1429
pre_xy_13622,chr5,80111027,80112477,1450
pre_xy_13623,chr5,80180291,80181500,1209
pre_xy_13624,chr5,80204312,80205522,1210
pre_xy_13625,chr5,80245590,80247804,2214
pre_xy_13626,chr5,80254845,80256751,1906
pre_xy_13627,chr5,80406834,80408708,1874
pre_xy_13628,chr5,80487487,80488742,1255
pre_xy_13629,chr5,80568926,80570700,1774
pre_xy_13630,chr5,80654011,80655372,1361
pre_xy_13631,chr5,80959975,80961332,1357
pre_xy_13632,chr5,81232397,81233824,1427
pre_xy_13633,chr5,81300604,81302158,1554
pre_xy_13634,chr5,81749307,81752186,2879
pre_xy_13635,chr5,81850902,81853100,2198
pre_xy_13636,chr5,81971043,81972623,1580
pre_xy_13637,chr5,82277673,82278835,1162
pre_xy_13638,chr5,83076660,83078147,1487
pre_xy_13639,chr5,83470959,83471911,952
pre_xy_13640,chr5,83472414,83474815,2401
pre_xy_13641,chr5,83720831,83722692,1861
pre_xy_13642,chr5,84381937,84383368,1431
pre_xy_13643,chr5,84383541,84385176,1635
pre_xy_13644,chr5,86617287,86618877,1590
pre_xy_13645,chr5,87267106,87268988,1882
pre_xy_13646,chr5,87411845,87413387,1542
pre_xy_13647,chr5,88140559,88141959,1400
pre_xy_13648,chr5,88268200,88269593,1393
pre_xy_13649,chr5,88659684,88661409,1725
pre_xy_13650,chr5,88674124,88676216,2092
pre_xy_13651,chr5,88784696,88786595,1899
pre_xy_13652,chr5,88882250,88884686,2436
pre_xy_13653,chr5,88888958,88890123,1165
pre_xy_13654,chr5,90408735,90410597,1862
pre_xy_13655,chr5,90473294,90475250,1956
pre_xy_13656,chr5,90528521,90530533,2012
pre_xy_13657,chr5,90557700,90559192,1492
pre_xy_13658,chr5,91279396,91281034,1638
pre_xy_13659,chr5,91379819,91381244,1425
pre_xy_13660,chr5,91383157,91383825,668
pre_xy_13661,chr5,93572021,93573478,1457
pre_xy_13662,chr5,93579633,93580713,1080
pre_xy_13663,chr5,93580844,93582182,1338
pre_xy_13664,chr5,93583940,93585397,1457
pre_xy_13665,chr5,93620354,93621815,1461
pre_xy_13666,chr5,94110853,94112013,1160
pre_xy_13667,chr5,94617650,94619326,1676
pre_xy_13668,chr5,95283668,95285648,1980
pre_xy_13669,chr5,95554308,95555663,1355
pre_xy_13670,chr5,95619754,95621698,1944
pre_xy_13671,chr5,95646267,95647422,1155
pre_xy_13672,chr5,95730384,95732418,2034
pre_xy_13673,chr5,95821755,95823119,1364
pre_xy_13674,chr5,95858098,95859205,1107
pre_xy_13675,chr5,95959985,95962452,2467
pre_xy_13676,chr5,96661137,96663549,2412
pre_xy_13677,chr5,96702310,96703830,1520
pre_xy_13678,chr5,96806981,96808617,1636
pre_xy_13679,chr5,96934234,96936965,2731
pre_xy_13680,chr5,97182650,97184009,1359
pre_xy_13681,chr5,98768859,98769695,836
pre_xy_13682,chr5,98772929,98774888,1959
pre_xy_13683,chr5,98927200,98929872,2672
pre_xy_13684,chr5,100534661,100536058,1397
pre_xy_13685,chr5,100902621,100903720,1099
pre_xy_13686,chr5,102294952,102296834,1882
pre_xy_13687,chr5,102754229,102756308,2079
pre_xy_13688,chr5,102864964,102866753,1789
pre_xy_13689,chr5,103119232,103121101,1869
pre_xy_13690,chr5,103258194,103260076,1882
pre_xy_13691,chr5,103561637,103563221,1584
pre_xy_13692,chr5,107669130,107673072,3942
pre_xy_13693,chr5,107673288,107673940,652
pre_xy_13694,chr5,107808400,107809113,713
pre_xy_13695,chr5,108380345,108382729,2384
pre_xy_13696,chr5,108727249,108728786,1537
pre_xy_13697,chr5,108747600,108749650,2050
pre_xy_13698,chr5,109408869,109411055,2186
pre_xy_13699,chr5,109484525,109485301,776
pre_xy_13700,chr5,109688717,109691322,2605
pre_xy_13701,chr5,110738118,110739643,1525
pre_xy_13702,chr5,111091941,111092935,994
pre_xy_13703,chr5,111223399,111224951,1552
pre_xy_13704,chr5,111511545,111513338,1793
pre_xy_13705,chr5,111756616,111758372,1756
pre_xy_13706,chr5,112160190,112161711,1521
pre_xy_13707,chr5,112417882,112420624,2742
pre_xy_13708,chr5,112707005,112708477,1472
pre_xy_13709,chr5,112737121,112738609,1488
pre_xy_13710,chr5,112860677,112861687,1010
pre_xy_13711,chr5,112920825,112922559,1734
pre_xy_13712,chr5,112976012,112977827,1815
pre_xy_13713,chr5,113292968,113295457,2489
pre_xy_13714,chr5,113487258,113489110,1852
pre_xy_13715,chr5,113513077,113514651,1574
pre_xy_13716,chr5,114054214,114056741,2527
pre_xy_13717,chr5,114360731,114363185,2454
pre_xy_13718,chr5,115169028,115170889,1861
pre_xy_13719,chr5,115178857,115180699,1842
pre_xy_13720,chr5,115261698,115263190,1492
pre_xy_13721,chr5,115295729,115297312,1583
pre_xy_13722,chr5,115543367,115545173,1806
pre_xy_13723,chr5,115601628,115603068,1440
pre_xy_13724,chr5,115625420,115626659,1239
pre_xy_13725,chr5,115815465,115817078,1613
pre_xy_13726,chr5,115841057,115842672,1615
pre_xy_13727,chr5,115962288,115963351,1063
pre_xy_13728,chr5,116084109,116085586,1477
pre_xy_13729,chr5,116571954,116574300,2346
pre_xy_13730,chr5,116574519,116576584,2065
pre_xy_13731,chr5,118987789,118989015,1226
pre_xy_13732,chr5,119070145,119071845,1700
pre_xy_13733,chr5,119267797,119269455,1658
pre_xy_13734,chr5,119354961,119356909,1948
pre_xy_13735,chr5,119451969,119453364,1395
pre_xy_13736,chr5,120463840,120465899,2059
pre_xy_13737,chr5,121961032,121962524,1492
pre_xy_13738,chr5,122076678,122078815,2137
pre_xy_13739,chr5,122311020,122313374,2354
pre_xy_13740,chr5,122774471,122776070,1599
pre_xy_13741,chr5,122844518,122846366,1848
pre_xy_13742,chr5,123035355,123037231,1876
pre_xy_13743,chr5,123088049,123090641,2592
pre_xy_13744,chr5,123098353,123100160,1807
pre_xy_13745,chr5,123422381,123424029,1648
pre_xy_13746,chr5,123511475,123513488,2013
pre_xy_13747,chr5,124650776,124652601,1825
pre_xy_13748,chr5,124746405,124749438,3033
pre_xy_13749,chr5,125409190,125413241,4051
pre_xy_13750,chr5,125559024,125559708,684
pre_xy_13751,chr5,126422665,126423895,1230
pre_xy_13752,chr5,126519286,126520724,1438
pre_xy_13753,chr5,126594416,126595666,1250
pre_xy_13754,chr5,126600353,126601531,1178
pre_xy_13755,chr5,126776389,126778731,2342
pre_xy_13756,chr5,127029475,127031369,1894
pre_xy_13757,chr5,127289750,127291641,1891
pre_xy_13758,chr5,127517042,127518487,1445
pre_xy_13759,chr5,128082559,128085089,2530
pre_xy_13760,chr5,128536750,128539388,2638
pre_xy_13761,chr5,128964774,128966578,1804
pre_xy_13762,chr5,129094033,129095748,1715
pre_xy_13763,chr5,129377256,129378132,876
pre_xy_13764,chr5,129459467,129461876,2409
pre_xy_13765,chr5,129903657,129906815,3158
pre_xy_13766,chr5,131164283,131165709,1426
pre_xy_13767,chr5,131170253,131171650,1397
pre_xy_13768,chr5,131262964,131264886,1922
pre_xy_13769,chr5,131634366,131636284,1918
pre_xy_13770,chr5,131795846,131797765,1919
pre_xy_13771,chr5,132224872,132225872,1000
pre_xy_13772,chr5,132227020,132228386,1366
pre_xy_13773,chr5,132257039,132258119,1080
pre_xy_13774,chr5,132258477,132259978,1501
pre_xy_13775,chr5,132293004,132294950,1946
pre_xy_13776,chr5,132369061,132370503,1442
pre_xy_13777,chr5,132410114,132411617,1503
pre_xy_13778,chr5,132489628,132491316,1688
pre_xy_13779,chr5,132495330,132497356,2026
pre_xy_13780,chr5,132556412,132557772,1360
pre_xy_13781,chr5,132736741,132737969,1228
pre_xy_13782,chr5,132746889,132748350,1461
pre_xy_13783,chr5,132775984,132777953,1969
pre_xy_13784,chr5,132812874,132814820,1946
pre_xy_13785,chr5,132822697,132823656,959
pre_xy_13786,chr5,132829548,132831013,1465
pre_xy_13787,chr5,132865747,132867345,1598
pre_xy_13788,chr5,132961982,132964154,2172
pre_xy_13789,chr5,133025601,133026997,1396
pre_xy_13790,chr5,133051143,133052976,1833
pre_xy_13791,chr5,133610751,133612856,2105
pre_xy_13792,chr5,133938177,133939445,1268
pre_xy_13793,chr5,133967709,133969004,1295
pre_xy_13794,chr5,134003701,134006015,2314
pre_xy_13795,chr5,134113917,134115981,2064
pre_xy_13796,chr5,134175853,134178078,2225
pre_xy_13797,chr5,134224898,134227061,2163
pre_xy_13798,chr5,134366678,134367368,690
pre_xy_13799,chr5,134370550,134372358,1808
pre_xy_13800,chr5,134411349,134413484,2135
pre_xy_13801,chr5,134465338,134467044,1706
pre_xy_13802,chr5,134524028,134527852,3824
pre_xy_13803,chr5,134632082,134633224,1142
pre_xy_13804,chr5,134647833,134649631,1798
pre_xy_13805,chr5,134737495,134739670,2175
pre_xy_13806,chr5,134758137,134759306,1169
pre_xy_13807,chr5,134845212,134846918,1706
pre_xy_13808,chr5,134873773,134875546,1773
pre_xy_13809,chr5,134904315,134905957,1642
pre_xy_13810,chr5,135032897,135034944,2047
pre_xy_13811,chr5,135039118,135041170,2052
pre_xy_13812,chr5,135190440,135191786,1346
pre_xy_13813,chr5,135398141,135400180,2039
pre_xy_13814,chr5,135465796,135467120,1324
pre_xy_13815,chr5,135534560,135536455,1895
pre_xy_13816,chr5,135578265,135579418,1153
pre_xy_13817,chr5,135834267,135835487,1220
pre_xy_13818,chr5,135929853,135931193,1340
pre_xy_13819,chr5,136028589,136029533,944
pre_xy_13820,chr5,136132075,136134194,2119
pre_xy_13821,chr5,136191677,136193621,1944
pre_xy_13822,chr5,137498203,137499517,1314
pre_xy_13823,chr5,137734652,137736297,1645
pre_xy_13824,chr5,137752886,137755322,2436
pre_xy_13825,chr5,137887837,137889838,2001
pre_xy_13826,chr5,138032111,138033650,1539
pre_xy_13827,chr5,138177718,138179275,1557
pre_xy_13828,chr5,138212801,138214082,1281
pre_xy_13829,chr5,138241460,138242749,1289
pre_xy_13830,chr5,138273495,138274860,1365
pre_xy_13831,chr5,138275144,138275973,829
pre_xy_13832,chr5,138331076,138332287,1211
pre_xy_13833,chr5,138337151,138339417,2266
pre_xy_13834,chr5,138352249,138354017,1768
pre_xy_13835,chr5,138438394,138440350,1956
pre_xy_13836,chr5,138449416,138450348,932
pre_xy_13837,chr5,138463382,138465926,2544
pre_xy_13838,chr5,138467812,138468498,686
pre_xy_13839,chr5,138468552,138468909,357
pre_xy_13840,chr5,138469141,138471099,1958
pre_xy_13841,chr5,138491293,138493308,2015
pre_xy_13842,chr5,138542072,138543994,1922
pre_xy_13843,chr5,138574857,138576144,1287
pre_xy_13844,chr5,138610401,138611888,1487
pre_xy_13845,chr5,138730503,138731630,1127
pre_xy_13846,chr5,138752299,138754462,2163
pre_xy_13847,chr5,139197464,139198677,1213
pre_xy_13848,chr5,139273113,139274484,1371
pre_xy_13849,chr5,139293236,139294879,1643
pre_xy_13850,chr5,139341247,139342685,1438
pre_xy_13851,chr5,139391921,139393552,1631
pre_xy_13852,chr5,139393737,139395441,1704
pre_xy_13853,chr5,139403311,139404474,1163
pre_xy_13854,chr5,139438535,139439840,1305
pre_xy_13855,chr5,139517421,139518546,1125
pre_xy_13856,chr5,139560632,139562294,1662
pre_xy_13857,chr5,139637095,139638647,1552
pre_xy_13858,chr5,139648026,139649899,1873
pre_xy_13859,chr5,139650821,139652522,1701
pre_xy_13860,chr5,139667566,139668864,1298
pre_xy_13861,chr5,139669596,139670865,1269
pre_xy_13862,chr5,139689542,139690970,1428
pre_xy_13863,chr5,139696490,139699092,2602
pre_xy_13864,chr5,139708937,139712065,3128
pre_xy_13865,chr5,139745762,139748239,2477
pre_xy_13866,chr5,139765194,139766173,979
pre_xy_13867,chr5,139787086,139789080,1994
pre_xy_13868,chr5,139847772,139848891,1119
pre_xy_13869,chr5,139903392,139905616,2224
pre_xy_13870,chr5,139968149,139969146,997
pre_xy_13871,chr5,140041544,140043908,2364
pre_xy_13872,chr5,140106966,140108631,1665
pre_xy_13873,chr5,140112984,140115139,2155
pre_xy_13874,chr5,140145519,140146607,1088
pre_xy_13875,chr5,140156775,140157907,1132
pre_xy_13876,chr5,140174475,140176081,1606
pre_xy_13877,chr5,140302422,140303663,1241
pre_xy_13878,chr5,140345669,140347212,1543
pre_xy_13879,chr5,140357279,140358066,787
pre_xy_13880,chr5,140400485,140402859,2374
pre_xy_13881,chr5,140547025,140548440,1415
pre_xy_13882,chr5,140556745,140557858,1113
pre_xy_13883,chr5,140563674,140565147,1473
pre_xy_13884,chr5,140631225,140633550,2325
pre_xy_13885,chr5,140638746,140640033,1287
pre_xy_13886,chr5,140646928,140648338,1410
pre_xy_13887,chr5,140664044,140665216,1172
pre_xy_13888,chr5,140690559,140691836,1277
pre_xy_13889,chr5,140699920,140700997,1077
pre_xy_13890,chr5,140925841,140927190,1349
pre_xy_13891,chr5,140965875,140967554,1679
pre_xy_13892,chr5,141319933,141321254,1321
pre_xy_13893,chr5,141475438,141477219,1781
pre_xy_13894,chr5,141483913,141485624,1711
pre_xy_13895,chr5,141494520,141496480,1960
pre_xy_13896,chr5,141507383,141509351,1968
pre_xy_13897,chr5,141512188,141514615,2427
pre_xy_13898,chr5,141524303,141525591,1288
pre_xy_13899,chr5,141557483,141558599,1116
pre_xy_13900,chr5,141560386,141561155,769
pre_xy_13901,chr5,141617727,141619429,1702
pre_xy_13902,chr5,141636026,141638373,2347
pre_xy_13903,chr5,141650733,141651698,965
pre_xy_13904,chr5,141681596,141683390,1794
pre_xy_13905,chr5,141701310,141703270,1960
pre_xy_13906,chr5,141848641,141850657,2016
pre_xy_13907,chr5,141877580,141879546,1966
pre_xy_13908,chr5,141913370,141914662,1292
pre_xy_13909,chr5,141923129,141924306,1177
pre_xy_13910,chr5,141968568,141969853,1285
pre_xy_13911,chr5,142012040,142013426,1386
pre_xy_13912,chr5,142024427,142025640,1213
pre_xy_13913,chr5,142108307,142110546,2239
pre_xy_13914,chr5,142323988,142326659,2671
pre_xy_13915,chr5,142356000,142357665,1665
pre_xy_13916,chr5,142712794,142713719,925
pre_xy_13917,chr5,142769276,142771646,2370
pre_xy_13918,chr5,142825009,142826047,1038
pre_xy_13919,chr5,142899352,142900643,1291
pre_xy_13920,chr5,143402463,143405737,3274
pre_xy_13921,chr5,143914302,143915710,1408
pre_xy_13922,chr5,144169919,144171209,1290
pre_xy_13923,chr5,145834646,145836024,1378
pre_xy_13924,chr5,145936221,145937687,1466
pre_xy_13925,chr5,146181918,146183240,1322
pre_xy_13926,chr5,146202902,146204130,1228
pre_xy_13927,chr5,146446663,146447912,1249
pre_xy_13928,chr5,146877595,146879097,1502
pre_xy_13929,chr5,147234013,147235261,1248
pre_xy_13930,chr5,147451948,147454795,2847
pre_xy_13931,chr5,147508816,147510460,1644
pre_xy_13932,chr5,147782024,147783015,991
pre_xy_13933,chr5,148383069,148384762,1693
pre_xy_13934,chr5,148825643,148827030,1387
pre_xy_13935,chr5,149141106,149142313,1207
pre_xy_13936,chr5,149271223,149272622,1399
pre_xy_13937,chr5,149320440,149321394,954
pre_xy_13938,chr5,149344695,149346067,1372
pre_xy_13939,chr5,149357342,149358674,1332
pre_xy_13940,chr5,149422023,149423481,1458
pre_xy_13941,chr5,149442199,149443193,994
pre_xy_13942,chr5,149550692,149552049,1357
pre_xy_13943,chr5,149580784,149582497,1713
pre_xy_13944,chr5,149729872,149732348,2476
pre_xy_13945,chr5,149960118,149961260,1142
pre_xy_13946,chr5,149999911,150002040,2129
pre_xy_13947,chr5,150143425,150145004,1579
pre_xy_13948,chr5,150155340,150156217,877
pre_xy_13949,chr5,150301960,150303463,1503
pre_xy_13950,chr5,150356997,150358353,1356
pre_xy_13951,chr5,150409769,150410983,1214
pre_xy_13952,chr5,150412253,150413151,898
pre_xy_13953,chr5,150448852,150450226,1374
pre_xy_13954,chr5,150458548,150459402,854
pre_xy_13955,chr5,150485168,150487160,1992
pre_xy_13956,chr5,150656076,150657150,1074
pre_xy_13957,chr5,150671515,150672877,1362
pre_xy_13958,chr5,150700144,150701511,1367
pre_xy_13959,chr5,150757932,150759338,1406
pre_xy_13960,chr5,150777859,150779448,1589
pre_xy_13961,chr5,150800755,150801885,1130
pre_xy_13962,chr5,150904283,150905402,1119
pre_xy_13963,chr5,150945888,150946986,1098
pre_xy_13964,chr5,151020143,151021162,1019
pre_xy_13965,chr5,151080015,151081799,1784
pre_xy_13966,chr5,151155505,151156715,1210
pre_xy_13967,chr5,151156944,151158655,1711
pre_xy_13968,chr5,151222779,151224293,1514
pre_xy_13969,chr5,151234002,151235334,1332
pre_xy_13970,chr5,151252214,151253629,1415
pre_xy_13971,chr5,151446773,151448552,1779
pre_xy_13972,chr5,151684597,151685488,891
pre_xy_13973,chr5,151686181,151687291,1110
pre_xy_13974,chr5,151739447,151741111,1664
pre_xy_13975,chr5,151757544,151759192,1648
pre_xy_13976,chr5,151770345,151773072,2727
pre_xy_13977,chr5,154038110,154039310,1200
pre_xy_13978,chr5,154189315,154191035,1720
pre_xy_13979,chr5,154404735,154405689,954
pre_xy_13980,chr5,154444843,154447366,2523
pre_xy_13981,chr5,154477375,154478537,1162
pre_xy_13982,chr5,154682118,154683302,1184
pre_xy_13983,chr5,154754497,154757447,2950
pre_xy_13984,chr5,154849678,154851179,1501
pre_xy_13985,chr5,154857086,154858941,1855
pre_xy_13986,chr5,154937452,154938464,1012
pre_xy_13987,chr5,154940554,154941458,904
pre_xy_13988,chr5,155727619,155730035,2416
pre_xy_13989,chr5,156686328,156687905,1577
pre_xy_13990,chr5,157142131,157143923,1792
pre_xy_13991,chr5,157265529,157266840,1311
pre_xy_13992,chr5,157574943,157576426,1483
pre_xy_13993,chr5,157670481,157671919,1438
pre_xy_13994,chr5,157731042,157732153,1111
pre_xy_13995,chr5,157743120,157745200,2080
pre_xy_13996,chr5,157858022,157859362,1340
pre_xy_13997,chr5,159099688,159100837,1149
pre_xy_13998,chr5,159207503,159209953,2450
pre_xy_13999,chr5,159262394,159263747,1353
pre_xy_14000,chr5,159915814,159917040,1226
pre_xy_14001,chr5,159986808,159987747,939
pre_xy_14002,chr5,160008420,160010043,1623
pre_xy_14003,chr5,160118341,160120146,1805
pre_xy_14004,chr5,160260390,160261778,1388
pre_xy_14005,chr5,160311500,160313076,1576
pre_xy_14006,chr5,160399326,160400459,1133
pre_xy_14007,chr5,160418468,160419600,1132
pre_xy_14008,chr5,160421521,160422210,689
pre_xy_14009,chr5,161546171,161548442,2271
pre_xy_14010,chr5,163436679,163438193,1514
pre_xy_14011,chr5,163459417,163461856,2439
pre_xy_14012,chr5,163505122,163506069,947
pre_xy_14013,chr5,166978051,166979670,1619
pre_xy_14014,chr5,167573032,167574124,1092
pre_xy_14015,chr5,167945221,167946445,1224
pre_xy_14016,chr5,168268714,168270324,1610
pre_xy_14017,chr5,168291146,168292759,1613
pre_xy_14018,chr5,168486000,168487268,1268
pre_xy_14019,chr5,168528397,168530246,1849
pre_xy_14020,chr5,168578629,168580103,1474
pre_xy_14021,chr5,169299745,169301422,1677
pre_xy_14022,chr5,169583127,169584509,1382
pre_xy_14023,chr5,170503460,170504516,1056
pre_xy_14024,chr5,170552266,170553228,962
pre_xy_14025,chr5,170632756,170634044,1288
pre_xy_14026,chr5,170861479,170862957,1478
pre_xy_14027,chr5,171386984,171388843,1859
pre_xy_14028,chr5,171418471,171421309,2838
pre_xy_14029,chr5,172005509,172007529,2020
pre_xy_14030,chr5,172110407,172112402,1995
pre_xy_14031,chr5,172186886,172188978,2092
pre_xy_14032,chr5,172282823,172284660,1837
pre_xy_14033,chr5,172452648,172455122,2474
pre_xy_14034,chr5,172640739,172642336,1597
pre_xy_14035,chr5,172683135,172684358,1223
pre_xy_14036,chr5,172696462,172697973,1511
pre_xy_14037,chr5,172699917,172701269,1352
pre_xy_14038,chr5,172765001,172765925,924
pre_xy_14039,chr5,172766208,172766972,764
pre_xy_14040,chr5,172770417,172772849,2432
pre_xy_14041,chr5,172833588,172835292,1704
pre_xy_14042,chr5,172902154,172903449,1295
pre_xy_14043,chr5,172958289,172960091,1802
pre_xy_14044,chr5,172983195,172984809,1614
pre_xy_14045,chr5,173055715,173057823,2108
pre_xy_14046,chr5,173144107,173145261,1154
pre_xy_14047,chr5,173283358,173284166,808
pre_xy_14048,chr5,173498129,173499516,1387
pre_xy_14049,chr5,173615734,173617149,1415
pre_xy_14050,chr5,173887385,173888501,1116
pre_xy_14051,chr5,173917447,173918779,1332
pre_xy_14052,chr5,173972645,173973983,1338
pre_xy_14053,chr5,174044217,174045880,1663
pre_xy_14054,chr5,174311323,174312526,1203
pre_xy_14055,chr5,174723880,174725353,1473
pre_xy_14056,chr5,174750734,174752088,1354
pre_xy_14057,chr5,175443540,175445054,1514
pre_xy_14058,chr5,175477985,175479738,1753
pre_xy_14059,chr5,175533848,175534660,812
pre_xy_14060,chr5,175657502,175658833,1331
pre_xy_14061,chr5,175728857,175730254,1397
pre_xy_14062,chr5,175796402,175798088,1686
pre_xy_14063,chr5,175871148,175872423,1275
pre_xy_14064,chr5,176131551,176135108,3557
pre_xy_14065,chr5,176179934,176181774,1840
pre_xy_14066,chr5,176198705,176200420,1715
pre_xy_14067,chr5,176360923,176362086,1163
pre_xy_14068,chr5,176365064,176366546,1482
pre_xy_14069,chr5,176387995,176389551,1556
pre_xy_14070,chr5,176415683,176416880,1197
pre_xy_14071,chr5,176447065,176449328,2263
pre_xy_14072,chr5,176535444,176538238,2794
pre_xy_14073,chr5,176542357,176544209,1852
pre_xy_14074,chr5,176596465,176597650,1185
pre_xy_14075,chr5,176609159,176610464,1305
pre_xy_14076,chr5,176618949,176620788,1839
pre_xy_14077,chr5,176629793,176631075,1282
pre_xy_14078,chr5,176646763,176648840,2077
pre_xy_14079,chr5,176742984,176743816,832
pre_xy_14080,chr5,176809355,176811438,2083
pre_xy_14081,chr5,176816791,176818371,1580
pre_xy_14082,chr5,177005533,177007158,1625
pre_xy_14083,chr5,177021929,177023663,1734
pre_xy_14084,chr5,177086201,177087543,1342
pre_xy_14085,chr5,177116472,177117256,784
pre_xy_14086,chr5,177131701,177134714,3013
pre_xy_14087,chr5,177302865,177304606,1741
pre_xy_14088,chr5,177311304,177312762,1458
pre_xy_14089,chr5,177351086,177352333,1247
pre_xy_14090,chr5,177362610,177363465,855
pre_xy_14091,chr5,177366224,177367588,1364
pre_xy_14092,chr5,177370463,177371155,692
pre_xy_14093,chr5,177403362,177404841,1479
pre_xy_14094,chr5,177425382,177427664,2282
pre_xy_14095,chr5,177445930,177448153,2223
pre_xy_14096,chr5,177453919,177456663,2744
pre_xy_14097,chr5,177457284,177457973,689
pre_xy_14098,chr5,177472412,177474146,1734
pre_xy_14099,chr5,177496140,177498755,2615
pre_xy_14100,chr5,177516293,177517605,1312
pre_xy_14101,chr5,177552958,177554856,1898
pre_xy_14102,chr5,177591647,177592793,1146
pre_xy_14103,chr5,177599100,177600872,1772
pre_xy_14104,chr5,178113111,178114814,1703
pre_xy_14105,chr5,178130165,178131474,1309
pre_xy_14106,chr5,178153098,178154450,1352
pre_xy_14107,chr5,178203881,178205590,1709
pre_xy_14108,chr5,178231735,178233135,1400
pre_xy_14109,chr5,178589538,178591040,1502
pre_xy_14110,chr5,178625742,178627574,1832
pre_xy_14111,chr5,178729746,178731018,1272
pre_xy_14112,chr5,178859522,178860551,1029
pre_xy_14113,chr5,178895456,178896584,1128
pre_xy_14114,chr5,178940388,178941782,1394
pre_xy_14115,chr5,179023142,179024284,1142
pre_xy_14116,chr5,179059800,179060954,1154
pre_xy_14117,chr5,179343694,179345837,2143
pre_xy_14118,chr5,179549858,179551403,1545
pre_xy_14119,chr5,179558919,179560198,1279
pre_xy_14120,chr5,179613200,179614082,882
pre_xy_14121,chr5,179622422,179624642,2220
pre_xy_14122,chr5,179677841,179679415,1574
pre_xy_14123,chr5,179697895,179700195,2300
pre_xy_14124,chr5,179731993,179733742,1749
pre_xy_14125,chr5,179795015,179796754,1739
pre_xy_14126,chr5,179805350,179807568,2218
pre_xy_14127,chr5,179818636,179819729,1093
pre_xy_14128,chr5,179820162,179821964,1802
pre_xy_14129,chr5,179858047,179859469,1422
pre_xy_14130,chr5,179906530,179908254,1724
pre_xy_14131,chr5,180070831,180072345,1514
pre_xy_14132,chr5,180089836,180090799,963
pre_xy_14133,chr5,180207504,180209474,1970
pre_xy_14134,chr5,180291172,180293778,2606
pre_xy_14135,chr5,180352078,180354320,2242
pre_xy_14136,chr5,180493880,180495260,1380
pre_xy_14137,chr5,180589665,180591906,2241
pre_xy_14138,chr5,180618451,180619618,1167
pre_xy_14139,chr5,180648534,180650395,1861
pre_xy_14140,chr5,180801870,180804034,2164
pre_xy_14141,chr5,180809412,180811216,1804
pre_xy_14142,chr5,180830681,180832034,1353
pre_xy_14143,chr5,180860361,180861903,1542
pre_xy_14144,chr5,181187999,181189658,1659
pre_xy_14145,chr5,181189842,181192263,2421
pre_xy_14146,chr5,181203865,181205487,1622
pre_xy_14147,chr5,181205705,181207942,2237
pre_xy_14148,chr5,181216954,181218511,1557
pre_xy_14149,chr5,181221728,181224123,2395
pre_xy_14150,chr5,181243234,181244590,1356
pre_xy_14151,chr5,181245727,181247149,1422
pre_xy_14152,chr5,181260470,181262304,1834
pre_xy_14153,chr6,291522,293565,2043
pre_xy_14154,chr6,390871,393804,2933
pre_xy_14155,chr6,692253,693593,1340
pre_xy_14156,chr6,1389104,1391179,2075
pre_xy_14157,chr6,1603955,1605180,1225
pre_xy_14158,chr6,1609003,1611047,2044
pre_xy_14159,chr6,1614729,1615580,851
pre_xy_14160,chr6,1623997,1625550,1553
pre_xy_14161,chr6,1903331,1904874,1543
pre_xy_14162,chr6,2244805,2246491,1686
pre_xy_14163,chr6,2633364,2634829,1465
pre_xy_14164,chr6,2764536,2766652,2116
pre_xy_14165,chr6,2840897,2842126,1229
pre_xy_14166,chr6,2875061,2877515,2454
pre_xy_14167,chr6,2901696,2903543,1847
pre_xy_14168,chr6,2925503,2926604,1101
pre_xy_14169,chr6,2952370,2953123,753
pre_xy_14170,chr6,2970002,2972199,2197
pre_xy_14171,chr6,2988181,2990216,2035
pre_xy_14172,chr6,2990270,2991148,878
pre_xy_14173,chr6,2998366,3000495,2129
pre_xy_14174,chr6,3053281,3054557,1276
pre_xy_14175,chr6,3063403,3064588,1185
pre_xy_14176,chr6,3068100,3069521,1421
pre_xy_14177,chr6,3117874,3119376,1502
pre_xy_14178,chr6,3156257,3158428,2171
pre_xy_14179,chr6,3162349,3163362,1013
pre_xy_14180,chr6,3226710,3228647,1937
pre_xy_14181,chr6,3230908,3232267,1359
pre_xy_14182,chr6,3247111,3248175,1064
pre_xy_14183,chr6,3258381,3259924,1543
pre_xy_14184,chr6,3355273,3357323,2050
pre_xy_14185,chr6,3455159,3458046,2887
pre_xy_14186,chr6,3612177,3613046,869
pre_xy_14187,chr6,3749783,3752625,2842
pre_xy_14188,chr6,3848624,3850264,1640
pre_xy_14189,chr6,4017876,4018913,1037
pre_xy_14190,chr6,4020892,4022060,1168
pre_xy_14191,chr6,4134879,4136369,1490
pre_xy_14192,chr6,4280379,4282388,2009
pre_xy_14193,chr6,4774703,4777295,2592
pre_xy_14194,chr6,5003195,5004570,1375
pre_xy_14195,chr6,5025695,5026848,1153
pre_xy_14196,chr6,5084202,5086678,2476
pre_xy_14197,chr6,5213916,5215363,1447
pre_xy_14198,chr6,5259934,5261787,1853
pre_xy_14199,chr6,5850627,5851742,1115
pre_xy_14200,chr6,5995770,5997267,1497
pre_xy_14201,chr6,6008356,6009394,1038
pre_xy_14202,chr6,6546029,6547429,1400
pre_xy_14203,chr6,6723641,6725346,1705
pre_xy_14204,chr6,7050902,7053012,2110
pre_xy_14205,chr6,7106613,7109796,3183
pre_xy_14206,chr6,7140608,7141574,966
pre_xy_14207,chr6,7220498,7221184,686
pre_xy_14208,chr6,7260446,7262315,1869
pre_xy_14209,chr6,7311996,7313531,1535
pre_xy_14210,chr6,7388845,7390486,1641
pre_xy_14211,chr6,7541111,7543342,2231
pre_xy_14212,chr6,7589763,7591166,1403
pre_xy_14213,chr6,7725572,7728762,3190
pre_xy_14214,chr6,7909311,7911222,1911
pre_xy_14215,chr6,8063593,8064719,1126
pre_xy_14216,chr6,8101716,8102858,1142
pre_xy_14217,chr6,8434777,8436130,1353
pre_xy_14218,chr6,10403631,10405050,1419
pre_xy_14219,chr6,10411508,10413155,1647
pre_xy_14220,chr6,10693719,10695269,1550
pre_xy_14221,chr6,10719611,10721849,2238
pre_xy_14222,chr6,10722393,10723640,1247
pre_xy_14223,chr6,10746950,10748173,1223
pre_xy_14224,chr6,10837065,10838981,1916
pre_xy_14225,chr6,10886381,10887561,1180
pre_xy_14226,chr6,11042945,11044963,2018
pre_xy_14227,chr6,11092958,11094769,1811
pre_xy_14228,chr6,11231627,11233467,1840
pre_xy_14229,chr6,11269816,11270838,1022
pre_xy_14230,chr6,11474933,11475525,592
pre_xy_14231,chr6,11536852,11538769,1917
pre_xy_14232,chr6,12008355,12009329,974
pre_xy_14233,chr6,12010730,12013419,2689
pre_xy_14234,chr6,12289323,12290606,1283
pre_xy_14235,chr6,13013088,13015146,2058
pre_xy_14236,chr6,13327629,13328946,1317
pre_xy_14237,chr6,13485975,13488598,2623
pre_xy_14238,chr6,13573750,13575452,1702
pre_xy_14239,chr6,13614420,13616089,1669
pre_xy_14240,chr6,13710205,13712500,2295
pre_xy_14241,chr6,13813416,13814854,1438
pre_xy_14242,chr6,13873191,13874187,996
pre_xy_14243,chr6,13923878,13925744,1866
pre_xy_14244,chr6,14117082,14118310,1228
pre_xy_14245,chr6,14210568,14212004,1436
pre_xy_14246,chr6,14670130,14671938,1808
pre_xy_14247,chr6,15088800,15090708,1908
pre_xy_14248,chr6,15244466,15246111,1645
pre_xy_14249,chr6,15247880,15249303,1423
pre_xy_14250,chr6,15504006,15505517,1511
pre_xy_14251,chr6,15661870,15663259,1389
pre_xy_14252,chr6,16128512,16130182,1670
pre_xy_14253,chr6,16237969,16239938,1969
pre_xy_14254,chr6,16331158,16332451,1293
pre_xy_14255,chr6,16759195,16762939,3744
pre_xy_14256,chr6,16803136,16804199,1063
pre_xy_14257,chr6,17101387,17102421,1034
pre_xy_14258,chr6,17280272,17282446,2174
pre_xy_14259,chr6,17393055,17394580,1525
pre_xy_14260,chr6,17580088,17581825,1737
pre_xy_14261,chr6,17599767,17601304,1537
pre_xy_14262,chr6,17705368,17707235,1867
pre_xy_14263,chr6,17986669,17988503,1834
pre_xy_14264,chr6,18122002,18122932,930
pre_xy_14265,chr6,18154470,18156366,1896
pre_xy_14266,chr6,18263525,18265232,1707
pre_xy_14267,chr6,18386872,18387967,1095
pre_xy_14268,chr6,19691264,19692800,1536
pre_xy_14269,chr6,19803271,19805474,2203
pre_xy_14270,chr6,19836605,19839276,2671
pre_xy_14271,chr6,20211576,20213042,1466
pre_xy_14272,chr6,20400570,20404303,3733
pre_xy_14273,chr6,20533819,20535208,1389
pre_xy_14274,chr6,21478525,21479864,1339
pre_xy_14275,chr6,21586814,21589531,2717
pre_xy_14276,chr6,21593238,21595675,2437
pre_xy_14277,chr6,21664118,21667643,3525
pre_xy_14278,chr6,24359603,24360397,794
pre_xy_14279,chr6,24402552,24403762,1210
pre_xy_14280,chr6,24494338,24495824,1486
pre_xy_14281,chr6,24645449,24646650,1201
pre_xy_14282,chr6,24665962,24667599,1637
pre_xy_14283,chr6,24720058,24722016,1958
pre_xy_14284,chr6,24774400,24775945,1545
pre_xy_14285,chr6,24910215,24911580,1365
pre_xy_14286,chr6,25278439,25280897,2458
pre_xy_14287,chr6,25991665,25993250,1585
pre_xy_14288,chr6,26017371,26017976,605
pre_xy_14289,chr6,26020086,26022386,2300
pre_xy_14290,chr6,26026084,26027573,1489
pre_xy_14291,chr6,26031658,26034294,2636
pre_xy_14292,chr6,26042937,26045773,2836
pre_xy_14293,chr6,26054308,26057162,2854
pre_xy_14294,chr6,26103095,26104861,1766
pre_xy_14295,chr6,26122467,26124650,2183
pre_xy_14296,chr6,26125494,26126447,953
pre_xy_14297,chr6,26156141,26159062,2921
pre_xy_14298,chr6,26171392,26173001,1609
pre_xy_14299,chr6,26182900,26184233,1333
pre_xy_14300,chr6,26188002,26189485,1483
pre_xy_14301,chr6,26195296,26195818,522
pre_xy_14302,chr6,26196758,26197637,879
pre_xy_14303,chr6,26198782,26199944,1162
pre_xy_14304,chr6,26203926,26206423,2497
pre_xy_14305,chr6,26214903,26217991,3088
pre_xy_14306,chr6,26223068,26226143,3075
pre_xy_14307,chr6,26232641,26235152,2511
pre_xy_14308,chr6,26239866,26241431,1565
pre_xy_14309,chr6,26249498,26251010,1512
pre_xy_14310,chr6,26251302,26252062,760
pre_xy_14311,chr6,26270634,26271788,1154
pre_xy_14312,chr6,26272098,26274196,2098
pre_xy_14313,chr6,26284290,26286658,2368
pre_xy_14314,chr6,26304559,26305678,1119
pre_xy_14315,chr6,26310857,26313658,2801
pre_xy_14316,chr6,26321816,26323189,1373
pre_xy_14317,chr6,26327411,26328614,1203
pre_xy_14318,chr6,26341339,26342239,900
pre_xy_14319,chr6,26363928,26365674,1746
pre_xy_14320,chr6,26382831,26384328,1497
pre_xy_14321,chr6,26401549,26402691,1142
pre_xy_14322,chr6,26420509,26422185,1676
pre_xy_14323,chr6,26457158,26458711,1553
pre_xy_14324,chr6,26473504,26474921,1417
pre_xy_14325,chr6,26520396,26522425,2029
pre_xy_14326,chr6,26532601,26533406,805
pre_xy_14327,chr6,26536604,26538778,2174
pre_xy_14328,chr6,26550229,26550934,705
pre_xy_14329,chr6,26553132,26554457,1325
pre_xy_14330,chr6,26556376,26557015,639
pre_xy_14331,chr6,26568061,26569374,1313
pre_xy_14332,chr6,26571537,26572857,1320
pre_xy_14333,chr6,26596455,26597370,915
pre_xy_14334,chr6,26659147,26660645,1498
pre_xy_14335,chr6,27019042,27020515,1473
pre_xy_14336,chr6,27131421,27134100,2679
pre_xy_14337,chr6,27139013,27140198,1185
pre_xy_14338,chr6,27145350,27147834,2484
pre_xy_14339,chr6,27157140,27158381,1241
pre_xy_14340,chr6,27176643,27178666,2023
pre_xy_14341,chr6,27187443,27189189,1746
pre_xy_14342,chr6,27250532,27252087,1555
pre_xy_14343,chr6,27311902,27313031,1129
pre_xy_14344,chr6,27374304,27376046,1742
pre_xy_14345,chr6,27388069,27389323,1254
pre_xy_14346,chr6,27471960,27473568,1608
pre_xy_14347,chr6,27478233,27480033,1800
pre_xy_14348,chr6,27494932,27496383,1451
pre_xy_14349,chr6,27502376,27504058,1682
pre_xy_14350,chr6,27518311,27519756,1445
pre_xy_14351,chr6,27591540,27593325,1785
pre_xy_14352,chr6,27605045,27606151,1106
pre_xy_14353,chr6,27616922,27618483,1561
pre_xy_14354,chr6,27630460,27631910,1450
pre_xy_14355,chr6,27671942,27672624,682
pre_xy_14356,chr6,27687224,27688580,1356
pre_xy_14357,chr6,27752006,27753577,1571
pre_xy_14358,chr6,27753989,27754372,383
pre_xy_14359,chr6,27791181,27793252,2071
pre_xy_14360,chr6,27806684,27808622,1938
pre_xy_14361,chr6,27809800,27810572,772
pre_xy_14362,chr6,27814511,27815531,1020
pre_xy_14363,chr6,27836747,27839199,2452
pre_xy_14364,chr6,27864451,27865626,1175
pre_xy_14365,chr6,27866027,27867717,1690
pre_xy_14366,chr6,27871678,27873958,2280
pre_xy_14367,chr6,27890282,27891024,742
pre_xy_14368,chr6,27892706,27893875,1169
pre_xy_14369,chr6,27894240,27895765,1525
pre_xy_14370,chr6,27902083,27903631,1548
pre_xy_14371,chr6,28079863,28081653,1790
pre_xy_14372,chr6,28090753,28092804,2051
pre_xy_14373,chr6,28104270,28105621,1351
pre_xy_14374,chr6,28124033,28125032,999
pre_xy_14375,chr6,28136247,28137850,1603
pre_xy_14376,chr6,28141366,28142266,900
pre_xy_14377,chr6,28161303,28162066,763
pre_xy_14378,chr6,28218086,28219143,1057
pre_xy_14379,chr6,28224668,28226045,1377
pre_xy_14380,chr6,28251474,28252897,1423
pre_xy_14381,chr6,28266703,28267738,1035
pre_xy_14382,chr6,28281046,28282137,1091
pre_xy_14383,chr6,28335011,28336840,1829
pre_xy_14384,chr6,28349545,28350479,934
pre_xy_14385,chr6,28355409,28356519,1110
pre_xy_14386,chr6,28382993,28383930,937
pre_xy_14387,chr6,28399161,28400205,1044
pre_xy_14388,chr6,28442625,28443706,1081
pre_xy_14389,chr6,28488741,28490673,1932
pre_xy_14390,chr6,28542319,28544611,2292
pre_xy_14391,chr6,28586278,28587690,1412
pre_xy_14392,chr6,28588777,28590237,1460
pre_xy_14393,chr6,28606309,28608514,2205
pre_xy_14394,chr6,28634336,28636111,1775
pre_xy_14395,chr6,28647949,28649298,1349
pre_xy_14396,chr6,28657073,28659343,2270
pre_xy_14397,chr6,28673501,28674761,1260
pre_xy_14398,chr6,28837328,28839279,1951
pre_xy_14399,chr6,28863525,28864526,1001
pre_xy_14400,chr6,28865444,28867318,1874
pre_xy_14401,chr6,28880488,28881605,1117
pre_xy_14402,chr6,28895310,28897319,2009
pre_xy_14403,chr6,28922387,28924589,2202
pre_xy_14404,chr6,28939970,28941840,1870
pre_xy_14405,chr6,28980738,28982847,2109
pre_xy_14406,chr6,28984633,28985925,1292
pre_xy_14407,chr6,28988378,28989289,911
pre_xy_14408,chr6,29014772,29017395,2623
pre_xy_14409,chr6,29552507,29553979,1472
pre_xy_14410,chr6,29627163,29628961,1798
pre_xy_14411,chr6,29632215,29633791,1576
pre_xy_14412,chr6,29649449,29650377,928
pre_xy_14413,chr6,29748389,29749444,1055
pre_xy_14414,chr6,29941480,29943371,1891
pre_xy_14415,chr6,29964434,29966434,2000
pre_xy_14416,chr6,29976278,29977456,1178
pre_xy_14417,chr6,30060460,30062000,1540
pre_xy_14418,chr6,30066501,30067645,1144
pre_xy_14419,chr6,30071160,30071667,507
pre_xy_14420,chr6,30101535,30102391,856
pre_xy_14421,chr6,30171466,30172572,1106
pre_xy_14422,chr6,30212773,30214681,1908
pre_xy_14423,chr6,30259038,30260567,1529
pre_xy_14424,chr6,30325646,30327482,1836
pre_xy_14425,chr6,30344597,30345767,1170
pre_xy_14426,chr6,30488984,30490389,1405
pre_xy_14427,chr6,30555310,30557672,2362
pre_xy_14428,chr6,30570696,30571909,1213
pre_xy_14429,chr6,30614509,30615609,1100
pre_xy_14430,chr6,30616727,30618144,1417
pre_xy_14431,chr6,30626201,30627343,1142
pre_xy_14432,chr6,30646469,30648075,1606
pre_xy_14433,chr6,30672191,30673313,1122
pre_xy_14434,chr6,30686363,30687740,1377
pre_xy_14435,chr6,30690397,30691273,876
pre_xy_14436,chr6,30716942,30717816,874
pre_xy_14437,chr6,30719737,30720471,734
pre_xy_14438,chr6,30720816,30721767,951
pre_xy_14439,chr6,30741889,30743570,1681
pre_xy_14440,chr6,30743661,30744774,1113
pre_xy_14441,chr6,30882438,30883215,777
pre_xy_14442,chr6,30883699,30886772,3073
pre_xy_14443,chr6,30907346,30908594,1248
pre_xy_14444,chr6,30913558,30915900,2342
pre_xy_14445,chr6,31157649,31159131,1482
pre_xy_14446,chr6,31196807,31198297,1490
pre_xy_14447,chr6,31271018,31272606,1588
pre_xy_14448,chr6,31355975,31357525,1550
pre_xy_14449,chr6,31399386,31400938,1552
pre_xy_14450,chr6,31402792,31404124,1332
pre_xy_14451,chr6,31540996,31542645,1649
pre_xy_14452,chr6,31546168,31547771,1603
pre_xy_14453,chr6,31580585,31581770,1185
pre_xy_14454,chr6,31619689,31621371,1682
pre_xy_14455,chr6,31651629,31653363,1734
pre_xy_14456,chr6,31660254,31660985,731
pre_xy_14457,chr6,31664230,31666489,2259
pre_xy_14458,chr6,31680407,31681679,1272
pre_xy_14459,chr6,31701920,31703644,1724
pre_xy_14460,chr6,31728910,31730501,1591
pre_xy_14461,chr6,31734684,31735929,1245
pre_xy_14462,chr6,31736104,31736680,576
pre_xy_14463,chr6,31739478,31740626,1148
pre_xy_14464,chr6,31794651,31796270,1619
pre_xy_14465,chr6,31805929,31807181,1252
pre_xy_14466,chr6,31814021,31815769,1748
pre_xy_14467,chr6,31817919,31819287,1368
pre_xy_14468,chr6,31821222,31822576,1354
pre_xy_14469,chr6,31826559,31827948,1389
pre_xy_14470,chr6,31830299,31832333,2034
pre_xy_14471,chr6,31834247,31835524,1277
pre_xy_14472,chr6,31862348,31864143,1795
pre_xy_14473,chr6,31896873,31897947,1074
pre_xy_14474,chr6,31901387,31902709,1322
pre_xy_14475,chr6,31958298,31959505,1207
pre_xy_14476,chr6,31971416,31972836,1420
pre_xy_14477,chr6,32086194,32088698,2504
pre_xy_14478,chr6,32095794,32097258,1464
pre_xy_14479,chr6,32107980,32109766,1786
pre_xy_14480,chr6,32127361,32128580,1219
pre_xy_14481,chr6,32129708,32130747,1039
pre_xy_14482,chr6,32139548,32140975,1427
pre_xy_14483,chr6,32152947,32154928,1981
pre_xy_14484,chr6,32175625,32176342,717
pre_xy_14485,chr6,32177080,32178746,1666
pre_xy_14486,chr6,32189177,32190670,1493
pre_xy_14487,chr6,32195069,32197626,2557
pre_xy_14488,chr6,32254436,32256004,1568
pre_xy_14489,chr6,32837715,32839133,1418
pre_xy_14490,chr6,32843545,32844997,1452
pre_xy_14491,chr6,32852637,32854683,2046
pre_xy_14492,chr6,32893700,32895564,1864
pre_xy_14493,chr6,32968082,32970490,2408
pre_xy_14494,chr6,32971508,32972492,984
pre_xy_14495,chr6,33080147,33081149,1002
pre_xy_14496,chr6,33191386,33193796,2410
pre_xy_14497,chr6,33199854,33201371,1517
pre_xy_14498,chr6,33204374,33205035,661
pre_xy_14499,chr6,33207545,33208902,1357
pre_xy_14500,chr6,33212993,33214371,1378
pre_xy_14501,chr6,33247885,33250077,2192
pre_xy_14502,chr6,33271148,33272413,1265
pre_xy_14503,chr6,33276673,33277922,1249
pre_xy_14504,chr6,33288589,33289921,1332
pre_xy_14505,chr6,33297427,33300223,2796
pre_xy_14506,chr6,33312091,33313027,936
pre_xy_14507,chr6,33313186,33315221,2035
pre_xy_14508,chr6,33317337,33318256,919
pre_xy_14509,chr6,33322586,33323856,1270
pre_xy_14510,chr6,33391010,33392256,1246
pre_xy_14511,chr6,33409570,33411414,1844
pre_xy_14512,chr6,33417526,33418779,1253
pre_xy_14513,chr6,33425001,33426883,1882
pre_xy_14514,chr6,33453708,33454868,1160
pre_xy_14515,chr6,33570698,33572409,1711
pre_xy_14516,chr6,33579399,33580520,1121
pre_xy_14517,chr6,33619971,33622403,2432
pre_xy_14518,chr6,33632562,33634745,2183
pre_xy_14519,chr6,33710858,33712035,1177
pre_xy_14520,chr6,33771035,33772048,1013
pre_xy_14521,chr6,33787782,33789409,1627
pre_xy_14522,chr6,34144639,34146096,1457
pre_xy_14523,chr6,34195882,34196874,992
pre_xy_14524,chr6,34223352,34224623,1271
pre_xy_14525,chr6,34234801,34237800,2999
pre_xy_14526,chr6,34248276,34249606,1330
pre_xy_14527,chr6,34391575,34393280,1705
pre_xy_14528,chr6,34425060,34426482,1422
pre_xy_14529,chr6,34465246,34466531,1285
pre_xy_14530,chr6,34514380,34515382,1002
pre_xy_14531,chr6,34526499,34527652,1153
pre_xy_14532,chr6,34695168,34697373,2205
pre_xy_14533,chr6,34756371,34757801,1430
pre_xy_14534,chr6,34791245,34793179,1934
pre_xy_14535,chr6,34887425,34889965,2540
pre_xy_14536,chr6,35140681,35141760,1079
pre_xy_14537,chr6,35213230,35214756,1526
pre_xy_14538,chr6,35258657,35260538,1881
pre_xy_14539,chr6,35317585,35318799,1214
pre_xy_14540,chr6,35342074,35343987,1913
pre_xy_14541,chr6,35451417,35453491,2074
pre_xy_14542,chr6,35467745,35469419,1674
pre_xy_14543,chr6,35484925,35486729,1804
pre_xy_14544,chr6,35489992,35490764,772
pre_xy_14545,chr6,35495998,35498362,2364
pre_xy_14546,chr6,35687360,35689416,2056
pre_xy_14547,chr6,35718689,35720733,2044
pre_xy_14548,chr6,35725681,35728456,2775
pre_xy_14549,chr6,35731201,35732581,1380
pre_xy_14550,chr6,35804831,35805855,1024
pre_xy_14551,chr6,35919611,35921462,1851
pre_xy_14552,chr6,36027242,36029101,1859
pre_xy_14553,chr6,36130034,36132830,2796
pre_xy_14554,chr6,36195546,36197584,2038
pre_xy_14555,chr6,36333031,36335528,2497
pre_xy_14556,chr6,36386311,36388233,1922
pre_xy_14557,chr6,36422769,36424036,1267
pre_xy_14558,chr6,36442385,36443698,1313
pre_xy_14559,chr6,36545936,36547713,1777
pre_xy_14560,chr6,36593387,36594771,1384
pre_xy_14561,chr6,36678257,36680762,2505
pre_xy_14562,chr6,36765481,36766486,1005
pre_xy_14563,chr6,36839014,36841554,2540
pre_xy_14564,chr6,36848467,36849472,1005
pre_xy_14565,chr6,36874042,36875610,1568
pre_xy_14566,chr6,36885294,36886367,1073
pre_xy_14567,chr6,36985462,36987154,1692
pre_xy_14568,chr6,37017551,37019588,2037
pre_xy_14569,chr6,37101937,37103811,1874
pre_xy_14570,chr6,37125437,37126756,1319
pre_xy_14571,chr6,37137060,37138440,1380
pre_xy_14572,chr6,37168913,37171686,2773
pre_xy_14573,chr6,37171993,37172491,498
pre_xy_14574,chr6,37221737,37222956,1219
pre_xy_14575,chr6,37257185,37258625,1440
pre_xy_14576,chr6,37353507,37355231,1724
pre_xy_14577,chr6,37432605,37434280,1675
pre_xy_14578,chr6,37499331,37500384,1053
pre_xy_14579,chr6,37535253,37536898,1645
pre_xy_14580,chr6,37565253,37566657,1404
pre_xy_14581,chr6,37695905,37699291,3386
pre_xy_14582,chr6,37704949,37706107,1158
pre_xy_14583,chr6,37783018,37785335,2317
pre_xy_14584,chr6,37818541,37820590,2049
pre_xy_14585,chr6,38638812,38640519,1707
pre_xy_14586,chr6,38702206,38703451,1245
pre_xy_14587,chr6,39114265,39115545,1280
pre_xy_14588,chr6,39228840,39230012,1172
pre_xy_14589,chr6,39724582,39725797,1215
pre_xy_14590,chr6,39791772,39793456,1684
pre_xy_14591,chr6,40586411,40588147,1736
pre_xy_14592,chr6,40670826,40672430,1604
pre_xy_14593,chr6,41027499,41029052,1553
pre_xy_14594,chr6,41071566,41074292,2726
pre_xy_14595,chr6,41256583,41258237,1654
pre_xy_14596,chr6,41318409,41319540,1131
pre_xy_14597,chr6,41427166,41429389,2223
pre_xy_14598,chr6,41442634,41444319,1685
pre_xy_14599,chr6,41487871,41489841,1970
pre_xy_14600,chr6,41502788,41505927,3139
pre_xy_14601,chr6,41545492,41547926,2434
pre_xy_14602,chr6,41560059,41561350,1291
pre_xy_14603,chr6,41637704,41640348,2644
pre_xy_14604,chr6,41681919,41684019,2100
pre_xy_14605,chr6,41733498,41735822,2324
pre_xy_14606,chr6,41779289,41781548,2259
pre_xy_14607,chr6,41786086,41787811,1725
pre_xy_14608,chr6,41894321,41896175,1854
pre_xy_14609,chr6,41920403,41921941,1538
pre_xy_14610,chr6,41939048,41940111,1063
pre_xy_14611,chr6,41940351,41942231,1880
pre_xy_14612,chr6,42048347,42049047,700
pre_xy_14613,chr6,42049968,42050975,1007
pre_xy_14614,chr6,42103847,42105343,1496
pre_xy_14615,chr6,42105482,42106987,1505
pre_xy_14616,chr6,42136257,42137796,1539
pre_xy_14617,chr6,42141186,42143208,2022
pre_xy_14618,chr6,42217181,42218282,1101
pre_xy_14619,chr6,42440550,42442174,1624
pre_xy_14620,chr6,42451016,42453526,2510
pre_xy_14621,chr6,42546977,42548465,1488
pre_xy_14622,chr6,42563464,42565475,2011
pre_xy_14623,chr6,42725982,42728033,2051
pre_xy_14624,chr6,42745129,42747714,2585
pre_xy_14625,chr6,42770701,42771535,834
pre_xy_14626,chr6,42781515,42783933,2418
pre_xy_14627,chr6,42879057,42880357,1300
pre_xy_14628,chr6,42890131,42891298,1167
pre_xy_14629,chr6,42901296,42903222,1926
pre_xy_14630,chr6,42928538,42930359,1821
pre_xy_14631,chr6,42959970,42961357,1387
pre_xy_14632,chr6,42978244,42979743,1499
pre_xy_14633,chr6,42983808,42985403,1595
pre_xy_14634,chr6,43013105,43014864,1759
pre_xy_14635,chr6,43020690,43022273,1583
pre_xy_14636,chr6,43052809,43054203,1394
pre_xy_14637,chr6,43058969,43060498,1529
pre_xy_14638,chr6,43074895,43077405,2510
pre_xy_14639,chr6,43142938,43143884,946
pre_xy_14640,chr6,43170316,43172673,2357
pre_xy_14641,chr6,43174085,43174931,846
pre_xy_14642,chr6,43180978,43182639,1661
pre_xy_14643,chr6,43228785,43229834,1049
pre_xy_14644,chr6,43246462,43247893,1431
pre_xy_14645,chr6,43368301,43370407,2106
pre_xy_14646,chr6,43426983,43428262,1279
pre_xy_14647,chr6,43454321,43456251,1930
pre_xy_14648,chr6,43476812,43478308,1496
pre_xy_14649,chr6,43509326,43510738,1412
pre_xy_14650,chr6,43516204,43517725,1521
pre_xy_14651,chr6,43574937,43576600,1663
pre_xy_14652,chr6,43628386,43630456,2070
pre_xy_14653,chr6,43635138,43636550,1412
pre_xy_14654,chr6,43644583,43645861,1278
pre_xy_14655,chr6,43667049,43670206,3157
pre_xy_14656,chr6,43687061,43688256,1195
pre_xy_14657,chr6,43768862,43772104,3242
pre_xy_14658,chr6,44002014,44003364,1350
pre_xy_14659,chr6,44072698,44074865,2167
pre_xy_14660,chr6,44126111,44128803,2692
pre_xy_14661,chr6,44218293,44219906,1613
pre_xy_14662,chr6,44223155,44224142,987
pre_xy_14663,chr6,44233943,44235199,1256
pre_xy_14664,chr6,44237209,44238313,1104
pre_xy_14665,chr6,44245694,44248218,2524
pre_xy_14666,chr6,44254200,44255552,1352
pre_xy_14667,chr6,44255998,44257809,1811
pre_xy_14668,chr6,44264266,44265811,1545
pre_xy_14669,chr6,44275358,44276592,1234
pre_xy_14670,chr6,44296873,44298120,1247
pre_xy_14671,chr6,44312772,44313541,769
pre_xy_14672,chr6,44386640,44388689,2049
pre_xy_14673,chr6,44475461,44476344,883
pre_xy_14674,chr6,45376547,45378609,2062
pre_xy_14675,chr6,45421410,45424288,2878
pre_xy_14676,chr6,45663075,45664154,1079
pre_xy_14677,chr6,46129301,46130540,1239
pre_xy_14678,chr6,46170225,46171372,1147
pre_xy_14679,chr6,46490419,46492235,1816
pre_xy_14680,chr6,46651840,46653599,1759
pre_xy_14681,chr6,46733463,46735774,2311
pre_xy_14682,chr6,47308591,47310194,1603
pre_xy_14683,chr6,47477243,47479434,2191
pre_xy_14684,chr6,49462173,49463829,1656
pre_xy_14685,chr6,49549868,49551794,1926
pre_xy_14686,chr6,52284077,52285404,1327
pre_xy_14687,chr6,52361214,52363254,2040
pre_xy_14688,chr6,52419721,52421123,1402
pre_xy_14689,chr6,52576172,52577676,1504
pre_xy_14690,chr6,52663125,52665239,2114
pre_xy_14691,chr6,52670516,52671502,986
pre_xy_14692,chr6,52994074,52996936,2862
pre_xy_14693,chr6,53061217,53062068,851
pre_xy_14694,chr6,53064616,53066382,1766
pre_xy_14695,chr6,53347325,53349416,2091
pre_xy_14696,chr6,53358480,53360611,2131
pre_xy_14697,chr6,53544074,53545318,1244
pre_xy_14698,chr6,53547448,53548547,1099
pre_xy_14699,chr6,53651147,53652483,1336
pre_xy_14700,chr6,53793234,53796230,2996
pre_xy_14701,chr6,54010587,54011545,958
pre_xy_14702,chr6,54846103,54847418,1315
pre_xy_14703,chr6,55578266,55579464,1198
pre_xy_14704,chr6,56541823,56543330,1507
pre_xy_14705,chr6,56842640,56844559,1919
pre_xy_14706,chr6,56953521,56956146,2625
pre_xy_14707,chr6,57045982,57046802,820
pre_xy_14708,chr6,57089350,57090288,938
pre_xy_14709,chr6,57171695,57173494,1799
pre_xy_14710,chr6,57221192,57222693,1501
pre_xy_14711,chr6,57316311,57317916,1605
pre_xy_14712,chr6,57960915,57961688,773
pre_xy_14713,chr6,61586318,61587582,1264
pre_xy_14714,chr6,62285498,62286751,1253
pre_xy_14715,chr6,63571286,63574182,2896
pre_xy_14716,chr6,63635158,63637042,1884
pre_xy_14717,chr6,68634095,68636441,2346
pre_xy_14718,chr6,69795517,69797426,1909
pre_xy_14719,chr6,69866222,69868019,1797
pre_xy_14720,chr6,70412743,70414454,1711
pre_xy_14721,chr6,70566340,70567589,1249
pre_xy_14722,chr6,70667224,70668683,1459
pre_xy_14723,chr6,70955321,70957542,2221
pre_xy_14724,chr6,71287949,71289726,1777
pre_xy_14725,chr6,71419332,71421187,1855
pre_xy_14726,chr6,71886179,71887648,1469
pre_xy_14727,chr6,72182221,72183309,1088
pre_xy_14728,chr6,72619914,72620729,815
pre_xy_14729,chr6,72620854,72623345,2491
pre_xy_14730,chr6,73262311,73263692,1381
pre_xy_14731,chr6,73309160,73310554,1394
pre_xy_14732,chr6,73451106,73452550,1444
pre_xy_14733,chr6,73460972,73462443,1471
pre_xy_14734,chr6,73515336,73516368,1032
pre_xy_14735,chr6,73520074,73522444,2370
pre_xy_14736,chr6,73523391,73523922,531
pre_xy_14737,chr6,73652626,73654654,2028
pre_xy_14738,chr6,73695157,73696552,1395
pre_xy_14739,chr6,75203804,75206466,2662
pre_xy_14740,chr6,75243096,75244448,1352
pre_xy_14741,chr6,75283525,75285300,1775
pre_xy_14742,chr6,75601323,75603077,1754
pre_xy_14743,chr6,75748154,75749811,1657
pre_xy_14744,chr6,77462566,77464627,2061
pre_xy_14745,chr6,77465773,77467243,1470
pre_xy_14746,chr6,78866991,78868096,1105
pre_xy_14747,chr6,79076705,79078931,2226
pre_xy_14748,chr6,79233267,79234978,1711
pre_xy_14749,chr6,79536394,79538082,1688
pre_xy_14750,chr6,79544756,79545412,656
pre_xy_14751,chr6,79599516,79601273,1757
pre_xy_14752,chr6,79630671,79631978,1307
pre_xy_14753,chr6,79867918,79869966,2048
pre_xy_14754,chr6,79946233,79948029,1796
pre_xy_14755,chr6,80003531,80005001,1470
pre_xy_14756,chr6,80105954,80107249,1295
pre_xy_14757,chr6,81751458,81754199,2741
pre_xy_14758,chr6,82246773,82248532,1759
pre_xy_14759,chr6,82362906,82365705,2799
pre_xy_14760,chr6,83065126,83066038,912
pre_xy_14761,chr6,83067410,83068457,1047
pre_xy_14762,chr6,83192567,83194502,1935
pre_xy_14763,chr6,83429809,83431815,2006
pre_xy_14764,chr6,83511696,83513191,1495
pre_xy_14765,chr6,83707606,83709653,2047
pre_xy_14766,chr6,83852889,83854294,1405
pre_xy_14767,chr6,83859079,83860400,1321
pre_xy_14768,chr6,84033138,84034670,1532
pre_xy_14769,chr6,84051715,84052951,1236
pre_xy_14770,chr6,84074637,84075690,1053
pre_xy_14771,chr6,84227000,84228299,1299
pre_xy_14772,chr6,84762548,84765040,2492
pre_xy_14773,chr6,84772830,84775162,2332
pre_xy_14774,chr6,85449227,85450793,1566
pre_xy_14775,chr6,85592867,85594814,1947
pre_xy_14776,chr6,85641650,85644275,2625
pre_xy_14777,chr6,85678128,85679452,1324
pre_xy_14778,chr6,86936774,86938082,1308
pre_xy_14779,chr6,87151538,87152656,1118
pre_xy_14780,chr6,87154746,87156511,1765
pre_xy_14781,chr6,87321863,87323224,1361
pre_xy_14782,chr6,87407381,87408917,1536
pre_xy_14783,chr6,87472330,87473757,1427
pre_xy_14784,chr6,87589007,87590481,1474
pre_xy_14785,chr6,87700436,87702869,2433
pre_xy_14786,chr6,88165467,88167621,2154
pre_xy_14787,chr6,88519123,88520422,1299
pre_xy_14788,chr6,88962857,88964117,1260
pre_xy_14789,chr6,89034492,89036335,1843
pre_xy_14790,chr6,89079583,89082075,2492
pre_xy_14791,chr6,89116850,89118497,1647
pre_xy_14792,chr6,89145196,89147156,1960
pre_xy_14793,chr6,89351686,89353408,1722
pre_xy_14794,chr6,89410739,89413277,2538
pre_xy_14795,chr6,89432712,89434249,1537
pre_xy_14796,chr6,89637952,89639131,1179
pre_xy_14797,chr6,89818596,89820121,1525
pre_xy_14798,chr6,89828854,89830283,1429
pre_xy_14799,chr6,90217973,90219908,1935
pre_xy_14800,chr6,90295014,90297580,2566
pre_xy_14801,chr6,90586319,90587570,1251
pre_xy_14802,chr6,90610144,90611686,1542
pre_xy_14803,chr6,93416403,93417682,1279
pre_xy_14804,chr6,93418140,93420342,2202
pre_xy_14805,chr6,95576440,95578235,1795
pre_xy_14806,chr6,96014727,96016893,2166
pre_xy_14807,chr6,96521153,96522744,1591
pre_xy_14808,chr6,96836263,96837991,1728
pre_xy_14809,chr6,96896999,96898673,1674
pre_xy_14810,chr6,96923751,96925345,1594
pre_xy_14811,chr6,97282267,97283688,1421
pre_xy_14812,chr6,98833102,98835674,2572
pre_xy_14813,chr6,98946803,98948316,1513
pre_xy_14814,chr6,99348898,99350181,1283
pre_xy_14815,chr6,99393327,99394472,1145
pre_xy_14816,chr6,99424576,99426262,1686
pre_xy_14817,chr6,99514699,99516193,1494
pre_xy_14818,chr6,99520621,99522040,1419
pre_xy_14819,chr6,99567911,99569357,1446
pre_xy_14820,chr6,99588318,99589599,1281
pre_xy_14821,chr6,99602508,99604030,1522
pre_xy_14822,chr6,99612966,99614995,2029
pre_xy_14823,chr6,100446246,100448394,2148
pre_xy_14824,chr6,100464301,100465764,1463
pre_xy_14825,chr6,100880522,100882146,1624
pre_xy_14826,chr6,101392954,101394247,1293
pre_xy_14827,chr6,101401679,101403121,1442
pre_xy_14828,chr6,101403405,101403953,548
pre_xy_14829,chr6,102981401,102982320,919
pre_xy_14830,chr6,104858529,104860141,1612
pre_xy_14831,chr6,104940116,104941695,1579
pre_xy_14832,chr6,104956680,104959027,2347
pre_xy_14833,chr6,105136132,105137748,1616
pre_xy_14834,chr6,105179216,105180522,1306
pre_xy_14835,chr6,105402004,105403738,1734
pre_xy_14836,chr6,105991725,105992963,1238
pre_xy_14837,chr6,106085286,106086563,1277
pre_xy_14838,chr6,106324668,106326055,1387
pre_xy_14839,chr6,106360161,106361451,1290
pre_xy_14840,chr6,106509969,106510888,919
pre_xy_14841,chr6,106511478,106513057,1579
pre_xy_14842,chr6,106628784,106630250,1466
pre_xy_14843,chr6,106973277,106975786,2509
pre_xy_14844,chr6,107027695,107028958,1263
pre_xy_14845,chr6,107113953,107116988,3035
pre_xy_14846,chr6,107458720,107460296,1576
pre_xy_14847,chr6,107488710,107490633,1923
pre_xy_14848,chr6,107689844,107692905,3061
pre_xy_14849,chr6,107847664,107848846,1182
pre_xy_14850,chr6,107956746,107958671,1925
pre_xy_14851,chr6,107972313,107973376,1063
pre_xy_14852,chr6,108074127,108075230,1103
pre_xy_14853,chr6,108133348,108134873,1525
pre_xy_14854,chr6,108260068,108261700,1632
pre_xy_14855,chr6,108294049,108295684,1635
pre_xy_14856,chr6,108557552,108558756,1204
pre_xy_14857,chr6,108559060,108561151,2091
pre_xy_14858,chr6,108847817,108849044,1227
pre_xy_14859,chr6,109008574,109010004,1430
pre_xy_14860,chr6,109093792,109095851,2059
pre_xy_14861,chr6,109381187,109383456,2269
pre_xy_14862,chr6,109440083,109441588,1505
pre_xy_14863,chr6,109454169,109456624,2455
pre_xy_14864,chr6,109482470,109484456,1986
pre_xy_14865,chr6,109690144,109691781,1637
pre_xy_14866,chr6,109876598,109878303,1705
pre_xy_14867,chr6,109977883,109979831,1948
pre_xy_14868,chr6,110178578,110180584,2006
pre_xy_14869,chr6,110356775,110359142,2367
pre_xy_14870,chr6,110813818,110816275,2457
pre_xy_14871,chr6,110873931,110876697,2766
pre_xy_14872,chr6,110957986,110959140,1154
pre_xy_14873,chr6,110981318,110982566,1248
pre_xy_14874,chr6,111086907,111088722,1815
pre_xy_14875,chr6,111258718,111259825,1107
pre_xy_14876,chr6,111482026,111484323,2297
pre_xy_14877,chr6,111551080,111552843,1763
pre_xy_14878,chr6,111604914,111606239,1325
pre_xy_14879,chr6,111710891,111712758,1867
pre_xy_14880,chr6,111788365,111790360,1995
pre_xy_14881,chr6,111871753,111873862,2109
pre_xy_14882,chr6,112042863,112043985,1122
pre_xy_14883,chr6,112086659,112088075,1416
pre_xy_14884,chr6,112253077,112255221,2144
pre_xy_14885,chr6,113854558,113855798,1240
pre_xy_14886,chr6,113856880,113857442,562
pre_xy_14887,chr6,113858040,113859275,1235
pre_xy_14888,chr6,113969609,113971627,2018
pre_xy_14889,chr6,114341181,114343832,2651
pre_xy_14890,chr6,114624211,114625084,873
pre_xy_14891,chr6,116100216,116101759,1543
pre_xy_14892,chr6,116253193,116254496,1303
pre_xy_14893,chr6,116278934,116280245,1311
pre_xy_14894,chr6,116369940,116371865,1925
pre_xy_14895,chr6,116461265,116462803,1538
pre_xy_14896,chr6,116570650,116572028,1378
pre_xy_14897,chr6,116615761,116617027,1266
pre_xy_14898,chr6,116668097,116668993,896
pre_xy_14899,chr6,116680644,116681916,1272
pre_xy_14900,chr6,116764489,116766119,1630
pre_xy_14901,chr6,117264435,117266099,1664
pre_xy_14902,chr6,117482168,117483775,1607
pre_xy_14903,chr6,117547473,117548604,1131
pre_xy_14904,chr6,117601644,117603039,1395
pre_xy_14905,chr6,117674804,117676251,1447
pre_xy_14906,chr6,117906588,117908678,2090
pre_xy_14907,chr6,118650167,118652246,2079
pre_xy_14908,chr6,118708801,118710322,1521
pre_xy_14909,chr6,118893082,118895357,2275
pre_xy_14910,chr6,118934010,118935407,1397
pre_xy_14911,chr6,119077579,119079470,1891
pre_xy_14912,chr6,119348263,119350844,2581
pre_xy_14913,chr6,121334133,121335539,1406
pre_xy_14914,chr6,121436236,121438690,2454
pre_xy_14915,chr6,122399072,122400338,1266
pre_xy_14916,chr6,122470954,122472291,1337
pre_xy_14917,chr6,122609542,122611357,1815
pre_xy_14918,chr6,122788739,122790654,1915
pre_xy_14919,chr6,122995622,122997061,1439
pre_xy_14920,chr6,123802368,123804243,1875
pre_xy_14921,chr6,124961394,124963789,2395
pre_xy_14922,chr6,125153424,125155164,1740
pre_xy_14923,chr6,125300999,125302350,1351
pre_xy_14924,chr6,125362615,125364171,1556
pre_xy_14925,chr6,125748730,125750163,1433
pre_xy_14926,chr6,125780071,125781751,1680
pre_xy_14927,chr6,125789648,125791900,2252
pre_xy_14928,chr6,125956195,125957508,1313
pre_xy_14929,chr6,125985930,125987307,1377
pre_xy_14930,chr6,126339597,126340684,1087
pre_xy_14931,chr6,127118005,127120065,2060
pre_xy_14932,chr6,127266115,127268540,2425
pre_xy_14933,chr6,127342073,127344525,2452
pre_xy_14934,chr6,127514264,127516939,2675
pre_xy_14935,chr6,128518938,128521275,2337
pre_xy_14936,chr6,128882488,128884209,1721
pre_xy_14937,chr6,129708926,129710595,1669
pre_xy_14938,chr6,130018104,130021353,3249
pre_xy_14939,chr6,130365083,130366958,1875
pre_xy_14940,chr6,131062167,131063855,1688
pre_xy_14941,chr6,131134766,131136644,1878
pre_xy_14942,chr6,131627546,131628621,1075
pre_xy_14943,chr6,131807194,131808576,1382
pre_xy_14944,chr6,131949315,131951620,2305
pre_xy_14945,chr6,132400568,132402167,1599
pre_xy_14946,chr6,132512440,132513537,1097
pre_xy_14947,chr6,132797933,132799370,1437
pre_xy_14948,chr6,132812323,132815082,2759
pre_xy_14949,chr6,133240443,133243075,2632
pre_xy_14950,chr6,133888654,133890209,1555
pre_xy_14951,chr6,133951386,133953791,2405
pre_xy_14952,chr6,134051746,134053232,1486
pre_xy_14953,chr6,134174495,134176634,2139
pre_xy_14954,chr6,134178030,134178777,747
pre_xy_14955,chr6,135054103,135055489,1386
pre_xy_14956,chr6,135180291,135181923,1632
pre_xy_14957,chr6,135182147,135183293,1146
pre_xy_14958,chr6,135474868,135475927,1059
pre_xy_14959,chr6,135496954,135498752,1798
pre_xy_14960,chr6,136249782,136250965,1183
pre_xy_14961,chr6,136288696,136290692,1996
pre_xy_14962,chr6,136549246,136551440,2194
pre_xy_14963,chr6,136791164,136793332,2168
pre_xy_14964,chr6,136821981,136823504,1523
pre_xy_14965,chr6,136920786,136922865,2079
pre_xy_14966,chr6,136989123,136990284,1161
pre_xy_14967,chr6,137043873,137045156,1283
pre_xy_14968,chr6,137218413,137219752,1339
pre_xy_14969,chr6,137866231,137868265,2034
pre_xy_14970,chr6,138161038,138162600,1562
pre_xy_14971,chr6,138403034,138405193,2159
pre_xy_14972,chr6,138691632,138693667,2035
pre_xy_14973,chr6,138772756,138774089,1333
pre_xy_14974,chr6,138795384,138796471,1087
pre_xy_14975,chr6,138987155,138988700,1545
pre_xy_14976,chr6,139028296,139030131,1835
pre_xy_14977,chr6,139134552,139136444,1892
pre_xy_14978,chr6,139373198,139376462,3264
pre_xy_14979,chr6,142146695,142147671,976
pre_xy_14980,chr6,142300870,142302404,1534
pre_xy_14981,chr6,142845408,142846589,1181
pre_xy_14982,chr6,142926282,142927365,1083
pre_xy_14983,chr6,142944225,142947826,3601
pre_xy_14984,chr6,143059621,143061466,1845
pre_xy_14985,chr6,143449299,143451338,2039
pre_xy_14986,chr6,143510773,143512074,1301
pre_xy_14987,chr6,143536303,143537707,1404
pre_xy_14988,chr6,143677606,143678931,1325
pre_xy_14989,chr6,143842460,143844114,1654
pre_xy_14990,chr6,144006163,144008778,2615
pre_xy_14991,chr6,144063269,144065045,1776
pre_xy_14992,chr6,144094699,144096458,1759
pre_xy_14993,chr6,144149454,144151661,2207
pre_xy_14994,chr6,144215327,144216969,1642
pre_xy_14995,chr6,144284098,144287422,3324
pre_xy_14996,chr6,145734347,145736189,1842
pre_xy_14997,chr6,145813717,145815749,2032
pre_xy_14998,chr6,145963384,145964923,1539
pre_xy_14999,chr6,146543025,146544646,1621
pre_xy_15000,chr6,147201975,147204728,2753
pre_xy_15001,chr6,147507277,147509411,2134
pre_xy_15002,chr6,148341845,148343582,1737
pre_xy_15003,chr6,148559590,148560612,1022
pre_xy_15004,chr6,148746157,148748838,2681
pre_xy_15005,chr6,148972212,148972842,630
pre_xy_15006,chr6,149316466,149319026,2560
pre_xy_15007,chr6,149450497,149451931,1434
pre_xy_15008,chr6,149544550,149546707,2157
pre_xy_15009,chr6,149565259,149567264,2005
pre_xy_15010,chr6,149647228,149649056,1828
pre_xy_15011,chr6,149717053,149718686,1633
pre_xy_15012,chr6,149746002,149746741,739
pre_xy_15013,chr6,149749259,149750652,1393
pre_xy_15014,chr6,149862974,149865227,2253
pre_xy_15015,chr6,149922454,149923589,1135
pre_xy_15016,chr6,149941334,149942584,1250
pre_xy_15017,chr6,149963077,149965584,2507
pre_xy_15018,chr6,150004402,150005718,1316
pre_xy_15019,chr6,150068307,150069943,1636
pre_xy_15020,chr6,150142090,150144329,2239
pre_xy_15021,chr6,150354407,150355740,1333
pre_xy_15022,chr6,150599089,150601089,2000
pre_xy_15023,chr6,150667297,150669409,2112
pre_xy_15024,chr6,150865272,150867280,2008
pre_xy_15025,chr6,151239553,151241612,2059
pre_xy_15026,chr6,151389412,151391997,2585
pre_xy_15027,chr6,151451552,151453343,1791
pre_xy_15028,chr6,151493375,151495048,1673
pre_xy_15029,chr6,151763199,151764603,1404
pre_xy_15030,chr6,151806881,151808704,1823
pre_xy_15031,chr6,152301273,152302557,1284
pre_xy_15032,chr6,152635755,152637456,1701
pre_xy_15033,chr6,152720805,152721838,1033
pre_xy_15034,chr6,152982283,152984393,2110
pre_xy_15035,chr6,153001947,153003631,1684
pre_xy_15036,chr6,153129762,153131886,2124
pre_xy_15037,chr6,154509345,154511424,2079
pre_xy_15038,chr6,154732655,154734504,1849
pre_xy_15039,chr6,154994888,154996212,1324
pre_xy_15040,chr6,155313622,155315268,1646
pre_xy_15041,chr6,156686114,156688258,2144
pre_xy_15042,chr6,156776838,156779986,3148
pre_xy_15043,chr6,157020517,157022436,1919
pre_xy_15044,chr6,157235366,157237025,1659
pre_xy_15045,chr6,157274211,157275432,1221
pre_xy_15046,chr6,157322877,157324447,1570
pre_xy_15047,chr6,157379710,157382376,2666
pre_xy_15048,chr6,157822292,157824416,2124
pre_xy_15049,chr6,157980787,157982506,1719
pre_xy_15050,chr6,158167194,158168891,1697
pre_xy_15051,chr6,158231378,158233626,2248
pre_xy_15052,chr6,158535869,158537733,1864
pre_xy_15053,chr6,158559592,158561236,1644
pre_xy_15054,chr6,158643894,158645201,1307
pre_xy_15055,chr6,158817875,158819734,1859
pre_xy_15056,chr6,158852645,158854125,1480
pre_xy_15057,chr6,158868986,158870328,1342
pre_xy_15058,chr6,158998937,159000638,1701
pre_xy_15059,chr6,159168515,159170362,1847
pre_xy_15060,chr6,159692312,159694023,1711
pre_xy_15061,chr6,159726422,159728164,1742
pre_xy_15062,chr6,159761259,159762984,1725
pre_xy_15063,chr6,159777294,159778886,1592
pre_xy_15064,chr6,159788771,159790982,2211
pre_xy_15065,chr6,159968398,159970222,1824
pre_xy_15066,chr6,160029591,160031050,1459
pre_xy_15067,chr6,160347750,160349181,1431
pre_xy_15068,chr6,160519689,160520957,1268
pre_xy_15069,chr6,160766608,160767860,1252
pre_xy_15070,chr6,160930459,160931936,1477
pre_xy_15071,chr6,160991015,160993049,2034
pre_xy_15072,chr6,161273061,161274626,1565
pre_xy_15073,chr6,162727053,162728530,1477
pre_xy_15074,chr6,163413079,163415828,2749
pre_xy_15075,chr6,163965326,163966396,1070
pre_xy_15076,chr6,165308668,165309822,1154
pre_xy_15077,chr6,165660321,165663675,3354
pre_xy_15078,chr6,165986687,165989168,2481
pre_xy_15079,chr6,166005276,166006519,1243
pre_xy_15080,chr6,166008343,166009328,985
pre_xy_15081,chr6,166306974,166308797,1823
pre_xy_15082,chr6,166341933,166343356,1423
pre_xy_15083,chr6,166381766,166384016,2250
pre_xy_15084,chr6,166626292,166628384,2092
pre_xy_15085,chr6,166861882,166863242,1360
pre_xy_15086,chr6,166955590,166957633,2043
pre_xy_15087,chr6,166997593,166999946,2353
pre_xy_15088,chr6,167350055,167351696,1641
pre_xy_15089,chr6,167678024,167679074,1050
pre_xy_15090,chr6,167825046,167828127,3081
pre_xy_15091,chr6,168156906,168158564,1658
pre_xy_15092,chr6,168318664,168320176,1512
pre_xy_15093,chr6,168376915,168378226,1311
pre_xy_15094,chr6,168440117,168442536,2419
pre_xy_15095,chr6,169653645,169655369,1724
pre_xy_15096,chr6,169701299,169702915,1616
pre_xy_15097,chr6,169722591,169725993,3402
pre_xy_15098,chr6,169751013,169752472,1459
pre_xy_15099,chr6,169789601,169791019,1418
pre_xy_15100,chr6,169961284,169962516,1232
pre_xy_15101,chr6,170066879,170067713,834
pre_xy_15102,chr6,170129527,170131730,2203
pre_xy_15103,chr6,170279432,170280935,1503
pre_xy_15104,chr6,170286061,170287263,1202
pre_xy_15105,chr6,170295355,170297940,2585
pre_xy_15106,chr6,170305772,170307219,1447
pre_xy_15107,chr6,170438071,170439169,1098
pre_xy_15108,chr6,170552664,170554754,2090
pre_xy_15109,chr6,170583837,170585230,1393
pre_xy_15110,chr7,148870,150239,1369
pre_xy_15111,chr7,191457,195064,3607
pre_xy_15112,chr7,518783,520895,2112
pre_xy_15113,chr7,521491,522805,1314
pre_xy_15114,chr7,665011,666447,1436
pre_xy_15115,chr7,711182,712964,1782
pre_xy_15116,chr7,726119,727671,1552
pre_xy_15117,chr7,767650,769581,1931
pre_xy_15118,chr7,815414,817573,2159
pre_xy_15119,chr7,875856,878221,2365
pre_xy_15120,chr7,953341,954954,1613
pre_xy_15121,chr7,974708,975978,1270
pre_xy_15122,chr7,985853,986749,896
pre_xy_15123,chr7,992767,993634,867
pre_xy_15124,chr7,1027242,1029156,1914
pre_xy_15125,chr7,1043514,1045047,1533
pre_xy_15126,chr7,1054402,1055609,1207
pre_xy_15127,chr7,1059279,1060975,1696
pre_xy_15128,chr7,1137586,1138724,1138
pre_xy_15129,chr7,1159787,1160967,1180
pre_xy_15130,chr7,1169507,1170340,833
pre_xy_15131,chr7,1289281,1291293,2012
pre_xy_15132,chr7,1412334,1413218,884
pre_xy_15133,chr7,1458742,1460217,1475
pre_xy_15134,chr7,1503873,1504824,951
pre_xy_15135,chr7,1530316,1531989,1673
pre_xy_15136,chr7,1532291,1533286,995
pre_xy_15137,chr7,1536717,1538610,1893
pre_xy_15138,chr7,1555034,1556579,1545
pre_xy_15139,chr7,1569402,1570780,1378
pre_xy_15140,chr7,1669671,1670755,1084
pre_xy_15141,chr7,1693268,1694894,1626
pre_xy_15142,chr7,1713041,1714691,1650
pre_xy_15143,chr7,1842245,1843971,1726
pre_xy_15144,chr7,2103579,2105203,1624
pre_xy_15145,chr7,2118400,2119217,817
pre_xy_15146,chr7,2232010,2233430,1420
pre_xy_15147,chr7,2241553,2243136,1583
pre_xy_15148,chr7,2313750,2314887,1137
pre_xy_15149,chr7,2353582,2355657,2075
pre_xy_15150,chr7,2402960,2404569,1609
pre_xy_15151,chr7,2518684,2520048,1364
pre_xy_15152,chr7,2522846,2524426,1580
pre_xy_15153,chr7,2554815,2556031,1216
pre_xy_15154,chr7,2558125,2559744,1619
pre_xy_15155,chr7,2631234,2634157,2923
pre_xy_15156,chr7,2687271,2689531,2260
pre_xy_15157,chr7,2843583,2844825,1242
pre_xy_15158,chr7,2928365,2929639,1274
pre_xy_15159,chr7,3193824,3195316,1492
pre_xy_15160,chr7,3300099,3302591,2492
pre_xy_15161,chr7,4143944,4145502,1558
pre_xy_15162,chr7,4159050,4160405,1355
pre_xy_15163,chr7,4641198,4642488,1290
pre_xy_15164,chr7,4681722,4684497,2775
pre_xy_15165,chr7,4744363,4745557,1194
pre_xy_15166,chr7,4774717,4776309,1592
pre_xy_15167,chr7,4791838,4792978,1140
pre_xy_15168,chr7,4881932,4884070,2138
pre_xy_15169,chr7,4973678,4974947,1269
pre_xy_15170,chr7,5045207,5046696,1489
pre_xy_15171,chr7,5189643,5190937,1294
pre_xy_15172,chr7,5239910,5241570,1660
pre_xy_15173,chr7,5282118,5283969,1851
pre_xy_15174,chr7,5417438,5419404,1966
pre_xy_15175,chr7,5423408,5424608,1200
pre_xy_15176,chr7,5425563,5426133,570
pre_xy_15177,chr7,5426487,5427138,651
pre_xy_15178,chr7,5428839,5430074,1235
pre_xy_15179,chr7,5450491,5451269,778
pre_xy_15180,chr7,5477591,5479528,1937
pre_xy_15181,chr7,5486480,5487276,796
pre_xy_15182,chr7,5512916,5514439,1523
pre_xy_15183,chr7,5529399,5531395,1996
pre_xy_15184,chr7,5554703,5557021,2318
pre_xy_15185,chr7,5558672,5559204,532
pre_xy_15186,chr7,5561884,5563883,1999
pre_xy_15187,chr7,5569169,5570860,1691
pre_xy_15188,chr7,5591190,5593610,2420
pre_xy_15189,chr7,5593854,5595240,1386
pre_xy_15190,chr7,5595668,5596387,719
pre_xy_15191,chr7,5598645,5599395,750
pre_xy_15192,chr7,5606742,5608689,1947
pre_xy_15193,chr7,5699322,5700333,1011
pre_xy_15194,chr7,5780503,5781906,1403
pre_xy_15195,chr7,5822437,5823627,1190
pre_xy_15196,chr7,6008572,6009716,1144
pre_xy_15197,chr7,6058289,6059442,1153
pre_xy_15198,chr7,6080374,6081842,1468
pre_xy_15199,chr7,6103917,6105718,1801
pre_xy_15200,chr7,6171565,6173295,1730
pre_xy_15201,chr7,6270615,6273648,3033
pre_xy_15202,chr7,6348114,6349262,1148
pre_xy_15203,chr7,6373247,6375108,1861
pre_xy_15204,chr7,6446891,6448686,1795
pre_xy_15205,chr7,6482842,6484670,1828
pre_xy_15206,chr7,6503238,6504801,1563
pre_xy_15207,chr7,6516323,6516916,593
pre_xy_15208,chr7,6526117,6527112,995
pre_xy_15209,chr7,6530737,6531506,769
pre_xy_15210,chr7,6576670,6577914,1244
pre_xy_15211,chr7,6589291,6590838,1547
pre_xy_15212,chr7,6614821,6616476,1655
pre_xy_15213,chr7,6636482,6638124,1642
pre_xy_15214,chr7,6663645,6664790,1145
pre_xy_15215,chr7,6705862,6707372,1510
pre_xy_15216,chr7,6728999,6730609,1610
pre_xy_15217,chr7,7181594,7183451,1857
pre_xy_15218,chr7,7566154,7567854,1700
pre_xy_15219,chr7,7639609,7641495,1886
pre_xy_15220,chr7,7968053,7970560,2507
pre_xy_15221,chr7,8261168,8262735,1567
pre_xy_15222,chr7,8433166,8434751,1585
pre_xy_15223,chr7,8442251,8443321,1070
pre_xy_15224,chr7,10707015,10708048,1033
pre_xy_15225,chr7,10939370,10940844,1474
pre_xy_15226,chr7,10972842,10974820,1978
pre_xy_15227,chr7,11830651,11832526,1875
pre_xy_15228,chr7,12210240,12211859,1619
pre_xy_15229,chr7,12403014,12404552,1538
pre_xy_15230,chr7,12686291,12687792,1501
pre_xy_15231,chr7,13988852,13991792,2940
pre_xy_15232,chr7,14902109,14903767,1658
pre_xy_15233,chr7,15685008,15687951,2943
pre_xy_15234,chr7,16420069,16421987,1918
pre_xy_15235,chr7,16644516,16646902,2386
pre_xy_15236,chr7,16753287,16755375,2088
pre_xy_15237,chr7,17298119,17299995,1876
pre_xy_15238,chr7,17939009,17941152,2143
pre_xy_15239,chr7,18085987,18087533,1546
pre_xy_15240,chr7,19106085,19108733,2648
pre_xy_15241,chr7,19115869,19118584,2715
pre_xy_15242,chr7,19708259,19709360,1101
pre_xy_15243,chr7,19772363,19773824,1461
pre_xy_15244,chr7,20329382,20331916,2534
pre_xy_15245,chr7,20777618,20778690,1072
pre_xy_15246,chr7,20783566,20785803,2237
pre_xy_15247,chr7,20797242,20799121,1879
pre_xy_15248,chr7,21426666,21428638,1972
pre_xy_15249,chr7,21542499,21544216,1717
pre_xy_15250,chr7,21944618,21946393,1775
pre_xy_15251,chr7,22082487,22083766,1279
pre_xy_15252,chr7,22356086,22358025,1939
pre_xy_15253,chr7,22499643,22500430,787
pre_xy_15254,chr7,22549262,22550571,1309
pre_xy_15255,chr7,22821343,22823136,1793
pre_xy_15256,chr7,22853593,22855129,1536
pre_xy_15257,chr7,23012849,23014452,1603
pre_xy_15258,chr7,23105172,23107275,2103
pre_xy_15259,chr7,23181185,23182516,1331
pre_xy_15260,chr7,23205461,23206847,1386
pre_xy_15261,chr7,23298100,23299938,1838
pre_xy_15262,chr7,23468335,23470032,1697
pre_xy_15263,chr7,23470256,23471491,1235
pre_xy_15264,chr7,23473486,23475025,1539
pre_xy_15265,chr7,23531006,23532392,1386
pre_xy_15266,chr7,23596973,23598165,1192
pre_xy_15267,chr7,23679705,23681305,1600
pre_xy_15268,chr7,23723520,23724622,1102
pre_xy_15269,chr7,24283417,24285502,2085
pre_xy_15270,chr7,24572391,24574662,2271
pre_xy_15271,chr7,24740730,24742426,1696
pre_xy_15272,chr7,24756034,24758040,2006
pre_xy_15273,chr7,24979153,24981004,1851
pre_xy_15274,chr7,25124468,25125922,1454
pre_xy_15275,chr7,25179469,25180783,1314
pre_xy_15276,chr7,25854601,25855357,756
pre_xy_15277,chr7,25856558,25857781,1223
pre_xy_15278,chr7,25862029,25862928,899
pre_xy_15279,chr7,25950288,25952052,1764
pre_xy_15280,chr7,26151755,26153232,1477
pre_xy_15281,chr7,26187341,26189523,2182
pre_xy_15282,chr7,26199733,26202459,2726
pre_xy_15283,chr7,26291377,26292427,1050
pre_xy_15284,chr7,26375721,26377409,1688
pre_xy_15285,chr7,26397265,26399536,2271
pre_xy_15286,chr7,26863529,26865203,1674
pre_xy_15287,chr7,27095442,27097278,1836
pre_xy_15288,chr7,27129717,27131383,1666
pre_xy_15289,chr7,27142391,27144088,1697
pre_xy_15290,chr7,27150290,27151443,1153
pre_xy_15291,chr7,27155878,27157131,1253
pre_xy_15292,chr7,27160261,27161692,1431
pre_xy_15293,chr7,27165105,27166690,1585
pre_xy_15294,chr7,27172743,27174691,1948
pre_xy_15295,chr7,27198920,27200609,1689
pre_xy_15296,chr7,27235139,27236078,939
pre_xy_15297,chr7,27661800,27663317,1517
pre_xy_15298,chr7,27739284,27741018,1734
pre_xy_15299,chr7,27744859,27745433,574
pre_xy_15300,chr7,28178997,28181073,2076
pre_xy_15301,chr7,28408392,28411482,3090
pre_xy_15302,chr7,28853622,28854755,1133
pre_xy_15303,chr7,28955395,28958865,3470
pre_xy_15304,chr7,29145752,29147462,1710
pre_xy_15305,chr7,29189594,29190526,932
pre_xy_15306,chr7,29193832,29195575,1743
pre_xy_15307,chr7,29452252,29453751,1499
pre_xy_15308,chr7,29562908,29565379,2471
pre_xy_15309,chr7,29684285,29686197,1912
pre_xy_15310,chr7,29805841,29807954,2113
pre_xy_15311,chr7,29987714,29990230,2516
pre_xy_15312,chr7,30026217,30027351,1134
pre_xy_15313,chr7,30027862,30029253,1391
pre_xy_15314,chr7,30134185,30136654,2469
pre_xy_15315,chr7,30283802,30286156,2354
pre_xy_15316,chr7,30469088,30471436,2348
pre_xy_15317,chr7,30477758,30479155,1397
pre_xy_15318,chr7,30504117,30505389,1272
pre_xy_15319,chr7,30593733,30595780,2047
pre_xy_15320,chr7,30681318,30682964,1646
pre_xy_15321,chr7,30770928,30772359,1431
pre_xy_15322,chr7,31051783,31053267,1484
pre_xy_15323,chr7,32070075,32071515,1440
pre_xy_15324,chr7,32489550,32491115,1565
pre_xy_15325,chr7,32494795,32496325,1530
pre_xy_15326,chr7,32727320,32729154,1834
pre_xy_15327,chr7,32761313,32763409,2096
pre_xy_15328,chr7,32890473,32893042,2569
pre_xy_15329,chr7,32941522,32943424,1902
pre_xy_15330,chr7,32956790,32958337,1547
pre_xy_15331,chr7,32997863,32999870,2007
pre_xy_15332,chr7,33062037,33063500,1463
pre_xy_15333,chr7,33108508,33109971,1463
pre_xy_15334,chr7,33128767,33130241,1474
pre_xy_15335,chr7,33903773,33905891,2118
pre_xy_15336,chr7,35036374,35038205,1831
pre_xy_15337,chr7,35185573,35187119,1546
pre_xy_15338,chr7,35253392,35254607,1215
pre_xy_15339,chr7,35694073,35695573,1500
pre_xy_15340,chr7,35800039,35802186,2147
pre_xy_15341,chr7,36152239,36153924,1685
pre_xy_15342,chr7,36366326,36367655,1329
pre_xy_15343,chr7,36388914,36390609,1695
pre_xy_15344,chr7,37447260,37449402,2142
pre_xy_15345,chr7,37920345,37921646,1301
pre_xy_15346,chr7,38177669,38178935,1266
pre_xy_15347,chr7,38630605,38631719,1114
pre_xy_15348,chr7,38908450,38909474,1024
pre_xy_15349,chr7,39413763,39414939,1176
pre_xy_15350,chr7,39565653,39566936,1283
pre_xy_15351,chr7,39622749,39624726,1977
pre_xy_15352,chr7,39732590,39734349,1759
pre_xy_15353,chr7,39948947,39951900,2953
pre_xy_15354,chr7,40133764,40135452,1688
pre_xy_15355,chr7,41704808,41705962,1154
pre_xy_15356,chr7,41942357,41943609,1252
pre_xy_15357,chr7,41954771,41956945,2174
pre_xy_15358,chr7,42235925,42238604,2679
pre_xy_15359,chr7,42492962,42494135,1173
pre_xy_15360,chr7,42887578,42889419,1841
pre_xy_15361,chr7,42911151,42912367,1216
pre_xy_15362,chr7,42931542,42933548,2006
pre_xy_15363,chr7,42972476,42973733,1257
pre_xy_15364,chr7,43112286,43114053,1767
pre_xy_15365,chr7,43582490,43584610,2120
pre_xy_15366,chr7,43728775,43730070,1295
pre_xy_15367,chr7,43734423,43735253,830
pre_xy_15368,chr7,43758033,43759304,1271
pre_xy_15369,chr7,43838499,43839228,729
pre_xy_15370,chr7,43868230,43870117,1887
pre_xy_15371,chr7,43905886,43907059,1173
pre_xy_15372,chr7,43925780,43927095,1315
pre_xy_15373,chr7,44018633,44019654,1021
pre_xy_15374,chr7,44043991,44045367,1376
pre_xy_15375,chr7,44064633,44066154,1521
pre_xy_15376,chr7,44082029,44083089,1060
pre_xy_15377,chr7,44103789,44105786,1997
pre_xy_15378,chr7,44123131,44124443,1312
pre_xy_15379,chr7,44145321,44146853,1532
pre_xy_15380,chr7,44200582,44201530,948
pre_xy_15381,chr7,44308816,44310127,1311
pre_xy_15382,chr7,44324606,44326247,1641
pre_xy_15383,chr7,44489750,44491133,1383
pre_xy_15384,chr7,44573380,44574515,1135
pre_xy_15385,chr7,44581456,44582945,1489
pre_xy_15386,chr7,44605864,44607519,1655
pre_xy_15387,chr7,44747852,44749657,1805
pre_xy_15388,chr7,44795586,44797676,2090
pre_xy_15389,chr7,44846988,44848778,1790
pre_xy_15390,chr7,44884233,44886177,1944
pre_xy_15391,chr7,44962179,44963395,1216
pre_xy_15392,chr7,44985914,44987091,1177
pre_xy_15393,chr7,44999067,45000788,1721
pre_xy_15394,chr7,45088039,45089906,1867
pre_xy_15395,chr7,45110922,45112310,1388
pre_xy_15396,chr7,45573276,45575242,1966
pre_xy_15397,chr7,45768306,45769459,1153
pre_xy_15398,chr7,45888153,45889823,1670
pre_xy_15399,chr7,45920365,45921686,1321
pre_xy_15400,chr7,46953606,46954907,1301
pre_xy_15401,chr7,47253449,47254770,1321
pre_xy_15402,chr7,47326763,47328685,1922
pre_xy_15403,chr7,47371140,47372586,1446
pre_xy_15404,chr7,47391448,47392867,1419
pre_xy_15405,chr7,47536327,47537646,1319
pre_xy_15406,chr7,47570425,47572194,1769
pre_xy_15407,chr7,47580878,47582722,1844
pre_xy_15408,chr7,47582916,47583966,1050
pre_xy_15409,chr7,47978622,47980123,1501
pre_xy_15410,chr7,48035082,48036460,1378
pre_xy_15411,chr7,48088299,48089904,1605
pre_xy_15412,chr7,49773004,49776077,3073
pre_xy_15413,chr7,50303385,50305163,1778
pre_xy_15414,chr7,50449484,50451069,1585
pre_xy_15415,chr7,50781996,50783256,1260
pre_xy_15416,chr7,50791874,50794013,2139
pre_xy_15417,chr7,51315395,51317466,2071
pre_xy_15418,chr7,54663862,54665527,1665
pre_xy_15419,chr7,54758334,54759938,1604
pre_xy_15420,chr7,55018260,55020713,2453
pre_xy_15421,chr7,55254429,55255978,1549
pre_xy_15422,chr7,55365074,55367051,1977
pre_xy_15423,chr7,55571444,55573177,1733
pre_xy_15424,chr7,55886754,55888111,1357
pre_xy_15425,chr7,55951313,55952417,1104
pre_xy_15426,chr7,55964026,55965294,1268
pre_xy_15427,chr7,56033618,56034707,1089
pre_xy_15428,chr7,56050914,56052340,1426
pre_xy_15429,chr7,56063675,56065376,1701
pre_xy_15430,chr7,56105421,56106811,1390
pre_xy_15431,chr7,64306414,64308132,1718
pre_xy_15432,chr7,64313399,64315056,1657
pre_xy_15433,chr7,64562350,64563378,1028
pre_xy_15434,chr7,64569142,64570518,1376
pre_xy_15435,chr7,64665607,64666688,1081
pre_xy_15436,chr7,64793894,64795132,1238
pre_xy_15437,chr7,64902511,64903824,1313
pre_xy_15438,chr7,65005960,65007284,1324
pre_xy_15439,chr7,65037547,65039162,1615
pre_xy_15440,chr7,65080670,65081553,883
pre_xy_15441,chr7,65239221,65240358,1137
pre_xy_15442,chr7,65251460,65252839,1379
pre_xy_15443,chr7,65268743,65270085,1342
pre_xy_15444,chr7,65373290,65374355,1065
pre_xy_15445,chr7,65750176,65751946,1770
pre_xy_15446,chr7,65770199,65771243,1044
pre_xy_15447,chr7,65872455,65874086,1631
pre_xy_15448,chr7,65981547,65982727,1180
pre_xy_15449,chr7,66043435,66044745,1310
pre_xy_15450,chr7,66075224,66076562,1338
pre_xy_15451,chr7,66099032,66100635,1603
pre_xy_15452,chr7,66114242,66115651,1409
pre_xy_15453,chr7,66204515,66206656,2141
pre_xy_15454,chr7,66412924,66414133,1209
pre_xy_15455,chr7,66492967,66494211,1244
pre_xy_15456,chr7,66591158,66592608,1450
pre_xy_15457,chr7,66627823,66629613,1790
pre_xy_15458,chr7,66653803,66655434,1631
pre_xy_15459,chr7,66681451,66683026,1575
pre_xy_15460,chr7,66739991,66741964,1973
pre_xy_15461,chr7,66844134,66845591,1457
pre_xy_15462,chr7,66920632,66922341,1709
pre_xy_15463,chr7,66994510,66995898,1388
pre_xy_15464,chr7,66996169,66997154,985
pre_xy_15465,chr7,67301866,67303348,1482
pre_xy_15466,chr7,69597048,69600383,3335
pre_xy_15467,chr7,70582657,70584946,2289
pre_xy_15468,chr7,70595429,70596690,1261
pre_xy_15469,chr7,70693341,70695711,2370
pre_xy_15470,chr7,71131130,71133210,2080
pre_xy_15471,chr7,72335753,72337787,2034
pre_xy_15472,chr7,72827763,72828826,1063
pre_xy_15473,chr7,72828986,72830347,1361
pre_xy_15474,chr7,72878848,72880246,1398
pre_xy_15475,chr7,72924379,72925812,1433
pre_xy_15476,chr7,73005398,73006302,904
pre_xy_15477,chr7,73433354,73434631,1277
pre_xy_15478,chr7,73521160,73522909,1749
pre_xy_15479,chr7,73556592,73558094,1502
pre_xy_15480,chr7,73577623,73579306,1683
pre_xy_15481,chr7,73622623,73624755,2132
pre_xy_15482,chr7,73667330,73669153,1823
pre_xy_15483,chr7,73682433,73684231,1798
pre_xy_15484,chr7,73718971,73719984,1013
pre_xy_15485,chr7,73738044,73739485,1441
pre_xy_15486,chr7,73742374,73743572,1198
pre_xy_15487,chr7,73768773,73770982,2209
pre_xy_15488,chr7,73841869,73842903,1034
pre_xy_15489,chr7,74026607,74028572,1965
pre_xy_15490,chr7,74082947,74084744,1797
pre_xy_15491,chr7,74093558,74095204,1646
pre_xy_15492,chr7,74173200,74175153,1953
pre_xy_15493,chr7,74253672,74255049,1377
pre_xy_15494,chr7,74279328,74280903,1575
pre_xy_15495,chr7,74288807,74290677,1870
pre_xy_15496,chr7,74371123,74373133,2010
pre_xy_15497,chr7,74452761,74455192,2431
pre_xy_15498,chr7,74479995,74481488,1493
pre_xy_15499,chr7,74656443,74658947,2504
pre_xy_15500,chr7,75072837,75074166,1329
pre_xy_15501,chr7,75485372,75486637,1265
pre_xy_15502,chr7,75527096,75528515,1419
pre_xy_15503,chr7,75638315,75640107,1792
pre_xy_15504,chr7,75737989,75739917,1928
pre_xy_15505,chr7,75878359,75880224,1865
pre_xy_15506,chr7,75914230,75916134,1904
pre_xy_15507,chr7,75993448,75995204,1756
pre_xy_15508,chr7,76047294,76048921,1627
pre_xy_15509,chr7,76166080,76167161,1081
pre_xy_15510,chr7,76177837,76178657,820
pre_xy_15511,chr7,76201299,76202170,871
pre_xy_15512,chr7,76259779,76260886,1107
pre_xy_15513,chr7,76281107,76283138,2031
pre_xy_15514,chr7,76291234,76292504,1270
pre_xy_15515,chr7,76294283,76295179,896
pre_xy_15516,chr7,76302021,76304081,2060
pre_xy_15517,chr7,76304197,76305283,1086
pre_xy_15518,chr7,76314006,76314615,609
pre_xy_15519,chr7,76317027,76319130,2103
pre_xy_15520,chr7,76357700,76359961,2261
pre_xy_15521,chr7,76379344,76380615,1271
pre_xy_15522,chr7,76392660,76393964,1304
pre_xy_15523,chr7,76423129,76424336,1207
pre_xy_15524,chr7,76548783,76550073,1290
pre_xy_15525,chr7,77121792,77122824,1032
pre_xy_15526,chr7,77415268,77416892,1624
pre_xy_15527,chr7,77536324,77538905,2581
pre_xy_15528,chr7,77695692,77697681,1989
pre_xy_15529,chr7,77797768,77799787,2019
pre_xy_15530,chr7,78018950,78020849,1899
pre_xy_15531,chr7,79451763,79454818,3055
pre_xy_15532,chr7,80134272,80136143,1871
pre_xy_15533,chr7,80918144,80919514,1370
pre_xy_15534,chr7,82442638,82444876,2238
pre_xy_15535,chr7,83161896,83163276,1380
pre_xy_15536,chr7,84194272,84195646,1374
pre_xy_15537,chr7,85184846,85187307,2461
pre_xy_15538,chr7,86643373,86645068,1695
pre_xy_15539,chr7,87058732,87060219,1487
pre_xy_15540,chr7,87151533,87153368,1835
pre_xy_15541,chr7,87218867,87221131,2264
pre_xy_15542,chr7,87344833,87346165,1332
pre_xy_15543,chr7,87600072,87601082,1010
pre_xy_15544,chr7,87627489,87629294,1805
pre_xy_15545,chr7,87875645,87877221,1576
pre_xy_15546,chr7,87933572,87935251,1679
pre_xy_15547,chr7,88218653,88220760,2107
pre_xy_15548,chr7,88758355,88760298,1943
pre_xy_15549,chr7,90118307,90119957,1650
pre_xy_15550,chr7,90154005,90154849,844
pre_xy_15551,chr7,90210945,90212550,1605
pre_xy_15552,chr7,90244378,90245897,1519
pre_xy_15553,chr7,90345564,90347066,1502
pre_xy_15554,chr7,90402918,90404373,1455
pre_xy_15555,chr7,90595443,90597616,2173
pre_xy_15556,chr7,91263413,91265905,2492
pre_xy_15557,chr7,91880004,91881229,1225
pre_xy_15558,chr7,91939855,91941834,1979
pre_xy_15559,chr7,92133292,92135903,2611
pre_xy_15560,chr7,92177176,92177835,659
pre_xy_15561,chr7,92178724,92179907,1183
pre_xy_15562,chr7,92244923,92247019,2096
pre_xy_15563,chr7,92446901,92448626,1725
pre_xy_15564,chr7,92527445,92529085,1640
pre_xy_15565,chr7,92589545,92590712,1167
pre_xy_15566,chr7,92695243,92696270,1027
pre_xy_15567,chr7,92832765,92834563,1798
pre_xy_15568,chr7,92834721,92837202,2481
pre_xy_15569,chr7,92916448,92917450,1002
pre_xy_15570,chr7,93231637,93232882,1245
pre_xy_15571,chr7,93574173,93575764,1591
pre_xy_15572,chr7,93889807,93891067,1260
pre_xy_15573,chr7,93920931,93922449,1518
pre_xy_15574,chr7,94003498,94005042,1544
pre_xy_15575,chr7,94275692,94277608,1916
pre_xy_15576,chr7,94300968,94302278,1310
pre_xy_15577,chr7,94393176,94396481,3305
pre_xy_15578,chr7,94509223,94510951,1728
pre_xy_15579,chr7,94655011,94656572,1561
pre_xy_15580,chr7,94656959,94658683,1724
pre_xy_15581,chr7,94907103,94909111,2008
pre_xy_15582,chr7,95433930,95435612,1682
pre_xy_15583,chr7,95595563,95597409,1846
pre_xy_15584,chr7,95772114,95773607,1493
pre_xy_15585,chr7,96075203,96076445,1242
pre_xy_15586,chr7,96320989,96322477,1488
pre_xy_15587,chr7,96709063,96710244,1181
pre_xy_15588,chr7,97005132,97006980,1848
pre_xy_15589,chr7,97016068,97017311,1243
pre_xy_15590,chr7,97117023,97118197,1174
pre_xy_15591,chr7,97732644,97734055,1411
pre_xy_15592,chr7,97871468,97872761,1293
pre_xy_15593,chr7,97971366,97972664,1298
pre_xy_15594,chr7,98106253,98107668,1415
pre_xy_15595,chr7,98251305,98252820,1515
pre_xy_15596,chr7,98280693,98282421,1728
pre_xy_15597,chr7,98400041,98401493,1452
pre_xy_15598,chr7,98616409,98617804,1395
pre_xy_15599,chr7,98801842,98802613,771
pre_xy_15600,chr7,98869346,98870692,1346
pre_xy_15601,chr7,98877620,98880164,2544
pre_xy_15602,chr7,99141826,99144533,2707
pre_xy_15603,chr7,99325094,99326392,1298
pre_xy_15604,chr7,99373919,99375718,1799
pre_xy_15605,chr7,99392385,99393765,1380
pre_xy_15606,chr7,99407820,99409746,1926
pre_xy_15607,chr7,99438299,99439648,1349
pre_xy_15608,chr7,99465419,99466590,1171
pre_xy_15609,chr7,99471626,99473582,1956
pre_xy_15610,chr7,99499390,99500570,1180
pre_xy_15611,chr7,99504207,99505465,1258
pre_xy_15612,chr7,99551151,99552398,1247
pre_xy_15613,chr7,99557859,99559514,1655
pre_xy_15614,chr7,99579781,99580896,1115
pre_xy_15615,chr7,99616244,99617355,1111
pre_xy_15616,chr7,99832804,99834033,1229
pre_xy_15617,chr7,99918724,99919894,1170
pre_xy_15618,chr7,100015152,100016835,1683
pre_xy_15619,chr7,100049258,100050375,1117
pre_xy_15620,chr7,100080984,100083061,2077
pre_xy_15621,chr7,100088206,100089468,1262
pre_xy_15622,chr7,100100258,100102150,1892
pre_xy_15623,chr7,100118858,100120512,1654
pre_xy_15624,chr7,100126399,100128309,1910
pre_xy_15625,chr7,100148019,100149590,1571
pre_xy_15626,chr7,100156755,100159207,2452
pre_xy_15627,chr7,100176691,100178092,1401
pre_xy_15628,chr7,100270550,100272619,2069
pre_xy_15629,chr7,100335452,100336492,1040
pre_xy_15630,chr7,100427877,100430577,2700
pre_xy_15631,chr7,100435394,100436926,1532
pre_xy_15632,chr7,100450047,100451068,1021
pre_xy_15633,chr7,100478150,100479640,1490
pre_xy_15634,chr7,100483068,100484609,1541
pre_xy_15635,chr7,100489645,100490376,731
pre_xy_15636,chr7,100538349,100539917,1568
pre_xy_15637,chr7,100569334,100570577,1243
pre_xy_15638,chr7,100582994,100584272,1278
pre_xy_15639,chr7,100584320,100586960,2640
pre_xy_15640,chr7,100603644,100605186,1542
pre_xy_15641,chr7,100611550,100613338,1788
pre_xy_15642,chr7,100626194,100627153,959
pre_xy_15643,chr7,100632773,100634159,1386
pre_xy_15644,chr7,100673010,100676353,3343
pre_xy_15645,chr7,100691354,100692062,708
pre_xy_15646,chr7,100693111,100694677,1566
pre_xy_15647,chr7,100705108,100706645,1537
pre_xy_15648,chr7,100801389,100802580,1191
pre_xy_15649,chr7,100826593,100828161,1568
pre_xy_15650,chr7,100835641,100837692,2051
pre_xy_15651,chr7,100851856,100853613,1757
pre_xy_15652,chr7,100866589,100868357,1768
pre_xy_15653,chr7,100874300,100875719,1419
pre_xy_15654,chr7,100889069,100891254,2185
pre_xy_15655,chr7,100895552,100897481,1929
pre_xy_15656,chr7,100965588,100966984,1396
pre_xy_15657,chr7,101016624,101017770,1146
pre_xy_15658,chr7,101084795,101086088,1293
pre_xy_15659,chr7,101153805,101155193,1388
pre_xy_15660,chr7,101162512,101164006,1494
pre_xy_15661,chr7,101172038,101172911,873
pre_xy_15662,chr7,101216531,101218620,2089
pre_xy_15663,chr7,101243884,101245343,1459
pre_xy_15664,chr7,101251659,101252718,1059
pre_xy_15665,chr7,101321117,101322846,1729
pre_xy_15666,chr7,101362328,101364240,1912
pre_xy_15667,chr7,101743038,101744035,997
pre_xy_15668,chr7,101814030,101814501,471
pre_xy_15669,chr7,101814807,101817859,3052
pre_xy_15670,chr7,102285942,102288125,2183
pre_xy_15671,chr7,102363313,102364648,1335
pre_xy_15672,chr7,102395534,102397128,1594
pre_xy_15673,chr7,102432741,102434365,1624
pre_xy_15674,chr7,102464045,102465649,1604
pre_xy_15675,chr7,102748275,102749397,1122
pre_xy_15676,chr7,103074030,103075874,1844
pre_xy_15677,chr7,103148281,103149778,1497
pre_xy_15678,chr7,103161865,103163239,1374
pre_xy_15679,chr7,103279542,103281176,1634
pre_xy_15680,chr7,103296931,103297910,979
pre_xy_15681,chr7,103343838,103344979,1141
pre_xy_15682,chr7,103347295,103348203,908
pre_xy_15683,chr7,103988567,103990683,2116
pre_xy_15684,chr7,104206931,104208586,1655
pre_xy_15685,chr7,104944762,104945575,813
pre_xy_15686,chr7,104983210,104984892,1682
pre_xy_15687,chr7,105012346,105014525,2179
pre_xy_15688,chr7,105387631,105389585,1954
pre_xy_15689,chr7,105521117,105522780,1663
pre_xy_15690,chr7,105531451,105532846,1395
pre_xy_15691,chr7,105580893,105581779,886
pre_xy_15692,chr7,105875977,105877580,1603
pre_xy_15693,chr7,106009235,106010677,1442
pre_xy_15694,chr7,106111136,106112820,1684
pre_xy_15695,chr7,106283858,106285984,2126
pre_xy_15696,chr7,106659734,106661616,1882
pre_xy_15697,chr7,107044006,107045667,1661
pre_xy_15698,chr7,107167668,107170125,2457
pre_xy_15699,chr7,107563158,107564535,1377
pre_xy_15700,chr7,107579599,107580749,1150
pre_xy_15701,chr7,107660561,107662214,1653
pre_xy_15702,chr7,107742895,107744608,1713
pre_xy_15703,chr7,107890493,107891895,1402
pre_xy_15704,chr7,108001231,108003713,2482
pre_xy_15705,chr7,108454566,108456791,2225
pre_xy_15706,chr7,108525262,108526781,1519
pre_xy_15707,chr7,108568980,108570740,1760
pre_xy_15708,chr7,111560811,111562747,1936
pre_xy_15709,chr7,111734623,111736892,2269
pre_xy_15710,chr7,112135863,112137532,1669
pre_xy_15711,chr7,112204914,112207290,2376
pre_xy_15712,chr7,112449847,112451564,1717
pre_xy_15713,chr7,112789438,112790865,1427
pre_xy_15714,chr7,112938707,112940653,1946
pre_xy_15715,chr7,113085632,113087966,2334
pre_xy_15716,chr7,113117883,113118986,1103
pre_xy_15717,chr7,114084365,114087725,3360
pre_xy_15718,chr7,114921622,114923552,1930
pre_xy_15719,chr7,115475875,115477779,1904
pre_xy_15720,chr7,116210100,116211638,1538
pre_xy_15721,chr7,116353662,116355622,1960
pre_xy_15722,chr7,116499037,116500843,1806
pre_xy_15723,chr7,116524469,116526722,2253
pre_xy_15724,chr7,116671526,116673265,1739
pre_xy_15725,chr7,116862034,116863506,1472
pre_xy_15726,chr7,116952753,116954608,1855
pre_xy_15727,chr7,117019720,117020911,1191
pre_xy_15728,chr7,117322663,117324927,2264
pre_xy_15729,chr7,117871862,117873976,2114
pre_xy_15730,chr7,118183223,118184802,1579
pre_xy_15731,chr7,118213902,118214888,986
pre_xy_15732,chr7,120272161,120274126,1965
pre_xy_15733,chr7,120856086,120858546,2460
pre_xy_15734,chr7,120949914,120951445,1531
pre_xy_15735,chr7,120987484,120989371,1887
pre_xy_15736,chr7,121328656,121330798,2142
pre_xy_15737,chr7,121395419,121396668,1249
pre_xy_15738,chr7,121872381,121874316,1935
pre_xy_15739,chr7,122142971,122144725,1754
pre_xy_15740,chr7,122688003,122689013,1010
pre_xy_15741,chr7,122885521,122887586,2065
pre_xy_15742,chr7,123534049,123535342,1293
pre_xy_15743,chr7,123556958,123558361,1403
pre_xy_15744,chr7,123747588,123749743,2155
pre_xy_15745,chr7,124031886,124033876,1990
pre_xy_15746,chr7,124764007,124766574,2567
pre_xy_15747,chr7,124929270,124930310,1040
pre_xy_15748,chr7,127251211,127254219,3008
pre_xy_15749,chr7,127347467,127348282,815
pre_xy_15750,chr7,127391445,127393939,2494
pre_xy_15751,chr7,127585088,127585821,733
pre_xy_15752,chr7,127587682,127589172,1490
pre_xy_15753,chr7,127651077,127652606,1529
pre_xy_15754,chr7,128030778,128032935,2157
pre_xy_15755,chr7,128134494,128136631,2137
pre_xy_15756,chr7,128166383,128169013,2630
pre_xy_15757,chr7,128200835,128202327,1492
pre_xy_15758,chr7,128208328,128210110,1782
pre_xy_15759,chr7,128270808,128272499,1691
pre_xy_15760,chr7,128343149,128344116,967
pre_xy_15761,chr7,128350999,128352540,1541
pre_xy_15762,chr7,128360307,128362345,2038
pre_xy_15763,chr7,128387191,128388218,1027
pre_xy_15764,chr7,128405313,128406285,972
pre_xy_15765,chr7,128408866,128410540,1674
pre_xy_15766,chr7,128455010,128456296,1286
pre_xy_15767,chr7,128476155,128477361,1206
pre_xy_15768,chr7,128530208,128532421,2213
pre_xy_15769,chr7,128738498,128740019,1521
pre_xy_15770,chr7,128790219,128792196,1977
pre_xy_15771,chr7,128829827,128830972,1145
pre_xy_15772,chr7,128831163,128834201,3038
pre_xy_15773,chr7,128862243,128863847,1604
pre_xy_15774,chr7,128868789,128870147,1358
pre_xy_15775,chr7,128909562,128910848,1286
pre_xy_15776,chr7,128937476,128939133,1657
pre_xy_15777,chr7,129054112,129055514,1402
pre_xy_15778,chr7,129066324,129068123,1799
pre_xy_15779,chr7,129144159,129145198,1039
pre_xy_15780,chr7,129168199,129170372,2173
pre_xy_15781,chr7,129187860,129189742,1882
pre_xy_15782,chr7,129224232,129226392,2160
pre_xy_15783,chr7,129433608,129435210,1602
pre_xy_15784,chr7,129501762,129503497,1735
pre_xy_15785,chr7,129610959,129613026,2067
pre_xy_15786,chr7,129779431,129780707,1276
pre_xy_15787,chr7,129824679,129826144,1465
pre_xy_15788,chr7,129829866,129830891,1025
pre_xy_15789,chr7,129948807,129949878,1071
pre_xy_15790,chr7,129951268,129953188,1920
pre_xy_15791,chr7,130050698,130051729,1031
pre_xy_15792,chr7,130069816,130071320,1504
pre_xy_15793,chr7,130140596,130142569,1973
pre_xy_15794,chr7,130204709,130205979,1270
pre_xy_15795,chr7,130272455,130274212,1757
pre_xy_15796,chr7,130365095,130366467,1372
pre_xy_15797,chr7,130372863,130374304,1441
pre_xy_15798,chr7,130440383,130441486,1103
pre_xy_15799,chr7,130490838,130492558,1720
pre_xy_15800,chr7,130667650,130669252,1602
pre_xy_15801,chr7,130733193,130735030,1837
pre_xy_15802,chr7,131105460,131108367,2907
pre_xy_15803,chr7,131327071,131328726,1655
pre_xy_15804,chr7,131555664,131557253,1589
pre_xy_15805,chr7,131557444,131558357,913
pre_xy_15806,chr7,132575291,132577789,2498
pre_xy_15807,chr7,133080985,133082549,1564
pre_xy_15808,chr7,133139189,133140053,864
pre_xy_15809,chr7,133252568,133253765,1197
pre_xy_15810,chr7,134126702,134127871,1169
pre_xy_15811,chr7,134315985,134317487,1502
pre_xy_15812,chr7,134432146,134433248,1102
pre_xy_15813,chr7,134458161,134459438,1277
pre_xy_15814,chr7,134645869,134647503,1634
pre_xy_15815,chr7,134778830,134780771,1941
pre_xy_15816,chr7,134891004,134892628,1624
pre_xy_15817,chr7,134985987,134987260,1273
pre_xy_15818,chr7,135169947,135171142,1195
pre_xy_15819,chr7,135210488,135212462,1974
pre_xy_15820,chr7,135508868,135511136,2268
pre_xy_15821,chr7,135557295,135558814,1519
pre_xy_15822,chr7,135661679,135663172,1493
pre_xy_15823,chr7,135929274,135931074,1800
pre_xy_15824,chr7,135976452,135977857,1405
pre_xy_15825,chr7,136032617,136034385,1768
pre_xy_15826,chr7,136868372,136871572,3200
pre_xy_15827,chr7,137846126,137847735,1609
pre_xy_15828,chr7,138000911,138002559,1648
pre_xy_15829,chr7,138257254,138258468,1214
pre_xy_15830,chr7,138459593,138461410,1817
pre_xy_15831,chr7,138890421,138892347,1926
pre_xy_15832,chr7,138980444,138982220,1776
pre_xy_15833,chr7,139034852,139036585,1733
pre_xy_15834,chr7,139107814,139110074,2260
pre_xy_15835,chr7,139132917,139134181,1264
pre_xy_15836,chr7,139230499,139232483,1984
pre_xy_15837,chr7,139339885,139341985,2100
pre_xy_15838,chr7,139358686,139360958,2272
pre_xy_15839,chr7,139482648,139484168,1520
pre_xy_15840,chr7,139775739,139778850,3111
pre_xy_15841,chr7,140061804,140063465,1661
pre_xy_15842,chr7,140175185,140177860,2675
pre_xy_15843,chr7,140229722,140231750,2028
pre_xy_15844,chr7,140397509,140398715,1206
pre_xy_15845,chr7,140478284,140479718,1434
pre_xy_15846,chr7,140541182,140542603,1421
pre_xy_15847,chr7,140639347,140641790,2443
pre_xy_15848,chr7,140672390,140674173,1783
pre_xy_15849,chr7,140696044,140697617,1573
pre_xy_15850,chr7,140923510,140925349,1839
pre_xy_15851,chr7,141014003,141015450,1447
pre_xy_15852,chr7,141072155,141074819,2664
pre_xy_15853,chr7,141550466,141551841,1375
pre_xy_15854,chr7,141700825,141702609,1784
pre_xy_15855,chr7,141737698,141738755,1057
pre_xy_15856,chr7,142853884,142856154,2270
pre_xy_15857,chr7,143262925,143264151,1226
pre_xy_15858,chr7,143287632,143289213,1581
pre_xy_15859,chr7,143361576,143363218,1642
pre_xy_15860,chr7,143379993,143382112,2119
pre_xy_15861,chr7,143881726,143883107,1381
pre_xy_15862,chr7,143884826,143885569,743
pre_xy_15863,chr7,143901195,143902389,1194
pre_xy_15864,chr7,144834787,144836405,1618
pre_xy_15865,chr7,146115553,146117079,1526
pre_xy_15866,chr7,148338816,148339936,1120
pre_xy_15867,chr7,148624632,148626239,1607
pre_xy_15868,chr7,148698030,148700268,2238
pre_xy_15869,chr7,148882824,148885168,2344
pre_xy_15870,chr7,148940381,148942165,1784
pre_xy_15871,chr7,148962547,148964742,2195
pre_xy_15872,chr7,148982629,148984213,1584
pre_xy_15873,chr7,148986919,148988249,1330
pre_xy_15874,chr7,149027570,149029215,1645
pre_xy_15875,chr7,149064807,149066132,1325
pre_xy_15876,chr7,149090072,149091777,1705
pre_xy_15877,chr7,149125349,149127912,2563
pre_xy_15878,chr7,149146734,149148636,1902
pre_xy_15879,chr7,149195024,149197055,2031
pre_xy_15880,chr7,149238908,149240354,1446
pre_xy_15881,chr7,149261310,149262787,1477
pre_xy_15882,chr7,149284674,149285993,1319
pre_xy_15883,chr7,149414636,149415846,1210
pre_xy_15884,chr7,149421979,149424039,2060
pre_xy_15885,chr7,149459349,149461171,1822
pre_xy_15886,chr7,149496046,149498202,2156
pre_xy_15887,chr7,149623679,149625841,2162
pre_xy_15888,chr7,149713933,149715373,1440
pre_xy_15889,chr7,149764455,149766150,1695
pre_xy_15890,chr7,149771272,149774040,2768
pre_xy_15891,chr7,149837814,149839319,1505
pre_xy_15892,chr7,149872671,149874373,1702
pre_xy_15893,chr7,150322518,150324823,2305
pre_xy_15894,chr7,150339825,150342184,2359
pre_xy_15895,chr7,150367909,150369833,1924
pre_xy_15896,chr7,150378148,150380083,1935
pre_xy_15897,chr7,150404593,150406930,2337
pre_xy_15898,chr7,150799595,150801963,2368
pre_xy_15899,chr7,150876688,150877813,1125
pre_xy_15900,chr7,150944966,150946764,1798
pre_xy_15901,chr7,150954422,150956481,2059
pre_xy_15902,chr7,150971054,150972494,1440
pre_xy_15903,chr7,150974465,150975317,852
pre_xy_15904,chr7,150977701,150979949,2248
pre_xy_15905,chr7,150988329,150989771,1442
pre_xy_15906,chr7,151013342,151014466,1124
pre_xy_15907,chr7,151017838,151019698,1860
pre_xy_15908,chr7,151027181,151028997,1816
pre_xy_15909,chr7,151050739,151051532,793
pre_xy_15910,chr7,151057558,151058591,1033
pre_xy_15911,chr7,151059153,151061583,2430
pre_xy_15912,chr7,151062327,151063489,1162
pre_xy_15913,chr7,151080062,151081219,1157
pre_xy_15914,chr7,151082995,151083800,805
pre_xy_15915,chr7,151085625,151086708,1083
pre_xy_15916,chr7,151086895,151088070,1175
pre_xy_15917,chr7,151114178,151116356,2178
pre_xy_15918,chr7,151125423,151126460,1037
pre_xy_15919,chr7,151166938,151168558,1620
pre_xy_15920,chr7,151226541,151227770,1229
pre_xy_15921,chr7,151231993,151233427,1434
pre_xy_15922,chr7,151245303,151245896,593
pre_xy_15923,chr7,151247950,151249939,1989
pre_xy_15924,chr7,151251295,151252591,1296
pre_xy_15925,chr7,151275815,151277649,1834
pre_xy_15926,chr7,151303115,151304013,898
pre_xy_15927,chr7,151340937,151342129,1192
pre_xy_15928,chr7,151380840,151382524,1684
pre_xy_15929,chr7,151408748,151410962,2214
pre_xy_15930,chr7,151448097,151448970,873
pre_xy_15931,chr7,151459255,151460795,1540
pre_xy_15932,chr7,151518042,151520869,2827
pre_xy_15933,chr7,151631245,151633258,2013
pre_xy_15934,chr7,151875168,151877782,2614
pre_xy_15935,chr7,152025119,152026262,1143
pre_xy_15936,chr7,152434523,152437043,2520
pre_xy_15937,chr7,152463008,152465082,2074
pre_xy_15938,chr7,152674799,152676496,1697
pre_xy_15939,chr7,152759163,152760561,1398
pre_xy_15940,chr7,152908602,152911221,2619
pre_xy_15941,chr7,152924826,152926277,1451
pre_xy_15942,chr7,153886068,153888539,2471
pre_xy_15943,chr7,154912870,154914440,1570
pre_xy_15944,chr7,155002182,155004281,2099
pre_xy_15945,chr7,155069731,155070566,835
pre_xy_15946,chr7,155253525,155254446,921
pre_xy_15947,chr7,155296709,155299336,2627
pre_xy_15948,chr7,155456776,155458183,1407
pre_xy_15949,chr7,155532844,155534279,1435
pre_xy_15950,chr7,155643692,155645337,1645
pre_xy_15951,chr7,155744405,155746024,1619
pre_xy_15952,chr7,155804675,155805877,1202
pre_xy_15953,chr7,156639549,156641244,1695
pre_xy_15954,chr7,156891948,156893806,1858
pre_xy_15955,chr7,156948678,156950788,2110
pre_xy_15956,chr7,157009520,157011273,1753
pre_xy_15957,chr7,157138232,157139833,1601
pre_xy_15958,chr7,157336133,157338081,1948
pre_xy_15959,chr7,157432129,157433294,1165
pre_xy_15960,chr7,157568200,157569554,1354
pre_xy_15961,chr7,157612678,157614168,1490
pre_xy_15962,chr7,157690389,157691443,1054
pre_xy_15963,chr7,158587265,158588629,1364
pre_xy_15964,chr7,158704297,158705797,1500
pre_xy_15965,chr7,158828004,158830440,2436
pre_xy_15966,chr7,158855943,158857098,1155
pre_xy_15967,chr7,158863025,158864477,1452
pre_xy_15968,chr7,159030215,159031565,1350
pre_xy_15969,chr7,159143790,159145822,2032
pre_xy_15970,chr8,231950,233149,1199
pre_xy_15971,chr8,406135,407466,1331
pre_xy_15972,chr8,544070,546554,2484
pre_xy_15973,chr8,686653,688582,1929
pre_xy_15974,chr8,730546,731781,1235
pre_xy_15975,chr8,736926,739321,2395
pre_xy_15976,chr8,1700866,1702190,1324
pre_xy_15977,chr8,1762709,1765086,2377
pre_xy_15978,chr8,1823113,1824532,1419
pre_xy_15979,chr8,1972731,1975248,2517
pre_xy_15980,chr8,2000279,2002467,2188
pre_xy_15981,chr8,4994049,4995043,994
pre_xy_15982,chr8,6365884,6366995,1111
pre_xy_15983,chr8,6405651,6407546,1895
pre_xy_15984,chr8,6707694,6709393,1699
pre_xy_15985,chr8,6834057,6835869,1812
pre_xy_15986,chr8,6840393,6841763,1370
pre_xy_15987,chr8,7354662,7355532,870
pre_xy_15988,chr8,8227317,8229268,1951
pre_xy_15989,chr8,8385289,8387102,1813
pre_xy_15990,chr8,8701233,8703227,1994
pre_xy_15991,chr8,8892027,8894054,2027
pre_xy_15992,chr8,9002273,9003441,1168
pre_xy_15993,chr8,9149821,9151832,2011
pre_xy_15994,chr8,9555279,9556897,1618
pre_xy_15995,chr8,10053880,10055625,1745
pre_xy_15996,chr8,10333679,10335261,1582
pre_xy_15997,chr8,10729750,10731162,1412
pre_xy_15998,chr8,10838883,10840282,1399
pre_xy_15999,chr8,11014958,11016860,1902
pre_xy_16000,chr8,11199942,11202020,2078
pre_xy_16001,chr8,11283762,11285261,1499
pre_xy_16002,chr8,11346709,11348540,1831
pre_xy_16003,chr8,11466072,11467954,1882
pre_xy_16004,chr8,11563687,11564969,1282
pre_xy_16005,chr8,11593171,11595741,2570
pre_xy_16006,chr8,11624891,11626114,1223
pre_xy_16007,chr8,11630919,11633362,2443
pre_xy_16008,chr8,11676385,11677633,1248
pre_xy_16009,chr8,11682711,11683295,584
pre_xy_16010,chr8,11685493,11686210,717
pre_xy_16011,chr8,11691962,11693321,1359
pre_xy_16012,chr8,11701259,11702704,1445
pre_xy_16013,chr8,11702881,11704324,1443
pre_xy_16014,chr8,11769134,11770883,1749
pre_xy_16015,chr8,11801895,11803428,1533
pre_xy_16016,chr8,11807861,11809206,1345
pre_xy_16017,chr8,11866829,11868877,2048
pre_xy_16018,chr8,11901488,11902893,1405
pre_xy_16019,chr8,12014300,12015439,1139
pre_xy_16020,chr8,12194016,12195105,1089
pre_xy_16021,chr8,12658628,12659683,1055
pre_xy_16022,chr8,12664834,12665815,981
pre_xy_16023,chr8,12753693,12756165,2472
pre_xy_16024,chr8,12951088,12952556,1468
pre_xy_16025,chr8,13132201,13133842,1641
pre_xy_16026,chr8,13275353,13276980,1627
pre_xy_16027,chr8,13565976,13567143,1167
pre_xy_16028,chr8,15236689,15237694,1005
pre_xy_16029,chr8,15539687,15540904,1217
pre_xy_16030,chr8,17000949,17002839,1890
pre_xy_16031,chr8,17026510,17028133,1623
pre_xy_16032,chr8,17097603,17098354,751
pre_xy_16033,chr8,17155579,17157391,1812
pre_xy_16034,chr8,17158675,17160129,1454
pre_xy_16035,chr8,17246002,17247757,1755
pre_xy_16036,chr8,17412708,17413956,1248
pre_xy_16037,chr8,17496098,17498943,2845
pre_xy_16038,chr8,17575803,17577818,2015
pre_xy_16039,chr8,17660992,17662273,1281
pre_xy_16040,chr8,17799894,17801886,1992
pre_xy_16041,chr8,17849720,17851654,1934
pre_xy_16042,chr8,17922276,17924231,1955
pre_xy_16043,chr8,18083074,18085115,2041
pre_xy_16044,chr8,19013140,19014682,1542
pre_xy_16045,chr8,19312509,19314653,2144
pre_xy_16046,chr8,19756320,19758048,1728
pre_xy_16047,chr8,19816583,19818403,1820
pre_xy_16048,chr8,19939008,19940759,1751
pre_xy_16049,chr8,20196617,20198130,1513
pre_xy_16050,chr8,20287743,20288594,851
pre_xy_16051,chr8,20302356,20304246,1890
pre_xy_16052,chr8,20589235,20590689,1454
pre_xy_16053,chr8,21027616,21029058,1442
pre_xy_16054,chr8,21787319,21790655,3336
pre_xy_16055,chr8,21918789,21920890,2101
pre_xy_16056,chr8,22009647,22011016,1369
pre_xy_16057,chr8,22023682,22025555,1873
pre_xy_16058,chr8,22043797,22045511,1714
pre_xy_16059,chr8,22053277,22054559,1282
pre_xy_16060,chr8,22066045,22067270,1225
pre_xy_16061,chr8,22088653,22090511,1858
pre_xy_16062,chr8,22108675,22110380,1705
pre_xy_16063,chr8,22129710,22132164,2454
pre_xy_16064,chr8,22140991,22142746,1755
pre_xy_16065,chr8,22156110,22157340,1230
pre_xy_16066,chr8,22164167,22166087,1920
pre_xy_16067,chr8,22244330,22245665,1335
pre_xy_16068,chr8,22366737,22368096,1359
pre_xy_16069,chr8,22440206,22441792,1586
pre_xy_16070,chr8,22550733,22553120,2387
pre_xy_16071,chr8,22553625,22555294,1669
pre_xy_16072,chr8,22561029,22562609,1580
pre_xy_16073,chr8,22565001,22566259,1258
pre_xy_16074,chr8,22574120,22574760,640
pre_xy_16075,chr8,22578186,22580622,2436
pre_xy_16076,chr8,22588708,22589695,987
pre_xy_16077,chr8,22595050,22595515,465
pre_xy_16078,chr8,22596955,22597828,873
pre_xy_16079,chr8,22598123,22600228,2105
pre_xy_16080,chr8,22604255,22605383,1128
pre_xy_16081,chr8,22668368,22669390,1022
pre_xy_16082,chr8,22693063,22693761,698
pre_xy_16083,chr8,22694218,22695994,1776
pre_xy_16084,chr8,22864499,22866112,1613
pre_xy_16085,chr8,22950151,22950964,813
pre_xy_16086,chr8,22984969,22986203,1234
pre_xy_16087,chr8,22998975,23000391,1416
pre_xy_16088,chr8,23018023,23020165,2142
pre_xy_16089,chr8,23067547,23069475,1928
pre_xy_16090,chr8,23162701,23164253,1552
pre_xy_16091,chr8,23223635,23225476,1841
pre_xy_16092,chr8,23246112,23247510,1398
pre_xy_16093,chr8,23287531,23288813,1282
pre_xy_16094,chr8,23335574,23336874,1300
pre_xy_16095,chr8,23402878,23404524,1646
pre_xy_16096,chr8,23456883,23458176,1293
pre_xy_16097,chr8,23527660,23530136,2476
pre_xy_16098,chr8,23540463,23542033,1570
pre_xy_16099,chr8,23681195,23683401,2206
pre_xy_16100,chr8,23714167,23715235,1068
pre_xy_16101,chr8,23978812,23980652,1840
pre_xy_16102,chr8,24913309,24915298,1989
pre_xy_16103,chr8,24954805,24956924,2119
pre_xy_16104,chr8,24999869,25001674,1805
pre_xy_16105,chr8,25183421,25185869,2448
pre_xy_16106,chr8,25282565,25284128,1563
pre_xy_16107,chr8,25457204,25459463,2259
pre_xy_16108,chr8,26045043,26046361,1318
pre_xy_16109,chr8,26290970,26292868,1898
pre_xy_16110,chr8,26382571,26384273,1702
pre_xy_16111,chr8,26448126,26450370,2244
pre_xy_16112,chr8,26513414,26515368,1954
pre_xy_16113,chr8,26576788,26579740,2952
pre_xy_16114,chr8,26640549,26642381,1832
pre_xy_16115,chr8,26865969,26867478,1509
pre_xy_16116,chr8,27274158,27275016,858
pre_xy_16117,chr8,27310349,27311802,1453
pre_xy_16118,chr8,27489725,27491695,1970
pre_xy_16119,chr8,27613953,27615093,1140
pre_xy_16120,chr8,27633188,27634497,1309
pre_xy_16121,chr8,27771896,27772975,1079
pre_xy_16122,chr8,27774027,27775160,1133
pre_xy_16123,chr8,27836583,27838238,1655
pre_xy_16124,chr8,28092346,28093546,1200
pre_xy_16125,chr8,28384945,28387078,2133
pre_xy_16126,chr8,28400725,28402871,2146
pre_xy_16127,chr8,28411350,28412513,1163
pre_xy_16128,chr8,28489998,28490916,918
pre_xy_16129,chr8,28493535,28495440,1905
pre_xy_16130,chr8,28621996,28623590,1594
pre_xy_16131,chr8,28700200,28702467,2267
pre_xy_16132,chr8,28889211,28891649,2438
pre_xy_16133,chr8,29261871,29263645,1774
pre_xy_16134,chr8,29314364,29315950,1586
pre_xy_16135,chr8,29348122,29349485,1363
pre_xy_16136,chr8,29349711,29351314,1603
pre_xy_16137,chr8,29529071,29530838,1767
pre_xy_16138,chr8,29736701,29738184,1483
pre_xy_16139,chr8,30081900,30083510,1610
pre_xy_16140,chr8,30094506,30096159,1653
pre_xy_16141,chr8,30155586,30157072,1486
pre_xy_16142,chr8,30157294,30158158,864
pre_xy_16143,chr8,30383602,30385807,2205
pre_xy_16144,chr8,30656934,30658694,1760
pre_xy_16145,chr8,30726944,30728339,1395
pre_xy_16146,chr8,30743324,30744730,1406
pre_xy_16147,chr8,30811361,30813083,1722
pre_xy_16148,chr8,30911345,30912662,1317
pre_xy_16149,chr8,31032212,31034267,2055
pre_xy_16150,chr8,31638725,31641259,2534
pre_xy_16151,chr8,32219744,32220992,1248
pre_xy_16152,chr8,32547545,32549365,1820
pre_xy_16153,chr8,33075581,33076686,1105
pre_xy_16154,chr8,33471442,33473550,2108
pre_xy_16155,chr8,33484304,33485678,1374
pre_xy_16156,chr8,33512084,33514907,2823
pre_xy_16157,chr8,33564843,33567475,2632
pre_xy_16158,chr8,33598740,33600182,1442
pre_xy_16159,chr8,35234974,35236677,1703
pre_xy_16160,chr8,35906164,35907203,1039
pre_xy_16161,chr8,37330469,37332138,1669
pre_xy_16162,chr8,37478910,37480159,1249
pre_xy_16163,chr8,37516518,37518017,1499
pre_xy_16164,chr8,37545135,37547549,2414
pre_xy_16165,chr8,37637221,37638732,1511
pre_xy_16166,chr8,37674841,37675904,1063
pre_xy_16167,chr8,37694380,37697314,2934
pre_xy_16168,chr8,37700008,37700608,600
pre_xy_16169,chr8,37735786,37737929,2143
pre_xy_16170,chr8,37762041,37763882,1841
pre_xy_16171,chr8,37796251,37797577,1326
pre_xy_16172,chr8,37841080,37842594,1514
pre_xy_16173,chr8,37849339,37850332,993
pre_xy_16174,chr8,37898668,37899992,1324
pre_xy_16175,chr8,37964896,37966793,1897
pre_xy_16176,chr8,38029730,38031904,2174
pre_xy_16177,chr8,38080978,38082574,1596
pre_xy_16178,chr8,38091019,38092806,1787
pre_xy_16179,chr8,38104600,38106338,1738
pre_xy_16180,chr8,38150561,38151269,708
pre_xy_16181,chr8,38153646,38154378,732
pre_xy_16182,chr8,38175748,38177951,2203
pre_xy_16183,chr8,38230749,38232498,1749
pre_xy_16184,chr8,38268074,38269723,1649
pre_xy_16185,chr8,38380801,38383268,2467
pre_xy_16186,chr8,38385914,38387145,1231
pre_xy_16187,chr8,38466062,38468874,2812
pre_xy_16188,chr8,38553437,38554747,1310
pre_xy_16189,chr8,38573780,38574502,722
pre_xy_16190,chr8,38650360,38651403,1043
pre_xy_16191,chr8,38734395,38735463,1068
pre_xy_16192,chr8,38756593,38758024,1431
pre_xy_16193,chr8,38769390,38770696,1306
pre_xy_16194,chr8,38786588,38788394,1806
pre_xy_16195,chr8,38900241,38902476,2235
pre_xy_16196,chr8,38973379,38975042,1663
pre_xy_16197,chr8,38995835,38997685,1850
pre_xy_16198,chr8,39534696,39536487,1791
pre_xy_16199,chr8,39581229,39582352,1123
pre_xy_16200,chr8,41307813,41309807,1994
pre_xy_16201,chr8,41489770,41491390,1620
pre_xy_16202,chr8,41528454,41529960,1506
pre_xy_16203,chr8,41542477,41543754,1277
pre_xy_16204,chr8,41577440,41578862,1422
pre_xy_16205,chr8,41645848,41646801,953
pre_xy_16206,chr8,41653198,41654685,1487
pre_xy_16207,chr8,41712280,41713420,1140
pre_xy_16208,chr8,41766616,41768145,1529
pre_xy_16209,chr8,41797027,41798709,1682
pre_xy_16210,chr8,41827764,41829146,1382
pre_xy_16211,chr8,41895696,41897707,2011
pre_xy_16212,chr8,42004879,42006047,1168
pre_xy_16213,chr8,42050702,42052855,2153
pre_xy_16214,chr8,42139528,42140999,1471
pre_xy_16215,chr8,42152045,42153668,1623
pre_xy_16216,chr8,42270567,42271977,1410
pre_xy_16217,chr8,42337742,42339141,1399
pre_xy_16218,chr8,42390986,42392526,1540
pre_xy_16219,chr8,42498318,42499484,1166
pre_xy_16220,chr8,42540658,42542380,1722
pre_xy_16221,chr8,42554190,42555464,1274
pre_xy_16222,chr8,42719844,42721321,1477
pre_xy_16223,chr8,42842319,42843669,1350
pre_xy_16224,chr8,42895786,42898038,2252
pre_xy_16225,chr8,43055428,43057243,1815
pre_xy_16226,chr8,43092314,43094226,1912
pre_xy_16227,chr8,43139105,43141958,2853
pre_xy_16228,chr8,47188366,47189489,1123
pre_xy_16229,chr8,47260072,47261470,1398
pre_xy_16230,chr8,47511947,47513945,1998
pre_xy_16231,chr8,47658964,47660621,1657
pre_xy_16232,chr8,47736496,47739160,2664
pre_xy_16233,chr8,47959566,47961684,2118
pre_xy_16234,chr8,48007876,48009247,1371
pre_xy_16235,chr8,48318176,48319376,1200
pre_xy_16236,chr8,48379548,48381293,1745
pre_xy_16237,chr8,48396145,48397505,1360
pre_xy_16238,chr8,48513872,48515463,1591
pre_xy_16239,chr8,48554571,48557351,2780
pre_xy_16240,chr8,48581080,48583702,2622
pre_xy_16241,chr8,48648947,48650731,1784
pre_xy_16242,chr8,48734616,48735981,1365
pre_xy_16243,chr8,48921092,48922143,1051
pre_xy_16244,chr8,51897508,51900152,2644
pre_xy_16245,chr8,52564099,52566115,2016
pre_xy_16246,chr8,52713083,52715059,1976
pre_xy_16247,chr8,52939659,52941940,2281
pre_xy_16248,chr8,53250473,53251953,1480
pre_xy_16249,chr8,53482835,53485028,2193
pre_xy_16250,chr8,53644060,53645630,1570
pre_xy_16251,chr8,53656941,53658756,1815
pre_xy_16252,chr8,53842363,53843624,1261
pre_xy_16253,chr8,53879539,53882424,2885
pre_xy_16254,chr8,54021206,54022897,1691
pre_xy_16255,chr8,54100903,54102392,1489
pre_xy_16256,chr8,54134524,54135745,1221
pre_xy_16257,chr8,54457662,54460007,2345
pre_xy_16258,chr8,55101002,55103217,2215
pre_xy_16259,chr8,55772024,55773924,1900
pre_xy_16260,chr8,55878792,55880866,2074
pre_xy_16261,chr8,56073461,56074983,1522
pre_xy_16262,chr8,56210080,56212579,2499
pre_xy_16263,chr8,56992594,56994602,2008
pre_xy_16264,chr8,57993862,57995666,1804
pre_xy_16265,chr8,58410782,58411920,1138
pre_xy_16266,chr8,58552484,58554149,1665
pre_xy_16267,chr8,58658309,58660222,1913
pre_xy_16268,chr8,59117285,59120146,2861
pre_xy_16269,chr8,60225459,60226871,1412
pre_xy_16270,chr8,60280481,60281820,1339
pre_xy_16271,chr8,60516323,60517675,1352
pre_xy_16272,chr8,60651165,60652775,1610
pre_xy_16273,chr8,60653040,60654057,1017
pre_xy_16274,chr8,60678049,60680821,2772
pre_xy_16275,chr8,60792366,60793253,887
pre_xy_16276,chr8,60908723,60910542,1819
pre_xy_16277,chr8,60921771,60923664,1893
pre_xy_16278,chr8,61023138,61024186,1048
pre_xy_16279,chr8,61077564,61078528,964
pre_xy_16280,chr8,61138639,61140127,1488
pre_xy_16281,chr8,61713441,61715036,1595
pre_xy_16282,chr8,62247454,62250033,2579
pre_xy_16283,chr8,63038353,63039660,1307
pre_xy_16284,chr8,63085111,63086632,1521
pre_xy_16285,chr8,63167765,63169268,1503
pre_xy_16286,chr8,64580282,64581932,1650
pre_xy_16287,chr8,64798062,64799271,1209
pre_xy_16288,chr8,65633454,65634573,1119
pre_xy_16289,chr8,65643554,65645436,1882
pre_xy_16290,chr8,65840638,65842797,2159
pre_xy_16291,chr8,66112585,66114882,2297
pre_xy_16292,chr8,66176658,66177809,1151
pre_xy_16293,chr8,66428167,66429938,1771
pre_xy_16294,chr8,66432122,66432810,688
pre_xy_16295,chr8,66438566,66439768,1202
pre_xy_16296,chr8,66506851,66508062,1211
pre_xy_16297,chr8,66612309,66614388,2079
pre_xy_16298,chr8,66666108,66667861,1753
pre_xy_16299,chr8,66712081,66713617,1536
pre_xy_16300,chr8,66774269,66775709,1440
pre_xy_16301,chr8,66870156,66871397,1241
pre_xy_16302,chr8,66924438,66925881,1443
pre_xy_16303,chr8,66961125,66963361,2236
pre_xy_16304,chr8,67027904,67029026,1122
pre_xy_16305,chr8,67061537,67062750,1213
pre_xy_16306,chr8,67063921,67065217,1296
pre_xy_16307,chr8,67109445,67110578,1133
pre_xy_16308,chr8,67339175,67339806,631
pre_xy_16309,chr8,67342196,67344536,2340
pre_xy_16310,chr8,67951493,67953490,1997
pre_xy_16311,chr8,68330100,68331696,1596
pre_xy_16312,chr8,69832196,69835218,3022
pre_xy_16313,chr8,70220169,70221764,1595
pre_xy_16314,chr8,70401652,70404664,3012
pre_xy_16315,chr8,70607049,70608711,1662
pre_xy_16316,chr8,70668226,70669641,1415
pre_xy_16317,chr8,71361388,71362431,1043
pre_xy_16318,chr8,71556042,71557725,1683
pre_xy_16319,chr8,71842723,71844735,2012
pre_xy_16320,chr8,72074659,72075901,1242
pre_xy_16321,chr8,72251115,72252104,989
pre_xy_16322,chr8,72536140,72538354,2214
pre_xy_16323,chr8,73008197,73009395,1198
pre_xy_16324,chr8,73293166,73296075,2909
pre_xy_16325,chr8,73370228,73371914,1686
pre_xy_16326,chr8,73745440,73747623,2183
pre_xy_16327,chr8,73877211,73879822,2611
pre_xy_16328,chr8,73971071,73972975,1904
pre_xy_16329,chr8,73975840,73976699,859
pre_xy_16330,chr8,74320301,74322051,1750
pre_xy_16331,chr8,74349885,74350972,1087
pre_xy_16332,chr8,74984029,74985430,1401
pre_xy_16333,chr8,75406643,75408245,1602
pre_xy_16334,chr8,76681675,76682863,1188
pre_xy_16335,chr8,76999604,77001110,1506
pre_xy_16336,chr8,78515469,78517004,1535
pre_xy_16337,chr8,78665221,78666841,1620
pre_xy_16338,chr8,79765164,79765675,511
pre_xy_16339,chr8,79767313,79769030,1717
pre_xy_16340,chr8,79783285,79784463,1178
pre_xy_16341,chr8,80029516,80030593,1077
pre_xy_16342,chr8,80170551,80171832,1281
pre_xy_16343,chr8,80485272,80487764,2492
pre_xy_16344,chr8,80577632,80579557,1925
pre_xy_16345,chr8,80726426,80727968,1542
pre_xy_16346,chr8,80767543,80768839,1296
pre_xy_16347,chr8,80819868,80821710,1842
pre_xy_16348,chr8,80872488,80874896,2408
pre_xy_16349,chr8,81110457,81112476,2019
pre_xy_16350,chr8,81279947,81281964,2017
pre_xy_16351,chr8,81685674,81686535,861
pre_xy_16352,chr8,81720317,81721651,1334
pre_xy_16353,chr8,81731622,81733042,1420
pre_xy_16354,chr8,81841352,81842966,1614
pre_xy_16355,chr8,84182044,84183574,1530
pre_xy_16356,chr8,84184302,84185075,773
pre_xy_16357,chr8,85106526,85107782,1256
pre_xy_16358,chr8,85176548,85178409,1861
pre_xy_16359,chr8,85219858,85220979,1121
pre_xy_16360,chr8,85244957,85246279,1322
pre_xy_16361,chr8,85462953,85464730,1777
pre_xy_16362,chr8,86341739,86343574,1835
pre_xy_16363,chr8,86507627,86509011,1384
pre_xy_16364,chr8,86513892,86515212,1320
pre_xy_16365,chr8,88326679,88329009,2330
pre_xy_16366,chr8,89756808,89758594,1786
pre_xy_16367,chr8,89901692,89903221,1529
pre_xy_16368,chr8,89983149,89984814,1665
pre_xy_16369,chr8,90000594,90002510,1916
pre_xy_16370,chr8,90009673,90010460,787
pre_xy_16371,chr8,90644706,90646687,1981
pre_xy_16372,chr8,90984584,90985782,1198
pre_xy_16373,chr8,91040017,91041254,1237
pre_xy_16374,chr8,91069210,91070778,1568
pre_xy_16375,chr8,92061266,92063731,2465
pre_xy_16376,chr8,92094799,92096385,1586
pre_xy_16377,chr8,92100896,92103910,3014
pre_xy_16378,chr8,92605363,92606913,1550
pre_xy_16379,chr8,92964649,92966342,1693
pre_xy_16380,chr8,93699651,93701432,1781
pre_xy_16381,chr8,93739937,93741348,1411
pre_xy_16382,chr8,93753954,93755580,1626
pre_xy_16383,chr8,93915943,93917989,2046
pre_xy_16384,chr8,93990902,93992135,1233
pre_xy_16385,chr8,94079507,94081464,1957
pre_xy_16386,chr8,94233891,94235116,1225
pre_xy_16387,chr8,94261587,94263100,1513
pre_xy_16388,chr8,94474498,94475628,1130
pre_xy_16389,chr8,94552920,94554547,1627
pre_xy_16390,chr8,94719197,94720597,1400
pre_xy_16391,chr8,94822406,94824003,1597
pre_xy_16392,chr8,94894359,94896844,2485
pre_xy_16393,chr8,94948208,94950250,2042
pre_xy_16394,chr8,95024362,95025459,1097
pre_xy_16395,chr8,95133000,95134928,1928
pre_xy_16396,chr8,95268274,95270472,2198
pre_xy_16397,chr8,96144387,96145869,1482
pre_xy_16398,chr8,96160045,96161975,1930
pre_xy_16399,chr8,96234342,96236128,1786
pre_xy_16400,chr8,96260766,96263053,2287
pre_xy_16401,chr8,96493072,96495502,2430
pre_xy_16402,chr8,96644353,96646188,1835
pre_xy_16403,chr8,97277043,97278213,1170
pre_xy_16404,chr8,97643221,97645571,2350
pre_xy_16405,chr8,97774855,97776767,1912
pre_xy_16406,chr8,97777446,97778787,1341
pre_xy_16407,chr8,97868457,97869779,1322
pre_xy_16408,chr8,98044831,98046453,1622
pre_xy_16409,chr8,98063950,98065336,1386
pre_xy_16410,chr8,98116275,98117989,1714
pre_xy_16411,chr8,98293079,98294584,1505
pre_xy_16412,chr8,98426316,98428071,1755
pre_xy_16413,chr8,98825015,98826405,1390
pre_xy_16414,chr8,98939777,98942281,2504
pre_xy_16415,chr8,98944041,98944695,654
pre_xy_16416,chr8,99012401,99013959,1558
pre_xy_16417,chr8,99892500,99894050,1550
pre_xy_16418,chr8,100104920,100106533,1613
pre_xy_16419,chr8,100145138,100146061,923
pre_xy_16420,chr8,100149904,100151137,1233
pre_xy_16421,chr8,100157609,100158689,1080
pre_xy_16422,chr8,100212655,100213788,1133
pre_xy_16423,chr8,100308794,100311333,2539
pre_xy_16424,chr8,100414713,100417247,2534
pre_xy_16425,chr8,100558681,100559985,1304
pre_xy_16426,chr8,100720603,100723012,2409
pre_xy_16427,chr8,100846934,100847919,985
pre_xy_16428,chr8,100907806,100909042,1236
pre_xy_16429,chr8,100950219,100953474,3255
pre_xy_16430,chr8,101051028,101052316,1288
pre_xy_16431,chr8,101079762,101081171,1409
pre_xy_16432,chr8,101126022,101127865,1843
pre_xy_16433,chr8,101204451,101206829,2378
pre_xy_16434,chr8,101491998,101494355,2357
pre_xy_16435,chr8,102122447,102124655,2208
pre_xy_16436,chr8,102238158,102239906,1748
pre_xy_16437,chr8,102410574,102413125,2551
pre_xy_16438,chr8,102653606,102656597,2991
pre_xy_16439,chr8,102787419,102789575,2156
pre_xy_16440,chr8,102805946,102808743,2797
pre_xy_16441,chr8,102810281,102811093,812
pre_xy_16442,chr8,102862606,102864852,2246
pre_xy_16443,chr8,103020368,103021709,1341
pre_xy_16444,chr8,103140212,103141565,1353
pre_xy_16445,chr8,103298272,103299687,1415
pre_xy_16446,chr8,103414282,103415888,1606
pre_xy_16447,chr8,103498563,103502002,3439
pre_xy_16448,chr8,104222987,104224194,1207
pre_xy_16449,chr8,104587972,104589916,1944
pre_xy_16450,chr8,105317692,105320316,2624
pre_xy_16451,chr8,106269277,106271846,2569
pre_xy_16452,chr8,106657082,106658814,1732
pre_xy_16453,chr8,108081959,108083857,1898
pre_xy_16454,chr8,108247946,108249186,1240
pre_xy_16455,chr8,108442586,108444203,1617
pre_xy_16456,chr8,108786582,108787829,1247
pre_xy_16457,chr8,109333217,109334799,1582
pre_xy_16458,chr8,109538997,109540689,1692
pre_xy_16459,chr8,109644046,109645624,1578
pre_xy_16460,chr8,109973772,109975962,2190
pre_xy_16461,chr8,110060185,110061303,1118
pre_xy_16462,chr8,113437533,113438581,1048
pre_xy_16463,chr8,115667242,115669657,2415
pre_xy_16464,chr8,116755157,116756185,1028
pre_xy_16465,chr8,116765757,116767082,1325
pre_xy_16466,chr8,116873366,116875135,1769
pre_xy_16467,chr8,116937594,116938938,1344
pre_xy_16468,chr8,117520020,117521287,1267
pre_xy_16469,chr8,118073753,118075431,1678
pre_xy_16470,chr8,118108653,118109278,625
pre_xy_16471,chr8,118109532,118110255,723
pre_xy_16472,chr8,118110688,118112357,1669
pre_xy_16473,chr8,118620608,118622597,1989
pre_xy_16474,chr8,118951297,118952714,1417
pre_xy_16475,chr8,119207722,119209123,1401
pre_xy_16476,chr8,119415838,119417126,1288
pre_xy_16477,chr8,119638381,119640132,1751
pre_xy_16478,chr8,119832266,119833290,1024
pre_xy_16479,chr8,119855178,119856572,1394
pre_xy_16480,chr8,119873213,119874949,1736
pre_xy_16481,chr8,120123320,120125693,2373
pre_xy_16482,chr8,120444195,120445671,1476
pre_xy_16483,chr8,120808588,120812523,3935
pre_xy_16484,chr8,121454278,121455618,1340
pre_xy_16485,chr8,121638990,121640530,1540
pre_xy_16486,chr8,122685894,122687342,1448
pre_xy_16487,chr8,122780016,122783346,3330
pre_xy_16488,chr8,123041354,123042667,1313
pre_xy_16489,chr8,123072117,123073466,1349
pre_xy_16490,chr8,123156571,123158172,1601
pre_xy_16491,chr8,123160417,123161467,1050
pre_xy_16492,chr8,123240224,123241674,1450
pre_xy_16493,chr8,123273050,123275517,2467
pre_xy_16494,chr8,123395010,123396918,1908
pre_xy_16495,chr8,123412612,123413651,1039
pre_xy_16496,chr8,123415991,123417298,1307
pre_xy_16497,chr8,123539928,123541990,2062
pre_xy_16498,chr8,123767713,123769043,1330
pre_xy_16499,chr8,123921682,123922731,1049
pre_xy_16500,chr8,124371278,124373524,2246
pre_xy_16501,chr8,124425151,124426757,1606
pre_xy_16502,chr8,124449792,124451780,1988
pre_xy_16503,chr8,124473674,124475621,1947
pre_xy_16504,chr8,124538083,124539575,1492
pre_xy_16505,chr8,124726132,124729020,2888
pre_xy_16506,chr8,124997487,124999616,2129
pre_xy_16507,chr8,125090826,125092203,1377
pre_xy_16508,chr8,125388036,125389336,1300
pre_xy_16509,chr8,125429091,125432465,3374
pre_xy_16510,chr8,126555631,126558766,3135
pre_xy_16511,chr8,127734834,127736556,1722
pre_xy_16512,chr8,127736789,127738831,2042
pre_xy_16513,chr8,127793644,127795788,2144
pre_xy_16514,chr8,127866259,127868058,1799
pre_xy_16515,chr8,129938803,129940589,1786
pre_xy_16516,chr8,130014698,130017213,2515
pre_xy_16517,chr8,130357172,130359143,1971
pre_xy_16518,chr8,130442491,130444186,1695
pre_xy_16519,chr8,131903478,131905233,1755
pre_xy_16520,chr8,132479798,132481551,1753
pre_xy_16521,chr8,132674834,132676094,1260
pre_xy_16522,chr8,132774680,132776015,1335
pre_xy_16523,chr8,133295809,133298067,2258
pre_xy_16524,chr8,133374994,133375960,966
pre_xy_16525,chr8,133569556,133572854,3298
pre_xy_16526,chr8,134456423,134457992,1569
pre_xy_16527,chr8,134711738,134713680,1942
pre_xy_16528,chr8,134830959,134832973,2014
pre_xy_16529,chr8,135456405,135458901,2496
pre_xy_16530,chr8,138913369,138914734,1365
pre_xy_16531,chr8,140098024,140099889,1865
pre_xy_16532,chr8,140456628,140458612,1984
pre_xy_16533,chr8,140463875,140465260,1385
pre_xy_16534,chr8,140510454,140512464,2010
pre_xy_16535,chr8,140618602,140619951,1349
pre_xy_16536,chr8,140633930,140634791,861
pre_xy_16537,chr8,140634827,140636409,1582
pre_xy_16538,chr8,140637274,140637690,416
pre_xy_16539,chr8,140999718,141002442,2724
pre_xy_16540,chr8,141072823,141074601,1778
pre_xy_16541,chr8,141116802,141118429,1627
pre_xy_16542,chr8,141127284,141130140,2856
pre_xy_16543,chr8,141305472,141306412,940
pre_xy_16544,chr8,141307788,141308970,1182
pre_xy_16545,chr8,141358135,141360836,2701
pre_xy_16546,chr8,141391347,141392913,1566
pre_xy_16547,chr8,141417287,141418210,923
pre_xy_16548,chr8,141795971,141797035,1064
pre_xy_16549,chr8,142209966,142210914,948
pre_xy_16550,chr8,142401975,142404290,2315
pre_xy_16551,chr8,142451924,142453308,1384
pre_xy_16552,chr8,142475053,142476224,1171
pre_xy_16553,chr8,142509693,142511564,1871
pre_xy_16554,chr8,142530151,142531972,1821
pre_xy_16555,chr8,142601095,142602509,1414
pre_xy_16556,chr8,142614059,142615811,1752
pre_xy_16557,chr8,142668881,142670396,1515
pre_xy_16558,chr8,142726194,142727872,1678
pre_xy_16559,chr8,142738481,142739903,1422
pre_xy_16560,chr8,142776742,142778038,1296
pre_xy_16561,chr8,142815774,142816995,1221
pre_xy_16562,chr8,143017889,143019388,1499
pre_xy_16563,chr8,143038364,143040082,1718
pre_xy_16564,chr8,143158939,143160783,1844
pre_xy_16565,chr8,143218279,143218969,690
pre_xy_16566,chr8,143245734,143247743,2009
pre_xy_16567,chr8,143266344,143268061,1717
pre_xy_16568,chr8,143275785,143276930,1145
pre_xy_16569,chr8,143281262,143281946,684
pre_xy_16570,chr8,143290432,143291736,1304
pre_xy_16571,chr8,143333766,143335720,1954
pre_xy_16572,chr8,143368127,143369875,1748
pre_xy_16573,chr8,143430266,143432069,1803
pre_xy_16574,chr8,143540784,143541955,1171
pre_xy_16575,chr8,143568453,143569830,1377
pre_xy_16576,chr8,143577600,143578879,1279
pre_xy_16577,chr8,143596711,143599218,2507
pre_xy_16578,chr8,143609001,143610134,1133
pre_xy_16579,chr8,143616844,143618350,1506
pre_xy_16580,chr8,143635145,143637087,1942
pre_xy_16581,chr8,143684000,143685211,1211
pre_xy_16582,chr8,143715909,143717619,1710
pre_xy_16583,chr8,143732996,143734274,1278
pre_xy_16584,chr8,143770366,143772383,2017
pre_xy_16585,chr8,143814295,143816419,2124
pre_xy_16586,chr8,143828531,143829819,1288
pre_xy_16587,chr8,143840326,143842461,2135
pre_xy_16588,chr8,143876812,143878883,2071
pre_xy_16589,chr8,143902319,143903342,1023
pre_xy_16590,chr8,143941573,143942910,1337
pre_xy_16591,chr8,143943060,143944464,1404
pre_xy_16592,chr8,143950761,143954022,3261
pre_xy_16593,chr8,143956421,143957272,851
pre_xy_16594,chr8,143976037,143977476,1439
pre_xy_16595,chr8,143989560,143991159,1599
pre_xy_16596,chr8,144048271,144050003,1732
pre_xy_16597,chr8,144060212,144061157,945
pre_xy_16598,chr8,144078097,144079540,1443
pre_xy_16599,chr8,144082043,144082975,932
pre_xy_16600,chr8,144094409,144096298,1889
pre_xy_16601,chr8,144103324,144105069,1745
pre_xy_16602,chr8,144109379,144109900,521
pre_xy_16603,chr8,144136774,144138483,1709
pre_xy_16604,chr8,144146790,144148793,2003
pre_xy_16605,chr8,144270371,144271722,1351
pre_xy_16606,chr8,144272460,144273491,1031
pre_xy_16607,chr8,144273673,144275337,1664
pre_xy_16608,chr8,144290667,144292740,2073
pre_xy_16609,chr8,144312587,144314492,1905
pre_xy_16610,chr8,144325611,144327564,1953
pre_xy_16611,chr8,144336394,144338647,2253
pre_xy_16612,chr8,144357525,144359182,1657
pre_xy_16613,chr8,144373266,144375283,2017
pre_xy_16614,chr8,144408723,144409956,1233
pre_xy_16615,chr8,144412801,144413832,1031
pre_xy_16616,chr8,144427424,144428975,1551
pre_xy_16617,chr8,144443343,144445309,1966
pre_xy_16618,chr8,144456156,144457310,1154
pre_xy_16619,chr8,144462468,144463160,692
pre_xy_16620,chr8,144465068,144466543,1475
pre_xy_16621,chr8,144477500,144478503,1003
pre_xy_16622,chr8,144500411,144502686,2275
pre_xy_16623,chr8,144508031,144509992,1961
pre_xy_16624,chr8,144516861,144518490,1629
pre_xy_16625,chr8,144522053,144522999,946
pre_xy_16626,chr8,144526529,144527369,840
pre_xy_16627,chr8,144528162,144529583,1421
pre_xy_16628,chr8,144579658,144581435,1777
pre_xy_16629,chr8,144670523,144672961,2438
pre_xy_16630,chr8,144684028,144686457,2429
pre_xy_16631,chr8,144754682,144755958,1276
pre_xy_16632,chr8,144786327,144787620,1293
pre_xy_16633,chr8,144791635,144793211,1576
pre_xy_16634,chr8,144798288,144799537,1249
pre_xy_16635,chr8,144826290,144827888,1598
pre_xy_16636,chr8,144852081,144853646,1565
pre_xy_16637,chr8,144900125,144902712,2587
pre_xy_16638,chr8,144949939,144951079,1140
pre_xy_16639,chr8,145002244,145003545,1301
pre_xy_16640,chr8,145004350,145005243,893
pre_xy_16641,chr8,145050676,145052823,2147
pre_xy_16642,chr8,145061153,145063501,2348
pre_xy_16643,chr9,214023,215542,1519
pre_xy_16644,chr9,469580,471062,1482
pre_xy_16645,chr9,503812,505900,2088
pre_xy_16646,chr9,706508,707474,966
pre_xy_16647,chr9,841043,843387,2344
pre_xy_16648,chr9,971272,972421,1149
pre_xy_16649,chr9,976139,977697,1558
pre_xy_16650,chr9,1042116,1042929,813
pre_xy_16651,chr9,1049853,1050579,726
pre_xy_16652,chr9,1051376,1052255,879
pre_xy_16653,chr9,2014409,2018125,3716
pre_xy_16654,chr9,2157285,2158983,1698
pre_xy_16655,chr9,2240949,2243117,2168
pre_xy_16656,chr9,2620902,2623949,3047
pre_xy_16657,chr9,2842987,2844491,1504
pre_xy_16658,chr9,3180646,3182041,1395
pre_xy_16659,chr9,3524444,3527351,2907
pre_xy_16660,chr9,4297137,4300318,3181
pre_xy_16661,chr9,4489470,4490967,1497
pre_xy_16662,chr9,4661617,4663044,1427
pre_xy_16663,chr9,4665977,4666702,725
pre_xy_16664,chr9,4678646,4680431,1785
pre_xy_16665,chr9,4740191,4742079,1888
pre_xy_16666,chr9,4792026,4793803,1777
pre_xy_16667,chr9,4983795,4986179,2384
pre_xy_16668,chr9,5437077,5438543,1466
pre_xy_16669,chr9,5628156,5630444,2288
pre_xy_16670,chr9,5831385,5833472,2087
pre_xy_16671,chr9,6006846,6008745,1899
pre_xy_16672,chr9,6014748,6016052,1304
pre_xy_16673,chr9,6079893,6080791,898
pre_xy_16674,chr9,6412192,6414505,2313
pre_xy_16675,chr9,6644195,6646063,1868
pre_xy_16676,chr9,6680581,6682154,1573
pre_xy_16677,chr9,6703419,6704849,1430
pre_xy_16678,chr9,6756766,6759323,2557
pre_xy_16679,chr9,7790364,7792186,1822
pre_xy_16680,chr9,7798882,7800173,1291
pre_xy_16681,chr9,8856960,8859059,2099
pre_xy_16682,chr9,10612222,10613712,1490
pre_xy_16683,chr9,12774791,12776928,2137
pre_xy_16684,chr9,13158325,13159342,1017
pre_xy_16685,chr9,13277878,13279854,1976
pre_xy_16686,chr9,14270319,14271714,1395
pre_xy_16687,chr9,14312807,14316410,3603
pre_xy_16688,chr9,14321598,14323283,1685
pre_xy_16689,chr9,14346839,14349172,2333
pre_xy_16690,chr9,14692334,14693879,1545
pre_xy_16691,chr9,14992575,14993873,1298
pre_xy_16692,chr9,15305880,15307775,1895
pre_xy_16693,chr9,15422030,15423875,1845
pre_xy_16694,chr9,15509912,15511615,1703
pre_xy_16695,chr9,15551867,15553630,1763
pre_xy_16696,chr9,16308693,16311069,2376
pre_xy_16697,chr9,16515035,16516399,1364
pre_xy_16698,chr9,16652578,16654808,2230
pre_xy_16699,chr9,16726618,16728494,1876
pre_xy_16700,chr9,16828341,16829323,982
pre_xy_16701,chr9,16869329,16872306,2977
pre_xy_16702,chr9,17134255,17136009,1754
pre_xy_16703,chr9,17578254,17579828,1574
pre_xy_16704,chr9,17905337,17908166,2829
pre_xy_16705,chr9,19048602,19050582,1980
pre_xy_16706,chr9,19102123,19103351,1228
pre_xy_16707,chr9,19126681,19129099,2418
pre_xy_16708,chr9,19229716,19231503,1787
pre_xy_16709,chr9,19379361,19380700,1339
pre_xy_16710,chr9,19408215,19409873,1658
pre_xy_16711,chr9,19925713,19926787,1074
pre_xy_16712,chr9,20620925,20623150,2225
pre_xy_16713,chr9,20683328,20685027,1699
pre_xy_16714,chr9,21334526,21335721,1195
pre_xy_16715,chr9,21558621,21560441,1820
pre_xy_16716,chr9,21801711,21803641,1930
pre_xy_16717,chr9,21993953,21996061,2108
pre_xy_16718,chr9,22008566,22009645,1079
pre_xy_16719,chr9,22446338,22447750,1412
pre_xy_16720,chr9,23820473,23822053,1580
pre_xy_16721,chr9,23825799,23826643,844
pre_xy_16722,chr9,23849824,23851602,1778
pre_xy_16723,chr9,25677107,25678827,1720
pre_xy_16724,chr9,26891444,26893005,1561
pre_xy_16725,chr9,26946474,26947689,1215
pre_xy_16726,chr9,26955169,26956981,1812
pre_xy_16727,chr9,27527836,27529996,2160
pre_xy_16728,chr9,27572201,27574228,2027
pre_xy_16729,chr9,29211621,29215285,3664
pre_xy_16730,chr9,32383980,32385229,1249
pre_xy_16731,chr9,32525018,32526793,1775
pre_xy_16732,chr9,32550156,32552773,2617
pre_xy_16733,chr9,32572018,32573532,1514
pre_xy_16734,chr9,32782523,32783824,1301
pre_xy_16735,chr9,32942621,32943604,983
pre_xy_16736,chr9,33000707,33002055,1348
pre_xy_16737,chr9,33024156,33026175,2019
pre_xy_16738,chr9,33043606,33044995,1389
pre_xy_16739,chr9,33075875,33077145,1270
pre_xy_16740,chr9,33166297,33167962,1665
pre_xy_16741,chr9,33263338,33265300,1962
pre_xy_16742,chr9,33289371,33291303,1932
pre_xy_16743,chr9,33354294,33355457,1163
pre_xy_16744,chr9,33374749,33376469,1720
pre_xy_16745,chr9,33445433,33448297,2864
pre_xy_16746,chr9,33473202,33474710,1508
pre_xy_16747,chr9,33522983,33524933,1950
pre_xy_16748,chr9,33676354,33677614,1260
pre_xy_16749,chr9,33816356,33818494,2138
pre_xy_16750,chr9,34048266,34050377,2111
pre_xy_16751,chr9,34125559,34127316,1757
pre_xy_16752,chr9,34178200,34179913,1713
pre_xy_16753,chr9,34328420,34329951,1531
pre_xy_16754,chr9,34376185,34377535,1350
pre_xy_16755,chr9,34380522,34381491,969
pre_xy_16756,chr9,34456903,34459129,2226
pre_xy_16757,chr9,34521772,34523673,1901
pre_xy_16758,chr9,34558305,34561220,2915
pre_xy_16759,chr9,34576025,34578855,2830
pre_xy_16760,chr9,34588497,34590682,2185
pre_xy_16761,chr9,34591298,34592003,705
pre_xy_16762,chr9,34611303,34613124,1821
pre_xy_16763,chr9,34619951,34620754,803
pre_xy_16764,chr9,34628574,34629485,911
pre_xy_16765,chr9,34636897,34638565,1668
pre_xy_16766,chr9,34646114,34647349,1235
pre_xy_16767,chr9,34652981,34655133,2152
pre_xy_16768,chr9,34664184,34666467,2283
pre_xy_16769,chr9,34700978,34702462,1484
pre_xy_16770,chr9,34939410,34940867,1457
pre_xy_16771,chr9,34957445,34959078,1633
pre_xy_16772,chr9,34988840,34990376,1536
pre_xy_16773,chr9,35071645,35073103,1458
pre_xy_16774,chr9,35079061,35080721,1660
pre_xy_16775,chr9,35095795,35096868,1073
pre_xy_16776,chr9,35102399,35103765,1366
pre_xy_16777,chr9,35111082,35111958,876
pre_xy_16778,chr9,35113988,35114619,631
pre_xy_16779,chr9,35115550,35117253,1703
pre_xy_16780,chr9,35161324,35162775,1451
pre_xy_16781,chr9,35489176,35491097,1921
pre_xy_16782,chr9,35552541,35554294,1753
pre_xy_16783,chr9,35603524,35606060,2536
pre_xy_16784,chr9,35645833,35647537,1704
pre_xy_16785,chr9,35656972,35659079,2107
pre_xy_16786,chr9,35664588,35665605,1017
pre_xy_16787,chr9,35674968,35676436,1468
pre_xy_16788,chr9,35689223,35691499,2276
pre_xy_16789,chr9,35731562,35733458,1896
pre_xy_16790,chr9,35748338,35750078,1740
pre_xy_16791,chr9,35756342,35757728,1386
pre_xy_16792,chr9,35790108,35792035,1927
pre_xy_16793,chr9,35811438,35812393,955
pre_xy_16794,chr9,35814332,35815695,1363
pre_xy_16795,chr9,35828484,35830018,1534
pre_xy_16796,chr9,35844123,35846805,2682
pre_xy_16797,chr9,35906899,35908710,1811
pre_xy_16798,chr9,35923265,35924991,1726
pre_xy_16799,chr9,36036304,36037974,1670
pre_xy_16800,chr9,36135733,36137898,2165
pre_xy_16801,chr9,36162937,36163867,930
pre_xy_16802,chr9,36189886,36191620,1734
pre_xy_16803,chr9,36257744,36259079,1335
pre_xy_16804,chr9,36399878,36401594,1716
pre_xy_16805,chr9,36485729,36488655,2926
pre_xy_16806,chr9,36572309,36573691,1382
pre_xy_16807,chr9,37027179,37028039,860
pre_xy_16808,chr9,37036344,37038037,1693
pre_xy_16809,chr9,37079174,37080583,1409
pre_xy_16810,chr9,37119840,37121232,1392
pre_xy_16811,chr9,37421940,37423175,1235
pre_xy_16812,chr9,37464540,37466739,2199
pre_xy_16813,chr9,37485320,37487507,2187
pre_xy_16814,chr9,37575384,37576784,1400
pre_xy_16815,chr9,37591707,37592977,1270
pre_xy_16816,chr9,37650149,37651810,1661
pre_xy_16817,chr9,37753312,37754275,963
pre_xy_16818,chr9,37784357,37785772,1415
pre_xy_16819,chr9,37800108,37801857,1749
pre_xy_16820,chr9,37903156,37904968,1812
pre_xy_16821,chr9,38067955,38070069,2114
pre_xy_16822,chr9,38226433,38227558,1125
pre_xy_16823,chr9,38392217,38393583,1366
pre_xy_16824,chr9,38423537,38424684,1147
pre_xy_16825,chr9,38619659,38622700,3041
pre_xy_16826,chr9,40991386,40992780,1394
pre_xy_16827,chr9,41272921,41274341,1420
pre_xy_16828,chr9,42851431,42853039,1608
pre_xy_16829,chr9,62798892,62801693,2801
pre_xy_16830,chr9,62801894,62802880,986
pre_xy_16831,chr9,62837295,62838738,1443
pre_xy_16832,chr9,63816602,63818314,1712
pre_xy_16833,chr9,68355943,68357561,1618
pre_xy_16834,chr9,68704526,68706751,2225
pre_xy_16835,chr9,68779296,68780960,1664
pre_xy_16836,chr9,69035326,69036787,1461
pre_xy_16837,chr9,69120419,69122719,2300
pre_xy_16838,chr9,69173521,69175734,2213
pre_xy_16839,chr9,69324405,69325920,1515
pre_xy_16840,chr9,69671124,69673392,2268
pre_xy_16841,chr9,69758853,69760414,1561
pre_xy_16842,chr9,70043310,70044962,1652
pre_xy_16843,chr9,70257962,70259638,1676
pre_xy_16844,chr9,70411938,70414552,2614
pre_xy_16845,chr9,70418150,70421254,3104
pre_xy_16846,chr9,71446008,71448300,2292
pre_xy_16847,chr9,71767544,71770162,2618
pre_xy_16848,chr9,71910034,71912208,2174
pre_xy_16849,chr9,72364030,72366115,2085
pre_xy_16850,chr9,74496764,74498965,2201
pre_xy_16851,chr9,74886778,74888030,1252
pre_xy_16852,chr9,74951567,74953726,2159
pre_xy_16853,chr9,75027087,75028735,1648
pre_xy_16854,chr9,75087394,75089712,2318
pre_xy_16855,chr9,75429344,75430584,1240
pre_xy_16856,chr9,75889678,75892840,3162
pre_xy_16857,chr9,76393541,76395224,1683
pre_xy_16858,chr9,76458754,76460642,1888
pre_xy_16859,chr9,76905131,76906934,1803
pre_xy_16860,chr9,77176645,77178679,2034
pre_xy_16861,chr9,77647361,77649356,1995
pre_xy_16862,chr9,78030119,78032678,2559
pre_xy_16863,chr9,78235269,78236811,1542
pre_xy_16864,chr9,78295587,78298498,2911
pre_xy_16865,chr9,79256560,79258258,1698
pre_xy_16866,chr9,79570171,79572074,1903
pre_xy_16867,chr9,79572348,79573551,1203
pre_xy_16868,chr9,81687027,81690175,3148
pre_xy_16869,chr9,83061924,83063403,1479
pre_xy_16870,chr9,83218801,83221284,2483
pre_xy_16871,chr9,83537136,83538990,1854
pre_xy_16872,chr9,83622435,83624045,1610
pre_xy_16873,chr9,83706872,83708823,1951
pre_xy_16874,chr9,83816991,83818434,1443
pre_xy_16875,chr9,83920424,83921788,1364
pre_xy_16876,chr9,83956002,83957191,1189
pre_xy_16877,chr9,83979149,83981670,2521
pre_xy_16878,chr9,84667558,84670788,3230
pre_xy_16879,chr9,85040532,85041668,1136
pre_xy_16880,chr9,85740868,85742850,1982
pre_xy_16881,chr9,85804280,85806037,1757
pre_xy_16882,chr9,85940503,85941833,1330
pre_xy_16883,chr9,86098724,86100335,1611
pre_xy_16884,chr9,86281586,86283163,1577
pre_xy_16885,chr9,86353473,86355291,1818
pre_xy_16886,chr9,86945384,86948876,3492
pre_xy_16887,chr9,87336405,87338406,2001
pre_xy_16888,chr9,87497205,87499113,1908
pre_xy_16889,chr9,87725309,87726688,1379
pre_xy_16890,chr9,87973751,87975040,1289
pre_xy_16891,chr9,88075897,88077407,1510
pre_xy_16892,chr9,88312894,88313955,1061
pre_xy_16893,chr9,88387248,88389394,2146
pre_xy_16894,chr9,88533836,88535729,1893
pre_xy_16895,chr9,88781433,88782481,1048
pre_xy_16896,chr9,88990688,88992311,1623
pre_xy_16897,chr9,89179515,89180650,1135
pre_xy_16898,chr9,89310151,89311873,1722
pre_xy_16899,chr9,89317946,89319364,1418
pre_xy_16900,chr9,89496486,89498521,2035
pre_xy_16901,chr9,89602996,89607023,4027
pre_xy_16902,chr9,89661323,89662685,1362
pre_xy_16903,chr9,89732264,89733422,1158
pre_xy_16904,chr9,89807387,89809185,1798
pre_xy_16905,chr9,89816888,89817937,1049
pre_xy_16906,chr9,89923230,89924772,1542
pre_xy_16907,chr9,90641917,90643246,1329
pre_xy_16908,chr9,91117371,91118866,1495
pre_xy_16909,chr9,91192870,91194277,1407
pre_xy_16910,chr9,91360593,91362292,1699
pre_xy_16911,chr9,91421039,91421756,717
pre_xy_16912,chr9,91422067,91425116,3049
pre_xy_16913,chr9,91948207,91950656,2449
pre_xy_16914,chr9,92114687,92115865,1178
pre_xy_16915,chr9,92133711,92134426,715
pre_xy_16916,chr9,92140135,92141621,1486
pre_xy_16917,chr9,92293346,92294592,1246
pre_xy_16918,chr9,92324879,92326304,1425
pre_xy_16919,chr9,92668853,92670781,1928
pre_xy_16920,chr9,92763679,92765853,2174
pre_xy_16921,chr9,92807099,92809461,2362
pre_xy_16922,chr9,92877293,92878362,1069
pre_xy_16923,chr9,92946914,92948019,1105
pre_xy_16924,chr9,93094756,93096901,2145
pre_xy_16925,chr9,93132363,93134857,2494
pre_xy_16926,chr9,93159518,93160309,791
pre_xy_16927,chr9,93183613,93185592,1979
pre_xy_16928,chr9,93304557,93306479,1922
pre_xy_16929,chr9,93450777,93453863,3086
pre_xy_16930,chr9,93566195,93567601,1406
pre_xy_16931,chr9,93575215,93577675,2460
pre_xy_16932,chr9,93954269,93955865,1596
pre_xy_16933,chr9,94030055,94031179,1124
pre_xy_16934,chr9,94165671,94167330,1659
pre_xy_16935,chr9,94258767,94259958,1191
pre_xy_16936,chr9,94373885,94375056,1171
pre_xy_16937,chr9,94638757,94640170,1413
pre_xy_16938,chr9,94726078,94727197,1119
pre_xy_16939,chr9,94920040,94921432,1392
pre_xy_16940,chr9,95003775,95005695,1920
pre_xy_16941,chr9,95048153,95049131,978
pre_xy_16942,chr9,95316413,95317954,1541
pre_xy_16943,chr9,95462173,95463432,1259
pre_xy_16944,chr9,95505632,95507487,1855
pre_xy_16945,chr9,95508937,95509842,905
pre_xy_16946,chr9,95510606,95511607,1001
pre_xy_16947,chr9,95515654,95517683,2029
pre_xy_16948,chr9,95874577,95876365,1788
pre_xy_16949,chr9,96020551,96022352,1801
pre_xy_16950,chr9,96382841,96383957,1116
pre_xy_16951,chr9,96416909,96419477,2568
pre_xy_16952,chr9,96449410,96451505,2095
pre_xy_16953,chr9,96565850,96567575,1725
pre_xy_16954,chr9,96617798,96620154,2356
pre_xy_16955,chr9,96654117,96655595,1478
pre_xy_16956,chr9,96686417,96687352,935
pre_xy_16957,chr9,96777182,96778490,1308
pre_xy_16958,chr9,96853577,96854798,1221
pre_xy_16959,chr9,96874965,96876157,1192
pre_xy_16960,chr9,97012519,97014027,1508
pre_xy_16961,chr9,97038202,97039802,1600
pre_xy_16962,chr9,97220706,97222760,2054
pre_xy_16963,chr9,97237242,97239146,1904
pre_xy_16964,chr9,97306404,97308176,1772
pre_xy_16965,chr9,97411509,97412965,1456
pre_xy_16966,chr9,97501077,97503257,2180
pre_xy_16967,chr9,97632136,97634348,2212
pre_xy_16968,chr9,97696071,97697768,1697
pre_xy_16969,chr9,97740884,97741776,892
pre_xy_16970,chr9,97803138,97804047,909
pre_xy_16971,chr9,97852912,97854555,1643
pre_xy_16972,chr9,97921749,97923118,1369
pre_xy_16973,chr9,97982581,97985404,2823
pre_xy_16974,chr9,98056114,98057684,1570
pre_xy_16975,chr9,98087247,98088174,927
pre_xy_16976,chr9,98117945,98119778,1833
pre_xy_16977,chr9,98191622,98193617,1995
pre_xy_16978,chr9,98254996,98256540,1544
pre_xy_16979,chr9,98706780,98707940,1160
pre_xy_16980,chr9,98795780,98797006,1226
pre_xy_16981,chr9,98807127,98808158,1031
pre_xy_16982,chr9,98943321,98944768,1447
pre_xy_16983,chr9,99103690,99106106,2416
pre_xy_16984,chr9,99221173,99222870,1697
pre_xy_16985,chr9,99819241,99820406,1165
pre_xy_16986,chr9,99820895,99822304,1409
pre_xy_16987,chr9,99906032,99907423,1391
pre_xy_16988,chr9,100098012,100099999,1987
pre_xy_16989,chr9,100351850,100353345,1495
pre_xy_16990,chr9,100411081,100412200,1119
pre_xy_16991,chr9,100426254,100428099,1845
pre_xy_16992,chr9,100472594,100474609,2015
pre_xy_16993,chr9,100598067,100599103,1036
pre_xy_16994,chr9,101027840,101029575,1735
pre_xy_16995,chr9,101397776,101399564,1788
pre_xy_16996,chr9,101449021,101449699,678
pre_xy_16997,chr9,101485862,101487470,1608
pre_xy_16998,chr9,101533040,101534251,1211
pre_xy_16999,chr9,101737563,101738915,1352
pre_xy_17000,chr9,104093233,104094762,1529
pre_xy_17001,chr9,104747046,104748861,1815
pre_xy_17002,chr9,104763385,104764682,1297
pre_xy_17003,chr9,104868293,104869722,1429
pre_xy_17004,chr9,104926182,104928723,2541
pre_xy_17005,chr9,104967878,104969305,1427
pre_xy_17006,chr9,104990748,104992049,1301
pre_xy_17007,chr9,105244033,105245812,1779
pre_xy_17008,chr9,105447377,105448848,1471
pre_xy_17009,chr9,105557521,105558556,1035
pre_xy_17010,chr9,105655533,105656964,1431
pre_xy_17011,chr9,105693563,105695475,1912
pre_xy_17012,chr9,106535267,106536790,1523
pre_xy_17013,chr9,106859941,106860637,696
pre_xy_17014,chr9,106862086,106864606,2520
pre_xy_17015,chr9,106920876,106922124,1248
pre_xy_17016,chr9,107251306,107252656,1350
pre_xy_17017,chr9,107282429,107284390,1961
pre_xy_17018,chr9,107465318,107467239,1921
pre_xy_17019,chr9,107487255,107489144,1889
pre_xy_17020,chr9,107489398,107490561,1163
pre_xy_17021,chr9,107637043,107638326,1283
pre_xy_17022,chr9,108933172,108934917,1745
pre_xy_17023,chr9,109011948,109014111,2163
pre_xy_17024,chr9,109020192,109021444,1252
pre_xy_17025,chr9,109071577,109073378,1801
pre_xy_17026,chr9,109118270,109120314,2044
pre_xy_17027,chr9,109166200,109167607,1407
pre_xy_17028,chr9,109318494,109321312,2818
pre_xy_17029,chr9,109497431,109498762,1331
pre_xy_17030,chr9,109639839,109641418,1579
pre_xy_17031,chr9,109779647,109780970,1323
pre_xy_17032,chr9,109817220,109818314,1094
pre_xy_17033,chr9,110047832,110050003,2171
pre_xy_17034,chr9,110255106,110257218,2112
pre_xy_17035,chr9,110578685,110580216,1531
pre_xy_17036,chr9,111037318,111039402,2084
pre_xy_17037,chr9,111482409,111484564,2155
pre_xy_17038,chr9,111524737,111526361,1624
pre_xy_17039,chr9,111597791,111600213,2422
pre_xy_17040,chr9,111630410,111631999,1589
pre_xy_17041,chr9,111661004,111662851,1847
pre_xy_17042,chr9,111783290,111784553,1263
pre_xy_17043,chr9,111896012,111897945,1933
pre_xy_17044,chr9,112174128,112176095,1967
pre_xy_17045,chr9,112179719,112181502,1783
pre_xy_17046,chr9,112332689,112334278,1589
pre_xy_17047,chr9,112354178,112355943,1765
pre_xy_17048,chr9,112378669,112380599,1930
pre_xy_17049,chr9,112486111,112487833,1722
pre_xy_17050,chr9,112717209,112718687,1478
pre_xy_17051,chr9,112750044,112751972,1928
pre_xy_17052,chr9,113056072,113057042,970
pre_xy_17053,chr9,113150560,113152146,1586
pre_xy_17054,chr9,113220604,113222257,1653
pre_xy_17055,chr9,113274425,113276089,1664
pre_xy_17056,chr9,113339692,113340836,1144
pre_xy_17057,chr9,113376398,113377600,1202
pre_xy_17058,chr9,113400763,113401697,934
pre_xy_17059,chr9,113409760,113411457,1697
pre_xy_17060,chr9,113462735,113464268,1533
pre_xy_17061,chr9,113564458,113565890,1432
pre_xy_17062,chr9,113593518,113595269,1751
pre_xy_17063,chr9,113619781,113621005,1224
pre_xy_17064,chr9,113875491,113876946,1455
pre_xy_17065,chr9,114097500,114099792,2292
pre_xy_17066,chr9,114153702,114154655,953
pre_xy_17067,chr9,114155051,114157202,2151
pre_xy_17068,chr9,114180423,114182088,1665
pre_xy_17069,chr9,114281183,114282164,981
pre_xy_17070,chr9,114304724,114306203,1479
pre_xy_17071,chr9,114387084,114388360,1276
pre_xy_17072,chr9,114397546,114398804,1258
pre_xy_17073,chr9,114504168,114505963,1795
pre_xy_17074,chr9,114587057,114588294,1237
pre_xy_17075,chr9,114610878,114612574,1696
pre_xy_17076,chr9,116154014,116155996,1982
pre_xy_17077,chr9,116470708,116472175,1467
pre_xy_17078,chr9,116686664,116688096,1432
pre_xy_17079,chr9,116836537,116837903,1366
pre_xy_17080,chr9,117412921,117415916,2995
pre_xy_17081,chr9,117487316,117488363,1047
pre_xy_17082,chr9,119368561,119369817,1256
pre_xy_17083,chr9,120386121,120387869,1748
pre_xy_17084,chr9,120579448,120580486,1038
pre_xy_17085,chr9,120713290,120715928,2638
pre_xy_17086,chr9,120792702,120794032,1330
pre_xy_17087,chr9,120842396,120843550,1154
pre_xy_17088,chr9,120868234,120869453,1219
pre_xy_17089,chr9,120875810,120877779,1969
pre_xy_17090,chr9,120928202,120929431,1229
pre_xy_17091,chr9,121074062,121075680,1618
pre_xy_17092,chr9,121121171,121122135,964
pre_xy_17093,chr9,121200908,121202357,1449
pre_xy_17094,chr9,121267568,121269570,2002
pre_xy_17095,chr9,121297995,121300263,2268
pre_xy_17096,chr9,121369300,121370683,1383
pre_xy_17097,chr9,121498060,121500329,2269
pre_xy_17098,chr9,121545456,121546385,929
pre_xy_17099,chr9,121550309,121550986,677
pre_xy_17100,chr9,121566379,121569146,2767
pre_xy_17101,chr9,121597831,121600115,2284
pre_xy_17102,chr9,121649799,121650573,774
pre_xy_17103,chr9,121651155,121652841,1686
pre_xy_17104,chr9,121698551,121700511,1960
pre_xy_17105,chr9,121735608,121737263,1655
pre_xy_17106,chr9,121743380,121745247,1867
pre_xy_17107,chr9,122092424,122093742,1318
pre_xy_17108,chr9,122158900,122160129,1229
pre_xy_17109,chr9,122213420,122214438,1018
pre_xy_17110,chr9,122228039,122229376,1337
pre_xy_17111,chr9,122264096,122265554,1458
pre_xy_17112,chr9,122827569,122828967,1398
pre_xy_17113,chr9,122904281,122905740,1459
pre_xy_17114,chr9,122912485,122914211,1726
pre_xy_17115,chr9,122930704,122932424,1720
pre_xy_17116,chr9,122940464,122941909,1445
pre_xy_17117,chr9,123267884,123269157,1273
pre_xy_17118,chr9,123375425,123376675,1250
pre_xy_17119,chr9,123641949,123643254,1305
pre_xy_17120,chr9,123928901,123930655,1754
pre_xy_17121,chr9,124257415,124259779,2364
pre_xy_17122,chr9,124414745,124415794,1049
pre_xy_17123,chr9,124450022,124451034,1012
pre_xy_17124,chr9,124477322,124478637,1315
pre_xy_17125,chr9,124503978,124505797,1819
pre_xy_17126,chr9,124506421,124507873,1452
pre_xy_17127,chr9,124511844,124513924,2080
pre_xy_17128,chr9,124657969,124659689,1720
pre_xy_17129,chr9,124769587,124772331,2744
pre_xy_17130,chr9,124776665,124777892,1227
pre_xy_17131,chr9,124852563,124853723,1160
pre_xy_17132,chr9,124861150,124862639,1489
pre_xy_17133,chr9,124868366,124870531,2165
pre_xy_17134,chr9,124940321,124942120,1799
pre_xy_17135,chr9,125142542,125143921,1379
pre_xy_17136,chr9,125188930,125190338,1408
pre_xy_17137,chr9,125199934,125200943,1009
pre_xy_17138,chr9,125234734,125236231,1497
pre_xy_17139,chr9,125240586,125242182,1596
pre_xy_17140,chr9,125261269,125262539,1270
pre_xy_17141,chr9,125407631,125408882,1251
pre_xy_17142,chr9,125706503,125707626,1123
pre_xy_17143,chr9,125745749,125748426,2677
pre_xy_17144,chr9,125889042,125891123,2081
pre_xy_17145,chr9,126325844,126328023,2179
pre_xy_17146,chr9,126499010,126500174,1164
pre_xy_17147,chr9,126610636,126611905,1269
pre_xy_17148,chr9,126625484,126627245,1761
pre_xy_17149,chr9,126704427,126705786,1359
pre_xy_17150,chr9,126722171,126724190,2019
pre_xy_17151,chr9,126804469,126806139,1670
pre_xy_17152,chr9,126859958,126861471,1513
pre_xy_17153,chr9,126914195,126915790,1595
pre_xy_17154,chr9,127121492,127123732,2240
pre_xy_17155,chr9,127223948,127225965,2017
pre_xy_17156,chr9,127244716,127245628,912
pre_xy_17157,chr9,127387856,127389172,1316
pre_xy_17158,chr9,127396272,127398311,2039
pre_xy_17159,chr9,127423404,127425236,1832
pre_xy_17160,chr9,127450248,127452523,2275
pre_xy_17161,chr9,127566642,127569869,3227
pre_xy_17162,chr9,127607391,127608875,1484
pre_xy_17163,chr9,127611695,127613499,1804
pre_xy_17164,chr9,127698923,127699720,797
pre_xy_17165,chr9,127714931,127716316,1385
pre_xy_17166,chr9,127734323,127735658,1335
pre_xy_17167,chr9,127741639,127743149,1510
pre_xy_17168,chr9,127753764,127755738,1974
pre_xy_17169,chr9,127770877,127771841,964
pre_xy_17170,chr9,127784666,127786850,2184
pre_xy_17171,chr9,127801897,127803843,1946
pre_xy_17172,chr9,127824174,127825899,1725
pre_xy_17173,chr9,127828116,127829272,1156
pre_xy_17174,chr9,127876816,127878510,1694
pre_xy_17175,chr9,127896681,127897845,1164
pre_xy_17176,chr9,127898393,127899839,1446
pre_xy_17177,chr9,127915787,127917371,1584
pre_xy_17178,chr9,127930259,127931761,1502
pre_xy_17179,chr9,127937245,127938705,1460
pre_xy_17180,chr9,127979208,127981628,2420
pre_xy_17181,chr9,128066713,128069102,2389
pre_xy_17182,chr9,128093942,128094764,822
pre_xy_17183,chr9,128097830,128099227,1397
pre_xy_17184,chr9,128127221,128128804,1583
pre_xy_17185,chr9,128159300,128160941,1641
pre_xy_17186,chr9,128190817,128192289,1472
pre_xy_17187,chr9,128192662,128193315,653
pre_xy_17188,chr9,128202907,128204589,1682
pre_xy_17189,chr9,128218179,128219348,1169
pre_xy_17190,chr9,128244177,128246165,1988
pre_xy_17191,chr9,128249785,128250912,1127
pre_xy_17192,chr9,128275007,128277075,2068
pre_xy_17193,chr9,128321894,128323245,1351
pre_xy_17194,chr9,128340029,128341720,1691
pre_xy_17195,chr9,128361649,128362521,872
pre_xy_17196,chr9,128370381,128371732,1351
pre_xy_17197,chr9,128419340,128421602,2262
pre_xy_17198,chr9,128455432,128457291,1859
pre_xy_17199,chr9,128503875,128505695,1820
pre_xy_17200,chr9,128551738,128553274,1536
pre_xy_17201,chr9,128554319,128554858,539
pre_xy_17202,chr9,128621654,128622447,793
pre_xy_17203,chr9,128634945,128636364,1419
pre_xy_17204,chr9,128655790,128657208,1418
pre_xy_17205,chr9,128683279,128684628,1349
pre_xy_17206,chr9,128688364,128690542,2178
pre_xy_17207,chr9,128702002,128703589,1587
pre_xy_17208,chr9,128723484,128725216,1732
pre_xy_17209,chr9,128770727,128772506,1779
pre_xy_17210,chr9,128786616,128787979,1363
pre_xy_17211,chr9,128817968,128819406,1438
pre_xy_17212,chr9,128828902,128830220,1318
pre_xy_17213,chr9,128881413,128883481,2068
pre_xy_17214,chr9,128921483,128922899,1416
pre_xy_17215,chr9,128946847,128948711,1864
pre_xy_17216,chr9,129027575,129028720,1145
pre_xy_17217,chr9,129035921,129037382,1461
pre_xy_17218,chr9,129080309,129081671,1362
pre_xy_17219,chr9,129110005,129112149,2144
pre_xy_17220,chr9,129138527,129141098,2571
pre_xy_17221,chr9,129173846,129175416,1570
pre_xy_17222,chr9,129175740,129176507,767
pre_xy_17223,chr9,129177028,129178708,1680
pre_xy_17224,chr9,129202520,129203729,1209
pre_xy_17225,chr9,129252956,129254582,1626
pre_xy_17226,chr9,129258067,129259492,1425
pre_xy_17227,chr9,129320008,129321320,1312
pre_xy_17228,chr9,129333725,129335016,1291
pre_xy_17229,chr9,129350893,129353607,2714
pre_xy_17230,chr9,129382623,129384135,1512
pre_xy_17231,chr9,129412690,129414555,1865
pre_xy_17232,chr9,129436557,129438310,1753
pre_xy_17233,chr9,129458666,129461250,2584
pre_xy_17234,chr9,129481907,129483899,1992
pre_xy_17235,chr9,129487884,129489105,1221
pre_xy_17236,chr9,129495260,129497647,2387
pre_xy_17237,chr9,129549368,129550629,1261
pre_xy_17238,chr9,129567763,129570297,2534
pre_xy_17239,chr9,129596410,129598176,1766
pre_xy_17240,chr9,129609641,129611361,1720
pre_xy_17241,chr9,129619682,129621074,1392
pre_xy_17242,chr9,129625675,129627142,1467
pre_xy_17243,chr9,129641518,129642679,1161
pre_xy_17244,chr9,129653670,129655005,1335
pre_xy_17245,chr9,129664676,129666258,1582
pre_xy_17246,chr9,129737377,129738332,955
pre_xy_17247,chr9,129751736,129753527,1791
pre_xy_17248,chr9,129789934,129790794,860
pre_xy_17249,chr9,129802603,129803913,1310
pre_xy_17250,chr9,129822846,129824432,1586
pre_xy_17251,chr9,129834502,129836115,1613
pre_xy_17252,chr9,129884177,129886086,1909
pre_xy_17253,chr9,130041840,130044053,2213
pre_xy_17254,chr9,130053338,130054482,1144
pre_xy_17255,chr9,130171440,130173631,2191
pre_xy_17256,chr9,130192993,130194441,1448
pre_xy_17257,chr9,130432778,130433956,1178
pre_xy_17258,chr9,130444237,130446878,2641
pre_xy_17259,chr9,130451009,130452829,1820
pre_xy_17260,chr9,130535009,130536887,1878
pre_xy_17261,chr9,130578731,130580147,1416
pre_xy_17262,chr9,130680987,130682790,1803
pre_xy_17263,chr9,130693163,130694101,938
pre_xy_17264,chr9,130712270,130713875,1605
pre_xy_17265,chr9,130823944,130825594,1650
pre_xy_17266,chr9,130834341,130836227,1886
pre_xy_17267,chr9,130938261,130939781,1520
pre_xy_17268,chr9,131008656,131009602,946
pre_xy_17269,chr9,131096044,131097529,1485
pre_xy_17270,chr9,131124803,131126187,1384
pre_xy_17271,chr9,131276362,131278316,1954
pre_xy_17272,chr9,131366551,131367388,837
pre_xy_17273,chr9,131372665,131374059,1394
pre_xy_17274,chr9,131382838,131383736,898
pre_xy_17275,chr9,131393020,131395033,2013
pre_xy_17276,chr9,131502460,131504361,1901
pre_xy_17277,chr9,131530310,131531795,1485
pre_xy_17278,chr9,131738807,131740441,1634
pre_xy_17279,chr9,132077929,132080097,2168
pre_xy_17280,chr9,132160557,132163182,2625
pre_xy_17281,chr9,132181589,132183150,1561
pre_xy_17282,chr9,132213679,132214625,946
pre_xy_17283,chr9,132240050,132242850,2800
pre_xy_17284,chr9,132353970,132355607,1637
pre_xy_17285,chr9,132581657,132582577,920
pre_xy_17286,chr9,132669328,132671365,2037
pre_xy_17287,chr9,132768712,132770679,1967
pre_xy_17288,chr9,132877601,132879324,1723
pre_xy_17289,chr9,132901674,132902748,1074
pre_xy_17290,chr9,132943746,132945285,1539
pre_xy_17291,chr9,133029924,133031222,1298
pre_xy_17292,chr9,133120336,133122227,1891
pre_xy_17293,chr9,133132944,133134270,1326
pre_xy_17294,chr9,133144076,133144767,691
pre_xy_17295,chr9,133148300,133149851,1551
pre_xy_17296,chr9,133162871,133164198,1327
pre_xy_17297,chr9,133237966,133239403,1437
pre_xy_17298,chr9,133274225,133276205,1980
pre_xy_17299,chr9,133335394,133336629,1235
pre_xy_17300,chr9,133346653,133348755,2102
pre_xy_17301,chr9,133355828,133357098,1270
pre_xy_17302,chr9,133375070,133376697,1627
pre_xy_17303,chr9,133417492,133418716,1224
pre_xy_17304,chr9,133428294,133430152,1858
pre_xy_17305,chr9,133459253,133460998,1745
pre_xy_17306,chr9,133478364,133479698,1334
pre_xy_17307,chr9,133533818,133535323,1505
pre_xy_17308,chr9,133608856,133609691,835
pre_xy_17309,chr9,133658427,133659886,1459
pre_xy_17310,chr9,133708960,133709607,647
pre_xy_17311,chr9,133954995,133956959,1964
pre_xy_17312,chr9,133990548,133993705,3157
pre_xy_17313,chr9,134024574,134026113,1539
pre_xy_17314,chr9,134066587,134068957,2370
pre_xy_17315,chr9,134134817,134136935,2118
pre_xy_17316,chr9,134163002,134165631,2629
pre_xy_17317,chr9,134185489,134186077,588
pre_xy_17318,chr9,134325101,134327305,2204
pre_xy_17319,chr9,134349805,134352755,2950
pre_xy_17320,chr9,134422192,134424067,1875
pre_xy_17321,chr9,134437081,134438189,1108
pre_xy_17322,chr9,134441956,134444073,2117
pre_xy_17323,chr9,134449162,134450291,1129
pre_xy_17324,chr9,134640884,134641958,1074
pre_xy_17325,chr9,134642139,134643172,1033
pre_xy_17326,chr9,135478672,135481150,2478
pre_xy_17327,chr9,135499121,135501387,2266
pre_xy_17328,chr9,135701152,135702318,1166
pre_xy_17329,chr9,135906101,135908343,2242
pre_xy_17330,chr9,135960367,135961655,1288
pre_xy_17331,chr9,135971775,135972311,536
pre_xy_17332,chr9,135992421,135993455,1034
pre_xy_17333,chr9,136050230,136052817,2587
pre_xy_17334,chr9,136093913,136095947,2034
pre_xy_17335,chr9,136109068,136111267,2199
pre_xy_17336,chr9,136117638,136119775,2137
pre_xy_17337,chr9,136244988,136246155,1167
pre_xy_17338,chr9,136326932,136329100,2168
pre_xy_17339,chr9,136341952,136343479,1527
pre_xy_17340,chr9,136362893,136364032,1139
pre_xy_17341,chr9,136399109,136400669,1560
pre_xy_17342,chr9,136409458,136411276,1818
pre_xy_17343,chr9,136438369,136440058,1689
pre_xy_17344,chr9,136482340,136484323,1983
pre_xy_17345,chr9,136544394,136547616,3222
pre_xy_17346,chr9,136586844,136589097,2253
pre_xy_17347,chr9,136643859,136645334,1475
pre_xy_17348,chr9,136686304,136688118,1814
pre_xy_17349,chr9,136711164,136713571,2407
pre_xy_17350,chr9,136727300,136729084,1784
pre_xy_17351,chr9,136740673,136743225,2552
pre_xy_17352,chr9,136790534,136792049,1515
pre_xy_17353,chr9,136795948,136797517,1569
pre_xy_17354,chr9,136798918,136800679,1761
pre_xy_17355,chr9,136800831,136801428,597
pre_xy_17356,chr9,136807227,136808998,1771
pre_xy_17357,chr9,136820814,136822352,1538
pre_xy_17358,chr9,136840265,136843266,3001
pre_xy_17359,chr9,136848340,136849857,1517
pre_xy_17360,chr9,136865366,136866779,1413
pre_xy_17361,chr9,136885786,136887581,1795
pre_xy_17362,chr9,136943669,136944994,1325
pre_xy_17363,chr9,136949388,136950874,1486
pre_xy_17364,chr9,136977249,136979010,1761
pre_xy_17365,chr9,136991794,136992914,1120
pre_xy_17366,chr9,137027550,137029667,2117
pre_xy_17367,chr9,137045297,137046850,1553
pre_xy_17368,chr9,137069814,137071275,1461
pre_xy_17369,chr9,137085808,137087701,1893
pre_xy_17370,chr9,137128797,137130440,1643
pre_xy_17371,chr9,137167374,137169877,2503
pre_xy_17372,chr9,137188049,137189445,1396
pre_xy_17373,chr9,137199311,137201263,1952
pre_xy_17374,chr9,137205097,137206013,916
pre_xy_17375,chr9,137221685,137223962,2277
pre_xy_17376,chr9,137236326,137236849,523
pre_xy_17377,chr9,137240239,137242240,2001
pre_xy_17378,chr9,137243611,137244897,1286
pre_xy_17379,chr9,137254040,137255844,1804
pre_xy_17380,chr9,137276698,137278791,2093
pre_xy_17381,chr9,137294306,137297055,2749
pre_xy_17382,chr9,137300597,137302985,2388
pre_xy_17383,chr9,137370024,137371343,1319
pre_xy_17384,chr9,137406529,137408278,1749
pre_xy_17385,chr9,137422365,137424221,1856
pre_xy_17386,chr9,137441194,137442030,836
pre_xy_17387,chr9,137453393,137455090,1697
pre_xy_17388,chr9,137458632,137459629,997
pre_xy_17389,chr9,137551070,137552749,1679
pre_xy_17390,chr9,137578171,137579422,1251
pre_xy_17391,chr9,137589512,137591360,1848
pre_xy_17392,chr9,137604727,137606502,1775
pre_xy_17393,chr9,137618002,137619908,1906
pre_xy_17394,chr9,137878130,137879044,914
pre_xy_17395,chrX,281027,281780,753
pre_xy_17396,chrX,283001,283862,861
pre_xy_17397,chrX,317550,319472,1922
pre_xy_17398,chrX,373034,374916,1882
pre_xy_17399,chrX,386211,387595,1384
pre_xy_17400,chrX,1391174,1393142,1968
pre_xy_17401,chrX,1452371,1453779,1408
pre_xy_17402,chrX,1591196,1593491,2295
pre_xy_17403,chrX,1924554,1925621,1067
pre_xy_17404,chrX,2583114,2585603,2489
pre_xy_17405,chrX,2608233,2610314,2081
pre_xy_17406,chrX,2689931,2692432,2501
pre_xy_17407,chrX,2927602,2929565,1963
pre_xy_17408,chrX,3345135,3347339,2204
pre_xy_17409,chrX,3712160,3714150,1990
pre_xy_17410,chrX,3814309,3816659,2350
pre_xy_17411,chrX,7147037,7148798,1761
pre_xy_17412,chrX,7926898,7927936,1038
pre_xy_17413,chrX,8730500,8732557,2057
pre_xy_17414,chrX,9464598,9466453,1855
pre_xy_17415,chrX,9785421,9787550,2129
pre_xy_17416,chrX,10014245,10016729,2484
pre_xy_17417,chrX,10618765,10620868,2103
pre_xy_17418,chrX,11110761,11111976,1215
pre_xy_17419,chrX,11663976,11666548,2572
pre_xy_17420,chrX,11757401,11759689,2288
pre_xy_17421,chrX,12137431,12139115,1684
pre_xy_17422,chrX,12790830,12792494,1664
pre_xy_17423,chrX,12974372,12976523,2151
pre_xy_17424,chrX,13652549,13653732,1183
pre_xy_17425,chrX,13688500,13690293,1793
pre_xy_17426,chrX,13733918,13735275,1357
pre_xy_17427,chrX,14029068,14030228,1160
pre_xy_17428,chrX,14872562,14873891,1329
pre_xy_17429,chrX,15334782,15336372,1590
pre_xy_17430,chrX,15674303,15676038,1735
pre_xy_17431,chrX,15737601,15738926,1325
pre_xy_17432,chrX,15789714,15791250,1536
pre_xy_17433,chrX,15853755,15855657,1902
pre_xy_17434,chrX,16711641,16713090,1449
pre_xy_17435,chrX,16718991,16720188,1197
pre_xy_17436,chrX,16785647,16787358,1711
pre_xy_17437,chrX,16832003,16832998,995
pre_xy_17438,chrX,16869416,16871520,2104
pre_xy_17439,chrX,16929516,16930926,1410
pre_xy_17440,chrX,16946070,16947603,1533
pre_xy_17441,chrX,17374486,17376422,1936
pre_xy_17442,chrX,17654946,17656485,1539
pre_xy_17443,chrX,17736592,17738577,1985
pre_xy_17444,chrX,17859306,17861661,2355
pre_xy_17445,chrX,18353693,18355435,1742
pre_xy_17446,chrX,18424547,18426319,1772
pre_xy_17447,chrX,18674259,18675701,1442
pre_xy_17448,chrX,18983607,18985178,1571
pre_xy_17449,chrX,19343163,19344423,1260
pre_xy_17450,chrX,19372183,19373555,1372
pre_xy_17451,chrX,19886853,19888777,1924
pre_xy_17452,chrX,19990110,19991454,1344
pre_xy_17453,chrX,20141028,20142336,1308
pre_xy_17454,chrX,20265129,20267645,2516
pre_xy_17455,chrX,21373582,21375294,1712
pre_xy_17456,chrX,21838981,21840176,1195
pre_xy_17457,chrX,21940018,21941653,1635
pre_xy_17458,chrX,23666733,23668656,1923
pre_xy_17459,chrX,23742102,23743811,1709
pre_xy_17460,chrX,23782612,23784038,1426
pre_xy_17461,chrX,23907150,23908256,1106
pre_xy_17462,chrX,24024727,24026276,1549
pre_xy_17463,chrX,24053667,24055262,1595
pre_xy_17464,chrX,24148622,24150690,2068
pre_xy_17465,chrX,24464553,24465609,1056
pre_xy_17466,chrX,24646648,24647944,1296
pre_xy_17467,chrX,24693226,24694377,1151
pre_xy_17468,chrX,28585911,28587567,1656
pre_xy_17469,chrX,30307963,30309632,1669
pre_xy_17470,chrX,30652426,30654112,1686
pre_xy_17471,chrX,30888419,30889952,1533
pre_xy_17472,chrX,34655825,34657825,2000
pre_xy_17473,chrX,37348701,37350272,1571
pre_xy_17474,chrX,37846679,37847980,1301
pre_xy_17475,chrX,38219771,38221307,1536
pre_xy_17476,chrX,38326683,38327866,1183
pre_xy_17477,chrX,38560893,38562956,2063
pre_xy_17478,chrX,38800917,38801746,829
pre_xy_17479,chrX,38803318,38804968,1650
pre_xy_17480,chrX,39418297,39420046,1749
pre_xy_17481,chrX,39688413,39689955,1542
pre_xy_17482,chrX,40012657,40015251,2594
pre_xy_17483,chrX,40097251,40098835,1584
pre_xy_17484,chrX,40104661,40106865,2204
pre_xy_17485,chrX,40108515,40110017,1502
pre_xy_17486,chrX,40153480,40155973,2493
pre_xy_17487,chrX,40169213,40170087,874
pre_xy_17488,chrX,40174922,40177371,2449
pre_xy_17489,chrX,40580265,40581584,1319
pre_xy_17490,chrX,40646611,40648082,1471
pre_xy_17491,chrX,40734960,40736468,1508
pre_xy_17492,chrX,41084132,41086722,2590
pre_xy_17493,chrX,41275538,41277206,1668
pre_xy_17494,chrX,41332664,41335315,2651
pre_xy_17495,chrX,41922187,41924591,2404
pre_xy_17496,chrX,43654179,43656385,2206
pre_xy_17497,chrX,44542201,44543351,1150
pre_xy_17498,chrX,44872119,44874211,2092
pre_xy_17499,chrX,45850303,45851953,1650
pre_xy_17500,chrX,46446347,46447850,1503
pre_xy_17501,chrX,46544950,46546025,1075
pre_xy_17502,chrX,46573270,46575431,2161
pre_xy_17503,chrX,46836403,46837764,1361
pre_xy_17504,chrX,46903404,46904367,963
pre_xy_17505,chrX,46911958,46913974,2016
pre_xy_17506,chrX,47128872,47130007,1135
pre_xy_17507,chrX,47144112,47146045,1933
pre_xy_17508,chrX,47190478,47191147,669
pre_xy_17509,chrX,47193199,47194299,1100
pre_xy_17510,chrX,47217235,47219322,2087
pre_xy_17511,chrX,47232645,47233928,1283
pre_xy_17512,chrX,47361546,47362467,921
pre_xy_17513,chrX,47482150,47483862,1712
pre_xy_17514,chrX,47555833,47556683,850
pre_xy_17515,chrX,47560697,47561771,1074
pre_xy_17516,chrX,47619472,47620203,731
pre_xy_17517,chrX,47623501,47624148,647
pre_xy_17518,chrX,47650030,47651370,1340
pre_xy_17519,chrX,47658358,47659484,1126
pre_xy_17520,chrX,47836075,47837085,1010
pre_xy_17521,chrX,48003334,48004341,1007
pre_xy_17522,chrX,48020637,48021922,1285
pre_xy_17523,chrX,48070776,48072083,1307
pre_xy_17524,chrX,48475558,48476551,993
pre_xy_17525,chrX,48508166,48509629,1463
pre_xy_17526,chrX,48521042,48522578,1536
pre_xy_17527,chrX,48539053,48540342,1289
pre_xy_17528,chrX,48573707,48575085,1378
pre_xy_17529,chrX,48596966,48598385,1419
pre_xy_17530,chrX,48675857,48677272,1415
pre_xy_17531,chrX,48695277,48697418,2141
pre_xy_17532,chrX,48736776,48738065,1289
pre_xy_17533,chrX,48800516,48802836,2320
pre_xy_17534,chrX,48890590,48892047,1457
pre_xy_17535,chrX,48896717,48898458,1741
pre_xy_17536,chrX,48910847,48912296,1449
pre_xy_17537,chrX,48917027,48917671,644
pre_xy_17538,chrX,48918348,48919602,1254
pre_xy_17539,chrX,48956985,48958923,1938
pre_xy_17540,chrX,49001455,49002751,1296
pre_xy_17541,chrX,49042634,49044096,1462
pre_xy_17542,chrX,49053125,49054045,920
pre_xy_17543,chrX,49071809,49072662,853
pre_xy_17544,chrX,49073427,49074405,978
pre_xy_17545,chrX,49079375,49080584,1209
pre_xy_17546,chrX,49100530,49101980,1450
pre_xy_17547,chrX,49123081,49124092,1011
pre_xy_17548,chrX,49155041,49156602,1561
pre_xy_17549,chrX,49163475,49164493,1018
pre_xy_17550,chrX,49166043,49167487,1444
pre_xy_17551,chrX,49171473,49172892,1419
pre_xy_17552,chrX,49183981,49185101,1120
pre_xy_17553,chrX,49190556,49191825,1269
pre_xy_17554,chrX,49199534,49200638,1104
pre_xy_17555,chrX,49268663,49270493,1830
pre_xy_17556,chrX,49878109,49880074,1965
pre_xy_17557,chrX,49922092,49923431,1339
pre_xy_17558,chrX,50812981,50815132,2151
pre_xy_17559,chrX,51332064,51333043,979
pre_xy_17560,chrX,51495459,51497330,1871
pre_xy_17561,chrX,51892865,51893937,1072
pre_xy_17562,chrX,52261189,52262488,1299
pre_xy_17563,chrX,52919972,52921683,1711
pre_xy_17564,chrX,52933990,52935670,1680
pre_xy_17565,chrX,52994832,52996069,1237
pre_xy_17566,chrX,53081690,53082799,1109
pre_xy_17567,chrX,53088115,53089496,1381
pre_xy_17568,chrX,53093099,53094658,1559
pre_xy_17569,chrX,53224367,53225792,1425
pre_xy_17570,chrX,53421839,53423344,1505
pre_xy_17571,chrX,53433582,53434678,1096
pre_xy_17572,chrX,53683288,53684618,1330
pre_xy_17573,chrX,53686088,53686956,868
pre_xy_17574,chrX,54043582,54045595,2013
pre_xy_17575,chrX,54182202,54183778,1576
pre_xy_17576,chrX,54357171,54359186,2015
pre_xy_17577,chrX,54439699,54440878,1179
pre_xy_17578,chrX,54494784,54496608,1824
pre_xy_17579,chrX,54529378,54530920,1542
pre_xy_17580,chrX,54638937,54640163,1226
pre_xy_17581,chrX,54807392,54809217,1825
pre_xy_17582,chrX,54920436,54922138,1702
pre_xy_17583,chrX,54999352,55000638,1286
pre_xy_17584,chrX,55160528,55161811,1283
pre_xy_17585,chrX,55451203,55452974,1771
pre_xy_17586,chrX,55488123,55490298,2175
pre_xy_17587,chrX,55717204,55718526,1322
pre_xy_17588,chrX,56563089,56565426,2337
pre_xy_17589,chrX,56994763,56995983,1220
pre_xy_17590,chrX,57120788,57121857,1069
pre_xy_17591,chrX,57286325,57287300,975
pre_xy_17592,chrX,57591267,57593175,1908
pre_xy_17593,chrX,63350230,63351698,1468
pre_xy_17594,chrX,63754080,63755548,1468
pre_xy_17595,chrX,63784180,63785760,1580
pre_xy_17596,chrX,64204104,64206496,2392
pre_xy_17597,chrX,64975231,64976836,1605
pre_xy_17598,chrX,65034210,65035727,1517
pre_xy_17599,chrX,65534112,65535259,1147
pre_xy_17600,chrX,65667129,65669284,2155
pre_xy_17601,chrX,68432621,68434175,1554
pre_xy_17602,chrX,68498077,68499411,1334
pre_xy_17603,chrX,68827806,68829324,1518
pre_xy_17604,chrX,69163912,69165733,1821
pre_xy_17605,chrX,69503503,69505397,1894
pre_xy_17606,chrX,69614782,69617183,2401
pre_xy_17607,chrX,70132858,70134440,1582
pre_xy_17608,chrX,70289264,70290647,1383
pre_xy_17609,chrX,70433585,70435007,1422
pre_xy_17610,chrX,70454241,70455939,1698
pre_xy_17611,chrX,71067224,71068894,1670
pre_xy_17612,chrX,71095263,71096981,1718
pre_xy_17613,chrX,71118002,71119588,1586
pre_xy_17614,chrX,71144649,71146697,2048
pre_xy_17615,chrX,71181425,71182723,1298
pre_xy_17616,chrX,71253702,71255954,2252
pre_xy_17617,chrX,71282708,71284226,1518
pre_xy_17618,chrX,71365471,71367252,1781
pre_xy_17619,chrX,71532057,71533464,1407
pre_xy_17620,chrX,71910486,71912239,1753
pre_xy_17621,chrX,72130995,72132378,1383
pre_xy_17622,chrX,72180726,72181975,1249
pre_xy_17623,chrX,72238447,72239514,1067
pre_xy_17624,chrX,72276250,72277495,1245
pre_xy_17625,chrX,72304864,72307358,2494
pre_xy_17626,chrX,72571917,72573451,1534
pre_xy_17627,chrX,72713256,72714942,1686
pre_xy_17628,chrX,73213772,73215248,1476
pre_xy_17629,chrX,73562542,73564149,1607
pre_xy_17630,chrX,74291752,74293048,1296
pre_xy_17631,chrX,74419859,74421836,1977
pre_xy_17632,chrX,74535173,74537517,2344
pre_xy_17633,chrX,74613032,74614994,1962
pre_xy_17634,chrX,74923919,74925897,1978
pre_xy_17635,chrX,75273264,75275069,1805
pre_xy_17636,chrX,75522197,75523746,1549
pre_xy_17637,chrX,76172344,76173827,1483
pre_xy_17638,chrX,76427340,76429022,1682
pre_xy_17639,chrX,77785015,77786438,1423
pre_xy_17640,chrX,77894882,77895810,928
pre_xy_17641,chrX,77899074,77899837,763
pre_xy_17642,chrX,78103496,78105170,1674
pre_xy_17643,chrX,78138910,78140013,1103
pre_xy_17644,chrX,80807841,80810274,2433
pre_xy_17645,chrX,81120321,81122431,2110
pre_xy_17646,chrX,81201049,81203082,2033
pre_xy_17647,chrX,84186990,84188782,1792
pre_xy_17648,chrX,84501599,84502779,1180
pre_xy_17649,chrX,85003020,85004543,1523
pre_xy_17650,chrX,85243244,85245284,2040
pre_xy_17651,chrX,86046883,86048184,1301
pre_xy_17652,chrX,86147610,86149040,1430
pre_xy_17653,chrX,87516749,87518857,2108
pre_xy_17654,chrX,91434410,91435810,1400
pre_xy_17655,chrX,93672726,93674351,1625
pre_xy_17656,chrX,96684143,96686175,2032
pre_xy_17657,chrX,100635689,100637175,1486
pre_xy_17658,chrX,100819541,100820788,1247
pre_xy_17659,chrX,101051171,101052316,1145
pre_xy_17660,chrX,101097373,101098469,1096
pre_xy_17661,chrX,101347730,101349192,1462
pre_xy_17662,chrX,101390385,101391704,1319
pre_xy_17663,chrX,101407230,101408755,1525
pre_xy_17664,chrX,101417398,101418859,1461
pre_xy_17665,chrX,101484893,101486206,1313
pre_xy_17666,chrX,101550102,101551652,1550
pre_xy_17667,chrX,101617024,101618186,1162
pre_xy_17668,chrX,101622741,101624326,1585
pre_xy_17669,chrX,101657915,101660074,2159
pre_xy_17670,chrX,101930983,101932329,1346
pre_xy_17671,chrX,102515891,102517574,1683
pre_xy_17672,chrX,102598751,102600520,1769
pre_xy_17673,chrX,102650768,102652745,1977
pre_xy_17674,chrX,102659386,102660476,1090
pre_xy_17675,chrX,102711793,102713712,1919
pre_xy_17676,chrX,102745390,102746747,1357
pre_xy_17677,chrX,102768440,102769507,1067
pre_xy_17678,chrX,103062855,103064557,1702
pre_xy_17679,chrX,103214554,103216032,1478
pre_xy_17680,chrX,103253716,103255529,1813
pre_xy_17681,chrX,103309923,103311286,1363
pre_xy_17682,chrX,103329729,103331346,1617
pre_xy_17683,chrX,103355893,103357346,1453
pre_xy_17684,chrX,103375889,103377667,1778
pre_xy_17685,chrX,103585164,103586584,1420
pre_xy_17686,chrX,103607318,103608916,1598
pre_xy_17687,chrX,103628526,103630269,1743
pre_xy_17688,chrX,103686344,103688400,2056
pre_xy_17689,chrX,103918019,103919651,1632
pre_xy_17690,chrX,104111970,104113575,1605
pre_xy_17691,chrX,104156074,104157464,1390
pre_xy_17692,chrX,104165733,104167367,1634
pre_xy_17693,chrX,105821370,105823322,1952
pre_xy_17694,chrX,106611311,106612826,1515
pre_xy_17695,chrX,106725860,106727574,1714
pre_xy_17696,chrX,106998795,107000627,1832
pre_xy_17697,chrX,107205596,107206907,1311
pre_xy_17698,chrX,107627819,107629242,1423
pre_xy_17699,chrX,107731557,107732672,1115
pre_xy_17700,chrX,107741201,107743189,1988
pre_xy_17701,chrX,107775232,107776629,1397
pre_xy_17702,chrX,107825418,107827308,1890
pre_xy_17703,chrX,108090504,108092312,1808
pre_xy_17704,chrX,108735133,108737206,2073
pre_xy_17705,chrX,109536377,109537596,1219
pre_xy_17706,chrX,109732204,109733801,1597
pre_xy_17707,chrX,110001927,110003341,1414
pre_xy_17708,chrX,110316763,110318748,1985
pre_xy_17709,chrX,111095467,111096940,1473
pre_xy_17710,chrX,111680707,111682056,1349
pre_xy_17711,chrX,112081640,112084494,2854
pre_xy_17712,chrX,112840090,112841854,1764
pre_xy_17713,chrX,112851091,112852979,1888
pre_xy_17714,chrX,115560726,115562823,2097
pre_xy_17715,chrX,115968214,115969341,1127
pre_xy_17716,chrX,118115942,118117472,1530
pre_xy_17717,chrX,118345341,118347379,2038
pre_xy_17718,chrX,118495085,118496943,1858
pre_xy_17719,chrX,118726913,118728325,1412
pre_xy_17720,chrX,118823304,118824715,1411
pre_xy_17721,chrX,118973580,118977077,3497
pre_xy_17722,chrX,119234910,119237500,2590
pre_xy_17723,chrX,119467927,119469418,1491
pre_xy_17724,chrX,119573440,119575492,2052
pre_xy_17725,chrX,119604862,119607149,2287
pre_xy_17726,chrX,119692136,119694422,2286
pre_xy_17727,chrX,119757757,119759626,1869
pre_xy_17728,chrX,119790774,119792313,1539
pre_xy_17729,chrX,119852291,119853529,1238
pre_xy_17730,chrX,119870401,119872380,1979
pre_xy_17731,chrX,119942722,119944050,1328
pre_xy_17732,chrX,120250099,120251940,1841
pre_xy_17733,chrX,120308609,120309957,1348
pre_xy_17734,chrX,120468290,120469551,1261
pre_xy_17735,chrX,120560314,120562191,1877
pre_xy_17736,chrX,120603580,120604783,1203
pre_xy_17737,chrX,120629466,120630557,1091
pre_xy_17738,chrX,123183162,123185347,2185
pre_xy_17739,chrX,123731356,123733321,1965
pre_xy_17740,chrX,123859227,123860743,1516
pre_xy_17741,chrX,123959281,123962047,2766
pre_xy_17742,chrX,123962749,123963363,614
pre_xy_17743,chrX,125203189,125206337,3148
pre_xy_17744,chrX,129522106,129524018,1912
pre_xy_17745,chrX,129539863,129541124,1261
pre_xy_17746,chrX,129653582,129655443,1861
pre_xy_17747,chrX,129842480,129844302,1822
pre_xy_17748,chrX,129905439,129906582,1143
pre_xy_17749,chrX,129930983,129933071,2088
pre_xy_17750,chrX,129981896,129982859,963
pre_xy_17751,chrX,129983738,129984671,933
pre_xy_17752,chrX,130059443,130061057,1614
pre_xy_17753,chrX,130109498,130111688,2190
pre_xy_17754,chrX,130120314,130121287,973
pre_xy_17755,chrX,130165038,130166514,1476
pre_xy_17756,chrX,130170643,130172217,1574
pre_xy_17757,chrX,130267533,130269106,1573
pre_xy_17758,chrX,130339315,130340904,1589
pre_xy_17759,chrX,130401264,130402479,1215
pre_xy_17760,chrX,130902361,130903577,1216
pre_xy_17761,chrX,131830308,131831187,879
pre_xy_17762,chrX,132022151,132024232,2081
pre_xy_17763,chrX,132216833,132218623,1790
pre_xy_17764,chrX,132488359,132490305,1946
pre_xy_17765,chrX,132614344,132615684,1340
pre_xy_17766,chrX,132956322,132958697,2375
pre_xy_17767,chrX,133414292,133416082,1790
pre_xy_17768,chrX,133984884,133986232,1348
pre_xy_17769,chrX,134372782,134373947,1165
pre_xy_17770,chrX,134459628,134461168,1540
pre_xy_17771,chrX,134549113,134551364,2251
pre_xy_17772,chrX,134734033,134735305,1272
pre_xy_17773,chrX,134795778,134797439,1661
pre_xy_17774,chrX,134914055,134915672,1617
pre_xy_17775,chrX,135003659,135004646,987
pre_xy_17776,chrX,135021403,135022855,1452
pre_xy_17777,chrX,135031679,135033220,1541
pre_xy_17778,chrX,135051076,135052590,1514
pre_xy_17779,chrX,135097067,135099304,2237
pre_xy_17780,chrX,135343385,135345489,2104
pre_xy_17781,chrX,135421378,135422824,1446
pre_xy_17782,chrX,135519862,135522368,2506
pre_xy_17783,chrX,135973034,135974734,1700
pre_xy_17784,chrX,135984733,135986281,1548
pre_xy_17785,chrX,136146669,136148539,1870
pre_xy_17786,chrX,136496480,136497986,1506
pre_xy_17787,chrX,136879690,136881034,1344
pre_xy_17788,chrX,136908847,136910582,1735
pre_xy_17789,chrX,137565286,137567443,2157
pre_xy_17790,chrX,138709950,138712436,2486
pre_xy_17791,chrX,139202834,139205635,2801
pre_xy_17792,chrX,139931803,139933752,1949
pre_xy_17793,chrX,140712486,140713547,1061
pre_xy_17794,chrX,141176111,141177476,1365
pre_xy_17795,chrX,143632778,143636299,3521
pre_xy_17796,chrX,145817093,145818995,1902
pre_xy_17797,chrX,147911287,147912831,1544
pre_xy_17798,chrX,149504824,149505583,759
pre_xy_17799,chrX,149539075,149541619,2544
pre_xy_17800,chrX,149630470,149632151,1681
pre_xy_17801,chrX,149937946,149940812,2866
pre_xy_17802,chrX,150364896,150366796,1900
pre_xy_17803,chrX,150568004,150569350,1346
pre_xy_17804,chrX,150692418,150694522,2104
pre_xy_17805,chrX,150897780,150899764,1984
pre_xy_17806,chrX,150982635,150984872,2237
pre_xy_17807,chrX,151396111,151397819,1708
pre_xy_17808,chrX,151694467,151695804,1337
pre_xy_17809,chrX,152830029,152831429,1400
pre_xy_17810,chrX,152940928,152942301,1373
pre_xy_17811,chrX,153055734,153057783,2049
pre_xy_17812,chrX,153333579,153335009,1430
pre_xy_17813,chrX,153381571,153382585,1014
pre_xy_17814,chrX,153469810,153471158,1348
pre_xy_17815,chrX,153598367,153599736,1369
pre_xy_17816,chrX,153609672,153611214,1542
pre_xy_17817,chrX,153672560,153674056,1496
pre_xy_17818,chrX,153686764,153688089,1325
pre_xy_17819,chrX,153723379,153725033,1654
pre_xy_17820,chrX,153793651,153795175,1524
pre_xy_17821,chrX,153927221,153928741,1520
pre_xy_17822,chrX,153934381,153935605,1224
pre_xy_17823,chrX,153970067,153972994,2927
pre_xy_17824,chrX,154019143,154020711,1568
pre_xy_17825,chrX,154096599,154098168,1569
pre_xy_17826,chrX,154368542,154369859,1317
pre_xy_17827,chrX,154370460,154371770,1310
pre_xy_17828,chrX,154377983,154379669,1686
pre_xy_17829,chrX,154396902,154399003,2101
pre_xy_17830,chrX,154411058,154412369,1311
pre_xy_17831,chrX,154428132,154429285,1153
pre_xy_17832,chrX,154436188,154438173,1985
pre_xy_17833,chrX,154443538,154444767,1229
pre_xy_17834,chrX,154457525,154460228,2703
pre_xy_17835,chrX,154478122,154479513,1391
pre_xy_17836,chrX,154485778,154487206,1428
pre_xy_17837,chrX,154490050,154491131,1081
pre_xy_17838,chrX,154515384,154517999,2615
pre_xy_17839,chrX,154546406,154547982,1576
pre_xy_17840,chrX,154761987,154763654,1667
pre_xy_17841,chrX,154804833,154805940,1107
pre_xy_17842,chrX,155026457,155027585,1128
pre_xy_17843,chrX,155070552,155072116,1564
pre_xy_17844,chrX,155215722,155217297,1575
pre_xy_17845,chrX,155766683,155768321,1638
pre_xy_17846,chrX,155880473,155881940,1467
pre_xy_17847,chrY,2934687,2936316,1629
pre_xy_17848,chrY,6910286,6911910,1624
pre_xy_17849,chrY,7273335,7274999,1664
pre_xy_17850,chrY,12661316,12663547,2231
pre_xy_17851,chrY,12904330,12906027,1697
pre_xy_17852,chrY,13478201,13480399,2198
pre_xy_17853,chrY,13703320,13705532,2212
pre_xy_17854,chrY,13751090,13752878,1788
pre_xy_17855,chrY,14523822,14525718,1896
pre_xy_17856,chrY,15455427,15456797,1370
pre_xy_17857,chrY,19075518,19078120,2602
pre_xy_17858,chrY,19566681,19568068,1387
pre_xy_17859,chrY,20574998,20576299,1301
