ID,Chromosome,Start,End,Length
HO1,chr1,629800,630038,238
HO2,chr1,633887,634124,237
HO3,chr1,778202,779303,1101
HO4,chr1,826606,827807,1201
HO5,chr1,869370,870234,864
HO6,chr1,903989,905746,1757
HO7,chr1,909950,911545,1595
HO8,chr1,920890,921390,500
HO9,chr1,923580,925857,2277
HO10,chr1,939791,941236,1445
HO11,chr1,958624,959544,920
HO12,chr1,960274,961478,1204
HO13,chr1,966289,967355,1066
HO14,chr1,975845,976756,911
HO15,chr1,998438,999389,951
HO16,chr1,999595,1001227,1632
HO17,chr1,1001623,1002093,470
HO18,chr1,1004567,1005711,1144
HO19,chr1,1012733,1014052,1319
HO20,chr1,1019132,1021442,2310
HO21,chr1,1032032,1034342,2310
HO22,chr1,1040031,1041428,1397
HO23,chr1,1058777,1059987,1210
HO24,chr1,1063654,1064479,825
HO25,chr1,1068526,1070143,1617
HO26,chr1,1079340,1080679,1339
HO27,chr1,1115628,1116933,1305
HO28,chr1,1121721,1122485,764
HO29,chr1,1127896,1129136,1240
HO30,chr1,1156930,1158730,1800
HO31,chr1,1231085,1232921,1836
HO32,chr1,1237117,1238682,1565
HO33,chr1,1249589,1250492,903
HO34,chr1,1272840,1274680,1840
HO35,chr1,1281287,1282398,1111
HO36,chr1,1290817,1292379,1562
HO37,chr1,1304357,1305050,693
HO38,chr1,1307429,1309282,1853
HO39,chr1,1324187,1325377,1190
HO40,chr1,1347279,1348296,1017
HO41,chr1,1348463,1349998,1535
HO42,chr1,1371800,1372360,560
HO43,chr1,1374412,1375723,1311
HO44,chr1,1398571,1400179,1608
HO45,chr1,1406334,1408052,1718
HO46,chr1,1430046,1430999,953
HO47,chr1,1433071,1433673,602
HO48,chr1,1433824,1434745,921
HO49,chr1,1435239,1435952,713
HO50,chr1,1440675,1442417,1742
HO51,chr1,1470644,1471894,1250
HO52,chr1,1504530,1505788,1258
HO53,chr1,1510949,1512616,1667
HO54,chr1,1539302,1540997,1695
HO55,chr1,1573822,1575527,1705
HO56,chr1,1596914,1597934,1020
HO57,chr1,1599076,1600773,1697
HO58,chr1,1613817,1616484,2667
HO59,chr1,1658505,1659319,814
HO60,chr1,1683215,1684377,1162
HO61,chr1,1692199,1693281,1082
HO62,chr1,1723850,1724626,776
HO63,chr1,1763670,1764611,941
HO64,chr1,1777218,1779260,2042
HO65,chr1,1889786,1891891,2105
HO66,chr1,1906026,1906553,527
HO67,chr1,1908413,1909826,1413
HO68,chr1,1918176,1919955,1779
HO69,chr1,1943688,1944522,834
HO70,chr1,1946182,1947029,847
HO71,chr1,1959668,1960503,835
HO72,chr1,1988357,1990653,2296
HO73,chr1,2003403,2004519,1116
HO74,chr1,2018393,2020019,1626
HO75,chr1,2044417,2045182,765
HO76,chr1,2049324,2051030,1706
HO77,chr1,2104175,2105352,1177
HO78,chr1,2132270,2133938,1668
HO79,chr1,2135082,2135903,821
HO80,chr1,2189099,2190294,1195
HO81,chr1,2194416,2195514,1098
HO82,chr1,2204218,2205872,1654
HO83,chr1,2207229,2207998,769
HO84,chr1,2212139,2213469,1330
HO85,chr1,2226927,2229584,2657
HO86,chr1,2234369,2234988,619
HO87,chr1,2237234,2238038,804
HO88,chr1,2239878,2240597,719
HO89,chr1,2314163,2315850,1687
HO90,chr1,2321835,2323179,1344
HO91,chr1,2329879,2331505,1626
HO92,chr1,2380934,2382199,1265
HO93,chr1,2390973,2392955,1982
HO94,chr1,2404109,2405446,1337
HO95,chr1,2411822,2413540,1718
HO96,chr1,2442595,2444171,1576
HO97,chr1,2474005,2475539,1534
HO98,chr1,2525630,2527030,1400
HO99,chr1,2529082,2529717,635
HO100,chr1,2543471,2545201,1730
HO101,chr1,2545810,2547307,1497
HO102,chr1,2577774,2578818,1044
HO103,chr1,2585208,2587431,2223
HO104,chr1,2642175,2643714,1539
HO105,chr1,3066181,3066551,370
HO106,chr1,3068787,3070838,2051
HO107,chr1,3139256,3140831,1575
HO108,chr1,3145277,3146349,1072
HO109,chr1,3170104,3171589,1485
HO110,chr1,3219052,3219956,904
HO111,chr1,3221094,3222593,1499
HO112,chr1,3312424,3315493,3069
HO113,chr1,3348040,3349975,1935
HO114,chr1,3352048,3353358,1310
HO115,chr1,3365421,3367016,1595
HO116,chr1,3409842,3410802,960
HO117,chr1,3452965,3453527,562
HO118,chr1,3454216,3455205,989
HO119,chr1,3459590,3461033,1443
HO120,chr1,3490297,3491982,1685
HO121,chr1,3530209,3532075,1866
HO122,chr1,3609819,3611951,2132
HO123,chr1,3623923,3625893,1970
HO124,chr1,3649501,3650294,793
HO125,chr1,3651800,3653042,1242
HO126,chr1,3668555,3669302,747
HO127,chr1,3740759,3741909,1150
HO128,chr1,3745922,3747602,1680
HO129,chr1,3771005,3773649,2644
HO130,chr1,3774404,3775760,1356
HO131,chr1,3784786,3785729,943
HO132,chr1,3795465,3797010,1545
HO133,chr1,3856401,3858495,2094
HO134,chr1,3899561,3901592,2031
HO135,chr1,3910625,3911886,1261
HO136,chr1,4081763,4084529,2766
HO137,chr1,4421596,4423146,1550
HO138,chr1,5651895,5653153,1258
HO139,chr1,5691892,5693308,1416
HO140,chr1,5704052,5705507,1455
HO141,chr1,5744343,5746136,1793
HO142,chr1,5797730,5798626,896
HO143,chr1,5966445,5967994,1549
HO144,chr1,5991009,5993260,2251
HO145,chr1,6001939,6003497,1558
HO146,chr1,6033923,6035894,1971
HO147,chr1,6052267,6053268,1001
HO148,chr1,6092131,6093606,1475
HO149,chr1,6179003,6181772,2769
HO150,chr1,6198805,6200139,1334
HO151,chr1,6204912,6206524,1612
HO152,chr1,6208619,6209544,925
HO153,chr1,6235096,6236343,1247
HO154,chr1,6244864,6245705,841
HO155,chr1,6259594,6262064,2470
HO156,chr1,6275933,6277060,1127
HO157,chr1,6358811,6360079,1268
HO158,chr1,6362871,6363739,868
HO159,chr1,6392682,6394216,1534
HO160,chr1,6423295,6425224,1929
HO161,chr1,6484874,6486828,1954
HO162,chr1,6489735,6491120,1385
HO163,chr1,6496982,6497885,903
HO164,chr1,6501735,6502735,1000
HO165,chr1,6553664,6554802,1138
HO166,chr1,6577779,6578443,664
HO167,chr1,6579201,6581129,1928
HO168,chr1,6586340,6587676,1336
HO169,chr1,6600849,6604167,3318
HO170,chr1,6612658,6615428,2770
HO171,chr1,6615892,6616768,876
HO172,chr1,6624592,6626037,1445
HO173,chr1,6700837,6702260,1423
HO174,chr1,6724053,6725301,1248
HO175,chr1,6784169,6786469,2300
HO176,chr1,6904045,6904979,934
HO177,chr1,6911475,6913076,1601
HO178,chr1,6922113,6923215,1102
HO179,chr1,6954152,6954895,743
HO180,chr1,6956355,6957146,791
HO181,chr1,6961821,6963713,1892
HO182,chr1,7069596,7071144,1548
HO183,chr1,7096859,7097725,866
HO184,chr1,7387471,7390134,2663
HO185,chr1,7478125,7479263,1138
HO186,chr1,7536722,7537666,944
HO187,chr1,7667369,7669057,1688
HO188,chr1,7669260,7670644,1384
HO189,chr1,7679621,7681198,1577
HO190,chr1,7703744,7706313,2569
HO191,chr1,7770562,7772012,1450
HO192,chr1,7783171,7784721,1550
HO193,chr1,7953644,7954635,991
HO194,chr1,7960952,7962255,1303
HO195,chr1,8003920,8005537,1617
HO196,chr1,8025364,8027039,1675
HO197,chr1,8216784,8217884,1100
HO198,chr1,8314076,8314711,635
HO199,chr1,8317606,8318711,1105
HO200,chr1,8395987,8398177,2190
HO201,chr1,8407603,8409517,1914
HO202,chr1,8422303,8425073,2770
HO203,chr1,8438342,8439799,1457
HO204,chr1,8525196,8526301,1105
HO205,chr1,8700289,8702278,1989
HO206,chr1,8702782,8703759,977
HO207,chr1,8816434,8818239,1805
HO208,chr1,8848526,8849387,861
HO209,chr1,8877765,8879647,1882
HO210,chr1,8885235,8885923,688
HO211,chr1,8889372,8890768,1396
HO212,chr1,8938274,8939561,1287
HO213,chr1,9064192,9065740,1548
HO214,chr1,9110539,9111213,674
HO215,chr1,9127389,9129974,2585
HO216,chr1,9181103,9183428,2325
HO217,chr1,9188916,9190120,1204
HO218,chr1,9195706,9197427,1721
HO219,chr1,9198420,9199005,585
HO220,chr1,9234093,9235482,1389
HO221,chr1,9241878,9243088,1210
HO222,chr1,9249414,9252089,2675
HO223,chr1,9291858,9293943,2085
HO224,chr1,9322626,9323379,753
HO225,chr1,9351852,9353428,1576
HO226,chr1,9383788,9385291,1503
HO227,chr1,9428432,9430260,1828
HO228,chr1,9443687,9444402,715
HO229,chr1,9538765,9540358,1593
HO230,chr1,9588175,9589666,1491
HO231,chr1,9593331,9594112,781
HO232,chr1,9606498,9607907,1409
HO233,chr1,9607964,9608825,861
HO234,chr1,9626776,9627826,1050
HO235,chr1,9651424,9652758,1334
HO236,chr1,9687083,9688109,1026
HO237,chr1,9688922,9690314,1392
HO238,chr1,9792054,9792875,821
HO239,chr1,9822885,9824770,1885
HO240,chr1,9835212,9836630,1418
HO241,chr1,9909212,9911212,2000
HO242,chr1,9942370,9943821,1451
HO243,chr1,9996782,9998192,1410
HO244,chr1,10032296,10033840,1544
HO245,chr1,10196299,10197605,1306
HO246,chr1,10209686,10212125,2439
HO247,chr1,10339440,10340143,703
HO248,chr1,10377219,10379228,2009
HO249,chr1,10398218,10399959,1741
HO250,chr1,10429851,10431361,1510
HO251,chr1,10436311,10437387,1076
HO252,chr1,10471717,10472847,1130
HO253,chr1,10474579,10475613,1034
HO254,chr1,10494155,10495541,1386
HO255,chr1,10555537,10556710,1173
HO256,chr1,10638138,10639777,1639
HO257,chr1,10685586,10687108,1522
HO258,chr1,10693560,10695322,1762
HO259,chr1,10755286,10756491,1205
HO260,chr1,10793666,10795555,1889
HO261,chr1,10796075,10796931,856
HO262,chr1,10835612,10836288,676
HO263,chr1,10866363,10868275,1912
HO264,chr1,11011757,11013413,1656
HO265,chr1,11059176,11060981,1805
HO266,chr1,11099117,11100252,1135
HO267,chr1,11261750,11262992,1242
HO268,chr1,11272380,11273864,1484
HO269,chr1,11478456,11480680,2224
HO270,chr1,11653855,11655173,1318
HO271,chr1,11663851,11665266,1415
HO272,chr1,11680366,11681947,1581
HO273,chr1,11735525,11737068,1543
HO274,chr1,11746770,11747721,951
HO275,chr1,11784508,11785455,947
HO276,chr1,11803039,11803961,922
HO277,chr1,11804817,11806553,1736
HO278,chr1,11858581,11859667,1086
HO279,chr1,11907527,11910006,2479
HO280,chr1,11925711,11926734,1023
HO281,chr1,11933994,11935095,1101
HO282,chr1,11966577,11967523,946
HO283,chr1,11979560,11980918,1358
HO284,chr1,12014186,12014950,764
HO285,chr1,12018894,12020110,1216
HO286,chr1,12229426,12231418,1992
HO287,chr1,12336266,12337032,766
HO288,chr1,12433092,12435130,2038
HO289,chr1,12477656,12478966,1310
HO290,chr1,12615730,12617367,1637
HO291,chr1,12617673,12618761,1088
HO292,chr1,12618968,12620142,1174
HO293,chr1,13512526,13514229,1703
HO294,chr1,13548777,13550032,1255
HO295,chr1,13583514,13584750,1236
HO296,chr1,13699571,13701136,1565
HO297,chr1,13748618,13750118,1500
HO298,chr1,13813503,13814734,1231
HO299,chr1,13892191,13893640,1449
HO300,chr1,14597673,14599737,2064
HO301,chr1,14923713,14925347,1634
HO302,chr1,15088048,15090829,2781
HO303,chr1,15152260,15155037,2777
HO304,chr1,15212363,15213821,1458
HO305,chr1,15246818,15247731,913
HO306,chr1,15334569,15335736,1167
HO307,chr1,15355701,15356694,993
HO308,chr1,15370553,15372321,1768
HO309,chr1,15409022,15410809,1787
HO310,chr1,15415915,15416726,811
HO311,chr1,15426673,15427622,949
HO312,chr1,15475543,15477402,1859
HO313,chr1,15523834,15525499,1665
HO314,chr1,15526374,15527233,859
HO315,chr1,15602888,15604024,1136
HO316,chr1,15616659,15618306,1647
HO317,chr1,15683836,15685221,1385
HO318,chr1,15741077,15741791,714
HO319,chr1,15834119,15836415,2296
HO320,chr1,15846982,15848891,1909
HO321,chr1,15849079,15850276,1197
HO322,chr1,15885306,15887046,1740
HO323,chr1,15948944,15950325,1381
HO324,chr1,15974910,15976299,1389
HO325,chr1,16012554,16013540,986
HO326,chr1,16017387,16018625,1238
HO327,chr1,16032154,16033300,1146
HO328,chr1,16055574,16056464,890
HO329,chr1,16057240,16057914,674
HO330,chr1,16072817,16074048,1231
HO331,chr1,16078702,16079664,962
HO332,chr1,16111520,16113501,1981
HO333,chr1,16114530,16115600,1070
HO334,chr1,16143696,16144393,697
HO335,chr1,16144916,16146861,1945
HO336,chr1,16154608,16156435,1827
HO337,chr1,16167226,16168355,1129
HO338,chr1,16175386,16176673,1287
HO339,chr1,16206172,16207351,1179
HO340,chr1,16215876,16216554,678
HO341,chr1,16216925,16218107,1182
HO342,chr1,16226235,16227301,1066
HO343,chr1,16236097,16237639,1542
HO344,chr1,16350871,16352923,2052
HO345,chr1,16366698,16368383,1685
HO346,chr1,16440128,16441558,1430
HO347,chr1,16498492,16499926,1434
HO348,chr1,16513424,16514774,1350
HO349,chr1,16612004,16614016,2012
HO350,chr1,16620675,16621412,737
HO351,chr1,16624759,16625214,455
HO352,chr1,16643709,16645612,1903
HO353,chr1,16888546,16889890,1344
HO354,chr1,16895158,16897310,2152
HO355,chr1,16903597,16905805,2208
HO356,chr1,16913249,16914692,1443
HO357,chr1,16951368,16952043,675
HO358,chr1,16960307,16962010,1703
HO359,chr1,16966880,16967690,810
HO360,chr1,16979538,16980863,1325
HO361,chr1,17010601,17012307,1706
HO362,chr1,17053282,17054734,1452
HO363,chr1,17437151,17440090,2939
HO364,chr1,17531408,17532492,1084
HO365,chr1,17538048,17541043,2995
HO366,chr1,18883698,18884486,788
HO367,chr1,18901855,18903474,1619
HO368,chr1,18921696,18922813,1117
HO369,chr1,18941062,18942187,1125
HO370,chr1,18955363,18957479,2116
HO371,chr1,19007156,19008317,1161
HO372,chr1,19016669,19017742,1073
HO373,chr1,19082573,19083770,1197
HO374,chr1,19209229,19211055,1826
HO375,chr1,19232155,19233292,1137
HO376,chr1,19250992,19252508,1516
HO377,chr1,19311045,19312923,1878
HO378,chr1,19366553,19367508,955
HO379,chr1,19425826,19427704,1878
HO380,chr1,19484198,19486187,1989
HO381,chr1,19596151,19597816,1665
HO382,chr1,19643518,19645494,1976
HO383,chr1,19650474,19651480,1006
HO384,chr1,19653401,19654104,703
HO385,chr1,19659430,19660114,684
HO386,chr1,19704208,19704945,737
HO387,chr1,19715140,19716031,891
HO388,chr1,19798997,19800606,1609
HO389,chr1,19881887,19883097,1210
HO390,chr1,19921295,19922669,1374
HO391,chr1,19974657,19976154,1497
HO392,chr1,19981166,19982619,1453
HO393,chr1,20151774,20152709,935
HO394,chr1,20185324,20186831,1507
HO395,chr1,20194740,20196394,1654
HO396,chr1,20365735,20367489,1754
HO397,chr1,20472991,20473684,693
HO398,chr1,20483688,20484776,1088
HO399,chr1,20485233,20487165,1932
HO400,chr1,20487823,20488392,569
HO401,chr1,20507093,20508431,1338
HO402,chr1,20551907,20554035,2128
HO403,chr1,20633002,20634864,1862
HO404,chr1,20660694,20662265,1571
HO405,chr1,20696076,20697370,1294
HO406,chr1,20717224,20718332,1108
HO407,chr1,20731321,20733404,2083
HO408,chr1,20785995,20788159,2164
HO409,chr1,21117179,21118306,1127
HO410,chr1,21175359,21177415,2056
HO411,chr1,21216637,21218591,1954
HO412,chr1,21261630,21263248,1618
HO413,chr1,21268202,21270514,2312
HO414,chr1,21289422,21290938,1516
HO415,chr1,21318131,21319112,981
HO416,chr1,21324090,21325732,1642
HO417,chr1,21332485,21333166,681
HO418,chr1,21344130,21346200,2070
HO419,chr1,21368113,21368845,732
HO420,chr1,21439560,21440753,1193
HO421,chr1,21537210,21538759,1549
HO422,chr1,21558150,21560339,2189
HO423,chr1,21586600,21587409,809
HO424,chr1,21607520,21608307,787
HO425,chr1,21651052,21652369,1317
HO426,chr1,21658957,21659716,759
HO427,chr1,21668377,21670196,1819
HO428,chr1,21764550,21765402,852
HO429,chr1,21781621,21783966,2345
HO430,chr1,21929679,21930532,853
HO431,chr1,21936691,21937937,1246
HO432,chr1,22024450,22026401,1951
HO433,chr1,22052116,22053857,1741
HO434,chr1,22141439,22143789,2350
HO435,chr1,22420290,22420798,508
HO436,chr1,22451152,22452826,1674
HO437,chr1,22684789,22686183,1394
HO438,chr1,22709796,22712031,2235
HO439,chr1,22870137,22871010,873
HO440,chr1,22952867,22954734,1867
HO441,chr1,22976265,22976920,655
HO442,chr1,23018769,23020444,1675
HO443,chr1,23167169,23169045,1876
HO444,chr1,23177124,23178574,1450
HO445,chr1,23216529,23218016,1487
HO446,chr1,23343275,23345158,1883
HO447,chr1,23367825,23370106,2281
HO448,chr1,23403469,23404260,791
HO449,chr1,23411350,23412459,1109
HO450,chr1,23421750,23425243,3493
HO451,chr1,23482954,23485061,2107
HO452,chr1,23528018,23528922,904
HO453,chr1,23529575,23530271,696
HO454,chr1,23530475,23531969,1494
HO455,chr1,23539490,23540269,779
HO456,chr1,23554318,23555314,996
HO457,chr1,23558084,23558727,643
HO458,chr1,23558966,23560107,1141
HO459,chr1,23561968,23562713,745
HO460,chr1,23567657,23569925,2268
HO461,chr1,23637229,23638546,1317
HO462,chr1,23691285,23692374,1089
HO463,chr1,23742776,23744231,1455
HO464,chr1,23771138,23772469,1331
HO465,chr1,23777746,23778854,1108
HO466,chr1,23790718,23792101,1383
HO467,chr1,23799450,23801416,1966
HO468,chr1,23824738,23825799,1061
HO469,chr1,23867562,23868903,1341
HO470,chr1,23958686,23960369,1683
HO471,chr1,23979488,23980704,1216
HO472,chr1,24018362,24019340,978
HO473,chr1,24045702,24047113,1411
HO474,chr1,24070677,24071736,1059
HO475,chr1,24102926,24103904,978
HO476,chr1,24107986,24109073,1087
HO477,chr1,24111891,24112834,943
HO478,chr1,24119785,24121022,1237
HO479,chr1,24150138,24151623,1485
HO480,chr1,24186675,24188015,1340
HO481,chr1,24321440,24322985,1545
HO482,chr1,24413137,24414001,864
HO483,chr1,24415198,24416335,1137
HO484,chr1,24418803,24419729,926
HO485,chr1,24435643,24436383,740
HO486,chr1,24442746,24443722,976
HO487,chr1,24501825,24503584,1759
HO488,chr1,24555384,24556372,988
HO489,chr1,24575808,24576664,856
HO490,chr1,24593832,24594586,754
HO491,chr1,24618643,24619932,1289
HO492,chr1,24641713,24644160,2447
HO493,chr1,24683286,24684235,949
HO494,chr1,24704455,24706000,1545
HO495,chr1,24744648,24746361,1713
HO496,chr1,24847701,24848830,1129
HO497,chr1,24861729,24862790,1061
HO498,chr1,25167201,25169049,1848
HO499,chr1,25231894,25233431,1537
HO500,chr1,25239245,25240472,1227
HO501,chr1,25245926,25248062,2136
HO502,chr1,25337923,25339468,1545
HO503,chr1,25368716,25369866,1150
HO504,chr1,25429836,25431770,1934
HO505,chr1,25543137,25544308,1171
HO506,chr1,25615691,25618356,2665
HO507,chr1,25770648,25772151,1503
HO508,chr1,25799384,25800873,1489
HO509,chr1,25818995,25821121,2126
HO510,chr1,25834446,25837036,2590
HO511,chr1,25858689,25860232,1543
HO512,chr1,25871000,25871763,763
HO513,chr1,25874623,25876276,1653
HO514,chr1,25879441,25880350,909
HO515,chr1,25895086,25895852,766
HO516,chr1,25904992,25907211,2219
HO517,chr1,25922052,25924002,1950
HO518,chr1,25932785,25934598,1813
HO519,chr1,25996922,25998996,2074
HO520,chr1,26034887,26036859,1972
HO521,chr1,26110577,26112603,2026
HO522,chr1,26161220,26162224,1004
HO523,chr1,26164049,26164948,899
HO524,chr1,26169239,26170391,1152
HO525,chr1,26188492,26190798,2306
HO526,chr1,26200663,26202115,1452
HO527,chr1,26224557,26225927,1370
HO528,chr1,26233463,26235264,1801
HO529,chr1,26275555,26276443,888
HO530,chr1,26279402,26280615,1213
HO531,chr1,26305807,26307211,1404
HO532,chr1,26320902,26321891,989
HO533,chr1,26335946,26337245,1299
HO534,chr1,26431563,26432704,1141
HO535,chr1,26471448,26473357,1909
HO536,chr1,26500002,26501749,1747
HO537,chr1,26529216,26530714,1498
HO538,chr1,26541526,26543163,1637
HO539,chr1,26554970,26556518,1548
HO540,chr1,26619891,26621781,1890
HO541,chr1,26677219,26677965,746
HO542,chr1,26692178,26693462,1284
HO543,chr1,26695241,26696385,1144
HO544,chr1,26697882,26698624,742
HO545,chr1,26723017,26724370,1353
HO546,chr1,26786613,26788529,1916
HO547,chr1,26788925,26789433,508
HO548,chr1,26826033,26827984,1951
HO549,chr1,26864155,26865978,1823
HO550,chr1,26889524,26890851,1327
HO551,chr1,26899653,26900787,1134
HO552,chr1,26913381,26914679,1298
HO553,chr1,26921064,26922465,1401
HO554,chr1,26993043,26995148,2105
HO555,chr1,26997641,26998010,369
HO556,chr1,27011867,27013409,1542
HO557,chr1,27031092,27032130,1038
HO558,chr1,27098497,27100273,1776
HO559,chr1,27111698,27112624,926
HO560,chr1,27154526,27155630,1104
HO561,chr1,27233805,27235737,1932
HO562,chr1,27271934,27272839,905
HO563,chr1,27299329,27301233,1904
HO564,chr1,27321771,27322759,988
HO565,chr1,27349185,27350189,1004
HO566,chr1,27356749,27357862,1113
HO567,chr1,27365275,27367258,1983
HO568,chr1,27380841,27381667,826
HO569,chr1,27382423,27383559,1136
HO570,chr1,27391378,27392887,1509
HO571,chr1,27394931,27395761,830
HO572,chr1,27489495,27490759,1264
HO573,chr1,27503850,27505576,1726
HO574,chr1,27519088,27519948,860
HO575,chr1,27526914,27529531,2617
HO576,chr1,27535405,27537429,2024
HO577,chr1,27556697,27558223,1526
HO578,chr1,27563402,27563919,517
HO579,chr1,27568159,27569292,1133
HO580,chr1,27574196,27576198,2002
HO581,chr1,27601769,27602713,944
HO582,chr1,27602961,27604519,1558
HO583,chr1,27633907,27635307,1400
HO584,chr1,27638100,27638764,664
HO585,chr1,27658837,27660340,1503
HO586,chr1,27662758,27663486,728
HO587,chr1,27669115,27669704,589
HO588,chr1,27671725,27672619,894
HO589,chr1,27724523,27726658,2135
HO590,chr1,27772647,27774015,1368
HO591,chr1,27829846,27831448,1602
HO592,chr1,27857838,27858810,972
HO593,chr1,27866795,27867645,850
HO594,chr1,27872037,27873531,1494
HO595,chr1,27914008,27915134,1126
HO596,chr1,27934629,27935967,1338
HO597,chr1,27940819,27942403,1584
HO598,chr1,27959324,27960559,1235
HO599,chr1,28087608,28088971,1363
HO600,chr1,28224751,28225742,991
HO601,chr1,28232515,28233188,673
HO602,chr1,28235539,28237189,1650
HO603,chr1,28246389,28247585,1196
HO604,chr1,28258631,28260827,2196
HO605,chr1,28296190,28297362,1172
HO606,chr1,28328283,28329741,1458
HO607,chr1,28369104,28370647,1543
HO608,chr1,28400444,28402067,1623
HO609,chr1,28437190,28438390,1200
HO610,chr1,28505383,28506685,1302
HO611,chr1,28517656,28519019,1363
HO612,chr1,28552340,28553748,1408
HO613,chr1,28580897,28582534,1637
HO614,chr1,28642108,28643548,1440
HO615,chr1,28647945,28649533,1588
HO616,chr1,28668164,28670101,1937
HO617,chr1,28736050,28738081,2031
HO618,chr1,28750853,28752057,1204
HO619,chr1,28774730,28775637,907
HO620,chr1,28784893,28785783,890
HO621,chr1,28881886,28882441,555
HO622,chr1,28884330,28885302,972
HO623,chr1,28886698,28888462,1764
HO624,chr1,28898080,28899237,1157
HO625,chr1,28913787,28915650,1863
HO626,chr1,29121203,29125401,4198
HO627,chr1,29133586,29135144,1558
HO628,chr1,29156206,29157545,1339
HO629,chr1,29180950,29182572,1622
HO630,chr1,29202154,29203231,1077
HO631,chr1,29230433,29231192,759
HO632,chr1,29236027,29236844,817
HO633,chr1,29237153,29238563,1410
HO634,chr1,29259111,29260470,1359
HO635,chr1,30378899,30380668,1769
HO636,chr1,30717753,30719554,1801
HO637,chr1,30782323,30783567,1244
HO638,chr1,30823822,30824961,1139
HO639,chr1,30847209,30847880,671
HO640,chr1,30895355,30896521,1166
HO641,chr1,31064704,31066153,1449
HO642,chr1,31154412,31155834,1422
HO643,chr1,31170284,31171207,923
HO644,chr1,31181282,31182761,1479
HO645,chr1,31238620,31240197,1577
HO646,chr1,31296249,31298109,1860
HO647,chr1,31368399,31369119,720
HO648,chr1,31372604,31374071,1467
HO649,chr1,31374528,31375156,628
HO650,chr1,31394413,31395218,805
HO651,chr1,31412816,31414842,2026
HO652,chr1,31548376,31549954,1578
HO653,chr1,31568475,31569993,1518
HO654,chr1,31573791,31574709,918
HO655,chr1,31575924,31576652,728
HO656,chr1,31583601,31584442,841
HO657,chr1,31587756,31589304,1548
HO658,chr1,31617453,31618472,1019
HO659,chr1,31625978,31628412,2434
HO660,chr1,31644128,31645464,1336
HO661,chr1,31669420,31670894,1474
HO662,chr1,31695642,31696587,945
HO663,chr1,31700768,31701895,1127
HO664,chr1,31703491,31705559,2068
HO665,chr1,31714277,31715949,1672
HO666,chr1,31736474,31737122,648
HO667,chr1,31745148,31745940,792
HO668,chr1,31750823,31752674,1851
HO669,chr1,31760414,31761252,838
HO670,chr1,31762479,31763200,721
HO671,chr1,31763841,31764716,875
HO672,chr1,31771577,31772997,1420
HO673,chr1,31787971,31789581,1610
HO674,chr1,31923627,31924639,1012
HO675,chr1,31937298,31938914,1616
HO676,chr1,31939721,31940159,438
HO677,chr1,31944014,31945114,1100
HO678,chr1,31954378,31955633,1255
HO679,chr1,31963894,31964636,742
HO680,chr1,32013116,32015017,1901
HO681,chr1,32062184,32062894,710
HO682,chr1,32072275,32073669,1394
HO683,chr1,32107426,32108926,1500
HO684,chr1,32179091,32180803,1712
HO685,chr1,32200087,32201947,1860
HO686,chr1,32202380,32202759,379
HO687,chr1,32205082,32206358,1276
HO688,chr1,32211697,32212915,1218
HO689,chr1,32215318,32216133,815
HO690,chr1,32221775,32222971,1196
HO691,chr1,32235557,32236480,923
HO692,chr1,32239308,32241820,2512
HO693,chr1,32291577,32292847,1270
HO694,chr1,32334844,32336789,1945
HO695,chr1,32337951,32338658,707
HO696,chr1,32351005,32352424,1419
HO697,chr1,32353240,32354500,1260
HO698,chr1,32361083,32362700,1617
HO699,chr1,32393859,32395297,1438
HO700,chr1,32400518,32401363,845
HO701,chr1,32447643,32448787,1144
HO702,chr1,32464006,32465878,1872
HO703,chr1,32499930,32501190,1260
HO704,chr1,32538885,32540393,1508
HO705,chr1,32611888,32612876,988
HO706,chr1,32650020,32651795,1775
HO707,chr1,32701232,32703972,2740
HO708,chr1,32711932,32712680,748
HO709,chr1,32741064,32742767,1703
HO710,chr1,32753495,32755494,1999
HO711,chr1,32759537,32760659,1122
HO712,chr1,32770606,32772147,1541
HO713,chr1,32816634,32818733,2099
HO714,chr1,32870066,32872962,2896
HO715,chr1,32876163,32876969,806
HO716,chr1,32885917,32886915,998
HO717,chr1,32892729,32894512,1783
HO718,chr1,32924687,32926370,1683
HO719,chr1,32960188,32960755,567
HO720,chr1,32963605,32965159,1554
HO721,chr1,32972552,32973460,908
HO722,chr1,33036024,33037227,1203
HO723,chr1,33054936,33055973,1037
HO724,chr1,33080673,33081761,1088
HO725,chr1,33126773,33127897,1124
HO726,chr1,33133109,33134141,1032
HO727,chr1,33160750,33161813,1063
HO728,chr1,33180387,33182854,2467
HO729,chr1,33255273,33257497,2224
HO730,chr1,33305956,33307433,1477
HO731,chr1,33338040,33339675,1635
HO732,chr1,33348745,33350668,1923
HO733,chr1,33429910,33431399,1489
HO734,chr1,33470296,33470938,642
HO735,chr1,33471826,33472941,1115
HO736,chr1,33514848,33516215,1367
HO737,chr1,33655212,33655915,703
HO738,chr1,34162869,34165401,2532
HO739,chr1,34852469,34853157,688
HO740,chr1,34858837,34860094,1257
HO741,chr1,34865543,34867081,1538
HO742,chr1,34924683,34925345,662
HO743,chr1,34983772,34985725,1953
HO744,chr1,35030708,35032186,1478
HO745,chr1,35078509,35079946,1437
HO746,chr1,35191763,35193491,1728
HO747,chr1,35268308,35269568,1260
HO748,chr1,35556775,35559173,2398
HO749,chr1,35572961,35573707,746
HO750,chr1,35641001,35642257,1256
HO751,chr1,35717820,35719346,1526
HO752,chr1,35769090,35770288,1198
HO753,chr1,35807406,35809153,1747
HO754,chr1,35844381,35846317,1936
HO755,chr1,35882617,35884267,1650
HO756,chr1,35930110,35931941,1831
HO757,chr1,36083676,36084618,942
HO758,chr1,36088205,36089874,1669
HO759,chr1,36093684,36094378,694
HO760,chr1,36099317,36100228,911
HO761,chr1,36124536,36126193,1657
HO762,chr1,36148920,36149965,1045
HO763,chr1,36150300,36151164,864
HO764,chr1,36155050,36157677,2627
HO765,chr1,36175044,36175851,807
HO766,chr1,36178449,36179513,1064
HO767,chr1,36187631,36188512,881
HO768,chr1,36199858,36200670,812
HO769,chr1,36203312,36204586,1274
HO770,chr1,36223171,36225109,1938
HO771,chr1,36279009,36280225,1216
HO772,chr1,36285090,36285797,707
HO773,chr1,36305752,36307847,2095
HO774,chr1,36320263,36321916,1653
HO775,chr1,36322621,36324621,2000
HO776,chr1,36368859,36369374,515
HO777,chr1,36373466,36374931,1465
HO778,chr1,36384743,36387003,2260
HO779,chr1,36397079,36398314,1235
HO780,chr1,36420448,36421181,733
HO781,chr1,36449795,36451221,1426
HO782,chr1,36463430,36464917,1487
HO783,chr1,36589647,36591210,1563
HO784,chr1,36988144,36989759,1615
HO785,chr1,37033600,37035232,1632
HO786,chr1,37294157,37295551,1394
HO787,chr1,37307706,37309123,1417
HO788,chr1,37337955,37339185,1230
HO789,chr1,37473740,37475138,1398
HO790,chr1,37513636,37515312,1676
HO791,chr1,37553745,37554519,774
HO792,chr1,37556546,37557140,594
HO793,chr1,37595267,37596503,1236
HO794,chr1,37633696,37635119,1423
HO795,chr1,37689704,37690861,1157
HO796,chr1,37691523,37692805,1282
HO797,chr1,37725781,37727025,1244
HO798,chr1,37752163,37753532,1369
HO799,chr1,37756038,37756827,789
HO800,chr1,37793333,37794585,1252
HO801,chr1,37807330,37809382,2052
HO802,chr1,37858907,37860401,1494
HO803,chr1,37931185,37932243,1058
HO804,chr1,37945796,37947268,1472
HO805,chr1,37989143,37990420,1277
HO806,chr1,37995676,37996869,1193
HO807,chr1,37999370,38001039,1669
HO808,chr1,38004716,38005931,1215
HO809,chr1,38012029,38013339,1310
HO810,chr1,38028697,38031171,2474
HO811,chr1,38046372,38048052,1680
HO812,chr1,38138299,38139093,794
HO813,chr1,38474889,38477303,2414
HO814,chr1,38858624,38860378,1754
HO815,chr1,38872592,38873860,1268
HO816,chr1,38990467,38992393,1926
HO817,chr1,39025650,39027286,1636
HO818,chr1,39075977,39077001,1024
HO819,chr1,39080480,39082833,2353
HO820,chr1,39098089,39098967,878
HO821,chr1,39104676,39106700,2024
HO822,chr1,39204171,39205790,1619
HO823,chr1,39397985,39399278,1293
HO824,chr1,39407879,39409790,1911
HO825,chr1,39410873,39411182,309
HO826,chr1,39490680,39492357,1677
HO827,chr1,39558975,39559833,858
HO828,chr1,39575237,39577129,1892
HO829,chr1,39624219,39626463,2244
HO830,chr1,39632208,39633623,1415
HO831,chr1,39639143,39640193,1050
HO832,chr1,39645979,39647183,1204
HO833,chr1,39671185,39672950,1765
HO834,chr1,39690891,39692753,1862
HO835,chr1,39700629,39702202,1573
HO836,chr1,39738327,39739526,1199
HO837,chr1,39787977,39789744,1767
HO838,chr1,39845234,39846569,1335
HO839,chr1,39882707,39883918,1211
HO840,chr1,39900796,39902590,1794
HO841,chr1,39952149,39953116,967
HO842,chr1,39954693,39955958,1265
HO843,chr1,39957262,39958001,739
HO844,chr1,40039173,40041210,2037
HO845,chr1,40084368,40085430,1062
HO846,chr1,40096590,40097812,1222
HO847,chr1,40160857,40162088,1231
HO848,chr1,40257238,40258614,1376
HO849,chr1,40314724,40317428,2704
HO850,chr1,40373087,40374953,1866
HO851,chr1,40421230,40422377,1147
HO852,chr1,40449501,40450837,1336
HO853,chr1,40476765,40478181,1416
HO854,chr1,40508284,40509445,1161
HO855,chr1,40531016,40532231,1215
HO856,chr1,40633482,40634668,1186
HO857,chr1,40665021,40666092,1071
HO858,chr1,40668709,40669158,449
HO859,chr1,40691010,40692738,1728
HO860,chr1,40708645,40709812,1167
HO861,chr1,40783096,40784581,1485
HO862,chr1,40802133,40802773,640
HO863,chr1,40817784,40819111,1327
HO864,chr1,40860713,40862842,2129
HO865,chr1,40863524,40864328,804
HO866,chr1,40919260,40920058,798
HO867,chr1,40978951,40980618,1667
HO868,chr1,41003196,41004202,1006
HO869,chr1,41240227,41242873,2646
HO870,chr1,41282577,41285132,2555
HO871,chr1,41360719,41362179,1460
HO872,chr1,41365784,41367005,1221
HO873,chr1,41370497,41372626,2129
HO874,chr1,41380574,41383053,2479
HO875,chr1,41387490,41388191,701
HO876,chr1,41416912,41417408,496
HO877,chr1,41431782,41433417,1635
HO878,chr1,41482207,41482801,594
HO879,chr1,41495911,41497069,1158
HO880,chr1,41515740,41517298,1558
HO881,chr1,41661373,41663123,1750
HO882,chr1,41874464,41875806,1342
HO883,chr1,41917541,41919012,1471
HO884,chr1,42034883,42036329,1446
HO885,chr1,42171982,42173663,1681
HO886,chr1,42333790,42335992,2202
HO887,chr1,42379783,42381294,1511
HO888,chr1,42455548,42457066,1518
HO889,chr1,42462700,42463840,1140
HO890,chr1,42657640,42659114,1474
HO891,chr1,42681137,42683551,2414
HO892,chr1,42765545,42767808,2263
HO893,chr1,42815966,42817585,1619
HO894,chr1,42845893,42847136,1243
HO895,chr1,42923773,42925187,1414
HO896,chr1,42957672,42959454,1782
HO897,chr1,43007201,43009115,1914
HO898,chr1,43147177,43148239,1062
HO899,chr1,43171630,43172853,1223
HO900,chr1,43348352,43349853,1501
HO901,chr1,43358039,43359357,1318
HO902,chr1,43366845,43368632,1787
HO903,chr1,43381404,43383068,1664
HO904,chr1,43389201,43390253,1052
HO905,chr1,43452834,43454812,1978
HO906,chr1,43527009,43527430,421
HO907,chr1,43530534,43532137,1603
HO908,chr1,43541711,43542428,717
HO909,chr1,43548224,43548734,510
HO910,chr1,43549804,43550792,988
HO911,chr1,43563605,43564468,863
HO912,chr1,43565325,43566292,967
HO913,chr1,43568692,43569498,806
HO914,chr1,43608347,43609502,1155
HO915,chr1,43649179,43650831,1652
HO916,chr1,43706591,43708195,1604
HO917,chr1,43762823,43763834,1011
HO918,chr1,43933152,43935091,1939
HO919,chr1,43945845,43947399,1554
HO920,chr1,43969325,43970228,903
HO921,chr1,43974158,43975757,1599
HO922,chr1,43978682,43980199,1517
HO923,chr1,43990988,43992344,1356
HO924,chr1,44029523,44031863,2340
HO925,chr1,44035684,44037605,1921
HO926,chr1,44212693,44214003,1310
HO927,chr1,44237687,44240408,2721
HO928,chr1,44354516,44355733,1217
HO929,chr1,44404934,44407181,2247
HO930,chr1,44416869,44418562,1693
HO931,chr1,44631280,44632948,1668
HO932,chr1,44637173,44638515,1342
HO933,chr1,44652519,44653210,691
HO934,chr1,44673601,44674935,1334
HO935,chr1,44730449,44731557,1108
HO936,chr1,44739161,44740336,1175
HO937,chr1,44774920,44776755,1835
HO938,chr1,44783780,44784914,1134
HO939,chr1,44785998,44786779,781
HO940,chr1,44799411,44801022,1611
HO941,chr1,44807022,44808886,1864
HO942,chr1,44813002,44814081,1079
HO943,chr1,44819064,44821402,2338
HO944,chr1,44842317,44843707,1390
HO945,chr1,44847659,44849587,1928
HO946,chr1,44878779,44879867,1088
HO947,chr1,44985735,44986944,1209
HO948,chr1,45010349,45013016,2667
HO949,chr1,45014467,45014961,494
HO950,chr1,45038256,45039380,1124
HO951,chr1,45204863,45207054,2191
HO952,chr1,45265474,45266755,1281
HO953,chr1,45303139,45304390,1251
HO954,chr1,45326329,45327627,1298
HO955,chr1,45339369,45340735,1366
HO956,chr1,45348651,45349670,1019
HO957,chr1,45490086,45491693,1607
HO958,chr1,45499327,45500603,1276
HO959,chr1,45518605,45519421,816
HO960,chr1,45520746,45522287,1541
HO961,chr1,45550238,45551375,1137
HO962,chr1,45583205,45585192,1987
HO963,chr1,45685636,45687699,2063
HO964,chr1,45687825,45688501,676
HO965,chr1,45749889,45751091,1202
HO966,chr1,45802484,45804491,2007
HO967,chr1,45828541,45829276,735
HO968,chr1,45913038,45914364,1326
HO969,chr1,46131263,46133572,2309
HO970,chr1,46179249,46179852,603
HO971,chr1,46182955,46183813,858
HO972,chr1,46194476,46195369,893
HO973,chr1,46197882,46198813,931
HO974,chr1,46202777,46204859,2082
HO975,chr1,46246604,46248008,1404
HO976,chr1,46301295,46303941,2646
HO977,chr1,46339777,46342306,2529
HO978,chr1,46347742,46348620,878
HO979,chr1,46393938,46395515,1577
HO980,chr1,46401732,46402583,851
HO981,chr1,46442174,46443180,1006
HO982,chr1,46466139,46467544,1405
HO983,chr1,46479463,46480479,1016
HO984,chr1,46488950,46490667,1717
HO985,chr1,46519890,46520809,919
HO986,chr1,46522129,46523156,1027
HO987,chr1,46527627,46528347,720
HO988,chr1,46532687,46533765,1078
HO989,chr1,46603527,46604589,1062
HO990,chr1,46613143,46614193,1050
HO991,chr1,46616038,46617243,1205
HO992,chr1,46623329,46624695,1366
HO993,chr1,46667385,46668752,1367
HO994,chr1,46718225,46719639,1414
HO995,chr1,47178845,47179699,854
HO996,chr1,47313327,47314904,1577
HO997,chr1,47333072,47334885,1813
HO998,chr1,47415836,47417408,1572
HO999,chr1,47432147,47432957,810
HO1000,chr1,47437004,47438170,1166
HO1001,chr1,47507616,47509451,1835
HO1002,chr1,47532626,47534601,1975
HO1003,chr1,47569594,47570536,942
HO1004,chr1,47577618,47579290,1672
HO1005,chr1,47708569,47710824,2255
HO1006,chr1,47724729,47726566,1837
HO1007,chr1,47983595,47984674,1079
HO1008,chr1,47996163,47997948,1785
HO1009,chr1,48114632,48116537,1905
HO1010,chr1,48215405,48216978,1573
HO1011,chr1,48471098,48472702,1604
HO1012,chr1,48493845,48494758,913
HO1013,chr1,48775893,48777843,1950
HO1014,chr1,50332671,50333957,1286
HO1015,chr1,50418549,50419592,1043
HO1016,chr1,50959267,50960800,1533
HO1017,chr1,50967861,50970339,2478
HO1018,chr1,50976522,50978651,2129
HO1019,chr1,51235646,51237371,1725
HO1020,chr1,51296327,51297308,981
HO1021,chr1,51325666,51327076,1410
HO1022,chr1,51344377,51345563,1186
HO1023,chr1,51517468,51519584,2116
HO1024,chr1,51563793,51564558,765
HO1025,chr1,51583203,51584397,1194
HO1026,chr1,51616817,51617934,1117
HO1027,chr1,51728529,51730302,1773
HO1028,chr1,51784853,51785603,750
HO1029,chr1,51877462,51879540,2078
HO1030,chr1,51989482,51990978,1496
HO1031,chr1,52005259,52006277,1018
HO1032,chr1,52032276,52034045,1769
HO1033,chr1,52054712,52057079,2367
HO1034,chr1,52112051,52113080,1029
HO1035,chr1,52140999,52143079,2080
HO1036,chr1,52350614,52351525,911
HO1037,chr1,52364974,52366670,1696
HO1038,chr1,52368382,52369074,692
HO1039,chr1,52403585,52405141,1556
HO1040,chr1,52552172,52553985,1813
HO1041,chr1,52601658,52603603,1945
HO1042,chr1,52632419,52633671,1252
HO1043,chr1,52697590,52698733,1143
HO1044,chr1,52702814,52703657,843
HO1045,chr1,52725947,52727451,1504
HO1046,chr1,52751269,52752636,1367
HO1047,chr1,52842356,52843711,1355
HO1048,chr1,52920597,52921950,1353
HO1049,chr1,52926741,52928262,1521
HO1050,chr1,53014460,53015769,1309
HO1051,chr1,53061301,53063496,2195
HO1052,chr1,53195446,53197988,2542
HO1053,chr1,53219742,53221017,1275
HO1054,chr1,53237728,53239129,1401
HO1055,chr1,53249111,53250256,1145
HO1056,chr1,53325762,53328994,3232
HO1057,chr1,53379056,53380809,1753
HO1058,chr1,53469944,53470865,921
HO1059,chr1,53737666,53739672,2006
HO1060,chr1,53837221,53838783,1562
HO1061,chr1,53889180,53890409,1229
HO1062,chr1,53944941,53946656,1715
HO1063,chr1,54051925,54054086,2161
HO1064,chr1,54121240,54122241,1001
HO1065,chr1,54199458,54200789,1331
HO1066,chr1,54219725,54220847,1122
HO1067,chr1,54224983,54225990,1007
HO1068,chr1,54272343,54274145,1802
HO1069,chr1,54314653,54315431,778
HO1070,chr1,54324023,54325437,1414
HO1071,chr1,54332460,54333308,848
HO1072,chr1,54342059,54343616,1557
HO1073,chr1,54354537,54355294,757
HO1074,chr1,54396228,54397825,1597
HO1075,chr1,54405641,54408197,2556
HO1076,chr1,54479159,54479852,693
HO1077,chr1,54487363,54489721,2358
HO1078,chr1,54541799,54543367,1568
HO1079,chr1,54547480,54549116,1636
HO1080,chr1,54581136,54582048,912
HO1081,chr1,54715044,54716370,1326
HO1082,chr1,54763671,54765104,1433
HO1083,chr1,54800287,54801729,1442
HO1084,chr1,54857733,54858481,748
HO1085,chr1,54886011,54887983,1972
HO1086,chr1,54922501,54923210,709
HO1087,chr1,54950080,54951033,953
HO1088,chr1,54980035,54981131,1096
HO1089,chr1,54989221,54989877,656
HO1090,chr1,54996228,54997318,1090
HO1091,chr1,55021645,55022560,915
HO1092,chr1,55039146,55040784,1638
HO1093,chr1,55049005,55050766,1761
HO1094,chr1,55104342,55105355,1013
HO1095,chr1,55213850,55216064,2214
HO1096,chr1,55580408,55581404,996
HO1097,chr1,56062438,56063830,1392
HO1098,chr1,56436357,56437626,1269
HO1099,chr1,56477036,56478089,1053
HO1100,chr1,56505763,56507282,1519
HO1101,chr1,56576898,56579852,2954
HO1102,chr1,56644255,56646444,2189
HO1103,chr1,57422169,57424965,2796
HO1104,chr1,57660216,57661390,1174
HO1105,chr1,58249570,58250712,1142
HO1106,chr1,58430124,58431023,899
HO1107,chr1,58545393,58547036,1643
HO1108,chr1,58548853,58550155,1302
HO1109,chr1,58576068,58577640,1572
HO1110,chr1,58699176,58700506,1330
HO1111,chr1,58779666,58781255,1589
HO1112,chr1,58781480,58781999,519
HO1113,chr1,58782529,58785731,3202
HO1114,chr1,58814468,58816713,2245
HO1115,chr1,58874219,58875619,1400
HO1116,chr1,58898775,58899511,736
HO1117,chr1,58903226,58904332,1106
HO1118,chr1,59146514,59147398,884
HO1119,chr1,59295978,59297357,1379
HO1120,chr1,59354425,59355768,1343
HO1121,chr1,59392847,59394195,1348
HO1122,chr1,59498435,59500452,2017
HO1123,chr1,59731820,59734097,2277
HO1124,chr1,59759088,59759803,715
HO1125,chr1,59814160,59815578,1418
HO1126,chr1,59926259,59927155,896
HO1127,chr1,60612482,60613593,1111
HO1128,chr1,60832719,60833847,1128
HO1129,chr1,60969867,60971366,1499
HO1130,chr1,61042515,61043912,1397
HO1131,chr1,61049712,61051223,1511
HO1132,chr1,61053665,61054205,540
HO1133,chr1,61056309,61058034,1725
HO1134,chr1,61076560,61077503,943
HO1135,chr1,61077719,61078271,552
HO1136,chr1,61079417,61080198,781
HO1137,chr1,61081675,61083885,2210
HO1138,chr1,61183286,61184947,1661
HO1139,chr1,61337117,61338815,1698
HO1140,chr1,61452396,61453917,1521
HO1141,chr1,61620149,61621028,879
HO1142,chr1,61724320,61725745,1425
HO1143,chr1,61741755,61743534,1779
HO1144,chr1,61951619,61952780,1161
HO1145,chr1,62318105,62319567,1462
HO1146,chr1,62435771,62437716,1945
HO1147,chr1,62687273,62688863,1590
HO1148,chr1,62689705,62690899,1194
HO1149,chr1,62783287,62784850,1563
HO1150,chr1,63073420,63074692,1272
HO1151,chr1,63124106,63125199,1093
HO1152,chr1,63158507,63159674,1167
HO1153,chr1,63316696,63317801,1105
HO1154,chr1,63323097,63324260,1163
HO1155,chr1,63367002,63368239,1237
HO1156,chr1,63522634,63524090,1456
HO1157,chr1,63592859,63594627,1768
HO1158,chr1,63773567,63775453,1886
HO1159,chr1,64469598,64471729,2131
HO1160,chr1,64505084,64506318,1234
HO1161,chr1,64513532,64514790,1258
HO1162,chr1,64567566,64568508,942
HO1163,chr1,64744157,64746131,1974
HO1164,chr1,64965218,64967626,2408
HO1165,chr1,65002234,65003554,1320
HO1166,chr1,65066055,65068870,2815
HO1167,chr1,65147250,65149569,2319
HO1168,chr1,65253962,65255652,1690
HO1169,chr1,65265285,65266349,1064
HO1170,chr1,65308958,65310431,1473
HO1171,chr1,65419627,65421448,1821
HO1172,chr1,65524968,65526201,1233
HO1173,chr1,65687409,65688476,1067
HO1174,chr1,66271050,66272216,1166
HO1175,chr1,66331568,66332780,1212
HO1176,chr1,66532769,66534609,1840
HO1177,chr1,66542748,66543875,1127
HO1178,chr1,66751780,66753004,1224
HO1179,chr1,66924153,66925713,1560
HO1180,chr1,66929736,66931053,1317
HO1181,chr1,67052720,67054632,1912
HO1182,chr1,67141355,67142159,804
HO1183,chr1,67148656,67149519,863
HO1184,chr1,67429005,67431264,2259
HO1185,chr1,67500301,67500855,554
HO1186,chr1,67684652,67687060,2408
HO1187,chr1,67820562,67821628,1066
HO1188,chr1,67831341,67833805,2464
HO1189,chr1,68140600,68142724,2124
HO1190,chr1,68230303,68233210,2907
HO1191,chr1,68292876,68294437,1561
HO1192,chr1,68328876,68330202,1326
HO1193,chr1,68495989,68497609,1620
HO1194,chr1,69566826,69568849,2023
HO1195,chr1,70204646,70206154,1508
HO1196,chr1,70220987,70222055,1068
HO1197,chr1,70353453,70355197,1744
HO1198,chr1,70410301,70411663,1362
HO1199,chr1,71046440,71048085,1645
HO1200,chr1,71080169,71081568,1399
HO1201,chr1,71189396,71190309,913
HO1202,chr1,71985640,71987645,2005
HO1203,chr1,72281931,72285050,3119
HO1204,chr1,74197548,74198626,1078
HO1205,chr1,74395313,74397478,2165
HO1206,chr1,74430332,74431014,682
HO1207,chr1,74732345,74734015,1670
HO1208,chr1,75614455,75617090,2635
HO1209,chr1,75723866,75725104,1238
HO1210,chr1,75785598,75786808,1210
HO1211,chr1,76074054,76075312,1258
HO1212,chr1,76153877,76155296,1419
HO1213,chr1,76867267,76869225,1958
HO1214,chr1,77218593,77220091,1498
HO1215,chr1,77281565,77283088,1523
HO1216,chr1,77513860,77515920,2060
HO1217,chr1,77681790,77683934,2144
HO1218,chr1,77758805,77760175,1370
HO1219,chr1,77779175,77780295,1120
HO1220,chr1,77887992,77889868,1876
HO1221,chr1,77977920,77979908,1988
HO1222,chr1,78003936,78006228,2292
HO1223,chr1,78045333,78047485,2152
HO1224,chr1,78490610,78492080,1470
HO1225,chr1,81799955,81803554,3599
HO1226,chr1,81919963,81920794,831
HO1227,chr1,83860247,83861225,978
HO1228,chr1,83998334,83999612,1278
HO1229,chr1,84077263,84078924,1661
HO1230,chr1,84297997,84299421,1424
HO1231,chr1,84478898,84480158,1260
HO1232,chr1,84505197,84506900,1703
HO1233,chr1,84573538,84574776,1238
HO1234,chr1,84620164,84621276,1112
HO1235,chr1,84689394,84691283,1889
HO1236,chr1,84892237,84893665,1428
HO1237,chr1,84944662,84945528,866
HO1238,chr1,84996374,84998557,2183
HO1239,chr1,85047148,85049023,1875
HO1240,chr1,85061631,85062677,1046
HO1241,chr1,85200109,85202140,2031
HO1242,chr1,85258568,85260356,1788
HO1243,chr1,85275709,85277111,1402
HO1244,chr1,85307777,85308499,722
HO1245,chr1,85463758,85466135,2377
HO1246,chr1,85576220,85577649,1429
HO1247,chr1,85580164,85581760,1596
HO1248,chr1,85707525,85708800,1275
HO1249,chr1,86154625,86157309,2684
HO1250,chr1,86395289,86396795,1506
HO1251,chr1,86502107,86504410,2303
HO1252,chr1,86703748,86705630,1882
HO1253,chr1,86913484,86915848,2364
HO1254,chr1,87131571,87133013,1442
HO1255,chr1,87225883,87226867,984
HO1256,chr1,87327948,87329607,1659
HO1257,chr1,87331255,87332140,885
HO1258,chr1,87334405,87335822,1417
HO1259,chr1,88461862,88463556,1694
HO1260,chr1,88683378,88685317,1939
HO1261,chr1,88890603,88892145,1542
HO1262,chr1,88983785,88985938,2153
HO1263,chr1,88991355,88993396,2041
HO1264,chr1,89021376,89023015,1639
HO1265,chr1,89125197,89126295,1098
HO1266,chr1,89197611,89199191,1580
HO1267,chr1,89219158,89221179,2021
HO1268,chr1,89523618,89525589,1971
HO1269,chr1,89631772,89634203,2431
HO1270,chr1,89762089,89763710,1621
HO1271,chr1,89820418,89822250,1832
HO1272,chr1,89842703,89844190,1487
HO1273,chr1,89994436,89996042,1606
HO1274,chr1,90706387,90707676,1289
HO1275,chr1,90717427,90719040,1613
HO1276,chr1,90850532,90851901,1369
HO1277,chr1,91020977,91022502,1525
HO1278,chr1,91403963,91405146,1183
HO1279,chr1,91500288,91501804,1516
HO1280,chr1,91884812,91886957,2145
HO1281,chr1,92029499,92031142,1643
HO1282,chr1,92079800,92081007,1207
HO1283,chr1,92298246,92299540,1294
HO1284,chr1,92485127,92486301,1174
HO1285,chr1,92773911,92775086,1175
HO1286,chr1,92783575,92785687,2112
HO1287,chr1,92804349,92805180,831
HO1288,chr1,92831446,92833011,1565
HO1289,chr1,92858635,92859749,1114
HO1290,chr1,92960174,92962700,2526
HO1291,chr1,93078475,93080743,2268
HO1292,chr1,93093266,93095081,1815
HO1293,chr1,93179214,93181242,2028
HO1294,chr1,93344898,93346959,2061
HO1295,chr1,93447314,93449574,2260
HO1296,chr1,93552355,93553508,1153
HO1297,chr1,93584195,93585818,1623
HO1298,chr1,93664381,93665277,896
HO1299,chr1,93668907,93670570,1663
HO1300,chr1,93680233,93682101,1868
HO1301,chr1,93707914,93709646,1732
HO1302,chr1,93721711,93723467,1756
HO1303,chr1,93845995,93848258,2263
HO1304,chr1,93878370,93880003,1633
HO1305,chr1,93908533,93910064,1531
HO1306,chr1,94236764,94238072,1308
HO1307,chr1,94246624,94248013,1389
HO1308,chr1,94334209,94336190,1981
HO1309,chr1,94417164,94419316,2152
HO1310,chr1,94540886,94542670,1784
HO1311,chr1,94734645,94735974,1329
HO1312,chr1,94803478,94804088,610
HO1313,chr1,94805707,94807207,1500
HO1314,chr1,94819239,94820748,1509
HO1315,chr1,94854209,94855249,1040
HO1316,chr1,94872725,94874197,1472
HO1317,chr1,94925208,94927881,2673
HO1318,chr1,95041395,95042756,1361
HO1319,chr1,95043180,95043945,765
HO1320,chr1,95072134,95073561,1427
HO1321,chr1,95116661,95118169,1508
HO1322,chr1,95227032,95228025,993
HO1323,chr1,95232574,95234785,2211
HO1324,chr1,96721055,96722905,1850
HO1325,chr1,97636122,97637266,1144
HO1326,chr1,97920103,97921629,1526
HO1327,chr1,98048061,98048604,543
HO1328,chr1,98053150,98054662,1512
HO1329,chr1,98660619,98662593,1974
HO1330,chr1,99003805,99005752,1947
HO1331,chr1,99263930,99265045,1115
HO1332,chr1,99645252,99646724,1472
HO1333,chr1,99765953,99766816,863
HO1334,chr1,99808314,99809420,1106
HO1335,chr1,99849449,99850970,1521
HO1336,chr1,99969251,99970665,1414
HO1337,chr1,100037516,100039286,1770
HO1338,chr1,100132296,100133517,1221
HO1339,chr1,100249060,100250283,1223
HO1340,chr1,100265516,100266895,1379
HO1341,chr1,100350971,100353384,2413
HO1342,chr1,100458783,100459850,1067
HO1343,chr1,100538031,100540191,2160
HO1344,chr1,100894467,100896931,2464
HO1345,chr1,101025101,101026436,1335
HO1346,chr1,101235477,101237702,2225
HO1347,chr1,101309060,101310155,1095
HO1348,chr1,101996131,101997382,1251
HO1349,chr1,103106337,103109078,2741
HO1350,chr1,103524894,103526481,1587
HO1351,chr1,105137272,105138945,1673
HO1352,chr1,105469941,105471231,1290
HO1353,chr1,107056188,107057919,1731
HO1354,chr1,107139610,107142430,2820
HO1355,chr1,107690241,107691019,778
HO1356,chr1,107964352,107966021,1669
HO1357,chr1,108199106,108201094,1988
HO1358,chr1,108559271,108561248,1977
HO1359,chr1,108570650,108571833,1183
HO1360,chr1,108660799,108661750,951
HO1361,chr1,108691537,108693587,2050
HO1362,chr1,108746148,108747597,1449
HO1363,chr1,108876117,108877749,1632
HO1364,chr1,108962522,108963871,1349
HO1365,chr1,108990160,108991381,1221
HO1366,chr1,109040777,109042531,1754
HO1367,chr1,109075206,109076384,1178
HO1368,chr1,109090063,109091503,1440
HO1369,chr1,109099579,109101265,1686
HO1370,chr1,109112079,109113067,988
HO1371,chr1,109113358,109114308,950
HO1372,chr1,109156481,109157266,785
HO1373,chr1,109213325,109215069,1744
HO1374,chr1,109248916,109250380,1464
HO1375,chr1,109253438,109255696,2258
HO1376,chr1,109263258,109264160,902
HO1377,chr1,109277221,109277811,590
HO1378,chr1,109282524,109283854,1330
HO1379,chr1,109298417,109300157,1740
HO1380,chr1,109396940,109398691,1751
HO1381,chr1,109425769,109427265,1496
HO1382,chr1,109464597,109465267,670
HO1383,chr1,109465948,109467622,1674
HO1384,chr1,109483025,109484709,1684
HO1385,chr1,109490629,109491571,942
HO1386,chr1,109493495,109494473,978
HO1387,chr1,109497624,109498768,1144
HO1388,chr1,109508711,109510626,1915
HO1389,chr1,109531887,109533249,1362
HO1390,chr1,109535847,109536599,752
HO1391,chr1,109546142,109546681,539
HO1392,chr1,109547784,109549209,1425
HO1393,chr1,109619436,109621318,1882
HO1394,chr1,109643100,109644009,909
HO1395,chr1,109644585,109645102,517
HO1396,chr1,109648966,109649931,965
HO1397,chr1,109655521,109656908,1387
HO1398,chr1,109667405,109668684,1279
HO1399,chr1,109739533,109741140,1607
HO1400,chr1,109756026,109757419,1393
HO1401,chr1,109773341,109774011,670
HO1402,chr1,109776505,109777253,748
HO1403,chr1,109791749,109792868,1119
HO1404,chr1,109910084,109912534,2450
HO1405,chr1,109930911,109931511,600
HO1406,chr1,109984057,109985616,1559
HO1407,chr1,110034083,110035594,1511
HO1408,chr1,110083599,110085099,1500
HO1409,chr1,110105825,110106484,659
HO1410,chr1,110114425,110115283,858
HO1411,chr1,110209510,110211454,1944
HO1412,chr1,110234782,110236125,1343
HO1413,chr1,110312275,110313038,763
HO1414,chr1,110337708,110340340,2632
HO1415,chr1,110390081,110391228,1147
HO1416,chr1,110406980,110408196,1216
HO1417,chr1,110412369,110414029,1660
HO1418,chr1,110460082,110460714,632
HO1419,chr1,110555034,110555885,851
HO1420,chr1,110605858,110608080,2222
HO1421,chr1,110619114,110620082,968
HO1422,chr1,110674093,110675670,1577
HO1423,chr1,110893746,110895036,1290
HO1424,chr1,110963022,110964474,1452
HO1425,chr1,111139207,111140859,1652
HO1426,chr1,111203320,111204763,1443
HO1427,chr1,111345947,111347131,1184
HO1428,chr1,111368910,111370233,1323
HO1429,chr1,111448376,111449911,1535
HO1430,chr1,111507355,111508583,1228
HO1431,chr1,111619186,111620887,1701
HO1432,chr1,111737533,111740556,3023
HO1433,chr1,111754823,111756413,1590
HO1434,chr1,111988866,111991719,2853
HO1435,chr1,112369482,112370052,570
HO1436,chr1,112390577,112391240,663
HO1437,chr1,112395243,112396958,1715
HO1438,chr1,112465426,112466623,1197
HO1439,chr1,112500954,112503077,2123
HO1440,chr1,112507681,112509617,1936
HO1441,chr1,112618559,112620453,1894
HO1442,chr1,112671719,112672658,939
HO1443,chr1,112673563,112675738,2175
HO1444,chr1,112698264,112699227,963
HO1445,chr1,112700154,112701158,1004
HO1446,chr1,112704600,112705429,829
HO1447,chr1,112706441,112707675,1234
HO1448,chr1,112713775,112716591,2816
HO1449,chr1,112718707,112719001,294
HO1450,chr1,112721936,112723667,1731
HO1451,chr1,112743321,112744643,1322
HO1452,chr1,112803807,112804523,716
HO1453,chr1,112809051,112809704,653
HO1454,chr1,112849268,112850364,1096
HO1455,chr1,112955103,112957087,1984
HO1456,chr1,112997790,112999365,1575
HO1457,chr1,113041604,113043109,1505
HO1458,chr1,113072121,113073799,1678
HO1459,chr1,113389444,113391574,2130
HO1460,chr1,113758017,113760089,2072
HO1461,chr1,113811200,113813008,1808
HO1462,chr1,113904105,113905791,1686
HO1463,chr1,113912448,113913505,1057
HO1464,chr1,113928429,113930888,2459
HO1465,chr1,114152233,114155304,3071
HO1466,chr1,114345638,114347056,1418
HO1467,chr1,114509979,114512247,2268
HO1468,chr1,114580910,114582303,1393
HO1469,chr1,114669317,114670719,1402
HO1470,chr1,114715951,114717242,1291
HO1471,chr1,114756907,114758332,1425
HO1472,chr1,114779842,114780976,1134
HO1473,chr1,115088864,115090431,1567
HO1474,chr1,115641541,115643295,1754
HO1475,chr1,115771453,115772212,759
HO1476,chr1,115827696,115828957,1261
HO1477,chr1,115837416,115839892,2476
HO1478,chr1,115975802,115977059,1257
HO1479,chr1,116138687,116139584,897
HO1480,chr1,116150803,116152568,1765
HO1481,chr1,116167515,116168743,1228
HO1482,chr1,116218614,116219495,881
HO1483,chr1,116372424,116374813,2389
HO1484,chr1,116415230,116416583,1353
HO1485,chr1,116417993,116418999,1006
HO1486,chr1,116433011,116434057,1046
HO1487,chr1,116484831,116485576,745
HO1488,chr1,116569881,116571737,1856
HO1489,chr1,116666267,116668116,1849
HO1490,chr1,116690476,116691465,989
HO1491,chr1,116877851,116879486,1635
HO1492,chr1,116909276,116911395,2119
HO1493,chr1,116914864,116915942,1078
HO1494,chr1,116943394,116944316,922
HO1495,chr1,117059160,117060972,1812
HO1496,chr1,117120902,117122926,2024
HO1497,chr1,117179947,117181444,1497
HO1498,chr1,117187147,117188407,1260
HO1499,chr1,117366173,117367951,1778
HO1500,chr1,117605060,117607314,2254
HO1501,chr1,117609550,117610236,686
HO1502,chr1,117675858,117677012,1154
HO1503,chr1,117758444,117759330,886
HO1504,chr1,117928628,117930238,1610
HO1505,chr1,118184689,118185785,1096
HO1506,chr1,119007377,119009270,1893
HO1507,chr1,119139571,119141261,1690
HO1508,chr1,119326869,119328155,1286
HO1509,chr1,119552826,119554751,1925
HO1510,chr1,119594990,119596440,1450
HO1511,chr1,119617195,119618756,1561
HO1512,chr1,119630738,119632227,1489
HO1513,chr1,119646558,119648676,2118
HO1514,chr1,119673247,119674578,1331
HO1515,chr1,119674800,119676329,1529
HO1516,chr1,119711644,119714066,2422
HO1517,chr1,119732127,119733156,1029
HO1518,chr1,119736877,119737896,1019
HO1519,chr1,120175522,120176759,1237
HO1520,chr1,120414835,120416035,1200
HO1521,chr1,120723445,120724772,1327
HO1522,chr1,120843992,120845185,1193
HO1523,chr1,120850253,120851450,1197
HO1524,chr1,120941838,120942790,952
HO1525,chr1,121097108,121098132,1024
HO1526,chr1,121184297,121185091,794
HO1527,chr1,121518600,121519972,1372
HO1528,chr1,143719915,143721110,1195
HO1529,chr1,144411911,144413420,1509
HO1530,chr1,144460777,144461736,959
HO1531,chr1,144545778,144547035,1257
HO1532,chr1,144551018,144552428,1410
HO1533,chr1,145280388,145281766,1378
HO1534,chr1,145287005,145287931,926
HO1535,chr1,145424536,145426035,1499
HO1536,chr1,145607716,145608408,692
HO1537,chr1,145720548,145721925,1377
HO1538,chr1,145823474,145824862,1388
HO1539,chr1,145845048,145846594,1546
HO1540,chr1,145858295,145860105,1810
HO1541,chr1,145885293,145887067,1774
HO1542,chr1,145891647,145893202,1555
HO1543,chr1,145917835,145919837,2002
HO1544,chr1,145926573,145927893,1320
HO1545,chr1,145957232,145958277,1045
HO1546,chr1,145960290,145961010,720
HO1547,chr1,145964097,145964956,859
HO1548,chr1,145978772,145980492,1720
HO1549,chr1,145995999,145997410,1411
HO1550,chr1,146036644,146038410,1766
HO1551,chr1,146038624,146039605,981
HO1552,chr1,146051450,146052888,1438
HO1553,chr1,146376265,146377486,1221
HO1554,chr1,146386868,146388127,1259
HO1555,chr1,146472099,146473119,1020
HO1556,chr1,146938011,146939627,1616
HO1557,chr1,147084043,147085829,1786
HO1558,chr1,147171531,147173359,1828
HO1559,chr1,147224728,147226000,1272
HO1560,chr1,147242121,147243689,1568
HO1561,chr1,147504425,147505405,980
HO1562,chr1,147509262,147510574,1312
HO1563,chr1,147540182,147542305,2123
HO1564,chr1,147598571,147600632,2061
HO1565,chr1,147640588,147641572,984
HO1566,chr1,147669317,147670992,1675
HO1567,chr1,147928124,147928813,689
HO1568,chr1,148151256,148152411,1155
HO1569,chr1,148262773,148264224,1451
HO1570,chr1,148333941,148335625,1684
HO1571,chr1,148361103,148363085,1982
HO1572,chr1,148387379,148389130,1751
HO1573,chr1,148402030,148403261,1231
HO1574,chr1,148521998,148523166,1168
HO1575,chr1,148951395,148952695,1300
HO1576,chr1,149390080,149390952,872
HO1577,chr1,149636054,149637009,955
HO1578,chr1,149792498,149793275,777
HO1579,chr1,149811946,149812705,759
HO1580,chr1,149885288,149888777,3489
HO1581,chr1,149899067,149900340,1273
HO1582,chr1,149915849,149918125,2276
HO1583,chr1,149927139,149928536,1397
HO1584,chr1,149935719,149937475,1756
HO1585,chr1,149938804,149939580,776
HO1586,chr1,149944662,149945709,1047
HO1587,chr1,150009330,150011104,1774
HO1588,chr1,150066699,150068073,1374
HO1589,chr1,150148977,150151023,2046
HO1590,chr1,150162422,150163645,1223
HO1591,chr1,150213008,150214395,1387
HO1592,chr1,150234088,150236651,2563
HO1593,chr1,150255337,150257196,1859
HO1594,chr1,150259265,150260423,1158
HO1595,chr1,150268099,150269473,1374
HO1596,chr1,150281237,150283061,1824
HO1597,chr1,150293292,150294382,1090
HO1598,chr1,150320908,150322072,1164
HO1599,chr1,150363226,150365047,1821
HO1600,chr1,150486909,150487771,862
HO1601,chr1,150514924,150516920,1996
HO1602,chr1,150532104,150532904,800
HO1603,chr1,150548596,150550805,2209
HO1604,chr1,150560890,150562583,1693
HO1605,chr1,150563546,150564206,660
HO1606,chr1,150567324,150568636,1312
HO1607,chr1,150571621,150572448,827
HO1608,chr1,150573032,150573418,386
HO1609,chr1,150573629,150574034,405
HO1610,chr1,150578472,150580010,1538
HO1611,chr1,150604344,150605302,958
HO1612,chr1,150628657,150630047,1390
HO1613,chr1,150696637,150697707,1070
HO1614,chr1,150875417,150877137,1720
HO1615,chr1,150886243,150887495,1252
HO1616,chr1,150925501,150926766,1265
HO1617,chr1,150973313,150975334,2021
HO1618,chr1,150979083,150979855,772
HO1619,chr1,151006068,151007089,1021
HO1620,chr1,151007746,151009154,1408
HO1621,chr1,151047370,151048792,1422
HO1622,chr1,151057555,151058507,952
HO1623,chr1,151058559,151060720,2161
HO1624,chr1,151069995,151071434,1439
HO1625,chr1,151130029,151130647,618
HO1626,chr1,151130958,151132902,1944
HO1627,chr1,151133023,151133885,862
HO1628,chr1,151144862,151147964,3102
HO1629,chr1,151164807,151166638,1831
HO1630,chr1,151189441,151190601,1160
HO1631,chr1,151197862,151199467,1605
HO1632,chr1,151254169,151255124,955
HO1633,chr1,151280956,151283130,2174
HO1634,chr1,151326641,151328340,1699
HO1635,chr1,151346298,151347718,1420
HO1636,chr1,151398785,151400162,1377
HO1637,chr1,151457596,151459687,2091
HO1638,chr1,151472513,151473735,1222
HO1639,chr1,151494572,151495916,1344
HO1640,chr1,151510711,151512070,1359
HO1641,chr1,151539368,151541611,2243
HO1642,chr1,151546866,151547477,611
HO1643,chr1,151565047,151566514,1467
HO1644,chr1,151611279,151613732,2453
HO1645,chr1,151734708,151735429,721
HO1646,chr1,151762768,151764018,1250
HO1647,chr1,151789962,151791608,1646
HO1648,chr1,151825002,151826323,1321
HO1649,chr1,151828601,151829644,1043
HO1650,chr1,151836424,151836767,343
HO1651,chr1,151839045,151840395,1350
HO1652,chr1,151909090,151910251,1161
HO1653,chr1,151940956,151941877,921
HO1654,chr1,151992269,151994464,2195
HO1655,chr1,152035538,152037208,1670
HO1656,chr1,152047490,152048755,1265
HO1657,chr1,152110074,152111961,1887
HO1658,chr1,152188594,152190100,1506
HO1659,chr1,152501166,152502268,1102
HO1660,chr1,152515001,152515871,870
HO1661,chr1,153260550,153262414,1864
HO1662,chr1,153343037,153344587,1550
HO1663,chr1,153506458,153507593,1135
HO1664,chr1,153535321,153536537,1216
HO1665,chr1,153566143,153566972,829
HO1666,chr1,153568195,153568911,716
HO1667,chr1,153572377,153572950,573
HO1668,chr1,153587184,153588996,1812
HO1669,chr1,153608621,153609619,998
HO1670,chr1,153611737,153613253,1516
HO1671,chr1,153626567,153627965,1398
HO1672,chr1,153633408,153634620,1212
HO1673,chr1,153658026,153659376,1350
HO1674,chr1,153670357,153672200,1843
HO1675,chr1,153677540,153680361,2821
HO1676,chr1,153696795,153699378,2583
HO1677,chr1,153727326,153729081,1755
HO1678,chr1,153749070,153749746,676
HO1679,chr1,153762874,153764231,1357
HO1680,chr1,153774605,153776358,1753
HO1681,chr1,153779822,153780469,647
HO1682,chr1,153783016,153784032,1016
HO1683,chr1,153785069,153785848,779
HO1684,chr1,153880626,153882232,1606
HO1685,chr1,153921635,153923775,2140
HO1686,chr1,153945124,153947029,1905
HO1687,chr1,153957728,153959171,1443
HO1688,chr1,153963191,153964432,1241
HO1689,chr1,153967008,153967982,974
HO1690,chr1,153970180,153970863,683
HO1691,chr1,153976737,153978359,1622
HO1692,chr1,153985080,153987076,1996
HO1693,chr1,153990119,153991109,990
HO1694,chr1,154000116,154001315,1199
HO1695,chr1,154182064,154183591,1527
HO1696,chr1,154220006,154222034,2028
HO1697,chr1,154271797,154273110,1313
HO1698,chr1,154290862,154292079,1217
HO1699,chr1,154324403,154326537,2134
HO1700,chr1,154328276,154329029,753
HO1701,chr1,154352369,154353858,1489
HO1702,chr1,154404809,154406534,1725
HO1703,chr1,154427181,154428261,1080
HO1704,chr1,154441340,154442651,1311
HO1705,chr1,154474632,154475193,561
HO1706,chr1,154477696,154478955,1259
HO1707,chr1,154479626,154480180,554
HO1708,chr1,154501368,154503302,1934
HO1709,chr1,154558046,154559826,1780
HO1710,chr1,154567358,154568216,858
HO1711,chr1,154607174,154608975,1801
HO1712,chr1,154610981,154612301,1320
HO1713,chr1,154626552,154628223,1671
HO1714,chr1,154760244,154760989,745
HO1715,chr1,154767307,154768225,918
HO1716,chr1,154845752,154847472,1720
HO1717,chr1,154868465,154870611,2146
HO1718,chr1,154936144,154937812,1668
HO1719,chr1,154938991,154939399,408
HO1720,chr1,154941246,154941921,675
HO1721,chr1,154952273,154953010,737
HO1722,chr1,154955066,154956399,1333
HO1723,chr1,154960990,154962549,1559
HO1724,chr1,154970571,154971346,775
HO1725,chr1,154973391,154975873,2482
HO1726,chr1,154982351,154984037,1686
HO1727,chr1,155000509,155002804,2295
HO1728,chr1,155044475,155045221,746
HO1729,chr1,155050233,155052391,2158
HO1730,chr1,155061471,155062010,539
HO1731,chr1,155062222,155064375,2153
HO1732,chr1,155069620,155072173,2553
HO1733,chr1,155078394,155079146,752
HO1734,chr1,155084212,155086365,2153
HO1735,chr1,155093475,155094731,1256
HO1736,chr1,155125702,155128032,2330
HO1737,chr1,155134891,155136484,1593
HO1738,chr1,155139908,155140718,810
HO1739,chr1,155166045,155168170,2125
HO1740,chr1,155172586,155174880,2294
HO1741,chr1,155192820,155195472,2652
HO1742,chr1,155206834,155209397,2563
HO1743,chr1,155218584,155219925,1341
HO1744,chr1,155226455,155228124,1669
HO1745,chr1,155243663,155245232,1569
HO1746,chr1,155250283,155251422,1139
HO1747,chr1,155254601,155256010,1409
HO1748,chr1,155261441,155262729,1288
HO1749,chr1,155272685,155273899,1214
HO1750,chr1,155277043,155278718,1675
HO1751,chr1,155308044,155309978,1934
HO1752,chr1,155322632,155325444,2812
HO1753,chr1,155561884,155563546,1662
HO1754,chr1,155609420,155610243,823
HO1755,chr1,155687788,155689378,1590
HO1756,chr1,155745061,155745824,763
HO1757,chr1,155856773,155857467,694
HO1758,chr1,155858984,155860795,1811
HO1759,chr1,155870556,155871989,1433
HO1760,chr1,155883865,155885233,1368
HO1761,chr1,155910485,155911889,1404
HO1762,chr1,155933641,155935364,1723
HO1763,chr1,155940171,155941590,1419
HO1764,chr1,155977510,155979055,1545
HO1765,chr1,155989005,155990349,1344
HO1766,chr1,156019936,156021179,1243
HO1767,chr1,156052877,156055315,2438
HO1768,chr1,156069552,156070999,1447
HO1769,chr1,156080495,156083454,2959
HO1770,chr1,156089799,156091074,1275
HO1771,chr1,156095944,156097457,1513
HO1772,chr1,156105713,156107131,1418
HO1773,chr1,156114111,156116288,2177
HO1774,chr1,156122567,156124110,1543
HO1775,chr1,156126086,156126620,534
HO1776,chr1,156129809,156130636,827
HO1777,chr1,156145805,156147133,1328
HO1778,chr1,156160391,156161732,1341
HO1779,chr1,156193284,156194621,1337
HO1780,chr1,156212477,156213686,1209
HO1781,chr1,156225137,156225757,620
HO1782,chr1,156245278,156246249,971
HO1783,chr1,156281156,156283373,2217
HO1784,chr1,156291052,156292111,1059
HO1785,chr1,156337487,156338942,1455
HO1786,chr1,156387921,156388920,999
HO1787,chr1,156445208,156446158,950
HO1788,chr1,156456159,156457804,1645
HO1789,chr1,156488669,156491003,2334
HO1790,chr1,156498765,156501621,2856
HO1791,chr1,156504798,156505609,811
HO1792,chr1,156571926,156572803,877
HO1793,chr1,156591011,156592247,1236
HO1794,chr1,156600800,156602016,1216
HO1795,chr1,156623828,156626108,2280
HO1796,chr1,156637887,156638933,1046
HO1797,chr1,156641539,156642653,1114
HO1798,chr1,156656734,156657771,1037
HO1799,chr1,156659811,156662298,2487
HO1800,chr1,156675329,156678319,2990
HO1801,chr1,156688997,156690223,1226
HO1802,chr1,156705392,156707645,2253
HO1803,chr1,156725596,156726134,538
HO1804,chr1,156727985,156729307,1322
HO1805,chr1,156740416,156741562,1146
HO1806,chr1,156746438,156747470,1032
HO1807,chr1,156750860,156752328,1468
HO1808,chr1,156766121,156768533,2412
HO1809,chr1,156795399,156796845,1446
HO1810,chr1,156813432,156814507,1075
HO1811,chr1,156851727,156852961,1234
HO1812,chr1,156858332,156861238,2906
HO1813,chr1,156892074,156892642,568
HO1814,chr1,156919997,156920796,799
HO1815,chr1,156927262,156928100,838
HO1816,chr1,157045178,157046653,1475
HO1817,chr1,157137115,157139267,2152
HO1818,chr1,157154190,157156571,2381
HO1819,chr1,157235888,157236959,1071
HO1820,chr1,157239263,157240279,1016
HO1821,chr1,157510682,157512098,1416
HO1822,chr1,157992874,157995856,2982
HO1823,chr1,158002017,158003756,1739
HO1824,chr1,158087064,158087707,643
HO1825,chr1,158112993,158113882,889
HO1826,chr1,158124816,158125429,613
HO1827,chr1,158144882,158145603,721
HO1828,chr1,158149184,158150162,978
HO1829,chr1,158177339,158178114,775
HO1830,chr1,158180479,158181698,1219
HO1831,chr1,158203470,158204326,856
HO1832,chr1,158226461,158228227,1766
HO1833,chr1,158509083,158510632,1549
HO1834,chr1,158999343,159000920,1577
HO1835,chr1,159160661,159161771,1110
HO1836,chr1,159171149,159173363,2214
HO1837,chr1,159187658,159188791,1133
HO1838,chr1,159197200,159198345,1145
HO1839,chr1,159780351,159781574,1223
HO1840,chr1,159853635,159855371,1736
HO1841,chr1,159891362,159891919,557
HO1842,chr1,159899707,159900657,950
HO1843,chr1,159910049,159910817,768
HO1844,chr1,159915608,159916760,1152
HO1845,chr1,159922847,159925988,3141
HO1846,chr1,159944216,159946307,2091
HO1847,chr1,160030776,160032707,1931
HO1848,chr1,160046192,160047098,906
HO1849,chr1,160069742,160070820,1078
HO1850,chr1,160083728,160084568,840
HO1851,chr1,160097826,160099431,1605
HO1852,chr1,160100880,160101359,479
HO1853,chr1,160192746,160193704,958
HO1854,chr1,160204373,160206306,1933
HO1855,chr1,160261530,160262982,1452
HO1856,chr1,160284066,160285505,1439
HO1857,chr1,160291012,160292165,1153
HO1858,chr1,160342527,160343866,1339
HO1859,chr1,160374677,160376846,2169
HO1860,chr1,160399771,160401686,1915
HO1861,chr1,160904457,160905514,1057
HO1862,chr1,160946693,160948075,1382
HO1863,chr1,161019779,161021757,1978
HO1864,chr1,161037661,161039311,1650
HO1865,chr1,161044526,161046504,1978
HO1866,chr1,161097309,161099062,1753
HO1867,chr1,161117418,161118647,1229
HO1868,chr1,161119041,161119956,915
HO1869,chr1,161131534,161133576,2042
HO1870,chr1,161153131,161154551,1420
HO1871,chr1,161158865,161160246,1381
HO1872,chr1,161165544,161167219,1675
HO1873,chr1,161176627,161178217,1590
HO1874,chr1,161200622,161202734,2112
HO1875,chr1,161209615,161210183,568
HO1876,chr1,161225293,161226361,1068
HO1877,chr1,161258309,161259558,1249
HO1878,chr1,161266012,161267713,1701
HO1879,chr1,161305372,161306609,1237
HO1880,chr1,161313682,161315066,1384
HO1881,chr1,161367540,161368230,690
HO1882,chr1,161389364,161390802,1438
HO1883,chr1,161398961,161400551,1590
HO1884,chr1,161439653,161440785,1132
HO1885,chr1,161523498,161524601,1103
HO1886,chr1,161529889,161531346,1457
HO1887,chr1,161611840,161613405,1565
HO1888,chr1,161725726,161727798,2072
HO1889,chr1,161749302,161750672,1370
HO1890,chr1,161764874,161767003,2129
HO1891,chr1,162014826,162015637,811
HO1892,chr1,162023146,162024536,1390
HO1893,chr1,162069157,162071156,1999
HO1894,chr1,162212888,162214143,1255
HO1895,chr1,162255615,162257018,1403
HO1896,chr1,162497292,162498673,1381
HO1897,chr1,162560593,162562290,1697
HO1898,chr1,162630703,162633500,2797
HO1899,chr1,162678005,162678911,906
HO1900,chr1,162695896,162696905,1009
HO1901,chr1,162789962,162791248,1286
HO1902,chr1,162822080,162823286,1206
HO1903,chr1,163068570,163069592,1022
HO1904,chr1,163320861,163322328,1467
HO1905,chr1,164558485,164560026,1541
HO1906,chr1,164611477,164612494,1017
HO1907,chr1,165375715,165377086,1371
HO1908,chr1,165597758,165598949,1191
HO1909,chr1,165628114,165628986,872
HO1910,chr1,165630220,165632151,1931
HO1911,chr1,165652373,165653502,1129
HO1912,chr1,165696352,165697211,859
HO1913,chr1,165697589,165698956,1367
HO1914,chr1,165715686,165716535,849
HO1915,chr1,165768382,165769521,1139
HO1916,chr1,165827000,165829223,2223
HO1917,chr1,165890151,165891402,1251
HO1918,chr1,166164875,166167502,2627
HO1919,chr1,166170558,166171030,472
HO1920,chr1,166838795,166840259,1464
HO1921,chr1,166875307,166876747,1440
HO1922,chr1,166883804,166884707,903
HO1923,chr1,166925477,166926450,973
HO1924,chr1,166937434,166938900,1466
HO1925,chr1,166947091,166948187,1096
HO1926,chr1,166972872,166973884,1012
HO1927,chr1,166974646,166976119,1473
HO1928,chr1,167043600,167044826,1226
HO1929,chr1,167056821,167057614,793
HO1930,chr1,167066303,167066992,689
HO1931,chr1,167121253,167122274,1021
HO1932,chr1,167219380,167222613,3233
HO1933,chr1,167439142,167439983,841
HO1934,chr1,167441994,167442503,509
HO1935,chr1,167454514,167456365,1851
HO1936,chr1,167552934,167554497,1563
HO1937,chr1,167713242,167715833,2591
HO1938,chr1,167720923,167722658,1735
HO1939,chr1,167763321,167764267,946
HO1940,chr1,167799410,167800511,1101
HO1941,chr1,167803145,167803773,628
HO1942,chr1,167819833,167820497,664
HO1943,chr1,167934961,167937716,2755
HO1944,chr1,168081989,168082595,606
HO1945,chr1,168135420,168137685,2265
HO1946,chr1,168178339,168180179,1840
HO1947,chr1,168225219,168226827,1608
HO1948,chr1,168439200,168440216,1016
HO1949,chr1,168833505,168834903,1398
HO1950,chr1,168960290,168961221,931
HO1951,chr1,169027247,169028573,1326
HO1952,chr1,169105217,169107162,1945
HO1953,chr1,169115840,169116584,744
HO1954,chr1,169367187,169368712,1525
HO1955,chr1,169426709,169427713,1004
HO1956,chr1,169484886,169486728,1842
HO1957,chr1,169794091,169795459,1368
HO1958,chr1,169892648,169894484,1836
HO1959,chr1,170073830,170075305,1475
HO1960,chr1,170530999,170532697,1698
HO1961,chr1,170661204,170665252,4048
HO1962,chr1,171313438,171314318,880
HO1963,chr1,171484678,171486478,1800
HO1964,chr1,171741082,171742837,1755
HO1965,chr1,171780653,171782294,1641
HO1966,chr1,171840789,171842732,1943
HO1967,chr1,172443412,172444489,1077
HO1968,chr1,172449072,172451489,2417
HO1969,chr1,172473258,172474597,1339
HO1970,chr1,172532014,172534144,2130
HO1971,chr1,173302766,173303629,863
HO1972,chr1,173429321,173430443,1122
HO1973,chr1,173476596,173478409,1813
HO1974,chr1,173602572,173603804,1232
HO1975,chr1,173638196,173639821,1625
HO1976,chr1,173668859,173670335,1476
HO1977,chr1,173714429,173715794,1365
HO1978,chr1,173823712,173825325,1613
HO1979,chr1,173867236,173869007,1771
HO1980,chr1,174021146,174023025,1879
HO1981,chr1,174077327,174078489,1162
HO1982,chr1,174158576,174160459,1883
HO1983,chr1,174799240,174800838,1598
HO1984,chr1,174998543,175000639,2096
HO1985,chr1,175022513,175023960,1447
HO1986,chr1,175029077,175030220,1143
HO1987,chr1,175191757,175193734,1977
HO1988,chr1,175317346,175318191,845
HO1989,chr1,176073408,176074119,711
HO1990,chr1,176206202,176207875,1673
HO1991,chr1,177163713,177165273,1560
HO1992,chr1,177170304,177171678,1374
HO1993,chr1,177181254,177182361,1107
HO1994,chr1,177740736,177742028,1292
HO1995,chr1,178037436,178038319,883
HO1996,chr1,178093069,178094783,1714
HO1997,chr1,178341088,178341962,874
HO1998,chr1,178486411,178488213,1802
HO1999,chr1,178541632,178543518,1886
HO2000,chr1,178724527,178726685,2158
HO2001,chr1,179002227,179003187,960
HO2002,chr1,179025378,179027084,1706
HO2003,chr1,179081259,179083188,1929
HO2004,chr1,179091442,179092328,886
HO2005,chr1,179228657,179230144,1487
HO2006,chr1,179293095,179294231,1136
HO2007,chr1,179364668,179366511,1843
HO2008,chr1,179585870,179586857,987
HO2009,chr1,179591341,179592346,1005
HO2010,chr1,179742599,179744937,2338
HO2011,chr1,179814391,179815785,1394
HO2012,chr1,179877257,179878033,776
HO2013,chr1,179881660,179883387,1727
HO2014,chr1,179953743,179955597,1854
HO2015,chr1,180116643,180117618,975
HO2016,chr1,180154001,180155632,1631
HO2017,chr1,180228941,180231867,2926
HO2018,chr1,180256027,180257038,1011
HO2019,chr1,180501843,180503455,1612
HO2020,chr1,180585348,180587161,1813
HO2021,chr1,180631535,180632906,1371
HO2022,chr1,180911605,180913661,2056
HO2023,chr1,180925352,180927051,1699
HO2024,chr1,180953427,180954934,1507
HO2025,chr1,180987835,180988936,1101
HO2026,chr1,181021495,181023415,1920
HO2027,chr1,181032817,181034310,1493
HO2028,chr1,181088085,181090497,2412
HO2029,chr1,181104431,181106079,1648
HO2030,chr1,181142049,181143794,1745
HO2031,chr1,181151519,181153658,2139
HO2032,chr1,181179491,181180916,1425
HO2033,chr1,181189470,181190959,1489
HO2034,chr1,181317228,181319217,1989
HO2035,chr1,181429294,181430998,1704
HO2036,chr1,181452403,181453460,1057
HO2037,chr1,181482030,181483052,1022
HO2038,chr1,181485252,181486203,951
HO2039,chr1,182029067,182030319,1252
HO2040,chr1,182056300,182057463,1163
HO2041,chr1,182084202,182085259,1057
HO2042,chr1,182121797,182122810,1013
HO2043,chr1,182143168,182144758,1590
HO2044,chr1,182390104,182392459,2355
HO2045,chr1,182588125,182589501,1376
HO2046,chr1,182603451,182604673,1222
HO2047,chr1,182614464,182616541,2077
HO2048,chr1,182684024,182685129,1105
HO2049,chr1,182789012,182790066,1054
HO2050,chr1,182838687,182840343,1656
HO2051,chr1,182962370,182963157,787
HO2052,chr1,183022273,183024856,2583
HO2053,chr1,183081396,183082406,1010
HO2054,chr1,183185635,183186531,896
HO2055,chr1,183416573,183418562,1989
HO2056,chr1,183470118,183470477,359
HO2057,chr1,183470925,183473177,2252
HO2058,chr1,183633600,183634011,411
HO2059,chr1,183634898,183636482,1584
HO2060,chr1,183804308,183805884,1576
HO2061,chr1,183827310,183828543,1233
HO2062,chr1,183870418,183871966,1548
HO2063,chr1,183881227,183882106,879
HO2064,chr1,184029173,184029876,703
HO2065,chr1,184035764,184037944,2180
HO2066,chr1,184050843,184052602,1759
HO2067,chr1,184296152,184297594,1442
HO2068,chr1,184386138,184388171,2033
HO2069,chr1,184491310,184492354,1044
HO2070,chr1,184594165,184595187,1022
HO2071,chr1,184663621,184664843,1222
HO2072,chr1,184753974,184755756,1782
HO2073,chr1,184805428,184806758,1330
HO2074,chr1,184973343,184974790,1447
HO2075,chr1,185044862,185046442,1580
HO2076,chr1,185155962,185158421,2459
HO2077,chr1,185315783,185318041,2258
HO2078,chr1,185593827,185595589,1762
HO2079,chr1,185733680,185734912,1232
HO2080,chr1,186374369,186376166,1797
HO2081,chr1,186679836,186681322,1486
HO2082,chr1,187244204,187245193,989
HO2083,chr1,187688178,187689628,1450
HO2084,chr1,192709221,192710854,1633
HO2085,chr1,192808038,192809785,1747
HO2086,chr1,193058453,193060263,1810
HO2087,chr1,193104212,193105823,1611
HO2088,chr1,193121083,193122851,1768
HO2089,chr1,193185746,193186823,1077
HO2090,chr1,193408305,193409511,1206
HO2091,chr1,196607942,196609570,1628
HO2092,chr1,197095898,197097607,1709
HO2093,chr1,197145494,197147119,1625
HO2094,chr1,197200229,197202262,2033
HO2095,chr1,197774481,197776249,1768
HO2096,chr1,197902058,197903355,1297
HO2097,chr1,197915324,197918606,3282
HO2098,chr1,198156162,198157905,1743
HO2099,chr1,198158358,198159360,1002
HO2100,chr1,198490484,198491954,1470
HO2101,chr1,198934898,198937705,2807
HO2102,chr1,199994358,199995576,1218
HO2103,chr1,200028636,200030021,1385
HO2104,chr1,200038651,200039932,1281
HO2105,chr1,200075365,200076539,1174
HO2106,chr1,200301958,200303297,1339
HO2107,chr1,200409045,200410794,1749
HO2108,chr1,200620211,200621093,882
HO2109,chr1,200668952,200670626,1674
HO2110,chr1,200738310,200740082,1772
HO2111,chr1,200872809,200874324,1515
HO2112,chr1,200890705,200892134,1429
HO2113,chr1,201022798,201024011,1213
HO2114,chr1,201113732,201115269,1537
HO2115,chr1,201153557,201155062,1505
HO2116,chr1,201170418,201171735,1317
HO2117,chr1,201282939,201284508,1569
HO2118,chr1,201419643,201420873,1230
HO2119,chr1,201435498,201436780,1282
HO2120,chr1,201447949,201449342,1393
HO2121,chr1,201450573,201451379,806
HO2122,chr1,201467970,201469955,1985
HO2123,chr1,201480140,201480980,840
HO2124,chr1,201481490,201482431,941
HO2125,chr1,201493844,201494774,930
HO2126,chr1,201503315,201503876,561
HO2127,chr1,201506125,201507438,1313
HO2128,chr1,201511781,201513342,1561
HO2129,chr1,201537938,201540457,2519
HO2130,chr1,201551772,201552524,752
HO2131,chr1,201559465,201560034,569
HO2132,chr1,201647862,201650748,2886
HO2133,chr1,201702776,201704522,1746
HO2134,chr1,201739067,201740903,1836
HO2135,chr1,201828712,201829865,1153
HO2136,chr1,201888141,201889540,1399
HO2137,chr1,201895736,201896273,537
HO2138,chr1,201945864,201947271,1407
HO2139,chr1,201954777,201955991,1214
HO2140,chr1,201981982,201983576,1594
HO2141,chr1,201990154,201990937,783
HO2142,chr1,202009333,202010914,1581
HO2143,chr1,202084597,202086374,1777
HO2144,chr1,202105450,202106173,723
HO2145,chr1,202106244,202108415,2171
HO2146,chr1,202118577,202119326,749
HO2147,chr1,202122451,202123076,625
HO2148,chr1,202129786,202131247,1461
HO2149,chr1,202143118,202145313,2195
HO2150,chr1,202154757,202155639,882
HO2151,chr1,202159831,202162194,2363
HO2152,chr1,202164266,202164903,637
HO2153,chr1,202167635,202168411,776
HO2154,chr1,202184487,202185120,633
HO2155,chr1,202192668,202194290,1622
HO2156,chr1,202286511,202287286,775
HO2157,chr1,202341513,202342370,857
HO2158,chr1,202348159,202349804,1645
HO2159,chr1,202352743,202353175,432
HO2160,chr1,202642517,202644310,1793
HO2161,chr1,202709450,202711253,1803
HO2162,chr1,202806806,202808641,1835
HO2163,chr1,202810326,202811714,1388
HO2164,chr1,202860710,202862124,1414
HO2165,chr1,202888261,202889396,1135
HO2166,chr1,202926523,202927728,1205
HO2167,chr1,202957579,202958956,1377
HO2168,chr1,202964421,202965326,905
HO2169,chr1,202966372,202968085,1713
HO2170,chr1,203005895,203007914,2019
HO2171,chr1,203025905,203027684,1779
HO2172,chr1,203127326,203128731,1405
HO2173,chr1,203129609,203130247,638
HO2174,chr1,203144453,203145064,611
HO2175,chr1,203150643,203152642,1999
HO2176,chr1,203152985,203154237,1252
HO2177,chr1,203181550,203182454,904
HO2178,chr1,203267246,203267889,643
HO2179,chr1,203272908,203273682,774
HO2180,chr1,203278021,203279321,1300
HO2181,chr1,203289326,203291132,1806
HO2182,chr1,203304985,203307428,2443
HO2183,chr1,203308399,203309378,979
HO2184,chr1,203309702,203310677,975
HO2185,chr1,203326807,203328131,1324
HO2186,chr1,203339206,203340419,1213
HO2187,chr1,203440363,203441251,888
HO2188,chr1,203487012,203488233,1221
HO2189,chr1,203506845,203509002,2157
HO2190,chr1,203512696,203514733,2037
HO2191,chr1,203521033,203522558,1525
HO2192,chr1,203571663,203572701,1038
HO2193,chr1,203591490,203592640,1150
HO2194,chr1,203606491,203607610,1119
HO2195,chr1,203626205,203627160,955
HO2196,chr1,203627850,203629251,1401
HO2197,chr1,203649515,203650844,1329
HO2198,chr1,203671614,203672843,1229
HO2199,chr1,203690903,203691832,929
HO2200,chr1,203692488,203693533,1045
HO2201,chr1,203750667,203751471,804
HO2202,chr1,203795024,203796582,1558
HO2203,chr1,203860352,203862135,1783
HO2204,chr1,203870839,203871892,1053
HO2205,chr1,203996082,203997663,1581
HO2206,chr1,204072601,204075421,2820
HO2207,chr1,204083960,204084871,911
HO2208,chr1,204128784,204130615,1831
HO2209,chr1,204142682,204143835,1153
HO2210,chr1,204146932,204147633,701
HO2211,chr1,204150710,204152763,2053
HO2212,chr1,204162113,204162866,753
HO2213,chr1,204198128,204199255,1127
HO2214,chr1,204213375,204214537,1162
HO2215,chr1,204287511,204288809,1298
HO2216,chr1,204334977,204335963,986
HO2217,chr1,204350521,204351437,916
HO2218,chr1,204362986,204364019,1033
HO2219,chr1,204377058,204378741,1683
HO2220,chr1,204398194,204398864,670
HO2221,chr1,204410451,204412315,1864
HO2222,chr1,204445845,204447257,1412
HO2223,chr1,204465582,204467551,1969
HO2224,chr1,204493397,204495290,1893
HO2225,chr1,204506044,204508141,2097
HO2226,chr1,204515632,204517013,1381
HO2227,chr1,204565515,204566590,1075
HO2228,chr1,204624055,204625451,1396
HO2229,chr1,204683995,204685970,1975
HO2230,chr1,204763378,204764264,886
HO2231,chr1,204806791,204807610,819
HO2232,chr1,204828158,204830237,2079
HO2233,chr1,204844094,204845267,1173
HO2234,chr1,204923774,204924710,936
HO2235,chr1,204988967,204989755,788
HO2236,chr1,205075699,205077513,1814
HO2237,chr1,205121310,205122751,1441
HO2238,chr1,205144373,205145341,968
HO2239,chr1,205210472,205212178,1706
HO2240,chr1,205226951,205229984,3033
HO2241,chr1,205247211,205247939,728
HO2242,chr1,205248605,205249974,1369
HO2243,chr1,205255840,205256556,716
HO2244,chr1,205273123,205274676,1553
HO2245,chr1,205300598,205302088,1490
HO2246,chr1,205313242,205314504,1262
HO2247,chr1,205317194,205317906,712
HO2248,chr1,205320595,205322047,1452
HO2249,chr1,205324805,205325736,931
HO2250,chr1,205335428,205336457,1029
HO2251,chr1,205343220,205344790,1570
HO2252,chr1,205356043,205357370,1327
HO2253,chr1,205361660,205363132,1472
HO2254,chr1,205371889,205373783,1894
HO2255,chr1,205430144,205431139,995
HO2256,chr1,205438345,205439205,860
HO2257,chr1,205440105,205441427,1322
HO2258,chr1,205444617,205445460,843
HO2259,chr1,205449645,205450774,1129
HO2260,chr1,205453336,205453835,499
HO2261,chr1,205454899,205455358,459
HO2262,chr1,205456293,205457661,1368
HO2263,chr1,205477391,205478375,984
HO2264,chr1,205485145,205485978,833
HO2265,chr1,205504086,205506139,2053
HO2266,chr1,205528574,205529623,1049
HO2267,chr1,205543166,205544242,1076
HO2268,chr1,205568201,205570157,1956
HO2269,chr1,205577724,205578741,1017
HO2270,chr1,205581778,205583199,1421
HO2271,chr1,205591497,205592378,881
HO2272,chr1,205630581,205632492,1911
HO2273,chr1,205658728,205659302,574
HO2274,chr1,205678274,205681027,2753
HO2275,chr1,205748464,205750547,2083
HO2276,chr1,205774051,205775648,1597
HO2277,chr1,205811568,205812061,493
HO2278,chr1,205812233,205813986,1753
HO2279,chr1,205825982,205827976,1994
HO2280,chr1,205849317,205850562,1245
HO2281,chr1,205913230,205914159,929
HO2282,chr1,205916939,205918149,1210
HO2283,chr1,205976453,205977707,1254
HO2284,chr1,205983686,205984488,802
HO2285,chr1,206032362,206033095,733
HO2286,chr1,206067254,206068953,1699
HO2287,chr1,206116675,206118171,1496
HO2288,chr1,206202854,206203335,481
HO2289,chr1,206470043,206471634,1591
HO2290,chr1,206489909,206491294,1385
HO2291,chr1,206506654,206508152,1498
HO2292,chr1,206556742,206557697,955
HO2293,chr1,206611905,206612857,952
HO2294,chr1,206633818,206636247,2429
HO2295,chr1,206684471,206686626,2155
HO2296,chr1,206908883,206910134,1251
HO2297,chr1,207009140,207010689,1549
HO2298,chr1,207050411,207051325,914
HO2299,chr1,207052608,207053706,1098
HO2300,chr1,207084404,207085238,834
HO2301,chr1,207320755,207322493,1738
HO2302,chr1,207453822,207455206,1384
HO2303,chr1,207495673,207496809,1136
HO2304,chr1,207644549,207646006,1457
HO2305,chr1,207751398,207752979,1581
HO2306,chr1,207822570,207824382,1812
HO2307,chr1,207828437,207828895,458
HO2308,chr1,207837766,207839043,1277
HO2309,chr1,207844795,207845751,956
HO2310,chr1,207867716,207869466,1750
HO2311,chr1,207958850,207959836,986
HO2312,chr1,207962792,207964306,1514
HO2313,chr1,208242987,208244795,1808
HO2314,chr1,209674617,209676205,1588
HO2315,chr1,209747455,209748224,769
HO2316,chr1,209783928,209784916,988
HO2317,chr1,209805180,209806556,1376
HO2318,chr1,209827300,209828473,1173
HO2319,chr1,209937302,209938721,1419
HO2320,chr1,210232102,210234553,2451
HO2321,chr1,210250630,210252190,1560
HO2322,chr1,210291679,210293612,1933
HO2323,chr1,210294568,210295715,1147
HO2324,chr1,210310900,210311849,949
HO2325,chr1,210327989,210329871,1882
HO2326,chr1,211133318,211134490,1172
HO2327,chr1,211258073,211261080,3007
HO2328,chr1,211326311,211327807,1496
HO2329,chr1,211382065,211383457,1392
HO2330,chr1,211469678,211470407,729
HO2331,chr1,211513818,211514389,571
HO2332,chr1,211515072,211515996,924
HO2333,chr1,211577484,211579892,2408
HO2334,chr1,211630105,211631253,1148
HO2335,chr1,211631980,211633557,1577
HO2336,chr1,211674990,211676168,1178
HO2337,chr1,211680675,211681081,406
HO2338,chr1,211698024,211699311,1287
HO2339,chr1,211735153,211736223,1070
HO2340,chr1,211829022,211831114,2092
HO2341,chr1,212034529,212036100,1571
HO2342,chr1,212087841,212089110,1269
HO2343,chr1,212284563,212286765,2202
HO2344,chr1,212413630,212415242,1612
HO2345,chr1,212432250,212433655,1405
HO2346,chr1,212476950,212477542,592
HO2347,chr1,212513937,212515726,1789
HO2348,chr1,212557953,212559549,1596
HO2349,chr1,212595863,212596923,1060
HO2350,chr1,212606775,212607108,333
HO2351,chr1,212607676,212609965,2289
HO2352,chr1,212620803,212622718,1915
HO2353,chr1,212665037,212665831,794
HO2354,chr1,212671197,212672196,999
HO2355,chr1,212698948,212701341,2393
HO2356,chr1,212791236,212792557,1321
HO2357,chr1,212857369,212859085,1716
HO2358,chr1,212950096,212951941,1845
HO2359,chr1,213014744,213016036,1292
HO2360,chr1,213050821,213051850,1029
HO2361,chr1,213491895,213493881,1986
HO2362,chr1,213724717,213725618,901
HO2363,chr1,213982562,213983480,918
HO2364,chr1,213987388,213990071,2683
HO2365,chr1,214107065,214108459,1394
HO2366,chr1,214261204,214262145,941
HO2367,chr1,214280258,214282106,1848
HO2368,chr1,214438629,214440127,1498
HO2369,chr1,214500215,214501346,1131
HO2370,chr1,214550392,214552640,2248
HO2371,chr1,214602555,214603630,1075
HO2372,chr1,215081569,215083945,2376
HO2373,chr1,215566811,215568603,1792
HO2374,chr1,216600523,216601758,1235
HO2375,chr1,217088052,217090631,2579
HO2376,chr1,217630340,217631675,1335
HO2377,chr1,218163865,218165768,1903
HO2378,chr1,218284416,218285637,1221
HO2379,chr1,218344887,218346360,1473
HO2380,chr1,218346685,218348351,1666
HO2381,chr1,219173453,219175179,1726
HO2382,chr1,219660516,219661980,1464
HO2383,chr1,219811890,219813577,1687
HO2384,chr1,219927649,219929005,1356
HO2385,chr1,220045612,220046864,1252
HO2386,chr1,220089139,220090444,1305
HO2387,chr1,220093665,220094868,1203
HO2388,chr1,220271517,220272914,1397
HO2389,chr1,220300357,220301067,710
HO2390,chr1,220527068,220529546,2478
HO2391,chr1,220689771,220691956,2185
HO2392,chr1,220705371,220707177,1806
HO2393,chr1,220732596,220733673,1077
HO2394,chr1,220747429,220749321,1892
HO2395,chr1,220785858,220787557,1699
HO2396,chr1,220878856,220880263,1407
HO2397,chr1,221741099,221743520,2421
HO2398,chr1,222464752,222465985,1233
HO2399,chr1,222589212,222590453,1241
HO2400,chr1,222617231,222619186,1955
HO2401,chr1,222643617,222644849,1232
HO2402,chr1,222711328,222713701,2373
HO2403,chr1,222814125,222815839,1714
HO2404,chr1,222877080,222878707,1627
HO2405,chr1,222975212,222976673,1461
HO2406,chr1,223081095,223081747,652
HO2407,chr1,223122901,223124048,1147
HO2408,chr1,223133453,223134479,1026
HO2409,chr1,223142509,223144472,1963
HO2410,chr1,223362897,223365369,2472
HO2411,chr1,223706959,223708102,1143
HO2412,chr1,223712033,223713445,1412
HO2413,chr1,223732954,223734272,1318
HO2414,chr1,223747858,223749446,1588
HO2415,chr1,223764930,223765914,984
HO2416,chr1,223771380,223772650,1270
HO2417,chr1,223831693,223832915,1222
HO2418,chr1,223844569,223846878,2309
HO2419,chr1,223992146,223993391,1245
HO2420,chr1,224113694,224115093,1399
HO2421,chr1,224182427,224184284,1857
HO2422,chr1,224329487,224330707,1220
HO2423,chr1,224356273,224357655,1382
HO2424,chr1,224432650,224435575,2925
HO2425,chr1,224456596,224457798,1202
HO2426,chr1,224497596,224498915,1319
HO2427,chr1,224502362,224504001,1639
HO2428,chr1,224615641,224617266,1625
HO2429,chr1,224929120,224930198,1078
HO2430,chr1,225426696,225428945,2249
HO2431,chr1,225474569,225475588,1019
HO2432,chr1,225651907,225654144,2237
HO2433,chr1,225735376,225736897,1521
HO2434,chr1,225754720,225756329,1609
HO2435,chr1,225771948,225772752,804
HO2436,chr1,225777110,225778424,1314
HO2437,chr1,225809640,225811496,1856
HO2438,chr1,225816558,225818051,1493
HO2439,chr1,225824872,225826836,1964
HO2440,chr1,225877387,225877970,583
HO2441,chr1,225881541,225883342,1801
HO2442,chr1,225910914,225912044,1130
HO2443,chr1,225923517,225924783,1266
HO2444,chr1,225977395,225978737,1342
HO2445,chr1,225998648,226000093,1445
HO2446,chr1,226061488,226063799,2311
HO2447,chr1,226082769,226084151,1382
HO2448,chr1,226100205,226101387,1182
HO2449,chr1,226108987,226111493,2506
HO2450,chr1,226121201,226122922,1721
HO2451,chr1,226152222,226153175,953
HO2452,chr1,226185199,226187172,1973
HO2453,chr1,226222962,226224272,1310
HO2454,chr1,226308254,226309945,1691
HO2455,chr1,226407199,226408692,1493
HO2456,chr1,226548284,226550396,2112
HO2457,chr1,226588219,226589689,1470
HO2458,chr1,226679778,226680607,829
HO2459,chr1,226702673,226703850,1177
HO2460,chr1,226736681,226739603,2922
HO2461,chr1,226826957,226828404,1447
HO2462,chr1,226870050,226871304,1254
HO2463,chr1,226891969,226893077,1108
HO2464,chr1,226939042,226940716,1674
HO2465,chr1,227317507,227319449,1942
HO2466,chr1,227541720,227543327,1607
HO2467,chr1,227563063,227564239,1176
HO2468,chr1,227727954,227729154,1200
HO2469,chr1,227734545,227735908,1363
HO2470,chr1,227762081,227762899,818
HO2471,chr1,227786454,227788974,2520
HO2472,chr1,227886316,227888405,2089
HO2473,chr1,227895678,227896765,1087
HO2474,chr1,227946080,227948562,2482
HO2475,chr1,227999104,227999701,597
HO2476,chr1,228081408,228084167,2759
HO2477,chr1,228085254,228085676,422
HO2478,chr1,228102068,228103690,1622
HO2479,chr1,228108777,228110700,1923
HO2480,chr1,228139450,228140920,1470
HO2481,chr1,228149146,228151632,2486
HO2482,chr1,228157813,228158980,1167
HO2483,chr1,228165109,228166832,1723
HO2484,chr1,228212255,228213944,1689
HO2485,chr1,228275289,228276789,1500
HO2486,chr1,228360477,228361344,867
HO2487,chr1,228377884,228379418,1534
HO2488,chr1,228405896,228407487,1591
HO2489,chr1,228457063,228458918,1855
HO2490,chr1,228463611,228465059,1448
HO2491,chr1,228486301,228488321,2020
HO2492,chr1,228646507,228648492,1985
HO2493,chr1,228734893,228736682,1789
HO2494,chr1,229114247,229115346,1099
HO2495,chr1,229147636,229148886,1250
HO2496,chr1,229229003,229230658,1655
HO2497,chr1,229270483,229272430,1947
HO2498,chr1,229341313,229343380,2067
HO2499,chr1,229410375,229411725,1350
HO2500,chr1,229507460,229508937,1477
HO2501,chr1,229557865,229559369,1504
HO2502,chr1,229624910,229626778,1868
HO2503,chr1,229660924,229661640,716
HO2504,chr1,230065897,230068449,2552
HO2505,chr1,230136250,230137798,1548
HO2506,chr1,230153438,230154328,890
HO2507,chr1,230280506,230281405,899
HO2508,chr1,230320496,230321218,722
HO2509,chr1,230375021,230376531,1510
HO2510,chr1,230421427,230422161,734
HO2511,chr1,230425336,230426971,1635
HO2512,chr1,230641754,230643065,1311
HO2513,chr1,230858798,230860110,1312
HO2514,chr1,230867400,230869211,1811
HO2515,chr1,230977467,230979371,1904
HO2516,chr1,231039026,231041403,2377
HO2517,chr1,231160775,231163717,2942
HO2518,chr1,231211095,231212706,1611
HO2519,chr1,231240424,231242089,1665
HO2520,chr1,231336911,231338755,1844
HO2521,chr1,231394838,231395947,1109
HO2522,chr1,231420798,231422884,2086
HO2523,chr1,231492507,231494243,1736
HO2524,chr1,231527877,231529055,1178
HO2525,chr1,231625888,231627693,1805
HO2526,chr1,231850312,231851335,1023
HO2527,chr1,231856516,231857317,801
HO2528,chr1,232629116,232630959,1843
HO2529,chr1,232804864,232806166,1302
HO2530,chr1,232950043,232951475,1432
HO2531,chr1,233217474,233218280,806
HO2532,chr1,233294868,233295906,1038
HO2533,chr1,233314814,233316736,1922
HO2534,chr1,233326744,233328874,2130
HO2535,chr1,233613320,233614799,1479
HO2536,chr1,233904347,233906048,1701
HO2537,chr1,234213816,234215346,1530
HO2538,chr1,234372913,234374105,1192
HO2539,chr1,234477897,234479373,1476
HO2540,chr1,234498836,234500205,1369
HO2541,chr1,234522471,234523993,1522
HO2542,chr1,234533100,234535115,2015
HO2543,chr1,234543141,234545393,2252
HO2544,chr1,234599502,234601474,1972
HO2545,chr1,234609312,234611557,2245
HO2546,chr1,234612448,234613117,669
HO2547,chr1,234631143,234632194,1051
HO2548,chr1,234675680,234676678,998
HO2549,chr1,234683460,234684656,1196
HO2550,chr1,234715172,234716163,991
HO2551,chr1,234721407,234722434,1027
HO2552,chr1,234723320,234725070,1750
HO2553,chr1,234750318,234751869,1551
HO2554,chr1,234862432,234863828,1396
HO2555,chr1,234969240,234971453,2213
HO2556,chr1,234986395,234987921,1526
HO2557,chr1,235082877,235084329,1452
HO2558,chr1,235090262,235091154,892
HO2559,chr1,235093019,235094202,1183
HO2560,chr1,235103845,235105413,1568
HO2561,chr1,235127752,235129206,1454
HO2562,chr1,235160506,235161867,1361
HO2563,chr1,235326699,235329462,2763
HO2564,chr1,235366839,235368005,1166
HO2565,chr1,235503356,235505707,2351
HO2566,chr1,235648470,235650887,2417
HO2567,chr1,235865884,235867764,1880
HO2568,chr1,235971350,235972650,1300
HO2569,chr1,236063732,236065584,1852
HO2570,chr1,236141057,236143693,2636
HO2571,chr1,236280835,236282475,1640
HO2572,chr1,236394815,236396013,1198
HO2573,chr1,236506891,236507938,1047
HO2574,chr1,236522956,236525041,2085
HO2575,chr1,236603845,236605122,1277
HO2576,chr1,236685958,236687139,1181
HO2577,chr1,236794664,236796304,1640
HO2578,chr1,236805668,236806597,929
HO2579,chr1,236879866,236880798,932
HO2580,chr1,237041545,237043571,2026
HO2581,chr1,239385906,239388255,2349
HO2582,chr1,239651268,239652285,1017
HO2583,chr1,240091435,240093778,2343
HO2584,chr1,241356215,241357536,1321
HO2585,chr1,241423478,241424735,1257
HO2586,chr1,241518652,241520117,1465
HO2587,chr1,241609771,241611436,1665
HO2588,chr1,241639475,241640798,1323
HO2589,chr1,241653652,241654604,952
HO2590,chr1,241773673,241774639,966
HO2591,chr1,241847403,241848684,1281
HO2592,chr1,241933839,241935281,1442
HO2593,chr1,242523337,242525380,2043
HO2594,chr1,242709850,242710822,972
HO2595,chr1,243254001,243256351,2350
HO2596,chr1,243482055,243483785,1730
HO2597,chr1,243848938,243851331,2393
HO2598,chr1,243916946,243918273,1327
HO2599,chr1,244046928,244050023,3095
HO2600,chr1,244053563,244054209,646
HO2601,chr1,244299089,244299846,757
HO2602,chr1,244450638,244452415,1777
HO2603,chr1,244460705,244461968,1263
HO2604,chr1,244652207,244654076,1869
HO2605,chr1,244672449,244673996,1547
HO2606,chr1,244729472,244731328,1856
HO2607,chr1,244833735,244835991,2256
HO2608,chr1,244862447,244864942,2495
HO2609,chr1,244918356,244919397,1041
HO2610,chr1,244969436,244971492,2056
HO2611,chr1,245153065,245155765,2700
HO2612,chr1,245155931,245157033,1102
HO2613,chr1,245316236,245317821,1585
HO2614,chr1,245364742,245366103,1361
HO2615,chr1,246175905,246176912,1007
HO2616,chr1,246506310,246507661,1351
HO2617,chr1,246565575,246567623,2048
HO2618,chr1,246582472,246584123,1651
HO2619,chr1,246689291,246690028,737
HO2620,chr1,246698781,246699510,729
HO2621,chr1,246723684,246725158,1474
HO2622,chr1,246788754,246790055,1301
HO2623,chr1,246930889,246932467,1578
HO2624,chr1,247007327,247008313,986
HO2625,chr1,247077740,247079072,1332
HO2626,chr1,247103501,247105021,1520
HO2627,chr1,247110666,247112565,1899
HO2628,chr1,247209244,247211109,1865
HO2629,chr1,247330599,247333241,2642
HO2630,chr1,247335581,247336182,601
HO2631,chr1,247337169,247338256,1087
HO2632,chr1,247447876,247448806,930
HO2633,chr1,247639089,247639903,814
HO2634,chr1,247856895,247858048,1153
HO2635,chr1,248825210,248826889,1679
HO2636,chr1,248837526,248839270,1744
HO2637,chr1,248857827,248859904,2077
HO2638,chr1,248862831,248863774,943
HO2639,chr1,248872638,248874579,1941
HO2640,chr1,248889240,248890907,1667
HO2641,chr1,248905657,248907557,1900
HO2642,chr1,248927609,248928681,1072
HO2643,chr10,134304,136552,2248
HO2644,chr10,510602,512008,1406
HO2645,chr10,532827,534341,1514
HO2646,chr10,624329,625704,1375
HO2647,chr10,633192,634514,1322
HO2648,chr10,662744,664495,1751
HO2649,chr10,665348,666420,1072
HO2650,chr10,688195,690535,2340
HO2651,chr10,784397,785374,977
HO2652,chr10,788855,789797,942
HO2653,chr10,930248,932311,2063
HO2654,chr10,987383,988968,1585
HO2655,chr10,1047982,1049994,2012
HO2656,chr10,1055734,1057623,1889
HO2657,chr10,3066891,3069333,2442
HO2658,chr10,3172010,3173645,1635
HO2659,chr10,3196797,3197972,1175
HO2660,chr10,3347071,3347966,895
HO2661,chr10,3398725,3399602,877
HO2662,chr10,3482020,3482923,903
HO2663,chr10,3500150,3501061,911
HO2664,chr10,3691424,3693475,2051
HO2665,chr10,3754775,3756197,1422
HO2666,chr10,3775130,3776500,1370
HO2667,chr10,3782659,3783649,990
HO2668,chr10,3784570,3786204,1634
HO2669,chr10,4240990,4243027,2037
HO2670,chr10,4825487,4826978,1491
HO2671,chr10,4849331,4850230,899
HO2672,chr10,4902112,4903721,1609
HO2673,chr10,4981387,4982585,1198
HO2674,chr10,5412003,5413413,1410
HO2675,chr10,5446204,5446808,604
HO2676,chr10,5622961,5623479,518
HO2677,chr10,5665436,5666892,1456
HO2678,chr10,5684084,5686168,2084
HO2679,chr10,5691986,5693360,1374
HO2680,chr10,5812359,5814254,1895
HO2681,chr10,5840230,5841325,1095
HO2682,chr10,5888602,5890974,2372
HO2683,chr10,5959666,5960894,1228
HO2684,chr10,5961240,5961953,713
HO2685,chr10,5976500,5978338,1838
HO2686,chr10,6088360,6090088,1728
HO2687,chr10,6144256,6146460,2204
HO2688,chr10,6151003,6151943,940
HO2689,chr10,6162552,6165248,2696
HO2690,chr10,6200632,6203826,3194
HO2691,chr10,6203950,6204919,969
HO2692,chr10,6401449,6402506,1057
HO2693,chr10,6579598,6580905,1307
HO2694,chr10,7406870,7409570,2700
HO2695,chr10,7410382,7411848,1466
HO2696,chr10,7487822,7489265,1443
HO2697,chr10,7605282,7606281,999
HO2698,chr10,7665607,7668149,2542
HO2699,chr10,7686434,7687630,1196
HO2700,chr10,7787364,7789189,1825
HO2701,chr10,7817937,7819456,1519
HO2702,chr10,8053234,8054057,823
HO2703,chr10,9824486,9825886,1400
HO2704,chr10,11017268,11018838,1570
HO2705,chr10,11110166,11111456,1290
HO2706,chr10,11164010,11166370,2360
HO2707,chr10,11269553,11270953,1400
HO2708,chr10,11610370,11612813,2443
HO2709,chr10,11712663,11714295,1632
HO2710,chr10,11741727,11743076,1349
HO2711,chr10,11822898,11824144,1246
HO2712,chr10,11868920,11870548,1628
HO2713,chr10,11874441,11876149,1708
HO2714,chr10,11880942,11882362,1420
HO2715,chr10,12041536,12043525,1989
HO2716,chr10,12068381,12069746,1365
HO2717,chr10,12129012,12130608,1596
HO2718,chr10,12194679,12196726,2047
HO2719,chr10,12264011,12264783,772
HO2720,chr10,12348563,12350788,2225
HO2721,chr10,12768066,12769854,1788
HO2722,chr10,12959923,12961891,1968
HO2723,chr10,13000555,13002014,1459
HO2724,chr10,13098975,13101031,2056
HO2725,chr10,13160947,13162229,1282
HO2726,chr10,13268500,13269325,825
HO2727,chr10,13299016,13300292,1276
HO2728,chr10,13301815,13302625,810
HO2729,chr10,13346932,13348962,2030
HO2730,chr10,13349103,13350264,1161
HO2731,chr10,13371547,13372303,756
HO2732,chr10,13439559,13440983,1424
HO2733,chr10,13527889,13529599,1710
HO2734,chr10,13586444,13587759,1315
HO2735,chr10,13706463,13708245,1782
HO2736,chr10,13725208,13726354,1146
HO2737,chr10,13890260,13892409,2149
HO2738,chr10,14173280,14174556,1276
HO2739,chr10,14603381,14605113,1732
HO2740,chr10,14837080,14839171,2091
HO2741,chr10,14877802,14879797,1995
HO2742,chr10,14952938,14954573,1635
HO2743,chr10,14958971,14960336,1365
HO2744,chr10,15083957,15085135,1178
HO2745,chr10,15088298,15089017,719
HO2746,chr10,15096514,15098073,1559
HO2747,chr10,15159428,15160797,1369
HO2748,chr10,15167475,15169373,1898
HO2749,chr10,15253759,15255590,1831
HO2750,chr10,15344335,15345741,1406
HO2751,chr10,15369409,15371617,2208
HO2752,chr10,15450176,15452135,1959
HO2753,chr10,15718241,15720422,2181
HO2754,chr10,15816821,15818190,1369
HO2755,chr10,15859479,15860829,1350
HO2756,chr10,16436272,16437507,1235
HO2757,chr10,16519470,16522025,2555
HO2758,chr10,16816739,16818304,1565
HO2759,chr10,17006377,17008496,2119
HO2760,chr10,17200431,17201898,1467
HO2761,chr10,17228036,17231606,3570
HO2762,chr10,17348109,17349383,1274
HO2763,chr10,17453123,17454914,1791
HO2764,chr10,17616377,17617996,1619
HO2765,chr10,17643251,17644920,1669
HO2766,chr10,17670896,17671699,803
HO2767,chr10,18139935,18141505,1570
HO2768,chr10,18312276,18313466,1190
HO2769,chr10,18627264,18628052,788
HO2770,chr10,18651075,18652121,1046
HO2771,chr10,18658162,18660131,1969
HO2772,chr10,19741838,19742898,1060
HO2773,chr10,19815323,19817971,2648
HO2774,chr10,21172853,21174784,1931
HO2775,chr10,21292367,21293957,1590
HO2776,chr10,21313868,21316448,2580
HO2777,chr10,21368822,21370203,1381
HO2778,chr10,21494166,21495063,897
HO2779,chr10,21495309,21497502,2193
HO2780,chr10,21499906,21500795,889
HO2781,chr10,21509358,21510902,1544
HO2782,chr10,21516123,21519241,3118
HO2783,chr10,21524774,21527596,2822
HO2784,chr10,21533216,21535521,2305
HO2785,chr10,21723986,21725329,1343
HO2786,chr10,21731825,21732533,708
HO2787,chr10,22002263,22004033,1770
HO2788,chr10,22228715,22230994,2279
HO2789,chr10,22251143,22253847,2704
HO2790,chr10,22314955,22317086,2131
HO2791,chr10,22320416,22322188,1772
HO2792,chr10,22325251,22326180,929
HO2793,chr10,22334026,22336824,2798
HO2794,chr10,22340021,22341640,1619
HO2795,chr10,22345073,22345768,695
HO2796,chr10,22436475,22438161,1686
HO2797,chr10,22475687,22478107,2420
HO2798,chr10,22712699,22715135,2436
HO2799,chr10,22911885,22913340,1455
HO2800,chr10,22927438,22928312,874
HO2801,chr10,23094796,23096512,1716
HO2802,chr10,23190925,23193234,2309
HO2803,chr10,23343562,23344885,1323
HO2804,chr10,23438250,23440554,2304
HO2805,chr10,24207095,24210383,3288
HO2806,chr10,24415475,24417484,2009
HO2807,chr10,24722527,24725073,2546
HO2808,chr10,24951426,24953411,1985
HO2809,chr10,25015794,25017524,1730
HO2810,chr10,25080777,25081569,792
HO2811,chr10,25112801,25114098,1297
HO2812,chr10,25174265,25175213,948
HO2813,chr10,25175415,25176988,1573
HO2814,chr10,25681788,25682984,1196
HO2815,chr10,25933673,25935212,1539
HO2816,chr10,26215371,26216806,1435
HO2817,chr10,26566559,26567803,1244
HO2818,chr10,26696785,26698408,1623
HO2819,chr10,26859128,26861426,2298
HO2820,chr10,27099546,27101247,1701
HO2821,chr10,27153769,27156230,2461
HO2822,chr10,27240106,27242439,2333
HO2823,chr10,27242807,27243410,603
HO2824,chr10,27252033,27252989,956
HO2825,chr10,27258418,27259780,1362
HO2826,chr10,27503530,27505321,1791
HO2827,chr10,27741833,27743875,2042
HO2828,chr10,27998027,27999178,1151
HO2829,chr10,28302092,28303451,1359
HO2830,chr10,28531978,28534181,2203
HO2831,chr10,28668293,28669174,881
HO2832,chr10,28676458,28679460,3002
HO2833,chr10,28721595,28722871,1276
HO2834,chr10,29244959,29245898,939
HO2835,chr10,29353059,29354490,1431
HO2836,chr10,29409004,29410356,1352
HO2837,chr10,29534782,29535790,1008
HO2838,chr10,29598450,29599451,1001
HO2839,chr10,29734606,29737256,2650
HO2840,chr10,29740684,29741605,921
HO2841,chr10,29880758,29882299,1541
HO2842,chr10,29885791,29887005,1214
HO2843,chr10,29978651,29980453,1802
HO2844,chr10,29992870,29994121,1251
HO2845,chr10,30013195,30014569,1374
HO2846,chr10,30058060,30059793,1733
HO2847,chr10,30069586,30070659,1073
HO2848,chr10,30141023,30142242,1219
HO2849,chr10,30184037,30185097,1060
HO2850,chr10,30348470,30349617,1147
HO2851,chr10,30392278,30393011,733
HO2852,chr10,30432929,30435131,2202
HO2853,chr10,30583434,30584499,1065
HO2854,chr10,30645098,30645987,889
HO2855,chr10,30783844,30785718,1874
HO2856,chr10,31031204,31032684,1480
HO2857,chr10,31133300,31134916,1616
HO2858,chr10,31318178,31321123,2945
HO2859,chr10,31602457,31604369,1912
HO2860,chr10,31759070,31760734,1664
HO2861,chr10,31927062,31929667,2605
HO2862,chr10,32003876,32005369,1493
HO2863,chr10,32055119,32056690,1571
HO2864,chr10,32332137,32332944,807
HO2865,chr10,32345881,32347722,1841
HO2866,chr10,32377402,32380377,2975
HO2867,chr10,32445574,32447082,1508
HO2868,chr10,32937832,32939109,1277
HO2869,chr10,32957263,32958976,1713
HO2870,chr10,32980043,32981373,1330
HO2871,chr10,33272879,33273935,1056
HO2872,chr10,33334090,33337638,3548
HO2873,chr10,34539167,34540629,1462
HO2874,chr10,34739297,34740632,1335
HO2875,chr10,34780211,34782228,2017
HO2876,chr10,34813752,34816336,2584
HO2877,chr10,35089453,35090874,1421
HO2878,chr10,35126146,35128000,1854
HO2879,chr10,35152910,35154464,1554
HO2880,chr10,35194938,35196389,1451
HO2881,chr10,35329261,35330947,1686
HO2882,chr10,35335637,35337637,2000
HO2883,chr10,35458098,35459342,1244
HO2884,chr10,35544496,35545685,1189
HO2885,chr10,35639991,35642928,2937
HO2886,chr10,35643109,35643959,850
HO2887,chr10,36114586,36115654,1068
HO2888,chr10,36758787,36760159,1372
HO2889,chr10,36778246,36779577,1331
HO2890,chr10,37856750,37858325,1575
HO2891,chr10,37975397,37976997,1600
HO2892,chr10,38010067,38011541,1474
HO2893,chr10,38093567,38095278,1711
HO2894,chr10,38355570,38356910,1340
HO2895,chr10,38402126,38403455,1329
HO2896,chr10,42551851,42553355,1504
HO2897,chr10,42637637,42638949,1312
HO2898,chr10,42644569,42645638,1069
HO2899,chr10,42752917,42755468,2551
HO2900,chr10,42781973,42783502,1529
HO2901,chr10,42865783,42867038,1255
HO2902,chr10,42932633,42934592,1959
HO2903,chr10,42951154,42952688,1534
HO2904,chr10,43104479,43105930,1451
HO2905,chr10,43137237,43139216,1979
HO2906,chr10,43265744,43267262,1518
HO2907,chr10,43322302,43323405,1103
HO2908,chr10,43361596,43362840,1244
HO2909,chr10,43389941,43391090,1149
HO2910,chr10,43395642,43397602,1960
HO2911,chr10,43407095,43410033,2938
HO2912,chr10,43420076,43421280,1204
HO2913,chr10,43436100,43437587,1487
HO2914,chr10,43454719,43456149,1430
HO2915,chr10,43573306,43574788,1482
HO2916,chr10,43605933,43607131,1198
HO2917,chr10,43648087,43649462,1375
HO2918,chr10,43688929,43690801,1872
HO2919,chr10,44310663,44311962,1299
HO2920,chr10,44383688,44385678,1990
HO2921,chr10,44863831,44865514,1683
HO2922,chr10,44878497,44879755,1258
HO2923,chr10,44932402,44933115,713
HO2924,chr10,44935242,44935994,752
HO2925,chr10,44958882,44960098,1216
HO2926,chr10,44974402,44975306,904
HO2927,chr10,44978429,44979210,781
HO2928,chr10,44981199,44981723,524
HO2929,chr10,44986117,44987164,1047
HO2930,chr10,45000224,45001861,1637
HO2931,chr10,45008172,45008983,811
HO2932,chr10,45373077,45374882,1805
HO2933,chr10,45418357,45419987,1630
HO2934,chr10,45432834,45434593,1759
HO2935,chr10,45593881,45595156,1275
HO2936,chr10,45671867,45673612,1745
HO2937,chr10,45726603,45727525,922
HO2938,chr10,45971529,45972964,1435
HO2939,chr10,46022974,46023765,791
HO2940,chr10,46029882,46030860,978
HO2941,chr10,46094548,46095700,1152
HO2942,chr10,46105555,46107080,1525
HO2943,chr10,46228144,46228982,838
HO2944,chr10,46282404,46283322,918
HO2945,chr10,46284046,46285153,1107
HO2946,chr10,46291664,46293087,1423
HO2947,chr10,46441715,46443063,1348
HO2948,chr10,46523171,46525220,2049
HO2949,chr10,46555406,46557195,1789
HO2950,chr10,46786371,46787526,1155
HO2951,chr10,47299812,47301030,1218
HO2952,chr10,47311265,47312464,1199
HO2953,chr10,47383729,47384952,1223
HO2954,chr10,47455891,47457374,1483
HO2955,chr10,47552628,47553690,1062
HO2956,chr10,48226236,48227743,1507
HO2957,chr10,48287276,48288615,1339
HO2958,chr10,48305787,48307526,1739
HO2959,chr10,48444241,48445701,1460
HO2960,chr10,48453838,48455045,1207
HO2961,chr10,48463271,48464382,1111
HO2962,chr10,48464838,48465776,938
HO2963,chr10,48523066,48524595,1529
HO2964,chr10,48545081,48546181,1100
HO2965,chr10,48604525,48605509,984
HO2966,chr10,48655269,48656762,1493
HO2967,chr10,49106321,49107165,844
HO2968,chr10,49114703,49115761,1058
HO2969,chr10,49397143,49398647,1504
HO2970,chr10,49538401,49539923,1522
HO2971,chr10,49761489,49762564,1075
HO2972,chr10,49941277,49942607,1330
HO2973,chr10,50067267,50068226,959
HO2974,chr10,50417526,50418658,1132
HO2975,chr10,50506465,50507677,1212
HO2976,chr10,50538517,50539440,923
HO2977,chr10,50550026,50550882,856
HO2978,chr10,50560904,50562031,1127
HO2979,chr10,50575936,50576812,876
HO2980,chr10,50577446,50578455,1009
HO2981,chr10,50621790,50625546,3756
HO2982,chr10,50739285,50740620,1335
HO2983,chr10,50990458,50992837,2379
HO2984,chr10,51073467,51075172,1705
HO2985,chr10,51698623,51700709,2086
HO2986,chr10,52308179,52309012,833
HO2987,chr10,55410231,55411011,780
HO2988,chr10,55517756,55519120,1364
HO2989,chr10,55627364,55628796,1432
HO2990,chr10,55629702,55631774,2072
HO2991,chr10,56360662,56362046,1384
HO2992,chr10,58266828,58269839,3011
HO2993,chr10,58334564,58335922,1358
HO2994,chr10,58384524,58386082,1558
HO2995,chr10,58511601,58513982,2381
HO2996,chr10,59361746,59363417,1671
HO2997,chr10,59708720,59710515,1795
HO2998,chr10,59904967,59907159,2192
HO2999,chr10,60139441,60141579,2138
HO3000,chr10,60732287,60733693,1406
HO3001,chr10,60777915,60779141,1226
HO3002,chr10,60942519,60944926,2407
HO3003,chr10,61000724,61001922,1198
HO3004,chr10,61452013,61453907,1894
HO3005,chr10,61456238,61456890,652
HO3006,chr10,61662440,61663741,1301
HO3007,chr10,61835611,61838366,2755
HO3008,chr10,61867200,61868447,1247
HO3009,chr10,61896815,61898082,1267
HO3010,chr10,61902013,61902714,701
HO3011,chr10,61902810,61904156,1346
HO3012,chr10,61992546,61994411,1865
HO3013,chr10,62048238,62049869,1631
HO3014,chr10,62050362,62051415,1053
HO3015,chr10,62055763,62057262,1499
HO3016,chr10,62268026,62269302,1276
HO3017,chr10,62373547,62374897,1350
HO3018,chr10,62803325,62806106,2781
HO3019,chr10,62814869,62815552,683
HO3020,chr10,62815651,62818323,2672
HO3021,chr10,63132713,63134029,1316
HO3022,chr10,63165618,63167168,1550
HO3023,chr10,63206507,63207857,1350
HO3024,chr10,63267452,63268085,633
HO3025,chr10,63268670,63269465,795
HO3026,chr10,63464480,63466520,2040
HO3027,chr10,63520660,63522553,1893
HO3028,chr10,63628520,63631037,2517
HO3029,chr10,64040832,64042206,1374
HO3030,chr10,65570013,65571517,1504
HO3031,chr10,67763306,67765065,1759
HO3032,chr10,67849184,67850243,1059
HO3033,chr10,67883951,67886171,2220
HO3034,chr10,68073998,68075577,1579
HO3035,chr10,68153455,68154480,1025
HO3036,chr10,68172930,68173756,826
HO3037,chr10,68230557,68232283,1726
HO3038,chr10,68330895,68333069,2174
HO3039,chr10,68406100,68407666,1566
HO3040,chr10,68471321,68472327,1006
HO3041,chr10,68526649,68527899,1250
HO3042,chr10,68559896,68562272,2376
HO3043,chr10,68598975,68600793,1818
HO3044,chr10,68720551,68721919,1368
HO3045,chr10,68826660,68827667,1007
HO3046,chr10,68900473,68901850,1377
HO3047,chr10,68955431,68957340,1909
HO3048,chr10,68988105,68989585,1480
HO3049,chr10,69123269,69125101,1832
HO3050,chr10,69179338,69181077,1739
HO3051,chr10,69232330,69233629,1299
HO3052,chr10,69277976,69279072,1096
HO3053,chr10,69317802,69319698,1896
HO3054,chr10,69375127,69376249,1122
HO3055,chr10,69392165,69392877,712
HO3056,chr10,69408237,69409285,1048
HO3057,chr10,69450759,69452141,1382
HO3058,chr10,69494315,69495284,969
HO3059,chr10,69507109,69508207,1098
HO3060,chr10,69629657,69630771,1114
HO3061,chr10,69801134,69803158,2024
HO3062,chr10,69866212,69867452,1240
HO3063,chr10,69917939,69918706,767
HO3064,chr10,70051692,70054384,2692
HO3065,chr10,70131774,70133386,1612
HO3066,chr10,70145316,70147448,2132
HO3067,chr10,70169628,70170994,1366
HO3068,chr10,70232128,70233983,1855
HO3069,chr10,70254930,70256462,1532
HO3070,chr10,70257670,70258317,647
HO3071,chr10,70363688,70364867,1179
HO3072,chr10,70381449,70383058,1609
HO3073,chr10,70403560,70405848,2288
HO3074,chr10,70431797,70433153,1356
HO3075,chr10,70440050,70442140,2090
HO3076,chr10,70458167,70459440,1273
HO3077,chr10,70477686,70479528,1842
HO3078,chr10,70480067,70480841,774
HO3079,chr10,70558428,70559782,1354
HO3080,chr10,70573067,70574249,1182
HO3081,chr10,70671931,70674134,2203
HO3082,chr10,70815481,70816905,1424
HO3083,chr10,70887358,70888810,1452
HO3084,chr10,71044745,71046245,1500
HO3085,chr10,71058777,71060256,1479
HO3086,chr10,71208944,71209342,398
HO3087,chr10,71211964,71214214,2250
HO3088,chr10,71216953,71218230,1277
HO3089,chr10,71229256,71230745,1489
HO3090,chr10,71260006,71261092,1086
HO3091,chr10,71262944,71263916,972
HO3092,chr10,71268396,71269189,793
HO3093,chr10,71269439,71270620,1181
HO3094,chr10,71312731,71314652,1921
HO3095,chr10,71318696,71319999,1303
HO3096,chr10,71376908,71377889,981
HO3097,chr10,71379235,71380295,1060
HO3098,chr10,71396050,71398202,2152
HO3099,chr10,71472069,71472825,756
HO3100,chr10,71474977,71475956,979
HO3101,chr10,71526673,71527683,1010
HO3102,chr10,71712625,71714023,1398
HO3103,chr10,71748590,71749272,682
HO3104,chr10,71771227,71772471,1244
HO3105,chr10,71772849,71774134,1285
HO3106,chr10,71839797,71840845,1048
HO3107,chr10,71850471,71851603,1132
HO3108,chr10,71860037,71861200,1163
HO3109,chr10,71888551,71889665,1114
HO3110,chr10,71963004,71965494,2490
HO3111,chr10,71980800,71981897,1097
HO3112,chr10,71986477,71987480,1003
HO3113,chr10,71997929,72000163,2234
HO3114,chr10,72030370,72031469,1099
HO3115,chr10,72037543,72039689,2146
HO3116,chr10,72044311,72045084,773
HO3117,chr10,72048333,72048902,569
HO3118,chr10,72065363,72065977,614
HO3119,chr10,72068318,72069520,1202
HO3120,chr10,72086249,72089141,2892
HO3121,chr10,72204475,72205298,823
HO3122,chr10,72215396,72216588,1192
HO3123,chr10,72243625,72245277,1652
HO3124,chr10,72254473,72255535,1062
HO3125,chr10,72260162,72261699,1537
HO3126,chr10,72272641,72275001,2360
HO3127,chr10,72276505,72277012,507
HO3128,chr10,72297119,72298500,1381
HO3129,chr10,72314833,72316048,1215
HO3130,chr10,72319356,72320489,1133
HO3131,chr10,72328005,72328668,663
HO3132,chr10,72331367,72332516,1149
HO3133,chr10,72334162,72335847,1685
HO3134,chr10,72336277,72337419,1142
HO3135,chr10,72353656,72355466,1810
HO3136,chr10,72363848,72364697,849
HO3137,chr10,72424601,72425964,1363
HO3138,chr10,72625305,72626570,1265
HO3139,chr10,72691518,72693483,1965
HO3140,chr10,73095236,73097304,2068
HO3141,chr10,73109979,73111214,1235
HO3142,chr10,73167471,73168730,1259
HO3143,chr10,73246441,73247549,1108
HO3144,chr10,73251791,73253430,1639
HO3145,chr10,73358067,73359016,949
HO3146,chr10,73412953,73414473,1520
HO3147,chr10,73494829,73496264,1435
HO3148,chr10,73552799,73554239,1440
HO3149,chr10,73591067,73592370,1303
HO3150,chr10,73624976,73626504,1528
HO3151,chr10,73647048,73648636,1588
HO3152,chr10,73729721,73730894,1173
HO3153,chr10,73743615,73744930,1315
HO3154,chr10,73771701,73773370,1669
HO3155,chr10,73781637,73782371,734
HO3156,chr10,73784948,73786431,1483
HO3157,chr10,73810704,73812224,1520
HO3158,chr10,73873631,73875315,1684
HO3159,chr10,73879436,73880213,777
HO3160,chr10,73885937,73886825,888
HO3161,chr10,73906429,73907388,959
HO3162,chr10,73910434,73911764,1330
HO3163,chr10,73940422,73941640,1218
HO3164,chr10,73956275,73957646,1371
HO3165,chr10,73978751,73981333,2582
HO3166,chr10,73997419,74000087,2668
HO3167,chr10,74055698,74057113,1415
HO3168,chr10,74150208,74151796,1588
HO3169,chr10,74175934,74177377,1443
HO3170,chr10,74274845,74276523,1678
HO3171,chr10,74588871,74589787,916
HO3172,chr10,74824644,74827242,2598
HO3173,chr10,75099667,75101176,1509
HO3174,chr10,75110948,75112463,1515
HO3175,chr10,75209634,75211651,2017
HO3176,chr10,75224966,75226087,1121
HO3177,chr10,75233549,75236237,2688
HO3178,chr10,75283018,75284685,1667
HO3179,chr10,75294050,75296285,2235
HO3180,chr10,75399855,75400143,288
HO3181,chr10,75401183,75403009,1826
HO3182,chr10,75407644,75408741,1097
HO3183,chr10,75408976,75409854,878
HO3184,chr10,75430002,75432026,2024
HO3185,chr10,76034394,76036747,2353
HO3186,chr10,77293537,77294808,1271
HO3187,chr10,77422431,77423659,1228
HO3188,chr10,77636728,77638803,2075
HO3189,chr10,77663221,77664640,1419
HO3190,chr10,77710849,77711771,922
HO3191,chr10,77837346,77839139,1793
HO3192,chr10,77846460,77847526,1066
HO3193,chr10,77925342,77927667,2325
HO3194,chr10,78028620,78029994,1374
HO3195,chr10,78033378,78034357,979
HO3196,chr10,78047114,78048083,969
HO3197,chr10,78176694,78179388,2694
HO3198,chr10,78203718,78204821,1103
HO3199,chr10,78302179,78303897,1718
HO3200,chr10,78406533,78407889,1356
HO3201,chr10,78458885,78459937,1052
HO3202,chr10,78470622,78472828,2206
HO3203,chr10,78744202,78745725,1523
HO3204,chr10,78818810,78820491,1681
HO3205,chr10,78959463,78960911,1448
HO3206,chr10,78964606,78965587,981
HO3207,chr10,78972262,78974982,2720
HO3208,chr10,78977257,78978430,1173
HO3209,chr10,79003036,79004160,1124
HO3210,chr10,79013486,79015163,1677
HO3211,chr10,79066812,79071437,4625
HO3212,chr10,79101409,79102775,1366
HO3213,chr10,79148080,79149385,1305
HO3214,chr10,79157207,79158227,1020
HO3215,chr10,79178226,79179107,881
HO3216,chr10,79184721,79185922,1201
HO3217,chr10,79194924,79195797,873
HO3218,chr10,79220315,79222203,1888
HO3219,chr10,79222298,79224107,1809
HO3220,chr10,79242064,79243961,1897
HO3221,chr10,79245911,79246517,606
HO3222,chr10,79260828,79262122,1294
HO3223,chr10,79285826,79287025,1199
HO3224,chr10,79331465,79332143,678
HO3225,chr10,79335133,79337116,1983
HO3226,chr10,79346850,79348532,1682
HO3227,chr10,79349394,79350337,943
HO3228,chr10,79381546,79382400,854
HO3229,chr10,79399051,79399962,911
HO3230,chr10,79403357,79404610,1253
HO3231,chr10,79444061,79446919,2858
HO3232,chr10,79561940,79563009,1069
HO3233,chr10,79825442,79827187,1745
HO3234,chr10,79904275,79905606,1331
HO3235,chr10,79981367,79982620,1253
HO3236,chr10,80078144,80079489,1345
HO3237,chr10,80204321,80206003,1682
HO3238,chr10,80356071,80357722,1651
HO3239,chr10,80372436,80373349,913
HO3240,chr10,80407623,80409355,1732
HO3241,chr10,80411457,80412111,654
HO3242,chr10,80415871,80417806,1935
HO3243,chr10,80444304,80445049,745
HO3244,chr10,80453326,80455515,2189
HO3245,chr10,80464406,80465764,1358
HO3246,chr10,80535569,80536535,966
HO3247,chr10,80662477,80663291,814
HO3248,chr10,80686021,80687671,1650
HO3249,chr10,80699310,80700067,757
HO3250,chr10,81874056,81875693,1637
HO3251,chr10,83545402,83546583,1181
HO3252,chr10,84138827,84140315,1488
HO3253,chr10,84194103,84195695,1592
HO3254,chr10,84327936,84329546,1610
HO3255,chr10,86017828,86018829,1001
HO3256,chr10,86362916,86363875,959
HO3257,chr10,86365634,86367611,1977
HO3258,chr10,86376686,86377625,939
HO3259,chr10,86399640,86401892,2252
HO3260,chr10,86520718,86522436,1718
HO3261,chr10,86584941,86587099,2158
HO3262,chr10,86631700,86633267,1567
HO3263,chr10,86661318,86662081,763
HO3264,chr10,86664236,86665240,1004
HO3265,chr10,86672155,86672925,770
HO3266,chr10,86710669,86712453,1784
HO3267,chr10,86755417,86757685,2268
HO3268,chr10,86939024,86939973,949
HO3269,chr10,86953678,86955817,2139
HO3270,chr10,86966380,86966892,512
HO3271,chr10,86969802,86972037,2235
HO3272,chr10,87093870,87095852,1982
HO3273,chr10,87203127,87204402,1275
HO3274,chr10,87342119,87343287,1168
HO3275,chr10,87504181,87505937,1756
HO3276,chr10,87659303,87660546,1243
HO3277,chr10,87817560,87819159,1599
HO3278,chr10,87861552,87864455,2903
HO3279,chr10,88243337,88244561,1224
HO3280,chr10,88582161,88583587,1426
HO3281,chr10,88879638,88881158,1520
HO3282,chr10,88989697,88991948,2251
HO3283,chr10,89206153,89208453,2300
HO3284,chr10,89250968,89252222,1254
HO3285,chr10,89373791,89375156,1365
HO3286,chr10,89391715,89393476,1761
HO3287,chr10,89413977,89415503,1526
HO3288,chr10,89643466,89645854,2388
HO3289,chr10,89700834,89701940,1106
HO3290,chr10,89836732,89838555,1823
HO3291,chr10,90857074,90858677,1603
HO3292,chr10,90871197,90872864,1667
HO3293,chr10,91162165,91164434,2269
HO3294,chr10,91219967,91221542,1575
HO3295,chr10,91297920,91298976,1056
HO3296,chr10,91409120,91411318,2198
HO3297,chr10,91607498,91609465,1967
HO3298,chr10,91632515,91633676,1161
HO3299,chr10,91680974,91682490,1516
HO3300,chr10,91797787,91799521,1734
HO3301,chr10,91887018,91887965,947
HO3302,chr10,91907930,91909641,1711
HO3303,chr10,91923189,91924880,1691
HO3304,chr10,92087519,92088363,844
HO3305,chr10,92238003,92241319,3316
HO3306,chr10,92290143,92292365,2222
HO3307,chr10,92573011,92574943,1932
HO3308,chr10,92590663,92593574,2911
HO3309,chr10,92688853,92691941,3088
HO3310,chr10,92848001,92849677,1676
HO3311,chr10,93061719,93063097,1378
HO3312,chr10,93071679,93072617,938
HO3313,chr10,93073525,93075394,1869
HO3314,chr10,93243721,93244445,724
HO3315,chr10,93244981,93246224,1243
HO3316,chr10,93436471,93439177,2706
HO3317,chr10,93481354,93483204,1850
HO3318,chr10,93495494,93496896,1402
HO3319,chr10,93600321,93601661,1340
HO3320,chr10,93701675,93703453,1778
HO3321,chr10,93893463,93895094,1631
HO3322,chr10,93991521,93992203,682
HO3323,chr10,93993269,93994606,1337
HO3324,chr10,94101904,94102888,984
HO3325,chr10,94209842,94211387,1545
HO3326,chr10,94362042,94363218,1176
HO3327,chr10,94402013,94404094,2081
HO3328,chr10,94489851,94491116,1265
HO3329,chr10,94544772,94546537,1765
HO3330,chr10,95183044,95184192,1148
HO3331,chr10,95230165,95231273,1108
HO3332,chr10,95290212,95291393,1181
HO3333,chr10,95346757,95347564,807
HO3334,chr10,95559467,95561750,2283
HO3335,chr10,95655612,95657093,1481
HO3336,chr10,95692983,95694346,1363
HO3337,chr10,95906801,95908313,1512
HO3338,chr10,96042956,96045197,2241
HO3339,chr10,96089296,96090835,1539
HO3340,chr10,96129482,96130883,1401
HO3341,chr10,96374648,96375691,1043
HO3342,chr10,96512496,96514543,2047
HO3343,chr10,96585927,96587755,1828
HO3344,chr10,96618323,96620169,1846
HO3345,chr10,96719682,96721109,1427
HO3346,chr10,96831671,96833991,2320
HO3347,chr10,97037191,97038242,1051
HO3348,chr10,97185171,97186388,1217
HO3349,chr10,97195588,97197317,1729
HO3350,chr10,97278322,97279640,1318
HO3351,chr10,97291670,97292995,1325
HO3352,chr10,97318482,97320684,2202
HO3353,chr10,97320874,97321634,760
HO3354,chr10,97332718,97335223,2505
HO3355,chr10,97400046,97401658,1612
HO3356,chr10,97407010,97407789,779
HO3357,chr10,97425494,97426910,1416
HO3358,chr10,97445332,97446693,1361
HO3359,chr10,97475612,97477108,1496
HO3360,chr10,97497645,97499773,2128
HO3361,chr10,97549205,97550638,1433
HO3362,chr10,97632734,97634227,1493
HO3363,chr10,97640117,97641764,1647
HO3364,chr10,97686577,97688025,1448
HO3365,chr10,97713125,97715256,2131
HO3366,chr10,97736559,97737981,1422
HO3367,chr10,97742781,97743832,1051
HO3368,chr10,97770914,97772510,1596
HO3369,chr10,97849283,97850725,1442
HO3370,chr10,97869025,97869869,844
HO3371,chr10,97921353,97922447,1094
HO3372,chr10,98029586,98031420,1834
HO3373,chr10,98134032,98135444,1412
HO3374,chr10,98144537,98145585,1048
HO3375,chr10,98252240,98253308,1068
HO3376,chr10,98265553,98266911,1358
HO3377,chr10,98267494,98268945,1451
HO3378,chr10,98308321,98309969,1648
HO3379,chr10,98414334,98416237,1903
HO3380,chr10,98445442,98447159,1717
HO3381,chr10,98460488,98461610,1122
HO3382,chr10,98466851,98468385,1534
HO3383,chr10,99328899,99330793,1894
HO3384,chr10,99357309,99358762,1453
HO3385,chr10,99430165,99431603,1438
HO3386,chr10,99534845,99536215,1370
HO3387,chr10,99619646,99621728,2082
HO3388,chr10,99658481,99660122,1641
HO3389,chr10,99731617,99732954,1337
HO3390,chr10,99845557,99846429,872
HO3391,chr10,100008827,100010672,1845
HO3392,chr10,100184846,100186692,1846
HO3393,chr10,100228673,100229920,1247
HO3394,chr10,100266950,100268184,1234
HO3395,chr10,100285675,100287052,1377
HO3396,chr10,100346075,100348054,1979
HO3397,chr10,100350612,100351466,854
HO3398,chr10,100358639,100360177,1538
HO3399,chr10,100372819,100374416,1597
HO3400,chr10,100433383,100434192,809
HO3401,chr10,100481333,100482931,1598
HO3402,chr10,100518641,100520226,1585
HO3403,chr10,100528725,100530289,1564
HO3404,chr10,100535299,100536280,981
HO3405,chr10,100561716,100563320,1604
HO3406,chr10,100680578,100681528,950
HO3407,chr10,100696322,100697633,1311
HO3408,chr10,100709656,100710590,934
HO3409,chr10,100728978,100731408,2430
HO3410,chr10,100790486,100791820,1334
HO3411,chr10,100826627,100828593,1966
HO3412,chr10,100878258,100878792,534
HO3413,chr10,100909353,100910528,1175
HO3414,chr10,100912035,100913560,1525
HO3415,chr10,100968891,100970665,1774
HO3416,chr10,100986693,100987847,1154
HO3417,chr10,100996899,101000418,3519
HO3418,chr10,101008278,101009186,908
HO3419,chr10,101012620,101013418,798
HO3420,chr10,101018074,101019471,1397
HO3421,chr10,101030726,101033215,2489
HO3422,chr10,101039910,101040508,598
HO3423,chr10,101041008,101041528,520
HO3424,chr10,101042176,101043663,1487
HO3425,chr10,101060429,101062039,1610
HO3426,chr10,101062269,101062944,675
HO3427,chr10,101066129,101066931,802
HO3428,chr10,101067150,101068130,980
HO3429,chr10,101141946,101142572,626
HO3430,chr10,101161531,101162328,797
HO3431,chr10,101213458,101214266,808
HO3432,chr10,101291254,101293581,2327
HO3433,chr10,101295086,101295649,563
HO3434,chr10,101353296,101354938,1642
HO3435,chr10,101569331,101571289,1958
HO3436,chr10,101587549,101588622,1073
HO3437,chr10,101602482,101603170,688
HO3438,chr10,101616460,101618355,1895
HO3439,chr10,101693643,101695499,1856
HO3440,chr10,101779609,101780200,591
HO3441,chr10,101782867,101783754,887
HO3442,chr10,101817254,101819226,1972
HO3443,chr10,101829154,101831256,2102
HO3444,chr10,101840485,101841487,1002
HO3445,chr10,101961168,101962339,1171
HO3446,chr10,102055263,102056472,1209
HO3447,chr10,102064805,102066189,1384
HO3448,chr10,102113919,102115401,1482
HO3449,chr10,102117343,102118071,728
HO3450,chr10,102118881,102122266,3385
HO3451,chr10,102132327,102134107,1780
HO3452,chr10,102151421,102152862,1441
HO3453,chr10,102169218,102169966,748
HO3454,chr10,102225544,102226484,940
HO3455,chr10,102229703,102232091,2388
HO3456,chr10,102240505,102242044,1539
HO3457,chr10,102244862,102245991,1129
HO3458,chr10,102393681,102395871,2190
HO3459,chr10,102399176,102399827,651
HO3460,chr10,102403786,102404075,289
HO3461,chr10,102408505,102409779,1274
HO3462,chr10,102419427,102422333,2906
HO3463,chr10,102422653,102422978,325
HO3464,chr10,102431684,102432913,1229
HO3465,chr10,102449391,102451565,2174
HO3466,chr10,102460787,102462114,1327
HO3467,chr10,102478610,102479504,894
HO3468,chr10,102501615,102503139,1524
HO3469,chr10,102503435,102504221,786
HO3470,chr10,102619373,102621176,1803
HO3471,chr10,102627314,102628841,1527
HO3472,chr10,102632170,102633178,1008
HO3473,chr10,102633286,102634223,937
HO3474,chr10,102641824,102644556,2732
HO3475,chr10,102644835,102645362,527
HO3476,chr10,102645453,102646850,1397
HO3477,chr10,102660289,102661851,1562
HO3478,chr10,102670647,102671329,682
HO3479,chr10,102673830,102674860,1030
HO3480,chr10,102678581,102679331,750
HO3481,chr10,102696968,102698406,1438
HO3482,chr10,102713333,102715154,1821
HO3483,chr10,102728778,102729639,861
HO3484,chr10,102743338,102744887,1549
HO3485,chr10,102774997,102777473,2476
HO3486,chr10,102795740,102797446,1706
HO3487,chr10,102853843,102854792,949
HO3488,chr10,102868836,102870186,1350
HO3489,chr10,102917238,102919617,2379
HO3490,chr10,103053352,103054606,1254
HO3491,chr10,103192141,103193589,1448
HO3492,chr10,103196863,103197461,598
HO3493,chr10,103230839,103231667,828
HO3494,chr10,103276454,103278038,1584
HO3495,chr10,103350148,103351433,1285
HO3496,chr10,103367422,103368892,1470
HO3497,chr10,103395674,103397295,1621
HO3498,chr10,103441685,103442543,858
HO3499,chr10,103450860,103452869,2009
HO3500,chr10,103493183,103494886,1703
HO3501,chr10,103499811,103500798,987
HO3502,chr10,103503940,103505201,1261
HO3503,chr10,103554377,103555717,1340
HO3504,chr10,103583990,103585286,1296
HO3505,chr10,103617987,103619317,1330
HO3506,chr10,103637634,103638600,966
HO3507,chr10,103659754,103662049,2295
HO3508,chr10,103676750,103678797,2047
HO3509,chr10,103691812,103693658,1846
HO3510,chr10,103707586,103708782,1196
HO3511,chr10,103771820,103772895,1075
HO3512,chr10,103854115,103856030,1915
HO3513,chr10,103888021,103888911,890
HO3514,chr10,103917363,103918769,1406
HO3515,chr10,103920266,103920942,676
HO3516,chr10,103966226,103968187,1961
HO3517,chr10,104028013,104029884,1871
HO3518,chr10,104066566,104068146,1580
HO3519,chr10,104120636,104122502,1866
HO3520,chr10,104231497,104232845,1348
HO3521,chr10,104254178,104255974,1796
HO3522,chr10,104268333,104269604,1271
HO3523,chr10,104274485,104275643,1158
HO3524,chr10,104291037,104291806,769
HO3525,chr10,104304595,104306089,1494
HO3526,chr10,104327558,104329656,2098
HO3527,chr10,104337321,104339040,1719
HO3528,chr10,104339159,104340464,1305
HO3529,chr10,104342797,104343445,648
HO3530,chr10,104353054,104354059,1005
HO3531,chr10,104640058,104643045,2987
HO3532,chr10,106512880,106514513,1633
HO3533,chr10,107163917,107165272,1355
HO3534,chr10,108465796,108466805,1009
HO3535,chr10,108911535,108912705,1170
HO3536,chr10,109883953,109884862,909
HO3537,chr10,109922476,109923908,1432
HO3538,chr10,110006703,110009007,2304
HO3539,chr10,110076466,110077757,1291
HO3540,chr10,110207377,110208852,1475
HO3541,chr10,110209041,110211510,2469
HO3542,chr10,110221499,110222127,628
HO3543,chr10,110225540,110227667,2127
HO3544,chr10,110269138,110270557,1419
HO3545,chr10,110304218,110305465,1247
HO3546,chr10,110496137,110498654,2517
HO3547,chr10,110566656,110568616,1960
HO3548,chr10,110642965,110644727,1762
HO3549,chr10,110671854,110672825,971
HO3550,chr10,110870758,110873000,2242
HO3551,chr10,110918223,110920500,2277
HO3552,chr10,111075840,111077355,1515
HO3553,chr10,111359908,111361386,1478
HO3554,chr10,112182936,112184221,1285
HO3555,chr10,112446071,112447681,1610
HO3556,chr10,112949545,112950394,849
HO3557,chr10,112950737,112952662,1925
HO3558,chr10,113057967,113061115,3148
HO3559,chr10,113126120,113127605,1485
HO3560,chr10,113678826,113680636,1810
HO3561,chr10,113853678,113855972,2294
HO3562,chr10,114042770,114044805,2035
HO3563,chr10,114172835,114174969,2134
HO3564,chr10,114239028,114240211,1183
HO3565,chr10,114303759,114305348,1589
HO3566,chr10,114402860,114405126,2266
HO3567,chr10,114489398,114490256,858
HO3568,chr10,114526119,114527293,1174
HO3569,chr10,114631383,114632446,1063
HO3570,chr10,114634427,114635373,946
HO3571,chr10,114767306,114768876,1570
HO3572,chr10,114821309,114823069,1760
HO3573,chr10,114880393,114882206,1813
HO3574,chr10,114911135,114912720,1585
HO3575,chr10,114937662,114938808,1146
HO3576,chr10,115092362,115094349,1987
HO3577,chr10,116271988,116274823,2835
HO3578,chr10,116608133,116610131,1998
HO3579,chr10,116627108,116628006,898
HO3580,chr10,116665427,116666178,751
HO3581,chr10,116669085,116670571,1486
HO3582,chr10,116681996,116682694,698
HO3583,chr10,116740991,116743384,2393
HO3584,chr10,116848650,116850358,1708
HO3585,chr10,116961095,116962309,1214
HO3586,chr10,117004286,117005990,1704
HO3587,chr10,117167770,117168627,857
HO3588,chr10,117174458,117176230,1772
HO3589,chr10,117216295,117217349,1054
HO3590,chr10,117373835,117376305,2470
HO3591,chr10,118045854,118047515,1661
HO3592,chr10,118341573,118342936,1363
HO3593,chr10,118594252,118594853,601
HO3594,chr10,118753789,118755641,1852
HO3595,chr10,119028751,119030873,2122
HO3596,chr10,119079549,119081490,1941
HO3597,chr10,119103491,119104998,1507
HO3598,chr10,119164630,119166184,1554
HO3599,chr10,119177762,119179087,1325
HO3600,chr10,119206199,119208491,2292
HO3601,chr10,119215500,119216451,951
HO3602,chr10,119250556,119252352,1796
HO3603,chr10,119335649,119337057,1408
HO3604,chr10,119412085,119414617,2532
HO3605,chr10,119542116,119543729,1613
HO3606,chr10,119595691,119597448,1757
HO3607,chr10,119650751,119652737,1986
HO3608,chr10,119667436,119668691,1255
HO3609,chr10,119724585,119726723,2138
HO3610,chr10,119817899,119819706,1807
HO3611,chr10,119871629,119873689,2060
HO3612,chr10,119891928,119893405,1477
HO3613,chr10,120456163,120457943,1780
HO3614,chr10,120850582,120852019,1437
HO3615,chr10,120942656,120943389,733
HO3616,chr10,120948871,120950458,1587
HO3617,chr10,121595705,121598890,3185
HO3618,chr10,121926693,121928737,2044
HO3619,chr10,121974155,121975520,1365
HO3620,chr10,122112312,122114467,2155
HO3621,chr10,122162762,122164609,1847
HO3622,chr10,122172082,122172924,842
HO3623,chr10,122175039,122175532,493
HO3624,chr10,122373713,122375735,2022
HO3625,chr10,122460786,122463151,2365
HO3626,chr10,122709582,122711370,1788
HO3627,chr10,122878917,122880305,1388
HO3628,chr10,122953269,122954694,1425
HO3629,chr10,122979645,122981420,1775
HO3630,chr10,122991605,122992580,975
HO3631,chr10,123007484,123009739,2255
HO3632,chr10,123132698,123133510,812
HO3633,chr10,123139421,123140119,698
HO3634,chr10,123153824,123155182,1358
HO3635,chr10,123512679,123514177,1498
HO3636,chr10,123994197,123995096,899
HO3637,chr10,124091572,124094711,3139
HO3638,chr10,124388531,124389580,1049
HO3639,chr10,124417914,124419491,1577
HO3640,chr10,124448766,124450495,1729
HO3641,chr10,124461355,124462379,1024
HO3642,chr10,124465543,124466427,884
HO3643,chr10,124520975,124522205,1230
HO3644,chr10,124529768,124530494,726
HO3645,chr10,124565371,124566254,883
HO3646,chr10,124588626,124590346,1720
HO3647,chr10,124648480,124649684,1204
HO3648,chr10,124686013,124687591,1578
HO3649,chr10,124701059,124702666,1607
HO3650,chr10,124703426,124704174,748
HO3651,chr10,124717626,124718855,1229
HO3652,chr10,124723995,124725107,1112
HO3653,chr10,124735965,124736996,1031
HO3654,chr10,124739993,124741626,1633
HO3655,chr10,124742449,124744955,2506
HO3656,chr10,124790997,124792672,1675
HO3657,chr10,124801261,124802750,1489
HO3658,chr10,124916138,124918340,2202
HO3659,chr10,125000420,125002146,1726
HO3660,chr10,125047899,125048877,978
HO3661,chr10,125060054,125061478,1424
HO3662,chr10,125123333,125124424,1091
HO3663,chr10,125158549,125162588,4039
HO3664,chr10,125718666,125720034,1368
HO3665,chr10,125724306,125725466,1160
HO3666,chr10,125822541,125823825,1284
HO3667,chr10,125843487,125845313,1826
HO3668,chr10,125895186,125897174,1988
HO3669,chr10,126386644,126388879,2235
HO3670,chr10,126904633,126906623,1990
HO3671,chr10,127194744,127197141,2397
HO3672,chr10,127417967,127419378,1411
HO3673,chr10,127906577,127907977,1400
HO3674,chr10,127972586,127973365,779
HO3675,chr10,127976825,127978029,1204
HO3676,chr10,128011131,128011796,665
HO3677,chr10,128046692,128048910,2218
HO3678,chr10,128125557,128127086,1529
HO3679,chr10,128149395,128150541,1146
HO3680,chr10,128209902,128211296,1394
HO3681,chr10,128211747,128212358,611
HO3682,chr10,129466329,129468101,1772
HO3683,chr10,129962817,129964747,1930
HO3684,chr10,130109709,130111738,2029
HO3685,chr10,130135725,130137503,1778
HO3686,chr10,130189742,130191077,1335
HO3687,chr10,130300472,130301953,1481
HO3688,chr10,131310166,131312818,2652
HO3689,chr10,131452842,131454402,1560
HO3690,chr10,131885177,131885968,791
HO3691,chr10,131890805,131892553,1748
HO3692,chr10,131899693,131901851,2158
HO3693,chr10,131950125,131950908,783
HO3694,chr10,131980788,131982778,1990
HO3695,chr10,132035921,132037458,1537
HO3696,chr10,132065199,132066554,1355
HO3697,chr10,132185384,132187750,2366
HO3698,chr10,132222750,132223630,880
HO3699,chr10,132306941,132308927,1986
HO3700,chr10,132331086,132332610,1524
HO3701,chr10,132388801,132390066,1265
HO3702,chr10,132395620,132398447,2827
HO3703,chr10,132406974,132408788,1814
HO3704,chr10,132420248,132421901,1653
HO3705,chr10,132452645,132454209,1564
HO3706,chr10,132466328,132466828,500
HO3707,chr10,132467202,132469007,1805
HO3708,chr10,132469205,132469874,669
HO3709,chr10,132492129,132493653,1524
HO3710,chr10,132516354,132519251,2897
HO3711,chr10,132536241,132538173,1932
HO3712,chr10,132605541,132607811,2270
HO3713,chr10,132630914,132632416,1502
HO3714,chr10,132684270,132685971,1701
HO3715,chr10,132774101,132775867,1766
HO3716,chr10,133087454,133088947,1493
HO3717,chr10,133143631,133144439,808
HO3718,chr10,133158840,133160921,2081
HO3719,chr10,133223984,133225576,1592
HO3720,chr10,133229527,133231618,2091
HO3721,chr10,133236419,133238411,1992
HO3722,chr10,133244820,133246450,1630
HO3723,chr10,133246927,133248575,1648
HO3724,chr10,133251624,133252261,637
HO3725,chr10,133254178,133255086,908
HO3726,chr10,133257407,133258086,679
HO3727,chr10,133260987,133262347,1360
HO3728,chr10,133307613,133309492,1879
HO3729,chr10,133313851,133315592,1741
HO3730,chr10,133318415,133319049,634
HO3731,chr10,133324065,133326304,2239
HO3732,chr10,133329483,133330115,632
HO3733,chr10,133334623,133337129,2506
HO3734,chr10,133356976,133358341,1365
HO3735,chr10,133372154,133374105,1951
HO3736,chr10,133378002,133379772,1770
HO3737,chr10,133393511,133395060,1549
HO3738,chr10,133400203,133401811,1608
HO3739,chr11,206671,209233,2562
HO3740,chr11,235619,237288,1669
HO3741,chr11,279963,281477,1514
HO3742,chr11,287904,289517,1613
HO3743,chr11,307540,308634,1094
HO3744,chr11,313271,314613,1342
HO3745,chr11,320300,321139,839
HO3746,chr11,355109,356487,1378
HO3747,chr11,368060,370763,2703
HO3748,chr11,396310,397540,1230
HO3749,chr11,406381,407737,1356
HO3750,chr11,416165,418036,1871
HO3751,chr11,447837,448684,847
HO3752,chr11,449741,451267,1526
HO3753,chr11,467864,468881,1017
HO3754,chr11,504313,505013,700
HO3755,chr11,506123,507930,1807
HO3756,chr11,518295,519149,854
HO3757,chr11,534633,536189,1556
HO3758,chr11,536643,537732,1089
HO3759,chr11,554538,555614,1076
HO3760,chr11,560179,561728,1549
HO3761,chr11,567712,569403,1691
HO3762,chr11,574945,576680,1735
HO3763,chr11,605592,606745,1153
HO3764,chr11,615145,616304,1159
HO3765,chr11,636639,637729,1090
HO3766,chr11,690770,691285,515
HO3767,chr11,694544,696396,1852
HO3768,chr11,705584,708122,2538
HO3769,chr11,710102,711258,1156
HO3770,chr11,726199,727269,1070
HO3771,chr11,727579,728481,902
HO3772,chr11,746468,748315,1847
HO3773,chr11,776391,778264,1873
HO3774,chr11,795859,796602,743
HO3775,chr11,796895,798549,1654
HO3776,chr11,804661,805716,1055
HO3777,chr11,808826,810351,1525
HO3778,chr11,818667,821105,2438
HO3779,chr11,829992,831077,1085
HO3780,chr11,832352,833581,1229
HO3781,chr11,834656,835209,553
HO3782,chr11,841978,843315,1337
HO3783,chr11,843720,845145,1425
HO3784,chr11,910073,911614,1541
HO3785,chr11,925149,926912,1763
HO3786,chr11,1006489,1007302,813
HO3787,chr11,1015808,1017440,1632
HO3788,chr11,1050290,1051518,1228
HO3789,chr11,1071636,1072789,1153
HO3790,chr11,1262224,1263151,927
HO3791,chr11,1303981,1304767,786
HO3792,chr11,1308763,1310277,1514
HO3793,chr11,1335680,1337745,2065
HO3794,chr11,1348591,1350691,2100
HO3795,chr11,1382571,1383645,1074
HO3796,chr11,1388843,1391979,3136
HO3797,chr11,1401389,1402223,834
HO3798,chr11,1484984,1486805,1821
HO3799,chr11,1546457,1547568,1111
HO3800,chr11,1547907,1548815,908
HO3801,chr11,1558118,1559822,1704
HO3802,chr11,1571582,1572802,1220
HO3803,chr11,1573877,1575027,1150
HO3804,chr11,1652412,1653378,966
HO3805,chr11,1693033,1694549,1516
HO3806,chr11,1747954,1749362,1408
HO3807,chr11,1762315,1764659,2344
HO3808,chr11,1826509,1827632,1123
HO3809,chr11,1832140,1833190,1050
HO3810,chr11,1841649,1843395,1746
HO3811,chr11,1863270,1865252,1982
HO3812,chr11,1881749,1882948,1199
HO3813,chr11,2099091,2100735,1644
HO3814,chr11,2151307,2152287,980
HO3815,chr11,2197048,2197578,530
HO3816,chr11,2268666,2271387,2721
HO3817,chr11,2314447,2315720,1273
HO3818,chr11,2375259,2376337,1078
HO3819,chr11,2376912,2379162,2250
HO3820,chr11,2399508,2401059,1551
HO3821,chr11,2419664,2421189,1525
HO3822,chr11,2443949,2445641,1692
HO3823,chr11,2462845,2463955,1110
HO3824,chr11,2532447,2534097,1650
HO3825,chr11,2561033,2563052,2019
HO3826,chr11,2574227,2575463,1236
HO3827,chr11,2699066,2701378,2312
HO3828,chr11,2778057,2780733,2676
HO3829,chr11,2883888,2886525,2637
HO3830,chr11,2890416,2891148,732
HO3831,chr11,2891867,2893083,1216
HO3832,chr11,2901438,2902936,1498
HO3833,chr11,2928289,2931062,2773
HO3834,chr11,2991018,2993128,2110
HO3835,chr11,3000029,3001132,1103
HO3836,chr11,3056408,3057914,1506
HO3837,chr11,3159983,3160942,959
HO3838,chr11,3164333,3165546,1213
HO3839,chr11,3378367,3379436,1069
HO3840,chr11,3421657,3423619,1962
HO3841,chr11,3580449,3581499,1050
HO3842,chr11,3641602,3643206,1604
HO3843,chr11,3796883,3798321,1438
HO3844,chr11,3807658,3809446,1788
HO3845,chr11,3840163,3841872,1709
HO3846,chr11,3854410,3856499,2089
HO3847,chr11,4043983,4045824,1841
HO3848,chr11,4094048,4096187,2139
HO3849,chr11,4186934,4188228,1294
HO3850,chr11,4392916,4393990,1074
HO3851,chr11,4607567,4608599,1032
HO3852,chr11,5530298,5531784,1486
HO3853,chr11,5595801,5597048,1247
HO3854,chr11,5624430,5625795,1365
HO3855,chr11,5684162,5685314,1152
HO3856,chr11,6233987,6235556,1569
HO3857,chr11,6249765,6250524,759
HO3858,chr11,6251051,6252663,1612
HO3859,chr11,6258334,6260257,1923
HO3860,chr11,6318928,6321165,2237
HO3861,chr11,6389639,6390838,1199
HO3862,chr11,6418048,6419638,1590
HO3863,chr11,6473300,6474632,1332
HO3864,chr11,6480738,6482224,1486
HO3865,chr11,6603094,6604651,1557
HO3866,chr11,6606752,6607265,513
HO3867,chr11,6611396,6613036,1640
HO3868,chr11,6618090,6619694,1604
HO3869,chr11,6654493,6656266,1773
HO3870,chr11,6682460,6683779,1319
HO3871,chr11,6925527,6927148,1621
HO3872,chr11,7019596,7020974,1378
HO3873,chr11,7251411,7252855,1444
HO3874,chr11,7512350,7514582,2232
HO3875,chr11,7571564,7572180,616
HO3876,chr11,7576460,7578178,1718
HO3877,chr11,7582320,7583617,1297
HO3878,chr11,7673024,7674421,1397
HO3879,chr11,7986609,7987602,993
HO3880,chr11,8018303,8020272,1969
HO3881,chr11,8029667,8030890,1223
HO3882,chr11,8032866,8033677,811
HO3883,chr11,8067790,8069295,1505
HO3884,chr11,8080249,8082045,1796
HO3885,chr11,8167821,8169538,1717
HO3886,chr11,8205923,8207269,1346
HO3887,chr11,8262358,8264097,1739
HO3888,chr11,8267774,8269373,1599
HO3889,chr11,8328620,8329383,763
HO3890,chr11,8384165,8384803,638
HO3891,chr11,8386613,8387684,1071
HO3892,chr11,8593366,8594777,1411
HO3893,chr11,8681929,8683331,1402
HO3894,chr11,8688346,8689414,1068
HO3895,chr11,8698511,8700397,1886
HO3896,chr11,8707221,8708159,938
HO3897,chr11,8766271,8767440,1169
HO3898,chr11,8775070,8776522,1452
HO3899,chr11,8794160,8795138,978
HO3900,chr11,8807171,8808139,968
HO3901,chr11,8809297,8811237,1940
HO3902,chr11,8825940,8827669,1729
HO3903,chr11,8839421,8840854,1433
HO3904,chr11,8870256,8871652,1396
HO3905,chr11,8909886,8911865,1979
HO3906,chr11,8963653,8965313,1660
HO3907,chr11,9003325,9004784,1459
HO3908,chr11,9137373,9138262,889
HO3909,chr11,9263850,9266084,2234
HO3910,chr11,9313773,9315346,1573
HO3911,chr11,9363820,9364805,985
HO3912,chr11,9384142,9385691,1549
HO3913,chr11,9459762,9461609,1847
HO3914,chr11,9572748,9575615,2867
HO3915,chr11,9612883,9614621,1738
HO3916,chr11,9663373,9665010,1637
HO3917,chr11,9748251,9748856,605
HO3918,chr11,9757844,9760513,2669
HO3919,chr11,10293214,10294959,1745
HO3920,chr11,10302379,10303569,1190
HO3921,chr11,10304483,10305695,1212
HO3922,chr11,10307348,10308303,955
HO3923,chr11,10393959,10395297,1338
HO3924,chr11,10449816,10451391,1575
HO3925,chr11,10454681,10456990,2309
HO3926,chr11,10460736,10461425,689
HO3927,chr11,10540254,10541607,1353
HO3928,chr11,10735083,10736207,1124
HO3929,chr11,10750432,10751957,1525
HO3930,chr11,10792142,10792887,745
HO3931,chr11,10807634,10809773,2139
HO3932,chr11,10856945,10859138,2193
HO3933,chr11,10885654,10887132,1478
HO3934,chr11,10911419,10912361,942
HO3935,chr11,10930573,10932303,1730
HO3936,chr11,10933752,10934328,576
HO3937,chr11,11406827,11408085,1258
HO3938,chr11,11408608,11410340,1732
HO3939,chr11,11436327,11437547,1220
HO3940,chr11,11501862,11503141,1279
HO3941,chr11,11526596,11527423,827
HO3942,chr11,11537390,11538903,1513
HO3943,chr11,11620171,11622511,2340
HO3944,chr11,11840954,11843017,2063
HO3945,chr11,11973028,11974044,1016
HO3946,chr11,12007845,12009882,2037
HO3947,chr11,12094683,12095571,888
HO3948,chr11,12105822,12106489,667
HO3949,chr11,12109959,12111819,1860
HO3950,chr11,12119484,12121535,2051
HO3951,chr11,12163819,12164878,1059
HO3952,chr11,12182196,12183148,952
HO3953,chr11,12216153,12217426,1273
HO3954,chr11,12235304,12236793,1489
HO3955,chr11,12287436,12289382,1946
HO3956,chr11,12301255,12302413,1158
HO3957,chr11,12329846,12331675,1829
HO3958,chr11,12376828,12378459,1631
HO3959,chr11,12471995,12473789,1794
HO3960,chr11,12673605,12675361,1756
HO3961,chr11,12680112,12680921,809
HO3962,chr11,12692273,12694384,2111
HO3963,chr11,12746435,12747197,762
HO3964,chr11,12812744,12815506,2762
HO3965,chr11,12827733,12828735,1002
HO3966,chr11,13008652,13011283,2631
HO3967,chr11,13276593,13278932,2339
HO3968,chr11,13462370,13463974,1604
HO3969,chr11,13667777,13669585,1808
HO3970,chr11,13962237,13964827,2590
HO3971,chr11,14029451,14030859,1408
HO3972,chr11,14357870,14359573,1703
HO3973,chr11,14380808,14381639,831
HO3974,chr11,14386685,14387516,831
HO3975,chr11,14499071,14500693,1622
HO3976,chr11,14519578,14520892,1314
HO3977,chr11,14643189,14645309,2120
HO3978,chr11,14890903,14892540,1637
HO3979,chr11,14904670,14906292,1622
HO3980,chr11,14973303,14975052,1749
HO3981,chr11,15073225,15075252,2027
HO3982,chr11,15562740,15563672,932
HO3983,chr11,15590800,15592510,1710
HO3984,chr11,15649736,15651378,1642
HO3985,chr11,15842998,15844226,1228
HO3986,chr11,16191290,16192407,1117
HO3987,chr11,16355976,16357364,1388
HO3988,chr11,16604143,16608044,3901
HO3989,chr11,16612599,16614451,1852
HO3990,chr11,16737669,16739781,2112
HO3991,chr11,16820089,16820982,893
HO3992,chr11,16861763,16863266,1503
HO3993,chr11,16880080,16881672,1592
HO3994,chr11,16923973,16926321,2348
HO3995,chr11,16933224,16934312,1088
HO3996,chr11,16935677,16937312,1635
HO3997,chr11,16945719,16946415,696
HO3998,chr11,16981339,16982705,1366
HO3999,chr11,16986434,16988090,1656
HO4000,chr11,17012934,17015326,2392
HO4001,chr11,17076764,17078631,1867
HO4002,chr11,17207208,17209562,2354
HO4003,chr11,17276074,17277553,1479
HO4004,chr11,17351297,17353938,2641
HO4005,chr11,17388614,17389849,1235
HO4006,chr11,17718940,17721639,2699
HO4007,chr11,17730605,17731354,749
HO4008,chr11,17734289,17736173,1884
HO4009,chr11,17810185,17811405,1220
HO4010,chr11,18012194,18014065,1871
HO4011,chr11,18105213,18106332,1119
HO4012,chr11,18321646,18322912,1266
HO4013,chr11,18393839,18396506,2667
HO4014,chr11,18526190,18527403,1213
HO4015,chr11,18587826,18589361,1535
HO4016,chr11,18633721,18635020,1299
HO4017,chr11,18698131,18700667,2536
HO4018,chr11,18705556,18707181,1625
HO4019,chr11,18720363,18722327,1964
HO4020,chr11,18790911,18792575,1664
HO4021,chr11,18801433,18802257,824
HO4022,chr11,18802350,18803011,661
HO4023,chr11,19070997,19071758,761
HO4024,chr11,19116448,19117891,1443
HO4025,chr11,19240285,19242567,2282
HO4026,chr11,19344695,19346769,2074
HO4027,chr11,19711884,19713268,1384
HO4028,chr11,19714455,19715421,966
HO4029,chr11,19742423,19743015,592
HO4030,chr11,19776384,19778111,1727
HO4031,chr11,20000014,20001132,1118
HO4032,chr11,20014980,20016362,1382
HO4033,chr11,20021889,20023367,1478
HO4034,chr11,20089468,20090489,1021
HO4035,chr11,20090666,20091539,873
HO4036,chr11,20131775,20132737,962
HO4037,chr11,20363267,20364816,1549
HO4038,chr11,20386902,20388450,1548
HO4039,chr11,20593832,20595035,1203
HO4040,chr11,20609804,20610545,741
HO4041,chr11,20668729,20671282,2553
HO4042,chr11,22192278,22194029,1751
HO4043,chr11,22431952,22433330,1378
HO4044,chr11,22624683,22626144,1461
HO4045,chr11,22666009,22667373,1364
HO4046,chr11,22828863,22830229,1366
HO4047,chr11,24496369,24497704,1335
HO4048,chr11,26283957,26285137,1180
HO4049,chr11,26331624,26332686,1062
HO4050,chr11,27201258,27202497,1239
HO4051,chr11,27215616,27216834,1218
HO4052,chr11,27274656,27275595,939
HO4053,chr11,27328200,27329115,915
HO4054,chr11,27362394,27363772,1378
HO4055,chr11,27394628,27396424,1796
HO4056,chr11,27470832,27473297,2465
HO4057,chr11,27505797,27507195,1398
HO4058,chr11,27698744,27701807,3063
HO4059,chr11,28107376,28108575,1199
HO4060,chr11,28109953,28110713,760
HO4061,chr11,30016570,30018030,1460
HO4062,chr11,30322534,30323825,1291
HO4063,chr11,30406760,30407756,996
HO4064,chr11,30583670,30586961,3291
HO4065,chr11,30725397,30726386,989
HO4066,chr11,30847675,30848984,1309
HO4067,chr11,31368899,31370342,1443
HO4068,chr11,31508964,31510455,1491
HO4069,chr11,31809854,31810680,826
HO4070,chr11,32090348,32092007,1659
HO4071,chr11,32332508,32334075,1567
HO4072,chr11,32381514,32382976,1462
HO4073,chr11,32414745,32415680,935
HO4074,chr11,32426651,32427501,850
HO4075,chr11,32430326,32431379,1053
HO4076,chr11,32434429,32436622,2193
HO4077,chr11,32477398,32479627,2229
HO4078,chr11,32499312,32500914,1602
HO4079,chr11,32583174,32585241,2067
HO4080,chr11,32891985,32894493,2508
HO4081,chr11,33015297,33016571,1274
HO4082,chr11,33038690,33040559,1869
HO4083,chr11,33160860,33161850,990
HO4084,chr11,33256767,33258969,2202
HO4085,chr11,33375623,33377026,1403
HO4086,chr11,33477632,33478611,979
HO4087,chr11,33699912,33702261,2349
HO4088,chr11,33723131,33725060,1929
HO4089,chr11,33734419,33737242,2823
HO4090,chr11,33773405,33775144,1739
HO4091,chr11,33828592,33829881,1289
HO4092,chr11,33868427,33870759,2332
HO4093,chr11,33996416,33998046,1630
HO4094,chr11,34051019,34053641,2622
HO4095,chr11,34104517,34106249,1732
HO4096,chr11,34174005,34175064,1059
HO4097,chr11,34356622,34359553,2931
HO4098,chr11,34438342,34440072,1730
HO4099,chr11,34546162,34546990,828
HO4100,chr11,34600089,34601829,1740
HO4101,chr11,34792110,34793406,1296
HO4102,chr11,34915400,34917272,1872
HO4103,chr11,35418166,35420361,2195
HO4104,chr11,35617685,35620568,2883
HO4105,chr11,35661969,35663345,1376
HO4106,chr11,35821532,35822530,998
HO4107,chr11,35905500,35906549,1049
HO4108,chr11,35943404,35945241,1837
HO4109,chr11,36053237,36054524,1287
HO4110,chr11,36288709,36289910,1201
HO4111,chr11,36375830,36378242,2412
HO4112,chr11,36508712,36510897,2185
HO4113,chr11,36594049,36595035,986
HO4114,chr11,36746836,36747457,621
HO4115,chr11,37907356,37908511,1155
HO4116,chr11,40292717,40294422,1705
HO4117,chr11,42412035,42412954,919
HO4118,chr11,43311429,43312931,1502
HO4119,chr11,43358147,43359866,1719
HO4120,chr11,43546563,43548378,1815
HO4121,chr11,43555272,43558556,3284
HO4122,chr11,43574873,43576594,1721
HO4123,chr11,43579076,43579842,766
HO4124,chr11,43643654,43644771,1117
HO4125,chr11,43680096,43681811,1715
HO4126,chr11,43746479,43747978,1499
HO4127,chr11,43880236,43881247,1011
HO4128,chr11,43922825,43924383,1558
HO4129,chr11,43941574,43945350,3776
HO4130,chr11,43987058,43988749,1691
HO4131,chr11,44036936,44037751,815
HO4132,chr11,44065440,44066902,1462
HO4133,chr11,44095184,44096601,1417
HO4134,chr11,44309148,44311092,1944
HO4135,chr11,44564164,44565795,1631
HO4136,chr11,44620951,44621666,715
HO4137,chr11,44634214,44635379,1165
HO4138,chr11,44726255,44728240,1985
HO4139,chr11,44765899,44767196,1297
HO4140,chr11,44949119,44951232,2113
HO4141,chr11,45145984,45147873,1889
HO4142,chr11,45157940,45159461,1521
HO4143,chr11,45179925,45181978,2053
HO4144,chr11,45339673,45340783,1110
HO4145,chr11,45354748,45355953,1205
HO4146,chr11,45664451,45666159,1708
HO4147,chr11,45671247,45672326,1079
HO4148,chr11,45754042,45755867,1825
HO4149,chr11,45771059,45772283,1224
HO4150,chr11,45803823,45805827,2004
HO4151,chr11,45843041,45843841,800
HO4152,chr11,45846820,45848277,1457
HO4153,chr11,45859380,45860278,898
HO4154,chr11,45885127,45886538,1411
HO4155,chr11,45899215,45900732,1517
HO4156,chr11,45917359,45918972,1613
HO4157,chr11,45921514,45923473,1959
HO4158,chr11,45964697,45965680,983
HO4159,chr11,45982492,45983761,1269
HO4160,chr11,46119242,46122466,3224
HO4161,chr11,46237145,46239501,2356
HO4162,chr11,46242778,46243935,1157
HO4163,chr11,46277316,46279079,1763
HO4164,chr11,46294676,46297279,2603
HO4165,chr11,46314983,46316651,1668
HO4166,chr11,46332402,46333705,1303
HO4167,chr11,46346855,46348267,1412
HO4168,chr11,46351966,46352685,719
HO4169,chr11,46380253,46382579,2326
HO4170,chr11,46389220,46389917,697
HO4171,chr11,46391532,46393128,1596
HO4172,chr11,46528384,46529638,1254
HO4173,chr11,46574484,46575394,910
HO4174,chr11,46593138,46594306,1168
HO4175,chr11,46616611,46618417,1806
HO4176,chr11,46648551,46649751,1200
HO4177,chr11,46700011,46701372,1361
HO4178,chr11,46826014,46827240,1226
HO4179,chr11,46845413,46846728,1315
HO4180,chr11,46936194,46937247,1053
HO4181,chr11,47152711,47153505,794
HO4182,chr11,47160736,47161885,1149
HO4183,chr11,47176153,47178311,2158
HO4184,chr11,47185237,47187690,2453
HO4185,chr11,47213823,47215644,1821
HO4186,chr11,47248114,47249319,1205
HO4187,chr11,47268575,47271081,2506
HO4188,chr11,47350714,47352318,1604
HO4189,chr11,47354751,47355784,1033
HO4190,chr11,47407701,47409370,1669
HO4191,chr11,47425777,47427263,1486
HO4192,chr11,47466247,47467737,1490
HO4193,chr11,47494938,47496070,1132
HO4194,chr11,47506276,47507835,1559
HO4195,chr11,47551967,47553724,1757
HO4196,chr11,47564918,47566556,1638
HO4197,chr11,47577822,47579565,1743
HO4198,chr11,47589254,47590652,1398
HO4199,chr11,47641657,47643246,1589
HO4200,chr11,47714557,47715666,1109
HO4201,chr11,47766178,47768608,2430
HO4202,chr11,47847573,47848984,1411
HO4203,chr11,47979751,47981603,1852
HO4204,chr11,48103615,48104787,1172
HO4205,chr11,48109132,48110344,1212
HO4206,chr11,49207709,49208766,1057
HO4207,chr11,57179512,57181317,1805
HO4208,chr11,57321825,57322850,1025
HO4209,chr11,57323639,57325932,2293
HO4210,chr11,57334987,57336294,1307
HO4211,chr11,57423970,57425391,1421
HO4212,chr11,57426014,57427621,1607
HO4213,chr11,57457099,57457664,565
HO4214,chr11,57475996,57477204,1208
HO4215,chr11,57482253,57483398,1145
HO4216,chr11,57499209,57500253,1044
HO4217,chr11,57513995,57516067,2072
HO4218,chr11,57530269,57531458,1189
HO4219,chr11,57567031,57568530,1499
HO4220,chr11,57637574,57640165,2591
HO4221,chr11,57656970,57658053,1083
HO4222,chr11,57666691,57668792,2101
HO4223,chr11,57711512,57712900,1388
HO4224,chr11,57740774,57742126,1352
HO4225,chr11,57761208,57762115,907
HO4226,chr11,57777721,57779728,2007
HO4227,chr11,57971146,57973131,1985
HO4228,chr11,58058597,58059322,725
HO4229,chr11,58523976,58525725,1749
HO4230,chr11,58577551,58580074,2523
HO4231,chr11,58618116,58619761,1645
HO4232,chr11,58639161,58641948,2787
HO4233,chr11,58900139,58901181,1042
HO4234,chr11,58904964,58906292,1328
HO4235,chr11,58927175,58928245,1070
HO4236,chr11,59057739,59058911,1172
HO4237,chr11,59101631,59102594,963
HO4238,chr11,59106256,59107831,1575
HO4239,chr11,59135706,59137244,1538
HO4240,chr11,59141952,59143472,1520
HO4241,chr11,59144381,59145084,703
HO4242,chr11,59157820,59158809,989
HO4243,chr11,59171436,59174499,3063
HO4244,chr11,59536805,59538025,1220
HO4245,chr11,59549870,59552153,2283
HO4246,chr11,59559914,59561403,1489
HO4247,chr11,59565555,59566622,1067
HO4248,chr11,59614709,59616764,2055
HO4249,chr11,59667942,59669843,1901
HO4250,chr11,59753804,59756180,2376
HO4251,chr11,59809419,59811207,1788
HO4252,chr11,59961240,59962384,1144
HO4253,chr11,60071150,60072371,1221
HO4254,chr11,60111223,60112689,1466
HO4255,chr11,60126995,60128785,1790
HO4256,chr11,60193518,60194829,1311
HO4257,chr11,60618013,60619039,1026
HO4258,chr11,60775080,60776042,962
HO4259,chr11,60830782,60831730,948
HO4260,chr11,60841469,60842749,1280
HO4261,chr11,60900730,60901399,669
HO4262,chr11,60905517,60906980,1463
HO4263,chr11,60913493,60915813,2320
HO4264,chr11,60922995,60925795,2800
HO4265,chr11,60950791,60952772,1981
HO4266,chr11,61003920,61005529,1609
HO4267,chr11,61007394,61008753,1359
HO4268,chr11,61070345,61072385,2040
HO4269,chr11,61120509,61121543,1034
HO4270,chr11,61129421,61130598,1177
HO4271,chr11,61149520,61151260,1740
HO4272,chr11,61160471,61162488,2017
HO4273,chr11,61281203,61281950,747
HO4274,chr11,61293450,61295754,2304
HO4275,chr11,61332227,61333621,1394
HO4276,chr11,61334513,61335485,972
HO4277,chr11,61336171,61336531,360
HO4278,chr11,61361220,61362826,1606
HO4279,chr11,61391941,61393552,1611
HO4280,chr11,61429082,61430425,1343
HO4281,chr11,61445977,61446571,594
HO4282,chr11,61488529,61489296,767
HO4283,chr11,61508011,61509674,1663
HO4284,chr11,61567013,61567896,883
HO4285,chr11,61569303,61570260,957
HO4286,chr11,61580367,61581752,1385
HO4287,chr11,61587188,61589158,1970
HO4288,chr11,61594291,61596178,1887
HO4289,chr11,61627979,61629560,1581
HO4290,chr11,61638077,61638762,685
HO4291,chr11,61679327,61680671,1344
HO4292,chr11,61693688,61694493,805
HO4293,chr11,61694930,61696983,2053
HO4294,chr11,61706160,61707446,1286
HO4295,chr11,61717795,61719165,1370
HO4296,chr11,61732903,61733785,882
HO4297,chr11,61747543,61747993,450
HO4298,chr11,61749364,61750212,848
HO4299,chr11,61752179,61753061,882
HO4300,chr11,61754407,61755104,697
HO4301,chr11,61764182,61765457,1275
HO4302,chr11,61769034,61769940,906
HO4303,chr11,61776406,61777737,1331
HO4304,chr11,61791665,61793228,1563
HO4305,chr11,61814544,61817408,2864
HO4306,chr11,61827008,61829357,2349
HO4307,chr11,61834033,61835224,1191
HO4308,chr11,61841560,61842838,1278
HO4309,chr11,61850726,61851847,1121
HO4310,chr11,61859949,61860667,718
HO4311,chr11,61870545,61871613,1068
HO4312,chr11,61890503,61892251,1748
HO4313,chr11,61898852,61899831,979
HO4314,chr11,61916550,61918081,1531
HO4315,chr11,61922477,61924364,1887
HO4316,chr11,61947321,61948053,732
HO4317,chr11,61948489,61950409,1920
HO4318,chr11,61962858,61964269,1411
HO4319,chr11,61966571,61968629,2058
HO4320,chr11,61971063,61972279,1216
HO4321,chr11,61983307,61984147,840
HO4322,chr11,62000441,62002284,1843
HO4323,chr11,62061247,62062453,1206
HO4324,chr11,62123343,62124776,1433
HO4325,chr11,62337005,62338201,1196
HO4326,chr11,62380599,62381531,932
HO4327,chr11,62394622,62395475,853
HO4328,chr11,62462675,62463568,893
HO4329,chr11,62544931,62547258,2327
HO4330,chr11,62555401,62556813,1412
HO4331,chr11,62572984,62575054,2070
HO4332,chr11,62590883,62592590,1707
HO4333,chr11,62599053,62599495,442
HO4334,chr11,62600942,62602934,1992
HO4335,chr11,62611391,62613737,2346
HO4336,chr11,62621361,62622785,1424
HO4337,chr11,62645563,62647043,1480
HO4338,chr11,62652470,62653734,1264
HO4339,chr11,62664586,62666152,1566
HO4340,chr11,62670967,62672636,1669
HO4341,chr11,62678458,62679547,1089
HO4342,chr11,62705462,62707052,1590
HO4343,chr11,62708975,62710083,1108
HO4344,chr11,62726513,62728981,2468
HO4345,chr11,62753406,62754643,1237
HO4346,chr11,62760884,62762059,1175
HO4347,chr11,62770681,62771923,1242
HO4348,chr11,62786246,62787782,1536
HO4349,chr11,62791376,62792503,1127
HO4350,chr11,62804326,62805919,1593
HO4351,chr11,62830965,62832836,1871
HO4352,chr11,62839009,62842607,3598
HO4353,chr11,62855374,62856595,1221
HO4354,chr11,62879607,62881955,2348
HO4355,chr11,62908486,62909537,1051
HO4356,chr11,62921164,62922078,914
HO4357,chr11,63007728,63008383,655
HO4358,chr11,63118661,63119542,881
HO4359,chr11,63213532,63214943,1411
HO4360,chr11,63489607,63491464,1857
HO4361,chr11,63491542,63492320,778
HO4362,chr11,63582895,63583813,918
HO4363,chr11,63602145,63603765,1620
HO4364,chr11,63613082,63614684,1602
HO4365,chr11,63670441,63672097,1656
HO4366,chr11,63680808,63682866,2058
HO4367,chr11,63767459,63769950,2491
HO4368,chr11,63812631,63814463,1832
HO4369,chr11,63838240,63839935,1695
HO4370,chr11,63858480,63859476,996
HO4371,chr11,63871853,63873212,1359
HO4372,chr11,63908312,63910341,2029
HO4373,chr11,63916188,63916625,437
HO4374,chr11,63916813,63918399,1586
HO4375,chr11,63918636,63919742,1106
HO4376,chr11,63920028,63920564,536
HO4377,chr11,63922787,63923704,917
HO4378,chr11,63937775,63939832,2057
HO4379,chr11,63944874,63946345,1471
HO4380,chr11,63974064,63975137,1073
HO4381,chr11,63985471,63987110,1639
HO4382,chr11,64000081,64001326,1245
HO4383,chr11,64007003,64008482,1479
HO4384,chr11,64018846,64019680,834
HO4385,chr11,64035300,64037530,2230
HO4386,chr11,64047774,64048531,757
HO4387,chr11,64060430,64061494,1064
HO4388,chr11,64117821,64119546,1725
HO4389,chr11,64147923,64148952,1029
HO4390,chr11,64150495,64151224,729
HO4391,chr11,64152748,64153389,641
HO4392,chr11,64164570,64166711,2141
HO4393,chr11,64181408,64182169,761
HO4394,chr11,64184832,64186987,2155
HO4395,chr11,64204101,64204965,864
HO4396,chr11,64225207,64226970,1763
HO4397,chr11,64230064,64231020,956
HO4398,chr11,64233954,64235239,1285
HO4399,chr11,64240056,64242097,2041
HO4400,chr11,64246532,64247937,1405
HO4401,chr11,64250822,64251804,982
HO4402,chr11,64268219,64270812,2593
HO4403,chr11,64271266,64271782,516
HO4404,chr11,64284181,64286330,2149
HO4405,chr11,64291162,64292872,1710
HO4406,chr11,64300207,64301327,1120
HO4407,chr11,64304330,64306508,2178
HO4408,chr11,64316892,64318685,1793
HO4409,chr11,64331450,64332283,833
HO4410,chr11,64341858,64343080,1222
HO4411,chr11,64354767,64355523,756
HO4412,chr11,64358440,64360501,2061
HO4413,chr11,64447842,64449883,2041
HO4414,chr11,64565846,64567473,1627
HO4415,chr11,64618827,64621225,2398
HO4416,chr11,64687141,64689103,1962
HO4417,chr11,64711954,64714028,2074
HO4418,chr11,64722912,64723782,870
HO4419,chr11,64742491,64744268,1777
HO4420,chr11,64744669,64746314,1645
HO4421,chr11,64753989,64754939,950
HO4422,chr11,64765839,64766709,870
HO4423,chr11,64777398,64779280,1882
HO4424,chr11,64802563,64804109,1546
HO4425,chr11,64809668,64811178,1510
HO4426,chr11,64844052,64845633,1581
HO4427,chr11,64846898,64847498,600
HO4428,chr11,64869836,64871365,1529
HO4429,chr11,64874346,64874667,321
HO4430,chr11,64876760,64877353,593
HO4431,chr11,64877683,64879655,1972
HO4432,chr11,64887396,64889384,1988
HO4433,chr11,64916092,64918423,2331
HO4434,chr11,64923517,64925304,1787
HO4435,chr11,64971408,64972488,1080
HO4436,chr11,65013293,65014917,1624
HO4437,chr11,65027013,65027961,948
HO4438,chr11,65040525,65041898,1373
HO4439,chr11,65083602,65084871,1269
HO4440,chr11,65095565,65097072,1507
HO4441,chr11,65110147,65110692,545
HO4442,chr11,65111453,65113346,1893
HO4443,chr11,65116728,65118082,1354
HO4444,chr11,65121431,65122780,1349
HO4445,chr11,65133741,65135549,1808
HO4446,chr11,65180681,65182744,2063
HO4447,chr11,65224821,65226110,1289
HO4448,chr11,65261202,65262527,1325
HO4449,chr11,65314253,65315904,1651
HO4450,chr11,65333325,65334537,1212
HO4451,chr11,65353817,65356094,2277
HO4452,chr11,65366226,65367428,1202
HO4453,chr11,65370992,65371476,484
HO4454,chr11,65375496,65376720,1224
HO4455,chr11,65381599,65383033,1434
HO4456,chr11,65386209,65387045,836
HO4457,chr11,65390247,65391391,1144
HO4458,chr11,65416196,65416686,490
HO4459,chr11,65416853,65417544,691
HO4460,chr11,65418036,65419370,1334
HO4461,chr11,65421181,65421544,363
HO4462,chr11,65421896,65423139,1243
HO4463,chr11,65426578,65427671,1093
HO4464,chr11,65454382,65455541,1159
HO4465,chr11,65476758,65478058,1300
HO4466,chr11,65487190,65488235,1045
HO4467,chr11,65496936,65498260,1324
HO4468,chr11,65498864,65499277,413
HO4469,chr11,65504038,65504377,339
HO4470,chr11,65506539,65508759,2220
HO4471,chr11,65510491,65511090,599
HO4472,chr11,65524062,65525683,1621
HO4473,chr11,65528736,65529782,1046
HO4474,chr11,65539627,65541176,1549
HO4475,chr11,65545863,65547014,1151
HO4476,chr11,65557085,65559249,2164
HO4477,chr11,65569560,65570593,1033
HO4478,chr11,65571938,65573012,1074
HO4479,chr11,65574092,65574733,641
HO4480,chr11,65606506,65607661,1155
HO4481,chr11,65613627,65614558,931
HO4482,chr11,65614930,65616463,1533
HO4483,chr11,65625809,65626324,515
HO4484,chr11,65629515,65630677,1162
HO4485,chr11,65637542,65639006,1464
HO4486,chr11,65646724,65647727,1003
HO4487,chr11,65652005,65653392,1387
HO4488,chr11,65662424,65664096,1672
HO4489,chr11,65706249,65706782,533
HO4490,chr11,65711280,65712820,1540
HO4491,chr11,65718888,65719628,740
HO4492,chr11,65719835,65720954,1119
HO4493,chr11,65779792,65781748,1956
HO4494,chr11,65817338,65818615,1277
HO4495,chr11,65833093,65834279,1186
HO4496,chr11,65849371,65851535,2164
HO4497,chr11,65856914,65858706,1792
HO4498,chr11,65859042,65860839,1797
HO4499,chr11,65871983,65873947,1964
HO4500,chr11,65884567,65884945,378
HO4501,chr11,65887946,65889389,1443
HO4502,chr11,65890117,65891208,1091
HO4503,chr11,65899145,65900826,1681
HO4504,chr11,65918460,65920245,1785
HO4505,chr11,65933750,65934470,720
HO4506,chr11,65960995,65962356,1361
HO4507,chr11,65988765,65989599,834
HO4508,chr11,66001544,66003060,1516
HO4509,chr11,66022179,66022927,748
HO4510,chr11,66044812,66045503,691
HO4511,chr11,66051337,66052732,1395
HO4512,chr11,66068894,66071178,2284
HO4513,chr11,66119112,66120175,1063
HO4514,chr11,66126419,66127731,1312
HO4515,chr11,66222148,66223078,930
HO4516,chr11,66256913,66258749,1836
HO4517,chr11,66267034,66269529,2495
HO4518,chr11,66277602,66279103,1501
HO4519,chr11,66281994,66282930,936
HO4520,chr11,66288458,66289858,1400
HO4521,chr11,66311368,66313866,2498
HO4522,chr11,66328025,66328702,677
HO4523,chr11,66335103,66337170,2067
HO4524,chr11,66344660,66345409,749
HO4525,chr11,66346860,66348611,1751
HO4526,chr11,66361319,66362269,950
HO4527,chr11,66370945,66372629,1684
HO4528,chr11,66408357,66409347,990
HO4529,chr11,66420706,66422001,1295
HO4530,chr11,66438126,66439292,1166
HO4531,chr11,66466091,66467502,1411
HO4532,chr11,66479028,66480827,1799
HO4533,chr11,66510125,66511156,1031
HO4534,chr11,66543332,66544095,763
HO4535,chr11,66545578,66547024,1446
HO4536,chr11,66567883,66568861,978
HO4537,chr11,66592366,66593495,1129
HO4538,chr11,66606702,66607729,1027
HO4539,chr11,66615924,66617508,1584
HO4540,chr11,66637525,66639609,2084
HO4541,chr11,66677089,66678807,1718
HO4542,chr11,66694433,66695198,765
HO4543,chr11,66717938,66719155,1217
HO4544,chr11,66719991,66720725,734
HO4545,chr11,66727224,66729109,1885
HO4546,chr11,66744208,66745642,1434
HO4547,chr11,66842412,66843993,1581
HO4548,chr11,66855743,66857501,1758
HO4549,chr11,66957637,66958930,1293
HO4550,chr11,67021741,67023924,2183
HO4551,chr11,67054982,67055660,678
HO4552,chr11,67071226,67072063,837
HO4553,chr11,67117549,67120010,2461
HO4554,chr11,67238973,67241411,2438
HO4555,chr11,67262441,67263154,713
HO4556,chr11,67266006,67267028,1022
HO4557,chr11,67274383,67275535,1152
HO4558,chr11,67288151,67289987,1836
HO4559,chr11,67302710,67304324,1614
HO4560,chr11,67316775,67318440,1665
HO4561,chr11,67344822,67346159,1337
HO4562,chr11,67352649,67354028,1379
HO4563,chr11,67356718,67357533,815
HO4564,chr11,67372269,67374616,2347
HO4565,chr11,67382211,67382905,694
HO4566,chr11,67390899,67392587,1688
HO4567,chr11,67401052,67402289,1237
HO4568,chr11,67420187,67421616,1429
HO4569,chr11,67427624,67429205,1581
HO4570,chr11,67442822,67444201,1379
HO4571,chr11,67463952,67465196,1244
HO4572,chr11,67468551,67469589,1038
HO4573,chr11,67482380,67483806,1426
HO4574,chr11,67504121,67505577,1456
HO4575,chr11,67505774,67506408,634
HO4576,chr11,67507726,67508919,1193
HO4577,chr11,67583349,67584706,1357
HO4578,chr11,67606012,67607250,1238
HO4579,chr11,67629237,67630928,1691
HO4580,chr11,67659061,67659734,673
HO4581,chr11,67684882,67686382,1500
HO4582,chr11,67804608,67806545,1937
HO4583,chr11,67954672,67956037,1365
HO4584,chr11,68002580,68004294,1714
HO4585,chr11,68029932,68031359,1427
HO4586,chr11,68038197,68039272,1075
HO4587,chr11,68105840,68107035,1195
HO4588,chr11,68120174,68122244,2070
HO4589,chr11,68127695,68129130,1435
HO4590,chr11,68212465,68214497,2032
HO4591,chr11,68257126,68257890,764
HO4592,chr11,68270986,68272614,1628
HO4593,chr11,68297408,68298474,1066
HO4594,chr11,68312086,68314080,1994
HO4595,chr11,68314390,68315497,1107
HO4596,chr11,68327775,68328954,1179
HO4597,chr11,68373294,68374858,1564
HO4598,chr11,68396152,68397210,1058
HO4599,chr11,68459787,68461629,1842
HO4600,chr11,68751022,68751811,789
HO4601,chr11,68818868,68819937,1069
HO4602,chr11,68827720,68828944,1224
HO4603,chr11,68838989,68839860,871
HO4604,chr11,68840614,68842058,1444
HO4605,chr11,68843706,68844323,617
HO4606,chr11,68853880,68856166,2286
HO4607,chr11,68857088,68858102,1014
HO4608,chr11,68869293,68870917,1624
HO4609,chr11,68903295,68904707,1412
HO4610,chr11,69048425,69049828,1403
HO4611,chr11,69073042,69073819,777
HO4612,chr11,69075190,69076354,1164
HO4613,chr11,69101094,69101971,877
HO4614,chr11,69131186,69132175,989
HO4615,chr11,69155151,69157912,2761
HO4616,chr11,69199365,69201157,1792
HO4617,chr11,69251462,69252572,1110
HO4618,chr11,69264181,69265103,922
HO4619,chr11,69442682,69444112,1430
HO4620,chr11,69470939,69471897,958
HO4621,chr11,69496869,69497774,905
HO4622,chr11,69636243,69636953,710
HO4623,chr11,69638905,69639419,514
HO4624,chr11,69640557,69641476,919
HO4625,chr11,69642682,69643637,955
HO4626,chr11,69644049,69644674,625
HO4627,chr11,69670023,69670798,775
HO4628,chr11,69674532,69675835,1303
HO4629,chr11,69685694,69686232,538
HO4630,chr11,70202788,70204512,1724
HO4631,chr11,70269766,70271650,1884
HO4632,chr11,70397620,70398890,1270
HO4633,chr11,70399352,70400069,717
HO4634,chr11,70825943,70827727,1784
HO4635,chr11,71251212,71253691,2479
HO4636,chr11,71447427,71448949,1522
HO4637,chr11,71452293,71453551,1258
HO4638,chr11,71537701,71539476,1775
HO4639,chr11,71639007,71640145,1138
HO4640,chr11,71786299,71787921,1622
HO4641,chr11,71813192,71814058,866
HO4642,chr11,71927894,71929391,1497
HO4643,chr11,72024927,72025907,980
HO4644,chr11,72040181,72042153,1972
HO4645,chr11,72079479,72081196,1717
HO4646,chr11,72102572,72103803,1231
HO4647,chr11,72111729,72113030,1301
HO4648,chr11,72222880,72225294,2414
HO4649,chr11,72239321,72241251,1930
HO4650,chr11,72433896,72434938,1042
HO4651,chr11,72641958,72643478,1520
HO4652,chr11,72676612,72677343,731
HO4653,chr11,72721495,72722822,1327
HO4654,chr11,72725085,72725629,544
HO4655,chr11,72751717,72753004,1287
HO4656,chr11,72781017,72782741,1724
HO4657,chr11,72793252,72794797,1545
HO4658,chr11,72812983,72815155,2172
HO4659,chr11,72821277,72822801,1524
HO4660,chr11,72831265,72832000,735
HO4661,chr11,73140574,73143723,3149
HO4662,chr11,73175396,73176606,1210
HO4663,chr11,73177284,73178372,1088
HO4664,chr11,73182544,73183473,929
HO4665,chr11,73217091,73218911,1820
HO4666,chr11,73237658,73238283,625
HO4667,chr11,73242088,73243131,1043
HO4668,chr11,73264270,73266626,2356
HO4669,chr11,73286991,73287976,985
HO4670,chr11,73288718,73289782,1064
HO4671,chr11,73307041,73309560,2519
HO4672,chr11,73314095,73316135,2040
HO4673,chr11,73323132,73324394,1262
HO4674,chr11,73334281,73335787,1506
HO4675,chr11,73342321,73344813,2492
HO4676,chr11,73375767,73377461,1694
HO4677,chr11,73597344,73598849,1505
HO4678,chr11,73645084,73646889,1805
HO4679,chr11,73647194,73647918,724
HO4680,chr11,73651940,73652753,813
HO4681,chr11,73660570,73661616,1046
HO4682,chr11,73752124,73752831,707
HO4683,chr11,73759534,73761724,2190
HO4684,chr11,73778960,73779971,1011
HO4685,chr11,73787224,73788404,1180
HO4686,chr11,73875894,73877400,1506
HO4687,chr11,73964018,73964823,805
HO4688,chr11,73980561,73981015,454
HO4689,chr11,73981881,73983783,1902
HO4690,chr11,74170126,74171830,1704
HO4691,chr11,74310954,74312026,1072
HO4692,chr11,74397435,74399117,1682
HO4693,chr11,74466712,74467864,1152
HO4694,chr11,74492698,74494025,1327
HO4695,chr11,74591764,74593313,1549
HO4696,chr11,74672562,74673819,1257
HO4697,chr11,74683013,74683797,784
HO4698,chr11,74726264,74726892,628
HO4699,chr11,74748115,74749785,1670
HO4700,chr11,74948537,74950317,1780
HO4701,chr11,74988329,74989565,1236
HO4702,chr11,75022309,75023407,1098
HO4703,chr11,75163630,75165297,1667
HO4704,chr11,75194968,75195864,896
HO4705,chr11,75214073,75215092,1019
HO4706,chr11,75240187,75242278,2091
HO4707,chr11,75248234,75249041,807
HO4708,chr11,75339813,75341127,1314
HO4709,chr11,75350557,75352610,2053
HO4710,chr11,75398982,75401012,2030
HO4711,chr11,75413090,75414244,1154
HO4712,chr11,75420327,75421842,1515
HO4713,chr11,75428154,75428627,473
HO4714,chr11,75429741,75430853,1112
HO4715,chr11,75524912,75526399,1487
HO4716,chr11,75553955,75554923,968
HO4717,chr11,75561731,75563562,1831
HO4718,chr11,75582418,75584595,2177
HO4719,chr11,75667087,75669142,2055
HO4720,chr11,75767985,75769314,1329
HO4721,chr11,75814255,75815968,1713
HO4722,chr11,76151822,76153176,1354
HO4723,chr11,76206239,76206887,648
HO4724,chr11,76207527,76207899,372
HO4725,chr11,76208626,76209941,1315
HO4726,chr11,76210140,76211023,883
HO4727,chr11,76234398,76236602,2204
HO4728,chr11,76380074,76381662,1588
HO4729,chr11,76444198,76446067,1869
HO4730,chr11,76602280,76602954,674
HO4731,chr11,76604068,76605261,1193
HO4732,chr11,76669769,76671397,1628
HO4733,chr11,76721455,76722623,1168
HO4734,chr11,76744588,76746250,1662
HO4735,chr11,76752016,76754100,2084
HO4736,chr11,76765551,76766459,908
HO4737,chr11,76767814,76768970,1156
HO4738,chr11,76782518,76784851,2333
HO4739,chr11,76787823,76788575,752
HO4740,chr11,76798359,76799649,1290
HO4741,chr11,76860178,76861911,1733
HO4742,chr11,77039221,77040638,1417
HO4743,chr11,77045867,77046417,550
HO4744,chr11,77046974,77047991,1017
HO4745,chr11,77065849,77067709,1860
HO4746,chr11,77086207,77087405,1198
HO4747,chr11,77090860,77091534,674
HO4748,chr11,77106846,77108499,1653
HO4749,chr11,77126911,77128507,1596
HO4750,chr11,77130847,77131913,1066
HO4751,chr11,77139971,77140867,896
HO4752,chr11,77411062,77412227,1165
HO4753,chr11,77472717,77474689,1972
HO4754,chr11,77570697,77573158,2461
HO4755,chr11,77588797,77590861,2064
HO4756,chr11,77636750,77638159,1409
HO4757,chr11,77819294,77821839,2545
HO4758,chr11,77993912,77995273,1361
HO4759,chr11,78030045,78031075,1030
HO4760,chr11,78045637,78046578,941
HO4761,chr11,78060877,78062374,1497
HO4762,chr11,78078832,78080195,1363
HO4763,chr11,78138812,78140256,1444
HO4764,chr11,78187512,78189149,1637
HO4765,chr11,78192164,78192758,594
HO4766,chr11,78250773,78252288,1515
HO4767,chr11,78318159,78319941,1782
HO4768,chr11,78416243,78418570,2327
HO4769,chr11,78573797,78575554,1757
HO4770,chr11,79062698,79063928,1230
HO4771,chr11,79119407,79120608,1201
HO4772,chr11,79437000,79438476,1476
HO4773,chr11,79439428,79441757,2329
HO4774,chr11,79831087,79832390,1303
HO4775,chr11,82695471,82696077,606
HO4776,chr11,82717875,82718756,881
HO4777,chr11,82732387,82734219,1832
HO4778,chr11,82790393,82792154,1761
HO4779,chr11,82899883,82901880,1997
HO4780,chr11,82986139,82987000,861
HO4781,chr11,83070369,83072434,2065
HO4782,chr11,83156051,83158408,2357
HO4783,chr11,83191971,83192429,458
HO4784,chr11,83193154,83195079,1925
HO4785,chr11,83285335,83286735,1400
HO4786,chr11,84088784,84090222,1438
HO4787,chr11,85627085,85628999,1914
HO4788,chr11,85647182,85648304,1122
HO4789,chr11,85663182,85665520,2338
HO4790,chr11,85682367,85683055,688
HO4791,chr11,85684938,85686471,1533
HO4792,chr11,85810593,85811590,997
HO4793,chr11,85854306,85855707,1401
HO4794,chr11,86067736,86070104,2368
HO4795,chr11,86244095,86245945,1850
HO4796,chr11,86301618,86302808,1190
HO4797,chr11,86670978,86672718,1740
HO4798,chr11,86715450,86716472,1022
HO4799,chr11,86799577,86801551,1974
HO4800,chr11,86939584,86940913,1329
HO4801,chr11,86954199,86956687,2488
HO4802,chr11,86999721,87000716,995
HO4803,chr11,87037021,87038509,1488
HO4804,chr11,88174456,88175984,1528
HO4805,chr11,88336786,88338694,1908
HO4806,chr11,88508215,88509538,1323
HO4807,chr11,89490696,89492139,1443
HO4808,chr11,90133705,90136094,2389
HO4809,chr11,90222117,90223813,1696
HO4810,chr11,91163429,91164804,1375
HO4811,chr11,92223641,92227373,3732
HO4812,chr11,93196853,93198515,1662
HO4813,chr11,93234377,93234991,614
HO4814,chr11,93236480,93237662,1182
HO4815,chr11,93329810,93331040,1230
HO4816,chr11,93541741,93543811,2070
HO4817,chr11,93661111,93662279,1168
HO4818,chr11,93740572,93742169,1597
HO4819,chr11,93744736,93745384,648
HO4820,chr11,93783695,93785248,1553
HO4821,chr11,93849594,93850865,1271
HO4822,chr11,93972948,93974094,1146
HO4823,chr11,94128221,94129797,1576
HO4824,chr11,94400694,94401803,1109
HO4825,chr11,94493013,94494444,1431
HO4826,chr11,94511949,94512855,906
HO4827,chr11,94543437,94545518,2081
HO4828,chr11,94740103,94741696,1593
HO4829,chr11,94767686,94769593,1907
HO4830,chr11,94972856,94974022,1166
HO4831,chr11,95066575,95068899,2324
HO4832,chr11,95074246,95075905,1659
HO4833,chr11,95088996,95090623,1627
HO4834,chr11,95129116,95130508,1392
HO4835,chr11,95134329,95135497,1168
HO4836,chr11,95149280,95151847,2567
HO4837,chr11,95229953,95232588,2635
HO4838,chr11,95253787,95256004,2217
HO4839,chr11,95337024,95339813,2789
HO4840,chr11,95715402,95716444,1042
HO4841,chr11,95788794,95791295,2501
HO4842,chr11,95923135,95924691,1556
HO4843,chr11,96242440,96243876,1436
HO4844,chr11,96306526,96308094,1568
HO4845,chr11,96338865,96339897,1032
HO4846,chr11,96341423,96342325,902
HO4847,chr11,96342569,96343532,963
HO4848,chr11,96389052,96390608,1556
HO4849,chr11,96463825,96465091,1266
HO4850,chr11,96506256,96507499,1243
HO4851,chr11,99020225,99021415,1190
HO4852,chr11,100633771,100634768,997
HO4853,chr11,100686531,100688124,1593
HO4854,chr11,100808817,100809844,1027
HO4855,chr11,101126838,101129886,3048
HO4856,chr11,101582331,101584384,2053
HO4857,chr11,101914345,101915518,1173
HO4858,chr11,102109752,102112237,2485
HO4859,chr11,102267624,102269153,1529
HO4860,chr11,102317013,102317797,784
HO4861,chr11,102345856,102348346,2490
HO4862,chr11,102384277,102385720,1443
HO4863,chr11,102449484,102450139,655
HO4864,chr11,102451303,102453483,2180
HO4865,chr11,102602887,102603653,766
HO4866,chr11,103090974,103092565,1591
HO4867,chr11,103108948,103110252,1304
HO4868,chr11,104163324,104164547,1223
HO4869,chr11,105609287,105611061,1774
HO4870,chr11,106021595,106022833,1238
HO4871,chr11,106076428,106078399,1971
HO4872,chr11,107017164,107019454,2290
HO4873,chr11,107456974,107458319,1345
HO4874,chr11,107564838,107565918,1080
HO4875,chr11,107590463,107592251,1788
HO4876,chr11,107857688,107859869,2181
HO4877,chr11,107927862,107929478,1616
HO4878,chr11,108008465,108010262,1797
HO4879,chr11,108121047,108122375,1328
HO4880,chr11,108221883,108223850,1967
HO4881,chr11,108400466,108402297,1831
HO4882,chr11,108466763,108468382,1619
HO4883,chr11,108497273,108498779,1506
HO4884,chr11,108592602,108594089,1487
HO4885,chr11,108664470,108665511,1041
HO4886,chr11,109945911,109946827,916
HO4887,chr11,110091988,110094147,2159
HO4888,chr11,110295530,110297146,1616
HO4889,chr11,110348932,110350317,1385
HO4890,chr11,110354839,110355963,1124
HO4891,chr11,110376415,110377339,924
HO4892,chr11,110428959,110431411,2452
HO4893,chr11,110530409,110531906,1497
HO4894,chr11,110564576,110566002,1426
HO4895,chr11,110710559,110713653,3094
HO4896,chr11,110762773,110764523,1750
HO4897,chr11,110873946,110875201,1255
HO4898,chr11,111229597,111230879,1282
HO4899,chr11,111298481,111300159,1678
HO4900,chr11,111352812,111353799,987
HO4901,chr11,111540061,111542103,2042
HO4902,chr11,111601751,111603666,1915
HO4903,chr11,111765318,111767328,2010
HO4904,chr11,111870594,111871802,1208
HO4905,chr11,111878297,111879821,1524
HO4906,chr11,111911526,111913723,2197
HO4907,chr11,111926413,111927590,1177
HO4908,chr11,111936618,111939131,2513
HO4909,chr11,111976498,111977943,1445
HO4910,chr11,111978238,111978731,493
HO4911,chr11,111982655,111983506,851
HO4912,chr11,112024239,112025996,1757
HO4913,chr11,112073492,112074851,1359
HO4914,chr11,112085923,112087370,1447
HO4915,chr11,112157018,112158004,986
HO4916,chr11,112174716,112175937,1221
HO4917,chr11,112225707,112227302,1595
HO4918,chr11,112279718,112280885,1167
HO4919,chr11,112289500,112290544,1044
HO4920,chr11,112776864,112779199,2335
HO4921,chr11,112784077,112786330,2253
HO4922,chr11,112834021,112835214,1193
HO4923,chr11,112881127,112882038,911
HO4924,chr11,112960886,112963915,3029
HO4925,chr11,113314083,113315145,1062
HO4926,chr11,113375249,113376473,1224
HO4927,chr11,113387161,113388149,988
HO4928,chr11,113401180,113402120,940
HO4929,chr11,113474077,113475735,1658
HO4930,chr11,113504636,113506448,1812
HO4931,chr11,113663706,113665595,1889
HO4932,chr11,113773011,113774234,1223
HO4933,chr11,113874587,113876110,1523
HO4934,chr11,113974703,113975585,882
HO4935,chr11,114035732,114036727,995
HO4936,chr11,114058888,114061640,2752
HO4937,chr11,114159519,114160429,910
HO4938,chr11,114162486,114164386,1900
HO4939,chr11,114399569,114401071,1502
HO4940,chr11,114439073,114440514,1441
HO4941,chr11,114775163,114776675,1512
HO4942,chr11,115193387,115194286,899
HO4943,chr11,115279909,115281299,1390
HO4944,chr11,115407843,115409349,1506
HO4945,chr11,115461348,115462936,1588
HO4946,chr11,115502811,115505136,2325
HO4947,chr11,115565674,115567140,1466
HO4948,chr11,115658434,115660775,2341
HO4949,chr11,115666918,115667749,831
HO4950,chr11,115712306,115712752,446
HO4951,chr11,115716115,115717636,1521
HO4952,chr11,115758781,115761214,2433
HO4953,chr11,116192722,116194426,1704
HO4954,chr11,116312594,116313576,982
HO4955,chr11,116427406,116428769,1363
HO4956,chr11,116732046,116733057,1011
HO4957,chr11,116772203,116773694,1491
HO4958,chr11,116787376,116788494,1118
HO4959,chr11,116791064,116791615,551
HO4960,chr11,116835000,116836570,1570
HO4961,chr11,116836733,116838195,1462
HO4962,chr11,117097350,117099303,1953
HO4963,chr11,117143310,117145739,2429
HO4964,chr11,117178165,117179940,1775
HO4965,chr11,117231565,117233326,1761
HO4966,chr11,117314406,117316686,2280
HO4967,chr11,117327406,117328966,1560
HO4968,chr11,117442877,117445431,2554
HO4969,chr11,117457553,117459039,1486
HO4970,chr11,117491993,117493064,1071
HO4971,chr11,117527652,117529213,1561
HO4972,chr11,117795688,117797538,1850
HO4973,chr11,117808932,117809861,929
HO4974,chr11,117833244,117834330,1086
HO4975,chr11,117849126,117850203,1077
HO4976,chr11,117861086,117862802,1716
HO4977,chr11,117869747,117870596,849
HO4978,chr11,117875006,117877649,2643
HO4979,chr11,117907027,117907688,661
HO4980,chr11,117908883,117910689,1806
HO4981,chr11,117946536,117947311,775
HO4982,chr11,117985579,117986701,1122
HO4983,chr11,118144693,118146295,1602
HO4984,chr11,118152270,118153497,1227
HO4985,chr11,118194831,118195630,799
HO4986,chr11,118251723,118252887,1164
HO4987,chr11,118358982,118360127,1145
HO4988,chr11,118400382,118402137,1755
HO4989,chr11,118434417,118437010,2593
HO4990,chr11,118437050,118438011,961
HO4991,chr11,118438388,118438974,586
HO4992,chr11,118521957,118523124,1167
HO4993,chr11,118530185,118532001,1816
HO4994,chr11,118564968,118566302,1334
HO4995,chr11,118571738,118573440,1702
HO4996,chr11,118607305,118608979,1674
HO4997,chr11,118610557,118611274,717
HO4998,chr11,118615246,118615648,402
HO4999,chr11,118617956,118619172,1216
HO5000,chr11,118620745,118623510,2765
HO5001,chr11,118634127,118635614,1487
HO5002,chr11,118658579,118659907,1328
HO5003,chr11,118688378,118690600,2222
HO5004,chr11,118789949,118793114,3165
HO5005,chr11,118869630,118871043,1413
HO5006,chr11,118906932,118907365,433
HO5007,chr11,118913932,118914498,566
HO5008,chr11,118919043,118920075,1032
HO5009,chr11,118922043,118922481,438
HO5010,chr11,118925798,118926516,718
HO5011,chr11,118927973,118930597,2624
HO5012,chr11,118956181,118956967,786
HO5013,chr11,118979320,118980856,1536
HO5014,chr11,118996916,118999216,2300
HO5015,chr11,119017985,119019350,1365
HO5016,chr11,119030065,119031173,1108
HO5017,chr11,119055937,119057767,1830
HO5018,chr11,119066797,119068077,1280
HO5019,chr11,119084376,119085857,1481
HO5020,chr11,119093964,119095861,1897
HO5021,chr11,119101208,119102845,1637
HO5022,chr11,119106550,119108754,2204
HO5023,chr11,119120617,119122067,1450
HO5024,chr11,119148748,119150110,1362
HO5025,chr11,119168270,119169674,1404
HO5026,chr11,119205083,119207355,2272
HO5027,chr11,119315006,119317597,2591
HO5028,chr11,119319746,119321893,2147
HO5029,chr11,119333858,119334911,1053
HO5030,chr11,119339587,119341958,2371
HO5031,chr11,119352662,119353389,727
HO5032,chr11,119356110,119357043,933
HO5033,chr11,119360928,119361759,831
HO5034,chr11,119363815,119364566,751
HO5035,chr11,119375505,119376618,1113
HO5036,chr11,119380914,119382074,1160
HO5037,chr11,119666182,119667740,1558
HO5038,chr11,119727518,119729842,2324
HO5039,chr11,119741305,119742893,1588
HO5040,chr11,120088900,120090117,1217
HO5041,chr11,120168611,120169699,1088
HO5042,chr11,120210073,120211910,1837
HO5043,chr11,120324711,120326482,1771
HO5044,chr11,120334843,120335350,507
HO5045,chr11,120335625,120337745,2120
HO5046,chr11,120510901,120512345,1444
HO5047,chr11,120547234,120548691,1457
HO5048,chr11,120563639,120565430,1791
HO5049,chr11,120985727,120986524,797
HO5050,chr11,121023477,121024888,1411
HO5051,chr11,121104346,121106274,1928
HO5052,chr11,121291895,121293602,1707
HO5053,chr11,121451250,121453074,1824
HO5054,chr11,121465791,121466984,1193
HO5055,chr11,121654806,121657247,2441
HO5056,chr11,121722099,121723979,1880
HO5057,chr11,121740993,121742658,1665
HO5058,chr11,121928589,121930586,1997
HO5059,chr11,122099270,122102360,3090
HO5060,chr11,122202169,122203363,1194
HO5061,chr11,122580310,122581466,1156
HO5062,chr11,122653975,122654438,463
HO5063,chr11,122655285,122657080,1795
HO5064,chr11,122882565,122883851,1286
HO5065,chr11,122981499,122982091,592
HO5066,chr11,123053247,123054619,1372
HO5067,chr11,123055157,123057036,1879
HO5068,chr11,123061404,123063273,1869
HO5069,chr11,123100405,123102009,1604
HO5070,chr11,123102969,123103684,715
HO5071,chr11,123193740,123196506,2766
HO5072,chr11,123261089,123262209,1120
HO5073,chr11,123301081,123302461,1380
HO5074,chr11,123357745,123358842,1097
HO5075,chr11,123429680,123431427,1747
HO5076,chr11,123450076,123451420,1344
HO5077,chr11,123510718,123511615,897
HO5078,chr11,123518616,123520204,1588
HO5079,chr11,123544342,123545315,973
HO5080,chr11,123559468,123562485,3017
HO5081,chr11,123580266,123581137,871
HO5082,chr11,123653608,123655721,2113
HO5083,chr11,123740300,123742134,1834
HO5084,chr11,123796799,123798574,1775
HO5085,chr11,123905317,123906817,1500
HO5086,chr11,124075525,124076850,1325
HO5087,chr11,124114802,124116507,1705
HO5088,chr11,124622257,124623552,1295
HO5089,chr11,124643505,124644915,1410
HO5090,chr11,124673012,124674302,1290
HO5091,chr11,124739242,124740825,1583
HO5092,chr11,124745588,124747272,1684
HO5093,chr11,124758166,124759139,973
HO5094,chr11,124762146,124763814,1668
HO5095,chr11,124798993,124801270,2277
HO5096,chr11,124875868,124876938,1070
HO5097,chr11,124920532,124921661,1129
HO5098,chr11,124953218,124954534,1316
HO5099,chr11,125062550,125064006,1456
HO5100,chr11,125110968,125112118,1150
HO5101,chr11,125163830,125166047,2217
HO5102,chr11,125191953,125192735,782
HO5103,chr11,125201353,125202562,1209
HO5104,chr11,125223590,125225020,1430
HO5105,chr11,125261803,125263959,2156
HO5106,chr11,125300716,125302076,1360
HO5107,chr11,125375712,125376563,851
HO5108,chr11,125404144,125405209,1065
HO5109,chr11,125451163,125452974,1811
HO5110,chr11,125483093,125484085,992
HO5111,chr11,125494578,125496724,2146
HO5112,chr11,125568852,125570673,1821
HO5113,chr11,125591545,125593676,2131
HO5114,chr11,125625183,125626812,1629
HO5115,chr11,125886802,125888343,1541
HO5116,chr11,125902435,125904697,2262
HO5117,chr11,126061488,126063576,2088
HO5118,chr11,126083573,126084816,1243
HO5119,chr11,126100625,126102040,1415
HO5120,chr11,126102272,126103457,1185
HO5121,chr11,126113179,126113960,781
HO5122,chr11,126114744,126116355,1611
HO5123,chr11,126139003,126141425,2422
HO5124,chr11,126210841,126212310,1469
HO5125,chr11,126268050,126269563,1513
HO5126,chr11,126282245,126283742,1497
HO5127,chr11,126303591,126304960,1369
HO5128,chr11,126307779,126308610,831
HO5129,chr11,126310293,126310992,699
HO5130,chr11,126345438,126346702,1264
HO5131,chr11,126347823,126348885,1062
HO5132,chr11,126355048,126356862,1814
HO5133,chr11,126359100,126360024,924
HO5134,chr11,126365734,126367289,1555
HO5135,chr11,126373010,126373973,963
HO5136,chr11,126391534,126392988,1454
HO5137,chr11,126394053,126395195,1142
HO5138,chr11,126414847,126417332,2485
HO5139,chr11,126420902,126421561,659
HO5140,chr11,126439945,126441215,1270
HO5141,chr11,126480480,126481095,615
HO5142,chr11,126654429,126656118,1689
HO5143,chr11,127002824,127003963,1139
HO5144,chr11,128451275,128452207,932
HO5145,chr11,128521369,128523214,1845
HO5146,chr11,128692758,128695191,2433
HO5147,chr11,128789551,128790672,1121
HO5148,chr11,128859114,128860325,1211
HO5149,chr11,128890254,128891722,1468
HO5150,chr11,128904683,128906459,1776
HO5151,chr11,129278552,129280724,2172
HO5152,chr11,129363925,129364636,711
HO5153,chr11,129375132,129376506,1374
HO5154,chr11,129451157,129451859,702
HO5155,chr11,129529931,129531043,1112
HO5156,chr11,129695373,129696406,1033
HO5157,chr11,129709214,129710595,1381
HO5158,chr11,129750273,129751180,907
HO5159,chr11,129815429,129816541,1112
HO5160,chr11,129861468,129862428,960
HO5161,chr11,129894649,129896032,1383
HO5162,chr11,129949952,129951868,1916
HO5163,chr11,130001467,130003827,2360
HO5164,chr11,130068545,130071111,2566
HO5165,chr11,130181195,130182273,1078
HO5166,chr11,130313967,130315977,2010
HO5167,chr11,130427493,130428888,1395
HO5168,chr11,130434312,130435286,974
HO5169,chr11,130448149,130450447,2298
HO5170,chr11,130827383,130828144,761
HO5171,chr11,130861567,130862332,765
HO5172,chr11,130915581,130916828,1247
HO5173,chr11,131185911,131187331,1420
HO5174,chr11,131673655,131674493,838
HO5175,chr11,133063897,133064941,1044
HO5176,chr11,133082520,133083496,976
HO5177,chr11,133469001,133469805,804
HO5178,chr11,133927324,133928328,1004
HO5179,chr11,133934395,133935469,1074
HO5180,chr11,133945145,133947689,2544
HO5181,chr11,133950814,133952215,1401
HO5182,chr11,133953144,133954153,1009
HO5183,chr11,133955443,133956327,884
HO5184,chr11,133956491,133957561,1070
HO5185,chr11,134033718,134035152,1434
HO5186,chr11,134036486,134037868,1382
HO5187,chr11,134050295,134051327,1032
HO5188,chr11,134068673,134070779,2106
HO5189,chr11,134124530,134125862,1332
HO5190,chr11,134139347,134140135,788
HO5191,chr11,134215883,134217239,1356
HO5192,chr11,134223493,134225702,2209
HO5193,chr11,134252513,134254109,1596
HO5194,chr11,134275385,134277506,2121
HO5195,chr11,134331343,134332663,1320
HO5196,chr11,134360000,134360608,608
HO5197,chr12,138450,140466,2016
HO5198,chr12,171657,173115,1458
HO5199,chr12,174310,175622,1312
HO5200,chr12,188334,189502,1168
HO5201,chr12,203172,204199,1027
HO5202,chr12,219685,220460,775
HO5203,chr12,388452,389961,1509
HO5204,chr12,401001,402372,1371
HO5205,chr12,459397,461071,1674
HO5206,chr12,541386,543183,1797
HO5207,chr12,546206,547322,1116
HO5208,chr12,569438,571221,1783
HO5209,chr12,575753,576519,766
HO5210,chr12,591043,592368,1325
HO5211,chr12,642284,643446,1162
HO5212,chr12,661814,663946,2132
HO5213,chr12,751080,753481,2401
HO5214,chr12,948713,950325,1612
HO5215,chr12,989710,991993,2283
HO5216,chr12,1003395,1004378,983
HO5217,chr12,1053439,1055309,1870
HO5218,chr12,1529740,1531588,1848
HO5219,chr12,1575372,1577325,1953
HO5220,chr12,1592500,1595556,3056
HO5221,chr12,1604901,1606332,1431
HO5222,chr12,1628869,1630738,1869
HO5223,chr12,1659856,1660909,1053
HO5224,chr12,1661435,1662316,881
HO5225,chr12,1662691,1663357,666
HO5226,chr12,1690160,1691747,1587
HO5227,chr12,1795680,1797563,1883
HO5228,chr12,1804156,1804862,706
HO5229,chr12,1830820,1831463,643
HO5230,chr12,1936179,1938108,1929
HO5231,chr12,2003522,2004789,1267
HO5232,chr12,2034608,2035609,1001
HO5233,chr12,2051938,2054719,2781
HO5234,chr12,2752397,2753277,880
HO5235,chr12,2794070,2796244,2174
HO5236,chr12,2797585,2798189,604
HO5237,chr12,2812138,2813876,1738
HO5238,chr12,2834389,2835562,1173
HO5239,chr12,2876447,2878696,2249
HO5240,chr12,2890063,2891643,1580
HO5241,chr12,2958457,2960299,1842
HO5242,chr12,2998471,2999796,1325
HO5243,chr12,3041231,3041906,675
HO5244,chr12,3076498,3078078,1580
HO5245,chr12,3119392,3120821,1429
HO5246,chr12,3199341,3201147,1806
HO5247,chr12,3230659,3232062,1403
HO5248,chr12,3299762,3300852,1090
HO5249,chr12,3365161,3367052,1891
HO5250,chr12,3380322,3382186,1864
HO5251,chr12,3490861,3493812,2951
HO5252,chr12,3684241,3685235,994
HO5253,chr12,3752009,3754040,2031
HO5254,chr12,3840146,3841020,874
HO5255,chr12,3872392,3873742,1350
HO5256,chr12,3961632,3963343,1711
HO5257,chr12,4030803,4032045,1242
HO5258,chr12,4164212,4165495,1283
HO5259,chr12,4225981,4227607,1626
HO5260,chr12,4245559,4247116,1557
HO5261,chr12,4268882,4269866,984
HO5262,chr12,4270891,4271480,589
HO5263,chr12,4271722,4272961,1239
HO5264,chr12,4273435,4273908,473
HO5265,chr12,4276832,4277248,416
HO5266,chr12,4307563,4308359,796
HO5267,chr12,4320342,4321742,1400
HO5268,chr12,4538020,4539162,1142
HO5269,chr12,4561732,4562674,942
HO5270,chr12,4604455,4605249,794
HO5271,chr12,4648113,4649485,1372
HO5272,chr12,4808791,4810354,1563
HO5273,chr12,4857400,4858754,1354
HO5274,chr12,5250491,5251617,1126
HO5275,chr12,5944329,5945779,1450
HO5276,chr12,6053329,6054092,763
HO5277,chr12,6088346,6089751,1405
HO5278,chr12,6195551,6196099,548
HO5279,chr12,6199301,6201639,2338
HO5280,chr12,6229404,6231144,1740
HO5281,chr12,6234922,6236105,1183
HO5282,chr12,6272562,6274939,2377
HO5283,chr12,6278024,6279071,1047
HO5284,chr12,6310038,6311273,1235
HO5285,chr12,6335010,6337069,2059
HO5286,chr12,6340728,6342560,1832
HO5287,chr12,6362976,6364162,1186
HO5288,chr12,6375800,6376983,1183
HO5289,chr12,6383285,6384524,1239
HO5290,chr12,6423365,6424035,670
HO5291,chr12,6430087,6431065,978
HO5292,chr12,6450570,6452788,2218
HO5293,chr12,6469875,6471316,1441
HO5294,chr12,6492738,6494342,1604
HO5295,chr12,6506730,6508329,1599
HO5296,chr12,6532466,6535439,2973
HO5297,chr12,6552977,6553517,540
HO5298,chr12,6554078,6554676,598
HO5299,chr12,6554946,6556329,1383
HO5300,chr12,6567294,6568704,1410
HO5301,chr12,6605581,6608583,3002
HO5302,chr12,6612725,6614577,1852
HO5303,chr12,6617684,6618053,369
HO5304,chr12,6620028,6621051,1023
HO5305,chr12,6662533,6663565,1032
HO5306,chr12,6688431,6689887,1456
HO5307,chr12,6699692,6701102,1410
HO5308,chr12,6723443,6724764,1321
HO5309,chr12,6752153,6754093,1940
HO5310,chr12,6763788,6764716,928
HO5311,chr12,6765306,6767245,1939
HO5312,chr12,6778028,6779421,1393
HO5313,chr12,6825378,6825905,527
HO5314,chr12,6827960,6829802,1842
HO5315,chr12,6850894,6853333,2439
HO5316,chr12,6866825,6868279,1454
HO5317,chr12,6869423,6869719,296
HO5318,chr12,6872137,6874000,1863
HO5319,chr12,6890609,6891854,1245
HO5320,chr12,6904262,6905376,1114
HO5321,chr12,6913825,6915868,2043
HO5322,chr12,6924248,6925352,1104
HO5323,chr12,6925460,6926479,1019
HO5324,chr12,6927018,6928664,1646
HO5325,chr12,6936428,6938328,1900
HO5326,chr12,6943300,6944941,1641
HO5327,chr12,6945900,6946750,850
HO5328,chr12,6954603,6955516,913
HO5329,chr12,6964737,6965486,749
HO5330,chr12,6969968,6971398,1430
HO5331,chr12,7017781,7019407,1626
HO5332,chr12,7068185,7069274,1089
HO5333,chr12,7107841,7109564,1723
HO5334,chr12,7129402,7131436,2034
HO5335,chr12,7188469,7190492,2023
HO5336,chr12,7439600,7440472,872
HO5337,chr12,7638051,7640845,2794
HO5338,chr12,7730521,7731950,1429
HO5339,chr12,7872136,7873437,1301
HO5340,chr12,7878490,7879604,1114
HO5341,chr12,7890268,7891386,1118
HO5342,chr12,7933179,7933737,558
HO5343,chr12,7935140,7936579,1439
HO5344,chr12,7960284,7961183,899
HO5345,chr12,7970132,7971790,1658
HO5346,chr12,8018372,8019448,1076
HO5347,chr12,8025985,8027363,1378
HO5348,chr12,8032025,8033847,1822
HO5349,chr12,8038303,8039232,929
HO5350,chr12,8081226,8082888,1662
HO5351,chr12,8179809,8180629,820
HO5352,chr12,8242250,8244140,1890
HO5353,chr12,8389561,8390818,1257
HO5354,chr12,8396083,8396981,898
HO5355,chr12,8687471,8688386,915
HO5356,chr12,8696791,8698855,2064
HO5357,chr12,8844239,8845455,1216
HO5358,chr12,8890429,8891113,684
HO5359,chr12,8913466,8915470,2004
HO5360,chr12,8948662,8950650,1988
HO5361,chr12,9001054,9001768,714
HO5362,chr12,9063932,9065610,1678
HO5363,chr12,9283277,9284590,1313
HO5364,chr12,9391618,9392677,1059
HO5365,chr12,9447706,9448994,1288
HO5366,chr12,9585642,9586946,1304
HO5367,chr12,9646863,9648802,1939
HO5368,chr12,10009668,10011075,1407
HO5369,chr12,10153040,10154305,1265
HO5370,chr12,10211945,10214288,2343
HO5371,chr12,10362737,10365530,2793
HO5372,chr12,10612725,10614270,1545
HO5373,chr12,10673382,10674548,1166
HO5374,chr12,10721430,10723711,2281
HO5375,chr12,10749537,10750509,972
HO5376,chr12,11170853,11172500,1647
HO5377,chr12,11500050,11501101,1051
HO5378,chr12,11648588,11650642,2054
HO5379,chr12,11811897,11813856,1959
HO5380,chr12,11826415,11827918,1503
HO5381,chr12,11862410,11864360,1950
HO5382,chr12,11876791,11878525,1734
HO5383,chr12,11921564,11922913,1349
HO5384,chr12,12032036,12033687,1651
HO5385,chr12,12240661,12241301,640
HO5386,chr12,12265535,12267565,2030
HO5387,chr12,12349588,12351613,2025
HO5388,chr12,12356686,12358323,1637
HO5389,chr12,12533178,12534721,1543
HO5390,chr12,12560751,12563300,2549
HO5391,chr12,12611205,12612731,1526
HO5392,chr12,12695738,12697209,1471
HO5393,chr12,12704037,12704989,952
HO5394,chr12,12715971,12718359,2388
HO5395,chr12,12723624,12726096,2472
HO5396,chr12,12786431,12787768,1337
HO5397,chr12,12791598,12792753,1155
HO5398,chr12,12812733,12814028,1295
HO5399,chr12,12890492,12892193,1701
HO5400,chr12,12926873,12927928,1055
HO5401,chr12,12999326,13001750,2424
HO5402,chr12,13043979,13045119,1140
HO5403,chr12,13100584,13101784,1200
HO5404,chr12,13255519,13256454,935
HO5405,chr12,13277778,13278962,1184
HO5406,chr12,13980080,13982343,2263
HO5407,chr12,14249014,14249907,893
HO5408,chr12,14257273,14258473,1200
HO5409,chr12,14259963,14261075,1112
HO5410,chr12,14365053,14366417,1364
HO5411,chr12,14566990,14568324,1334
HO5412,chr12,14755938,14756940,1002
HO5413,chr12,14769461,14771327,1866
HO5414,chr12,14773640,14775383,1743
HO5415,chr12,14802608,14804240,1632
HO5416,chr12,15220382,15221674,1292
HO5417,chr12,15589926,15590744,818
HO5418,chr12,15596887,15598282,1395
HO5419,chr12,15779759,15780761,1002
HO5420,chr12,15787862,15790137,2275
HO5421,chr12,15881648,15883053,1405
HO5422,chr12,15910771,15911947,1176
HO5423,chr12,16605506,16606836,1330
HO5424,chr12,19129012,19131285,2273
HO5425,chr12,19439018,19440887,1869
HO5426,chr12,20367756,20370324,2568
HO5427,chr12,21407307,21408803,1496
HO5428,chr12,21437264,21438432,1168
HO5429,chr12,21500863,21502411,1548
HO5430,chr12,21526909,21528240,1331
HO5431,chr12,21656683,21658133,1450
HO5432,chr12,21773211,21775881,2670
HO5433,chr12,21940640,21942440,1800
HO5434,chr12,22045948,22047126,1178
HO5435,chr12,22311975,22312682,707
HO5436,chr12,22333709,22336118,2409
HO5437,chr12,22543391,22544875,1484
HO5438,chr12,22624396,22626208,1812
HO5439,chr12,23949053,23951398,2345
HO5440,chr12,24561417,24564248,2831
HO5441,chr12,24948029,24949480,1451
HO5442,chr12,25194217,25196040,1823
HO5443,chr12,25249884,25252012,2128
HO5444,chr12,25384613,25387762,3149
HO5445,chr12,25630306,25631571,1265
HO5446,chr12,25957846,25959942,2096
HO5447,chr12,26113774,26115314,1540
HO5448,chr12,26122001,26123447,1446
HO5449,chr12,26124680,26126801,2121
HO5450,chr12,26195039,26196551,1512
HO5451,chr12,26226063,26227674,1611
HO5452,chr12,26233369,26235150,1781
HO5453,chr12,26271464,26272404,940
HO5454,chr12,26629717,26631021,1304
HO5455,chr12,26723252,26724670,1418
HO5456,chr12,26831928,26834169,2241
HO5457,chr12,26937431,26939225,1794
HO5458,chr12,27013518,27014931,1413
HO5459,chr12,27017017,27017829,812
HO5460,chr12,27021787,27023483,1696
HO5461,chr12,27243697,27245686,1989
HO5462,chr12,27291245,27292296,1051
HO5463,chr12,27332335,27333812,1477
HO5464,chr12,27461767,27463216,1449
HO5465,chr12,27523223,27525182,1959
HO5466,chr12,27549272,27550416,1144
HO5467,chr12,27553999,27555628,1629
HO5468,chr12,27709921,27711616,1695
HO5469,chr12,27779400,27781415,2015
HO5470,chr12,27968921,27971594,2673
HO5471,chr12,27975024,27976182,1158
HO5472,chr12,28189892,28192023,2131
HO5473,chr12,28827449,28828573,1124
HO5474,chr12,29380012,29381547,1535
HO5475,chr12,29639869,29641487,1618
HO5476,chr12,29782326,29784554,2228
HO5477,chr12,30437298,30438957,1659
HO5478,chr12,30518424,30519969,1545
HO5479,chr12,30694183,30696206,2023
HO5480,chr12,30753694,30755420,1726
HO5481,chr12,30795065,30797251,2186
HO5482,chr12,30822162,30823507,1345
HO5483,chr12,30851100,30851906,806
HO5484,chr12,30925964,30927142,1178
HO5485,chr12,31073178,31074780,1602
HO5486,chr12,31322829,31323180,351
HO5487,chr12,31323469,31326584,3115
HO5488,chr12,31369232,31371536,2304
HO5489,chr12,31517283,31519522,2239
HO5490,chr12,31589621,31591879,2258
HO5491,chr12,31629412,31630592,1180
HO5492,chr12,31640969,31642245,1276
HO5493,chr12,31658346,31660075,1729
HO5494,chr12,31728353,31729549,1196
HO5495,chr12,31876579,31878227,1648
HO5496,chr12,31958590,31960406,1816
HO5497,chr12,32051391,32053076,1685
HO5498,chr12,32106105,32108252,2147
HO5499,chr12,32390333,32391306,973
HO5500,chr12,32398858,32400501,1643
HO5501,chr12,32501767,32503183,1416
HO5502,chr12,32533915,32535987,2072
HO5503,chr12,32566485,32567586,1101
HO5504,chr12,32678669,32680107,1438
HO5505,chr12,32754941,32757137,2196
HO5506,chr12,32896193,32897596,1403
HO5507,chr12,33437710,33440136,2426
HO5508,chr12,34021654,34023098,1444
HO5509,chr12,34107503,34108788,1285
HO5510,chr12,34117410,34118491,1081
HO5511,chr12,34126293,34127748,1455
HO5512,chr12,34218208,34219215,1007
HO5513,chr12,38316058,38317265,1207
HO5514,chr12,38904752,38907099,2347
HO5515,chr12,39144498,39145786,1288
HO5516,chr12,39327186,39328734,1548
HO5517,chr12,39405675,39406986,1311
HO5518,chr12,39441887,39444172,2285
HO5519,chr12,39619320,39620824,1504
HO5520,chr12,40104897,40106476,1579
HO5521,chr12,40224115,40225605,1490
HO5522,chr12,40691853,40693832,1979
HO5523,chr12,41187932,41189197,1265
HO5524,chr12,42143932,42145393,1461
HO5525,chr12,42237203,42238893,1690
HO5526,chr12,42325493,42327187,1694
HO5527,chr12,42482043,42484857,2814
HO5528,chr12,42588544,42590910,2366
HO5529,chr12,43550660,43552488,1828
HO5530,chr12,43758056,43759679,1623
HO5531,chr12,43805123,43806714,1591
HO5532,chr12,43835222,43837022,1800
HO5533,chr12,44875034,44877149,2115
HO5534,chr12,45049888,45052191,2303
HO5535,chr12,45215252,45217332,2080
HO5536,chr12,45331947,45332924,977
HO5537,chr12,45726852,45727994,1142
HO5538,chr12,45728438,45730066,1628
HO5539,chr12,45730284,45731040,756
HO5540,chr12,45989486,45992259,2773
HO5541,chr12,46266905,46270107,3202
HO5542,chr12,46364955,46365833,878
HO5543,chr12,46371070,46373743,2673
HO5544,chr12,46382636,46384365,1729
HO5545,chr12,46825310,46826145,835
HO5546,chr12,46830661,46832388,1727
HO5547,chr12,47079301,47081022,1721
HO5548,chr12,47154622,47156710,2088
HO5549,chr12,47222648,47224084,1436
HO5550,chr12,47705106,47707024,1918
HO5551,chr12,47717242,47718145,903
HO5552,chr12,47736767,47737795,1028
HO5553,chr12,47740525,47741792,1267
HO5554,chr12,47757603,47759660,2057
HO5555,chr12,47762887,47764088,1201
HO5556,chr12,47772682,47774069,1387
HO5557,chr12,47811539,47813820,2281
HO5558,chr12,47818618,47821017,2399
HO5559,chr12,47882287,47883578,1291
HO5560,chr12,47904469,47905747,1278
HO5561,chr12,47962985,47964483,1498
HO5562,chr12,47987677,47988997,1320
HO5563,chr12,48000949,48002035,1086
HO5564,chr12,48002248,48003071,823
HO5565,chr12,48003822,48005394,1572
HO5566,chr12,48023074,48024285,1211
HO5567,chr12,48105250,48106892,1642
HO5568,chr12,48118464,48120083,1619
HO5569,chr12,48156656,48157956,1300
HO5570,chr12,48182723,48184875,2152
HO5571,chr12,48197459,48199258,1799
HO5572,chr12,48236886,48237819,933
HO5573,chr12,48296330,48297398,1068
HO5574,chr12,48349400,48351503,2103
HO5575,chr12,48571583,48572699,1116
HO5576,chr12,48659561,48661317,1756
HO5577,chr12,48681441,48682647,1206
HO5578,chr12,48716033,48717407,1374
HO5579,chr12,48787003,48790172,3169
HO5580,chr12,48814226,48815993,1767
HO5581,chr12,48818032,48819089,1057
HO5582,chr12,48851636,48853563,1927
HO5583,chr12,48865151,48866238,1087
HO5584,chr12,48890476,48891604,1128
HO5585,chr12,48903397,48904759,1362
HO5586,chr12,48924438,48925971,1533
HO5587,chr12,48956117,48957896,1779
HO5588,chr12,48977772,48978865,1093
HO5589,chr12,48980534,48981726,1192
HO5590,chr12,48995253,48995758,505
HO5591,chr12,48996682,48997535,853
HO5592,chr12,48997547,48999035,1488
HO5593,chr12,48999105,49000310,1205
HO5594,chr12,49017832,49019715,1883
HO5595,chr12,49059502,49061350,1848
HO5596,chr12,49069029,49070417,1388
HO5597,chr12,49088064,49088611,547
HO5598,chr12,49091632,49092872,1240
HO5599,chr12,49093785,49094961,1176
HO5600,chr12,49108771,49111234,2463
HO5601,chr12,49130029,49131776,1747
HO5602,chr12,49187760,49189418,1658
HO5603,chr12,49200907,49202238,1331
HO5604,chr12,49214589,49215668,1079
HO5605,chr12,49232359,49234168,1809
HO5606,chr12,49234268,49235476,1208
HO5607,chr12,49264175,49265748,1573
HO5608,chr12,49296438,49297735,1297
HO5609,chr12,49321637,49323573,1936
HO5610,chr12,49336706,49337415,709
HO5611,chr12,49341946,49343183,1237
HO5612,chr12,49347254,49348055,801
HO5613,chr12,49366264,49368056,1792
HO5614,chr12,49537475,49539336,1861
HO5615,chr12,49548661,49549688,1027
HO5616,chr12,49567394,49569092,1698
HO5617,chr12,49580232,49581205,973
HO5618,chr12,49622133,49624485,2352
HO5619,chr12,49636635,49638071,1436
HO5620,chr12,49671039,49671767,728
HO5621,chr12,49672957,49674537,1580
HO5622,chr12,49705208,49705943,735
HO5623,chr12,49706156,49707853,1697
HO5624,chr12,49740958,49742397,1439
HO5625,chr12,49808279,49810602,2323
HO5626,chr12,49827102,49829003,1901
HO5627,chr12,49841906,49843347,1441
HO5628,chr12,49868558,49869911,1353
HO5629,chr12,49902441,49904447,2006
HO5630,chr12,49945172,49945902,730
HO5631,chr12,49966796,49967951,1155
HO5632,chr12,50024782,50025862,1080
HO5633,chr12,50056929,50058291,1362
HO5634,chr12,50074964,50075565,601
HO5635,chr12,50084646,50085968,1322
HO5636,chr12,50101463,50103275,1812
HO5637,chr12,50103486,50104308,822
HO5638,chr12,50111240,50112903,1663
HO5639,chr12,50166410,50167844,1434
HO5640,chr12,50220322,50223118,2796
HO5641,chr12,50240614,50242606,1992
HO5642,chr12,50282636,50284160,1524
HO5643,chr12,50400159,50402107,1948
HO5644,chr12,50504374,50506382,2008
HO5645,chr12,50574379,50575740,1361
HO5646,chr12,50690524,50691480,956
HO5647,chr12,50763310,50765881,2571
HO5648,chr12,50923959,50925532,1573
HO5649,chr12,51025421,51026717,1296
HO5650,chr12,51047539,51048725,1186
HO5651,chr12,51082448,51083907,1459
HO5652,chr12,51171855,51173475,1620
HO5653,chr12,51183484,51184489,1005
HO5654,chr12,51216937,51218726,1789
HO5655,chr12,51237928,51239501,1573
HO5656,chr12,51269153,51271159,2006
HO5657,chr12,51390518,51392191,1673
HO5658,chr12,51424182,51425454,1272
HO5659,chr12,51504254,51506228,1974
HO5660,chr12,51590391,51591820,1429
HO5661,chr12,51721199,51722088,889
HO5662,chr12,51813898,51815060,1162
HO5663,chr12,51819813,51822162,2349
HO5664,chr12,51846549,51849698,3149
HO5665,chr12,51868754,51869836,1082
HO5666,chr12,51951012,51952766,1754
HO5667,chr12,52005758,52007929,2171
HO5668,chr12,52022883,52024047,1164
HO5669,chr12,52025357,52026149,792
HO5670,chr12,52032410,52033440,1030
HO5671,chr12,52036526,52037832,1306
HO5672,chr12,52043034,52044807,1773
HO5673,chr12,52050358,52051846,1488
HO5674,chr12,52052465,52052899,434
HO5675,chr12,52053868,52054201,333
HO5676,chr12,52058630,52058936,306
HO5677,chr12,52059552,52060730,1178
HO5678,chr12,52061599,52064638,3039
HO5679,chr12,52068939,52070639,1700
HO5680,chr12,52074973,52075704,731
HO5681,chr12,52081796,52083711,1915
HO5682,chr12,52148285,52149983,1698
HO5683,chr12,52163625,52164370,745
HO5684,chr12,52191678,52192689,1011
HO5685,chr12,52194901,52195587,686
HO5686,chr12,52202206,52203797,1591
HO5687,chr12,52213263,52213833,570
HO5688,chr12,52278611,52279485,874
HO5689,chr12,52307936,52309032,1096
HO5690,chr12,52566636,52567557,921
HO5691,chr12,52873668,52874617,949
HO5692,chr12,52879239,52880246,1007
HO5693,chr12,52903144,52905355,2211
HO5694,chr12,52924999,52926852,1853
HO5695,chr12,52945498,52946242,744
HO5696,chr12,52948514,52950095,1581
HO5697,chr12,52980651,52981281,630
HO5698,chr12,53005522,53007225,1703
HO5699,chr12,53046314,53049288,2974
HO5700,chr12,53053402,53054848,1446
HO5701,chr12,53078592,53080038,1446
HO5702,chr12,53096332,53098333,2001
HO5703,chr12,53179770,53181509,1739
HO5704,chr12,53197220,53198052,832
HO5705,chr12,53212989,53213770,781
HO5706,chr12,53219780,53221995,2215
HO5707,chr12,53250975,53252711,1736
HO5708,chr12,53267382,53268725,1343
HO5709,chr12,53294878,53295906,1028
HO5710,chr12,53299100,53300261,1161
HO5711,chr12,53320949,53321835,886
HO5712,chr12,53324172,53326054,1882
HO5713,chr12,53344432,53346138,1706
HO5714,chr12,53370283,53371937,1654
HO5715,chr12,53379097,53381114,2017
HO5716,chr12,53421265,53422072,807
HO5717,chr12,53423415,53425860,2445
HO5718,chr12,53440838,53442201,1363
HO5719,chr12,53451655,53453026,1371
HO5720,chr12,53492189,53493836,1647
HO5721,chr12,53498946,53500012,1066
HO5722,chr12,53500135,53501724,1589
HO5723,chr12,53508353,53509175,822
HO5724,chr12,53538094,53539179,1085
HO5725,chr12,53625669,53626769,1100
HO5726,chr12,53658612,53660440,1828
HO5727,chr12,53675560,53677661,2101
HO5728,chr12,53694869,53697429,2560
HO5729,chr12,53726869,53728079,1210
HO5730,chr12,53746415,53746954,539
HO5731,chr12,53750740,53752281,1541
HO5732,chr12,53984661,53986385,1724
HO5733,chr12,54016549,54019644,3095
HO5734,chr12,54188484,54189216,732
HO5735,chr12,54191192,54192084,892
HO5736,chr12,54214506,54215095,589
HO5737,chr12,54216697,54217388,691
HO5738,chr12,54259118,54260307,1189
HO5739,chr12,54261804,54262924,1120
HO5740,chr12,54279146,54281290,2144
HO5741,chr12,54294125,54296079,1954
HO5742,chr12,54300417,54301347,930
HO5743,chr12,54324418,54325490,1072
HO5744,chr12,54336332,54338120,1788
HO5745,chr12,54358202,54359816,1614
HO5746,chr12,54360525,54361163,638
HO5747,chr12,54368403,54369802,1399
HO5748,chr12,54369899,54370822,923
HO5749,chr12,54378601,54380003,1402
HO5750,chr12,54548908,54550457,1549
HO5751,chr12,54560061,54561554,1493
HO5752,chr12,54579375,54580227,852
HO5753,chr12,54586760,54588920,2160
HO5754,chr12,54698729,54700538,1809
HO5755,chr12,55019548,55020256,708
HO5756,chr12,55499133,55500483,1350
HO5757,chr12,55619340,55620077,737
HO5758,chr12,55645944,55646810,866
HO5759,chr12,55658744,55660105,1361
HO5760,chr12,55680992,55682283,1291
HO5761,chr12,55707240,55708479,1239
HO5762,chr12,55715544,55716776,1232
HO5763,chr12,55717886,55718443,557
HO5764,chr12,55727583,55730569,2986
HO5765,chr12,55736935,55739073,2138
HO5766,chr12,55742681,55744282,1601
HO5767,chr12,55816804,55818479,1675
HO5768,chr12,55828885,55831283,2398
HO5769,chr12,55875374,55876407,1033
HO5770,chr12,55901203,55902415,1212
HO5771,chr12,55908634,55910107,1473
HO5772,chr12,55926305,55928159,1854
HO5773,chr12,55931529,55932397,868
HO5774,chr12,55939823,55940760,937
HO5775,chr12,55965857,55967699,1842
HO5776,chr12,55972848,55974618,1770
HO5777,chr12,55995996,55997857,1861
HO5778,chr12,56006847,56008533,1686
HO5779,chr12,56020029,56022182,2153
HO5780,chr12,56041196,56042434,1238
HO5781,chr12,56046825,56047426,601
HO5782,chr12,56078777,56080616,1839
HO5783,chr12,56081285,56082109,824
HO5784,chr12,56082542,56083390,848
HO5785,chr12,56103718,56105409,1691
HO5786,chr12,56115939,56116981,1042
HO5787,chr12,56117762,56118667,905
HO5788,chr12,56119346,56119767,421
HO5789,chr12,56126096,56126485,389
HO5790,chr12,56127488,56129608,2120
HO5791,chr12,56151639,56152769,1130
HO5792,chr12,56153413,56153949,536
HO5793,chr12,56157191,56159408,2217
HO5794,chr12,56188358,56190522,2164
HO5795,chr12,56220686,56222493,1807
HO5796,chr12,56223834,56224579,745
HO5797,chr12,56243046,56244515,1469
HO5798,chr12,56257261,56259097,1836
HO5799,chr12,56266353,56267969,1616
HO5800,chr12,56299009,56300916,1907
HO5801,chr12,56315034,56316591,1557
HO5802,chr12,56333197,56334522,1325
HO5803,chr12,56359698,56360812,1114
HO5804,chr12,56448558,56449601,1043
HO5805,chr12,56464163,56464643,480
HO5806,chr12,56467890,56469383,1493
HO5807,chr12,56487448,56488739,1291
HO5808,chr12,56521022,56523144,2122
HO5809,chr12,56593866,56595121,1255
HO5810,chr12,56610584,56612158,1574
HO5811,chr12,56628483,56630531,2048
HO5812,chr12,56632346,56632604,258
HO5813,chr12,56634191,56634761,570
HO5814,chr12,56634775,56635408,633
HO5815,chr12,56635916,56637301,1385
HO5816,chr12,56644838,56646470,1632
HO5817,chr12,56675569,56677506,1937
HO5818,chr12,56686970,56689394,2424
HO5819,chr12,56724403,56725768,1365
HO5820,chr12,56751233,56752602,1369
HO5821,chr12,57005740,57006807,1067
HO5822,chr12,57069138,57069985,847
HO5823,chr12,57077986,57079234,1248
HO5824,chr12,57086359,57089379,3020
HO5825,chr12,57089551,57090167,616
HO5826,chr12,57110067,57112634,2567
HO5827,chr12,57126986,57129764,2778
HO5828,chr12,57141870,57143280,1410
HO5829,chr12,57148473,57149995,1522
HO5830,chr12,57168857,57169888,1031
HO5831,chr12,57182637,57183672,1035
HO5832,chr12,57213120,57213614,494
HO5833,chr12,57216311,57217905,1594
HO5834,chr12,57229278,57230788,1510
HO5835,chr12,57238858,57239438,580
HO5836,chr12,57242483,57243964,1481
HO5837,chr12,57264736,57265879,1143
HO5838,chr12,57341238,57342689,1451
HO5839,chr12,57417689,57418725,1036
HO5840,chr12,57429836,57431307,1471
HO5841,chr12,57452059,57453228,1169
HO5842,chr12,57458870,57460376,1506
HO5843,chr12,57460873,57462977,2104
HO5844,chr12,57474992,57476580,1588
HO5845,chr12,57487288,57488893,1605
HO5846,chr12,57519632,57521114,1482
HO5847,chr12,57521604,57523379,1775
HO5848,chr12,57546147,57547479,1332
HO5849,chr12,57582985,57583746,761
HO5850,chr12,57590520,57591923,1403
HO5851,chr12,57603533,57605857,2324
HO5852,chr12,57609751,57611880,2129
HO5853,chr12,57620758,57622113,1355
HO5854,chr12,57631772,57633398,1626
HO5855,chr12,57693404,57694821,1417
HO5856,chr12,57725811,57727975,2164
HO5857,chr12,57737574,57739165,1591
HO5858,chr12,57744243,57745815,1572
HO5859,chr12,57751537,57752816,1279
HO5860,chr12,57754403,57756011,1608
HO5861,chr12,57764701,57767052,2351
HO5862,chr12,57771385,57773075,1690
HO5863,chr12,57782183,57783400,1217
HO5864,chr12,57836527,57837437,910
HO5865,chr12,57844371,57847312,2941
HO5866,chr12,57864300,57865790,1490
HO5867,chr12,57881125,57882130,1005
HO5868,chr12,57887990,57889958,1968
HO5869,chr12,57893361,57894482,1121
HO5870,chr12,57896141,57897654,1513
HO5871,chr12,57904975,57905766,791
HO5872,chr12,57935507,57936388,881
HO5873,chr12,57940806,57942060,1254
HO5874,chr12,58919201,58920939,1738
HO5875,chr12,58924849,58926085,1236
HO5876,chr12,59595558,59597800,2242
HO5877,chr12,61188647,61189909,1262
HO5878,chr12,62190759,62192959,2200
HO5879,chr12,62247957,62249611,1654
HO5880,chr12,62259139,62261277,2138
HO5881,chr12,62434819,62436249,1430
HO5882,chr12,62465889,62467677,1788
HO5883,chr12,62602209,62603937,1728
HO5884,chr12,62631216,62632950,1734
HO5885,chr12,62933071,62935480,2409
HO5886,chr12,63149976,63152382,2406
HO5887,chr12,63667770,63669331,1561
HO5888,chr12,63779317,63780498,1181
HO5889,chr12,63843252,63845225,1973
HO5890,chr12,63949457,63950756,1299
HO5891,chr12,63982373,63983402,1029
HO5892,chr12,64088116,64088931,815
HO5893,chr12,64221442,64222781,1339
HO5894,chr12,64403755,64405392,1637
HO5895,chr12,64451184,64453102,1918
HO5896,chr12,64461526,64462130,604
HO5897,chr12,64608915,64611673,2758
HO5898,chr12,64758596,64760030,1434
HO5899,chr12,64780164,64781845,1681
HO5900,chr12,64824182,64825845,1663
HO5901,chr12,64950508,64951448,940
HO5902,chr12,64955166,64956586,1420
HO5903,chr12,64975961,64977282,1321
HO5904,chr12,64985953,64986739,786
HO5905,chr12,65120906,65121911,1005
HO5906,chr12,65168987,65171016,2029
HO5907,chr12,65278019,65279534,1515
HO5908,chr12,65740892,65742990,2098
HO5909,chr12,65823435,65826417,2982
HO5910,chr12,65895778,65896836,1058
HO5911,chr12,66127217,66128077,860
HO5912,chr12,66129871,66131182,1311
HO5913,chr12,66169016,66170220,1204
HO5914,chr12,66234679,66235612,933
HO5915,chr12,66301782,66303006,1224
HO5916,chr12,66776559,66777398,839
HO5917,chr12,67068210,67070158,1948
HO5918,chr12,67268275,67270354,2079
HO5919,chr12,67456233,67458166,1933
HO5920,chr12,67647257,67650151,2894
HO5921,chr12,67727472,67728885,1413
HO5922,chr12,67772356,67773245,889
HO5923,chr12,68331617,68332768,1151
HO5924,chr12,68364670,68365727,1057
HO5925,chr12,68609998,68612029,2031
HO5926,chr12,68686177,68687463,1286
HO5927,chr12,68745547,68746947,1400
HO5928,chr12,68807317,68809118,1801
HO5929,chr12,68932208,68933782,1574
HO5930,chr12,69238966,69240533,1567
HO5931,chr12,69359312,69360517,1205
HO5932,chr12,69415492,69416646,1154
HO5933,chr12,69469846,69471134,1288
HO5934,chr12,69533913,69535179,1266
HO5935,chr12,69584864,69586078,1214
HO5936,chr12,69737985,69740104,2119
HO5937,chr12,70242542,70244375,1833
HO5938,chr12,70365195,70367682,2487
HO5939,chr12,71438745,71440743,1998
HO5940,chr12,71626004,71627929,1925
HO5941,chr12,71662748,71664673,1925
HO5942,chr12,71685455,71686610,1155
HO5943,chr12,71754309,71755921,1612
HO5944,chr12,71839088,71840811,1723
HO5945,chr12,72271294,72273666,2372
HO5946,chr12,74537164,74538818,1654
HO5947,chr12,75329696,75330496,800
HO5948,chr12,75334181,75334887,706
HO5949,chr12,75390336,75391554,1218
HO5950,chr12,75510894,75512006,1112
HO5951,chr12,76029986,76032703,2717
HO5952,chr12,76083628,76085425,1797
HO5953,chr12,76347791,76348954,1163
HO5954,chr12,76558628,76560316,1688
HO5955,chr12,76763377,76765293,1916
HO5956,chr12,76878051,76879899,1848
HO5957,chr12,77064784,77066224,1440
HO5958,chr12,77324438,77325805,1367
HO5959,chr12,77925359,77926069,710
HO5960,chr12,77967891,77969033,1142
HO5961,chr12,78863445,78865752,2307
HO5962,chr12,79689374,79691668,2294
HO5963,chr12,79933673,79935845,2172
HO5964,chr12,79998329,79999110,781
HO5965,chr12,80936310,80938056,1746
HO5966,chr12,81077296,81079402,2106
HO5967,chr12,81758056,81759798,1742
HO5968,chr12,82357802,82359397,1595
HO5969,chr12,82685701,82688001,2300
HO5970,chr12,82707735,82708994,1259
HO5971,chr12,84910459,84913123,2664
HO5972,chr12,85035894,85037012,1118
HO5973,chr12,85279309,85280981,1672
HO5974,chr12,88034945,88036221,1276
HO5975,chr12,88141476,88142915,1439
HO5976,chr12,88552887,88554620,1733
HO5977,chr12,88578216,88580885,2669
HO5978,chr12,89133840,89135165,1325
HO5979,chr12,89351415,89354731,3316
HO5980,chr12,89496783,89497747,964
HO5981,chr12,89524141,89526359,2218
HO5982,chr12,89707612,89710288,2676
HO5983,chr12,90857551,90858773,1222
HO5984,chr12,91380667,91382588,1921
HO5985,chr12,92143979,92146553,2574
HO5986,chr12,92928305,92929878,1573
HO5987,chr12,93377389,93379207,1818
HO5988,chr12,93440933,93442755,1822
HO5989,chr12,93466989,93468193,1204
HO5990,chr12,93569558,93572193,2635
HO5991,chr12,93590611,93591904,1293
HO5992,chr12,93676813,93678192,1379
HO5993,chr12,93741505,93742985,1480
HO5994,chr12,93812614,93814734,2120
HO5995,chr12,94101183,94102611,1428
HO5996,chr12,94147823,94150827,3004
HO5997,chr12,94207527,94209622,2095
HO5998,chr12,94230038,94231838,1800
HO5999,chr12,94261692,94263038,1346
HO6000,chr12,94459183,94460751,1568
HO6001,chr12,94649296,94650989,1693
HO6002,chr12,94731907,94733610,1703
HO6003,chr12,94872771,94874741,1970
HO6004,chr12,95002862,95004049,1187
HO6005,chr12,95072236,95073853,1617
HO6006,chr12,95216633,95219063,2430
HO6007,chr12,95335942,95337053,1111
HO6008,chr12,95340085,95340793,708
HO6009,chr12,95473035,95474910,1875
HO6010,chr12,95547741,95549193,1452
HO6011,chr12,95754904,95756078,1174
HO6012,chr12,95789177,95791696,2519
HO6013,chr12,95858266,95859850,1584
HO6014,chr12,95942086,95943698,1612
HO6015,chr12,96034562,96036209,1647
HO6016,chr12,96193788,96196218,2430
HO6017,chr12,96214844,96215575,731
HO6018,chr12,96398580,96401585,3005
HO6019,chr12,96489019,96490125,1106
HO6020,chr12,96906563,96908150,1587
HO6021,chr12,97274847,97276855,2008
HO6022,chr12,97462432,97463719,1287
HO6023,chr12,98264105,98265157,1052
HO6024,chr12,98397077,98397878,801
HO6025,chr12,98418336,98419426,1090
HO6026,chr12,98424484,98425156,672
HO6027,chr12,98456449,98457335,886
HO6028,chr12,98470319,98471639,1320
HO6029,chr12,98474974,98475688,714
HO6030,chr12,98490603,98491380,777
HO6031,chr12,98502738,98504364,1626
HO6032,chr12,98514762,98516689,1927
HO6033,chr12,98592922,98594755,1833
HO6034,chr12,98643855,98645871,2016
HO6035,chr12,98894365,98895600,1235
HO6036,chr12,99154071,99155110,1039
HO6037,chr12,99810467,99811521,1054
HO6038,chr12,99983682,99985649,1967
HO6039,chr12,100141637,100143325,1688
HO6040,chr12,100163354,100164295,941
HO6041,chr12,100199167,100201221,2054
HO6042,chr12,100266353,100268206,1853
HO6043,chr12,100563892,100564860,968
HO6044,chr12,100572919,100574554,1635
HO6045,chr12,100716540,100718010,1470
HO6046,chr12,101126372,101128092,1720
HO6047,chr12,101209349,101210395,1046
HO6048,chr12,101242605,101243589,984
HO6049,chr12,101279308,101280631,1323
HO6050,chr12,101406785,101408560,1775
HO6051,chr12,101696593,101698954,2361
HO6052,chr12,101829753,101831260,1507
HO6053,chr12,101876607,101878205,1598
HO6054,chr12,102060961,102062324,1363
HO6055,chr12,102119286,102120576,1290
HO6056,chr12,102689659,102691040,1381
HO6057,chr12,102957261,102958834,1573
HO6058,chr12,103574968,103575842,874
HO6059,chr12,103840117,103842120,2003
HO6060,chr12,103928965,103931284,2319
HO6061,chr12,103956288,103957793,1505
HO6062,chr12,103965196,103966499,1303
HO6063,chr12,104049356,104050836,1480
HO6064,chr12,104063686,104065400,1714
HO6065,chr12,104137062,104138851,1789
HO6066,chr12,104215380,104216420,1040
HO6067,chr12,104286222,104287805,1583
HO6068,chr12,104288375,104289230,855
HO6069,chr12,104303069,104304156,1087
HO6070,chr12,104408019,104409399,1380
HO6071,chr12,104456305,104458746,2441
HO6072,chr12,104598502,104599343,841
HO6073,chr12,104668010,104670406,2396
HO6074,chr12,104671454,104672408,954
HO6075,chr12,104957611,104959639,2028
HO6076,chr12,104985739,104986936,1197
HO6077,chr12,105083431,105084967,1536
HO6078,chr12,105106908,105108353,1445
HO6079,chr12,105235148,105236481,1333
HO6080,chr12,105330019,105331608,1589
HO6081,chr12,105769335,105770060,725
HO6082,chr12,106105752,106106734,982
HO6083,chr12,106137696,106140334,2638
HO6084,chr12,106246836,106248823,1987
HO6085,chr12,106249760,106250382,622
HO6086,chr12,106301604,106303605,2001
HO6087,chr12,106342412,106343451,1039
HO6088,chr12,106357229,106358733,1504
HO6089,chr12,106773523,106775145,1622
HO6090,chr12,106902957,106903946,989
HO6091,chr12,106954837,106957199,2362
HO6092,chr12,106986455,106987430,975
HO6093,chr12,107091528,107094363,2835
HO6094,chr12,107317703,107320442,2739
HO6095,chr12,107348600,107349481,881
HO6096,chr12,107467797,107468726,929
HO6097,chr12,107684962,107686431,1469
HO6098,chr12,107760193,107761851,1658
HO6099,chr12,107903325,107904079,754
HO6100,chr12,108128993,108130338,1345
HO6101,chr12,108514602,108515731,1129
HO6102,chr12,108560639,108561630,991
HO6103,chr12,108561942,108563831,1889
HO6104,chr12,108617792,108619204,1412
HO6105,chr12,108690904,108692647,1743
HO6106,chr12,108729823,108732397,2574
HO6107,chr12,108768428,108769177,749
HO6108,chr12,108772827,108774714,1887
HO6109,chr12,108793439,108794496,1057
HO6110,chr12,108825591,108827779,2188
HO6111,chr12,108839060,108840310,1250
HO6112,chr12,108855616,108858848,3232
HO6113,chr12,109020517,109021289,772
HO6114,chr12,109052091,109053879,1788
HO6115,chr12,109093042,109093753,711
HO6116,chr12,109097161,109098842,1681
HO6117,chr12,109110736,109112125,1389
HO6118,chr12,109154034,109155374,1340
HO6119,chr12,109308815,109310656,1841
HO6120,chr12,109329230,109332372,3142
HO6121,chr12,109476522,109477991,1469
HO6122,chr12,109505185,109505981,796
HO6123,chr12,109572431,109574053,1622
HO6124,chr12,109597326,109598295,969
HO6125,chr12,109709123,109710076,953
HO6126,chr12,109713258,109714914,1656
HO6127,chr12,109720909,109721686,777
HO6128,chr12,109726536,109727669,1133
HO6129,chr12,109845003,109846076,1073
HO6130,chr12,109879268,109881141,1873
HO6131,chr12,109899744,109901726,1982
HO6132,chr12,109948720,109949453,733
HO6133,chr12,109995456,109996537,1081
HO6134,chr12,109998759,110000197,1438
HO6135,chr12,110042848,110043526,678
HO6136,chr12,110047816,110049074,1258
HO6137,chr12,110072784,110074030,1246
HO6138,chr12,110079215,110080244,1029
HO6139,chr12,110123545,110125037,1492
HO6140,chr12,110269433,110270865,1432
HO6141,chr12,110280307,110282406,2099
HO6142,chr12,110349124,110350188,1064
HO6143,chr12,110402580,110404318,1738
HO6144,chr12,110431075,110433074,1999
HO6145,chr12,110449323,110450614,1291
HO6146,chr12,110467881,110469511,1630
HO6147,chr12,110501138,110502655,1517
HO6148,chr12,110542673,110544501,1828
HO6149,chr12,110581927,110583649,1722
HO6150,chr12,110613334,110614506,1172
HO6151,chr12,110640323,110641910,1587
HO6152,chr12,110741351,110743280,1929
HO6153,chr12,110846516,110847311,795
HO6154,chr12,110887597,110888356,759
HO6155,chr12,110894088,110894889,801
HO6156,chr12,111033186,111035380,2194
HO6157,chr12,111368195,111369398,1203
HO6158,chr12,111396600,111397446,846
HO6159,chr12,111404531,111406404,1873
HO6160,chr12,111597090,111600175,3085
HO6161,chr12,111635408,111637208,1800
HO6162,chr12,111685110,111686522,1412
HO6163,chr12,111753023,111753849,826
HO6164,chr12,111766335,111767718,1383
HO6165,chr12,111774889,111776409,1520
HO6166,chr12,111791636,111793141,1505
HO6167,chr12,111812736,111813535,799
HO6168,chr12,111841043,111843109,2066
HO6169,chr12,111991397,111992345,948
HO6170,chr12,112012468,112014351,1883
HO6171,chr12,112107845,112109658,1813
HO6172,chr12,112116167,112117462,1295
HO6173,chr12,112125045,112126345,1300
HO6174,chr12,112182412,112183679,1267
HO6175,chr12,112380993,112382789,1796
HO6176,chr12,112387188,112387882,694
HO6177,chr12,112408720,112409893,1173
HO6178,chr12,112418274,112419710,1436
HO6179,chr12,112937864,112939037,1173
HO6180,chr12,113097593,113098738,1145
HO6181,chr12,113135119,113136476,1357
HO6182,chr12,113141685,113143253,1568
HO6183,chr12,113149161,113149946,785
HO6184,chr12,113152601,113153587,986
HO6185,chr12,113174236,113175498,1262
HO6186,chr12,113184425,113185997,1572
HO6187,chr12,113220569,113222195,1626
HO6188,chr12,113245488,113246899,1411
HO6189,chr12,113333854,113335538,1684
HO6190,chr12,113348388,113349650,1262
HO6191,chr12,113356518,113357216,698
HO6192,chr12,113357928,113360008,2080
HO6193,chr12,113421794,113423058,1264
HO6194,chr12,113965555,113966811,1256
HO6195,chr12,114667863,114669269,1406
HO6196,chr12,114683429,114685175,1746
HO6197,chr12,115451169,115453208,2039
HO6198,chr12,115507424,115508543,1119
HO6199,chr12,115558088,115558964,876
HO6200,chr12,115561562,115562479,917
HO6201,chr12,115576987,115577853,866
HO6202,chr12,116275880,116278156,2276
HO6203,chr12,116358465,116359721,1256
HO6204,chr12,116532951,116534966,2015
HO6205,chr12,116598528,116600151,1623
HO6206,chr12,116658224,116659066,842
HO6207,chr12,116662275,116663126,851
HO6208,chr12,116708551,116709765,1214
HO6209,chr12,116718695,116720602,1907
HO6210,chr12,116736912,116738662,1750
HO6211,chr12,116818723,116819804,1081
HO6212,chr12,116861182,116861709,527
HO6213,chr12,116875995,116876985,990
HO6214,chr12,116878492,116879157,665
HO6215,chr12,116880658,116881676,1018
HO6216,chr12,116910549,116911658,1109
HO6217,chr12,117025002,117026108,1106
HO6218,chr12,117032479,117034461,1982
HO6219,chr12,117098309,117099647,1338
HO6220,chr12,117141337,117142665,1328
HO6221,chr12,117155073,117155758,685
HO6222,chr12,117161257,117163053,1796
HO6223,chr12,117188861,117190776,1915
HO6224,chr12,117212419,117213484,1065
HO6225,chr12,117968242,117969661,1419
HO6226,chr12,118015984,118017199,1215
HO6227,chr12,118059768,118062619,2851
HO6228,chr12,118103047,118104545,1498
HO6229,chr12,118120543,118121890,1347
HO6230,chr12,118135438,118136955,1517
HO6231,chr12,118181593,118182676,1083
HO6232,chr12,118188472,118190738,2266
HO6233,chr12,118372376,118373323,947
HO6234,chr12,118375935,118377001,1066
HO6235,chr12,119178389,119179921,1532
HO6236,chr12,119188497,119189464,967
HO6237,chr12,119667347,119668619,1272
HO6238,chr12,119803072,119804746,1674
HO6239,chr12,119876663,119877735,1072
HO6240,chr12,119942121,119942956,835
HO6241,chr12,119988410,119990309,1899
HO6242,chr12,120086475,120087710,1235
HO6243,chr12,120100092,120101651,1559
HO6244,chr12,120116222,120117651,1429
HO6245,chr12,120194183,120195351,1168
HO6246,chr12,120200449,120202048,1599
HO6247,chr12,120228147,120229549,1402
HO6248,chr12,120265031,120266189,1158
HO6249,chr12,120290500,120293491,2991
HO6250,chr12,120301698,120302874,1176
HO6251,chr12,120316734,120318006,1272
HO6252,chr12,120325236,120326154,918
HO6253,chr12,120356357,120357023,666
HO6254,chr12,120361277,120362166,889
HO6255,chr12,120367749,120369568,1819
HO6256,chr12,120430209,120430948,739
HO6257,chr12,120437346,120438595,1249
HO6258,chr12,120439646,120440016,370
HO6259,chr12,120445670,120446964,1294
HO6260,chr12,120466496,120467320,824
HO6261,chr12,120468294,120470228,1934
HO6262,chr12,120474532,120474995,463
HO6263,chr12,120487083,120488525,1442
HO6264,chr12,120495087,120497205,2118
HO6265,chr12,120528357,120529933,1576
HO6266,chr12,120533874,120535405,1531
HO6267,chr12,120580874,120581724,850
HO6268,chr12,120639939,120641708,1769
HO6269,chr12,120646744,120647308,564
HO6270,chr12,120648756,120650334,1578
HO6271,chr12,120668816,120669890,1074
HO6272,chr12,120686185,120687619,1434
HO6273,chr12,120689425,120690019,594
HO6274,chr12,120709804,120711292,1488
HO6275,chr12,120725150,120726406,1256
HO6276,chr12,120903045,120904758,1713
HO6277,chr12,121015807,121016721,914
HO6278,chr12,121095331,121096357,1026
HO6279,chr12,121128785,121129581,796
HO6280,chr12,121132222,121133471,1249
HO6281,chr12,121209608,121211173,1565
HO6282,chr12,121239861,121241733,1872
HO6283,chr12,121278401,121280477,2076
HO6284,chr12,121295340,121297909,2569
HO6285,chr12,121351475,121352951,1476
HO6286,chr12,121399213,121401097,1884
HO6287,chr12,121442604,121443834,1230
HO6288,chr12,121466260,121468350,2090
HO6289,chr12,121535533,121538279,2746
HO6290,chr12,121578309,121581292,2983
HO6291,chr12,121625990,121627539,1549
HO6292,chr12,121627696,121628401,705
HO6293,chr12,121632178,121633240,1062
HO6294,chr12,121672006,121673609,1603
HO6295,chr12,121686457,121687370,913
HO6296,chr12,121711804,121713759,1955
HO6297,chr12,121772994,121773747,753
HO6298,chr12,121793558,121795197,1639
HO6299,chr12,121797022,121797755,733
HO6300,chr12,121799273,121799841,568
HO6301,chr12,121800607,121801157,550
HO6302,chr12,121802665,121804443,1778
HO6303,chr12,121811361,121813123,1762
HO6304,chr12,121839087,121840188,1101
HO6305,chr12,121883009,121884067,1058
HO6306,chr12,121888246,121889351,1105
HO6307,chr12,121917965,121918875,910
HO6308,chr12,122021159,122024296,3137
HO6309,chr12,122029332,122030649,1317
HO6310,chr12,122054116,122054706,590
HO6311,chr12,122062695,122064435,1740
HO6312,chr12,122078029,122080115,2086
HO6313,chr12,122097490,122098874,1384
HO6314,chr12,122130836,122131371,535
HO6315,chr12,122182748,122183756,1008
HO6316,chr12,122203138,122204618,1480
HO6317,chr12,122223240,122223962,722
HO6318,chr12,122225211,122226748,1537
HO6319,chr12,122265592,122267286,1694
HO6320,chr12,122399135,122400813,1678
HO6321,chr12,122421198,122423898,2700
HO6322,chr12,122499743,122501609,1866
HO6323,chr12,122526024,122527712,1688
HO6324,chr12,122752092,122753499,1407
HO6325,chr12,122773723,122775593,1870
HO6326,chr12,122834293,122836848,2555
HO6327,chr12,122859907,122860940,1033
HO6328,chr12,122867558,122868466,908
HO6329,chr12,122879741,122881090,1349
HO6330,chr12,122886826,122889245,2419
HO6331,chr12,122895362,122896416,1054
HO6332,chr12,122909657,122910555,898
HO6333,chr12,122944211,122945029,818
HO6334,chr12,122963670,122964273,603
HO6335,chr12,122965321,122966842,1521
HO6336,chr12,122974031,122975581,1550
HO6337,chr12,122980016,122981457,1441
HO6338,chr12,122983999,122985454,1455
HO6339,chr12,123097328,123098780,1452
HO6340,chr12,123150260,123151727,1467
HO6341,chr12,123232346,123233873,1527
HO6342,chr12,123269011,123270224,1213
HO6343,chr12,123270387,123272466,2079
HO6344,chr12,123363436,123365981,2545
HO6345,chr12,123383274,123384747,1473
HO6346,chr12,123387965,123390309,2344
HO6347,chr12,123435769,123437099,1330
HO6348,chr12,123457830,123458994,1164
HO6349,chr12,123471256,123472203,947
HO6350,chr12,123532962,123534587,1625
HO6351,chr12,123583302,123585205,1903
HO6352,chr12,123601329,123602598,1269
HO6353,chr12,123633140,123634498,1358
HO6354,chr12,123670639,123671766,1127
HO6355,chr12,123696023,123697125,1102
HO6356,chr12,123711476,123712956,1480
HO6357,chr12,123761553,123763393,1840
HO6358,chr12,123950179,123951106,927
HO6359,chr12,123971575,123974152,2577
HO6360,chr12,124363289,124364052,763
HO6361,chr12,124368857,124370220,1363
HO6362,chr12,124387258,124387796,538
HO6363,chr12,124388483,124389699,1216
HO6364,chr12,124391989,124393448,1459
HO6365,chr12,124396571,124397261,690
HO6366,chr12,124409945,124411785,1840
HO6367,chr12,124422086,124423683,1597
HO6368,chr12,124444660,124446115,1455
HO6369,chr12,124456611,124458290,1679
HO6370,chr12,124474418,124475239,821
HO6371,chr12,124479904,124481514,1610
HO6372,chr12,124490631,124491205,574
HO6373,chr12,124500275,124501424,1149
HO6374,chr12,124509426,124510182,756
HO6375,chr12,124512520,124513381,861
HO6376,chr12,124517124,124519691,2567
HO6377,chr12,124537603,124539230,1627
HO6378,chr12,124542702,124544926,2224
HO6379,chr12,124556821,124558193,1372
HO6380,chr12,124565912,124569018,3106
HO6381,chr12,124569680,124570014,334
HO6382,chr12,124608086,124609666,1580
HO6383,chr12,124620801,124621813,1012
HO6384,chr12,124654773,124656353,1580
HO6385,chr12,124697931,124699067,1136
HO6386,chr12,124703293,124704316,1023
HO6387,chr12,124732274,124733364,1090
HO6388,chr12,124745366,124746546,1180
HO6389,chr12,124798549,124799201,652
HO6390,chr12,124837951,124838740,789
HO6391,chr12,124841524,124843391,1867
HO6392,chr12,124846697,124848140,1443
HO6393,chr12,124862797,124864223,1426
HO6394,chr12,124871738,124872636,898
HO6395,chr12,124904288,124905116,828
HO6396,chr12,124906575,124907093,518
HO6397,chr12,124909957,124911544,1587
HO6398,chr12,124913612,124915472,1860
HO6399,chr12,124917120,124917848,728
HO6400,chr12,124926970,124928710,1740
HO6401,chr12,124938544,124940995,2451
HO6402,chr12,124988479,124989357,878
HO6403,chr12,124992824,124994866,2042
HO6404,chr12,125049095,125050248,1153
HO6405,chr12,125064749,125065971,1222
HO6406,chr12,125185327,125186881,1554
HO6407,chr12,125330738,125331861,1123
HO6408,chr12,126952089,126953126,1037
HO6409,chr12,127145572,127146701,1129
HO6410,chr12,127165652,127166679,1027
HO6411,chr12,128796955,128798069,1114
HO6412,chr12,128823043,128824806,1763
HO6413,chr12,129275422,129277085,1663
HO6414,chr12,129606289,129608350,2061
HO6415,chr12,129902813,129904747,1934
HO6416,chr12,130763908,130765616,1708
HO6417,chr12,130818242,130819465,1223
HO6418,chr12,130838160,130839762,1602
HO6419,chr12,130870808,130872763,1955
HO6420,chr12,130983200,130984104,904
HO6421,chr12,131091269,131092617,1348
HO6422,chr12,131103774,131105099,1325
HO6423,chr12,131113433,131115641,2208
HO6424,chr12,131131809,131132887,1078
HO6425,chr12,131137540,131138963,1423
HO6426,chr12,131218131,131219004,873
HO6427,chr12,131349308,131350633,1325
HO6428,chr12,131365442,131366796,1354
HO6429,chr12,131620960,131622814,1854
HO6430,chr12,131710353,131712021,1668
HO6431,chr12,131827933,131828756,823
HO6432,chr12,131829938,131831547,1609
HO6433,chr12,131893900,131895066,1166
HO6434,chr12,131895548,131896937,1389
HO6435,chr12,131912161,131913249,1088
HO6436,chr12,131921693,131922763,1070
HO6437,chr12,131928381,131930376,1995
HO6438,chr12,131949245,131950779,1534
HO6439,chr12,131959315,131960478,1163
HO6440,chr12,132000893,132001894,1001
HO6441,chr12,132083635,132085504,1869
HO6442,chr12,132143426,132145154,1728
HO6443,chr12,132153515,132155662,2147
HO6444,chr12,132188768,132190299,1531
HO6445,chr12,132285911,132286746,835
HO6446,chr12,132328822,132330045,1223
HO6447,chr12,132414591,132415388,797
HO6448,chr12,132423259,132424586,1327
HO6449,chr12,132432234,132434025,1791
HO6450,chr12,132489117,132491240,2123
HO6451,chr12,132493692,132494626,934
HO6452,chr12,132505634,132507328,1694
HO6453,chr12,132513945,132515319,1374
HO6454,chr12,132517023,132517996,973
HO6455,chr12,132559594,132561500,1906
HO6456,chr12,132593744,132594315,571
HO6457,chr12,132597617,132599071,1454
HO6458,chr12,132600177,132600992,815
HO6459,chr12,132686542,132688111,1569
HO6460,chr12,132710004,132711630,1626
HO6461,chr12,132760489,132762544,2055
HO6462,chr12,132766300,132767040,740
HO6463,chr12,132806756,132808032,1276
HO6464,chr12,132827844,132829462,1618
HO6465,chr12,132886898,132888289,1391
HO6466,chr12,132907951,132909187,1236
HO6467,chr12,132955132,132956751,1619
HO6468,chr12,132985770,132987139,1369
HO6469,chr12,133036746,133038006,1260
HO6470,chr12,133079723,133081277,1554
HO6471,chr12,133129651,133131039,1388
HO6472,chr12,133180959,133182010,1051
HO6473,chr13,19601526,19603091,1565
HO6474,chr13,19633024,19634660,1636
HO6475,chr13,19781634,19783215,1581
HO6476,chr13,19862455,19865019,2564
HO6477,chr13,19957255,19960396,3141
HO6478,chr13,20118147,20119693,1546
HO6479,chr13,20120305,20120931,626
HO6480,chr13,20127248,20128923,1675
HO6481,chr13,20160114,20161912,1798
HO6482,chr13,20163273,20163699,426
HO6483,chr13,20191589,20193560,1971
HO6484,chr13,20525058,20526598,1540
HO6485,chr13,20566335,20567729,1394
HO6486,chr13,20702564,20704652,2088
HO6487,chr13,20721006,20722353,1347
HO6488,chr13,20773007,20774389,1382
HO6489,chr13,20901818,20903385,1567
HO6490,chr13,21060089,21061852,1763
HO6491,chr13,21139764,21141115,1351
HO6492,chr13,21175798,21177235,1437
HO6493,chr13,21296841,21298879,2038
HO6494,chr13,21325687,21327127,1440
HO6495,chr13,21458298,21459738,1440
HO6496,chr13,21603334,21604444,1110
HO6497,chr13,21669071,21671231,2160
HO6498,chr13,21673607,21674602,995
HO6499,chr13,21674873,21675924,1051
HO6500,chr13,21902269,21903385,1116
HO6501,chr13,22812395,22814521,2126
HO6502,chr13,22914737,22916595,1858
HO6503,chr13,22925638,22927471,1833
HO6504,chr13,22992367,22993469,1102
HO6505,chr13,23158761,23161368,2607
HO6506,chr13,23374895,23376062,1167
HO6507,chr13,23433071,23433886,815
HO6508,chr13,23465902,23466990,1088
HO6509,chr13,23578493,23580072,1579
HO6510,chr13,23888397,23889872,1475
HO6511,chr13,23979225,23980563,1338
HO6512,chr13,24159856,24161733,1877
HO6513,chr13,24270436,24273103,2667
HO6514,chr13,24288368,24289334,966
HO6515,chr13,24511107,24513060,1953
HO6516,chr13,24540723,24542369,1646
HO6517,chr13,24745728,24748328,2600
HO6518,chr13,24922201,24923568,1367
HO6519,chr13,25017636,25019063,1427
HO6520,chr13,25170335,25172352,2017
HO6521,chr13,25192608,25193383,775
HO6522,chr13,25286321,25288003,1682
HO6523,chr13,25300745,25302159,1414
HO6524,chr13,25371505,25372987,1482
HO6525,chr13,25468225,25469402,1177
HO6526,chr13,26011945,26013333,1388
HO6527,chr13,26024041,26026123,2082
HO6528,chr13,26048797,26050396,1599
HO6529,chr13,26050526,26052269,1743
HO6530,chr13,26185712,26187322,1610
HO6531,chr13,26221275,26222803,1528
HO6532,chr13,26253454,26255364,1910
HO6533,chr13,26503444,26504558,1114
HO6534,chr13,26557065,26558663,1598
HO6535,chr13,26698050,26699023,973
HO6536,chr13,26982968,26983628,660
HO6537,chr13,26991252,26992280,1028
HO6538,chr13,27006245,27007517,1272
HO6539,chr13,27170471,27172686,2215
HO6540,chr13,27250781,27252215,1434
HO6541,chr13,27270303,27271436,1133
HO6542,chr13,27361775,27362747,972
HO6543,chr13,27423654,27425329,1675
HO6544,chr13,27449131,27451446,2315
HO6545,chr13,27532892,27533670,778
HO6546,chr13,27619824,27622384,2560
HO6547,chr13,27792185,27792984,799
HO6548,chr13,27826281,27826910,629
HO6549,chr13,27829783,27830324,541
HO6550,chr13,27919762,27921562,1800
HO6551,chr13,27953005,27954830,1825
HO6552,chr13,28022349,28023698,1349
HO6553,chr13,28099858,28101071,1213
HO6554,chr13,28137706,28140593,2887
HO6555,chr13,28257795,28258946,1151
HO6556,chr13,28395520,28396291,771
HO6557,chr13,28493714,28495710,1996
HO6558,chr13,28532151,28533316,1165
HO6559,chr13,28657864,28659720,1856
HO6560,chr13,28718089,28719449,1360
HO6561,chr13,28819179,28820876,1697
HO6562,chr13,29361307,29362133,826
HO6563,chr13,29428101,29429489,1388
HO6564,chr13,29496111,29497760,1649
HO6565,chr13,29594257,29596126,1869
HO6566,chr13,29605565,29606794,1229
HO6567,chr13,29678881,29680401,1520
HO6568,chr13,29848993,29850943,1950
HO6569,chr13,29877317,29878531,1214
HO6570,chr13,29883872,29885349,1477
HO6571,chr13,30112653,30113374,721
HO6572,chr13,30114139,30115372,1233
HO6573,chr13,30132373,30133113,740
HO6574,chr13,30306632,30307909,1277
HO6575,chr13,30394641,30395879,1238
HO6576,chr13,30407992,30408989,997
HO6577,chr13,30421012,30422736,1724
HO6578,chr13,30445329,30446256,927
HO6579,chr13,30463873,30466293,2420
HO6580,chr13,30616699,30618492,1793
HO6581,chr13,30673568,30674651,1083
HO6582,chr13,30802558,30803406,848
HO6583,chr13,30805125,30806180,1055
HO6584,chr13,30832508,30833415,907
HO6585,chr13,30864347,30865674,1327
HO6586,chr13,30905816,30907492,1676
HO6587,chr13,31160568,31162859,2291
HO6588,chr13,31199543,31201137,1594
HO6589,chr13,31207531,31210299,2768
HO6590,chr13,31846046,31847265,1219
HO6591,chr13,32030694,32031881,1187
HO6592,chr13,32314651,32316302,1651
HO6593,chr13,32408311,32410464,2153
HO6594,chr13,32426621,32428970,2349
HO6595,chr13,32537745,32539264,1519
HO6596,chr13,32585624,32587785,2161
HO6597,chr13,33015763,33017909,2146
HO6598,chr13,33284601,33286385,1784
HO6599,chr13,33349358,33350897,1539
HO6600,chr13,33542049,33543323,1274
HO6601,chr13,33675653,33677305,1652
HO6602,chr13,33817540,33818840,1300
HO6603,chr13,34941577,34943947,2370
HO6604,chr13,35475084,35476907,1823
HO6605,chr13,36123859,36124996,1137
HO6606,chr13,36130122,36131829,1707
HO6607,chr13,36297289,36298379,1090
HO6608,chr13,36345084,36346994,1910
HO6609,chr13,36431390,36433138,1748
HO6610,chr13,36673357,36674818,1461
HO6611,chr13,36818560,36820086,1526
HO6612,chr13,36918723,36920798,2075
HO6613,chr13,36998356,37001194,2838
HO6614,chr13,37058547,37060116,1569
HO6615,chr13,37868595,37870591,1996
HO6616,chr13,38348805,38350498,1693
HO6617,chr13,38685953,38688110,2157
HO6618,chr13,39037381,39038845,1464
HO6619,chr13,39602187,39603941,1754
HO6620,chr13,39655126,39656553,1427
HO6621,chr13,40082324,40083311,987
HO6622,chr13,40189692,40191463,1771
HO6623,chr13,40343366,40345520,2154
HO6624,chr13,40401955,40403510,1555
HO6625,chr13,40469540,40470546,1006
HO6626,chr13,40480020,40481377,1357
HO6627,chr13,40664147,40667515,3368
HO6628,chr13,40770171,40771586,1415
HO6629,chr13,40776728,40777940,1212
HO6630,chr13,40788796,40790525,1729
HO6631,chr13,40895013,40896443,1430
HO6632,chr13,40910097,40911172,1075
HO6633,chr13,40920807,40922055,1248
HO6634,chr13,41059541,41062414,2873
HO6635,chr13,41131998,41133277,1279
HO6636,chr13,41193888,41194926,1038
HO6637,chr13,41262969,41264014,1045
HO6638,chr13,41310644,41312503,1859
HO6639,chr13,41456713,41458751,2038
HO6640,chr13,41613666,41615555,1889
HO6641,chr13,41960042,41961520,1478
HO6642,chr13,42039692,42042034,2342
HO6643,chr13,42047365,42049598,2233
HO6644,chr13,42271218,42272807,1589
HO6645,chr13,42875436,42876578,1142
HO6646,chr13,42991540,42992910,1370
HO6647,chr13,43302614,43303582,968
HO6648,chr13,43307426,43308340,914
HO6649,chr13,43785357,43787544,2187
HO6650,chr13,43878686,43880635,1949
HO6651,chr13,44007223,44008746,1523
HO6652,chr13,44141314,44142804,1490
HO6653,chr13,44373056,44374617,1561
HO6654,chr13,44404228,44406077,1849
HO6655,chr13,44434960,44435987,1027
HO6656,chr13,44436323,44437381,1058
HO6657,chr13,44575668,44578287,2619
HO6658,chr13,44917368,44918866,1498
HO6659,chr13,44988788,44990112,1324
HO6660,chr13,45046521,45047845,1324
HO6661,chr13,45101674,45103288,1614
HO6662,chr13,45119127,45121227,2100
HO6663,chr13,45142465,45143810,1345
HO6664,chr13,45310748,45311949,1201
HO6665,chr13,45335236,45336342,1106
HO6666,chr13,45340323,45342213,1890
HO6667,chr13,45370765,45371444,679
HO6668,chr13,45417027,45418976,1949
HO6669,chr13,45464232,45465683,1451
HO6670,chr13,45615046,45616209,1163
HO6671,chr13,45850081,45852252,2171
HO6672,chr13,45889039,45890267,1228
HO6673,chr13,46051852,46053194,1342
HO6674,chr13,46202549,46203467,918
HO6675,chr13,46210838,46212375,1537
HO6676,chr13,46385940,46387785,1845
HO6677,chr13,46552451,46554869,2418
HO6678,chr13,46796245,46797603,1358
HO6679,chr13,46893369,46895018,1649
HO6680,chr13,46926771,46927831,1060
HO6681,chr13,48000252,48002244,1992
HO6682,chr13,48037137,48038286,1149
HO6683,chr13,48094360,48095421,1061
HO6684,chr13,48109777,48112116,2339
HO6685,chr13,48232397,48234144,1747
HO6686,chr13,48302941,48304773,1832
HO6687,chr13,48531591,48533546,1955
HO6688,chr13,48625275,48626955,1680
HO6689,chr13,48738044,48739978,1934
HO6690,chr13,48768797,48769498,701
HO6691,chr13,48975092,48977116,2024
HO6692,chr13,49082444,49083716,1272
HO6693,chr13,49109753,49111135,1382
HO6694,chr13,49214054,49215351,1297
HO6695,chr13,49219698,49221315,1617
HO6696,chr13,49247170,49248994,1824
HO6697,chr13,49298675,49299640,965
HO6698,chr13,49303471,49304010,539
HO6699,chr13,49443219,49445344,2125
HO6700,chr13,49463133,49464034,901
HO6701,chr13,49495036,49496801,1765
HO6702,chr13,49560130,49561434,1304
HO6703,chr13,49584675,49586287,1612
HO6704,chr13,49606763,49607596,833
HO6705,chr13,49690015,49691853,1838
HO6706,chr13,49745899,49746906,1007
HO6707,chr13,49791246,49793493,2247
HO6708,chr13,49847624,49848363,739
HO6709,chr13,49935530,49937187,1657
HO6710,chr13,49995820,49997632,1812
HO6711,chr13,50080167,50082896,2729
HO6712,chr13,50123642,50126228,2586
HO6713,chr13,50357083,50358160,1077
HO6714,chr13,50677267,50678416,1149
HO6715,chr13,50684862,50686200,1338
HO6716,chr13,50842692,50844073,1381
HO6717,chr13,50909362,50910791,1429
HO6718,chr13,51221802,51223215,1413
HO6719,chr13,51451274,51454205,2931
HO6720,chr13,51583411,51585518,2107
HO6721,chr13,51590528,51591756,1228
HO6722,chr13,51785586,51787407,1821
HO6723,chr13,51802913,51805112,2199
HO6724,chr13,51814903,51816507,1604
HO6725,chr13,52011012,52012563,1551
HO6726,chr13,52127554,52129331,1777
HO6727,chr13,52158660,52159937,1277
HO6728,chr13,52193669,52195857,2188
HO6729,chr13,52449747,52450918,1171
HO6730,chr13,52454924,52456261,1337
HO6731,chr13,52599125,52600667,1542
HO6732,chr13,52616728,52618185,1457
HO6733,chr13,52651898,52653346,1448
HO6734,chr13,52846779,52847327,548
HO6735,chr13,52850351,52851831,1480
HO6736,chr13,53200373,53202289,1916
HO6737,chr13,57436366,57438207,1841
HO6738,chr13,57629288,57630249,961
HO6739,chr13,57630850,57632805,1955
HO6740,chr13,60162835,60164894,2059
HO6741,chr13,60395871,60398398,2527
HO6742,chr13,61414612,61415893,1281
HO6743,chr13,63336685,63337427,742
HO6744,chr13,67147030,67148525,1495
HO6745,chr13,67229509,67231460,1951
HO6746,chr13,71864354,71867711,3357
HO6747,chr13,72383706,72385174,1468
HO6748,chr13,72726743,72728364,1621
HO6749,chr13,72781212,72782499,1287
HO6750,chr13,73058336,73060503,2167
HO6751,chr13,74047480,74048725,1245
HO6752,chr13,74132816,74136604,3788
HO6753,chr13,74286953,74288927,1974
HO6754,chr13,74289857,74290845,988
HO6755,chr13,74575048,74576362,1314
HO6756,chr13,75219482,75220233,751
HO6757,chr13,75480613,75482757,2144
HO6758,chr13,75485666,75486053,387
HO6759,chr13,75537190,75538436,1246
HO6760,chr13,75548875,75550632,1757
HO6761,chr13,75635151,75637633,2482
HO6762,chr13,76013924,76015495,1571
HO6763,chr13,76724730,76726228,1498
HO6764,chr13,76884772,76887547,2775
HO6765,chr13,76965318,76966640,1322
HO6766,chr13,76991340,76993008,1668
HO6767,chr13,77026124,77027638,1514
HO6768,chr13,77325913,77327408,1495
HO6769,chr13,77328862,77330102,1240
HO6770,chr13,77477529,77478733,1204
HO6771,chr13,77697005,77699102,2097
HO6772,chr13,77740022,77741569,1547
HO6773,chr13,77918152,77920114,1962
HO6774,chr13,78601489,78603830,2341
HO6775,chr13,78646677,78647757,1080
HO6776,chr13,78657820,78659808,1988
HO6777,chr13,78663736,78665222,1486
HO6778,chr13,79405109,79406782,1673
HO6779,chr13,79480599,79481952,1353
HO6780,chr13,79749524,79750750,1226
HO6781,chr13,80132404,80134093,1689
HO6782,chr13,80338754,80339427,673
HO6783,chr13,80339888,80341924,2036
HO6784,chr13,80342493,80343198,705
HO6785,chr13,84552843,84553729,886
HO6786,chr13,87670842,87674022,3180
HO6787,chr13,87677306,87678335,1029
HO6788,chr13,88338670,88339970,1300
HO6789,chr13,91346784,91349379,2595
HO6790,chr13,91398124,91399588,1464
HO6791,chr13,93226406,93228800,2394
HO6792,chr13,94548591,94550332,1741
HO6793,chr13,94595296,94596527,1231
HO6794,chr13,94601183,94602470,1287
HO6795,chr13,94710905,94713755,2850
HO6796,chr13,95300499,95302243,1744
HO6797,chr13,95380292,95381620,1328
HO6798,chr13,95403496,95404623,1127
HO6799,chr13,95643488,95644917,1429
HO6800,chr13,95676064,95678232,2168
HO6801,chr13,96052455,96053898,1443
HO6802,chr13,96089567,96092005,2438
HO6803,chr13,97109599,97110335,736
HO6804,chr13,97114872,97115855,983
HO6805,chr13,97221662,97222682,1020
HO6806,chr13,97222979,97224447,1468
HO6807,chr13,97244266,97245652,1386
HO6808,chr13,97432509,97435119,2610
HO6809,chr13,97975442,97977398,1956
HO6810,chr13,98141982,98144698,2716
HO6811,chr13,98171768,98174719,2951
HO6812,chr13,98291356,98292224,868
HO6813,chr13,98312752,98314131,1379
HO6814,chr13,98445068,98445692,624
HO6815,chr13,98454111,98454870,759
HO6816,chr13,98478186,98479158,972
HO6817,chr13,98483736,98485181,1445
HO6818,chr13,98521007,98522347,1340
HO6819,chr13,98536307,98537560,1253
HO6820,chr13,98565038,98566516,1478
HO6821,chr13,98570962,98572172,1210
HO6822,chr13,98574203,98574686,483
HO6823,chr13,98575966,98577995,2029
HO6824,chr13,99085924,99088398,2474
HO6825,chr13,99199835,99201724,1889
HO6826,chr13,99413244,99414529,1285
HO6827,chr13,99436632,99437409,777
HO6828,chr13,99498125,99499184,1059
HO6829,chr13,99500825,99502151,1326
HO6830,chr13,99605739,99607046,1307
HO6831,chr13,99657748,99658944,1196
HO6832,chr13,99685809,99687220,1411
HO6833,chr13,99969561,99972062,2501
HO6834,chr13,99980065,99982608,2543
HO6835,chr13,100088334,100089749,1415
HO6836,chr13,100588041,100589026,985
HO6837,chr13,100673395,100675618,2223
HO6838,chr13,101415572,101417321,1749
HO6839,chr13,102393884,102395081,1197
HO6840,chr13,102591897,102592699,802
HO6841,chr13,102595981,102597918,1937
HO6842,chr13,102772718,102774357,1639
HO6843,chr13,102798440,102800838,2398
HO6844,chr13,102845277,102847052,1775
HO6845,chr13,103882964,103884060,1096
HO6846,chr13,106490822,106492700,1878
HO6847,chr13,106505135,106506828,1693
HO6848,chr13,106532817,106533415,598
HO6849,chr13,106534631,106536720,2089
HO6850,chr13,106561478,106562190,712
HO6851,chr13,106567049,106568574,1525
HO6852,chr13,106916957,106918355,1398
HO6853,chr13,107865875,107868585,2710
HO6854,chr13,108215054,108215958,904
HO6855,chr13,108217655,108218964,1309
HO6856,chr13,108494982,108497020,2038
HO6857,chr13,109412101,109412992,891
HO6858,chr13,109784443,109784938,495
HO6859,chr13,109785250,109787792,2542
HO6860,chr13,109868631,109870178,1547
HO6861,chr13,110137573,110139074,1501
HO6862,chr13,110187132,110188301,1169
HO6863,chr13,110199075,110200736,1661
HO6864,chr13,110286654,110287928,1274
HO6865,chr13,110305751,110309179,3428
HO6866,chr13,110340587,110342091,1504
HO6867,chr13,110410987,110412947,1960
HO6868,chr13,110455593,110456384,791
HO6869,chr13,110546722,110547418,696
HO6870,chr13,110550344,110551736,1392
HO6871,chr13,110560668,110562447,1779
HO6872,chr13,110614977,110617049,2072
HO6873,chr13,110644688,110645341,653
HO6874,chr13,110705455,110706730,1275
HO6875,chr13,110712075,110716044,3969
HO6876,chr13,110874248,110875015,767
HO6877,chr13,110913983,110915960,1977
HO6878,chr13,111026966,111028103,1137
HO6879,chr13,111065799,111068045,2246
HO6880,chr13,111114189,111116509,2320
HO6881,chr13,111152870,111154491,1621
HO6882,chr13,112587043,112588683,1640
HO6883,chr13,112605825,112606773,948
HO6884,chr13,112688948,112691707,2759
HO6885,chr13,112702372,112703400,1028
HO6886,chr13,112703830,112704919,1089
HO6887,chr13,112711383,112712668,1285
HO6888,chr13,112721291,112723434,2143
HO6889,chr13,112756319,112757406,1087
HO6890,chr13,112781451,112782313,862
HO6891,chr13,112873911,112874853,942
HO6892,chr13,112885388,112886372,984
HO6893,chr13,112893356,112894672,1316
HO6894,chr13,112942658,112944582,1924
HO6895,chr13,112958373,112959856,1483
HO6896,chr13,112968191,112969839,1648
HO6897,chr13,112983114,112984031,917
HO6898,chr13,113109397,113111216,1819
HO6899,chr13,113152808,113154898,2090
HO6900,chr13,113207966,113210338,2372
HO6901,chr13,113296540,113297958,1418
HO6902,chr13,113393426,113394464,1038
HO6903,chr13,113448478,113449735,1257
HO6904,chr13,113483103,113484911,1808
HO6905,chr13,113489192,113491888,2696
HO6906,chr13,113561964,113562772,808
HO6907,chr13,113584129,113585644,1515
HO6908,chr13,113646971,113648205,1234
HO6909,chr13,113723985,113725325,1340
HO6910,chr13,113758238,113760129,1891
HO6911,chr13,113813177,113814796,1619
HO6912,chr13,113820680,113821695,1015
HO6913,chr13,113856575,113857010,435
HO6914,chr13,113860148,113862004,1856
HO6915,chr13,113862160,113864233,2073
HO6916,chr13,113950906,113951978,1072
HO6917,chr13,114130868,114132973,2105
HO6918,chr13,114234381,114235492,1111
HO6919,chr13,114280533,114282591,2058
HO6920,chr13,114313782,114315107,1325
HO6921,chr14,20177017,20178177,1160
HO6922,chr14,20305156,20306144,988
HO6923,chr14,20332264,20333614,1350
HO6924,chr14,20342157,20343960,1803
HO6925,chr14,20412387,20414028,1641
HO6926,chr14,20454276,20455789,1513
HO6927,chr14,20460725,20462084,1359
HO6928,chr14,20468800,20470650,1850
HO6929,chr14,20609093,20610356,1263
HO6930,chr14,20612980,20614306,1326
HO6931,chr14,20631683,20633587,1904
HO6932,chr14,20642317,20643688,1371
HO6933,chr14,20652854,20654366,1512
HO6934,chr14,20681196,20684935,3739
HO6935,chr14,20690757,20691390,633
HO6936,chr14,20722867,20724204,1337
HO6937,chr14,20799170,20800547,1377
HO6938,chr14,20801407,20802120,713
HO6939,chr14,20802424,20803495,1071
HO6940,chr14,20855397,20856025,628
HO6941,chr14,20970700,20971996,1296
HO6942,chr14,20989279,20990597,1318
HO6943,chr14,21014383,21015209,826
HO6944,chr14,21024246,21026312,2066
HO6945,chr14,21062156,21063784,1628
HO6946,chr14,21068483,21071955,3472
HO6947,chr14,21091897,21093057,1160
HO6948,chr14,21097136,21098912,1776
HO6949,chr14,21103240,21104784,1544
HO6950,chr14,21106467,21107239,772
HO6951,chr14,21268792,21270305,1513
HO6952,chr14,21308074,21309369,1295
HO6953,chr14,21383094,21384810,1716
HO6954,chr14,21428816,21429628,812
HO6955,chr14,21436508,21437838,1330
HO6956,chr14,21454975,21456935,1960
HO6957,chr14,21476253,21477751,1498
HO6958,chr14,21510545,21511811,1266
HO6959,chr14,21525549,21527272,1723
HO6960,chr14,21556492,21558181,1689
HO6961,chr14,22432150,22433452,1302
HO6962,chr14,22556158,22557535,1377
HO6963,chr14,22588649,22590000,1351
HO6964,chr14,22597766,22599166,1400
HO6965,chr14,22601101,22601808,707
HO6966,chr14,22765958,22767405,1447
HO6967,chr14,22829309,22830357,1048
HO6968,chr14,22836086,22839434,3348
HO6969,chr14,22852798,22853754,956
HO6970,chr14,22870982,22872946,1964
HO6971,chr14,22882586,22883368,782
HO6972,chr14,22886379,22887674,1295
HO6973,chr14,22918200,22919799,1599
HO6974,chr14,22928721,22930798,2077
HO6975,chr14,22956132,22957610,1478
HO6976,chr14,22977107,22978314,1207
HO6977,chr14,22980394,22981003,609
HO6978,chr14,22981364,22983545,2181
HO6979,chr14,22996376,22998956,2580
HO6980,chr14,23006491,23007472,981
HO6981,chr14,23009654,23010908,1254
HO6982,chr14,23034211,23035423,1212
HO6983,chr14,23055555,23056547,992
HO6984,chr14,23057051,23058387,1336
HO6985,chr14,23068475,23069451,976
HO6986,chr14,23070696,23072663,1967
HO6987,chr14,23094175,23095998,1823
HO6988,chr14,23120617,23121822,1205
HO6989,chr14,23153492,23155582,2090
HO6990,chr14,23182396,23183985,1589
HO6991,chr14,23237462,23238394,932
HO6992,chr14,23285190,23286833,1643
HO6993,chr14,23295765,23296523,758
HO6994,chr14,23300709,23303001,2292
HO6995,chr14,23306246,23307324,1078
HO6996,chr14,23309056,23309843,787
HO6997,chr14,23320505,23322638,2133
HO6998,chr14,23324172,23324827,655
HO6999,chr14,23351765,23353134,1369
HO7000,chr14,23364156,23367022,2866
HO7001,chr14,23468735,23470017,1282
HO7002,chr14,23550487,23552157,1670
HO7003,chr14,23555418,23556493,1075
HO7004,chr14,23566776,23568028,1252
HO7005,chr14,23576805,23579279,2474
HO7006,chr14,23588754,23589575,821
HO7007,chr14,23631617,23633629,2012
HO7008,chr14,23640096,23641202,1106
HO7009,chr14,23692351,23693621,1270
HO7010,chr14,23693766,23696009,2243
HO7011,chr14,23953063,23954372,1309
HO7012,chr14,23988210,23989269,1059
HO7013,chr14,24035776,24037039,1263
HO7014,chr14,24051306,24052867,1561
HO7015,chr14,24058075,24059171,1096
HO7016,chr14,24080832,24081955,1123
HO7017,chr14,24090336,24090846,510
HO7018,chr14,24093667,24095324,1657
HO7019,chr14,24108560,24109120,560
HO7020,chr14,24113467,24115591,2124
HO7021,chr14,24135487,24136657,1170
HO7022,chr14,24140485,24142066,1581
HO7023,chr14,24146227,24147938,1711
HO7024,chr14,24160455,24162347,1892
HO7025,chr14,24171238,24173223,1985
HO7026,chr14,24188029,24189108,1079
HO7027,chr14,24194862,24196375,1513
HO7028,chr14,24212521,24213724,1203
HO7029,chr14,24215429,24216259,830
HO7030,chr14,24231603,24233222,1619
HO7031,chr14,24241787,24243445,1658
HO7032,chr14,24270732,24271935,1203
HO7033,chr14,24298948,24300220,1272
HO7034,chr14,24310213,24311660,1447
HO7035,chr14,24315892,24316874,982
HO7036,chr14,24331721,24332973,1252
HO7037,chr14,24333423,24334283,860
HO7038,chr14,24365637,24368389,2752
HO7039,chr14,24368584,24369233,649
HO7040,chr14,24397992,24400642,2650
HO7041,chr14,24402811,24403781,970
HO7042,chr14,24429282,24431160,1878
HO7043,chr14,24431596,24432039,443
HO7044,chr14,24441862,24443150,1288
HO7045,chr14,25048516,25050716,2200
HO7046,chr14,25108533,25109596,1063
HO7047,chr14,25349329,25351075,1746
HO7048,chr14,26596574,26599089,2515
HO7049,chr14,27319878,27321394,1516
HO7050,chr14,29650159,29651301,1142
HO7051,chr14,29926730,29928489,1759
HO7052,chr14,30558355,30560121,1766
HO7053,chr14,30621159,30622800,1641
HO7054,chr14,30873869,30875880,2011
HO7055,chr14,31024977,31027215,2238
HO7056,chr14,31206694,31208477,1783
HO7057,chr14,31419393,31421027,1634
HO7058,chr14,31456534,31457707,1173
HO7059,chr14,31560810,31561899,1089
HO7060,chr14,31695205,31696602,1397
HO7061,chr14,32075754,32078306,2552
HO7062,chr14,32200828,32204217,3389
HO7063,chr14,32608070,32609182,1112
HO7064,chr14,32679735,32681011,1276
HO7065,chr14,32932658,32935056,2398
HO7066,chr14,32938084,32940593,2509
HO7067,chr14,33949988,33951320,1332
HO7068,chr14,34059693,34060948,1255
HO7069,chr14,34461290,34462978,1688
HO7070,chr14,34537357,34538134,777
HO7071,chr14,34538833,34540164,1331
HO7072,chr14,34629360,34630589,1229
HO7073,chr14,34713543,34715083,1540
HO7074,chr14,34872796,34875563,2767
HO7075,chr14,34981010,34983379,2369
HO7076,chr14,35045344,35047043,1699
HO7077,chr14,35121121,35123083,1962
HO7078,chr14,35291530,35292925,1395
HO7079,chr14,35335398,35336025,627
HO7080,chr14,35336189,35337104,915
HO7081,chr14,35341138,35342604,1466
HO7082,chr14,35346932,35348188,1256
HO7083,chr14,35403151,35405365,2214
HO7084,chr14,35533162,35535749,2587
HO7085,chr14,35808113,35809533,1420
HO7086,chr14,35825626,35827172,1546
HO7087,chr14,36319927,36320972,1045
HO7088,chr14,36580634,36581873,1239
HO7089,chr14,36646704,36648446,1742
HO7090,chr14,36655688,36657006,1318
HO7091,chr14,36661379,36662271,892
HO7092,chr14,36662572,36664053,1481
HO7093,chr14,37142223,37143477,1254
HO7094,chr14,37171697,37172885,1188
HO7095,chr14,37197043,37198614,1571
HO7096,chr14,37594190,37596376,2186
HO7097,chr14,37888024,37889558,1534
HO7098,chr14,38207500,38209811,2311
HO7099,chr14,38254972,38256722,1750
HO7100,chr14,39102193,39103685,1492
HO7101,chr14,39113773,39114672,899
HO7102,chr14,39169462,39170801,1339
HO7103,chr14,39174507,39175906,1399
HO7104,chr14,39266126,39267978,1852
HO7105,chr14,39294237,39295482,1245
HO7106,chr14,39430856,39433378,2522
HO7107,chr14,39468643,39469706,1063
HO7108,chr14,41604257,41607201,2944
HO7109,chr14,41609623,41610246,623
HO7110,chr14,42316466,42317249,783
HO7111,chr14,44896718,44898075,1357
HO7112,chr14,44960951,44963211,2260
HO7113,chr14,45083418,45084778,1360
HO7114,chr14,45133876,45135013,1137
HO7115,chr14,45135236,45136530,1294
HO7116,chr14,45252449,45254068,1619
HO7117,chr14,45433753,45434747,994
HO7118,chr14,47673843,47676521,2678
HO7119,chr14,49585246,49587175,1929
HO7120,chr14,49598135,49599460,1325
HO7121,chr14,49619968,49621678,1710
HO7122,chr14,49633024,49635610,2586
HO7123,chr14,49687342,49688609,1267
HO7124,chr14,49692453,49693674,1221
HO7125,chr14,49767098,49769110,2012
HO7126,chr14,49852207,49854137,1930
HO7127,chr14,49861347,49863406,2059
HO7128,chr14,49867765,49868637,872
HO7129,chr14,49892011,49894153,2142
HO7130,chr14,49970032,49971751,1719
HO7131,chr14,49975091,49975652,561
HO7132,chr14,49986573,49987720,1147
HO7133,chr14,49991295,49991820,525
HO7134,chr14,50001125,50002164,1039
HO7135,chr14,50002770,50003961,1191
HO7136,chr14,50115879,50117155,1276
HO7137,chr14,50225067,50226197,1130
HO7138,chr14,50230354,50232470,2116
HO7139,chr14,50311391,50313009,1618
HO7140,chr14,50320691,50321623,932
HO7141,chr14,50396165,50397670,1505
HO7142,chr14,50452654,50453775,1121
HO7143,chr14,50531573,50533513,1940
HO7144,chr14,50559886,50561308,1422
HO7145,chr14,50666822,50668968,2146
HO7146,chr14,50829651,50831819,2168
HO7147,chr14,50859268,50860833,1565
HO7148,chr14,50943181,50945180,1999
HO7149,chr14,51094531,51096115,1584
HO7150,chr14,51239560,51240809,1249
HO7151,chr14,51616501,51617479,978
HO7152,chr14,51635964,51638727,2763
HO7153,chr14,51650730,51652873,2143
HO7154,chr14,51860003,51861506,1503
HO7155,chr14,51914265,51915479,1214
HO7156,chr14,51922140,51923297,1157
HO7157,chr14,51978362,51979442,1080
HO7158,chr14,51985418,51986116,698
HO7159,chr14,51988858,51990304,1446
HO7160,chr14,52067585,52070050,2465
HO7161,chr14,52118609,52119595,986
HO7162,chr14,52130871,52132084,1213
HO7163,chr14,52267330,52268892,1562
HO7164,chr14,52312825,52315635,2810
HO7165,chr14,52551647,52554187,2540
HO7166,chr14,52694656,52696129,1473
HO7167,chr14,52706430,52707902,1472
HO7168,chr14,52729655,52730849,1194
HO7169,chr14,52790600,52792236,1636
HO7170,chr14,52949772,52952001,2229
HO7171,chr14,53151594,53153746,2152
HO7172,chr14,53216860,53218134,1274
HO7173,chr14,53305875,53307421,1546
HO7174,chr14,53952928,53954680,1752
HO7175,chr14,54353220,54354694,1474
HO7176,chr14,54366566,54367524,958
HO7177,chr14,54396361,54397659,1298
HO7178,chr14,54440103,54441830,1727
HO7179,chr14,54445893,54446986,1093
HO7180,chr14,54450329,54451914,1585
HO7181,chr14,54487605,54489454,1849
HO7182,chr14,54509224,54510606,1382
HO7183,chr14,54564754,54568339,3585
HO7184,chr14,54606032,54607222,1190
HO7185,chr14,54651814,54653037,1223
HO7186,chr14,54773003,54774316,1313
HO7187,chr14,54901448,54903404,1956
HO7188,chr14,55026524,55027708,1184
HO7189,chr14,55050940,55052515,1575
HO7190,chr14,55122175,55123435,1260
HO7191,chr14,55128923,55130237,1314
HO7192,chr14,55190957,55192109,1152
HO7193,chr14,55247136,55248133,997
HO7194,chr14,55270847,55272300,1453
HO7195,chr14,55411039,55412226,1187
HO7196,chr14,55453560,55455230,1670
HO7197,chr14,55556893,55557750,857
HO7198,chr14,55579218,55581367,2149
HO7199,chr14,55806602,55808054,1452
HO7200,chr14,55925521,55926403,882
HO7201,chr14,56117609,56119836,2227
HO7202,chr14,56215796,56217666,1870
HO7203,chr14,56579133,56580309,1176
HO7204,chr14,57268028,57269806,1778
HO7205,chr14,57389676,57391878,2202
HO7206,chr14,57402657,57403445,788
HO7207,chr14,57865084,57866372,1288
HO7208,chr14,58150860,58152957,2097
HO7209,chr14,58170584,58171521,937
HO7210,chr14,58199301,58200720,1419
HO7211,chr14,58238038,58240068,2030
HO7212,chr14,58243844,58245391,1547
HO7213,chr14,58281008,58281800,792
HO7214,chr14,58297384,58299991,2607
HO7215,chr14,58330741,58331614,873
HO7216,chr14,58395453,58396733,1280
HO7217,chr14,58426399,58428552,2153
HO7218,chr14,58636910,58639125,2215
HO7219,chr14,59187760,59190224,2464
HO7220,chr14,59254072,59255471,1399
HO7221,chr14,59463926,59465616,1690
HO7222,chr14,59483327,59484978,1651
HO7223,chr14,59576125,59577003,878
HO7224,chr14,59869286,59871265,1979
HO7225,chr14,59918803,59920449,1646
HO7226,chr14,60090857,60092955,2098
HO7227,chr14,60164438,60165768,1330
HO7228,chr14,60247753,60250214,2461
HO7229,chr14,60331074,60332107,1033
HO7230,chr14,60648321,60649974,1653
HO7231,chr14,60656496,60657927,1431
HO7232,chr14,60721289,60724573,3284
HO7233,chr14,60734339,60735618,1279
HO7234,chr14,60980432,60981942,1510
HO7235,chr14,61269394,61270123,729
HO7236,chr14,61280086,61281587,1501
HO7237,chr14,61320750,61322964,2214
HO7238,chr14,61460698,61462119,1421
HO7239,chr14,61567768,61569094,1326
HO7240,chr14,61601767,61603205,1438
HO7241,chr14,61694806,61696506,1700
HO7242,chr14,61750671,61751554,883
HO7243,chr14,61761699,61763551,1852
HO7244,chr14,61812086,61813508,1422
HO7245,chr14,62116616,62118177,1561
HO7246,chr14,63044976,63046315,1339
HO7247,chr14,63203630,63205229,1599
HO7248,chr14,63300891,63302376,1485
HO7249,chr14,63542117,63544134,2017
HO7250,chr14,63640960,63642613,1653
HO7251,chr14,63659365,63660570,1205
HO7252,chr14,63726802,63728547,1745
HO7253,chr14,63852256,63854204,1948
HO7254,chr14,63917247,63918784,1537
HO7255,chr14,64076957,64078000,1043
HO7256,chr14,64082564,64083286,722
HO7257,chr14,64158340,64160361,2021
HO7258,chr14,64196569,64197498,929
HO7259,chr14,64217960,64219456,1496
HO7260,chr14,64292991,64295162,2171
HO7261,chr14,64337737,64339321,1584
HO7262,chr14,64387176,64389175,1999
HO7263,chr14,64445032,64445878,846
HO7264,chr14,64464669,64466319,1650
HO7265,chr14,64502959,64505648,2689
HO7266,chr14,64539377,64541085,1708
HO7267,chr14,64681609,64682667,1058
HO7268,chr14,64703796,64705987,2191
HO7269,chr14,64715037,64717330,2293
HO7270,chr14,64761651,64763125,1474
HO7271,chr14,64764295,64765082,787
HO7272,chr14,64822900,64823795,895
HO7273,chr14,64878611,64880863,2252
HO7274,chr14,64913721,64914944,1223
HO7275,chr14,64970835,64972885,2050
HO7276,chr14,64986317,64987588,1271
HO7277,chr14,65011282,65012011,729
HO7278,chr14,65015233,65016109,876
HO7279,chr14,65019703,65020333,630
HO7280,chr14,65101620,65103355,1735
HO7281,chr14,65229375,65231118,1743
HO7282,chr14,65411394,65413752,2358
HO7283,chr14,66379853,66380909,1056
HO7284,chr14,66507281,66509554,2273
HO7285,chr14,67240253,67242125,1872
HO7286,chr14,67359115,67360751,1636
HO7287,chr14,67392358,67393177,819
HO7288,chr14,67426033,67427533,1500
HO7289,chr14,67513630,67515712,2082
HO7290,chr14,67522014,67522857,843
HO7291,chr14,67532564,67534038,1474
HO7292,chr14,67599449,67601026,1577
HO7293,chr14,67618602,67619126,524
HO7294,chr14,67619304,67620761,1457
HO7295,chr14,67673746,67675304,1558
HO7296,chr14,67694404,67695999,1595
HO7297,chr14,67815786,67817110,1324
HO7298,chr14,67819345,67820272,927
HO7299,chr14,68294606,68296047,1441
HO7300,chr14,68363415,68365338,1923
HO7301,chr14,68376500,68377904,1404
HO7302,chr14,68490374,68491240,866
HO7303,chr14,68547527,68549371,1844
HO7304,chr14,68598284,68599435,1151
HO7305,chr14,68626351,68627606,1255
HO7306,chr14,68628057,68629128,1071
HO7307,chr14,68654523,68656237,1714
HO7308,chr14,68762446,68764166,1720
HO7309,chr14,68780445,68781665,1220
HO7310,chr14,68788873,68789674,801
HO7311,chr14,68792804,68793899,1095
HO7312,chr14,68794127,68794802,675
HO7313,chr14,68795025,68796366,1341
HO7314,chr14,68815877,68817022,1145
HO7315,chr14,68824504,68825178,674
HO7316,chr14,68843085,68844277,1192
HO7317,chr14,68977496,68980115,2619
HO7318,chr14,69093502,69094490,988
HO7319,chr14,69151358,69154175,2817
HO7320,chr14,69191097,69192160,1063
HO7321,chr14,69259170,69261633,2463
HO7322,chr14,69397471,69399064,1593
HO7323,chr14,69483454,69485165,1711
HO7324,chr14,69571525,69572844,1319
HO7325,chr14,69610288,69613023,2735
HO7326,chr14,69615467,69616412,945
HO7327,chr14,69694150,69695219,1069
HO7328,chr14,69726449,69727477,1028
HO7329,chr14,69766440,69768054,1614
HO7330,chr14,69772296,69774348,2052
HO7331,chr14,69878937,69880499,1562
HO7332,chr14,69921790,69922820,1030
HO7333,chr14,69971622,69972719,1097
HO7334,chr14,69980294,69981294,1000
HO7335,chr14,69987028,69988229,1201
HO7336,chr14,70017760,70019270,1510
HO7337,chr14,70186853,70189433,2580
HO7338,chr14,70254428,70255831,1403
HO7339,chr14,70358730,70360121,1391
HO7340,chr14,70416079,70417284,1205
HO7341,chr14,70600131,70601484,1353
HO7342,chr14,70640855,70642917,2062
HO7343,chr14,70808184,70810255,2071
HO7344,chr14,70817280,70818032,752
HO7345,chr14,70821613,70823208,1595
HO7346,chr14,70830042,70831304,1262
HO7347,chr14,70832049,70833165,1116
HO7348,chr14,70906427,70908909,2482
HO7349,chr14,71197544,71198947,1403
HO7350,chr14,71228340,71229217,877
HO7351,chr14,71319699,71322272,2573
HO7352,chr14,71752790,71753714,924
HO7353,chr14,71931653,71933588,1935
HO7354,chr14,72330981,72332677,1696
HO7355,chr14,72445963,72446783,820
HO7356,chr14,72558666,72561038,2372
HO7357,chr14,72576187,72577834,1647
HO7358,chr14,72708461,72709403,942
HO7359,chr14,72725977,72727238,1261
HO7360,chr14,72741773,72742902,1129
HO7361,chr14,72743238,72744280,1042
HO7362,chr14,72775910,72777342,1432
HO7363,chr14,72803818,72805116,1298
HO7364,chr14,72830169,72831677,1508
HO7365,chr14,72891693,72895156,3463
HO7366,chr14,72925072,72927274,2202
HO7367,chr14,73026321,73027619,1298
HO7368,chr14,73057711,73059644,1933
HO7369,chr14,73135908,73137173,1265
HO7370,chr14,73237081,73239970,2889
HO7371,chr14,73269551,73270581,1030
HO7372,chr14,73457262,73459011,1749
HO7373,chr14,73490474,73492081,1607
HO7374,chr14,73536524,73538463,1939
HO7375,chr14,73568403,73570320,1917
HO7376,chr14,73591473,73592639,1166
HO7377,chr14,73612147,73613331,1184
HO7378,chr14,73629818,73630583,765
HO7379,chr14,73633177,73634680,1503
HO7380,chr14,73644192,73645426,1234
HO7381,chr14,73712164,73713157,993
HO7382,chr14,73713320,73714786,1466
HO7383,chr14,73717811,73719337,1526
HO7384,chr14,73723413,73724379,966
HO7385,chr14,73728141,73729070,929
HO7386,chr14,73741347,73742519,1172
HO7387,chr14,73752442,73754453,2011
HO7388,chr14,73758314,73760633,2319
HO7389,chr14,73785312,73787891,2579
HO7390,chr14,73850969,73852921,1952
HO7391,chr14,73885924,73887467,1543
HO7392,chr14,73912812,73914190,1378
HO7393,chr14,73949524,73950800,1276
HO7394,chr14,74018125,74020042,1917
HO7395,chr14,74083814,74085522,1708
HO7396,chr14,74217336,74218080,744
HO7397,chr14,74256995,74258938,1943
HO7398,chr14,74301687,74303440,1753
HO7399,chr14,74492730,74494307,1577
HO7400,chr14,74500789,74501705,916
HO7401,chr14,74524067,74525006,939
HO7402,chr14,74582827,74583871,1044
HO7403,chr14,74608825,74609397,572
HO7404,chr14,74610783,74612909,2126
HO7405,chr14,74647386,74648945,1559
HO7406,chr14,74655232,74656240,1008
HO7407,chr14,74712378,74713495,1117
HO7408,chr14,74733053,74735715,2662
HO7409,chr14,74762639,74764446,1807
HO7410,chr14,74881304,74882836,1532
HO7411,chr14,74922371,74923502,1131
HO7412,chr14,74954914,74956646,1732
HO7413,chr14,75002122,75003467,1345
HO7414,chr14,75050502,75051799,1297
HO7415,chr14,75063144,75064277,1133
HO7416,chr14,75068429,75070087,1658
HO7417,chr14,75126171,75127774,1603
HO7418,chr14,75146961,75148149,1188
HO7419,chr14,75165447,75166549,1102
HO7420,chr14,75175696,75177160,1464
HO7421,chr14,75227901,75228685,784
HO7422,chr14,75258246,75260477,2231
HO7423,chr14,75276809,75280009,3200
HO7424,chr14,75280887,75281813,926
HO7425,chr14,75282162,75284392,2230
HO7426,chr14,75293663,75295481,1818
HO7427,chr14,75295622,75296381,759
HO7428,chr14,75298531,75299771,1240
HO7429,chr14,75426666,75428770,2104
HO7430,chr14,75560619,75561361,742
HO7431,chr14,75577526,75579275,1749
HO7432,chr14,75630920,75632660,1740
HO7433,chr14,75647651,75648898,1247
HO7434,chr14,75660444,75661735,1291
HO7435,chr14,75867639,75869084,1445
HO7436,chr14,75981393,75983069,1676
HO7437,chr14,75985381,75986416,1035
HO7438,chr14,76083512,76084776,1264
HO7439,chr14,76151446,76152673,1227
HO7440,chr14,76267284,76268462,1178
HO7441,chr14,76375625,76377912,2287
HO7442,chr14,76698783,76700419,1636
HO7443,chr14,76761039,76762994,1955
HO7444,chr14,76772300,76773352,1052
HO7445,chr14,76784612,76785167,555
HO7446,chr14,76810646,76813173,2527
HO7447,chr14,76829670,76830467,797
HO7448,chr14,76836837,76838152,1315
HO7449,chr14,76913080,76913947,867
HO7450,chr14,76917963,76920850,2887
HO7451,chr14,76924216,76925038,822
HO7452,chr14,76928133,76928882,749
HO7453,chr14,76936651,76937769,1118
HO7454,chr14,76946773,76948571,1798
HO7455,chr14,76955505,76957699,2194
HO7456,chr14,76960987,76962427,1440
HO7457,chr14,77013673,77014741,1068
HO7458,chr14,77027227,77029093,1866
HO7459,chr14,77032602,77034377,1775
HO7460,chr14,77039346,77041156,1810
HO7461,chr14,77043158,77043833,675
HO7462,chr14,77044757,77046062,1305
HO7463,chr14,77050727,77051701,974
HO7464,chr14,77052446,77053576,1130
HO7465,chr14,77067912,77068583,671
HO7466,chr14,77097158,77099150,1992
HO7467,chr14,77124523,77125706,1183
HO7468,chr14,77133415,77134299,884
HO7469,chr14,77140515,77142039,1524
HO7470,chr14,77180861,77182451,1590
HO7471,chr14,77186711,77188118,1407
HO7472,chr14,77208278,77209057,779
HO7473,chr14,77219200,77220242,1042
HO7474,chr14,77269908,77271555,1647
HO7475,chr14,77295636,77296971,1335
HO7476,chr14,77300868,77301429,561
HO7477,chr14,77305834,77307576,1742
HO7478,chr14,77313810,77315366,1556
HO7479,chr14,77320073,77321967,1894
HO7480,chr14,77354940,77356336,1396
HO7481,chr14,77376096,77377695,1599
HO7482,chr14,77456959,77458811,1852
HO7483,chr14,77497891,77499491,1600
HO7484,chr14,77615701,77617204,1503
HO7485,chr14,77707102,77708416,1314
HO7486,chr14,77760137,77761932,1795
HO7487,chr14,77799598,77800805,1207
HO7488,chr14,79278586,79280339,1753
HO7489,chr14,80941068,80942348,1280
HO7490,chr14,80954582,80955983,1401
HO7491,chr14,81169592,81170915,1323
HO7492,chr14,81219141,81221626,2485
HO7493,chr14,81435344,81436866,1522
HO7494,chr14,81516785,81518267,1482
HO7495,chr14,81533140,81534300,1160
HO7496,chr14,81662255,81663200,945
HO7497,chr14,85528605,85530232,1627
HO7498,chr14,85532876,85534153,1277
HO7499,chr14,87992150,87993566,1416
HO7500,chr14,87994987,87996431,1444
HO7501,chr14,88202695,88204655,1960
HO7502,chr14,88322931,88324142,1211
HO7503,chr14,88384775,88386315,1540
HO7504,chr14,88473335,88474389,1054
HO7505,chr14,88551140,88552263,1123
HO7506,chr14,88553992,88555498,1506
HO7507,chr14,88562460,88563878,1418
HO7508,chr14,88630359,88631303,944
HO7509,chr14,88791540,88793554,2014
HO7510,chr14,88823978,88825394,1416
HO7511,chr14,88833996,88835491,1495
HO7512,chr14,89026607,89028097,1490
HO7513,chr14,89040161,89041580,1419
HO7514,chr14,89242639,89244099,1460
HO7515,chr14,89268710,89269834,1124
HO7516,chr14,89385447,89386866,1419
HO7517,chr14,89390643,89391594,951
HO7518,chr14,89415169,89418214,3045
HO7519,chr14,89487524,89488162,638
HO7520,chr14,89549389,89551898,2509
HO7521,chr14,89617634,89619464,1830
HO7522,chr14,89700804,89702887,2083
HO7523,chr14,89954201,89956695,2494
HO7524,chr14,90060107,90062689,2582
HO7525,chr14,90103720,90104597,877
HO7526,chr14,90200533,90201933,1400
HO7527,chr14,90255993,90257438,1445
HO7528,chr14,90331029,90332430,1401
HO7529,chr14,90382428,90384387,1959
HO7530,chr14,90396427,90398789,2362
HO7531,chr14,90399502,90399847,345
HO7532,chr14,90452871,90454878,2007
HO7533,chr14,90486781,90487371,590
HO7534,chr14,90491201,90492437,1236
HO7535,chr14,90513232,90514025,793
HO7536,chr14,90520876,90521877,1001
HO7537,chr14,90522082,90523227,1145
HO7538,chr14,90533414,90535389,1975
HO7539,chr14,90535839,90537071,1232
HO7540,chr14,90627143,90628086,943
HO7541,chr14,90697188,90697936,748
HO7542,chr14,90757837,90759220,1383
HO7543,chr14,90815439,90817016,1577
HO7544,chr14,90827662,90829234,1572
HO7545,chr14,91059386,91061298,1912
HO7546,chr14,91113529,91115468,1939
HO7547,chr14,91252767,91254225,1458
HO7548,chr14,91323276,91325331,2055
HO7549,chr14,91369531,91370400,869
HO7550,chr14,91416804,91419129,2325
HO7551,chr14,91424492,91425917,1425
HO7552,chr14,91508868,91511101,2233
HO7553,chr14,91573610,91574860,1250
HO7554,chr14,91752639,91753436,797
HO7555,chr14,91835576,91837070,1494
HO7556,chr14,91945987,91948185,2198
HO7557,chr14,92038988,92040962,1974
HO7558,chr14,92105541,92106936,1395
HO7559,chr14,92120965,92122709,1744
HO7560,chr14,92253030,92253843,813
HO7561,chr14,92299139,92300821,1682
HO7562,chr14,92322593,92324175,1582
HO7563,chr14,92500340,92501031,691
HO7564,chr14,92503011,92504335,1324
HO7565,chr14,92513144,92514810,1666
HO7566,chr14,92519039,92519994,955
HO7567,chr14,92534713,92535740,1027
HO7568,chr14,92549045,92550237,1192
HO7569,chr14,92553127,92554062,935
HO7570,chr14,92603274,92604170,896
HO7571,chr14,92686539,92687463,924
HO7572,chr14,92692386,92693288,902
HO7573,chr14,92747629,92749018,1389
HO7574,chr14,92785301,92786408,1107
HO7575,chr14,92793487,92794961,1474
HO7576,chr14,92922707,92923904,1197
HO7577,chr14,92986190,92987085,895
HO7578,chr14,92992923,92993671,748
HO7579,chr14,93019065,93020360,1295
HO7580,chr14,93035404,93037411,2007
HO7581,chr14,93043188,93043913,725
HO7582,chr14,93112848,93113615,767
HO7583,chr14,93114741,93116474,1733
HO7584,chr14,93184017,93185523,1506
HO7585,chr14,93206553,93208159,1606
HO7586,chr14,93331870,93333587,1717
HO7587,chr14,93430122,93431601,1479
HO7588,chr14,93742772,93744550,1778
HO7589,chr14,93787520,93789422,1902
HO7590,chr14,93938903,93940021,1118
HO7591,chr14,94025907,94026935,1028
HO7592,chr14,94065254,94066801,1547
HO7593,chr14,94080193,94081656,1463
HO7594,chr14,94084167,94085132,965
HO7595,chr14,94109131,94109901,770
HO7596,chr14,94128988,94130413,1425
HO7597,chr14,94136381,94137061,680
HO7598,chr14,94173408,94175757,2349
HO7599,chr14,94268624,94269901,1277
HO7600,chr14,94485914,94486899,985
HO7601,chr14,94539767,94540837,1070
HO7602,chr14,94580992,94582713,1721
HO7603,chr14,94584416,94585208,792
HO7604,chr14,94598347,94599884,1537
HO7605,chr14,94604386,94605377,991
HO7606,chr14,94653736,94655558,1822
HO7607,chr14,94689299,94690249,950
HO7608,chr14,94935752,94937729,1977
HO7609,chr14,95156232,95158125,1893
HO7610,chr14,95265058,95266231,1173
HO7611,chr14,95318812,95320680,1868
HO7612,chr14,95359892,95361866,1974
HO7613,chr14,95515941,95517851,1910
HO7614,chr14,95534118,95535555,1437
HO7615,chr14,95560606,95561316,710
HO7616,chr14,96038508,96040310,1802
HO7617,chr14,96203990,96205229,1239
HO7618,chr14,96362009,96364346,2337
HO7619,chr14,96391008,96392451,1443
HO7620,chr14,96423614,96424705,1091
HO7621,chr14,96501375,96503319,1944
HO7622,chr14,96583878,96584583,705
HO7623,chr14,96741084,96741989,905
HO7624,chr14,96776163,96777262,1099
HO7625,chr14,96796762,96798278,1516
HO7626,chr14,97336114,97337332,1218
HO7627,chr14,98519497,98520558,1061
HO7628,chr14,98632749,98633835,1086
HO7629,chr14,99245242,99247150,1908
HO7630,chr14,99271891,99272621,730
HO7631,chr14,99274127,99275048,921
HO7632,chr14,99479813,99482039,2226
HO7633,chr14,99511346,99512337,991
HO7634,chr14,99518123,99518778,655
HO7635,chr14,99544365,99546835,2470
HO7636,chr14,99553782,99555457,1675
HO7637,chr14,99562787,99563702,915
HO7638,chr14,99573807,99574994,1187
HO7639,chr14,99603459,99605625,2166
HO7640,chr14,99628664,99629317,653
HO7641,chr14,99682580,99684766,2186
HO7642,chr14,99729785,99730957,1172
HO7643,chr14,99731649,99732740,1091
HO7644,chr14,99736851,99738208,1357
HO7645,chr14,99754667,99755364,697
HO7646,chr14,99755697,99756559,862
HO7647,chr14,99792565,99793955,1390
HO7648,chr14,99915687,99916613,926
HO7649,chr14,99970931,99972607,1676
HO7650,chr14,100158664,100160089,1425
HO7651,chr14,100191883,100194049,2166
HO7652,chr14,100203968,100204922,954
HO7653,chr14,100213570,100215003,1433
HO7654,chr14,100219165,100219803,638
HO7655,chr14,100237820,100239289,1469
HO7656,chr14,100239728,100240787,1059
HO7657,chr14,100284820,100285999,1179
HO7658,chr14,100288855,100289447,592
HO7659,chr14,100293950,100294706,756
HO7660,chr14,100297043,100298118,1075
HO7661,chr14,100304615,100307576,2961
HO7662,chr14,100317911,100318792,881
HO7663,chr14,100321510,100322278,768
HO7664,chr14,100347853,100349660,1807
HO7665,chr14,100375274,100376758,1484
HO7666,chr14,100377639,100378123,484
HO7667,chr14,100409484,100410729,1245
HO7668,chr14,100439149,100440804,1655
HO7669,chr14,100540327,100541443,1116
HO7670,chr14,100545955,100547092,1137
HO7671,chr14,100566970,100569132,2162
HO7672,chr14,100586228,100587646,1418
HO7673,chr14,100605349,100606756,1407
HO7674,chr14,100677161,100678864,1703
HO7675,chr14,100695341,100696977,1636
HO7676,chr14,100708366,100710024,1658
HO7677,chr14,100710762,100711946,1184
HO7678,chr14,101628092,101629050,958
HO7679,chr14,101706946,101707713,767
HO7680,chr14,101760080,101762311,2231
HO7681,chr14,101780498,101782063,1565
HO7682,chr14,101807945,101808672,727
HO7683,chr14,101809380,101810507,1127
HO7684,chr14,101947537,101948999,1462
HO7685,chr14,101963897,101965657,1760
HO7686,chr14,102046035,102046818,783
HO7687,chr14,102062894,102064264,1370
HO7688,chr14,102071079,102071941,862
HO7689,chr14,102077224,102078038,814
HO7690,chr14,102078366,102079915,1549
HO7691,chr14,102080295,102081007,712
HO7692,chr14,102086254,102088800,2546
HO7693,chr14,102096022,102096953,931
HO7694,chr14,102138925,102141284,2359
HO7695,chr14,102234267,102235647,1380
HO7696,chr14,102262289,102263445,1156
HO7697,chr14,102304423,102305570,1147
HO7698,chr14,102313570,102314677,1107
HO7699,chr14,102316424,102317642,1218
HO7700,chr14,102319169,102320406,1237
HO7701,chr14,102321494,102322004,510
HO7702,chr14,102362254,102363926,1672
HO7703,chr14,102437705,102438850,1145
HO7704,chr14,102479296,102480352,1056
HO7705,chr14,102503630,102504943,1313
HO7706,chr14,102508421,102511097,2676
HO7707,chr14,102516391,102517768,1377
HO7708,chr14,102523566,102525636,2070
HO7709,chr14,102539148,102540797,1649
HO7710,chr14,102554715,102555877,1162
HO7711,chr14,102591189,102593889,2700
HO7712,chr14,102776394,102778562,2168
HO7713,chr14,102927773,102929515,1742
HO7714,chr14,102940723,102942064,1341
HO7715,chr14,102950757,102951481,724
HO7716,chr14,103045161,103046103,942
HO7717,chr14,103056280,103058405,2125
HO7718,chr14,103074914,103076033,1119
HO7719,chr14,103086810,103087823,1013
HO7720,chr14,103091004,103091884,880
HO7721,chr14,103098838,103100566,1728
HO7722,chr14,103121175,103123822,2647
HO7723,chr14,103126668,103127735,1067
HO7724,chr14,103132128,103132892,764
HO7725,chr14,103138160,103139582,1422
HO7726,chr14,103154994,103155380,386
HO7727,chr14,103188631,103189741,1110
HO7728,chr14,103259893,103261127,1234
HO7729,chr14,103333049,103335540,2491
HO7730,chr14,103343327,103344639,1312
HO7731,chr14,103346709,103347937,1228
HO7732,chr14,103384567,103386839,2272
HO7733,chr14,103393588,103394666,1078
HO7734,chr14,103512334,103513598,1264
HO7735,chr14,103518490,103518884,394
HO7736,chr14,103520373,103521898,1525
HO7737,chr14,103522092,103523382,1290
HO7738,chr14,103527946,103529507,1561
HO7739,chr14,103538257,103539010,753
HO7740,chr14,103542287,103543264,977
HO7741,chr14,103546618,103547101,483
HO7742,chr14,103549276,103551665,2389
HO7743,chr14,103561371,103563325,1954
HO7744,chr14,103576262,103577030,768
HO7745,chr14,103594031,103595743,1712
HO7746,chr14,103628012,103630132,2120
HO7747,chr14,103704946,103706290,1344
HO7748,chr14,103714952,103716521,1569
HO7749,chr14,103722969,103724564,1595
HO7750,chr14,103730099,103731048,949
HO7751,chr14,103846657,103849018,2361
HO7752,chr14,103861188,103862026,838
HO7753,chr14,103871503,103872868,1365
HO7754,chr14,103879687,103882842,3155
HO7755,chr14,103909948,103910684,736
HO7756,chr14,103920793,103921871,1078
HO7757,chr14,104077755,104078361,606
HO7758,chr14,104137459,104139287,1828
HO7759,chr14,104158436,104159941,1505
HO7760,chr14,104222819,104225086,2267
HO7761,chr14,104423637,104425204,1567
HO7762,chr14,104460466,104462469,2003
HO7763,chr14,104536787,104537982,1195
HO7764,chr14,104573803,104574889,1086
HO7765,chr14,104603811,104605072,1261
HO7766,chr14,104649949,104651120,1171
HO7767,chr14,104665295,104666710,1415
HO7768,chr14,104676679,104678738,2059
HO7769,chr14,104680978,104682557,1579
HO7770,chr14,104687766,104688495,729
HO7771,chr14,104688780,104690072,1292
HO7772,chr14,104694316,104695849,1533
HO7773,chr14,104697880,104699568,1688
HO7774,chr14,104700230,104701622,1392
HO7775,chr14,104708074,104709120,1046
HO7776,chr14,104723397,104725938,2541
HO7777,chr14,104752094,104753897,1803
HO7778,chr14,104768312,104769343,1031
HO7779,chr14,104794052,104795934,1882
HO7780,chr14,104799228,104801418,2190
HO7781,chr14,104815194,104816766,1572
HO7782,chr14,104820676,104821055,379
HO7783,chr14,104825700,104827954,2254
HO7784,chr14,104843196,104844944,1748
HO7785,chr14,104856834,104857688,854
HO7786,chr14,104863920,104866485,2565
HO7787,chr14,104874677,104876671,1994
HO7788,chr14,104894373,104896161,1788
HO7789,chr14,104927133,104928171,1038
HO7790,chr14,104931676,104933706,2030
HO7791,chr14,104967329,104968902,1573
HO7792,chr14,104977725,104979096,1371
HO7793,chr14,104985101,104986455,1354
HO7794,chr14,105020230,105022018,1788
HO7795,chr14,105045463,105046300,837
HO7796,chr14,105086641,105088641,2000
HO7797,chr14,105092603,105094172,1569
HO7798,chr14,105167280,105169430,2150
HO7799,chr14,105180614,105181707,1093
HO7800,chr14,105195553,105196957,1404
HO7801,chr14,105205330,105206203,873
HO7802,chr14,105247857,105249489,1632
HO7803,chr14,105293858,105294666,808
HO7804,chr14,105299850,105301828,1978
HO7805,chr14,105313214,105315750,2536
HO7806,chr14,105326426,105327757,1331
HO7807,chr14,105335500,105336886,1386
HO7808,chr14,105351859,105352707,848
HO7809,chr14,105397604,105399025,1421
HO7810,chr14,105410883,105411857,974
HO7811,chr14,105414479,105415398,919
HO7812,chr14,105419140,105421231,2091
HO7813,chr14,105473667,105476204,2537
HO7814,chr14,105480670,105482487,1817
HO7815,chr14,105489564,105491934,2370
HO7816,chr14,105498748,105500053,1305
HO7817,chr14,105525943,105527321,1378
HO7818,chr14,105527923,105529609,1686
HO7819,chr14,106509414,106510354,940
HO7820,chr14,106844610,106845955,1345
HO7821,chr14,106877284,106878217,933
HO7822,chr15,22664228,22665705,1477
HO7823,chr15,22757288,22758342,1054
HO7824,chr15,22785773,22787684,1911
HO7825,chr15,22837464,22839578,2114
HO7826,chr15,22978782,22981137,2355
HO7827,chr15,23038785,23040206,1421
HO7828,chr15,23647256,23648550,1294
HO7829,chr15,23686212,23687530,1318
HO7830,chr15,23869057,23869870,813
HO7831,chr15,23877460,23878343,883
HO7832,chr15,23990407,23991760,1353
HO7833,chr15,24772287,24773645,1358
HO7834,chr15,24823157,24823847,690
HO7835,chr15,24847568,24848464,896
HO7836,chr15,24856101,24856761,660
HO7837,chr15,24877227,24878598,1371
HO7838,chr15,24954576,24956947,2371
HO7839,chr15,25437796,25439957,2161
HO7840,chr15,26049907,26051554,1647
HO7841,chr15,26081794,26083206,1412
HO7842,chr15,26771506,26773822,2316
HO7843,chr15,26866283,26868081,1798
HO7844,chr15,26891348,26892491,1143
HO7845,chr15,26967356,26968291,935
HO7846,chr15,26970715,26971775,1060
HO7847,chr15,27662625,27664266,1641
HO7848,chr15,28020598,28022608,2010
HO7849,chr15,28094638,28095403,765
HO7850,chr15,28095696,28097256,1560
HO7851,chr15,28098590,28099817,1227
HO7852,chr15,28105945,28107956,2011
HO7853,chr15,28123288,28123818,530
HO7854,chr15,28737297,28738637,1340
HO7855,chr15,28831787,28832772,985
HO7856,chr15,28885193,28887197,2004
HO7857,chr15,29103030,29104153,1123
HO7858,chr15,29114773,29116191,1418
HO7859,chr15,29268700,29270683,1983
HO7860,chr15,29569811,29572403,2592
HO7861,chr15,29635421,29637646,2225
HO7862,chr15,29674511,29675456,945
HO7863,chr15,29676617,29677292,675
HO7864,chr15,29748676,29750136,1460
HO7865,chr15,29776155,29777908,1753
HO7866,chr15,29804485,29805706,1221
HO7867,chr15,29821364,29823226,1862
HO7868,chr15,29870327,29871913,1586
HO7869,chr15,29951207,29952552,1345
HO7870,chr15,29968020,29969298,1278
HO7871,chr15,30041811,30043548,1737
HO7872,chr15,30625379,30626886,1507
HO7873,chr15,30903185,30904264,1079
HO7874,chr15,30990500,30992423,1923
HO7875,chr15,31214829,31216824,1995
HO7876,chr15,31235438,31237016,1578
HO7877,chr15,31279307,31281295,1988
HO7878,chr15,31292180,31293125,945
HO7879,chr15,31299926,31300613,687
HO7880,chr15,31325500,31328783,3283
HO7881,chr15,31338013,31339771,1758
HO7882,chr15,31352135,31354221,2086
HO7883,chr15,31365293,31366589,1296
HO7884,chr15,31391518,31393728,2210
HO7885,chr15,31434674,31435983,1309
HO7886,chr15,31483025,31484336,1311
HO7887,chr15,31829902,31830893,991
HO7888,chr15,31869549,31871314,1765
HO7889,chr15,32028990,32031153,2163
HO7890,chr15,32614759,32616295,1536
HO7891,chr15,32641280,32642338,1058
HO7892,chr15,32717222,32719602,2380
HO7893,chr15,33194205,33195391,1186
HO7894,chr15,33310206,33311885,1679
HO7895,chr15,33400638,33401616,978
HO7896,chr15,33834449,33835981,1532
HO7897,chr15,34037856,34039724,1868
HO7898,chr15,34101045,34102401,1356
HO7899,chr15,34208829,34210381,1552
HO7900,chr15,34223802,34225644,1842
HO7901,chr15,34318076,34319867,1791
HO7902,chr15,34336960,34338297,1337
HO7903,chr15,34342411,34343450,1039
HO7904,chr15,34365955,34368001,2046
HO7905,chr15,34436316,34437422,1106
HO7906,chr15,34494240,34495928,1688
HO7907,chr15,34513815,34515553,1738
HO7908,chr15,34582521,34584365,1844
HO7909,chr15,34588019,34588606,587
HO7910,chr15,34799048,34800027,979
HO7911,chr15,34968906,34970083,1177
HO7912,chr15,34987522,34988875,1353
HO7913,chr15,35545104,35546754,1650
HO7914,chr15,36578944,36580123,1179
HO7915,chr15,37098560,37099276,716
HO7916,chr15,37100146,37102588,2442
HO7917,chr15,38072205,38073809,1604
HO7918,chr15,38251015,38253241,2226
HO7919,chr15,38254156,38254801,645
HO7920,chr15,38453769,38455111,1342
HO7921,chr15,38563774,38565443,1669
HO7922,chr15,38587832,38589778,1946
HO7923,chr15,39213061,39213977,916
HO7924,chr15,39438615,39439528,913
HO7925,chr15,39579480,39581442,1962
HO7926,chr15,39782128,39783103,975
HO7927,chr15,39919514,39921322,1808
HO7928,chr15,39933485,39934903,1418
HO7929,chr15,39976132,39977118,986
HO7930,chr15,40038257,40039622,1365
HO7931,chr15,40044545,40045561,1016
HO7932,chr15,40068873,40070270,1397
HO7933,chr15,40080710,40082591,1881
HO7934,chr15,40091708,40093567,1859
HO7935,chr15,40097941,40099224,1283
HO7936,chr15,40103059,40103958,899
HO7937,chr15,40104653,40105498,845
HO7938,chr15,40108020,40109915,1895
HO7939,chr15,40160482,40162330,1848
HO7940,chr15,40238453,40239651,1198
HO7941,chr15,40251505,40253346,1841
HO7942,chr15,40258379,40259434,1055
HO7943,chr15,40276145,40277302,1157
HO7944,chr15,40281653,40283385,1732
HO7945,chr15,40290575,40291702,1127
HO7946,chr15,40322892,40324834,1942
HO7947,chr15,40338639,40339364,725
HO7948,chr15,40339610,40341179,1569
HO7949,chr15,40357463,40359003,1540
HO7950,chr15,40366721,40367336,615
HO7951,chr15,40367600,40368596,996
HO7952,chr15,40382240,40383557,1317
HO7953,chr15,40405055,40406308,1253
HO7954,chr15,40420124,40422249,2125
HO7955,chr15,40430062,40430942,880
HO7956,chr15,40435862,40437408,1546
HO7957,chr15,40438422,40439102,680
HO7958,chr15,40439342,40442421,3079
HO7959,chr15,40469931,40472187,2256
HO7960,chr15,40506496,40507544,1048
HO7961,chr15,40511036,40512943,1907
HO7962,chr15,40564149,40565330,1181
HO7963,chr15,40568941,40569924,983
HO7964,chr15,40593485,40594823,1338
HO7965,chr15,40694001,40695860,1859
HO7966,chr15,40754486,40755768,1282
HO7967,chr15,40763146,40764816,1670
HO7968,chr15,40806723,40807994,1271
HO7969,chr15,40814804,40816069,1265
HO7970,chr15,40843388,40844977,1589
HO7971,chr15,40857290,40858334,1044
HO7972,chr15,40871697,40872544,847
HO7973,chr15,40873231,40874468,1237
HO7974,chr15,40893631,40895294,1663
HO7975,chr15,40903773,40904324,551
HO7976,chr15,40905954,40907616,1662
HO7977,chr15,40927953,40930003,2050
HO7978,chr15,40938012,40938403,391
HO7979,chr15,40941152,40942491,1339
HO7980,chr15,40952596,40953952,1356
HO7981,chr15,41115097,41116951,1854
HO7982,chr15,41230435,41231857,1422
HO7983,chr15,41249404,41250137,733
HO7984,chr15,41283316,41285033,1717
HO7985,chr15,41331819,41333374,1555
HO7986,chr15,41401953,41403173,1220
HO7987,chr15,41416267,41418092,1825
HO7988,chr15,41492775,41496243,3468
HO7989,chr15,41501123,41503097,1974
HO7990,chr15,41511083,41514068,2985
HO7991,chr15,41543576,41544704,1128
HO7992,chr15,41557614,41558185,571
HO7993,chr15,41558416,41559669,1253
HO7994,chr15,41562732,41563277,545
HO7995,chr15,41564086,41565178,1092
HO7996,chr15,41568244,41569090,846
HO7997,chr15,41584521,41586057,1536
HO7998,chr15,41603512,41604875,1363
HO7999,chr15,41620632,41622263,1631
HO8000,chr15,41659748,41661001,1253
HO8001,chr15,41661329,41662143,814
HO8002,chr15,41735087,41736335,1248
HO8003,chr15,41773717,41775057,1340
HO8004,chr15,41779685,41781195,1510
HO8005,chr15,41805892,41806966,1074
HO8006,chr15,41811030,41811736,706
HO8007,chr15,41827251,41828802,1551
HO8008,chr15,41881611,41883588,1977
HO8009,chr15,41893779,41895456,1677
HO8010,chr15,41916095,41917082,987
HO8011,chr15,41971408,41973111,1703
HO8012,chr15,41989187,41989875,688
HO8013,chr15,42056752,42057873,1121
HO8014,chr15,42065983,42066914,931
HO8015,chr15,42084212,42084837,625
HO8016,chr15,42207540,42208548,1008
HO8017,chr15,42272465,42274532,2067
HO8018,chr15,42352060,42352819,759
HO8019,chr15,42457069,42458341,1272
HO8020,chr15,42490095,42491454,1359
HO8021,chr15,42494940,42496129,1189
HO8022,chr15,42547962,42549408,1446
HO8023,chr15,42574820,42576411,1591
HO8024,chr15,42581030,42581763,733
HO8025,chr15,42582388,42583282,894
HO8026,chr15,42621953,42623077,1124
HO8027,chr15,42677754,42679684,1930
HO8028,chr15,42736075,42737670,1595
HO8029,chr15,42919457,42921769,2312
HO8030,chr15,43105166,43106520,1354
HO8031,chr15,43122556,43123453,897
HO8032,chr15,43132862,43134454,1592
HO8033,chr15,43184647,43186264,1617
HO8034,chr15,43329329,43330985,1656
HO8035,chr15,43370025,43371773,1748
HO8036,chr15,43492369,43493865,1496
HO8037,chr15,43509644,43511829,2185
HO8038,chr15,43516811,43518892,2081
HO8039,chr15,43745737,43747294,1557
HO8040,chr15,43775401,43777792,2391
HO8041,chr15,43791535,43793367,1832
HO8042,chr15,43799844,43801270,1426
HO8043,chr15,43824211,43824981,770
HO8044,chr15,43826521,43827401,880
HO8045,chr15,43868105,43869565,1460
HO8046,chr15,43893389,43894776,1387
HO8047,chr15,44102452,44103305,853
HO8048,chr15,44193481,44195740,2259
HO8049,chr15,44287560,44289458,1898
HO8050,chr15,44426447,44428102,1655
HO8051,chr15,44535989,44538045,2056
HO8052,chr15,44662385,44664014,1629
HO8053,chr15,44710663,44712891,2228
HO8054,chr15,44728289,44729663,1374
HO8055,chr15,44783851,44784998,1147
HO8056,chr15,45022390,45024069,1679
HO8057,chr15,45048379,45049658,1279
HO8058,chr15,45117639,45118446,807
HO8059,chr15,45162808,45163365,557
HO8060,chr15,45166449,45167710,1261
HO8061,chr15,45186040,45188811,2771
HO8062,chr15,45198079,45201303,3224
HO8063,chr15,45278417,45279789,1372
HO8064,chr15,45307116,45307709,593
HO8065,chr15,45377560,45379149,1589
HO8066,chr15,45385595,45387367,1772
HO8067,chr15,45393887,45395054,1167
HO8068,chr15,45401687,45403620,1933
HO8069,chr15,45429941,45430804,863
HO8070,chr15,45457369,45458673,1304
HO8071,chr15,45521468,45523397,1929
HO8072,chr15,45586178,45588062,1884
HO8073,chr15,45634363,45635643,1280
HO8074,chr15,45704028,45705990,1962
HO8075,chr15,47183827,47185305,1478
HO8076,chr15,47716849,47719434,2585
HO8077,chr15,48176847,48178649,1802
HO8078,chr15,48330520,48332352,1832
HO8079,chr15,48644224,48646559,2335
HO8080,chr15,48810149,48811841,1692
HO8081,chr15,48877616,48878828,1212
HO8082,chr15,48896437,48898755,2318
HO8083,chr15,48962200,48964167,1967
HO8084,chr15,48975451,48976774,1323
HO8085,chr15,49045716,49046852,1136
HO8086,chr15,49154869,49156538,1669
HO8087,chr15,49169619,49170768,1149
HO8088,chr15,49620228,49621573,1345
HO8089,chr15,50181632,50182955,1323
HO8090,chr15,50353336,50355775,2439
HO8091,chr15,50423672,50424890,1218
HO8092,chr15,50685768,50687363,1595
HO8093,chr15,50764259,50766075,1816
HO8094,chr15,50907059,50909373,2314
HO8095,chr15,51076844,51077956,1112
HO8096,chr15,51093456,51095394,1938
HO8097,chr15,51341181,51342238,1057
HO8098,chr15,51621832,51623370,1538
HO8099,chr15,51680939,51681786,847
HO8100,chr15,51736696,51738250,1554
HO8101,chr15,51750979,51752511,1532
HO8102,chr15,51829131,51830715,1584
HO8103,chr15,51970833,51972198,1365
HO8104,chr15,52018672,52020464,1792
HO8105,chr15,52111481,52113009,1528
HO8106,chr15,52178873,52180741,1868
HO8107,chr15,52185976,52187476,1500
HO8108,chr15,52261345,52262204,859
HO8109,chr15,52280497,52282621,2124
HO8110,chr15,52288104,52288888,784
HO8111,chr15,52294657,52296133,1476
HO8112,chr15,52527930,52529789,1859
HO8113,chr15,52567916,52569519,1603
HO8114,chr15,52651487,52652400,913
HO8115,chr15,52677756,52681027,3271
HO8116,chr15,52789647,52791359,1712
HO8117,chr15,53917199,53918979,1780
HO8118,chr15,55003582,55004843,1261
HO8119,chr15,55196058,55197803,1745
HO8120,chr15,55288909,55290837,1928
HO8121,chr15,55318476,55319543,1067
HO8122,chr15,55407474,55408975,1501
HO8123,chr15,55497711,55498727,1016
HO8124,chr15,55587436,55589099,1663
HO8125,chr15,55741465,55743843,2378
HO8126,chr15,55992594,55994426,1832
HO8127,chr15,56242650,56244884,2234
HO8128,chr15,56245899,56246375,476
HO8129,chr15,56364786,56366135,1349
HO8130,chr15,56464426,56465501,1075
HO8131,chr15,56732029,56733930,1901
HO8132,chr15,56886407,56888309,1902
HO8133,chr15,56917725,56920054,2329
HO8134,chr15,57305957,57307978,2021
HO8135,chr15,57375925,57377815,1890
HO8136,chr15,57381575,57383486,1911
HO8137,chr15,57560847,57561737,890
HO8138,chr15,57591338,57592351,1013
HO8139,chr15,57706136,57707439,1303
HO8140,chr15,57922442,57924076,1634
HO8141,chr15,58064869,58066638,1769
HO8142,chr15,58546177,58547559,1382
HO8143,chr15,58748500,58750430,1930
HO8144,chr15,58770435,58772290,1855
HO8145,chr15,58854129,58855041,912
HO8146,chr15,58864181,58865895,1714
HO8147,chr15,58882145,58883720,1575
HO8148,chr15,58932727,58934277,1550
HO8149,chr15,58987029,58988604,1575
HO8150,chr15,59104557,59105776,1219
HO8151,chr15,59292063,59293065,1002
HO8152,chr15,59371405,59373172,1767
HO8153,chr15,59436646,59438597,1951
HO8154,chr15,59528537,59529285,748
HO8155,chr15,59594270,59595113,843
HO8156,chr15,59656886,59658025,1139
HO8157,chr15,59688400,59690093,1693
HO8158,chr15,59811947,59813264,1317
HO8159,chr15,60003804,60005561,1757
HO8160,chr15,60127106,60128538,1432
HO8161,chr15,60396938,60399411,2473
HO8162,chr15,60477930,60479631,1701
HO8163,chr15,60590937,60593178,2241
HO8164,chr15,61227176,61229745,2569
HO8165,chr15,62059599,62061097,1498
HO8166,chr15,62066565,62068748,2183
HO8167,chr15,62163820,62165537,1717
HO8168,chr15,62389868,62392277,2409
HO8169,chr15,63041848,63043847,1999
HO8170,chr15,63047844,63049393,1549
HO8171,chr15,63121301,63122697,1396
HO8172,chr15,63156547,63158325,1778
HO8173,chr15,63188758,63190566,1808
HO8174,chr15,63276655,63278439,1784
HO8175,chr15,63323242,63324819,1577
HO8176,chr15,63380580,63382345,1765
HO8177,chr15,63502979,63505814,2835
HO8178,chr15,63600065,63601748,1683
HO8179,chr15,63832966,63834637,1671
HO8180,chr15,63870356,63870968,612
HO8181,chr15,63909593,63910757,1164
HO8182,chr15,63915650,63916788,1138
HO8183,chr15,64045797,64047274,1477
HO8184,chr15,64067221,64067876,655
HO8185,chr15,64092953,64094411,1458
HO8186,chr15,64095526,64096897,1371
HO8187,chr15,64151182,64152657,1475
HO8188,chr15,64153245,64153871,626
HO8189,chr15,64162393,64163922,1529
HO8190,chr15,64216595,64217726,1131
HO8191,chr15,64355116,64356732,1616
HO8192,chr15,64380777,64381995,1218
HO8193,chr15,64387212,64388185,973
HO8194,chr15,64460081,64462002,1921
HO8195,chr15,64506874,64507826,952
HO8196,chr15,64521081,64522801,1720
HO8197,chr15,64596649,64597834,1185
HO8198,chr15,64634043,64636447,2404
HO8199,chr15,64690004,64691604,1600
HO8200,chr15,64694512,64695079,567
HO8201,chr15,64702628,64704043,1415
HO8202,chr15,64731087,64732141,1054
HO8203,chr15,64774241,64776755,2514
HO8204,chr15,64812536,64813550,1014
HO8205,chr15,64825123,64826324,1201
HO8206,chr15,64835388,64836472,1084
HO8207,chr15,64840777,64842267,1490
HO8208,chr15,64856371,64857712,1341
HO8209,chr15,64877194,64878027,833
HO8210,chr15,64883656,64884624,968
HO8211,chr15,64893432,64895270,1838
HO8212,chr15,64896971,64897975,1004
HO8213,chr15,64911177,64912796,1619
HO8214,chr15,64988781,64990406,1625
HO8215,chr15,65028807,65029879,1072
HO8216,chr15,65032845,65033991,1146
HO8217,chr15,65058241,65059185,944
HO8218,chr15,65066701,65068342,1641
HO8219,chr15,65071150,65072411,1261
HO8220,chr15,65086178,65087141,963
HO8221,chr15,65094355,65095452,1097
HO8222,chr15,65132289,65134073,1784
HO8223,chr15,65184202,65185874,1672
HO8224,chr15,65189069,65189478,409
HO8225,chr15,65213665,65215207,1542
HO8226,chr15,65270570,65271496,926
HO8227,chr15,65285929,65287310,1381
HO8228,chr15,65295398,65296755,1357
HO8229,chr15,65297469,65298054,585
HO8230,chr15,65303487,65305477,1990
HO8231,chr15,65318656,65319190,534
HO8232,chr15,65322829,65323490,661
HO8233,chr15,65343796,65344945,1149
HO8234,chr15,65354647,65356294,1647
HO8235,chr15,65376301,65378599,2298
HO8236,chr15,65384598,65386422,1824
HO8237,chr15,65400472,65402207,1735
HO8238,chr15,65411032,65412175,1143
HO8239,chr15,65420996,65423281,2285
HO8240,chr15,65516777,65517955,1178
HO8241,chr15,65529927,65531492,1565
HO8242,chr15,65610321,65611783,1462
HO8243,chr15,65790817,65792803,1986
HO8244,chr15,65804195,65805531,1336
HO8245,chr15,65868950,65871164,2214
HO8246,chr15,65916309,65917566,1257
HO8247,chr15,65981728,65982618,890
HO8248,chr15,66251821,66254017,2196
HO8249,chr15,66292955,66294785,1830
HO8250,chr15,66355816,66357128,1312
HO8251,chr15,66386179,66388012,1833
HO8252,chr15,66496978,66498230,1252
HO8253,chr15,66503839,66505744,1905
HO8254,chr15,66592554,66593957,1403
HO8255,chr15,66618998,66619515,517
HO8256,chr15,66621277,66622555,1278
HO8257,chr15,66678887,66680428,1541
HO8258,chr15,66698339,66698643,304
HO8259,chr15,66700690,66702568,1878
HO8260,chr15,66703461,66704373,912
HO8261,chr15,66763066,66764761,1695
HO8262,chr15,66773773,66774673,900
HO8263,chr15,66802152,66803691,1539
HO8264,chr15,66841978,66843221,1243
HO8265,chr15,66849782,66852112,2330
HO8266,chr15,66883113,66883961,848
HO8267,chr15,67023900,67024802,902
HO8268,chr15,67064814,67067296,2482
HO8269,chr15,67104749,67105984,1235
HO8270,chr15,67120670,67121753,1083
HO8271,chr15,67146082,67146775,693
HO8272,chr15,67253803,67255183,1380
HO8273,chr15,67520418,67522063,1645
HO8274,chr15,67541462,67543695,2233
HO8275,chr15,67820594,67821264,670
HO8276,chr15,67833581,67834323,742
HO8277,chr15,67838743,67839130,387
HO8278,chr15,67839479,67841402,1923
HO8279,chr15,67843077,67844334,1257
HO8280,chr15,67863094,67864167,1073
HO8281,chr15,67884178,67885200,1022
HO8282,chr15,67967686,67969370,1684
HO8283,chr15,68053775,68055676,1901
HO8284,chr15,68228691,68230312,1621
HO8285,chr15,68256429,68257444,1015
HO8286,chr15,68277059,68278997,1938
HO8287,chr15,68306215,68307067,852
HO8288,chr15,68310356,68311031,675
HO8289,chr15,68363898,68365710,1812
HO8290,chr15,68430763,68432461,1698
HO8291,chr15,68542667,68543995,1328
HO8292,chr15,68558942,68560239,1297
HO8293,chr15,68577739,68579823,2084
HO8294,chr15,68673699,68674404,705
HO8295,chr15,68699964,68701127,1163
HO8296,chr15,68704334,68705051,717
HO8297,chr15,68816825,68819175,2350
HO8298,chr15,68819459,68821512,2053
HO8299,chr15,68875173,68876189,1016
HO8300,chr15,68983277,68984845,1568
HO8301,chr15,68990818,68992581,1763
HO8302,chr15,69058772,69060483,1711
HO8303,chr15,69073734,69075233,1499
HO8304,chr15,69159936,69162043,2107
HO8305,chr15,69298100,69300465,2365
HO8306,chr15,69357861,69358934,1073
HO8307,chr15,69393689,69395179,1490
HO8308,chr15,69413717,69415156,1439
HO8309,chr15,69451901,69453547,1646
HO8310,chr15,69462106,69463512,1406
HO8311,chr15,69488822,69489611,789
HO8312,chr15,69593972,69595923,1951
HO8313,chr15,70033201,70034140,939
HO8314,chr15,70049514,70050689,1175
HO8315,chr15,70097228,70098143,915
HO8316,chr15,70098633,70099925,1292
HO8317,chr15,70100442,70100897,455
HO8318,chr15,70101087,70101742,655
HO8319,chr15,70111014,70112204,1190
HO8320,chr15,70195470,70197017,1547
HO8321,chr15,70266049,70267185,1136
HO8322,chr15,70375978,70377651,1673
HO8323,chr15,70762417,70764216,1799
HO8324,chr15,70835388,70836413,1025
HO8325,chr15,70852959,70854821,1862
HO8326,chr15,70891703,70893246,1543
HO8327,chr15,71114804,71116354,1550
HO8328,chr15,72116733,72118795,2062
HO8329,chr15,72154900,72156392,1492
HO8330,chr15,72196675,72198092,1417
HO8331,chr15,72226417,72226991,574
HO8332,chr15,72229720,72232366,2646
HO8333,chr15,72271851,72273103,1252
HO8334,chr15,72319435,72320691,1256
HO8335,chr15,72375352,72376799,1447
HO8336,chr15,72473304,72475584,2280
HO8337,chr15,72670543,72671349,806
HO8338,chr15,72685270,72687148,1878
HO8339,chr15,72782579,72784670,2091
HO8340,chr15,72796391,72797597,1206
HO8341,chr15,73051148,73053486,2338
HO8342,chr15,73367641,73369106,1465
HO8343,chr15,73631866,73633934,2068
HO8344,chr15,73636423,73636782,359
HO8345,chr15,73683490,73685403,1913
HO8346,chr15,73752136,73753534,1398
HO8347,chr15,73925931,73928148,2217
HO8348,chr15,73950552,73952304,1752
HO8349,chr15,73972723,73974771,2048
HO8350,chr15,73978517,73979310,793
HO8351,chr15,73991632,73992555,923
HO8352,chr15,73994246,73995332,1086
HO8353,chr15,74099751,74100397,646
HO8354,chr15,74127359,74128465,1106
HO8355,chr15,74134129,74134810,681
HO8356,chr15,74135565,74137742,2177
HO8357,chr15,74202013,74204424,2411
HO8358,chr15,74221273,74224104,2831
HO8359,chr15,74239637,74240467,830
HO8360,chr15,74250855,74252035,1180
HO8361,chr15,74326364,74327308,944
HO8362,chr15,74365192,74366342,1150
HO8363,chr15,74367196,74368016,820
HO8364,chr15,74368939,74369671,732
HO8365,chr15,74373441,74374654,1213
HO8366,chr15,74382057,74382875,818
HO8367,chr15,74402749,74404439,1690
HO8368,chr15,74406906,74407762,856
HO8369,chr15,74411771,74412725,954
HO8370,chr15,74420109,74420782,673
HO8371,chr15,74423715,74424274,559
HO8372,chr15,74433059,74434609,1550
HO8373,chr15,74460431,74461742,1311
HO8374,chr15,74540053,74541728,1675
HO8375,chr15,74545704,74546752,1048
HO8376,chr15,74597844,74599031,1187
HO8377,chr15,74609960,74610970,1010
HO8378,chr15,74614355,74616696,2341
HO8379,chr15,74620890,74622255,1365
HO8380,chr15,74695324,74696589,1265
HO8381,chr15,74725412,74726954,1542
HO8382,chr15,74770854,74771411,557
HO8383,chr15,74781355,74782821,1466
HO8384,chr15,74825878,74826906,1028
HO8385,chr15,74842371,74843794,1423
HO8386,chr15,74872367,74873955,1588
HO8387,chr15,74888885,74890785,1900
HO8388,chr15,74905635,74907421,1786
HO8389,chr15,74937168,74938461,1293
HO8390,chr15,74950015,74950750,735
HO8391,chr15,74955869,74957522,1653
HO8392,chr15,74994950,74996704,1754
HO8393,chr15,75022796,75024350,1554
HO8394,chr15,75028999,75030345,1346
HO8395,chr15,75042677,75044279,1602
HO8396,chr15,75054156,75055093,937
HO8397,chr15,75064949,75066427,1478
HO8398,chr15,75137878,75139017,1139
HO8399,chr15,75177736,75178877,1141
HO8400,chr15,75195177,75196273,1096
HO8401,chr15,75201121,75202997,1876
HO8402,chr15,75204607,75205124,517
HO8403,chr15,75335524,75336681,1157
HO8404,chr15,75346843,75349148,2305
HO8405,chr15,75367564,75369138,1574
HO8406,chr15,75450198,75452682,2484
HO8407,chr15,75453820,75454842,1022
HO8408,chr15,75455490,75456155,665
HO8409,chr15,75577611,75579890,2279
HO8410,chr15,75624775,75626395,1620
HO8411,chr15,75639249,75641161,1912
HO8412,chr15,75646780,75648862,2082
HO8413,chr15,75672279,75673884,1605
HO8414,chr15,75683486,75684082,596
HO8415,chr15,75693664,75695061,1397
HO8416,chr15,75709141,75709835,694
HO8417,chr15,75712334,75713794,1460
HO8418,chr15,75723191,75724523,1332
HO8419,chr15,75731324,75733108,1784
HO8420,chr15,75737941,75739320,1379
HO8421,chr15,75757818,75759088,1270
HO8422,chr15,75801679,75802467,788
HO8423,chr15,75842584,75844541,1957
HO8424,chr15,75903316,75904687,1371
HO8425,chr15,76058862,76060316,1454
HO8426,chr15,76161438,76162430,992
HO8427,chr15,76163044,76164106,1062
HO8428,chr15,76190410,76191124,714
HO8429,chr15,76310492,76311860,1368
HO8430,chr15,76904389,76906083,1694
HO8431,chr15,76931164,76932480,1316
HO8432,chr15,77070146,77071397,1251
HO8433,chr15,77418749,77421325,2576
HO8434,chr15,77496593,77498390,1797
HO8435,chr15,77507158,77508327,1169
HO8436,chr15,77526738,77529376,2638
HO8437,chr15,77542776,77543869,1093
HO8438,chr15,77556239,77557869,1630
HO8439,chr15,77589685,77590571,886
HO8440,chr15,77591658,77592599,941
HO8441,chr15,77603652,77604876,1224
HO8442,chr15,77630844,77631582,738
HO8443,chr15,77632226,77634128,1902
HO8444,chr15,77657388,77658583,1195
HO8445,chr15,77695416,77697175,1759
HO8446,chr15,77818526,77820566,2040
HO8447,chr15,77910067,77910981,914
HO8448,chr15,77943755,77944966,1211
HO8449,chr15,77958929,77959794,865
HO8450,chr15,77999879,78000449,570
HO8451,chr15,78004732,78005488,756
HO8452,chr15,78076774,78077963,1189
HO8453,chr15,78108132,78108672,540
HO8454,chr15,78113049,78114071,1022
HO8455,chr15,78130626,78132041,1415
HO8456,chr15,78148670,78150328,1658
HO8457,chr15,78161817,78162912,1095
HO8458,chr15,78204667,78205379,712
HO8459,chr15,78215835,78217222,1387
HO8460,chr15,78240765,78241337,572
HO8461,chr15,78263322,78265356,2034
HO8462,chr15,78298824,78300030,1206
HO8463,chr15,78308045,78308975,930
HO8464,chr15,78437151,78439176,2025
HO8465,chr15,78506732,78508116,1384
HO8466,chr15,78539869,78541141,1272
HO8467,chr15,78564924,78566466,1542
HO8468,chr15,78619865,78621325,1460
HO8469,chr15,78640353,78641837,1484
HO8470,chr15,78708574,78709885,1311
HO8471,chr15,78750440,78751488,1048
HO8472,chr15,78759658,78760776,1118
HO8473,chr15,78810054,78812072,2018
HO8474,chr15,78850501,78851526,1025
HO8475,chr15,78859758,78860941,1183
HO8476,chr15,78872072,78874464,2392
HO8477,chr15,78944138,78945447,1309
HO8478,chr15,78979154,78980020,866
HO8479,chr15,79089317,79091943,2626
HO8480,chr15,79282264,79284000,1736
HO8481,chr15,79310473,79311845,1372
HO8482,chr15,79431054,79432819,1765
HO8483,chr15,79811181,79812427,1246
HO8484,chr15,79896075,79897483,1408
HO8485,chr15,79922526,79924185,1659
HO8486,chr15,79993165,79994266,1101
HO8487,chr15,80058786,80060353,1567
HO8488,chr15,80072221,80072684,463
HO8489,chr15,80152099,80153566,1467
HO8490,chr15,80403544,80405807,2263
HO8491,chr15,80414603,80415854,1251
HO8492,chr15,80434963,80436022,1059
HO8493,chr15,80459051,80459974,923
HO8494,chr15,80615578,80616458,880
HO8495,chr15,80694334,80696667,2333
HO8496,chr15,80778825,80781078,2253
HO8497,chr15,80875460,80876834,1374
HO8498,chr15,80901904,80903053,1149
HO8499,chr15,80989043,80990251,1208
HO8500,chr15,81000144,81003205,3061
HO8501,chr15,81133562,81134732,1170
HO8502,chr15,81265493,81266843,1350
HO8503,chr15,81323581,81324796,1215
HO8504,chr15,81330759,81331964,1205
HO8505,chr15,81410126,81410876,750
HO8506,chr15,81751833,81753363,1530
HO8507,chr15,81942862,81943716,854
HO8508,chr15,82044205,82047642,3437
HO8509,chr15,82261904,82263319,1415
HO8510,chr15,82388804,82389991,1187
HO8511,chr15,82530135,82531301,1166
HO8512,chr15,82539668,82541311,1643
HO8513,chr15,82646890,82648829,1939
HO8514,chr15,82679827,82681029,1202
HO8515,chr15,82709022,82710227,1205
HO8516,chr15,82749536,82751071,1535
HO8517,chr15,82809007,82810707,1700
HO8518,chr15,82849327,82851028,1701
HO8519,chr15,82918657,82920084,1427
HO8520,chr15,82951790,82953357,1567
HO8521,chr15,82985416,82986699,1283
HO8522,chr15,83010647,83012075,1428
HO8523,chr15,83066121,83067743,1622
HO8524,chr15,83106625,83108082,1457
HO8525,chr15,83206531,83208488,1957
HO8526,chr15,83282789,83285252,2463
HO8527,chr15,83446775,83448365,1590
HO8528,chr15,83653248,83654998,1750
HO8529,chr15,83815015,83816082,1067
HO8530,chr15,84079386,84080666,1280
HO8531,chr15,84569656,84571521,1865
HO8532,chr15,84587637,84588557,920
HO8533,chr15,84600250,84601403,1153
HO8534,chr15,84630923,84631749,826
HO8535,chr15,84633178,84634313,1135
HO8536,chr15,84651226,84651687,461
HO8537,chr15,84653710,84654994,1284
HO8538,chr15,84657947,84658771,824
HO8539,chr15,84715348,84717200,1852
HO8540,chr15,84747373,84749791,2418
HO8541,chr15,84816806,84818524,1718
HO8542,chr15,84914501,84915462,961
HO8543,chr15,84927937,84928534,597
HO8544,chr15,84955010,84955899,889
HO8545,chr15,84979726,84982343,2617
HO8546,chr15,85379789,85381520,1731
HO8547,chr15,85543158,85544191,1033
HO8548,chr15,85581430,85583733,2303
HO8549,chr15,85618285,85619505,1220
HO8550,chr15,85749303,85751245,1942
HO8551,chr15,85752382,85753126,744
HO8552,chr15,85793579,85795275,1696
HO8553,chr15,85840055,85840917,862
HO8554,chr15,85905384,85907190,1806
HO8555,chr15,87828891,87830193,1302
HO8556,chr15,88255343,88257822,2479
HO8557,chr15,88466778,88468147,1369
HO8558,chr15,88545901,88547024,1123
HO8559,chr15,88604018,88606096,2078
HO8560,chr15,88620842,88621808,966
HO8561,chr15,88638224,88639381,1157
HO8562,chr15,88681370,88682395,1025
HO8563,chr15,88704807,88706016,1209
HO8564,chr15,88802666,88804131,1465
HO8565,chr15,88827672,88829176,1504
HO8566,chr15,88832692,88834726,2034
HO8567,chr15,88894286,88895733,1447
HO8568,chr15,88896940,88898023,1083
HO8569,chr15,88904360,88905293,933
HO8570,chr15,88911839,88913855,2016
HO8571,chr15,89017326,89018629,1303
HO8572,chr15,89087656,89088842,1186
HO8573,chr15,89092596,89094207,1611
HO8574,chr15,89196928,89198100,1172
HO8575,chr15,89206643,89207362,719
HO8576,chr15,89225881,89227776,1895
HO8577,chr15,89243126,89244834,1708
HO8578,chr15,89334077,89335876,1799
HO8579,chr15,89358415,89359182,767
HO8580,chr15,89377528,89379382,1854
HO8581,chr15,89399177,89400755,1578
HO8582,chr15,89430396,89431196,800
HO8583,chr15,89574673,89576220,1547
HO8584,chr15,89654385,89655848,1463
HO8585,chr15,89665370,89666425,1055
HO8586,chr15,89690075,89691152,1077
HO8587,chr15,89749884,89751521,1637
HO8588,chr15,89775951,89777165,1214
HO8589,chr15,89845025,89845937,912
HO8590,chr15,89893329,89894703,1374
HO8591,chr15,89912013,89913347,1334
HO8592,chr15,90001146,90002654,1508
HO8593,chr15,90101113,90102985,1872
HO8594,chr15,90157877,90158791,914
HO8595,chr15,90183755,90185584,1829
HO8596,chr15,90191400,90192569,1169
HO8597,chr15,90200597,90202330,1733
HO8598,chr15,90233063,90234552,1489
HO8599,chr15,90248868,90249964,1096
HO8600,chr15,90264845,90266751,1906
HO8601,chr15,90319737,90320423,686
HO8602,chr15,90351564,90352936,1372
HO8603,chr15,90387573,90388985,1412
HO8604,chr15,90400495,90401235,740
HO8605,chr15,90528846,90531159,2313
HO8606,chr15,90535489,90536841,1352
HO8607,chr15,90551819,90553737,1918
HO8608,chr15,90557121,90558560,1439
HO8609,chr15,90664706,90666050,1344
HO8610,chr15,90716486,90717845,1359
HO8611,chr15,90756403,90757793,1390
HO8612,chr15,90870928,90872508,1580
HO8613,chr15,90895250,90896085,835
HO8614,chr15,90901472,90904102,2630
HO8615,chr15,90929801,90930427,626
HO8616,chr15,90931660,90932753,1093
HO8617,chr15,90934235,90934596,361
HO8618,chr15,90934770,90935733,963
HO8619,chr15,90954487,90955423,936
HO8620,chr15,90956365,90957533,1168
HO8621,chr15,90993944,90995142,1198
HO8622,chr15,91021683,91022989,1306
HO8623,chr15,91049452,91050743,1291
HO8624,chr15,91099494,91101082,1588
HO8625,chr15,91852515,91854641,2126
HO8626,chr15,92082009,92084049,2040
HO8627,chr15,92393314,92395143,1829
HO8628,chr15,92655074,92655998,924
HO8629,chr15,92714008,92715111,1103
HO8630,chr15,92733316,92734754,1438
HO8631,chr15,92808214,92810270,2056
HO8632,chr15,92819057,92820942,1885
HO8633,chr15,92831152,92833247,2095
HO8634,chr15,92878471,92879206,735
HO8635,chr15,92881839,92883870,2031
HO8636,chr15,92899895,92900642,747
HO8637,chr15,92903678,92904873,1195
HO8638,chr15,92917438,92918224,786
HO8639,chr15,93030277,93031213,936
HO8640,chr15,93071543,93074055,2512
HO8641,chr15,93087718,93090334,2616
HO8642,chr15,94230498,94232072,1574
HO8643,chr15,94843994,94845526,1532
HO8644,chr15,96326790,96327568,778
HO8645,chr15,96330023,96331664,1641
HO8646,chr15,96332926,96333798,872
HO8647,chr15,96340308,96341927,1619
HO8648,chr15,96345548,96346239,691
HO8649,chr15,96356690,96357438,748
HO8650,chr15,97959782,97961592,1810
HO8651,chr15,98404757,98406313,1556
HO8652,chr15,98420503,98422257,1754
HO8653,chr15,98428014,98428965,951
HO8654,chr15,98547257,98549002,1745
HO8655,chr15,98646934,98649181,2247
HO8656,chr15,98649610,98650928,1318
HO8657,chr15,98699161,98700953,1792
HO8658,chr15,98727406,98728362,956
HO8659,chr15,98776316,98777644,1328
HO8660,chr15,98799248,98801559,2311
HO8661,chr15,98815127,98815803,676
HO8662,chr15,98850910,98851354,444
HO8663,chr15,98851825,98853509,1684
HO8664,chr15,98865049,98866361,1312
HO8665,chr15,99014141,99016006,1865
HO8666,chr15,99058516,99059952,1436
HO8667,chr15,99100222,99100853,631
HO8668,chr15,99104596,99106278,1682
HO8669,chr15,99123273,99124363,1090
HO8670,chr15,99249213,99249841,628
HO8671,chr15,99250694,99251910,1216
HO8672,chr15,99407575,99409378,1803
HO8673,chr15,99454530,99455724,1194
HO8674,chr15,99472124,99474560,2436
HO8675,chr15,99485378,99487309,1931
HO8676,chr15,99564101,99567234,3133
HO8677,chr15,99703174,99704738,1564
HO8678,chr15,99731500,99733918,2418
HO8679,chr15,99928335,99929059,724
HO8680,chr15,100340759,100342370,1611
HO8681,chr15,100349387,100350843,1456
HO8682,chr15,100601475,100603347,1872
HO8683,chr15,100917782,100920070,2288
HO8684,chr15,101008141,101008903,762
HO8685,chr15,101013742,101015548,1806
HO8686,chr15,101063635,101064724,1089
HO8687,chr15,101091038,101092487,1449
HO8688,chr15,101187627,101189648,2021
HO8689,chr15,101201253,101202041,788
HO8690,chr15,101250584,101252600,2016
HO8691,chr15,101276306,101277891,1585
HO8692,chr15,101293885,101296318,2433
HO8693,chr15,101437927,101438922,995
HO8694,chr15,101450286,101452187,1901
HO8695,chr15,101477412,101478783,1371
HO8696,chr15,101488102,101490170,2068
HO8697,chr15,101501175,101502376,1201
HO8698,chr15,101615289,101616888,1599
HO8699,chr15,101651622,101653095,1473
HO8700,chr15,101723231,101724804,1573
HO8701,chr16,40824,42285,1461
HO8702,chr16,52880,54268,1388
HO8703,chr16,65520,66026,506
HO8704,chr16,71410,72958,1548
HO8705,chr16,77224,78900,1676
HO8706,chr16,137869,138960,1091
HO8707,chr16,180162,181717,1555
HO8708,chr16,228557,229637,1080
HO8709,chr16,234224,235786,1562
HO8710,chr16,351855,353699,1844
HO8711,chr16,361871,362718,847
HO8712,chr16,369932,371063,1131
HO8713,chr16,380828,382723,1895
HO8714,chr16,383303,383984,681
HO8715,chr16,386701,387204,503
HO8716,chr16,387811,388806,995
HO8717,chr16,396120,398370,2250
HO8718,chr16,401262,402240,978
HO8719,chr16,410362,411725,1363
HO8720,chr16,423914,426845,2931
HO8721,chr16,471157,472078,921
HO8722,chr16,474239,475150,911
HO8723,chr16,482845,484303,1458
HO8724,chr16,526366,528708,2342
HO8725,chr16,533256,534198,942
HO8726,chr16,540489,541485,996
HO8727,chr16,566552,567372,820
HO8728,chr16,569311,570355,1044
HO8729,chr16,582571,583370,799
HO8730,chr16,588557,590571,2014
HO8731,chr16,629279,631394,2115
HO8732,chr16,635872,637476,1604
HO8733,chr16,641444,642918,1474
HO8734,chr16,648510,649899,1389
HO8735,chr16,660188,661637,1449
HO8736,chr16,667478,669096,1618
HO8737,chr16,679267,680835,1568
HO8738,chr16,683865,684687,822
HO8739,chr16,689713,690610,897
HO8740,chr16,700294,701330,1036
HO8741,chr16,714560,715967,1407
HO8742,chr16,719902,721804,1902
HO8743,chr16,726764,728844,2080
HO8744,chr16,739964,741480,1516
HO8745,chr16,787666,789068,1402
HO8746,chr16,806957,808096,1139
HO8747,chr16,969683,971462,1779
HO8748,chr16,972346,972923,577
HO8749,chr16,980491,982354,1863
HO8750,chr16,1106117,1106782,665
HO8751,chr16,1159382,1160727,1345
HO8752,chr16,1291177,1292079,902
HO8753,chr16,1300608,1301396,788
HO8754,chr16,1308482,1310262,1780
HO8755,chr16,1311378,1312191,813
HO8756,chr16,1342398,1343872,1474
HO8757,chr16,1351255,1352335,1080
HO8758,chr16,1378685,1380096,1411
HO8759,chr16,1407652,1408763,1111
HO8760,chr16,1413472,1415305,1833
HO8761,chr16,1420011,1421480,1469
HO8762,chr16,1474034,1475646,1612
HO8763,chr16,1492716,1494996,2280
HO8764,chr16,1527609,1529003,1394
HO8765,chr16,1609987,1611279,1292
HO8766,chr16,1611630,1612836,1206
HO8767,chr16,1613995,1614888,893
HO8768,chr16,1631416,1632733,1317
HO8769,chr16,1677818,1679079,1261
HO8770,chr16,1705115,1707459,2344
HO8771,chr16,1770361,1771925,1564
HO8772,chr16,1772616,1774112,1496
HO8773,chr16,1781696,1783570,1874
HO8774,chr16,1793603,1794838,1235
HO8775,chr16,1825968,1827758,1790
HO8776,chr16,1903787,1904802,1015
HO8777,chr16,1929110,1930227,1117
HO8778,chr16,1942632,1943689,1057
HO8779,chr16,1958795,1960054,1259
HO8780,chr16,1963889,1965612,1723
HO8781,chr16,1971391,1972910,1519
HO8782,chr16,1981900,1982389,489
HO8783,chr16,1983355,1984781,1426
HO8784,chr16,1989719,1990721,1002
HO8785,chr16,1991824,1992870,1046
HO8786,chr16,2003665,2004305,640
HO8787,chr16,2008702,2010483,1781
HO8788,chr16,2019420,2020803,1383
HO8789,chr16,2022662,2023796,1134
HO8790,chr16,2026503,2027377,874
HO8791,chr16,2032950,2034128,1178
HO8792,chr16,2046968,2048433,1465
HO8793,chr16,2081333,2083436,2103
HO8794,chr16,2090524,2091867,1343
HO8795,chr16,2135140,2136444,1304
HO8796,chr16,2147641,2149053,1412
HO8797,chr16,2153236,2153879,643
HO8798,chr16,2154895,2156656,1761
HO8799,chr16,2194894,2197060,2166
HO8800,chr16,2204381,2206289,1908
HO8801,chr16,2210287,2211212,925
HO8802,chr16,2214270,2215488,1218
HO8803,chr16,2222904,2224298,1394
HO8804,chr16,2250846,2252089,1243
HO8805,chr16,2267495,2269104,1609
HO8806,chr16,2296384,2297126,742
HO8807,chr16,2339494,2341306,1812
HO8808,chr16,2364403,2366507,2104
HO8809,chr16,2428287,2429965,1678
HO8810,chr16,2459335,2460546,1211
HO8811,chr16,2467342,2468627,1285
HO8812,chr16,2473589,2475969,2380
HO8813,chr16,2500837,2502049,1212
HO8814,chr16,2502455,2503218,763
HO8815,chr16,2512628,2514958,2330
HO8816,chr16,2519775,2520544,769
HO8817,chr16,2531424,2533051,1627
HO8818,chr16,2537353,2538323,970
HO8819,chr16,2602860,2604043,1183
HO8820,chr16,2663296,2665161,1865
HO8821,chr16,2669872,2670339,467
HO8822,chr16,2672992,2673959,967
HO8823,chr16,2681794,2683088,1294
HO8824,chr16,2715202,2715947,745
HO8825,chr16,2720645,2721665,1020
HO8826,chr16,2751643,2753448,1805
HO8827,chr16,2769266,2771020,1754
HO8828,chr16,2776553,2778485,1932
HO8829,chr16,2784751,2786330,1579
HO8830,chr16,2838550,2839319,769
HO8831,chr16,2867723,2868735,1012
HO8832,chr16,2874529,2875226,697
HO8833,chr16,2881973,2884255,2282
HO8834,chr16,2903950,2906174,2224
HO8835,chr16,2906993,2907599,606
HO8836,chr16,2911311,2913038,1727
HO8837,chr16,2926695,2927399,704
HO8838,chr16,2963119,2964362,1243
HO8839,chr16,2968632,2970436,1804
HO8840,chr16,2979822,2982110,2288
HO8841,chr16,2983601,2983973,372
HO8842,chr16,3003559,3005010,1451
HO8843,chr16,3020084,3021664,1580
HO8844,chr16,3022319,3022615,296
HO8845,chr16,3023271,3024478,1207
HO8846,chr16,3027985,3028561,576
HO8847,chr16,3031507,3031926,419
HO8848,chr16,3045309,3047522,2213
HO8849,chr16,3058149,3059755,1606
HO8850,chr16,3064783,3065691,908
HO8851,chr16,3099622,3100497,875
HO8852,chr16,3105871,3106971,1100
HO8853,chr16,3111980,3113591,1611
HO8854,chr16,3123596,3124942,1346
HO8855,chr16,3129275,3129858,583
HO8856,chr16,3134281,3135489,1208
HO8857,chr16,3149339,3151024,1685
HO8858,chr16,3152253,3153059,806
HO8859,chr16,3156681,3159277,2596
HO8860,chr16,3165595,3166250,655
HO8861,chr16,3182506,3183719,1213
HO8862,chr16,3234529,3235578,1049
HO8863,chr16,3263532,3265097,1565
HO8864,chr16,3282185,3283957,1772
HO8865,chr16,3304811,3306064,1253
HO8866,chr16,3364538,3366076,1538
HO8867,chr16,3400265,3401647,1382
HO8868,chr16,3442567,3444351,1784
HO8869,chr16,3457325,3459302,1977
HO8870,chr16,3481062,3482536,1474
HO8871,chr16,3499834,3501512,1678
HO8872,chr16,3610793,3612211,1418
HO8873,chr16,3654074,3655837,1763
HO8874,chr16,3690112,3690975,863
HO8875,chr16,3716670,3717979,1309
HO8876,chr16,3764993,3765815,822
HO8877,chr16,3797775,3798777,1002
HO8878,chr16,3819789,3820714,925
HO8879,chr16,3879284,3881489,2205
HO8880,chr16,3938421,3939664,1243
HO8881,chr16,3982008,3983437,1429
HO8882,chr16,3998798,4000221,1423
HO8883,chr16,4052548,4054245,1697
HO8884,chr16,4114962,4116977,2015
HO8885,chr16,4182974,4184671,1697
HO8886,chr16,4253130,4254339,1209
HO8887,chr16,4263383,4264753,1370
HO8888,chr16,4271060,4274306,3246
HO8889,chr16,4293539,4294445,906
HO8890,chr16,4298838,4299640,802
HO8891,chr16,4306979,4308197,1218
HO8892,chr16,4314658,4317772,3114
HO8893,chr16,4323060,4325158,2098
HO8894,chr16,4327319,4329359,2040
HO8895,chr16,4347464,4348418,954
HO8896,chr16,4350625,4351641,1016
HO8897,chr16,4370545,4372313,1768
HO8898,chr16,4373167,4374646,1479
HO8899,chr16,4375876,4376500,624
HO8900,chr16,4392169,4393555,1386
HO8901,chr16,4402304,4403165,861
HO8902,chr16,4411439,4412248,809
HO8903,chr16,4415288,4417031,1743
HO8904,chr16,4424832,4426375,1543
HO8905,chr16,4474037,4474823,786
HO8906,chr16,4475967,4477225,1258
HO8907,chr16,4487971,4489474,1503
HO8908,chr16,4537586,4539064,1478
HO8909,chr16,4613840,4615445,1605
HO8910,chr16,4615749,4616838,1089
HO8911,chr16,4624175,4625779,1604
HO8912,chr16,4653887,4654848,961
HO8913,chr16,4659946,4660999,1053
HO8914,chr16,4675879,4677714,1835
HO8915,chr16,4692925,4694643,1718
HO8916,chr16,4733738,4735286,1548
HO8917,chr16,4766494,4767511,1017
HO8918,chr16,4768117,4769042,925
HO8919,chr16,4801484,4803214,1730
HO8920,chr16,4846402,4848491,2089
HO8921,chr16,4881827,4883399,1572
HO8922,chr16,4936065,4937541,1476
HO8923,chr16,4955974,4956511,537
HO8924,chr16,4957406,4958584,1178
HO8925,chr16,4981562,4982786,1224
HO8926,chr16,5002549,5003648,1099
HO8927,chr16,5024512,5025743,1231
HO8928,chr16,5032999,5034093,1094
HO8929,chr16,5071302,5072625,1323
HO8930,chr16,5096989,5098907,1918
HO8931,chr16,8430892,8432613,1721
HO8932,chr16,8567437,8568276,839
HO8933,chr16,8621169,8622581,1412
HO8934,chr16,8660609,8661306,697
HO8935,chr16,8673946,8674852,906
HO8936,chr16,8720209,8722264,2055
HO8937,chr16,8797047,8798370,1323
HO8938,chr16,8863399,8864089,690
HO8939,chr16,8866249,8867917,1668
HO8940,chr16,8868124,8869359,1235
HO8941,chr16,8962450,8964450,2000
HO8942,chr16,9008385,9009107,722
HO8943,chr16,9090036,9093264,3228
HO8944,chr16,9489438,9490536,1098
HO8945,chr16,9521731,9523304,1573
HO8946,chr16,10180700,10182123,1423
HO8947,chr16,10182165,10183559,1394
HO8948,chr16,10331397,10332721,1324
HO8949,chr16,10385621,10386691,1070
HO8950,chr16,10577359,10579217,1858
HO8951,chr16,10579649,10580965,1316
HO8952,chr16,10652687,10653401,714
HO8953,chr16,10743383,10744662,1279
HO8954,chr16,10788314,10789222,908
HO8955,chr16,10817910,10818951,1041
HO8956,chr16,10823960,10824934,974
HO8957,chr16,10827431,10830170,2739
HO8958,chr16,10878480,10879644,1164
HO8959,chr16,10918027,10919108,1081
HO8960,chr16,10941913,10942728,815
HO8961,chr16,10943669,10944925,1256
HO8962,chr16,10951020,10952182,1162
HO8963,chr16,10963680,10964551,871
HO8964,chr16,10978841,10980640,1799
HO8965,chr16,11242547,11244393,1846
HO8966,chr16,11254826,11256969,2143
HO8967,chr16,11257124,11257565,441
HO8968,chr16,11344941,11345943,1002
HO8969,chr16,11354710,11355986,1276
HO8970,chr16,11370252,11371126,874
HO8971,chr16,11632251,11633179,928
HO8972,chr16,11667826,11669312,1486
HO8973,chr16,11741836,11743420,1584
HO8974,chr16,11796251,11798206,1955
HO8975,chr16,11850830,11852297,1467
HO8976,chr16,11914711,11916414,1703
HO8977,chr16,11964547,11965634,1087
HO8978,chr16,11976011,11978007,1996
HO8979,chr16,12058926,12060091,1165
HO8980,chr16,12321000,12321798,798
HO8981,chr16,12385688,12386715,1027
HO8982,chr16,12803153,12804132,979
HO8983,chr16,13671873,13672786,913
HO8984,chr16,13919105,13920669,1564
HO8985,chr16,14050319,14051097,778
HO8986,chr16,14070465,14072090,1625
HO8987,chr16,14284981,14287091,2110
HO8988,chr16,14300770,14304173,3403
HO8989,chr16,14321359,14322117,758
HO8990,chr16,14486310,14487277,967
HO8991,chr16,14538659,14539666,1007
HO8992,chr16,14629489,14630509,1020
HO8993,chr16,14632376,14633545,1169
HO8994,chr16,14633765,14634293,528
HO8995,chr16,14974382,14976101,1719
HO8996,chr16,15055213,15056547,1334
HO8997,chr16,15093801,15094867,1066
HO8998,chr16,15153895,15155267,1372
HO8999,chr16,15395500,15396453,953
HO9000,chr16,15427504,15428258,754
HO9001,chr16,15434039,15435359,1320
HO9002,chr16,15529352,15530180,828
HO9003,chr16,15642413,15643812,1399
HO9004,chr16,15649615,15651122,1507
HO9005,chr16,15856777,15858686,1909
HO9006,chr16,15887893,15889093,1200
HO9007,chr16,15925109,15926355,1246
HO9008,chr16,15948954,15950128,1174
HO9009,chr16,16021703,16023064,1361
HO9010,chr16,16041721,16042492,771
HO9011,chr16,16071455,16072390,935
HO9012,chr16,16074083,16074856,773
HO9013,chr16,16093113,16094330,1217
HO9014,chr16,16126888,16127999,1111
HO9015,chr16,16149684,16150875,1191
HO9016,chr16,17469972,17471921,1949
HO9017,chr16,18789507,18790768,1261
HO9018,chr16,18800319,18802142,1823
HO9019,chr16,18925304,18927176,1872
HO9020,chr16,18983545,18984472,927
HO9021,chr16,19066989,19068471,1482
HO9022,chr16,19086144,19086991,847
HO9023,chr16,19113385,19115360,1975
HO9024,chr16,19167542,19169203,1661
HO9025,chr16,19409682,19411171,1489
HO9026,chr16,19521392,19522318,926
HO9027,chr16,19523434,19524565,1131
HO9028,chr16,19554822,19556506,1684
HO9029,chr16,19609232,19610648,1416
HO9030,chr16,19639392,19640892,1500
HO9031,chr16,19717378,19719046,1668
HO9032,chr16,19753850,19754698,848
HO9033,chr16,19861636,19862361,725
HO9034,chr16,19874004,19875228,1224
HO9035,chr16,19883220,19886567,3347
HO9036,chr16,20673803,20676821,3018
HO9037,chr16,20734736,20736337,1601
HO9038,chr16,20740738,20742141,1403
HO9039,chr16,20805726,20807334,1608
HO9040,chr16,20851133,20852009,876
HO9041,chr16,20899096,20901762,2666
HO9042,chr16,21158132,21159905,1773
HO9043,chr16,21277723,21278691,968
HO9044,chr16,21283313,21284197,884
HO9045,chr16,21300235,21302844,2609
HO9046,chr16,21501318,21502712,1394
HO9047,chr16,21509715,21510739,1024
HO9048,chr16,21519712,21520748,1036
HO9049,chr16,21521374,21521982,608
HO9050,chr16,21554333,21555169,836
HO9051,chr16,21598547,21600734,2187
HO9052,chr16,21819955,21821071,1116
HO9053,chr16,21952155,21953818,1663
HO9054,chr16,22007204,22009118,1914
HO9055,chr16,22188555,22188861,306
HO9056,chr16,22189463,22191594,2131
HO9057,chr16,22195463,22196256,793
HO9058,chr16,22205654,22207437,1783
HO9059,chr16,22296760,22298707,1947
HO9060,chr16,22300370,22300702,332
HO9061,chr16,22373670,22375345,1675
HO9062,chr16,22423949,22425644,1695
HO9063,chr16,22436426,22437656,1230
HO9064,chr16,22812952,22814967,2015
HO9065,chr16,23148458,23149948,1490
HO9066,chr16,23182166,23183424,1258
HO9067,chr16,23452284,23453562,1278
HO9068,chr16,23508691,23510861,2170
HO9069,chr16,23556840,23558271,1431
HO9070,chr16,23577772,23578872,1100
HO9071,chr16,23595309,23596610,1301
HO9072,chr16,23596826,23597464,638
HO9073,chr16,23640315,23642147,1832
HO9074,chr16,23678161,23679793,1632
HO9075,chr16,23835347,23837282,1935
HO9076,chr16,23966543,23967635,1092
HO9077,chr16,24115953,24117421,1468
HO9078,chr16,24255487,24256388,901
HO9079,chr16,24538848,24541023,2175
HO9080,chr16,24635476,24636525,1049
HO9081,chr16,24670509,24671567,1058
HO9082,chr16,24729041,24731047,2006
HO9083,chr16,24838410,24839734,1324
HO9084,chr16,24990793,24991999,1206
HO9085,chr16,24999357,25000749,1392
HO9086,chr16,25014107,25015778,1671
HO9087,chr16,25031179,25032188,1009
HO9088,chr16,25063215,25064272,1057
HO9089,chr16,25064872,25065452,580
HO9090,chr16,25066361,25067631,1270
HO9091,chr16,25106385,25107427,1042
HO9092,chr16,25111059,25112261,1202
HO9093,chr16,25256708,25258700,1992
HO9094,chr16,25691466,25693400,1934
HO9095,chr16,26806506,26808290,1784
HO9096,chr16,26992380,26994259,1879
HO9097,chr16,27109510,27110530,1020
HO9098,chr16,27202922,27204440,1518
HO9099,chr16,27228853,27229545,692
HO9100,chr16,27267883,27269157,1274
HO9101,chr16,27310187,27311160,973
HO9102,chr16,27313287,27314727,1440
HO9103,chr16,27549020,27550527,1507
HO9104,chr16,27717571,27719257,1686
HO9105,chr16,27879808,27880802,994
HO9106,chr16,28010864,28012364,1500
HO9107,chr16,28062734,28063918,1184
HO9108,chr16,28132912,28134016,1104
HO9109,chr16,28210771,28212465,1694
HO9110,chr16,28277498,28278440,942
HO9111,chr16,28291628,28293603,1975
HO9112,chr16,28491210,28492460,1250
HO9113,chr16,28527788,28528863,1075
HO9114,chr16,28553447,28554798,1351
HO9115,chr16,28572252,28574418,2166
HO9116,chr16,28622754,28623763,1009
HO9117,chr16,28822434,28824585,2151
HO9118,chr16,28845807,28847192,1385
HO9119,chr16,28862790,28864936,2146
HO9120,chr16,28879401,28880653,1252
HO9121,chr16,28923745,28926103,2358
HO9122,chr16,28936127,28936943,816
HO9123,chr16,28945201,28945975,774
HO9124,chr16,28950284,28951645,1361
HO9125,chr16,28973804,28975436,1632
HO9126,chr16,29143855,29144975,1120
HO9127,chr16,29156665,29158266,1601
HO9128,chr16,29159183,29160040,857
HO9129,chr16,29177216,29178700,1484
HO9130,chr16,29182496,29183553,1057
HO9131,chr16,29259478,29260361,883
HO9132,chr16,29264915,29265528,613
HO9133,chr16,29266574,29267064,490
HO9134,chr16,29290251,29291384,1133
HO9135,chr16,29594324,29595795,1471
HO9136,chr16,29612992,29613987,995
HO9137,chr16,29673780,29674733,953
HO9138,chr16,29721266,29721913,647
HO9139,chr16,29784733,29785454,721
HO9140,chr16,29789846,29791319,1473
HO9141,chr16,29804794,29806774,1980
HO9142,chr16,29807419,29808153,734
HO9143,chr16,29810957,29812522,1565
HO9144,chr16,29815563,29817038,1475
HO9145,chr16,29826259,29827559,1300
HO9146,chr16,29862308,29863834,1526
HO9147,chr16,29898917,29901062,2145
HO9148,chr16,29925235,29927023,1788
HO9149,chr16,29942772,29944579,1807
HO9150,chr16,29961284,29962941,1657
HO9151,chr16,29973187,29974318,1131
HO9152,chr16,29994838,29996556,1718
HO9153,chr16,30010032,30011790,1758
HO9154,chr16,30020854,30021934,1080
HO9155,chr16,30052582,30053995,1413
HO9156,chr16,30063882,30066578,2696
HO9157,chr16,30069721,30070656,935
HO9158,chr16,30075202,30076571,1369
HO9159,chr16,30091254,30092954,1700
HO9160,chr16,30095750,30096618,868
HO9161,chr16,30121773,30123598,1825
HO9162,chr16,30182702,30183993,1291
HO9163,chr16,30334336,30336004,1668
HO9164,chr16,30354474,30356004,1530
HO9165,chr16,30369700,30371387,1687
HO9166,chr16,30377317,30379306,1989
HO9167,chr16,30394298,30396086,1788
HO9168,chr16,30399762,30400950,1188
HO9169,chr16,30406836,30408048,1212
HO9170,chr16,30409251,30409768,517
HO9171,chr16,30413756,30414575,819
HO9172,chr16,30417304,30418602,1298
HO9173,chr16,30428823,30430689,1866
HO9174,chr16,30445028,30446155,1127
HO9175,chr16,30526020,30528042,2022
HO9176,chr16,30533806,30535998,2192
HO9177,chr16,30548150,30549680,1530
HO9178,chr16,30557289,30558779,1490
HO9179,chr16,30570680,30572455,1775
HO9180,chr16,30584933,30586200,1267
HO9181,chr16,30609277,30610707,1430
HO9182,chr16,30633851,30635090,1239
HO9183,chr16,30649841,30651942,2101
HO9184,chr16,30657522,30659762,2240
HO9185,chr16,30697534,30699493,1959
HO9186,chr16,30747652,30748946,1294
HO9187,chr16,30761186,30762626,1440
HO9188,chr16,30774592,30776337,1745
HO9189,chr16,30785903,30787749,1846
HO9190,chr16,30805079,30806688,1609
HO9191,chr16,30813789,30814780,991
HO9192,chr16,30874433,30876832,2399
HO9193,chr16,30893496,30894543,1047
HO9194,chr16,30895787,30897301,1514
HO9195,chr16,30901681,30902864,1183
HO9196,chr16,30921561,30923876,2315
HO9197,chr16,30927768,30928444,676
HO9198,chr16,30930853,30931684,831
HO9199,chr16,30931913,30932546,633
HO9200,chr16,30941486,30942441,955
HO9201,chr16,30947693,30949550,1857
HO9202,chr16,30949687,30950408,721
HO9203,chr16,30953615,30954061,446
HO9204,chr16,30956924,30958618,1694
HO9205,chr16,30984603,30985737,1134
HO9206,chr16,30996256,30998773,2517
HO9207,chr16,31032589,31034487,1898
HO9208,chr16,31072604,31074874,2270
HO9209,chr16,31082360,31083827,1467
HO9210,chr16,31093035,31093868,833
HO9211,chr16,31093888,31095138,1250
HO9212,chr16,31105665,31106108,443
HO9213,chr16,31108032,31109141,1109
HO9214,chr16,31116897,31118676,1779
HO9215,chr16,31133831,31135907,2076
HO9216,chr16,31141478,31143110,1632
HO9217,chr16,31179320,31181417,2097
HO9218,chr16,31201456,31203097,1641
HO9219,chr16,31214482,31216256,1774
HO9220,chr16,31228770,31230529,1759
HO9221,chr16,31427263,31428522,1259
HO9222,chr16,31441926,31443380,1454
HO9223,chr16,31451454,31452105,651
HO9224,chr16,31457934,31460261,2327
HO9225,chr16,31471598,31473199,1601
HO9226,chr16,31475853,31478172,2319
HO9227,chr16,31487163,31488872,1709
HO9228,chr16,31507583,31509139,1556
HO9229,chr16,31700088,31701620,1532
HO9230,chr16,31712802,31714078,1276
HO9231,chr16,31873178,31874878,1700
HO9232,chr16,35204520,35205622,1102
HO9233,chr16,35408541,35409796,1255
HO9234,chr16,35630919,35632080,1161
HO9235,chr16,46389615,46390815,1200
HO9236,chr16,46620307,46621785,1478
HO9237,chr16,46673218,46674984,1766
HO9238,chr16,46688231,46690345,2114
HO9239,chr16,46691632,46692011,379
HO9240,chr16,46737490,46738374,884
HO9241,chr16,46756936,46758527,1591
HO9242,chr16,46789468,46790575,1107
HO9243,chr16,46829815,46831783,1968
HO9244,chr16,46883392,46885302,1910
HO9245,chr16,46972444,46974111,1667
HO9246,chr16,47037228,47038318,1090
HO9247,chr16,47141696,47142048,352
HO9248,chr16,47142536,47144705,2169
HO9249,chr16,47247286,47248365,1079
HO9250,chr16,47460335,47462191,1856
HO9251,chr16,48052968,48055486,2518
HO9252,chr16,48243763,48245111,1348
HO9253,chr16,48365025,48366796,1771
HO9254,chr16,48383889,48386145,2256
HO9255,chr16,48558249,48558995,746
HO9256,chr16,48609275,48610625,1350
HO9257,chr16,48617400,48618333,933
HO9258,chr16,48622800,48623979,1179
HO9259,chr16,49281436,49282609,1173
HO9260,chr16,49407845,49408483,638
HO9261,chr16,49483665,49484820,1155
HO9262,chr16,49491613,49492793,1180
HO9263,chr16,49524265,49525251,986
HO9264,chr16,49620004,49621856,1852
HO9265,chr16,49638163,49640981,2818
HO9266,chr16,49700181,49701333,1152
HO9267,chr16,49765956,49766781,825
HO9268,chr16,49854967,49856268,1301
HO9269,chr16,49856610,49857428,818
HO9270,chr16,49857637,49859502,1865
HO9271,chr16,49875574,49877032,1458
HO9272,chr16,49931908,49933421,1513
HO9273,chr16,50014641,50015504,863
HO9274,chr16,50024667,50025984,1317
HO9275,chr16,50065512,50066745,1233
HO9276,chr16,50146366,50147563,1197
HO9277,chr16,50152335,50154564,2229
HO9278,chr16,50209581,50211020,1439
HO9279,chr16,50245383,50247012,1629
HO9280,chr16,50309175,50310883,1708
HO9281,chr16,50367941,50369313,1372
HO9282,chr16,50538994,50540399,1405
HO9283,chr16,50547351,50549402,2051
HO9284,chr16,50591650,50592832,1182
HO9285,chr16,50627115,50627833,718
HO9286,chr16,50741255,50742733,1478
HO9287,chr16,50805981,50806855,874
HO9288,chr16,51187256,51188596,1340
HO9289,chr16,52545184,52547726,2542
HO9290,chr16,53054323,53056033,1710
HO9291,chr16,53098504,53100260,1756
HO9292,chr16,53129821,53131993,2172
HO9293,chr16,53207745,53208672,927
HO9294,chr16,53433917,53435710,1793
HO9295,chr16,53502236,53504511,2275
HO9296,chr16,53703393,53704432,1039
HO9297,chr16,53827580,53828224,644
HO9298,chr16,54193448,54194849,1401
HO9299,chr16,54234913,54235695,782
HO9300,chr16,54286062,54287218,1156
HO9301,chr16,54506283,54507479,1196
HO9302,chr16,54928353,54929682,1329
HO9303,chr16,54930133,54931344,1211
HO9304,chr16,55363899,55364580,681
HO9305,chr16,55502412,55503406,994
HO9306,chr16,55508368,55510037,1669
HO9307,chr16,56190559,56191948,1389
HO9308,chr16,56194132,56194921,789
HO9309,chr16,56258442,56259358,916
HO9310,chr16,56317934,56318890,956
HO9311,chr16,56332494,56333079,585
HO9312,chr16,56356141,56357685,1544
HO9313,chr16,56424272,56425869,1597
HO9314,chr16,56450380,56452417,2037
HO9315,chr16,56519300,56520477,1177
HO9316,chr16,56588888,56589940,1052
HO9317,chr16,56608052,56608747,695
HO9318,chr16,56657252,56658537,1285
HO9319,chr16,56681784,56683231,1447
HO9320,chr16,56691293,56692343,1050
HO9321,chr16,56701595,56703130,1535
HO9322,chr16,56729081,56730677,1596
HO9323,chr16,56835994,56837261,1267
HO9324,chr16,56930995,56933244,2249
HO9325,chr16,56988228,56989969,1741
HO9326,chr16,57091372,57093380,2008
HO9327,chr16,57151582,57152762,1180
HO9328,chr16,57185321,57187768,2447
HO9329,chr16,57244432,57245887,1455
HO9330,chr16,57265894,57266884,990
HO9331,chr16,57268607,57269256,649
HO9332,chr16,57283288,57285068,1780
HO9333,chr16,57295806,57296204,398
HO9334,chr16,57299251,57301222,1971
HO9335,chr16,57339271,57340104,833
HO9336,chr16,57372011,57373206,1195
HO9337,chr16,57416158,57417567,1409
HO9338,chr16,57446472,57447977,1505
HO9339,chr16,57462119,57463327,1208
HO9340,chr16,57478796,57480591,1795
HO9341,chr16,57485552,57486842,1290
HO9342,chr16,57528259,57529290,1031
HO9343,chr16,57535578,57537206,1628
HO9344,chr16,57590468,57591719,1251
HO9345,chr16,57599833,57600815,982
HO9346,chr16,57622298,57623878,1580
HO9347,chr16,57627302,57627844,542
HO9348,chr16,57627999,57628810,811
HO9349,chr16,57632555,57632910,355
HO9350,chr16,57640467,57641335,868
HO9351,chr16,57700774,57702395,1621
HO9352,chr16,57734787,57737100,2313
HO9353,chr16,57756720,57757732,1012
HO9354,chr16,57786551,57788921,2370
HO9355,chr16,57801176,57803906,2730
HO9356,chr16,57975883,57976785,902
HO9357,chr16,57984400,57986107,1707
HO9358,chr16,57999377,58001704,2327
HO9359,chr16,58004863,58005484,621
HO9360,chr16,58022659,58023371,712
HO9361,chr16,58025332,58027917,2585
HO9362,chr16,58032193,58033420,1227
HO9363,chr16,58047020,58048377,1357
HO9364,chr16,58119081,58119806,725
HO9365,chr16,58121547,58122239,692
HO9366,chr16,58126702,58127587,885
HO9367,chr16,58128682,58129862,1180
HO9368,chr16,58196765,58198639,1874
HO9369,chr16,58235996,58237063,1067
HO9370,chr16,58249238,58250496,1258
HO9371,chr16,58391957,58393356,1399
HO9372,chr16,58455754,58456657,903
HO9373,chr16,58463074,58465298,2224
HO9374,chr16,58487393,58488153,760
HO9375,chr16,58494828,58495833,1005
HO9376,chr16,58499724,58501900,2176
HO9377,chr16,58514751,58516503,1752
HO9378,chr16,58534957,58535631,674
HO9379,chr16,58628605,58630709,2104
HO9380,chr16,58661071,58661555,484
HO9381,chr16,58683332,58685157,1825
HO9382,chr16,58732786,58734558,1772
HO9383,chr16,62034304,62036772,2468
HO9384,chr16,65059053,65060083,1030
HO9385,chr16,65120767,65124062,3295
HO9386,chr16,66406270,66407282,1012
HO9387,chr16,66426351,66428352,2001
HO9388,chr16,66482234,66483165,931
HO9389,chr16,66549200,66550290,1090
HO9390,chr16,66551880,66552906,1026
HO9391,chr16,66603648,66605705,2057
HO9392,chr16,66608274,66608870,596
HO9393,chr16,66627277,66628486,1209
HO9394,chr16,66650453,66651344,891
HO9395,chr16,66695609,66697429,1820
HO9396,chr16,66740476,66742140,1664
HO9397,chr16,66750478,66752060,1582
HO9398,chr16,66830346,66831188,842
HO9399,chr16,66867646,66868172,526
HO9400,chr16,66872691,66873666,975
HO9401,chr16,66879815,66881294,1479
HO9402,chr16,66895004,66895567,563
HO9403,chr16,66899621,66901393,1772
HO9404,chr16,66903391,66904223,832
HO9405,chr16,66904839,66906242,1403
HO9406,chr16,66918702,66920271,1569
HO9407,chr16,66924704,66925940,1236
HO9408,chr16,66933894,66935739,1845
HO9409,chr16,66947035,66949286,2251
HO9410,chr16,66977310,66978047,737
HO9411,chr16,67000042,67001352,1310
HO9412,chr16,67013012,67014798,1786
HO9413,chr16,67017863,67018270,407
HO9414,chr16,67028403,67030219,1816
HO9415,chr16,67108992,67110430,1438
HO9416,chr16,67149333,67151384,2051
HO9417,chr16,67155162,67155711,549
HO9418,chr16,67159049,67160225,1176
HO9419,chr16,67160657,67161190,533
HO9420,chr16,67162957,67163865,908
HO9421,chr16,67169465,67171206,1741
HO9422,chr16,67173762,67174653,891
HO9423,chr16,67177968,67178678,710
HO9424,chr16,67183337,67184683,1346
HO9425,chr16,67185205,67185942,737
HO9426,chr16,67191739,67192671,932
HO9427,chr16,67226343,67227488,1145
HO9428,chr16,67245690,67247800,2110
HO9429,chr16,67248306,67249235,929
HO9430,chr16,67278664,67279836,1172
HO9431,chr16,67326210,67327294,1084
HO9432,chr16,67393023,67395303,2280
HO9433,chr16,67396165,67396716,551
HO9434,chr16,67415744,67416811,1067
HO9435,chr16,67428137,67428660,523
HO9436,chr16,67430440,67431801,1361
HO9437,chr16,67445364,67446713,1349
HO9438,chr16,67458926,67460628,1702
HO9439,chr16,67465515,67466187,672
HO9440,chr16,67470103,67470770,667
HO9441,chr16,67480152,67482329,2177
HO9442,chr16,67488665,67490070,1405
HO9443,chr16,67520861,67521833,972
HO9444,chr16,67528214,67530736,2522
HO9445,chr16,67536863,67538598,1735
HO9446,chr16,67552004,67552931,927
HO9447,chr16,67561512,67563923,2411
HO9448,chr16,67606204,67606990,786
HO9449,chr16,67652553,67654061,1508
HO9450,chr16,67659585,67661592,2007
HO9451,chr16,67665991,67668286,2295
HO9452,chr16,67718571,67720210,1639
HO9453,chr16,67805861,67807381,1520
HO9454,chr16,67816321,67817102,781
HO9455,chr16,67833008,67834292,1284
HO9456,chr16,67841335,67843436,2101
HO9457,chr16,67846286,67847923,1637
HO9458,chr16,67855145,67856193,1048
HO9459,chr16,67857599,67858221,622
HO9460,chr16,67872366,67873845,1479
HO9461,chr16,67884454,67885099,645
HO9462,chr16,67890288,67890994,706
HO9463,chr16,67892545,67894092,1547
HO9464,chr16,67934865,67937063,2198
HO9465,chr16,67943637,67944515,878
HO9466,chr16,67951223,67951962,739
HO9467,chr16,67967149,67969853,2704
HO9468,chr16,67992788,67994067,1279
HO9469,chr16,68022363,68023825,1462
HO9470,chr16,68079475,68080419,944
HO9471,chr16,68084004,68086102,2098
HO9472,chr16,68236685,68238112,1427
HO9473,chr16,68244364,68245691,1327
HO9474,chr16,68263773,68265786,2013
HO9475,chr16,68310229,68311581,1352
HO9476,chr16,68328060,68328965,905
HO9477,chr16,68343835,68344614,779
HO9478,chr16,68447887,68449027,1140
HO9479,chr16,68492158,68493093,935
HO9480,chr16,68509583,68510540,957
HO9481,chr16,68520252,68521035,783
HO9482,chr16,68528445,68529151,706
HO9483,chr16,68529634,68530693,1059
HO9484,chr16,68538586,68540195,1609
HO9485,chr16,68643883,68646366,2483
HO9486,chr16,68737014,68738685,1671
HO9487,chr16,68760222,68761223,1001
HO9488,chr16,68800036,68800830,794
HO9489,chr16,68843107,68844349,1242
HO9490,chr16,68908652,68910405,1753
HO9491,chr16,68960177,68961531,1354
HO9492,chr16,69105238,69107961,2723
HO9493,chr16,69131138,69133063,1925
HO9494,chr16,69166087,69167366,1279
HO9495,chr16,69179055,69180229,1174
HO9496,chr16,69186480,69188465,1985
HO9497,chr16,69310623,69312187,1564
HO9498,chr16,69329624,69331083,1459
HO9499,chr16,69338821,69340389,1568
HO9500,chr16,69385138,69386213,1075
HO9501,chr16,69423934,69425180,1246
HO9502,chr16,69501743,69502684,941
HO9503,chr16,69565209,69567455,2246
HO9504,chr16,69725998,69727087,1089
HO9505,chr16,69754107,69755225,1118
HO9506,chr16,69761849,69763437,1588
HO9507,chr16,69839032,69840428,1396
HO9508,chr16,69917363,69918230,867
HO9509,chr16,69924124,69925242,1118
HO9510,chr16,69927117,69927790,673
HO9511,chr16,70064689,70066457,1768
HO9512,chr16,70113854,70115144,1290
HO9513,chr16,70250791,70252232,1441
HO9514,chr16,70288290,70289951,1661
HO9515,chr16,70298509,70299974,1465
HO9516,chr16,70346152,70347378,1226
HO9517,chr16,70380179,70382015,1836
HO9518,chr16,70427780,70429233,1453
HO9519,chr16,70436932,70438305,1373
HO9520,chr16,70438488,70439772,1284
HO9521,chr16,70441409,70441899,490
HO9522,chr16,70453853,70454987,1134
HO9523,chr16,70470657,70471396,739
HO9524,chr16,70522949,70524808,1859
HO9525,chr16,70589569,70591309,1740
HO9526,chr16,70685065,70686750,1685
HO9527,chr16,70714663,70716552,1889
HO9528,chr16,70724999,70727341,2342
HO9529,chr16,70744298,70745111,813
HO9530,chr16,70788498,70789927,1429
HO9531,chr16,70800381,70801527,1146
HO9532,chr16,71229900,71231001,1101
HO9533,chr16,71288532,71289985,1453
HO9534,chr16,71357578,71359042,1464
HO9535,chr16,71461525,71462544,1019
HO9536,chr16,71483906,71484842,936
HO9537,chr16,71564181,71565760,1579
HO9538,chr16,71722648,71724326,1678
HO9539,chr16,71807940,71809851,1911
HO9540,chr16,71845107,71846765,1658
HO9541,chr16,71883001,71884796,1795
HO9542,chr16,71894059,71896250,2191
HO9543,chr16,71961073,71961982,909
HO9544,chr16,72008121,72009118,997
HO9545,chr16,72072388,72073410,1022
HO9546,chr16,72092810,72094450,1640
HO9547,chr16,72098980,72099637,657
HO9548,chr16,72664186,72665444,1258
HO9549,chr16,72787130,72788714,1584
HO9550,chr16,72847736,72849348,1612
HO9551,chr16,72921117,72922141,1024
HO9552,chr16,72931096,72932785,1689
HO9553,chr16,72945992,72948217,2225
HO9554,chr16,72999715,73000769,1054
HO9555,chr16,73047243,73048765,1522
HO9556,chr16,73057294,73059443,2149
HO9557,chr16,73070345,73071829,1484
HO9558,chr16,73232331,73235089,2758
HO9559,chr16,73369344,73370512,1168
HO9560,chr16,74296097,74297657,1560
HO9561,chr16,74367297,74368513,1216
HO9562,chr16,74412674,74414095,1421
HO9563,chr16,74606036,74607528,1492
HO9564,chr16,74666314,74667634,1320
HO9565,chr16,74695548,74696318,770
HO9566,chr16,74700148,74701592,1444
HO9567,chr16,74724162,74725289,1127
HO9568,chr16,74774097,74775216,1119
HO9569,chr16,74812817,74813527,710
HO9570,chr16,74984349,74985492,1143
HO9571,chr16,74998006,75001007,3001
HO9572,chr16,75064244,75065772,1528
HO9573,chr16,75110546,75112563,2017
HO9574,chr16,75148122,75149241,1119
HO9575,chr16,75233688,75234679,991
HO9576,chr16,75237753,75239163,1410
HO9577,chr16,75244872,75245880,1008
HO9578,chr16,75250256,75252128,1872
HO9579,chr16,75252838,75253771,933
HO9580,chr16,75256207,75257433,1226
HO9581,chr16,75264201,75266375,2174
HO9582,chr16,75267821,75268274,453
HO9583,chr16,75296288,75297053,765
HO9584,chr16,75432670,75434443,1773
HO9585,chr16,75463380,75465042,1662
HO9586,chr16,75471575,75472123,548
HO9587,chr16,75489019,75489670,651
HO9588,chr16,75494592,75495789,1197
HO9589,chr16,75498470,75499180,710
HO9590,chr16,75516143,75517775,1632
HO9591,chr16,75555073,75556530,1457
HO9592,chr16,75565711,75567174,1463
HO9593,chr16,75622565,75623656,1091
HO9594,chr16,75647220,75649028,1808
HO9595,chr16,77190145,77191837,1692
HO9596,chr16,77211939,77213437,1498
HO9597,chr16,77235757,77236522,765
HO9598,chr16,77721925,77723395,1470
HO9599,chr16,78045563,78046353,790
HO9600,chr16,78098837,78100261,1424
HO9601,chr16,79437560,79438796,1236
HO9602,chr16,79598476,79601662,3186
HO9603,chr16,79770053,79770950,897
HO9604,chr16,80540270,80541493,1223
HO9605,chr16,80735460,80736466,1006
HO9606,chr16,80803183,80805270,2087
HO9607,chr16,80931619,80933078,1459
HO9608,chr16,81006173,81007875,1702
HO9609,chr16,81035383,81036778,1395
HO9610,chr16,81076373,81077704,1331
HO9611,chr16,81095520,81096834,1314
HO9612,chr16,81180455,81181783,1328
HO9613,chr16,81314187,81315939,1752
HO9614,chr16,81403390,81404199,809
HO9615,chr16,81444011,81445787,1776
HO9616,chr16,81582526,81583497,971
HO9617,chr16,81718376,81719370,994
HO9618,chr16,82169659,82170848,1189
HO9619,chr16,82439552,82441516,1964
HO9620,chr16,82626725,82628207,1482
HO9621,chr16,83807278,83808946,1668
HO9622,chr16,83813630,83814836,1206
HO9623,chr16,83888200,83889223,1023
HO9624,chr16,83898258,83900200,1942
HO9625,chr16,83952772,83954326,1554
HO9626,chr16,84115941,84117768,1827
HO9627,chr16,84143780,84145621,1841
HO9628,chr16,84186320,84187288,968
HO9629,chr16,84503890,84505343,1453
HO9630,chr16,84531806,84533210,1404
HO9631,chr16,84617177,84619095,1918
HO9632,chr16,84633387,84634532,1145
HO9633,chr16,84642750,84643676,926
HO9634,chr16,84647526,84649714,2188
HO9635,chr16,84699266,84701160,1894
HO9636,chr16,84785780,84787580,1800
HO9637,chr16,84819336,84821046,1710
HO9638,chr16,84884382,84885947,1565
HO9639,chr16,84922207,84923289,1082
HO9640,chr16,84927466,84928501,1035
HO9641,chr16,84928744,84930742,1998
HO9642,chr16,84933567,84934655,1088
HO9643,chr16,84952087,84953549,1462
HO9644,chr16,85010414,85012149,1735
HO9645,chr16,85027101,85028295,1194
HO9646,chr16,85114742,85115585,843
HO9647,chr16,85136088,85137886,1798
HO9648,chr16,85168620,85170312,1692
HO9649,chr16,85173501,85174007,506
HO9650,chr16,85180688,85182165,1477
HO9651,chr16,85195422,85196974,1552
HO9652,chr16,85198031,85198578,547
HO9653,chr16,85202025,85203211,1186
HO9654,chr16,85205966,85207735,1769
HO9655,chr16,85212258,85212868,610
HO9656,chr16,85216711,85217759,1048
HO9657,chr16,85220035,85221966,1931
HO9658,chr16,85234375,85236180,1805
HO9659,chr16,85245243,85246272,1029
HO9660,chr16,85330182,85331106,924
HO9661,chr16,85350829,85351441,612
HO9662,chr16,85370668,85371571,903
HO9663,chr16,85376034,85376986,952
HO9664,chr16,85381627,85382506,879
HO9665,chr16,85390189,85391113,924
HO9666,chr16,85395227,85396866,1639
HO9667,chr16,85435901,85437757,1856
HO9668,chr16,85459643,85463137,3494
HO9669,chr16,85464480,85465313,833
HO9670,chr16,85471960,85475769,3809
HO9671,chr16,85491544,85492555,1011
HO9672,chr16,85553169,85556087,2918
HO9673,chr16,85561236,85562714,1478
HO9674,chr16,85573495,85574857,1362
HO9675,chr16,85610290,85611042,752
HO9676,chr16,85611508,85612483,975
HO9677,chr16,85612736,85613660,924
HO9678,chr16,85615826,85617103,1277
HO9679,chr16,85649896,85653415,3519
HO9680,chr16,85673574,85674866,1292
HO9681,chr16,85688453,85689512,1059
HO9682,chr16,85749860,85751385,1525
HO9683,chr16,85798807,85800576,1769
HO9684,chr16,85821081,85821993,912
HO9685,chr16,86059173,86060305,1132
HO9686,chr16,86509123,86511075,1952
HO9687,chr16,86554680,86555605,925
HO9688,chr16,86557505,86558046,541
HO9689,chr16,86563419,86564164,745
HO9690,chr16,87316789,87318432,1643
HO9691,chr16,87382623,87384599,1976
HO9692,chr16,87388025,87388786,761
HO9693,chr16,87391454,87393502,2048
HO9694,chr16,87461320,87461850,530
HO9695,chr16,87463817,87465664,1847
HO9696,chr16,87487242,87487920,678
HO9697,chr16,87489437,87489993,556
HO9698,chr16,87491717,87494069,2352
HO9699,chr16,87570004,87572121,2117
HO9700,chr16,87635328,87636717,1389
HO9701,chr16,87647839,87648830,991
HO9702,chr16,87721368,87723773,2405
HO9703,chr16,87740186,87741546,1360
HO9704,chr16,87765036,87766704,1668
HO9705,chr16,87777527,87778194,667
HO9706,chr16,87778866,87779542,676
HO9707,chr16,87806058,87807605,1547
HO9708,chr16,87834311,87835336,1025
HO9709,chr16,87847618,87848754,1136
HO9710,chr16,87852897,87855006,2109
HO9711,chr16,87868239,87869820,1581
HO9712,chr16,87870431,87871865,1434
HO9713,chr16,87880032,87882174,2142
HO9714,chr16,87909062,87909704,642
HO9715,chr16,87917832,87919377,1545
HO9716,chr16,87931243,87932259,1016
HO9717,chr16,87939603,87940842,1239
HO9718,chr16,87950467,87952080,1613
HO9719,chr16,87970687,87971418,731
HO9720,chr16,88120881,88121986,1105
HO9721,chr16,88148596,88149570,974
HO9722,chr16,88232380,88233307,927
HO9723,chr16,88238221,88239008,787
HO9724,chr16,88240073,88240599,526
HO9725,chr16,88264293,88265443,1150
HO9726,chr16,88281899,88283289,1390
HO9727,chr16,88295529,88296452,923
HO9728,chr16,88297922,88298944,1022
HO9729,chr16,88303850,88304893,1043
HO9730,chr16,88331815,88332802,987
HO9731,chr16,88382573,88384358,1785
HO9732,chr16,88388050,88388682,632
HO9733,chr16,88442614,88443481,867
HO9734,chr16,88452337,88454043,1706
HO9735,chr16,88454171,88456349,2178
HO9736,chr16,88460827,88462250,1423
HO9737,chr16,88472373,88474365,1992
HO9738,chr16,88478971,88480167,1196
HO9739,chr16,88494142,88495237,1095
HO9740,chr16,88504692,88505871,1179
HO9741,chr16,88569595,88571040,1445
HO9742,chr16,88649234,88651802,2568
HO9743,chr16,88662204,88664140,1936
HO9744,chr16,88685953,88687006,1053
HO9745,chr16,88700600,88701336,736
HO9746,chr16,88705175,88706952,1777
HO9747,chr16,88737144,88737883,739
HO9748,chr16,88784004,88785894,1890
HO9749,chr16,88802207,88804049,1842
HO9750,chr16,88810951,88812806,1855
HO9751,chr16,88856217,88858032,1815
HO9752,chr16,88939912,88942175,2263
HO9753,chr16,89093474,89094643,1169
HO9754,chr16,89171039,89171857,818
HO9755,chr16,89200464,89202211,1747
HO9756,chr16,89216144,89218169,2025
HO9757,chr16,89240485,89241924,1439
HO9758,chr16,89246803,89247990,1187
HO9759,chr16,89319844,89321543,1699
HO9760,chr16,89333424,89334342,918
HO9761,chr16,89382837,89383716,879
HO9762,chr16,89394641,89395602,961
HO9763,chr16,89442390,89443736,1346
HO9764,chr16,89482045,89482786,741
HO9765,chr16,89489067,89489715,648
HO9766,chr16,89489888,89491276,1388
HO9767,chr16,89507441,89509197,1756
HO9768,chr16,89543773,89544571,798
HO9769,chr16,89557311,89557731,420
HO9770,chr16,89559903,89561293,1390
HO9771,chr16,89565151,89566476,1325
HO9772,chr16,89573850,89575270,1420
HO9773,chr16,89640406,89641497,1091
HO9774,chr16,89656920,89658562,1642
HO9775,chr16,89686031,89687748,1717
HO9776,chr16,89699858,89702324,2466
HO9777,chr16,89720212,89722491,2279
HO9778,chr16,89744327,89745199,872
HO9779,chr16,89815784,89817150,1366
HO9780,chr16,89827512,89829195,1683
HO9781,chr16,89847061,89848357,1296
HO9782,chr16,89860559,89861203,644
HO9783,chr16,89872919,89874724,1805
HO9784,chr16,89890838,89891504,666
HO9785,chr16,89909561,89910639,1078
HO9786,chr16,89917701,89918910,1209
HO9787,chr16,89922773,89923575,802
HO9788,chr16,89923911,89924900,989
HO9789,chr16,89925637,89926619,982
HO9790,chr16,89947732,89948877,1145
HO9791,chr16,89971958,89973213,1255
HO9792,chr16,90018297,90020068,1771
HO9793,chr16,90022127,90023456,1329
HO9794,chr16,90046334,90048705,2371
HO9795,chr16,90077026,90078033,1007
HO9796,chr16,90081736,90082843,1107
HO9797,chr17,143602,144305,703
HO9798,chr17,179983,181948,1965
HO9799,chr17,193794,194965,1171
HO9800,chr17,330759,331773,1014
HO9801,chr17,333723,334464,741
HO9802,chr17,338563,339556,993
HO9803,chr17,384585,386465,1880
HO9804,chr17,409541,411230,1689
HO9805,chr17,570206,571493,1287
HO9806,chr17,573423,574516,1093
HO9807,chr17,714019,716019,2000
HO9808,chr17,731732,733513,1781
HO9809,chr17,751207,753001,1794
HO9810,chr17,781422,782866,1444
HO9811,chr17,789794,791330,1536
HO9812,chr17,794631,795378,747
HO9813,chr17,879482,881014,1532
HO9814,chr17,978036,980517,2481
HO9815,chr17,980816,981317,501
HO9816,chr17,996379,997595,1216
HO9817,chr17,1004851,1006355,1504
HO9818,chr17,1039074,1040531,1457
HO9819,chr17,1077571,1079506,1935
HO9820,chr17,1108044,1109871,1827
HO9821,chr17,1122416,1123511,1095
HO9822,chr17,1125242,1126779,1537
HO9823,chr17,1143458,1144601,1143
HO9824,chr17,1186791,1187537,746
HO9825,chr17,1202855,1204145,1290
HO9826,chr17,1227831,1230063,2232
HO9827,chr17,1258935,1260713,1778
HO9828,chr17,1267433,1268819,1386
HO9829,chr17,1398782,1400579,1797
HO9830,chr17,1454976,1456682,1706
HO9831,chr17,1484682,1486291,1609
HO9832,chr17,1486744,1487492,748
HO9833,chr17,1487871,1488545,674
HO9834,chr17,1490957,1491941,984
HO9835,chr17,1515408,1517249,1841
HO9836,chr17,1561613,1563107,1494
HO9837,chr17,1573865,1575317,1452
HO9838,chr17,1627757,1629543,1786
HO9839,chr17,1642738,1644176,1438
HO9840,chr17,1648210,1650297,2087
HO9841,chr17,1669131,1669915,784
HO9842,chr17,1684000,1685193,1193
HO9843,chr17,1709512,1710911,1399
HO9844,chr17,1714320,1717798,3478
HO9845,chr17,1724186,1725371,1185
HO9846,chr17,1729873,1731321,1448
HO9847,chr17,1735782,1737746,1964
HO9848,chr17,1761814,1763871,2057
HO9849,chr17,1783444,1784344,900
HO9850,chr17,1829155,1830610,1455
HO9851,chr17,1880519,1881540,1021
HO9852,chr17,1986482,1987606,1124
HO9853,chr17,2004206,2004996,790
HO9854,chr17,2023544,2024572,1028
HO9855,chr17,2024888,2026269,1381
HO9856,chr17,2029575,2030966,1391
HO9857,chr17,2041068,2042815,1747
HO9858,chr17,2049430,2050882,1452
HO9859,chr17,2054379,2055432,1053
HO9860,chr17,2181066,2182366,1300
HO9861,chr17,2213125,2216402,3277
HO9862,chr17,2302798,2304250,1452
HO9863,chr17,2335905,2338269,2364
HO9864,chr17,2392266,2394105,1839
HO9865,chr17,2396613,2397171,558
HO9866,chr17,2399438,2400345,907
HO9867,chr17,2400570,2402232,1662
HO9868,chr17,2406299,2407516,1217
HO9869,chr17,2412405,2413031,626
HO9870,chr17,2415845,2416702,857
HO9871,chr17,2418538,2418961,423
HO9872,chr17,2426920,2427902,982
HO9873,chr17,2510982,2512314,1332
HO9874,chr17,2592901,2595227,2326
HO9875,chr17,2688510,2689950,1440
HO9876,chr17,2707069,2708188,1119
HO9877,chr17,2710660,2712685,2025
HO9878,chr17,2723414,2725072,1658
HO9879,chr17,2749141,2750134,993
HO9880,chr17,2755045,2756726,1681
HO9881,chr17,2776066,2777767,1701
HO9882,chr17,2784702,2786784,2082
HO9883,chr17,2800205,2800747,542
HO9884,chr17,2803951,2804461,510
HO9885,chr17,2852779,2854848,2069
HO9886,chr17,2903646,2904643,997
HO9887,chr17,2939603,2940777,1174
HO9888,chr17,2960078,2960930,852
HO9889,chr17,3003441,3004796,1355
HO9890,chr17,3048331,3049540,1209
HO9891,chr17,3529748,3530780,1032
HO9892,chr17,3531285,3532071,786
HO9893,chr17,3534838,3536193,1355
HO9894,chr17,3627168,3628209,1041
HO9895,chr17,3635467,3637227,1760
HO9896,chr17,3658485,3661050,2565
HO9897,chr17,3667283,3669235,1952
HO9898,chr17,3694647,3696435,1788
HO9899,chr17,3722927,3724561,1634
HO9900,chr17,3734276,3735082,806
HO9901,chr17,3737402,3738946,1544
HO9902,chr17,3754391,3755567,1176
HO9903,chr17,3812341,3813484,1143
HO9904,chr17,3845296,3846593,1297
HO9905,chr17,3879072,3880431,1359
HO9906,chr17,3888324,3888970,646
HO9907,chr17,3891942,3893604,1662
HO9908,chr17,3894717,3895265,548
HO9909,chr17,3903050,3904336,1286
HO9910,chr17,3913640,3914565,925
HO9911,chr17,3915638,3918000,2362
HO9912,chr17,3934745,3935562,817
HO9913,chr17,3944352,3945408,1056
HO9914,chr17,3960613,3961192,579
HO9915,chr17,3964119,3965455,1336
HO9916,chr17,4142334,4144291,1957
HO9917,chr17,4263019,4264370,1351
HO9918,chr17,4364958,4367030,2072
HO9919,chr17,4412833,4413587,754
HO9920,chr17,4444553,4445317,764
HO9921,chr17,4498274,4499397,1123
HO9922,chr17,4513154,4514629,1475
HO9923,chr17,4554711,4555839,1128
HO9924,chr17,4560080,4561214,1134
HO9925,chr17,4566421,4567156,735
HO9926,chr17,4573431,4574075,644
HO9927,chr17,4583780,4585658,1878
HO9928,chr17,4606910,4608224,1314
HO9929,chr17,4673495,4674672,1177
HO9930,chr17,4703602,4704536,934
HO9931,chr17,4709324,4711034,1710
HO9932,chr17,4730609,4732041,1432
HO9933,chr17,4738406,4740176,1770
HO9934,chr17,4788879,4790727,1848
HO9935,chr17,4795551,4796903,1352
HO9936,chr17,4806473,4807811,1338
HO9937,chr17,4832761,4834602,1841
HO9938,chr17,4880772,4882328,1556
HO9939,chr17,4903077,4903869,792
HO9940,chr17,4908266,4909506,1240
HO9941,chr17,4939249,4940919,1670
HO9942,chr17,4947223,4950392,3169
HO9943,chr17,4966298,4968826,2528
HO9944,chr17,4986089,4988452,2363
HO9945,chr17,4996734,4998877,2143
HO9946,chr17,5031217,5032141,924
HO9947,chr17,5077747,5079020,1273
HO9948,chr17,5110867,5112375,1508
HO9949,chr17,5191220,5192245,1025
HO9950,chr17,5281549,5283007,1458
HO9951,chr17,5418848,5420649,1801
HO9952,chr17,5438478,5439631,1153
HO9953,chr17,5467535,5469251,1716
HO9954,chr17,5485438,5487022,1584
HO9955,chr17,5499642,5501391,1749
HO9956,chr17,6069833,6071439,1606
HO9957,chr17,6443440,6444751,1311
HO9958,chr17,6470329,6472162,1833
HO9959,chr17,6472830,6473490,660
HO9960,chr17,6555121,6556956,1835
HO9961,chr17,6558415,6560111,1696
HO9962,chr17,6639347,6641679,2332
HO9963,chr17,6646430,6647304,874
HO9964,chr17,6650710,6652546,1836
HO9965,chr17,6711742,6712716,974
HO9966,chr17,6712978,6714112,1134
HO9967,chr17,6853440,6854641,1201
HO9968,chr17,7012176,7012885,709
HO9969,chr17,7014134,7015769,1635
HO9970,chr17,7021798,7024103,2305
HO9971,chr17,7034933,7036710,1777
HO9972,chr17,7041704,7044147,2443
HO9973,chr17,7045797,7047415,1618
HO9974,chr17,7176621,7178423,1802
HO9975,chr17,7204439,7205630,1191
HO9976,chr17,7213766,7215317,1551
HO9977,chr17,7219496,7221157,1661
HO9978,chr17,7233795,7234787,992
HO9979,chr17,7237692,7238434,742
HO9980,chr17,7239150,7239974,824
HO9981,chr17,7241773,7243308,1535
HO9982,chr17,7251013,7252864,1851
HO9983,chr17,7254009,7254466,457
HO9984,chr17,7260652,7262065,1413
HO9985,chr17,7280399,7282640,2241
HO9986,chr17,7293857,7295160,1303
HO9987,chr17,7296049,7296729,680
HO9988,chr17,7306591,7309215,2624
HO9989,chr17,7314614,7315733,1119
HO9990,chr17,7328798,7330605,1807
HO9991,chr17,7349735,7350525,790
HO9992,chr17,7351005,7352563,1558
HO9993,chr17,7383515,7384581,1066
HO9994,chr17,7393113,7395249,2136
HO9995,chr17,7403189,7405923,2734
HO9996,chr17,7434939,7436191,1252
HO9997,chr17,7436511,7437311,800
HO9998,chr17,7439997,7441513,1516
HO9999,chr17,7444868,7445921,1053
HO10000,chr17,7455191,7456576,1385
HO10001,chr17,7477422,7479972,2550
HO10002,chr17,7483233,7485116,1883
HO10003,chr17,7557923,7558973,1050
HO10004,chr17,7560419,7562411,1992
HO10005,chr17,7572024,7574056,2032
HO10006,chr17,7578961,7580018,1057
HO10007,chr17,7582770,7584440,1670
HO10008,chr17,7588920,7589689,769
HO10009,chr17,7613822,7615577,1755
HO10010,chr17,7626229,7628232,2003
HO10011,chr17,7650133,7651118,985
HO10012,chr17,7685622,7686847,1225
HO10013,chr17,7687116,7688805,1689
HO10014,chr17,7704652,7706222,1570
HO10015,chr17,7716439,7718306,1867
HO10016,chr17,7833710,7834316,606
HO10017,chr17,7834520,7837146,2626
HO10018,chr17,7841396,7845092,3696
HO10019,chr17,7851341,7852103,762
HO10020,chr17,7856651,7858708,2057
HO10021,chr17,7884733,7888397,3664
HO10022,chr17,7889031,7889536,505
HO10023,chr17,7914938,7916529,1591
HO10024,chr17,7922228,7923375,1147
HO10025,chr17,7931412,7933282,1870
HO10026,chr17,7989767,7990639,872
HO10027,chr17,8015752,8017577,1825
HO10028,chr17,8072301,8073971,1670
HO10029,chr17,8079203,8080600,1397
HO10030,chr17,8109295,8110644,1349
HO10031,chr17,8118377,8119344,967
HO10032,chr17,8119543,8120746,1203
HO10033,chr17,8121569,8122123,554
HO10034,chr17,8125386,8127410,2024
HO10035,chr17,8138034,8139688,1654
HO10036,chr17,8150855,8152704,1849
HO10037,chr17,8154029,8154805,776
HO10038,chr17,8156071,8157010,939
HO10039,chr17,8158755,8159032,277
HO10040,chr17,8162037,8164893,2856
HO10041,chr17,8172650,8174183,1533
HO10042,chr17,8175692,8176865,1173
HO10043,chr17,8181758,8182189,431
HO10044,chr17,8185853,8188050,2197
HO10045,chr17,8189553,8190462,909
HO10046,chr17,8192003,8192562,559
HO10047,chr17,8199710,8200693,983
HO10048,chr17,8209850,8211037,1187
HO10049,chr17,8220623,8223664,3041
HO10050,chr17,8247032,8249592,2560
HO10051,chr17,8288089,8289349,1260
HO10052,chr17,8294854,8295921,1067
HO10053,chr17,8326227,8327593,1366
HO10054,chr17,8375522,8377609,2087
HO10055,chr17,8382634,8384068,1434
HO10056,chr17,8435215,8436864,1649
HO10057,chr17,8470044,8471188,1144
HO10058,chr17,8478959,8480574,1615
HO10059,chr17,8629303,8631679,2376
HO10060,chr17,8696959,8699281,2322
HO10061,chr17,8745396,8746536,1140
HO10062,chr17,8888133,8888962,829
HO10063,chr17,9020727,9023450,2723
HO10064,chr17,9239330,9241651,2321
HO10065,chr17,9575234,9577447,2213
HO10066,chr17,9644403,9646344,1941
HO10067,chr17,10036090,10037234,1144
HO10068,chr17,10042111,10043324,1213
HO10069,chr17,10197357,10199197,1840
HO10070,chr17,10696943,10698351,1408
HO10071,chr17,10728996,10730470,1474
HO10072,chr17,10820727,10822212,1485
HO10073,chr17,10827955,10829524,1569
HO10074,chr17,10843465,10845458,1993
HO10075,chr17,11239954,11241813,1859
HO10076,chr17,11522314,11523797,1483
HO10077,chr17,11598019,11599279,1260
HO10078,chr17,11607854,11609727,1873
HO10079,chr17,11996614,11998054,1440
HO10080,chr17,12020279,12021905,1626
HO10081,chr17,12789116,12790377,1261
HO10082,chr17,13017209,13018640,1431
HO10083,chr17,13600356,13602587,2231
HO10084,chr17,13635644,13636444,800
HO10085,chr17,14068871,14070040,1169
HO10086,chr17,14300452,14301903,1451
HO10087,chr17,14302126,14302872,746
HO10088,chr17,14308770,14309891,1121
HO10089,chr17,15260334,15263595,3261
HO10090,chr17,15340969,15341966,997
HO10091,chr17,15377202,15378212,1010
HO10092,chr17,15562979,15563879,900
HO10093,chr17,15650661,15652050,1389
HO10094,chr17,15653909,15655060,1151
HO10095,chr17,15683656,15684583,927
HO10096,chr17,15699038,15699908,870
HO10097,chr17,15828461,15829283,822
HO10098,chr17,15944290,15946157,1867
HO10099,chr17,15998512,16000531,2019
HO10100,chr17,16214482,16216193,1711
HO10101,chr17,16216940,16217561,621
HO10102,chr17,16352042,16353820,1778
HO10103,chr17,16380354,16381595,1241
HO10104,chr17,16386294,16387381,1087
HO10105,chr17,16406820,16408599,1779
HO10106,chr17,16438230,16439730,1500
HO10107,chr17,16452985,16453633,648
HO10108,chr17,16463316,16464311,995
HO10109,chr17,16485699,16486968,1269
HO10110,chr17,16488350,16489554,1204
HO10111,chr17,16490850,16492876,2026
HO10112,chr17,16535152,16537175,2023
HO10113,chr17,16568424,16569552,1128
HO10114,chr17,16583902,16584703,801
HO10115,chr17,16588922,16589685,763
HO10116,chr17,16652723,16654165,1442
HO10117,chr17,16666580,16667643,1063
HO10118,chr17,16819603,16820752,1149
HO10119,chr17,17020947,17021862,915
HO10120,chr17,17027883,17028610,727
HO10121,chr17,17041747,17044137,2390
HO10122,chr17,17051681,17053001,1320
HO10123,chr17,17079258,17080613,1355
HO10124,chr17,17095756,17097027,1271
HO10125,chr17,17104160,17104853,693
HO10126,chr17,17118983,17119997,1014
HO10127,chr17,17205229,17207348,2119
HO10128,chr17,17236213,17237874,1661
HO10129,chr17,17280250,17281676,1426
HO10130,chr17,17285766,17286490,724
HO10131,chr17,17289393,17290249,856
HO10132,chr17,17300640,17301428,788
HO10133,chr17,17302903,17303981,1078
HO10134,chr17,17356024,17356460,436
HO10135,chr17,17476466,17477481,1015
HO10136,chr17,17494560,17497153,2593
HO10137,chr17,17535685,17536399,714
HO10138,chr17,17547198,17547855,657
HO10139,chr17,17551132,17551870,738
HO10140,chr17,17567019,17567995,976
HO10141,chr17,17570118,17571241,1123
HO10142,chr17,17571866,17572403,537
HO10143,chr17,17590222,17592421,2199
HO10144,chr17,17668879,17671217,2338
HO10145,chr17,17681022,17683594,2572
HO10146,chr17,17693132,17695444,2312
HO10147,chr17,17722160,17725463,3303
HO10148,chr17,17738045,17738770,725
HO10149,chr17,17740700,17742003,1303
HO10150,chr17,17751809,17753286,1477
HO10151,chr17,17780968,17784393,3425
HO10152,chr17,17791884,17793249,1365
HO10153,chr17,17811354,17812965,1611
HO10154,chr17,17823146,17825611,2465
HO10155,chr17,17835771,17837295,1524
HO10156,chr17,17839793,17840747,954
HO10157,chr17,17841384,17842029,645
HO10158,chr17,17854864,17856574,1710
HO10159,chr17,17859916,17860937,1021
HO10160,chr17,17900389,17901664,1275
HO10161,chr17,17971213,17973113,1900
HO10162,chr17,17989230,17990530,1300
HO10163,chr17,18038445,18040148,1703
HO10164,chr17,18087308,18088502,1194
HO10165,chr17,18128555,18129437,882
HO10166,chr17,18153289,18154225,936
HO10167,chr17,18157867,18158669,802
HO10168,chr17,18182126,18185063,2937
HO10169,chr17,18224136,18226513,2377
HO10170,chr17,18246790,18248768,1978
HO10171,chr17,18257280,18259042,1762
HO10172,chr17,18260123,18261190,1067
HO10173,chr17,18313983,18315852,1869
HO10174,chr17,18362474,18363808,1334
HO10175,chr17,18697535,18698545,1010
HO10176,chr17,18780643,18781570,927
HO10177,chr17,18855726,18856486,760
HO10178,chr17,18857631,18858653,1022
HO10179,chr17,18961284,18962386,1102
HO10180,chr17,19000544,19001255,711
HO10181,chr17,19003405,19005125,1720
HO10182,chr17,19063178,19063929,751
HO10183,chr17,19110798,19112367,1569
HO10184,chr17,19237006,19238462,1456
HO10185,chr17,19305692,19306666,974
HO10186,chr17,19316583,19317949,1366
HO10187,chr17,19362045,19363239,1194
HO10188,chr17,19376931,19379048,2117
HO10189,chr17,19507063,19508544,1481
HO10190,chr17,19533297,19534675,1378
HO10191,chr17,19553954,19555429,1475
HO10192,chr17,19647699,19649325,1626
HO10193,chr17,19727349,19728541,1192
HO10194,chr17,19744452,19745424,972
HO10195,chr17,19866525,19868300,1775
HO10196,chr17,19977182,19978498,1316
HO10197,chr17,19992634,19993275,641
HO10198,chr17,20008423,20010577,2154
HO10199,chr17,20155507,20157082,1575
HO10200,chr17,20188999,20190511,1512
HO10201,chr17,20232269,20233051,782
HO10202,chr17,20851545,20853061,1516
HO10203,chr17,20907737,20908939,1202
HO10204,chr17,20992543,20993596,1053
HO10205,chr17,21041807,21043897,2090
HO10206,chr17,21098698,21100044,1346
HO10207,chr17,21126515,21127635,1120
HO10208,chr17,21213344,21215412,2068
HO10209,chr17,21252590,21253837,1247
HO10210,chr17,21275034,21276360,1326
HO10211,chr17,21280007,21280322,315
HO10212,chr17,21283864,21285186,1322
HO10213,chr17,21322361,21323331,970
HO10214,chr17,21375730,21377635,1905
HO10215,chr17,21456759,21458187,1428
HO10216,chr17,21510984,21512286,1302
HO10217,chr17,21550845,21551933,1088
HO10218,chr17,22212353,22213711,1358
HO10219,chr17,22310596,22311551,955
HO10220,chr17,22322354,22323639,1285
HO10221,chr17,22521255,22521565,310
HO10222,chr17,27293237,27295447,2210
HO10223,chr17,27332115,27333475,1360
HO10224,chr17,27348742,27349895,1153
HO10225,chr17,27353346,27354326,980
HO10226,chr17,27455703,27457380,1677
HO10227,chr17,27502313,27503071,758
HO10228,chr17,27519201,27521120,1919
HO10229,chr17,27783497,27784887,1390
HO10230,chr17,27792982,27794291,1309
HO10231,chr17,27805276,27806169,893
HO10232,chr17,27879171,27880368,1197
HO10233,chr17,27892516,27893641,1125
HO10234,chr17,27977935,27979265,1330
HO10235,chr17,28040776,28042213,1437
HO10236,chr17,28225912,28226762,850
HO10237,chr17,28227106,28228523,1417
HO10238,chr17,28251101,28251961,860
HO10239,chr17,28298171,28299074,903
HO10240,chr17,28316643,28317380,737
HO10241,chr17,28317947,28319715,1768
HO10242,chr17,28334830,28336782,1952
HO10243,chr17,28356749,28357950,1201
HO10244,chr17,28370948,28372559,1611
HO10245,chr17,28384116,28385290,1174
HO10246,chr17,28404648,28406642,1994
HO10247,chr17,28551694,28553081,1387
HO10248,chr17,28570620,28571870,1250
HO10249,chr17,28598404,28600064,1660
HO10250,chr17,28643977,28645633,1656
HO10251,chr17,28645817,28647109,1292
HO10252,chr17,28661438,28662753,1315
HO10253,chr17,28663786,28664195,409
HO10254,chr17,28710379,28712551,2172
HO10255,chr17,28716958,28718603,1645
HO10256,chr17,28719131,28720356,1225
HO10257,chr17,28725703,28727507,1804
HO10258,chr17,28727877,28729217,1340
HO10259,chr17,28743064,28744597,1533
HO10260,chr17,28744852,28746051,1199
HO10261,chr17,28749921,28750411,490
HO10262,chr17,28808316,28809176,860
HO10263,chr17,28811564,28813174,1610
HO10264,chr17,28841877,28843117,1240
HO10265,chr17,28854225,28855355,1130
HO10266,chr17,28896514,28897904,1390
HO10267,chr17,28902259,28903367,1108
HO10268,chr17,28912371,28913439,1068
HO10269,chr17,28918017,28918821,804
HO10270,chr17,28948978,28949857,879
HO10271,chr17,28950824,28952720,1896
HO10272,chr17,29005369,29006264,895
HO10273,chr17,29107798,29108926,1128
HO10274,chr17,29124029,29124616,587
HO10275,chr17,29140035,29141703,1668
HO10276,chr17,29145321,29146045,724
HO10277,chr17,29148363,29149257,894
HO10278,chr17,29176371,29177190,819
HO10279,chr17,29178964,29180643,1679
HO10280,chr17,29219101,29219936,835
HO10281,chr17,29292243,29294586,2343
HO10282,chr17,29369614,29370468,854
HO10283,chr17,29389833,29391682,1849
HO10284,chr17,29566101,29569186,3085
HO10285,chr17,29572228,29573314,1086
HO10286,chr17,29580087,29580673,586
HO10287,chr17,29588576,29589894,1318
HO10288,chr17,29590999,29592182,1183
HO10289,chr17,29612866,29613762,896
HO10290,chr17,29615134,29616218,1084
HO10291,chr17,29622198,29623283,1085
HO10292,chr17,29760207,29761810,1603
HO10293,chr17,29929043,29930634,1591
HO10294,chr17,29931123,29931648,525
HO10295,chr17,30104328,30105099,771
HO10296,chr17,30116273,30117609,1336
HO10297,chr17,30290899,30292727,1828
HO10298,chr17,30340103,30341275,1172
HO10299,chr17,30343937,30345169,1232
HO10300,chr17,30378200,30379966,1766
HO10301,chr17,30476707,30478080,1373
HO10302,chr17,30599586,30601469,1883
HO10303,chr17,30707675,30709554,1879
HO10304,chr17,30730781,30732144,1363
HO10305,chr17,30823956,30825053,1097
HO10306,chr17,30831182,30832494,1312
HO10307,chr17,30905588,30906984,1396
HO10308,chr17,30921387,30923127,1740
HO10309,chr17,30970043,30971577,1534
HO10310,chr17,31008069,31009331,1262
HO10311,chr17,31094287,31096254,1967
HO10312,chr17,31487320,31489164,1844
HO10313,chr17,31499644,31500615,971
HO10314,chr17,31548775,31550700,1925
HO10315,chr17,31558531,31560386,1855
HO10316,chr17,31721744,31723011,1267
HO10317,chr17,31842299,31843684,1385
HO10318,chr17,31858337,31859674,1337
HO10319,chr17,31900968,31902090,1122
HO10320,chr17,31936259,31937524,1265
HO10321,chr17,32006676,32008446,1770
HO10322,chr17,32127016,32127917,901
HO10323,chr17,32141076,32143351,2275
HO10324,chr17,32264913,32267082,2169
HO10325,chr17,32340935,32342507,1572
HO10326,chr17,32349398,32350995,1597
HO10327,chr17,32355241,32356276,1035
HO10328,chr17,32443843,32445438,1595
HO10329,chr17,32486000,32487771,1771
HO10330,chr17,32518652,32520511,1859
HO10331,chr17,32875861,32877677,1816
HO10332,chr17,32927424,32929554,2130
HO10333,chr17,32935661,32937504,1843
HO10334,chr17,33291096,33293496,2400
HO10335,chr17,34238551,34239445,894
HO10336,chr17,34252034,34252899,865
HO10337,chr17,34361156,34361879,723
HO10338,chr17,34442211,34443228,1017
HO10339,chr17,34578911,34579995,1084
HO10340,chr17,34637282,34638585,1303
HO10341,chr17,34651223,34652591,1368
HO10342,chr17,34960756,34961931,1175
HO10343,chr17,34979757,34981417,1660
HO10344,chr17,34997071,34998560,1489
HO10345,chr17,35063172,35064326,1154
HO10346,chr17,35087969,35090009,2040
HO10347,chr17,35119125,35120145,1020
HO10348,chr17,35141561,35142521,960
HO10349,chr17,35242099,35244120,2021
HO10350,chr17,35431904,35433908,2004
HO10351,chr17,35447380,35449869,2489
HO10352,chr17,35567330,35568774,1444
HO10353,chr17,35577723,35579057,1334
HO10354,chr17,35586766,35588001,1235
HO10355,chr17,35731179,35732580,1401
HO10356,chr17,35763852,35764932,1080
HO10357,chr17,35783200,35784193,993
HO10358,chr17,35788438,35789354,916
HO10359,chr17,35794739,35795890,1151
HO10360,chr17,35799753,35800554,801
HO10361,chr17,35804618,35805073,455
HO10362,chr17,35808719,35810134,1415
HO10363,chr17,35930104,35931074,970
HO10364,chr17,35942086,35943432,1346
HO10365,chr17,36182389,36183891,1502
HO10366,chr17,36463654,36464348,694
HO10367,chr17,36482592,36483362,770
HO10368,chr17,36486061,36487212,1151
HO10369,chr17,36533999,36535841,1842
HO10370,chr17,36543958,36546019,2061
HO10371,chr17,36591215,36593186,1971
HO10372,chr17,36600935,36602419,1484
HO10373,chr17,36628958,36630474,1516
HO10374,chr17,36703624,36704513,889
HO10375,chr17,36721689,36722886,1197
HO10376,chr17,36948282,36949583,1301
HO10377,chr17,37358163,37360304,2141
HO10378,chr17,37373186,37373897,711
HO10379,chr17,37406047,37407581,1534
HO10380,chr17,37449734,37451243,1509
HO10381,chr17,37488028,37488570,542
HO10382,chr17,37488784,37490482,1698
HO10383,chr17,37490898,37491545,647
HO10384,chr17,37608283,37609942,1659
HO10385,chr17,37642367,37644230,1863
HO10386,chr17,37741838,37744684,2846
HO10387,chr17,38255808,38257681,1873
HO10388,chr17,38296445,38297353,908
HO10389,chr17,38349125,38349450,325
HO10390,chr17,38351358,38353098,1740
HO10391,chr17,38414526,38415045,519
HO10392,chr17,38415335,38415897,562
HO10393,chr17,38416918,38417260,342
HO10394,chr17,38417360,38418479,1119
HO10395,chr17,38418657,38419457,800
HO10396,chr17,38427874,38429667,1793
HO10397,chr17,38430975,38431447,472
HO10398,chr17,38434066,38434859,793
HO10399,chr17,38443440,38444510,1070
HO10400,chr17,38452936,38454900,1964
HO10401,chr17,38460170,38461136,966
HO10402,chr17,38463297,38463899,602
HO10403,chr17,38464129,38465894,1765
HO10404,chr17,38509190,38511725,2535
HO10405,chr17,38550656,38551551,895
HO10406,chr17,38557843,38558695,852
HO10407,chr17,38563593,38565183,1590
HO10408,chr17,38571735,38573226,1491
HO10409,chr17,38579771,38580418,647
HO10410,chr17,38598534,38598926,392
HO10411,chr17,38601458,38602373,915
HO10412,chr17,38605393,38606694,1301
HO10413,chr17,38607026,38607726,700
HO10414,chr17,38673477,38675230,1753
HO10415,chr17,38676878,38677390,512
HO10416,chr17,38701871,38702737,866
HO10417,chr17,38703632,38704213,581
HO10418,chr17,38704542,38706756,2214
HO10419,chr17,38724287,38725009,722
HO10420,chr17,38729717,38731194,1477
HO10421,chr17,38747998,38748609,611
HO10422,chr17,38748952,38750275,1323
HO10423,chr17,38751744,38753101,1357
HO10424,chr17,38798724,38800523,1799
HO10425,chr17,38824621,38825768,1147
HO10426,chr17,38852726,38854239,1513
HO10427,chr17,38868808,38871055,2247
HO10428,chr17,38881401,38882293,892
HO10429,chr17,38912025,38912869,844
HO10430,chr17,38967028,38967788,760
HO10431,chr17,39056474,39057352,878
HO10432,chr17,39112620,39113354,734
HO10433,chr17,39152548,39154674,2126
HO10434,chr17,39164547,39165879,1332
HO10435,chr17,39191389,39192110,721
HO10436,chr17,39194308,39194813,505
HO10437,chr17,39196532,39198029,1497
HO10438,chr17,39199648,39200664,1016
HO10439,chr17,39223339,39226231,2892
HO10440,chr17,39243876,39245263,1387
HO10441,chr17,39328579,39329341,762
HO10442,chr17,39334353,39336014,1661
HO10443,chr17,39400357,39402790,2433
HO10444,chr17,39450617,39451554,937
HO10445,chr17,39460854,39462411,1557
HO10446,chr17,39573227,39574302,1075
HO10447,chr17,39617348,39618737,1389
HO10448,chr17,39621761,39622286,525
HO10449,chr17,39623207,39623734,527
HO10450,chr17,39632086,39633088,1002
HO10451,chr17,39636585,39637801,1216
HO10452,chr17,39667377,39668701,1324
HO10453,chr17,39687355,39689100,1745
HO10454,chr17,39695055,39696730,1675
HO10455,chr17,39699631,39701057,1426
HO10456,chr17,39729852,39730961,1109
HO10457,chr17,39737374,39740858,3484
HO10458,chr17,39749979,39750705,726
HO10459,chr17,39751620,39752699,1079
HO10460,chr17,39753623,39755409,1786
HO10461,chr17,39863815,39864479,664
HO10462,chr17,39926571,39928362,1791
HO10463,chr17,39952375,39953683,1308
HO10464,chr17,39979868,39981494,1626
HO10465,chr17,40053760,40054864,1104
HO10466,chr17,40062310,40064452,2142
HO10467,chr17,40068360,40070360,2000
HO10468,chr17,40071896,40072790,894
HO10469,chr17,40098859,40099707,848
HO10470,chr17,40100160,40101217,1057
HO10471,chr17,40111116,40112023,907
HO10472,chr17,40112731,40113804,1073
HO10473,chr17,40120961,40123812,2851
HO10474,chr17,40139404,40141009,1605
HO10475,chr17,40167962,40168738,776
HO10476,chr17,40176986,40178655,1669
HO10477,chr17,40191004,40191979,975
HO10478,chr17,40218499,40220056,1557
HO10479,chr17,40287228,40288489,1261
HO10480,chr17,40317499,40318724,1225
HO10481,chr17,40330116,40330832,716
HO10482,chr17,40331622,40332721,1099
HO10483,chr17,40340991,40342401,1410
HO10484,chr17,40344843,40345963,1120
HO10485,chr17,40362369,40363837,1468
HO10486,chr17,40417144,40418530,1386
HO10487,chr17,40442724,40445047,2323
HO10488,chr17,40457778,40458994,1216
HO10489,chr17,40474052,40474916,864
HO10490,chr17,40475377,40476557,1180
HO10491,chr17,40499157,40500436,1279
HO10492,chr17,40524175,40525098,923
HO10493,chr17,40538209,40538818,609
HO10494,chr17,40541678,40543826,2148
HO10495,chr17,40553350,40554524,1174
HO10496,chr17,40560023,40560658,635
HO10497,chr17,40647258,40648985,1727
HO10498,chr17,40818417,40819783,1366
HO10499,chr17,41548514,41549582,1068
HO10500,chr17,41647437,41648998,1561
HO10501,chr17,41662561,41663033,472
HO10502,chr17,41665434,41667298,1864
HO10503,chr17,41687924,41689716,1792
HO10504,chr17,41691748,41692445,697
HO10505,chr17,41705073,41706446,1373
HO10506,chr17,41733755,41735157,1402
HO10507,chr17,41737818,41738343,525
HO10508,chr17,41775286,41776155,869
HO10509,chr17,41785032,41787151,2119
HO10510,chr17,41792509,41794650,2141
HO10511,chr17,41800519,41801932,1413
HO10512,chr17,41811180,41813287,2107
HO10513,chr17,41835302,41836613,1311
HO10514,chr17,41864265,41865721,1456
HO10515,chr17,41917218,41920278,3060
HO10516,chr17,41929752,41931040,1288
HO10517,chr17,41937675,41938963,1288
HO10518,chr17,41959016,41960114,1098
HO10519,chr17,41965651,41967888,2237
HO10520,chr17,42016082,42018095,2013
HO10521,chr17,42019693,42020263,570
HO10522,chr17,42024656,42025277,621
HO10523,chr17,42049883,42051129,1246
HO10524,chr17,42087039,42088719,1680
HO10525,chr17,42097939,42099417,1478
HO10526,chr17,42107443,42109002,1559
HO10527,chr17,42111899,42112973,1074
HO10528,chr17,42116088,42117049,961
HO10529,chr17,42120712,42121700,988
HO10530,chr17,42153963,42155844,1881
HO10531,chr17,42180965,42181561,596
HO10532,chr17,42183697,42184965,1268
HO10533,chr17,42193864,42194752,888
HO10534,chr17,42200484,42201412,928
HO10535,chr17,42275354,42277371,2017
HO10536,chr17,42287924,42289751,1827
HO10537,chr17,42311032,42313188,2156
HO10538,chr17,42322571,42323476,905
HO10539,chr17,42386827,42389250,2423
HO10540,chr17,42421407,42423582,2175
HO10541,chr17,42458125,42460203,2078
HO10542,chr17,42492687,42493997,1310
HO10543,chr17,42518396,42520767,2371
HO10544,chr17,42527037,42527574,537
HO10545,chr17,42531435,42532384,949
HO10546,chr17,42535646,42537211,1565
HO10547,chr17,42547838,42548882,1044
HO10548,chr17,42552944,42555259,2315
HO10549,chr17,42561570,42562648,1078
HO10550,chr17,42566467,42567981,1514
HO10551,chr17,42577197,42578733,1536
HO10552,chr17,42608701,42610151,1450
HO10553,chr17,42658762,42659900,1138
HO10554,chr17,42669212,42671528,2316
HO10555,chr17,42676024,42677431,1407
HO10556,chr17,42677788,42678618,830
HO10557,chr17,42679484,42680279,795
HO10558,chr17,42682312,42683277,965
HO10559,chr17,42743965,42745342,1377
HO10560,chr17,42772882,42773999,1117
HO10561,chr17,42798060,42798969,909
HO10562,chr17,42823582,42824590,1008
HO10563,chr17,42832662,42834037,1375
HO10564,chr17,42963944,42965017,1073
HO10565,chr17,42979767,42981508,1741
HO10566,chr17,42997578,42999002,1424
HO10567,chr17,43006396,43007258,862
HO10568,chr17,43019397,43019830,433
HO10569,chr17,43020987,43022558,1571
HO10570,chr17,43024244,43025517,1273
HO10571,chr17,43041474,43042782,1308
HO10572,chr17,43124327,43126340,2013
HO10573,chr17,43152829,43153920,1091
HO10574,chr17,43168813,43171606,2793
HO10575,chr17,43211255,43212934,1679
HO10576,chr17,43309447,43310142,695
HO10577,chr17,43314789,43317006,2217
HO10578,chr17,43333849,43334506,657
HO10579,chr17,43338761,43339208,447
HO10580,chr17,43341582,43343626,2044
HO10581,chr17,43359725,43362191,2466
HO10582,chr17,43367495,43369503,2008
HO10583,chr17,43387948,43389677,1729
HO10584,chr17,43398409,43399451,1042
HO10585,chr17,43417097,43418349,1252
HO10586,chr17,43483172,43484628,1456
HO10587,chr17,43528308,43528995,687
HO10588,chr17,43529959,43531236,1277
HO10589,chr17,43545195,43546867,1672
HO10590,chr17,43694080,43694786,706
HO10591,chr17,43720119,43721219,1100
HO10592,chr17,43754762,43755837,1075
HO10593,chr17,43760025,43760755,730
HO10594,chr17,43777916,43779462,1546
HO10595,chr17,43832202,43833847,1645
HO10596,chr17,43846068,43847439,1371
HO10597,chr17,43860132,43862354,2222
HO10598,chr17,43878313,43879172,859
HO10599,chr17,43900000,43901232,1232
HO10600,chr17,43905960,43908549,2589
HO10601,chr17,43929399,43930148,749
HO10602,chr17,43937820,43938530,710
HO10603,chr17,43983335,43984712,1377
HO10604,chr17,43994104,43995229,1125
HO10605,chr17,44005814,44007794,1980
HO10606,chr17,44013764,44015289,1525
HO10607,chr17,44065600,44066852,1252
HO10608,chr17,44070074,44071308,1234
HO10609,chr17,44086268,44087619,1351
HO10610,chr17,44095306,44096397,1091
HO10611,chr17,44108520,44109027,507
HO10612,chr17,44110786,44111632,846
HO10613,chr17,44122770,44124254,1484
HO10614,chr17,44141415,44142711,1296
HO10615,chr17,44168210,44168765,555
HO10616,chr17,44185968,44187447,1479
HO10617,chr17,44198287,44200879,2592
HO10618,chr17,44210152,44210952,800
HO10619,chr17,44218232,44220422,2190
HO10620,chr17,44220612,44222789,2177
HO10621,chr17,44246503,44248280,1777
HO10622,chr17,44279417,44280445,1028
HO10623,chr17,44307570,44309157,1587
HO10624,chr17,44314593,44315690,1097
HO10625,chr17,44323974,44325859,1885
HO10626,chr17,44326532,44327157,625
HO10627,chr17,44344750,44346077,1327
HO10628,chr17,44353361,44355119,1758
HO10629,chr17,44361349,44364078,2729
HO10630,chr17,44384399,44386471,2072
HO10631,chr17,44502567,44503977,1410
HO10632,chr17,44533324,44534169,845
HO10633,chr17,44549246,44550403,1157
HO10634,chr17,44556159,44558483,2324
HO10635,chr17,44587001,44587903,902
HO10636,chr17,44626750,44629380,2630
HO10637,chr17,44655725,44657536,1811
HO10638,chr17,44689008,44690511,1503
HO10639,chr17,44708032,44709396,1364
HO10640,chr17,44758028,44759978,1950
HO10641,chr17,44774618,44776229,1611
HO10642,chr17,44778916,44779638,722
HO10643,chr17,44829184,44830830,1646
HO10644,chr17,44898742,44900166,1424
HO10645,chr17,44910947,44911934,987
HO10646,chr17,44916149,44917301,1152
HO10647,chr17,44946996,44948365,1369
HO10648,chr17,44967626,44969522,1896
HO10649,chr17,45018470,45019620,1150
HO10650,chr17,45021512,45022282,770
HO10651,chr17,45029776,45032275,2499
HO10652,chr17,45042700,45043654,954
HO10653,chr17,45050344,45051777,1433
HO10654,chr17,45060347,45061729,1382
HO10655,chr17,45098940,45099476,536
HO10656,chr17,45101693,45102956,1263
HO10657,chr17,45110621,45111670,1049
HO10658,chr17,45127520,45128199,679
HO10659,chr17,45131885,45133472,1587
HO10660,chr17,45135247,45135953,706
HO10661,chr17,45143654,45144755,1101
HO10662,chr17,45147156,45150258,3102
HO10663,chr17,45160501,45162097,1596
HO10664,chr17,45171336,45173230,1894
HO10665,chr17,45197256,45198257,1001
HO10666,chr17,45240963,45242119,1156
HO10667,chr17,45246783,45248446,1663
HO10668,chr17,45261449,45263735,2286
HO10669,chr17,45277197,45278521,1324
HO10670,chr17,45316184,45317804,1620
HO10671,chr17,45371067,45372215,1148
HO10672,chr17,45394803,45395967,1164
HO10673,chr17,45427921,45428580,659
HO10674,chr17,45430730,45432558,1828
HO10675,chr17,45490013,45491615,1602
HO10676,chr17,45579437,45580346,909
HO10677,chr17,45583908,45585472,1564
HO10678,chr17,45783061,45785572,2511
HO10679,chr17,45893834,45895007,1173
HO10680,chr17,46192331,46194303,1972
HO10681,chr17,46224784,46225735,951
HO10682,chr17,46259769,46260869,1100
HO10683,chr17,46266036,46267874,1838
HO10684,chr17,46770714,46772926,2212
HO10685,chr17,46922369,46923668,1299
HO10686,chr17,46978257,46979617,1360
HO10687,chr17,47066819,47067691,872
HO10688,chr17,47099444,47100732,1288
HO10689,chr17,47188159,47189760,1601
HO10690,chr17,47229521,47230375,854
HO10691,chr17,47239527,47240576,1049
HO10692,chr17,47253413,47254453,1040
HO10693,chr17,47323309,47325019,1710
HO10694,chr17,47423184,47424408,1224
HO10695,chr17,47492207,47492998,791
HO10696,chr17,47530445,47531293,848
HO10697,chr17,47531523,47532463,940
HO10698,chr17,47648837,47650913,2076
HO10699,chr17,47693001,47695872,2871
HO10700,chr17,47708763,47709478,715
HO10701,chr17,47732767,47734377,1610
HO10702,chr17,47789486,47790603,1117
HO10703,chr17,47821055,47822412,1357
HO10704,chr17,47830686,47832267,1581
HO10705,chr17,47840564,47841700,1136
HO10706,chr17,47842990,47843355,365
HO10707,chr17,47850396,47851584,1188
HO10708,chr17,47877186,47878562,1376
HO10709,chr17,47895132,47896910,1778
HO10710,chr17,47940938,47942014,1076
HO10711,chr17,47948937,47949791,854
HO10712,chr17,47970332,47971522,1190
HO10713,chr17,48011195,48012948,1753
HO10714,chr17,48023335,48024348,1013
HO10715,chr17,48024585,48025848,1263
HO10716,chr17,48026121,48026852,731
HO10717,chr17,48036714,48038155,1441
HO10718,chr17,48047533,48049196,1663
HO10719,chr17,48051758,48052192,434
HO10720,chr17,48053313,48055085,1772
HO10721,chr17,48100211,48101943,1732
HO10722,chr17,48106954,48108039,1085
HO10723,chr17,48816453,48817527,1074
HO10724,chr17,48830580,48831669,1089
HO10725,chr17,48891914,48893237,1323
HO10726,chr17,48907737,48909333,1596
HO10727,chr17,48943884,48945229,1345
HO10728,chr17,48995338,48998722,3384
HO10729,chr17,49003256,49004406,1150
HO10730,chr17,49012750,49014797,2047
HO10731,chr17,49016327,49017280,953
HO10732,chr17,49031902,49032882,980
HO10733,chr17,49106173,49107186,1013
HO10734,chr17,49191653,49193379,1726
HO10735,chr17,49193573,49194365,792
HO10736,chr17,49223217,49225041,1824
HO10737,chr17,49229839,49231256,1417
HO10738,chr17,49259560,49261232,1672
HO10739,chr17,49360894,49362732,1838
HO10740,chr17,49414245,49415482,1237
HO10741,chr17,49453761,49454451,690
HO10742,chr17,49494815,49496791,1976
HO10743,chr17,49555905,49556725,820
HO10744,chr17,49567701,49568427,726
HO10745,chr17,49569633,49570652,1019
HO10746,chr17,49575414,49577180,1766
HO10747,chr17,49595326,49596591,1265
HO10748,chr17,49677121,49678463,1342
HO10749,chr17,49707277,49708520,1243
HO10750,chr17,49763101,49764755,1654
HO10751,chr17,49787804,49789494,1690
HO10752,chr17,49850635,49852110,1475
HO10753,chr17,49880197,49880899,702
HO10754,chr17,49968371,49969315,944
HO10755,chr17,49971400,49972282,882
HO10756,chr17,49993217,49993971,754
HO10757,chr17,49996426,49997250,824
HO10758,chr17,49998077,49998549,472
HO10759,chr17,50026673,50028743,2070
HO10760,chr17,50055048,50057292,2244
HO10761,chr17,50087151,50088431,1280
HO10762,chr17,50094080,50096136,2056
HO10763,chr17,50100916,50102517,1601
HO10764,chr17,50111287,50112104,817
HO10765,chr17,50117024,50117962,938
HO10766,chr17,50128562,50130624,2062
HO10767,chr17,50150751,50151396,645
HO10768,chr17,50151537,50152486,949
HO10769,chr17,50153651,50154388,737
HO10770,chr17,50160714,50161948,1234
HO10771,chr17,50177724,50178733,1009
HO10772,chr17,50199638,50201878,2240
HO10773,chr17,50263345,50264783,1438
HO10774,chr17,50272619,50273522,903
HO10775,chr17,50297182,50297901,719
HO10776,chr17,50345212,50347211,1999
HO10777,chr17,50358955,50360218,1263
HO10778,chr17,50372300,50373420,1120
HO10779,chr17,50396250,50397823,1573
HO10780,chr17,50425350,50427624,2274
HO10781,chr17,50468449,50469517,1068
HO10782,chr17,50478194,50479767,1573
HO10783,chr17,50482326,50482809,483
HO10784,chr17,50507775,50508943,1168
HO10785,chr17,50532242,50534568,2326
HO10786,chr17,50541521,50542750,1229
HO10787,chr17,50546878,50547533,655
HO10788,chr17,50550553,50551168,615
HO10789,chr17,50559791,50561062,1271
HO10790,chr17,50588313,50590204,1891
HO10791,chr17,50604128,50605233,1105
HO10792,chr17,50608682,50609833,1151
HO10793,chr17,50638720,50639669,949
HO10794,chr17,50686333,50687569,1236
HO10795,chr17,50706891,50708320,1429
HO10796,chr17,50718977,50720147,1170
HO10797,chr17,50782951,50783517,566
HO10798,chr17,50834617,50835809,1192
HO10799,chr17,50865026,50868063,3037
HO10800,chr17,50918933,50920101,1168
HO10801,chr17,50930859,50931960,1101
HO10802,chr17,50943250,50945076,1826
HO10803,chr17,51045655,51047271,1616
HO10804,chr17,51119484,51121518,2034
HO10805,chr17,51121637,51122101,464
HO10806,chr17,51152769,51154352,1583
HO10807,chr17,51165349,51167362,2013
HO10808,chr17,51258814,51261248,2434
HO10809,chr17,54899679,54901593,1914
HO10810,chr17,54967574,54969466,1892
HO10811,chr17,55237819,55239154,1335
HO10812,chr17,55263746,55265312,1566
HO10813,chr17,55276081,55277758,1677
HO10814,chr17,55407256,55408309,1053
HO10815,chr17,55420651,55422338,1687
HO10816,chr17,55750538,55751736,1198
HO10817,chr17,56320043,56321325,1282
HO10818,chr17,56592387,56594759,2372
HO10819,chr17,56779739,56780767,1028
HO10820,chr17,56833018,56835142,2124
HO10821,chr17,56876393,56877486,1093
HO10822,chr17,56913233,56914878,1645
HO10823,chr17,56960372,56961289,917
HO10824,chr17,56977618,56979167,1549
HO10825,chr17,57045370,57047087,1717
HO10826,chr17,57084507,57086632,2125
HO10827,chr17,57120186,57122020,1834
HO10828,chr17,57255490,57257084,1594
HO10829,chr17,57284409,57286025,1616
HO10830,chr17,57440076,57442884,2808
HO10831,chr17,57475594,57476326,732
HO10832,chr17,57477943,57479065,1122
HO10833,chr17,57505685,57508299,2614
HO10834,chr17,57537282,57539100,1818
HO10835,chr17,57577558,57578921,1363
HO10836,chr17,57604545,57605952,1407
HO10837,chr17,57608952,57609926,974
HO10838,chr17,57662497,57663577,1080
HO10839,chr17,57671550,57672418,868
HO10840,chr17,57832198,57833640,1442
HO10841,chr17,57849528,57850693,1165
HO10842,chr17,57860726,57862359,1633
HO10843,chr17,57874254,57875755,1501
HO10844,chr17,57892067,57893804,1737
HO10845,chr17,57906764,57907445,681
HO10846,chr17,57911723,57912472,749
HO10847,chr17,57935011,57936536,1525
HO10848,chr17,57954177,57955961,1784
HO10849,chr17,57986768,57989326,2558
HO10850,chr17,57989510,57990119,609
HO10851,chr17,58006294,58008072,1778
HO10852,chr17,58082383,58084921,2538
HO10853,chr17,58156550,58157892,1342
HO10854,chr17,58218415,58219623,1208
HO10855,chr17,58249015,58250113,1098
HO10856,chr17,58323945,58325619,1674
HO10857,chr17,58351636,58353242,1606
HO10858,chr17,58363647,58365179,1532
HO10859,chr17,58416572,58417952,1380
HO10860,chr17,58502824,58503623,799
HO10861,chr17,58513279,58514831,1552
HO10862,chr17,58517391,58518931,1540
HO10863,chr17,58531291,58532654,1363
HO10864,chr17,58630924,58632812,1888
HO10865,chr17,58658011,58659705,1694
HO10866,chr17,58691667,58693335,1668
HO10867,chr17,58755191,58757066,1875
HO10868,chr17,58985247,58986375,1128
HO10869,chr17,59001237,59001829,592
HO10870,chr17,59007696,59008505,809
HO10871,chr17,59038373,59039258,885
HO10872,chr17,59105944,59107372,1428
HO10873,chr17,59153590,59155927,2337
HO10874,chr17,59165756,59166460,704
HO10875,chr17,59209246,59210563,1317
HO10876,chr17,59219895,59221408,1513
HO10877,chr17,59329534,59330017,483
HO10878,chr17,59331089,59333226,2137
HO10879,chr17,59355196,59356510,1314
HO10880,chr17,59365274,59367442,2168
HO10881,chr17,59513912,59515011,1099
HO10882,chr17,59520853,59522133,1280
HO10883,chr17,59565107,59566347,1240
HO10884,chr17,59618757,59620937,2180
HO10885,chr17,59706775,59708361,1586
HO10886,chr17,59837051,59838380,1329
HO10887,chr17,59892207,59893942,1735
HO10888,chr17,59963500,59965346,1846
HO10889,chr17,60077729,60079694,1965
HO10890,chr17,60134546,60135885,1339
HO10891,chr17,60139417,60140130,713
HO10892,chr17,60390916,60393237,2321
HO10893,chr17,60421019,60422491,1472
HO10894,chr17,60442127,60443227,1100
HO10895,chr17,60524565,60526591,2026
HO10896,chr17,60599256,60601477,2221
HO10897,chr17,60601785,60602567,782
HO10898,chr17,60676852,60678373,1521
HO10899,chr17,60710724,60711924,1200
HO10900,chr17,61395930,61397886,1956
HO10901,chr17,61399017,61400630,1613
HO10902,chr17,61409309,61410009,700
HO10903,chr17,61410517,61412969,2452
HO10904,chr17,61416518,61417182,664
HO10905,chr17,61809537,61810970,1433
HO10906,chr17,61862779,61864062,1283
HO10907,chr17,61926670,61928235,1565
HO10908,chr17,62064062,62066244,2182
HO10909,chr17,62140618,62141225,607
HO10910,chr17,62423334,62424507,1173
HO10911,chr17,62470432,62471141,709
HO10912,chr17,62477610,62479911,2301
HO10913,chr17,62618060,62619436,1376
HO10914,chr17,62626648,62629481,2833
HO10915,chr17,62652030,62654602,2572
HO10916,chr17,62694157,62695413,1256
HO10917,chr17,62703290,62704851,1561
HO10918,chr17,62705045,62706291,1246
HO10919,chr17,62780086,62780937,851
HO10920,chr17,62807586,62808910,1324
HO10921,chr17,62819488,62822422,2934
HO10922,chr17,62869399,62870865,1466
HO10923,chr17,62879864,62880707,843
HO10924,chr17,62965459,62967033,1574
HO10925,chr17,62968395,62968768,373
HO10926,chr17,63132135,63133103,968
HO10927,chr17,63436669,63437610,941
HO10928,chr17,63445501,63447516,2015
HO10929,chr17,63474153,63475335,1182
HO10930,chr17,63476260,63477952,1692
HO10931,chr17,63478783,63479192,409
HO10932,chr17,63522586,63523586,1000
HO10933,chr17,63549670,63551540,1870
HO10934,chr17,63600317,63601734,1417
HO10935,chr17,63607576,63608474,898
HO10936,chr17,63621494,63623377,1883
HO10937,chr17,63698788,63701403,2615
HO10938,chr17,63740848,63743171,2323
HO10939,chr17,63772755,63774722,1967
HO10940,chr17,63826288,63827887,1599
HO10941,chr17,63841372,63843951,2579
HO10942,chr17,63848654,63849649,995
HO10943,chr17,63997434,63998993,1559
HO10944,chr17,64129220,64131013,1793
HO10945,chr17,64144932,64146855,1923
HO10946,chr17,64155411,64156938,1527
HO10947,chr17,64202130,64203983,1853
HO10948,chr17,64262136,64263748,1612
HO10949,chr17,64496120,64497929,1809
HO10950,chr17,64504964,64507776,2812
HO10951,chr17,64660965,64662819,1854
HO10952,chr17,64776483,64777405,922
HO10953,chr17,64836298,64838041,1743
HO10954,chr17,64918736,64920375,1639
HO10955,chr17,64974768,64976311,1543
HO10956,chr17,65005581,65006688,1107
HO10957,chr17,65055397,65057268,1871
HO10958,chr17,65084782,65086214,1432
HO10959,chr17,65099979,65101282,1303
HO10960,chr17,65105968,65107246,1278
HO10961,chr17,65122727,65123640,913
HO10962,chr17,65136740,65137741,1001
HO10963,chr17,65559663,65562150,2487
HO10964,chr17,65750084,65751542,1458
HO10965,chr17,66190732,66192608,1876
HO10966,chr17,66301809,66303746,1937
HO10967,chr17,66338000,66339375,1375
HO10968,chr17,66829055,66830204,1149
HO10969,chr17,66900150,66901089,939
HO10970,chr17,66904637,66905696,1059
HO10971,chr17,66963629,66966221,2592
HO10972,chr17,67244236,67246921,2685
HO10973,chr17,67288748,67290128,1380
HO10974,chr17,67365485,67366863,1378
HO10975,chr17,67374461,67374953,492
HO10976,chr17,67376672,67379187,2515
HO10977,chr17,67475075,67476028,953
HO10978,chr17,67528515,67529428,913
HO10979,chr17,67546199,67547305,1106
HO10980,chr17,67588058,67589314,1256
HO10981,chr17,67717178,67718686,1508
HO10982,chr17,67824667,67826607,1940
HO10983,chr17,67901805,67903220,1415
HO10984,chr17,67982054,67983586,1532
HO10985,chr17,67992667,67994298,1631
HO10986,chr17,67995548,67996581,1033
HO10987,chr17,68019417,68020669,1252
HO10988,chr17,68035053,68036393,1340
HO10989,chr17,68100903,68102658,1755
HO10990,chr17,68200585,68201251,666
HO10991,chr17,68204765,68206516,1751
HO10992,chr17,68247203,68248580,1377
HO10993,chr17,68289823,68292678,2855
HO10994,chr17,68456188,68458225,2037
HO10995,chr17,68473829,68474723,894
HO10996,chr17,68497803,68499353,1550
HO10997,chr17,68511230,68513312,2082
HO10998,chr17,68514835,68515554,719
HO10999,chr17,68599586,68601486,1900
HO11000,chr17,68732963,68734405,1442
HO11001,chr17,68759013,68760202,1189
HO11002,chr17,69046951,69048072,1121
HO11003,chr17,69326037,69327864,1827
HO11004,chr17,69414078,69415331,1253
HO11005,chr17,70167928,70170067,2139
HO11006,chr17,71484152,71485370,1218
HO11007,chr17,71537825,71538778,953
HO11008,chr17,72029823,72030959,1136
HO11009,chr17,72102033,72103016,983
HO11010,chr17,72118297,72118845,548
HO11011,chr17,72119907,72122126,2219
HO11012,chr17,72123461,72124303,842
HO11013,chr17,72191297,72192948,1651
HO11014,chr17,72529369,72531045,1676
HO11015,chr17,72539893,72540775,882
HO11016,chr17,72575633,72576844,1211
HO11017,chr17,72591312,72593015,1703
HO11018,chr17,72602525,72603562,1037
HO11019,chr17,72614553,72615734,1181
HO11020,chr17,72654354,72655335,981
HO11021,chr17,72697377,72698170,793
HO11022,chr17,73091552,73093044,1492
HO11023,chr17,73164199,73166357,2158
HO11024,chr17,73191360,73193648,2288
HO11025,chr17,73231396,73233204,1808
HO11026,chr17,73261583,73263532,1949
HO11027,chr17,73278028,73279247,1219
HO11028,chr17,73288459,73289420,961
HO11029,chr17,73304392,73305554,1162
HO11030,chr17,73309743,73312553,2810
HO11031,chr17,73341417,73344056,2639
HO11032,chr17,73348620,73349611,991
HO11033,chr17,73410297,73411836,1539
HO11034,chr17,73429253,73429846,593
HO11035,chr17,73454951,73456092,1141
HO11036,chr17,73498009,73499686,1677
HO11037,chr17,73532333,73533539,1206
HO11038,chr17,73536407,73537765,1358
HO11039,chr17,73548223,73549269,1046
HO11040,chr17,73630307,73631392,1085
HO11041,chr17,73642903,73645790,2887
HO11042,chr17,73683812,73684991,1179
HO11043,chr17,73709799,73710676,877
HO11044,chr17,73718950,73720432,1482
HO11045,chr17,73770275,73771238,963
HO11046,chr17,73901371,73903219,1848
HO11047,chr17,73951828,73953210,1382
HO11048,chr17,74203149,74204345,1196
HO11049,chr17,74206131,74206773,642
HO11050,chr17,74212104,74214390,2286
HO11051,chr17,74234603,74235638,1035
HO11052,chr17,74273887,74274988,1101
HO11053,chr17,74275594,74277087,1493
HO11054,chr17,74295755,74296945,1190
HO11055,chr17,74356618,74357675,1057
HO11056,chr17,74379243,74380571,1328
HO11057,chr17,74430214,74432788,2574
HO11058,chr17,74453323,74455137,1814
HO11059,chr17,74513784,74515131,1347
HO11060,chr17,74670908,74671652,744
HO11061,chr17,74736183,74738742,2559
HO11062,chr17,74748120,74750132,2012
HO11063,chr17,74775729,74776904,1175
HO11064,chr17,74791310,74791837,527
HO11065,chr17,74842032,74843415,1383
HO11066,chr17,74860463,74862517,2054
HO11067,chr17,74868186,74868783,597
HO11068,chr17,74870399,74870924,525
HO11069,chr17,74872508,74873749,1241
HO11070,chr17,74892336,74894644,2308
HO11071,chr17,74922809,74924057,1248
HO11072,chr17,74971652,74973153,1501
HO11073,chr17,74974373,74975312,939
HO11074,chr17,74981462,74982917,1455
HO11075,chr17,74987143,74989338,2195
HO11076,chr17,75002108,75004245,2137
HO11077,chr17,75010933,75013335,2402
HO11078,chr17,75033416,75035471,2055
HO11079,chr17,75046320,75048126,1806
HO11080,chr17,75048314,75048949,635
HO11081,chr17,75077047,75078297,1250
HO11082,chr17,75087306,75088633,1327
HO11083,chr17,75109125,75110573,1448
HO11084,chr17,75113844,75114614,770
HO11085,chr17,75130570,75132054,1484
HO11086,chr17,75152922,75154900,1978
HO11087,chr17,75171197,75172187,990
HO11088,chr17,75181688,75183363,1675
HO11089,chr17,75204720,75206007,1287
HO11090,chr17,75260812,75262462,1650
HO11091,chr17,75270003,75272022,2019
HO11092,chr17,75288708,75290324,1616
HO11093,chr17,75393248,75394623,1375
HO11094,chr17,75403969,75406242,2273
HO11095,chr17,75426083,75426849,766
HO11096,chr17,75455908,75457617,1709
HO11097,chr17,75468002,75468958,956
HO11098,chr17,75474923,75477358,2435
HO11099,chr17,75497965,75500008,2043
HO11100,chr17,75514832,75517217,2385
HO11101,chr17,75524657,75526514,1857
HO11102,chr17,75578509,75579419,910
HO11103,chr17,75587623,75589714,2091
HO11104,chr17,75632738,75634490,1752
HO11105,chr17,75635443,75636183,740
HO11106,chr17,75648825,75650187,1362
HO11107,chr17,75666705,75667714,1009
HO11108,chr17,75720597,75721714,1117
HO11109,chr17,75747614,75748157,543
HO11110,chr17,75753373,75754241,868
HO11111,chr17,75763962,75765583,1621
HO11112,chr17,75778693,75780168,1475
HO11113,chr17,75784132,75785931,1799
HO11114,chr17,75827224,75828339,1115
HO11115,chr17,75843490,75845598,2108
HO11116,chr17,75848377,75850078,1701
HO11117,chr17,75854262,75856508,2246
HO11118,chr17,75872478,75873252,774
HO11119,chr17,75875562,75876582,1020
HO11120,chr17,75876781,75879483,2702
HO11121,chr17,75896014,75897365,1351
HO11122,chr17,75904145,75905398,1253
HO11123,chr17,75909490,75911000,1510
HO11124,chr17,75940374,75941574,1200
HO11125,chr17,75978418,75980092,1674
HO11126,chr17,76004696,76005931,1235
HO11127,chr17,76013709,76014623,914
HO11128,chr17,76071868,76073091,1223
HO11129,chr17,76102837,76104378,1541
HO11130,chr17,76121136,76123103,1967
HO11131,chr17,76140924,76142374,1450
HO11132,chr17,76160810,76162699,1889
HO11133,chr17,76239310,76241405,2095
HO11134,chr17,76264603,76266634,2031
HO11135,chr17,76295845,76296705,860
HO11136,chr17,76336439,76337547,1108
HO11137,chr17,76352781,76354543,1762
HO11138,chr17,76381963,76382603,640
HO11139,chr17,76382775,76384910,2135
HO11140,chr17,76385397,76386487,1090
HO11141,chr17,76452074,76453576,1502
HO11142,chr17,76480359,76481557,1198
HO11143,chr17,76497941,76498712,771
HO11144,chr17,76500830,76501943,1113
HO11145,chr17,76506182,76507101,919
HO11146,chr17,76522889,76523521,632
HO11147,chr17,76524476,76525322,846
HO11148,chr17,76537155,76538246,1091
HO11149,chr17,76540412,76541178,766
HO11150,chr17,76543590,76545135,1545
HO11151,chr17,76546001,76547673,1672
HO11152,chr17,76556831,76558785,1954
HO11153,chr17,76561764,76562225,461
HO11154,chr17,76569371,76570560,1189
HO11155,chr17,76584508,76586441,1933
HO11156,chr17,76640677,76641373,696
HO11157,chr17,76642794,76643918,1124
HO11158,chr17,76670918,76672248,1330
HO11159,chr17,76681054,76682716,1662
HO11160,chr17,76687138,76689147,2009
HO11161,chr17,76700336,76701889,1553
HO11162,chr17,76708883,76710612,1729
HO11163,chr17,76710817,76711643,826
HO11164,chr17,76720892,76721353,461
HO11165,chr17,76725623,76727363,1740
HO11166,chr17,76736175,76738344,2169
HO11167,chr17,76867587,76868998,1411
HO11168,chr17,77088190,77089624,1434
HO11169,chr17,77106793,77107872,1079
HO11170,chr17,77140098,77141703,1605
HO11171,chr17,77145589,77146265,676
HO11172,chr17,77147397,77149434,2037
HO11173,chr17,77162898,77165018,2120
HO11174,chr17,77174836,77176164,1328
HO11175,chr17,77185974,77186717,743
HO11176,chr17,77200285,77201127,842
HO11177,chr17,77246559,77247577,1018
HO11178,chr17,77280202,77281874,1672
HO11179,chr17,77304015,77305490,1475
HO11180,chr17,77331208,77331846,638
HO11181,chr17,77350207,77351964,1757
HO11182,chr17,77356023,77357194,1171
HO11183,chr17,77363577,77364607,1030
HO11184,chr17,77365687,77367204,1517
HO11185,chr17,77372372,77374911,2539
HO11186,chr17,77375498,77376320,822
HO11187,chr17,77377134,77377551,417
HO11188,chr17,77383703,77384712,1009
HO11189,chr17,77391742,77393058,1316
HO11190,chr17,77394231,77394966,735
HO11191,chr17,77424756,77425635,879
HO11192,chr17,77429716,77430593,877
HO11193,chr17,77449709,77452389,2680
HO11194,chr17,77471089,77473186,2097
HO11195,chr17,77479616,77482207,2591
HO11196,chr17,77847861,77849592,1731
HO11197,chr17,77882192,77883407,1215
HO11198,chr17,77887301,77888623,1322
HO11199,chr17,77941915,77942889,974
HO11200,chr17,77957431,77959799,2368
HO11201,chr17,78127049,78129305,2256
HO11202,chr17,78140110,78140828,718
HO11203,chr17,78168042,78169876,1834
HO11204,chr17,78186376,78187635,1259
HO11205,chr17,78213251,78214693,1442
HO11206,chr17,78250627,78251266,639
HO11207,chr17,78254061,78254793,732
HO11208,chr17,78313567,78314559,992
HO11209,chr17,78323860,78325607,1747
HO11210,chr17,78341507,78343448,1941
HO11211,chr17,78352430,78353716,1286
HO11212,chr17,78358577,78361072,2495
HO11213,chr17,78378007,78379172,1165
HO11214,chr17,78421414,78422344,930
HO11215,chr17,78716696,78718188,1492
HO11216,chr17,78722954,78724060,1106
HO11217,chr17,78781128,78782901,1773
HO11218,chr17,78839669,78841587,1918
HO11219,chr17,78865491,78866317,826
HO11220,chr17,78873544,78874458,914
HO11221,chr17,78882546,78884496,1950
HO11222,chr17,78902555,78903778,1223
HO11223,chr17,78907891,78908984,1093
HO11224,chr17,78922939,78926338,3399
HO11225,chr17,78933452,78934878,1426
HO11226,chr17,78946618,78947973,1355
HO11227,chr17,78977748,78978468,720
HO11228,chr17,78979611,78980927,1316
HO11229,chr17,78985662,78987216,1554
HO11230,chr17,78995781,78997121,1340
HO11231,chr17,79008964,79010345,1381
HO11232,chr17,79023788,79024821,1033
HO11233,chr17,79033666,79034553,887
HO11234,chr17,79045544,79047356,1812
HO11235,chr17,79074323,79075728,1405
HO11236,chr17,79721867,79722717,850
HO11237,chr17,79728114,79729268,1154
HO11238,chr17,79741297,79742268,971
HO11239,chr17,79776932,79779575,2643
HO11240,chr17,79796554,79798149,1595
HO11241,chr17,79809922,79810674,752
HO11242,chr17,79811086,79811870,784
HO11243,chr17,79831276,79833132,1856
HO11244,chr17,79838247,79839976,1729
HO11245,chr17,79844652,79845920,1268
HO11246,chr17,79859959,79860865,906
HO11247,chr17,79918710,79919803,1093
HO11248,chr17,79925093,79926998,1905
HO11249,chr17,79950413,79953272,2859
HO11250,chr17,79986270,79987183,913
HO11251,chr17,79991163,79992824,1661
HO11252,chr17,80034809,80037344,2535
HO11253,chr17,80070710,80071871,1161
HO11254,chr17,80100960,80102583,1623
HO11255,chr17,80104124,80104871,747
HO11256,chr17,80146085,80148128,2043
HO11257,chr17,80195188,80196396,1208
HO11258,chr17,80219245,80221148,1903
HO11259,chr17,80259810,80260569,759
HO11260,chr17,80260742,80261815,1073
HO11261,chr17,80414190,80415838,1648
HO11262,chr17,80426684,80427296,612
HO11263,chr17,80454182,80455534,1352
HO11264,chr17,80475168,80476898,1730
HO11265,chr17,80477894,80478749,855
HO11266,chr17,80544283,80545586,1303
HO11267,chr17,80793843,80796136,2293
HO11268,chr17,80832332,80834783,2451
HO11269,chr17,80941725,80943229,1504
HO11270,chr17,80968585,80969727,1142
HO11271,chr17,80970019,80972036,2017
HO11272,chr17,80991397,80992677,1280
HO11273,chr17,81034002,81036022,2020
HO11274,chr17,81094571,81096001,1430
HO11275,chr17,81096669,81097673,1004
HO11276,chr17,81101345,81102114,769
HO11277,chr17,81119198,81120405,1207
HO11278,chr17,81142379,81143328,949
HO11279,chr17,81164303,81166580,2277
HO11280,chr17,81198702,81199869,1167
HO11281,chr17,81221717,81223842,2125
HO11282,chr17,81238225,81240148,1923
HO11283,chr17,81254809,81255673,864
HO11284,chr17,81294479,81296352,1873
HO11285,chr17,81313988,81315530,1542
HO11286,chr17,81340699,81341341,642
HO11287,chr17,81345318,81346713,1395
HO11288,chr17,81364748,81366319,1571
HO11289,chr17,81385336,81387690,2354
HO11290,chr17,81393560,81394403,843
HO11291,chr17,81394823,81395540,717
HO11292,chr17,81412411,81413420,1009
HO11293,chr17,81428777,81430544,1767
HO11294,chr17,81433888,81434432,544
HO11295,chr17,81456130,81457302,1172
HO11296,chr17,81480258,81481786,1528
HO11297,chr17,81483900,81484714,814
HO11298,chr17,81487543,81488563,1020
HO11299,chr17,81506839,81507774,935
HO11300,chr17,81507985,81509525,1540
HO11301,chr17,81512314,81515433,3119
HO11302,chr17,81518442,81519734,1292
HO11303,chr17,81536227,81538232,2005
HO11304,chr17,81551411,81554206,2795
HO11305,chr17,81621334,81622208,874
HO11306,chr17,81636011,81637485,1474
HO11307,chr17,81665748,81667218,1470
HO11308,chr17,81682856,81684444,1588
HO11309,chr17,81702423,81703885,1462
HO11310,chr17,81711323,81714002,2679
HO11311,chr17,81733548,81734253,705
HO11312,chr17,81832152,81833921,1769
HO11313,chr17,81859518,81861658,2140
HO11314,chr17,81869172,81869667,495
HO11315,chr17,81870136,81872307,2171
HO11316,chr17,81890814,81892158,1344
HO11317,chr17,81901606,81902818,1212
HO11318,chr17,81910267,81911932,1665
HO11319,chr17,81917505,81918513,1008
HO11320,chr17,81923269,81924016,747
HO11321,chr17,81926253,81928705,2452
HO11322,chr17,81936767,81937743,976
HO11323,chr17,81959373,81960050,677
HO11324,chr17,81966374,81968348,1974
HO11325,chr17,81976535,81978235,1700
HO11326,chr17,82022372,82023874,1502
HO11327,chr17,82029165,82029967,802
HO11328,chr17,82030153,82032334,2181
HO11329,chr17,82036841,82037970,1129
HO11330,chr17,82050830,82052716,1886
HO11331,chr17,82064568,82066175,1607
HO11332,chr17,82076784,82078357,1573
HO11333,chr17,82097148,82099326,2178
HO11334,chr17,82105889,82106874,985
HO11335,chr17,82118307,82119589,1282
HO11336,chr17,82153670,82154385,715
HO11337,chr17,82205483,82206588,1105
HO11338,chr17,82212132,82213772,1640
HO11339,chr17,82230470,82232249,1779
HO11340,chr17,82235801,82236770,969
HO11341,chr17,82238665,82239074,409
HO11342,chr17,82240917,82242548,1631
HO11343,chr17,82267158,82268317,1159
HO11344,chr17,82272444,82274342,1898
HO11345,chr17,82292285,82293858,1573
HO11346,chr17,82330117,82330973,856
HO11347,chr17,82351290,82352307,1017
HO11348,chr17,82384075,82386807,2732
HO11349,chr17,82414502,82415087,585
HO11350,chr17,82417836,82418981,1145
HO11351,chr17,82450105,82451100,995
HO11352,chr17,82457612,82459438,1826
HO11353,chr17,82494136,82495253,1117
HO11354,chr17,82496671,82498020,1349
HO11355,chr17,82518954,82520813,1859
HO11356,chr17,82528519,82529172,653
HO11357,chr17,82551656,82552199,543
HO11358,chr17,82553128,82553723,595
HO11359,chr17,82592331,82593933,1602
HO11360,chr17,82647086,82649212,2126
HO11361,chr17,82668374,82668906,532
HO11362,chr17,82669494,82670434,940
HO11363,chr17,82690827,82691528,701
HO11364,chr17,82696897,82699305,2408
HO11365,chr17,82715952,82717368,1416
HO11366,chr17,82734970,82736063,1093
HO11367,chr17,82737853,82738861,1008
HO11368,chr17,82751099,82752943,1844
HO11369,chr17,82754512,82755194,682
HO11370,chr17,82980797,82981751,954
HO11371,chr17,83037171,83038148,977
HO11372,chr17,83050955,83052419,1464
HO11373,chr17,83074635,83075734,1099
HO11374,chr17,83078853,83081923,3070
HO11375,chr17,83099229,83100618,1389
HO11376,chr17,83103250,83103921,671
HO11377,chr17,83109438,83111304,1866
HO11378,chr17,83117967,83119418,1451
HO11379,chr17,83151224,83152321,1097
HO11380,chr18,111262,112468,1206
HO11381,chr18,157966,159531,1565
HO11382,chr18,267256,268960,1704
HO11383,chr18,340849,341689,840
HO11384,chr18,499053,501343,2290
HO11385,chr18,596149,597436,1287
HO11386,chr18,657078,658995,1917
HO11387,chr18,692430,694316,1886
HO11388,chr18,711327,713378,2051
HO11389,chr18,777692,779249,1557
HO11390,chr18,811341,813458,2117
HO11391,chr18,839014,840358,1344
HO11392,chr18,1664927,1666483,1556
HO11393,chr18,2570570,2572040,1470
HO11394,chr18,2654581,2657031,2450
HO11395,chr18,2846034,2848340,2306
HO11396,chr18,2905880,2907473,1593
HO11397,chr18,3012216,3013679,1463
HO11398,chr18,3026587,3028208,1621
HO11399,chr18,3028719,3029980,1261
HO11400,chr18,3128910,3129796,886
HO11401,chr18,3245657,3248320,2663
HO11402,chr18,3261209,3263138,1929
HO11403,chr18,3296418,3297774,1356
HO11404,chr18,3305361,3306638,1277
HO11405,chr18,3447460,3448575,1115
HO11406,chr18,3449068,3450811,1743
HO11407,chr18,3451143,3451872,729
HO11408,chr18,3498629,3500275,1646
HO11409,chr18,3525859,3527232,1373
HO11410,chr18,3527687,3529007,1320
HO11411,chr18,3593211,3596129,2918
HO11412,chr18,3596578,3597044,466
HO11413,chr18,3602463,3604170,1707
HO11414,chr18,3623502,3624651,1149
HO11415,chr18,3653516,3655114,1598
HO11416,chr18,3665326,3666649,1323
HO11417,chr18,3688420,3689696,1276
HO11418,chr18,3770762,3771975,1213
HO11419,chr18,4453683,4455774,2091
HO11420,chr18,5196212,5197445,1233
HO11421,chr18,5237060,5238818,1758
HO11422,chr18,5294347,5297097,2750
HO11423,chr18,5297997,5298868,871
HO11424,chr18,5388496,5389682,1186
HO11425,chr18,5542486,5544287,1801
HO11426,chr18,5628237,5631046,2809
HO11427,chr18,5889989,5891372,1383
HO11428,chr18,5894082,5896425,2343
HO11429,chr18,6286643,6288050,1407
HO11430,chr18,6413654,6415382,1728
HO11431,chr18,6484460,6485246,786
HO11432,chr18,6728594,6730172,1578
HO11433,chr18,7038089,7038959,870
HO11434,chr18,7069085,7071179,2094
HO11435,chr18,7090172,7091346,1174
HO11436,chr18,7115858,7118320,2462
HO11437,chr18,7127340,7128520,1180
HO11438,chr18,7174363,7175030,667
HO11439,chr18,7566458,7568827,2369
HO11440,chr18,8608290,8610733,2443
HO11441,chr18,8657067,8658427,1360
HO11442,chr18,8704008,8706178,2170
HO11443,chr18,8706992,8707550,558
HO11444,chr18,8769450,8770346,896
HO11445,chr18,8778947,8779707,760
HO11446,chr18,8790877,8791522,645
HO11447,chr18,8799899,8800849,950
HO11448,chr18,8801468,8802430,962
HO11449,chr18,9016524,9017894,1370
HO11450,chr18,9101664,9103342,1678
HO11451,chr18,9135764,9137927,2163
HO11452,chr18,9333703,9335367,1664
HO11453,chr18,9416573,9417873,1300
HO11454,chr18,9474310,9476625,2315
HO11455,chr18,9534915,9536099,1184
HO11456,chr18,9575184,9576062,878
HO11457,chr18,9613466,9615348,1882
HO11458,chr18,9707384,9709884,2500
HO11459,chr18,9771141,9772130,989
HO11460,chr18,9808168,9810085,1917
HO11461,chr18,9876551,9877689,1138
HO11462,chr18,9913237,9915315,2078
HO11463,chr18,10032151,10033222,1071
HO11464,chr18,10131381,10132496,1115
HO11465,chr18,10453536,10455473,1937
HO11466,chr18,10525528,10526914,1386
HO11467,chr18,10926447,10927825,1378
HO11468,chr18,11040720,11041686,966
HO11469,chr18,11148158,11149952,1794
HO11470,chr18,11688739,11690312,1573
HO11471,chr18,11751075,11752896,1821
HO11472,chr18,11849716,11852209,2493
HO11473,chr18,11907663,11909212,1549
HO11474,chr18,11946819,11948137,1318
HO11475,chr18,11980209,11982229,2020
HO11476,chr18,12038134,12039356,1222
HO11477,chr18,12253090,12254722,1632
HO11478,chr18,12271154,12272282,1128
HO11479,chr18,12287161,12288571,1410
HO11480,chr18,12307154,12309108,1954
HO11481,chr18,12376104,12378044,1940
HO11482,chr18,12407447,12408762,1315
HO11483,chr18,12419701,12421376,1675
HO11484,chr18,12656685,12658815,2130
HO11485,chr18,12701731,12703339,1608
HO11486,chr18,12882967,12884668,1701
HO11487,chr18,12910936,12912666,1730
HO11488,chr18,12946702,12948756,2054
HO11489,chr18,12990211,12991883,1672
HO11490,chr18,12996521,12998349,1828
HO11491,chr18,13112394,13113375,981
HO11492,chr18,13120747,13121532,785
HO11493,chr18,13136256,13138288,2032
HO11494,chr18,13216801,13218925,2124
HO11495,chr18,13500092,13502057,1965
HO11496,chr18,13725621,13727381,1760
HO11497,chr18,13800631,13801543,912
HO11498,chr18,13823735,13824401,666
HO11499,chr18,14131842,14132754,912
HO11500,chr18,14178493,14179557,1064
HO11501,chr18,14430709,14431535,826
HO11502,chr18,21110441,21112462,2021
HO11503,chr18,21241229,21243429,2200
HO11504,chr18,21599038,21601255,2217
HO11505,chr18,21611685,21612815,1130
HO11506,chr18,21681921,21683097,1176
HO11507,chr18,21703376,21705135,1759
HO11508,chr18,21740046,21742169,2123
HO11509,chr18,21960102,21961338,1236
HO11510,chr18,22025955,22027381,1426
HO11511,chr18,22168786,22172036,3250
HO11512,chr18,22193073,22194582,1509
HO11513,chr18,22346424,22347289,865
HO11514,chr18,22347995,22349968,1973
HO11515,chr18,22558875,22560444,1569
HO11516,chr18,22932720,22934141,1421
HO11517,chr18,23134753,23137127,2374
HO11518,chr18,23436869,23438123,1254
HO11519,chr18,23452676,23454085,1409
HO11520,chr18,23502583,23504175,1592
HO11521,chr18,23515479,23516308,829
HO11522,chr18,23540306,23542585,2279
HO11523,chr18,23585235,23587172,1937
HO11524,chr18,23618767,23619923,1156
HO11525,chr18,23662007,23663532,1525
HO11526,chr18,23688965,23690600,1635
HO11527,chr18,23870758,23871987,1229
HO11528,chr18,23881449,23882170,721
HO11529,chr18,23882585,23885008,2423
HO11530,chr18,23927026,23928652,1626
HO11531,chr18,24013870,24015589,1719
HO11532,chr18,24017460,24018205,745
HO11533,chr18,24138388,24139713,1325
HO11534,chr18,24270548,24272431,1883
HO11535,chr18,24396762,24398201,1439
HO11536,chr18,24426103,24427485,1382
HO11537,chr18,24528410,24529254,844
HO11538,chr18,24595122,24596140,1018
HO11539,chr18,24733906,24735255,1349
HO11540,chr18,24763198,24764491,1293
HO11541,chr18,24817290,24818949,1659
HO11542,chr18,25349129,25351222,2093
HO11543,chr18,25351595,25352614,1019
HO11544,chr18,25467001,25468445,1444
HO11545,chr18,26084810,26085416,606
HO11546,chr18,26089273,26091422,2149
HO11547,chr18,26225950,26227328,1378
HO11548,chr18,26547407,26550196,2789
HO11549,chr18,26655361,26657576,2215
HO11550,chr18,26862970,26864411,1441
HO11551,chr18,27183750,27185654,1904
HO11552,chr18,27985546,27986607,1061
HO11553,chr18,28064755,28066082,1327
HO11554,chr18,28086481,28087608,1127
HO11555,chr18,28147385,28148174,789
HO11556,chr18,28175065,28178582,3517
HO11557,chr18,30113190,30114115,925
HO11558,chr18,30526757,30527795,1038
HO11559,chr18,31040993,31043191,2198
HO11560,chr18,31100565,31102616,2051
HO11561,chr18,31497434,31499118,1684
HO11562,chr18,31684117,31686049,1932
HO11563,chr18,31942083,31943902,1819
HO11564,chr18,32017996,32019864,1868
HO11565,chr18,32091484,32093510,2026
HO11566,chr18,32157710,32158604,894
HO11567,chr18,32358099,32359321,1222
HO11568,chr18,32469722,32471471,1749
HO11569,chr18,32629633,32630935,1302
HO11570,chr18,32770612,32772564,1952
HO11571,chr18,33439938,33441140,1202
HO11572,chr18,33577452,33579626,2174
HO11573,chr18,34158501,34159816,1315
HO11574,chr18,34221949,34223392,1443
HO11575,chr18,34224229,34225313,1084
HO11576,chr18,34492692,34494638,1946
HO11577,chr18,34592693,34593511,818
HO11578,chr18,34659356,34660322,966
HO11579,chr18,34709692,34711320,1628
HO11580,chr18,34976612,34978509,1897
HO11581,chr18,35040815,35042930,2115
HO11582,chr18,35240007,35241474,1467
HO11583,chr18,35266900,35268136,1236
HO11584,chr18,35289389,35290827,1438
HO11585,chr18,35343526,35344812,1286
HO11586,chr18,35376363,35377514,1151
HO11587,chr18,35496886,35498194,1308
HO11588,chr18,35518898,35519872,974
HO11589,chr18,35580698,35582306,1608
HO11590,chr18,35695535,35696421,886
HO11591,chr18,35729912,35731253,1341
HO11592,chr18,35937952,35940034,2082
HO11593,chr18,35949283,35950730,1447
HO11594,chr18,35971764,35973027,1263
HO11595,chr18,36066680,36067911,1231
HO11596,chr18,36128323,36130293,1970
HO11597,chr18,36186568,36188657,2089
HO11598,chr18,36296417,36298760,2343
HO11599,chr18,36366441,36368040,1599
HO11600,chr18,36381827,36383245,1418
HO11601,chr18,36467766,36468870,1104
HO11602,chr18,36604973,36605579,606
HO11603,chr18,36828054,36829834,1780
HO11604,chr18,37253273,37254786,1513
HO11605,chr18,37317406,37318335,929
HO11606,chr18,37393847,37394790,943
HO11607,chr18,37564657,37567819,3162
HO11608,chr18,39840349,39842511,2162
HO11609,chr18,41390814,41392854,2040
HO11610,chr18,41954614,41955914,1300
HO11611,chr18,42919721,42921626,1905
HO11612,chr18,44678936,44681306,2370
HO11613,chr18,45775023,45776045,1022
HO11614,chr18,45837393,45838041,648
HO11615,chr18,45966574,45967775,1201
HO11616,chr18,46027582,46028582,1000
HO11617,chr18,46070712,46072629,1917
HO11618,chr18,46096671,46098801,2130
HO11619,chr18,46103801,46105105,1304
HO11620,chr18,46152309,46153957,1648
HO11621,chr18,46173169,46175030,1861
HO11622,chr18,46332826,46335248,2422
HO11623,chr18,46657759,46658605,846
HO11624,chr18,46695949,46697250,1301
HO11625,chr18,46711196,46712861,1665
HO11626,chr18,46754706,46758194,3488
HO11627,chr18,46916449,46918412,1963
HO11628,chr18,46946244,46947332,1088
HO11629,chr18,47149337,47151082,1745
HO11630,chr18,47175309,47176552,1243
HO11631,chr18,47748679,47749557,878
HO11632,chr18,47798339,47800051,1712
HO11633,chr18,47834020,47835462,1442
HO11634,chr18,47929789,47931929,2140
HO11635,chr18,48007628,48008739,1111
HO11636,chr18,48023132,48024131,999
HO11637,chr18,48036360,48038582,2222
HO11638,chr18,48129230,48130481,1251
HO11639,chr18,48135866,48137288,1422
HO11640,chr18,48138942,48140092,1150
HO11641,chr18,48161002,48162743,1741
HO11642,chr18,48165068,48165697,629
HO11643,chr18,48166876,48168283,1407
HO11644,chr18,48192771,48194810,2039
HO11645,chr18,48228200,48230878,2678
HO11646,chr18,48319814,48321317,1503
HO11647,chr18,48341870,48342816,946
HO11648,chr18,48408614,48410868,2254
HO11649,chr18,48446360,48446999,639
HO11650,chr18,48475584,48476666,1082
HO11651,chr18,48538371,48541608,3237
HO11652,chr18,48599874,48601110,1236
HO11653,chr18,48607073,48608075,1002
HO11654,chr18,48622706,48623850,1144
HO11655,chr18,48629599,48630349,750
HO11656,chr18,48674972,48675806,834
HO11657,chr18,48779974,48781950,1976
HO11658,chr18,48802416,48803334,918
HO11659,chr18,48827290,48829872,2582
HO11660,chr18,48841162,48843285,2123
HO11661,chr18,48848145,48849260,1115
HO11662,chr18,48923827,48925270,1443
HO11663,chr18,48951353,48953094,1741
HO11664,chr18,48974288,48976590,2302
HO11665,chr18,49070886,49073073,2187
HO11666,chr18,49168112,49169783,1671
HO11667,chr18,49459802,49461135,1333
HO11668,chr18,49486466,49487606,1140
HO11669,chr18,49491683,49492697,1014
HO11670,chr18,49560375,49562788,2413
HO11671,chr18,49585836,49586634,798
HO11672,chr18,49612651,49614041,1390
HO11673,chr18,49812524,49814561,2037
HO11674,chr18,50193341,50195460,2119
HO11675,chr18,50265817,50266814,997
HO11676,chr18,50280888,50282211,1323
HO11677,chr18,50286559,50288410,1851
HO11678,chr18,50297625,50299088,1463
HO11679,chr18,50306913,50308502,1589
HO11680,chr18,50374400,50375453,1053
HO11681,chr18,50400199,50402376,2177
HO11682,chr18,50424788,50425605,817
HO11683,chr18,50522705,50523927,1222
HO11684,chr18,50559083,50561282,2199
HO11685,chr18,50610916,50612026,1110
HO11686,chr18,50784375,50785145,770
HO11687,chr18,50819138,50820345,1207
HO11688,chr18,50878286,50880311,2025
HO11689,chr18,50967451,50968729,1278
HO11690,chr18,51029505,51031297,1792
HO11691,chr18,51044367,51045509,1142
HO11692,chr18,51195472,51195867,395
HO11693,chr18,51196448,51198491,2043
HO11694,chr18,51446748,51449264,2516
HO11695,chr18,51561475,51562449,974
HO11696,chr18,54148840,54149747,907
HO11697,chr18,54223215,54225096,1881
HO11698,chr18,54231908,54233148,1240
HO11699,chr18,54268932,54270614,1682
HO11700,chr18,54357003,54359029,2026
HO11701,chr18,54827992,54829187,1195
HO11702,chr18,54958008,54959652,1644
HO11703,chr18,55198985,55200285,1300
HO11704,chr18,55320950,55322811,1861
HO11705,chr18,55404581,55406189,1608
HO11706,chr18,55458072,55459321,1249
HO11707,chr18,55587054,55589059,2005
HO11708,chr18,55589597,55590312,715
HO11709,chr18,55779219,55780728,1509
HO11710,chr18,56637345,56639180,1835
HO11711,chr18,56650572,56652165,1593
HO11712,chr18,57352240,57354381,2141
HO11713,chr18,57434641,57435935,1294
HO11714,chr18,57437677,57438224,547
HO11715,chr18,57585440,57587183,1743
HO11716,chr18,57621109,57622336,1227
HO11717,chr18,57629602,57630795,1193
HO11718,chr18,57801678,57803891,2213
HO11719,chr18,57845464,57846680,1216
HO11720,chr18,58043381,58046099,2718
HO11721,chr18,58194838,58195799,961
HO11722,chr18,58286637,58288242,1605
HO11723,chr18,58670666,58672348,1682
HO11724,chr18,58767776,58768998,1222
HO11725,chr18,58843018,58844074,1056
HO11726,chr18,58847073,58848275,1202
HO11727,chr18,58860588,58861210,622
HO11728,chr18,58862717,58865084,2367
HO11729,chr18,58911325,58913153,1828
HO11730,chr18,59139217,59140633,1416
HO11731,chr18,59219690,59221550,1860
HO11732,chr18,59272873,59274469,1596
HO11733,chr18,59308076,59309170,1094
HO11734,chr18,59332698,59333307,609
HO11735,chr18,59357919,59359828,1909
HO11736,chr18,59402138,59402837,699
HO11737,chr18,59696184,59697917,1733
HO11738,chr18,59714445,59715749,1304
HO11739,chr18,59867909,59868653,744
HO11740,chr18,59899039,59901094,2055
HO11741,chr18,60176129,60176978,849
HO11742,chr18,61581432,61582564,1132
HO11743,chr18,61892761,61895046,2285
HO11744,chr18,62186260,62188315,2055
HO11745,chr18,62324141,62326351,2210
HO11746,chr18,62425119,62426026,907
HO11747,chr18,62522236,62524954,2718
HO11748,chr18,62526159,62526985,826
HO11749,chr18,62583966,62584862,896
HO11750,chr18,62610296,62612452,2156
HO11751,chr18,62617520,62618351,831
HO11752,chr18,62714639,62717194,2555
HO11753,chr18,63236078,63239039,2961
HO11754,chr18,63290166,63291799,1633
HO11755,chr18,63317723,63318613,890
HO11756,chr18,63319398,63321071,1673
HO11757,chr18,63365974,63368026,2052
HO11758,chr18,63421664,63423177,1513
HO11759,chr18,63439014,63440593,1579
HO11760,chr18,63451568,63453442,1874
HO11761,chr18,63935941,63937157,1216
HO11762,chr18,63948864,63949875,1011
HO11763,chr18,63969775,63971421,1646
HO11764,chr18,65749928,65751828,1900
HO11765,chr18,65946646,65947209,563
HO11766,chr18,66603599,66604471,872
HO11767,chr18,67216492,67217881,1389
HO11768,chr18,67515651,67517639,1988
HO11769,chr18,68714292,68715530,1238
HO11770,chr18,69400037,69402267,2230
HO11771,chr18,69628613,69629398,785
HO11772,chr18,70205153,70206426,1273
HO11773,chr18,70288200,70289993,1793
HO11774,chr18,70380542,70381936,1394
HO11775,chr18,70469072,70470399,1327
HO11776,chr18,72541606,72544612,3006
HO11777,chr18,72675103,72676192,1089
HO11778,chr18,72866659,72869390,2731
HO11779,chr18,73406274,73407347,1073
HO11780,chr18,74147129,74148718,1589
HO11781,chr18,74195951,74196711,760
HO11782,chr18,74290615,74292569,1954
HO11783,chr18,74299630,74301093,1463
HO11784,chr18,74456241,74457486,1245
HO11785,chr18,74485697,74486883,1186
HO11786,chr18,74495529,74496991,1462
HO11787,chr18,74500747,74501859,1112
HO11788,chr18,74511774,74512717,943
HO11789,chr18,74596854,74598929,2075
HO11790,chr18,75203564,75205145,1581
HO11791,chr18,75208165,75209927,1762
HO11792,chr18,75210462,75212391,1929
HO11793,chr18,75455009,75456662,1653
HO11794,chr18,76398157,76399294,1137
HO11795,chr18,76434521,76435995,1474
HO11796,chr18,76450472,76452639,2167
HO11797,chr18,76459524,76460354,830
HO11798,chr18,76490695,76493383,2688
HO11799,chr18,76494211,76495882,1671
HO11800,chr18,76496067,76496510,443
HO11801,chr18,76517975,76519520,1545
HO11802,chr18,76521438,76522514,1076
HO11803,chr18,76524957,76525737,780
HO11804,chr18,76528384,76529842,1458
HO11805,chr18,76564648,76566124,1476
HO11806,chr18,76588349,76589661,1312
HO11807,chr18,76618537,76620710,2173
HO11808,chr18,76793991,76795261,1270
HO11809,chr18,76801589,76802410,821
HO11810,chr18,76821605,76823971,2366
HO11811,chr18,76847580,76848599,1019
HO11812,chr18,76982315,76984031,1716
HO11813,chr18,77055641,77057292,1651
HO11814,chr18,77131026,77133832,2806
HO11815,chr18,77899746,77900639,893
HO11816,chr18,79068292,79069867,1575
HO11817,chr18,79208694,79210323,1629
HO11818,chr18,79246300,79246880,580
HO11819,chr18,79393308,79394804,1496
HO11820,chr18,79395669,79396684,1015
HO11821,chr18,79458068,79459292,1224
HO11822,chr18,79506317,79508405,2088
HO11823,chr18,79575786,79578148,2362
HO11824,chr18,79678702,79680655,1953
HO11825,chr18,79790778,79792012,1234
HO11826,chr18,79950597,79952365,1768
HO11827,chr18,79964170,79964895,725
HO11828,chr18,79987697,79989298,1601
HO11829,chr18,80033152,80034814,1662
HO11830,chr18,80108644,80110117,1473
HO11831,chr18,80147085,80148506,1421
HO11832,chr18,80245918,80247843,1925
HO11833,chr19,266706,267685,979
HO11834,chr19,343967,345184,1217
HO11835,chr19,485395,486192,797
HO11836,chr19,488414,489889,1475
HO11837,chr19,506453,508076,1623
HO11838,chr19,510616,510984,368
HO11839,chr19,517646,519444,1798
HO11840,chr19,530782,533489,2707
HO11841,chr19,572036,573587,1551
HO11842,chr19,574674,575758,1084
HO11843,chr19,588103,588682,579
HO11844,chr19,609964,611665,1701
HO11845,chr19,632184,634025,1841
HO11846,chr19,639070,640183,1113
HO11847,chr19,660436,661658,1222
HO11848,chr19,662156,663861,1705
HO11849,chr19,664863,665223,360
HO11850,chr19,674074,675752,1678
HO11851,chr19,676213,676658,445
HO11852,chr19,677146,677466,320
HO11853,chr19,679614,681233,1619
HO11854,chr19,703323,704430,1107
HO11855,chr19,708323,710515,2192
HO11856,chr19,718138,721170,3032
HO11857,chr19,796633,798324,1691
HO11858,chr19,801163,801865,702
HO11859,chr19,802086,803079,993
HO11860,chr19,860304,860994,690
HO11861,chr19,861753,863185,1432
HO11862,chr19,892316,893735,1419
HO11863,chr19,912399,913642,1243
HO11864,chr19,921516,922001,485
HO11865,chr19,925005,926412,1407
HO11866,chr19,940316,941273,957
HO11867,chr19,944035,945494,1459
HO11868,chr19,952328,954043,1715
HO11869,chr19,982408,983086,678
HO11870,chr19,983936,984985,1049
HO11871,chr19,989525,990670,1145
HO11872,chr19,1000088,1001998,1910
HO11873,chr19,1020551,1021960,1409
HO11874,chr19,1027662,1028928,1266
HO11875,chr19,1039550,1041421,1871
HO11876,chr19,1081280,1082944,1664
HO11877,chr19,1094663,1095747,1084
HO11878,chr19,1103435,1105369,1934
HO11879,chr19,1112984,1113893,909
HO11880,chr19,1154217,1155552,1335
HO11881,chr19,1171329,1174465,3136
HO11882,chr19,1194005,1194926,921
HO11883,chr19,1205118,1206028,910
HO11884,chr19,1206862,1208334,1472
HO11885,chr19,1214628,1215500,872
HO11886,chr19,1221366,1221932,566
HO11887,chr19,1232066,1233583,1517
HO11888,chr19,1237673,1238237,564
HO11889,chr19,1239781,1240582,801
HO11890,chr19,1241374,1241979,605
HO11891,chr19,1244214,1244687,473
HO11892,chr19,1248043,1249992,1949
HO11893,chr19,1250581,1251684,1103
HO11894,chr19,1252160,1253671,1511
HO11895,chr19,1260245,1262435,2190
HO11896,chr19,1266062,1267256,1194
HO11897,chr19,1268820,1270122,1302
HO11898,chr19,1274725,1276278,1553
HO11899,chr19,1279581,1280026,445
HO11900,chr19,1283147,1283886,739
HO11901,chr19,1315383,1316145,762
HO11902,chr19,1324613,1325708,1095
HO11903,chr19,1339834,1341364,1530
HO11904,chr19,1344406,1345464,1058
HO11905,chr19,1354076,1356046,1970
HO11906,chr19,1360270,1362395,2125
HO11907,chr19,1372893,1374338,1445
HO11908,chr19,1383047,1384361,1314
HO11909,chr19,1400217,1401844,1627
HO11910,chr19,1406682,1409037,2355
HO11911,chr19,1415011,1416237,1226
HO11912,chr19,1428797,1430251,1454
HO11913,chr19,1437643,1439181,1538
HO11914,chr19,1444794,1445554,760
HO11915,chr19,1453312,1454237,925
HO11916,chr19,1454978,1456192,1214
HO11917,chr19,1465190,1466244,1054
HO11918,chr19,1478583,1479703,1120
HO11919,chr19,1489956,1491319,1363
HO11920,chr19,1492575,1493678,1103
HO11921,chr19,1494136,1494679,543
HO11922,chr19,1502801,1503835,1034
HO11923,chr19,1507529,1508554,1025
HO11924,chr19,1512899,1514159,1260
HO11925,chr19,1566154,1568648,2494
HO11926,chr19,1591582,1593338,1756
HO11927,chr19,1604834,1606396,1562
HO11928,chr19,1651220,1653314,2094
HO11929,chr19,1725125,1726200,1075
HO11930,chr19,1795560,1796625,1065
HO11931,chr19,1811927,1813332,1405
HO11932,chr19,1825830,1827662,1832
HO11933,chr19,1833083,1834428,1345
HO11934,chr19,1836614,1837954,1340
HO11935,chr19,1847373,1848967,1594
HO11936,chr19,1856534,1857596,1062
HO11937,chr19,1862599,1865100,2501
HO11938,chr19,1875247,1876919,1672
HO11939,chr19,1884263,1885775,1512
HO11940,chr19,1897244,1898213,969
HO11941,chr19,1904877,1905884,1007
HO11942,chr19,1920772,1922029,1257
HO11943,chr19,1928993,1930495,1502
HO11944,chr19,1939901,1942710,2809
HO11945,chr19,2014708,2016290,1582
HO11946,chr19,2027025,2027825,800
HO11947,chr19,2031860,2032829,969
HO11948,chr19,2041559,2042810,1251
HO11949,chr19,2049337,2051580,2243
HO11950,chr19,2060584,2062265,1681
HO11951,chr19,2069462,2070825,1363
HO11952,chr19,2095926,2097302,1376
HO11953,chr19,2150206,2152100,1894
HO11954,chr19,2163380,2164642,1262
HO11955,chr19,2164991,2165576,585
HO11956,chr19,2168282,2169356,1074
HO11957,chr19,2235116,2237154,2038
HO11958,chr19,2240833,2241773,940
HO11959,chr19,2248397,2249633,1236
HO11960,chr19,2256090,2256677,587
HO11961,chr19,2268944,2270295,1351
HO11962,chr19,2270447,2271333,886
HO11963,chr19,2273490,2273970,480
HO11964,chr19,2274994,2275468,474
HO11965,chr19,2275746,2276440,694
HO11966,chr19,2290773,2291835,1062
HO11967,chr19,2315609,2316785,1176
HO11968,chr19,2327551,2329667,2116
HO11969,chr19,2422895,2424242,1347
HO11970,chr19,2424712,2425607,895
HO11971,chr19,2426972,2428122,1150
HO11972,chr19,2455755,2457528,1773
HO11973,chr19,2461770,2463428,1658
HO11974,chr19,2474540,2477211,2671
HO11975,chr19,2478228,2479616,1388
HO11976,chr19,2487748,2489621,1873
HO11977,chr19,2493951,2496236,2285
HO11978,chr19,2540527,2541192,665
HO11979,chr19,2543149,2544402,1253
HO11980,chr19,2578309,2579763,1454
HO11981,chr19,2587317,2588874,1557
HO11982,chr19,2598813,2599657,844
HO11983,chr19,2602212,2602870,658
HO11984,chr19,2610738,2611523,785
HO11985,chr19,2620541,2621165,624
HO11986,chr19,2636695,2637796,1101
HO11987,chr19,2652490,2654434,1944
HO11988,chr19,2663761,2665205,1444
HO11989,chr19,2685253,2686607,1354
HO11990,chr19,2693291,2695851,2560
HO11991,chr19,2702229,2703001,772
HO11992,chr19,2719872,2722072,2200
HO11993,chr19,2722756,2723554,798
HO11994,chr19,2738972,2740412,1440
HO11995,chr19,2782832,2783696,864
HO11996,chr19,2784910,2785852,942
HO11997,chr19,2798296,2799175,879
HO11998,chr19,2819337,2820665,1328
HO11999,chr19,2840549,2842217,1668
HO12000,chr19,2865129,2866176,1047
HO12001,chr19,2866812,2867410,598
HO12002,chr19,2900185,2901463,1278
HO12003,chr19,2944441,2945586,1145
HO12004,chr19,2949791,2951296,1505
HO12005,chr19,2961769,2962568,799
HO12006,chr19,2976635,2977752,1117
HO12007,chr19,2982534,2984386,1852
HO12008,chr19,3019887,3020946,1059
HO12009,chr19,3027941,3029746,1805
HO12010,chr19,3033962,3036861,2899
HO12011,chr19,3045849,3048064,2215
HO12012,chr19,3055192,3057781,2589
HO12013,chr19,3061206,3063119,1913
HO12014,chr19,3093740,3094972,1232
HO12015,chr19,3103859,3104489,630
HO12016,chr19,3113306,3114602,1296
HO12017,chr19,3184913,3186724,1811
HO12018,chr19,3189547,3190342,795
HO12019,chr19,3274986,3276936,1950
HO12020,chr19,3284475,3286204,1729
HO12021,chr19,3336406,3337552,1146
HO12022,chr19,3346161,3347247,1086
HO12023,chr19,3358881,3362024,3143
HO12024,chr19,3365851,3367627,1776
HO12025,chr19,3374588,3376235,1647
HO12026,chr19,3384589,3385227,638
HO12027,chr19,3387606,3388265,659
HO12028,chr19,3403526,3405277,1751
HO12029,chr19,3428057,3430191,2134
HO12030,chr19,3434438,3435617,1179
HO12031,chr19,3457509,3460268,2759
HO12032,chr19,3500044,3501091,1047
HO12033,chr19,3502968,3503608,640
HO12034,chr19,3505555,3507807,2252
HO12035,chr19,3556821,3558415,1594
HO12036,chr19,3572120,3574431,2311
HO12037,chr19,3626056,3627340,1284
HO12038,chr19,3637830,3639070,1240
HO12039,chr19,3657924,3659254,1330
HO12040,chr19,3698710,3700763,2053
HO12041,chr19,3707884,3709071,1187
HO12042,chr19,3721147,3721928,781
HO12043,chr19,3761092,3761868,776
HO12044,chr19,3762286,3763239,953
HO12045,chr19,3949924,3951862,1938
HO12046,chr19,3961230,3962424,1194
HO12047,chr19,3968437,3969076,639
HO12048,chr19,3970238,3971563,1325
HO12049,chr19,3984622,3985713,1091
HO12050,chr19,3986195,3986929,734
HO12051,chr19,3987656,3988101,445
HO12052,chr19,3989853,3990498,645
HO12053,chr19,4006914,4008567,1653
HO12054,chr19,4014713,4016444,1731
HO12055,chr19,4064811,4067902,3091
HO12056,chr19,4077419,4078722,1303
HO12057,chr19,4111987,4113274,1287
HO12058,chr19,4123275,4124573,1298
HO12059,chr19,4139559,4140672,1113
HO12060,chr19,4172688,4173451,763
HO12061,chr19,4181847,4182940,1093
HO12062,chr19,4246497,4247889,1392
HO12063,chr19,4327210,4329016,1806
HO12064,chr19,4337868,4338963,1095
HO12065,chr19,4342265,4343973,1708
HO12066,chr19,4368183,4370227,2044
HO12067,chr19,4371110,4371936,826
HO12068,chr19,4373959,4376118,2159
HO12069,chr19,4385456,4386507,1051
HO12070,chr19,4399608,4400839,1231
HO12071,chr19,4401884,4402982,1098
HO12072,chr19,4414279,4415824,1545
HO12073,chr19,4454912,4456150,1238
HO12074,chr19,4456310,4458148,1838
HO12075,chr19,4471136,4472526,1390
HO12076,chr19,4474108,4475009,901
HO12077,chr19,4534604,4535561,957
HO12078,chr19,4581132,4581971,839
HO12079,chr19,4583224,4585183,1959
HO12080,chr19,4597285,4598789,1504
HO12081,chr19,4635454,4636581,1127
HO12082,chr19,4638832,4640002,1170
HO12083,chr19,4669560,4670795,1235
HO12084,chr19,4722449,4724892,2443
HO12085,chr19,4744423,4745372,949
HO12086,chr19,4759229,4760249,1020
HO12087,chr19,4768911,4769885,974
HO12088,chr19,4790840,4792462,1622
HO12089,chr19,4815274,4816254,980
HO12090,chr19,4831252,4831967,715
HO12091,chr19,4855059,4855752,693
HO12092,chr19,4866621,4868184,1563
HO12093,chr19,4894626,4896066,1440
HO12094,chr19,4908292,4910520,2228
HO12095,chr19,4968135,4969526,1391
HO12096,chr19,5031216,5031909,693
HO12097,chr19,5035047,5035853,806
HO12098,chr19,5047936,5049613,1677
HO12099,chr19,5057889,5059662,1773
HO12100,chr19,5067404,5069274,1870
HO12101,chr19,5092838,5094086,1248
HO12102,chr19,5127963,5129611,1648
HO12103,chr19,5276410,5277308,898
HO12104,chr19,5339412,5341168,1756
HO12105,chr19,5620966,5624632,3666
HO12106,chr19,5679685,5681261,1576
HO12107,chr19,5686319,5687431,1112
HO12108,chr19,5689922,5690678,756
HO12109,chr19,5691112,5691921,809
HO12110,chr19,5718159,5720919,2760
HO12111,chr19,5790363,5791458,1095
HO12112,chr19,5798791,5799860,1069
HO12113,chr19,5802106,5802637,531
HO12114,chr19,5803613,5804378,765
HO12115,chr19,5804686,5806119,1433
HO12116,chr19,5826542,5827038,496
HO12117,chr19,5827215,5829678,2463
HO12118,chr19,5891751,5892839,1088
HO12119,chr19,5903222,5905113,1891
HO12120,chr19,5959691,5960532,841
HO12121,chr19,5967681,5969285,1604
HO12122,chr19,5977200,5978582,1382
HO12123,chr19,6021865,6023783,1918
HO12124,chr19,6110077,6110953,876
HO12125,chr19,6198976,6199999,1023
HO12126,chr19,6241109,6242655,1546
HO12127,chr19,6268131,6268914,783
HO12128,chr19,6271238,6272789,1551
HO12129,chr19,6279167,6280438,1271
HO12130,chr19,6361009,6362375,1366
HO12131,chr19,6372118,6373751,1633
HO12132,chr19,6392689,6394121,1432
HO12133,chr19,6424158,6425691,1533
HO12134,chr19,6458944,6460779,1835
HO12135,chr19,6475274,6476989,1715
HO12136,chr19,6501608,6502666,1058
HO12137,chr19,6509067,6510034,967
HO12138,chr19,6515745,6517227,1482
HO12139,chr19,6530535,6531290,755
HO12140,chr19,6736407,6738840,2433
HO12141,chr19,6738962,6739817,855
HO12142,chr19,6744265,6745363,1098
HO12143,chr19,6752438,6754035,1597
HO12144,chr19,7068716,7070106,1390
HO12145,chr19,7098558,7099824,1266
HO12146,chr19,7100238,7100950,712
HO12147,chr19,7196704,7198616,1912
HO12148,chr19,7211173,7212194,1021
HO12149,chr19,7246841,7248051,1210
HO12150,chr19,7293222,7295168,1946
HO12151,chr19,7320748,7321761,1013
HO12152,chr19,7333215,7334128,913
HO12153,chr19,7394498,7395757,1259
HO12154,chr19,7398503,7399267,764
HO12155,chr19,7488340,7489409,1069
HO12156,chr19,7494106,7495101,995
HO12157,chr19,7500595,7501447,852
HO12158,chr19,7505633,7506985,1352
HO12159,chr19,7515052,7517147,2095
HO12160,chr19,7521834,7523225,1391
HO12161,chr19,7533338,7536007,2669
HO12162,chr19,7550750,7551845,1095
HO12163,chr19,7578714,7579689,975
HO12164,chr19,7595235,7597441,2206
HO12165,chr19,7602098,7603232,1134
HO12166,chr19,7617884,7619830,1946
HO12167,chr19,7629067,7630217,1150
HO12168,chr19,7636570,7637907,1337
HO12169,chr19,7651708,7652533,825
HO12170,chr19,7680418,7682454,2036
HO12171,chr19,7762657,7764703,2046
HO12172,chr19,7786841,7789052,2211
HO12173,chr19,7829192,7830519,1327
HO12174,chr19,7849938,7850816,878
HO12175,chr19,7851872,7852447,575
HO12176,chr19,7852987,7853819,832
HO12177,chr19,7856721,7857273,552
HO12178,chr19,7861856,7863371,1515
HO12179,chr19,7868610,7870906,2296
HO12180,chr19,7871055,7872373,1318
HO12181,chr19,7874091,7874904,813
HO12182,chr19,7902774,7904631,1857
HO12183,chr19,7907972,7908405,433
HO12184,chr19,7917445,7918125,680
HO12185,chr19,7919748,7921367,1619
HO12186,chr19,7925066,7927332,2266
HO12187,chr19,7928727,7929630,903
HO12188,chr19,7943003,7944566,1563
HO12189,chr19,8001884,8002734,850
HO12190,chr19,8004766,8006134,1368
HO12191,chr19,8032809,8034053,1244
HO12192,chr19,8050088,8051025,937
HO12193,chr19,8148384,8149835,1451
HO12194,chr19,8154099,8155274,1175
HO12195,chr19,8207961,8210220,2259
HO12196,chr19,8240045,8241384,1339
HO12197,chr19,8268127,8269597,1470
HO12198,chr19,8307269,8308728,1459
HO12199,chr19,8320557,8322139,1582
HO12200,chr19,8334411,8335861,1450
HO12201,chr19,8342300,8343582,1282
HO12202,chr19,8363529,8364774,1245
HO12203,chr19,8389648,8391083,1435
HO12204,chr19,8412685,8413536,851
HO12205,chr19,8444368,8445856,1488
HO12206,chr19,8505651,8506652,1001
HO12207,chr19,8513092,8514403,1311
HO12208,chr19,8525144,8526879,1735
HO12209,chr19,8591716,8593046,1330
HO12210,chr19,8608976,8611095,2119
HO12211,chr19,8831607,8833187,1580
HO12212,chr19,9074975,9076095,1120
HO12213,chr19,9139820,9140942,1122
HO12214,chr19,9309013,9310326,1313
HO12215,chr19,9323280,9324663,1383
HO12216,chr19,9406382,9407479,1097
HO12217,chr19,9435002,9436129,1127
HO12218,chr19,9537988,9539039,1051
HO12219,chr19,9583821,9584868,1047
HO12220,chr19,9620574,9622060,1486
HO12221,chr19,9674375,9675626,1251
HO12222,chr19,9767769,9769207,1438
HO12223,chr19,9784390,9786328,1938
HO12224,chr19,9789641,9789927,286
HO12225,chr19,9791536,9793274,1738
HO12226,chr19,9796070,9796431,361
HO12227,chr19,9818329,9819897,1568
HO12228,chr19,9826967,9828234,1267
HO12229,chr19,9834369,9835828,1459
HO12230,chr19,9913301,9915018,1717
HO12231,chr19,9933952,9934791,839
HO12232,chr19,9935323,9936815,1492
HO12233,chr19,9986554,9987543,989
HO12234,chr19,10027202,10028043,841
HO12235,chr19,10085513,10087219,1706
HO12236,chr19,10095667,10096722,1055
HO12237,chr19,10104646,10106801,2155
HO12238,chr19,10111996,10113714,1718
HO12239,chr19,10119019,10120164,1145
HO12240,chr19,10193768,10195310,1542
HO12241,chr19,10225898,10227781,1883
HO12242,chr19,10229984,10231682,1698
HO12243,chr19,10251369,10252656,1287
HO12244,chr19,10269196,10271875,2679
HO12245,chr19,10292054,10292688,634
HO12246,chr19,10315280,10316718,1438
HO12247,chr19,10332570,10334011,1441
HO12248,chr19,10334354,10335220,866
HO12249,chr19,10379925,10381125,1200
HO12250,chr19,10403116,10404961,1845
HO12251,chr19,10416139,10417113,974
HO12252,chr19,10423998,10424948,950
HO12253,chr19,10460795,10461871,1076
HO12254,chr19,10478503,10479508,1005
HO12255,chr19,10501906,10503734,1828
HO12256,chr19,10543268,10544575,1307
HO12257,chr19,10565215,10566352,1137
HO12258,chr19,10568254,10569422,1168
HO12259,chr19,10580796,10581511,715
HO12260,chr19,10602003,10603641,1638
HO12261,chr19,10612136,10612982,846
HO12262,chr19,10624844,10626191,1347
HO12263,chr19,10643536,10645106,1570
HO12264,chr19,10653139,10655096,1957
HO12265,chr19,10695260,10696279,1019
HO12266,chr19,10700944,10702388,1444
HO12267,chr19,10712030,10713731,1701
HO12268,chr19,10717196,10720128,2932
HO12269,chr19,10743921,10745384,1463
HO12270,chr19,10766155,10767123,968
HO12271,chr19,10769121,10769975,854
HO12272,chr19,10835102,10836753,1651
HO12273,chr19,10870439,10872967,2528
HO12274,chr19,10927971,10929660,1689
HO12275,chr19,10960039,10961713,1674
HO12276,chr19,11035169,11036326,1157
HO12277,chr19,11084834,11085793,959
HO12278,chr19,11088991,11090987,1996
HO12279,chr19,11137488,11138302,814
HO12280,chr19,11142200,11143714,1514
HO12281,chr19,11155330,11156269,939
HO12282,chr19,11196487,11198093,1606
HO12283,chr19,11243095,11243838,743
HO12284,chr19,11293494,11294243,749
HO12285,chr19,11338625,11339927,1302
HO12286,chr19,11345585,11346902,1317
HO12287,chr19,11354842,11355968,1126
HO12288,chr19,11361096,11362006,910
HO12289,chr19,11374295,11375867,1572
HO12290,chr19,11380645,11382020,1375
HO12291,chr19,11382810,11384500,1690
HO12292,chr19,11421674,11422881,1207
HO12293,chr19,11434641,11436205,1564
HO12294,chr19,11456790,11457567,777
HO12295,chr19,11481664,11482940,1276
HO12296,chr19,11495058,11496077,1019
HO12297,chr19,11504733,11506427,1694
HO12298,chr19,11528352,11529519,1167
HO12299,chr19,11535756,11536379,623
HO12300,chr19,11538452,11539092,640
HO12301,chr19,11558594,11559732,1138
HO12302,chr19,11596886,11598191,1305
HO12303,chr19,11639249,11640514,1265
HO12304,chr19,11673508,11674468,960
HO12305,chr19,11694374,11695384,1010
HO12306,chr19,11737822,11739425,1603
HO12307,chr19,11766394,11768104,1710
HO12308,chr19,11797287,11799068,1781
HO12309,chr19,11813595,11814942,1347
HO12310,chr19,11848185,11849569,1384
HO12311,chr19,11887262,11888527,1265
HO12312,chr19,11921867,11922439,572
HO12313,chr19,11923444,11925620,2176
HO12314,chr19,11963753,11965610,1857
HO12315,chr19,11987133,11989160,2027
HO12316,chr19,12034447,12036238,1791
HO12317,chr19,12051847,12053322,1475
HO12318,chr19,12059272,12059888,616
HO12319,chr19,12064228,12065561,1333
HO12320,chr19,12091859,12092826,967
HO12321,chr19,12139486,12141432,1946
HO12322,chr19,12155418,12157015,1597
HO12323,chr19,12162630,12163629,999
HO12324,chr19,12194433,12195790,1357
HO12325,chr19,12293645,12295291,1646
HO12326,chr19,12332348,12334073,1725
HO12327,chr19,12364494,12366139,1645
HO12328,chr19,12400048,12401623,1575
HO12329,chr19,12439883,12441455,1572
HO12330,chr19,12484037,12485366,1329
HO12331,chr19,12494854,12495949,1095
HO12332,chr19,12550528,12552044,1516
HO12333,chr19,12610157,12611647,1490
HO12334,chr19,12647255,12648505,1250
HO12335,chr19,12666239,12666974,735
HO12336,chr19,12668701,12670059,1358
HO12337,chr19,12680867,12682148,1281
HO12338,chr19,12695952,12696988,1036
HO12339,chr19,12720824,12723095,2271
HO12340,chr19,12734046,12734937,891
HO12341,chr19,12736566,12737769,1203
HO12342,chr19,12757364,12758300,936
HO12343,chr19,12765811,12766569,758
HO12344,chr19,12774785,12775856,1071
HO12345,chr19,12777362,12779518,2156
HO12346,chr19,12782107,12783184,1077
HO12347,chr19,12788584,12788936,352
HO12348,chr19,12789513,12790403,890
HO12349,chr19,12791160,12791851,691
HO12350,chr19,12792171,12794322,2151
HO12351,chr19,12796530,12796807,277
HO12352,chr19,12800880,12802399,1519
HO12353,chr19,12805998,12807043,1045
HO12354,chr19,12832286,12832890,604
HO12355,chr19,12840268,12841527,1259
HO12356,chr19,12847143,12848067,924
HO12357,chr19,12867135,12868077,942
HO12358,chr19,12872830,12873669,839
HO12359,chr19,12880481,12882185,1704
HO12360,chr19,12890389,12891698,1309
HO12361,chr19,12912600,12914319,1719
HO12362,chr19,12918838,12919688,850
HO12363,chr19,12932786,12933954,1168
HO12364,chr19,12937348,12939532,2184
HO12365,chr19,12945020,12946403,1383
HO12366,chr19,12952588,12954255,1667
HO12367,chr19,12956521,12957413,892
HO12368,chr19,12964913,12965847,934
HO12369,chr19,12968903,12970187,1284
HO12370,chr19,12977638,12978314,676
HO12371,chr19,12983189,12983903,714
HO12372,chr19,12994861,12997014,2153
HO12373,chr19,13001634,13002780,1146
HO12374,chr19,13020045,13020767,722
HO12375,chr19,13022111,13023949,1838
HO12376,chr19,13051397,13052059,662
HO12377,chr19,13053462,13054394,932
HO12378,chr19,13054552,13055832,1280
HO12379,chr19,13060158,13061682,1524
HO12380,chr19,13069071,13070257,1186
HO12381,chr19,13071996,13072697,701
HO12382,chr19,13090846,13091928,1082
HO12383,chr19,13102299,13103485,1186
HO12384,chr19,13116000,13117147,1147
HO12385,chr19,13117786,13119166,1380
HO12386,chr19,13149626,13150555,929
HO12387,chr19,13151218,13152296,1078
HO12388,chr19,13152673,13153320,647
HO12389,chr19,13154888,13156265,1377
HO12390,chr19,13162522,13164970,2448
HO12391,chr19,13731015,13732074,1059
HO12392,chr19,13747354,13748897,1543
HO12393,chr19,13763960,13765201,1241
HO12394,chr19,13773915,13775173,1258
HO12395,chr19,13794397,13795888,1491
HO12396,chr19,13833072,13833974,902
HO12397,chr19,13841088,13843113,2025
HO12398,chr19,13846511,13848053,1542
HO12399,chr19,13850076,13850773,697
HO12400,chr19,13861248,13862592,1344
HO12401,chr19,13864560,13866323,1763
HO12402,chr19,13870887,13871741,854
HO12403,chr19,13872335,13873362,1027
HO12404,chr19,13879894,13880620,726
HO12405,chr19,13884606,13885857,1251
HO12406,chr19,13894407,13895449,1042
HO12407,chr19,13905492,13906871,1379
HO12408,chr19,13951773,13953535,1762
HO12409,chr19,14005487,14007255,1768
HO12410,chr19,14031293,14032565,1272
HO12411,chr19,14042658,14043387,729
HO12412,chr19,14056779,14057997,1218
HO12413,chr19,14071871,14075374,3503
HO12414,chr19,14080687,14082165,1478
HO12415,chr19,14089454,14092332,2878
HO12416,chr19,14116926,14119460,2534
HO12417,chr19,14136133,14137728,1595
HO12418,chr19,14147942,14148643,701
HO12419,chr19,14206311,14207949,1638
HO12420,chr19,14247729,14249716,1987
HO12421,chr19,14363130,14364275,1145
HO12422,chr19,14405485,14406641,1156
HO12423,chr19,14418624,14419746,1122
HO12424,chr19,14432731,14435383,2652
HO12425,chr19,14472049,14472895,846
HO12426,chr19,14473308,14474258,950
HO12427,chr19,14495533,14496930,1397
HO12428,chr19,14512479,14514969,2490
HO12429,chr19,14517537,14518955,1418
HO12430,chr19,14528796,14530196,1400
HO12431,chr19,14532180,14532767,587
HO12432,chr19,14536584,14537742,1158
HO12433,chr19,14551105,14552311,1206
HO12434,chr19,14571418,14572325,907
HO12435,chr19,14689293,14690462,1169
HO12436,chr19,14943593,14945008,1415
HO12437,chr19,14978155,14980232,2077
HO12438,chr19,15010325,15011343,1018
HO12439,chr19,15124585,15126095,1510
HO12440,chr19,15177245,15178109,864
HO12441,chr19,15222617,15224188,1571
HO12442,chr19,15232584,15233805,1221
HO12443,chr19,15249908,15252552,2644
HO12444,chr19,15265474,15266384,910
HO12445,chr19,15280647,15281757,1110
HO12446,chr19,15287960,15289079,1119
HO12447,chr19,15293312,15294975,1663
HO12448,chr19,15324667,15325553,886
HO12449,chr19,15329733,15330315,582
HO12450,chr19,15330921,15332919,1998
HO12451,chr19,15378467,15380579,2112
HO12452,chr19,15417657,15419446,1789
HO12453,chr19,15431750,15433647,1897
HO12454,chr19,15449159,15450277,1118
HO12455,chr19,15452068,15453406,1338
HO12456,chr19,15555632,15556882,1250
HO12457,chr19,15835994,15837636,1642
HO12458,chr19,16041159,16041879,720
HO12459,chr19,16075863,16077514,1651
HO12460,chr19,16078278,16079558,1280
HO12461,chr19,16088007,16089923,1916
HO12462,chr19,16110951,16112180,1229
HO12463,chr19,16184814,16186052,1238
HO12464,chr19,16197221,16198542,1321
HO12465,chr19,16247289,16248097,808
HO12466,chr19,16283057,16284173,1116
HO12467,chr19,16292757,16294247,1490
HO12468,chr19,16315190,16316894,1704
HO12469,chr19,16324083,16326774,2691
HO12470,chr19,16355203,16356163,960
HO12471,chr19,16382680,16383751,1071
HO12472,chr19,16471034,16472517,1483
HO12473,chr19,16495663,16496916,1253
HO12474,chr19,16509171,16510162,991
HO12475,chr19,16541542,16543095,1553
HO12476,chr19,16571673,16573237,1564
HO12477,chr19,16580712,16582126,1414
HO12478,chr19,16584106,16585018,912
HO12479,chr19,16587588,16589421,1833
HO12480,chr19,16627578,16629955,2377
HO12481,chr19,16659338,16661935,2597
HO12482,chr19,16819521,16820498,977
HO12483,chr19,16824575,16826166,1591
HO12484,chr19,16828784,16830113,1329
HO12485,chr19,16867037,16867947,910
HO12486,chr19,16886218,16886896,678
HO12487,chr19,16888600,16889947,1347
HO12488,chr19,16895773,16898033,2260
HO12489,chr19,17074809,17076879,2070
HO12490,chr19,17079242,17080375,1133
HO12491,chr19,17134935,17136248,1313
HO12492,chr19,17214756,17216004,1248
HO12493,chr19,17225706,17227064,1358
HO12494,chr19,17234579,17236368,1789
HO12495,chr19,17243792,17244526,734
HO12496,chr19,17244853,17247133,2280
HO12497,chr19,17266563,17267746,1183
HO12498,chr19,17281393,17283002,1609
HO12499,chr19,17302924,17303713,789
HO12500,chr19,17305117,17306345,1228
HO12501,chr19,17309092,17309897,805
HO12502,chr19,17327397,17329329,1932
HO12503,chr19,17334254,17335076,822
HO12504,chr19,17336459,17337692,1233
HO12505,chr19,17390360,17391490,1130
HO12506,chr19,17419172,17420840,1668
HO12507,chr19,17424763,17425365,602
HO12508,chr19,17447649,17448956,1307
HO12509,chr19,17466092,17466510,418
HO12510,chr19,17468673,17470905,2232
HO12511,chr19,17475379,17476146,767
HO12512,chr19,17498356,17499391,1035
HO12513,chr19,17510999,17512517,1518
HO12514,chr19,17538886,17540278,1392
HO12515,chr19,17555011,17556592,1581
HO12516,chr19,17605514,17606788,1274
HO12517,chr19,17679611,17680581,970
HO12518,chr19,17687333,17688652,1319
HO12519,chr19,17719055,17720246,1191
HO12520,chr19,17747217,17748208,991
HO12521,chr19,17766113,17767072,959
HO12522,chr19,17829885,17831487,1602
HO12523,chr19,17841265,17843033,1768
HO12524,chr19,17847377,17848313,936
HO12525,chr19,17859408,17860234,826
HO12526,chr19,17863586,17864172,586
HO12527,chr19,17931525,17933351,1826
HO12528,chr19,17941979,17943612,1633
HO12529,chr19,17947473,17949239,1766
HO12530,chr19,17950192,17951019,827
HO12531,chr19,17951938,17952562,624
HO12532,chr19,17966445,17968009,1564
HO12533,chr19,17996646,17997177,531
HO12534,chr19,18000686,18001932,1246
HO12535,chr19,18006771,18008497,1726
HO12536,chr19,18058025,18058885,860
HO12537,chr19,18097370,18098024,654
HO12538,chr19,18103854,18104853,999
HO12539,chr19,18109357,18110741,1384
HO12540,chr19,18112802,18113279,477
HO12541,chr19,18117323,18118418,1095
HO12542,chr19,18151947,18153820,1873
HO12543,chr19,18156921,18157541,620
HO12544,chr19,18160608,18161845,1237
HO12545,chr19,18172997,18174452,1455
HO12546,chr19,18191681,18193852,2171
HO12547,chr19,18202796,18205691,2895
HO12548,chr19,18223754,18225412,1658
HO12549,chr19,18274806,18275198,392
HO12550,chr19,18277983,18278265,282
HO12551,chr19,18279270,18280714,1444
HO12552,chr19,18280838,18282531,1693
HO12553,chr19,18291288,18293910,2622
HO12554,chr19,18303336,18305604,2268
HO12555,chr19,18322070,18324053,1983
HO12556,chr19,18328090,18329110,1020
HO12557,chr19,18339683,18341492,1809
HO12558,chr19,18364340,18365376,1036
HO12559,chr19,18388087,18389042,955
HO12560,chr19,18410350,18410923,573
HO12561,chr19,18416302,18418014,1712
HO12562,chr19,18418554,18419773,1219
HO12563,chr19,18428471,18429672,1201
HO12564,chr19,18433090,18433697,607
HO12565,chr19,18436729,18439292,2563
HO12566,chr19,18439345,18439943,598
HO12567,chr19,18450583,18451517,934
HO12568,chr19,18491953,18492817,864
HO12569,chr19,18519948,18522789,2841
HO12570,chr19,18542419,18544364,1945
HO12571,chr19,18557139,18558657,1518
HO12572,chr19,18571117,18572209,1092
HO12573,chr19,18588213,18590202,1989
HO12574,chr19,18590422,18590930,508
HO12575,chr19,18594035,18594803,768
HO12576,chr19,18635881,18637196,1315
HO12577,chr19,18648844,18651065,2221
HO12578,chr19,18657240,18658398,1158
HO12579,chr19,18682906,18684113,1207
HO12580,chr19,18742943,18743931,988
HO12581,chr19,18744699,18745698,999
HO12582,chr19,18762021,18763031,1010
HO12583,chr19,18767938,18769591,1653
HO12584,chr19,18785005,18785600,595
HO12585,chr19,18831369,18833284,1915
HO12586,chr19,18846958,18847546,588
HO12587,chr19,18850110,18850993,883
HO12588,chr19,18866181,18866879,698
HO12589,chr19,18879158,18880331,1173
HO12590,chr19,18893982,18896845,2863
HO12591,chr19,18905357,18907333,1976
HO12592,chr19,18915409,18915954,545
HO12593,chr19,18918554,18919867,1313
HO12594,chr19,18932011,18933026,1015
HO12595,chr19,18939647,18941702,2055
HO12596,chr19,19032195,19034598,2403
HO12597,chr19,19063091,19064350,1259
HO12598,chr19,19104979,19106544,1565
HO12599,chr19,19137546,19138709,1163
HO12600,chr19,19169793,19171020,1227
HO12601,chr19,19191604,19193082,1478
HO12602,chr19,19202674,19203807,1133
HO12603,chr19,19224695,19225530,835
HO12604,chr19,19319834,19321596,1762
HO12605,chr19,19342245,19343100,855
HO12606,chr19,19360859,19361592,733
HO12607,chr19,19384965,19386287,1322
HO12608,chr19,19388485,19388963,478
HO12609,chr19,19404942,19407241,2299
HO12610,chr19,19461660,19462709,1049
HO12611,chr19,19489086,19490721,1635
HO12612,chr19,19514015,19514748,733
HO12613,chr19,19515582,19516558,976
HO12614,chr19,19532036,19532723,687
HO12615,chr19,19538023,19539087,1064
HO12616,chr19,19540009,19540954,945
HO12617,chr19,19618096,19619616,1520
HO12618,chr19,19627369,19629141,1772
HO12619,chr19,19642553,19644176,1623
HO12620,chr19,19662884,19664263,1379
HO12621,chr19,19668021,19669378,1357
HO12622,chr19,19732302,19733541,1239
HO12623,chr19,19775792,19777085,1293
HO12624,chr19,19820846,19822272,1426
HO12625,chr19,19865598,19867183,1585
HO12626,chr19,19900214,19901947,1733
HO12627,chr19,20038679,20039768,1089
HO12628,chr19,20051594,20052842,1248
HO12629,chr19,20077673,20079526,1853
HO12630,chr19,20166845,20167950,1105
HO12631,chr19,20237357,20238709,1352
HO12632,chr19,20423300,20425157,1857
HO12633,chr19,20564766,20566048,1282
HO12634,chr19,20610832,20613192,2360
HO12635,chr19,20660583,20661848,1265
HO12636,chr19,20775890,20777012,1122
HO12637,chr19,20922909,20924004,1095
HO12638,chr19,20999461,21000429,968
HO12639,chr19,21020051,21021534,1483
HO12640,chr19,21081724,21082818,1094
HO12641,chr19,21141592,21142539,947
HO12642,chr19,21197205,21198228,1023
HO12643,chr19,21206377,21207239,862
HO12644,chr19,21321923,21323184,1261
HO12645,chr19,21328381,21329666,1285
HO12646,chr19,21358394,21359599,1205
HO12647,chr19,21396627,21397831,1204
HO12648,chr19,21463026,21464145,1119
HO12649,chr19,21474279,21475226,947
HO12650,chr19,21505198,21506365,1167
HO12651,chr19,21586156,21587995,1839
HO12652,chr19,21602616,21605037,2421
HO12653,chr19,21766572,21767844,1272
HO12654,chr19,21835299,21836751,1452
HO12655,chr19,21851204,21852379,1175
HO12656,chr19,22052055,22053276,1221
HO12657,chr19,22531668,22533341,1673
HO12658,chr19,22622827,22624131,1304
HO12659,chr19,22633625,22634795,1170
HO12660,chr19,22783560,22784501,941
HO12661,chr19,23074802,23075928,1126
HO12662,chr19,23116533,23117596,1063
HO12663,chr19,23249255,23250690,1435
HO12664,chr19,23273211,23274448,1237
HO12665,chr19,23394347,23395785,1438
HO12666,chr19,23415136,23416252,1116
HO12667,chr19,23686134,23687434,1300
HO12668,chr19,23758109,23759107,998
HO12669,chr19,23762556,23763709,1153
HO12670,chr19,23914357,23915348,991
HO12671,chr19,24032980,24034405,1425
HO12672,chr19,24086541,24087891,1350
HO12673,chr19,27792913,27794846,1933
HO12674,chr19,27905240,27906598,1358
HO12675,chr19,28042238,28043270,1032
HO12676,chr19,29211732,29213454,1722
HO12677,chr19,29528098,29528890,792
HO12678,chr19,29605383,29606660,1277
HO12679,chr19,29610380,29611294,914
HO12680,chr19,29664890,29665932,1042
HO12681,chr19,29694261,29695227,966
HO12682,chr19,29714441,29715831,1390
HO12683,chr19,29716050,29716873,823
HO12684,chr19,29723484,29725094,1610
HO12685,chr19,29772487,29773269,782
HO12686,chr19,29810309,29812687,2378
HO12687,chr19,29843995,29845935,1940
HO12688,chr19,29872940,29873917,977
HO12689,chr19,29884257,29884924,667
HO12690,chr19,29941771,29942975,1204
HO12691,chr19,30083053,30084799,1746
HO12692,chr19,30145629,30146499,870
HO12693,chr19,30214312,30214991,679
HO12694,chr19,30217325,30218043,718
HO12695,chr19,30224613,30225601,988
HO12696,chr19,30226400,30226822,422
HO12697,chr19,30227122,30229147,2025
HO12698,chr19,30253369,30254718,1349
HO12699,chr19,30374365,30375655,1290
HO12700,chr19,30718563,30720295,1732
HO12701,chr19,30842080,30843446,1366
HO12702,chr19,31348463,31352054,3591
HO12703,chr19,32223524,32224937,1413
HO12704,chr19,32344959,32346499,1540
HO12705,chr19,32404766,32406482,1716
HO12706,chr19,32406841,32407754,913
HO12707,chr19,32470923,32472767,1844
HO12708,chr19,32580353,32581981,1628
HO12709,chr19,32674363,32676919,2556
HO12710,chr19,32691271,32692787,1516
HO12711,chr19,32971155,32972442,1287
HO12712,chr19,33063325,33065508,2183
HO12713,chr19,33080461,33081769,1308
HO12714,chr19,33170939,33171724,785
HO12715,chr19,33176162,33177919,1757
HO12716,chr19,33193713,33195718,2005
HO12717,chr19,33301954,33304210,2256
HO12718,chr19,33372999,33374636,1637
HO12719,chr19,33392219,33392892,673
HO12720,chr19,33521072,33522291,1219
HO12721,chr19,33621426,33623476,2050
HO12722,chr19,33777695,33778424,729
HO12723,chr19,33788464,33789387,923
HO12724,chr19,33795248,33798525,3277
HO12725,chr19,33819517,33821380,1863
HO12726,chr19,34099210,34099978,768
HO12727,chr19,34133912,34135241,1329
HO12728,chr19,34171517,34173731,2214
HO12729,chr19,34253801,34255357,1556
HO12730,chr19,34358603,34359846,1243
HO12731,chr19,34364604,34366164,1560
HO12732,chr19,34403949,34404967,1018
HO12733,chr19,34427821,34429284,1463
HO12734,chr19,34480665,34482844,2179
HO12735,chr19,34501274,34501895,621
HO12736,chr19,34676606,34678341,1735
HO12737,chr19,34732897,34734706,1809
HO12738,chr19,34772166,34773464,1298
HO12739,chr19,34926545,34927429,884
HO12740,chr19,34963059,34964486,1427
HO12741,chr19,34972802,34973737,935
HO12742,chr19,34999209,35001351,2142
HO12743,chr19,35003098,35003696,598
HO12744,chr19,35029819,35031545,1726
HO12745,chr19,35124023,35125114,1091
HO12746,chr19,35140977,35141625,648
HO12747,chr19,35153606,35155416,1810
HO12748,chr19,35213543,35214533,990
HO12749,chr19,35247543,35249660,2117
HO12750,chr19,35267026,35269941,2915
HO12751,chr19,35308934,35310654,1720
HO12752,chr19,35436204,35437527,1323
HO12753,chr19,35494987,35495873,886
HO12754,chr19,35509098,35510736,1638
HO12755,chr19,35544833,35546178,1345
HO12756,chr19,35557427,35558522,1095
HO12757,chr19,35612048,35613331,1283
HO12758,chr19,35627959,35629519,1560
HO12759,chr19,35643222,35645300,2078
HO12760,chr19,35647808,35648917,1109
HO12761,chr19,35693447,35694158,711
HO12762,chr19,35702058,35703074,1016
HO12763,chr19,35716192,35718833,2641
HO12764,chr19,35740120,35741229,1109
HO12765,chr19,35744648,35745749,1101
HO12766,chr19,35748050,35748781,731
HO12767,chr19,35755326,35758710,3384
HO12768,chr19,35766761,35768468,1707
HO12769,chr19,35774824,35776352,1528
HO12770,chr19,35868005,35870395,2390
HO12771,chr19,35879208,35880299,1091
HO12772,chr19,35898599,35900738,2139
HO12773,chr19,35931026,35931960,934
HO12774,chr19,35935836,35936766,930
HO12775,chr19,35993974,35995958,1984
HO12776,chr19,36009108,36009654,546
HO12777,chr19,36013762,36014807,1045
HO12778,chr19,36030188,36030678,490
HO12779,chr19,36032033,36033201,1168
HO12780,chr19,36053377,36055411,2034
HO12781,chr19,36096690,36097583,893
HO12782,chr19,36113944,36116110,2166
HO12783,chr19,36127463,36128641,1178
HO12784,chr19,36139383,36141582,2199
HO12785,chr19,36150717,36153113,2396
HO12786,chr19,36213849,36215492,1643
HO12787,chr19,36331135,36332380,1245
HO12788,chr19,36378318,36379600,1282
HO12789,chr19,36417732,36419044,1312
HO12790,chr19,36421085,36422021,936
HO12791,chr19,36488763,36490215,1452
HO12792,chr19,36527882,36529271,1389
HO12793,chr19,36572732,36574251,1519
HO12794,chr19,36604134,36606032,1898
HO12795,chr19,36666265,36667688,1423
HO12796,chr19,36686358,36688035,1677
HO12797,chr19,36771393,36773333,1940
HO12798,chr19,36796719,36797900,1181
HO12799,chr19,36837445,36839057,1612
HO12800,chr19,36849679,36851421,1742
HO12801,chr19,36915617,36917253,1636
HO12802,chr19,36972481,36974007,1526
HO12803,chr19,37077585,37079080,1495
HO12804,chr19,37172044,37173198,1154
HO12805,chr19,37210007,37211215,1208
HO12806,chr19,37217385,37218804,1419
HO12807,chr19,37251206,37252137,931
HO12808,chr19,37312083,37313110,1027
HO12809,chr19,37317137,37318234,1097
HO12810,chr19,37333925,37335204,1279
HO12811,chr19,37370393,37371533,1140
HO12812,chr19,37466493,37467777,1284
HO12813,chr19,37468690,37469810,1120
HO12814,chr19,37505835,37507294,1459
HO12815,chr19,37550863,37552000,1137
HO12816,chr19,37593766,37595392,1626
HO12817,chr19,37654413,37656436,2023
HO12818,chr19,37691757,37692603,846
HO12819,chr19,37718531,37720057,1526
HO12820,chr19,37778694,37780055,1361
HO12821,chr19,37816951,37817974,1023
HO12822,chr19,37906002,37907631,1629
HO12823,chr19,37931740,37932673,933
HO12824,chr19,37983687,37985026,1339
HO12825,chr19,38003015,38005201,2186
HO12826,chr19,38139878,38140693,815
HO12827,chr19,38223812,38224750,938
HO12828,chr19,38229186,38230217,1031
HO12829,chr19,38250721,38252029,1308
HO12830,chr19,38255140,38256791,1651
HO12831,chr19,38263747,38265477,1730
HO12832,chr19,38303806,38305482,1676
HO12833,chr19,38315333,38316436,1103
HO12834,chr19,38335341,38337361,2020
HO12835,chr19,38361262,38362929,1667
HO12836,chr19,38373948,38375300,1352
HO12837,chr19,38387359,38388995,1636
HO12838,chr19,38402536,38403739,1203
HO12839,chr19,38417503,38418564,1061
HO12840,chr19,38496636,38497790,1154
HO12841,chr19,38506690,38507676,986
HO12842,chr19,38514744,38515546,802
HO12843,chr19,38564838,38566113,1275
HO12844,chr19,38595833,38597028,1195
HO12845,chr19,38617492,38619505,2013
HO12846,chr19,38647033,38648421,1388
HO12847,chr19,38657645,38658970,1325
HO12848,chr19,38665651,38667443,1792
HO12849,chr19,38674237,38675261,1024
HO12850,chr19,38683190,38684779,1589
HO12851,chr19,38692961,38694201,1240
HO12852,chr19,38709611,38710315,704
HO12853,chr19,38721695,38723042,1347
HO12854,chr19,38727867,38728868,1001
HO12855,chr19,38736008,38737385,1377
HO12856,chr19,38769397,38770400,1003
HO12857,chr19,38780554,38781769,1215
HO12858,chr19,38792155,38793115,960
HO12859,chr19,38818838,38819863,1025
HO12860,chr19,38830976,38832482,1506
HO12861,chr19,38849087,38851032,1945
HO12862,chr19,38851626,38852446,820
HO12863,chr19,38869108,38870455,1347
HO12864,chr19,38882603,38883154,551
HO12865,chr19,38885430,38886606,1176
HO12866,chr19,38892872,38893923,1051
HO12867,chr19,38898768,38900341,1573
HO12868,chr19,38930031,38931232,1201
HO12869,chr19,38949419,38950481,1062
HO12870,chr19,38974713,38976882,2169
HO12871,chr19,39030971,39032810,1839
HO12872,chr19,39125300,39126170,870
HO12873,chr19,39133300,39134537,1237
HO12874,chr19,39144235,39145960,1725
HO12875,chr19,39198760,39199416,656
HO12876,chr19,39203092,39205332,2240
HO12877,chr19,39246854,39248275,1421
HO12878,chr19,39263845,39265964,2119
HO12879,chr19,39306670,39308826,2156
HO12880,chr19,39319897,39321256,1359
HO12881,chr19,39327046,39328498,1452
HO12882,chr19,39341192,39343261,2069
HO12883,chr19,39390325,39391723,1398
HO12884,chr19,39397286,39398011,725
HO12885,chr19,39402297,39404142,1845
HO12886,chr19,39406311,39407172,861
HO12887,chr19,39409408,39410401,993
HO12888,chr19,39411840,39413847,2007
HO12889,chr19,39428076,39429106,1030
HO12890,chr19,39435467,39436804,1337
HO12891,chr19,39444687,39446069,1382
HO12892,chr19,39479803,39481546,1743
HO12893,chr19,39497668,39499464,1796
HO12894,chr19,39506753,39507686,933
HO12895,chr19,39531947,39533147,1200
HO12896,chr19,39539139,39540446,1307
HO12897,chr19,39792832,39793549,717
HO12898,chr19,39823455,39825101,1646
HO12899,chr19,39832936,39834500,1564
HO12900,chr19,39839416,39840322,906
HO12901,chr19,39845501,39847328,1827
HO12902,chr19,39891211,39892682,1471
HO12903,chr19,39970223,39971644,1421
HO12904,chr19,39996289,39997729,1440
HO12905,chr19,40055402,40056555,1153
HO12906,chr19,40089970,40091293,1323
HO12907,chr19,40190475,40192391,1916
HO12908,chr19,40221869,40222268,399
HO12909,chr19,40241524,40242631,1107
HO12910,chr19,40284322,40285885,1563
HO12911,chr19,40347718,40349437,1719
HO12912,chr19,40365369,40367252,1883
HO12913,chr19,40398417,40399276,859
HO12914,chr19,40403281,40404724,1443
HO12915,chr19,40420537,40421559,1022
HO12916,chr19,40424761,40426536,1775
HO12917,chr19,40433161,40434509,1348
HO12918,chr19,40442662,40445018,2356
HO12919,chr19,40465264,40467347,2083
HO12920,chr19,40512333,40513495,1162
HO12921,chr19,40528893,40530037,1144
HO12922,chr19,40569937,40571103,1166
HO12923,chr19,40576078,40577491,1413
HO12924,chr19,40597946,40598860,914
HO12925,chr19,40603274,40604367,1093
HO12926,chr19,40605314,40605812,498
HO12927,chr19,40609705,40610252,547
HO12928,chr19,40612886,40615316,2430
HO12929,chr19,40633903,40634853,950
HO12930,chr19,40662557,40664008,1451
HO12931,chr19,40689519,40691766,2247
HO12932,chr19,40714482,40716090,1608
HO12933,chr19,40716547,40717456,909
HO12934,chr19,40749904,40751837,1933
HO12935,chr19,40777185,40778971,1786
HO12936,chr19,40798045,40799917,1872
HO12937,chr19,40806487,40807202,715
HO12938,chr19,40810534,40812401,1867
HO12939,chr19,40822406,40823557,1151
HO12940,chr19,40833299,40834514,1215
HO12941,chr19,40848298,40849148,850
HO12942,chr19,40864250,40865354,1104
HO12943,chr19,40920898,40923427,2529
HO12944,chr19,41127441,41128262,821
HO12945,chr19,41135144,41136141,997
HO12946,chr19,41218354,41220598,2244
HO12947,chr19,41225323,41227078,1755
HO12948,chr19,41262074,41262727,653
HO12949,chr19,41262931,41265917,2986
HO12950,chr19,41308199,41308875,676
HO12951,chr19,41309491,41310773,1282
HO12952,chr19,41324935,41326488,1553
HO12953,chr19,41351234,41352102,868
HO12954,chr19,41352442,41354272,1830
HO12955,chr19,41363265,41364747,1482
HO12956,chr19,41373710,41374394,684
HO12957,chr19,41396839,41398156,1317
HO12958,chr19,41406988,41407833,845
HO12959,chr19,41439304,41440213,909
HO12960,chr19,41448943,41449758,815
HO12961,chr19,41859242,41860983,1741
HO12962,chr19,41882439,41883475,1036
HO12963,chr19,41883765,41884673,908
HO12964,chr19,41957634,41959743,2109
HO12965,chr19,41993107,41994438,1331
HO12966,chr19,42075033,42076632,1599
HO12967,chr19,42132876,42133572,696
HO12968,chr19,42139761,42140506,745
HO12969,chr19,42176130,42177543,1413
HO12970,chr19,42216564,42218144,1580
HO12971,chr19,42219750,42220622,872
HO12972,chr19,42242128,42243426,1298
HO12973,chr19,42244265,42245034,769
HO12974,chr19,42246133,42246451,318
HO12975,chr19,42247087,42247430,343
HO12976,chr19,42252288,42256648,4360
HO12977,chr19,42267738,42269586,1848
HO12978,chr19,42277868,42278692,824
HO12979,chr19,42279807,42281708,1901
HO12980,chr19,42283380,42284760,1380
HO12981,chr19,42295726,42296403,677
HO12982,chr19,42301762,42303334,1572
HO12983,chr19,42313001,42313952,951
HO12984,chr19,42325012,42326465,1453
HO12985,chr19,42358044,42359486,1442
HO12986,chr19,42386782,42387657,875
HO12987,chr19,42396238,42397377,1139
HO12988,chr19,42401184,42402404,1220
HO12989,chr19,42422739,42425215,2476
HO12990,chr19,43462782,43464417,1635
HO12991,chr19,43474720,43475645,925
HO12992,chr19,43503421,43505025,1604
HO12993,chr19,43526132,43527475,1343
HO12994,chr19,43532443,43534520,2077
HO12995,chr19,43574825,43576093,1268
HO12996,chr19,43594680,43596744,2064
HO12997,chr19,43618733,43620294,1561
HO12998,chr19,43634372,43635547,1175
HO12999,chr19,43639299,43640380,1081
HO13000,chr19,43651892,43652671,779
HO13001,chr19,43667691,43669346,1655
HO13002,chr19,43753947,43755819,1872
HO13003,chr19,43773845,43775045,1200
HO13004,chr19,43826765,43827822,1057
HO13005,chr19,43901269,43902178,909
HO13006,chr19,43934346,43935735,1389
HO13007,chr19,43950728,43951867,1139
HO13008,chr19,43983503,43984904,1401
HO13009,chr19,44002259,44003905,1646
HO13010,chr19,44024777,44025961,1184
HO13011,chr19,44051117,44052407,1290
HO13012,chr19,44071458,44072806,1348
HO13013,chr19,44093852,44095470,1618
HO13014,chr19,44112645,44114102,1457
HO13015,chr19,44140919,44142421,1502
HO13016,chr19,44164377,44165796,1419
HO13017,chr19,44207086,44207867,781
HO13018,chr19,44211922,44213252,1330
HO13019,chr19,44303955,44305243,1288
HO13020,chr19,44356001,44357081,1080
HO13021,chr19,44400873,44401797,924
HO13022,chr19,44447796,44448705,909
HO13023,chr19,44499807,44500949,1142
HO13024,chr19,44573413,44574587,1174
HO13025,chr19,44643381,44644867,1486
HO13026,chr19,44717987,44719302,1315
HO13027,chr19,44741483,44742367,884
HO13028,chr19,44747119,44749053,1934
HO13029,chr19,44753104,44753709,605
HO13030,chr19,44770319,44771075,756
HO13031,chr19,44800008,44800817,809
HO13032,chr19,44807743,44809415,1672
HO13033,chr19,44820450,44821611,1161
HO13034,chr19,44844504,44845083,579
HO13035,chr19,44845518,44846574,1056
HO13036,chr19,44847505,44848115,610
HO13037,chr19,44848281,44849336,1055
HO13038,chr19,44875678,44876635,957
HO13039,chr19,44890109,44891767,1658
HO13040,chr19,44914280,44915507,1227
HO13041,chr19,44926563,44927439,876
HO13042,chr19,44954272,44956399,2127
HO13043,chr19,45000977,45002382,1405
HO13044,chr19,45038371,45039647,1276
HO13045,chr19,45078840,45079879,1039
HO13046,chr19,45090907,45093592,2685
HO13047,chr19,45152087,45154138,2051
HO13048,chr19,45164061,45165091,1030
HO13049,chr19,45177778,45180273,2495
HO13050,chr19,45211533,45212660,1127
HO13051,chr19,45250728,45252284,1556
HO13052,chr19,45272756,45273557,801
HO13053,chr19,45275993,45276686,693
HO13054,chr19,45321716,45323308,1592
HO13055,chr19,45325939,45326513,574
HO13056,chr19,45369833,45371112,1279
HO13057,chr19,45375945,45377128,1183
HO13058,chr19,45397943,45398710,767
HO13059,chr19,45402354,45402660,306
HO13060,chr19,45403423,45404448,1025
HO13061,chr19,45404816,45406774,1958
HO13062,chr19,45409005,45409454,449
HO13063,chr19,45423098,45424583,1485
HO13064,chr19,45427549,45429090,1541
HO13065,chr19,45439486,45440367,881
HO13066,chr19,45442786,45444715,1929
HO13067,chr19,45450118,45451654,1536
HO13068,chr19,45455472,45456573,1101
HO13069,chr19,45467155,45468136,981
HO13070,chr19,45468244,45468670,426
HO13071,chr19,45468804,45470566,1762
HO13072,chr19,45472862,45475985,3123
HO13073,chr19,45476386,45476604,218
HO13074,chr19,45478059,45479277,1218
HO13075,chr19,45485044,45486102,1058
HO13076,chr19,45496202,45497355,1153
HO13077,chr19,45498401,45499815,1414
HO13078,chr19,45506071,45508192,2121
HO13079,chr19,45508275,45509563,1288
HO13080,chr19,45523170,45524082,912
HO13081,chr19,45583749,45585197,1448
HO13082,chr19,45606879,45607662,783
HO13083,chr19,45615602,45616819,1217
HO13084,chr19,45632220,45633072,852
HO13085,chr19,45638963,45639592,629
HO13086,chr19,45640871,45642666,1795
HO13087,chr19,45645249,45646341,1092
HO13088,chr19,45667740,45669668,1928
HO13089,chr19,45670544,45671321,777
HO13090,chr19,45676900,45678229,1329
HO13091,chr19,45681261,45682059,798
HO13092,chr19,45691551,45693594,2043
HO13093,chr19,45716225,45718346,2121
HO13094,chr19,45729798,45731273,1475
HO13095,chr19,45766981,45767798,817
HO13096,chr19,45768067,45771077,3010
HO13097,chr19,45779025,45780008,983
HO13098,chr19,45791992,45793304,1312
HO13099,chr19,45798716,45799959,1243
HO13100,chr19,45816739,45817492,753
HO13101,chr19,45862260,45863584,1324
HO13102,chr19,45878421,45879416,995
HO13103,chr19,45882683,45883629,946
HO13104,chr19,45885214,45887368,2154
HO13105,chr19,45901248,45903504,2256
HO13106,chr19,45919402,45920752,1350
HO13107,chr19,45927377,45928091,714
HO13108,chr19,45994781,45995775,994
HO13109,chr19,46014841,46015740,899
HO13110,chr19,46015913,46017120,1207
HO13111,chr19,46076914,46077908,994
HO13112,chr19,46297853,46299402,1549
HO13113,chr19,46346184,46347605,1421
HO13114,chr19,46372734,46374391,1657
HO13115,chr19,46403702,46405310,1608
HO13116,chr19,46412886,46413910,1024
HO13117,chr19,46416110,46416975,865
HO13118,chr19,46425718,46427000,1282
HO13119,chr19,46428380,46429128,748
HO13120,chr19,46441419,46443608,2189
HO13121,chr19,46470790,46472261,1471
HO13122,chr19,46487283,46488147,864
HO13123,chr19,46489250,46490543,1293
HO13124,chr19,46492752,46494303,1551
HO13125,chr19,46495211,46496380,1169
HO13126,chr19,46542258,46543029,771
HO13127,chr19,46578903,46579958,1055
HO13128,chr19,46600322,46602168,1846
HO13129,chr19,46613800,46614484,684
HO13130,chr19,46616799,46617363,564
HO13131,chr19,46633796,46634597,801
HO13132,chr19,46638225,46639962,1737
HO13133,chr19,46659096,46662334,3238
HO13134,chr19,46696951,46698001,1050
HO13135,chr19,46713658,46714711,1053
HO13136,chr19,46715960,46717533,1573
HO13137,chr19,46736448,46737966,1518
HO13138,chr19,46745200,46747293,2093
HO13139,chr19,46764529,46765237,708
HO13140,chr19,46768318,46769563,1245
HO13141,chr19,46784375,46785098,723
HO13142,chr19,46786014,46788893,2879
HO13143,chr19,46849866,46851209,1343
HO13144,chr19,46855850,46856759,909
HO13145,chr19,46859815,46862005,2190
HO13146,chr19,46944152,46946014,1862
HO13147,chr19,46975336,46977504,2168
HO13148,chr19,46990739,46991922,1183
HO13149,chr19,46992070,46993569,1499
HO13150,chr19,47003358,47004502,1144
HO13151,chr19,47004631,47005507,876
HO13152,chr19,47012417,47013356,939
HO13153,chr19,47035179,47036556,1377
HO13154,chr19,47047533,47048983,1450
HO13155,chr19,47111821,47113984,2163
HO13156,chr19,47130336,47131775,1439
HO13157,chr19,47188348,47189752,1404
HO13158,chr19,47189833,47190865,1032
HO13159,chr19,47225813,47226786,973
HO13160,chr19,47227044,47228685,1641
HO13161,chr19,47230302,47231662,1360
HO13162,chr19,47239256,47239993,737
HO13163,chr19,47242805,47243458,653
HO13164,chr19,47243928,47244582,654
HO13165,chr19,47256121,47257893,1772
HO13166,chr19,47272960,47275399,2439
HO13167,chr19,47348701,47349777,1076
HO13168,chr19,47418323,47421246,2923
HO13169,chr19,47427147,47428610,1463
HO13170,chr19,47429910,47430525,615
HO13171,chr19,47446822,47448154,1332
HO13172,chr19,47471405,47472434,1029
HO13173,chr19,47483549,47484487,938
HO13174,chr19,47514189,47515724,1535
HO13175,chr19,47572782,47573990,1208
HO13176,chr19,47599963,47600944,981
HO13177,chr19,47607916,47610515,2599
HO13178,chr19,47697759,47698429,670
HO13179,chr19,47718569,47720226,1657
HO13180,chr19,47729023,47730478,1455
HO13181,chr19,47742603,47743904,1301
HO13182,chr19,47745084,47745929,845
HO13183,chr19,47777893,47779378,1485
HO13184,chr19,47891093,47892615,1522
HO13185,chr19,48107178,48108016,838
HO13186,chr19,48110203,48111021,818
HO13187,chr19,48123677,48124842,1165
HO13188,chr19,48169429,48171325,1896
HO13189,chr19,48203414,48204690,1276
HO13190,chr19,48255250,48256098,848
HO13191,chr19,48259599,48260422,823
HO13192,chr19,48270820,48272087,1267
HO13193,chr19,48290151,48291604,1453
HO13194,chr19,48308465,48310763,2298
HO13195,chr19,48320650,48322290,1640
HO13196,chr19,48325103,48325669,566
HO13197,chr19,48330079,48330614,535
HO13198,chr19,48332350,48334312,1962
HO13199,chr19,48347675,48348589,914
HO13200,chr19,48362985,48364546,1561
HO13201,chr19,48390384,48391778,1394
HO13202,chr19,48397994,48399104,1110
HO13203,chr19,48413882,48415936,2054
HO13204,chr19,48444855,48446459,1604
HO13205,chr19,48468531,48469967,1436
HO13206,chr19,48492556,48494044,1488
HO13207,chr19,48501294,48502588,1294
HO13208,chr19,48513370,48514146,776
HO13209,chr19,48553647,48554830,1183
HO13210,chr19,48568151,48568915,764
HO13211,chr19,48583742,48584609,867
HO13212,chr19,48588747,48589695,948
HO13213,chr19,48618677,48619714,1037
HO13214,chr19,48623647,48624620,973
HO13215,chr19,48629536,48631118,1582
HO13216,chr19,48634374,48634818,444
HO13217,chr19,48635157,48635776,619
HO13218,chr19,48636791,48638482,1691
HO13219,chr19,48644570,48646939,2369
HO13220,chr19,48660687,48661809,1122
HO13221,chr19,48675022,48675812,790
HO13222,chr19,48705302,48705900,598
HO13223,chr19,48713619,48714680,1061
HO13224,chr19,48716417,48717132,715
HO13225,chr19,48719584,48721283,1699
HO13226,chr19,48724869,48725795,926
HO13227,chr19,48728738,48729600,862
HO13228,chr19,48738382,48739600,1218
HO13229,chr19,48746520,48747635,1115
HO13230,chr19,48752221,48754471,2250
HO13231,chr19,48782063,48782773,710
HO13232,chr19,48794863,48796099,1236
HO13233,chr19,48810606,48811309,703
HO13234,chr19,48812023,48812898,875
HO13235,chr19,48835516,48837511,1995
HO13236,chr19,48866745,48868839,2094
HO13237,chr19,48872009,48873940,1931
HO13238,chr19,48899725,48900914,1189
HO13239,chr19,48933179,48935071,1892
HO13240,chr19,48954112,48955404,1292
HO13241,chr19,48964648,48966134,1486
HO13242,chr19,48992169,48994202,2033
HO13243,chr19,49017425,49018997,1572
HO13244,chr19,49055611,49058099,2488
HO13245,chr19,49064602,49066453,1851
HO13246,chr19,49079633,49080675,1042
HO13247,chr19,49084704,49085923,1219
HO13248,chr19,49113703,49115179,1476
HO13249,chr19,49118446,49120321,1875
HO13250,chr19,49127576,49128640,1064
HO13251,chr19,49132948,49134229,1281
HO13252,chr19,49142629,49143257,628
HO13253,chr19,49145859,49146372,513
HO13254,chr19,49148738,49150891,2153
HO13255,chr19,49155022,49156392,1370
HO13256,chr19,49157195,49158448,1253
HO13257,chr19,49338599,49340570,1971
HO13258,chr19,49361135,49364018,2883
HO13259,chr19,49442606,49444027,1421
HO13260,chr19,49451326,49452186,860
HO13261,chr19,49452677,49453731,1054
HO13262,chr19,49473776,49474582,806
HO13263,chr19,49478572,49479177,605
HO13264,chr19,49486854,49487914,1060
HO13265,chr19,49495642,49496606,964
HO13266,chr19,49527380,49528393,1013
HO13267,chr19,49533246,49534493,1247
HO13268,chr19,49546567,49547350,783
HO13269,chr19,49569977,49571007,1030
HO13270,chr19,49579851,49580872,1021
HO13271,chr19,49589653,49592417,2764
HO13272,chr19,49593066,49593745,679
HO13273,chr19,49639736,49641196,1460
HO13274,chr19,49641536,49642771,1235
HO13275,chr19,49664157,49666288,2131
HO13276,chr19,49672084,49672615,531
HO13277,chr19,49676189,49678570,2381
HO13278,chr19,49680436,49680952,516
HO13279,chr19,49689794,49691651,1857
HO13280,chr19,49726741,49728955,2214
HO13281,chr19,49757598,49758936,1338
HO13282,chr19,49765962,49767668,1706
HO13283,chr19,49790240,49791386,1146
HO13284,chr19,49801720,49802976,1256
HO13285,chr19,49808333,49809714,1381
HO13286,chr19,49812823,49813821,998
HO13287,chr19,49817196,49819048,1852
HO13288,chr19,49819152,49820914,1762
HO13289,chr19,49850285,49852041,1756
HO13290,chr19,49859872,49860641,769
HO13291,chr19,49865317,49865620,303
HO13292,chr19,49866893,49868000,1107
HO13293,chr19,49869065,49870114,1049
HO13294,chr19,49875964,49878444,2480
HO13295,chr19,49889732,49891354,1622
HO13296,chr19,49928547,49930743,2196
HO13297,chr19,49937116,49938398,1282
HO13298,chr19,49953925,49955621,1696
HO13299,chr19,49957086,49957889,803
HO13300,chr19,49971484,49972705,1221
HO13301,chr19,49986762,49987605,843
HO13302,chr19,50024811,50026280,1469
HO13303,chr19,50050339,50051323,984
HO13304,chr19,50147396,50148460,1064
HO13305,chr19,50203051,50203823,772
HO13306,chr19,50325365,50325956,591
HO13307,chr19,50328709,50329814,1105
HO13308,chr19,50330588,50331059,471
HO13309,chr19,50333129,50334027,898
HO13310,chr19,50357044,50359053,2009
HO13311,chr19,50368355,50369536,1181
HO13312,chr19,50375984,50377732,1748
HO13313,chr19,50383473,50385059,1586
HO13314,chr19,50427797,50428382,585
HO13315,chr19,50431287,50432902,1615
HO13316,chr19,50475824,50477029,1205
HO13317,chr19,50496480,50497266,786
HO13318,chr19,50510129,50511899,1770
HO13319,chr19,50555869,50557407,1538
HO13320,chr19,50607663,50608458,795
HO13321,chr19,50638869,50640101,1232
HO13322,chr19,50657805,50659346,1541
HO13323,chr19,50679000,50679729,729
HO13324,chr19,50724187,50725589,1402
HO13325,chr19,50803726,50805394,1668
HO13326,chr19,50835400,50837023,1623
HO13327,chr19,51016731,51017672,941
HO13328,chr19,51018643,51020511,1868
HO13329,chr19,51064631,51065779,1148
HO13330,chr19,51107605,51108975,1370
HO13331,chr19,51319449,51320750,1301
HO13332,chr19,51326710,51328070,1360
HO13333,chr19,51338576,51340642,2066
HO13334,chr19,51353986,51355134,1148
HO13335,chr19,51365526,51368570,3044
HO13336,chr19,51393740,51394728,988
HO13337,chr19,51421586,51422325,739
HO13338,chr19,51570745,51571837,1092
HO13339,chr19,51593618,51594915,1297
HO13340,chr19,51644362,51645659,1297
HO13341,chr19,51687808,51691527,3719
HO13342,chr19,51887265,51888351,1086
HO13343,chr19,51903777,51905223,1446
HO13344,chr19,51926474,51927906,1432
HO13345,chr19,51986053,51987110,1057
HO13346,chr19,52007381,52008766,1385
HO13347,chr19,52027795,52028991,1196
HO13348,chr19,52048062,52049591,1529
HO13349,chr19,52094586,52096100,1514
HO13350,chr19,52138543,52140256,1713
HO13351,chr19,52170227,52172072,1845
HO13352,chr19,52188973,52190981,2008
HO13353,chr19,52269026,52270669,1643
HO13354,chr19,52296423,52298253,1830
HO13355,chr19,52335798,52337314,1516
HO13356,chr19,52369477,52370436,959
HO13357,chr19,52397110,52398422,1312
HO13358,chr19,52452987,52454119,1132
HO13359,chr19,52526802,52528367,1565
HO13360,chr19,52535135,52536727,1592
HO13361,chr19,52569461,52570912,1451
HO13362,chr19,52600626,52602299,1673
HO13363,chr19,52637586,52638953,1367
HO13364,chr19,52688551,52691193,2642
HO13365,chr19,52733858,52735635,1777
HO13366,chr19,52785725,52787606,1881
HO13367,chr19,52820707,52821990,1283
HO13368,chr19,52856833,52858275,1442
HO13369,chr19,52896581,52898198,1617
HO13370,chr19,52922452,52923961,1509
HO13371,chr19,52941602,52943213,1611
HO13372,chr19,52962086,52963630,1544
HO13373,chr19,52992319,52994234,1915
HO13374,chr19,53102244,53104009,1765
HO13375,chr19,53131621,53133105,1484
HO13376,chr19,53157646,53159486,1840
HO13377,chr19,53192649,53193622,973
HO13378,chr19,53196520,53197488,968
HO13379,chr19,53254244,53255391,1147
HO13380,chr19,53333064,53334439,1375
HO13381,chr19,53364909,53366364,1455
HO13382,chr19,53394466,53396778,2312
HO13383,chr19,53431210,53432678,1468
HO13384,chr19,53466908,53468918,2010
HO13385,chr19,53520164,53521382,1218
HO13386,chr19,53537168,53538755,1587
HO13387,chr19,53553569,53555021,1452
HO13388,chr19,53792618,53793502,884
HO13389,chr19,53841934,53842866,932
HO13390,chr19,53866982,53869778,2796
HO13391,chr19,53878933,53879861,928
HO13392,chr19,53979655,53982042,2387
HO13393,chr19,54102113,54103331,1218
HO13394,chr19,54114462,54115917,1455
HO13395,chr19,54136515,54138763,2248
HO13396,chr19,54158995,54161176,2181
HO13397,chr19,54162188,54162767,579
HO13398,chr19,54168192,54168812,620
HO13399,chr19,54179295,54180641,1346
HO13400,chr19,54186839,54187400,561
HO13401,chr19,54189112,54191617,2505
HO13402,chr19,54200171,54201404,1233
HO13403,chr19,54207665,54210445,2780
HO13404,chr19,54231237,54232067,830
HO13405,chr19,54415018,54415854,836
HO13406,chr19,54417958,54418833,875
HO13407,chr19,54419982,54421372,1390
HO13408,chr19,54429942,54431820,1878
HO13409,chr19,54448062,54449972,1910
HO13410,chr19,54462703,54465257,2554
HO13411,chr19,54470894,54471683,789
HO13412,chr19,54472865,54473898,1033
HO13413,chr19,55062249,55063417,1168
HO13414,chr19,55080049,55081797,1748
HO13415,chr19,55086622,55087801,1179
HO13416,chr19,55116133,55118272,2139
HO13417,chr19,55140911,55141635,724
HO13418,chr19,55156103,55157892,1789
HO13419,chr19,55160017,55161082,1065
HO13420,chr19,55165815,55167286,1471
HO13421,chr19,55173347,55174357,1010
HO13422,chr19,55178744,55180508,1764
HO13423,chr19,55206406,55207530,1124
HO13424,chr19,55209142,55210388,1246
HO13425,chr19,55216244,55217319,1075
HO13426,chr19,55247354,55248644,1290
HO13427,chr19,55257472,55259666,2194
HO13428,chr19,55279448,55280703,1255
HO13429,chr19,55300814,55302266,1452
HO13430,chr19,55338466,55340411,1945
HO13431,chr19,55340625,55341488,863
HO13432,chr19,55353469,55354571,1102
HO13433,chr19,55368432,55370840,2408
HO13434,chr19,55383493,55386539,3046
HO13435,chr19,55406941,55408526,1585
HO13436,chr19,55451189,55453352,2163
HO13437,chr19,55459613,55462121,2508
HO13438,chr19,55475901,55477300,1399
HO13439,chr19,55484611,55485584,973
HO13440,chr19,55503398,55504361,963
HO13441,chr19,55516685,55517720,1035
HO13442,chr19,55525648,55526859,1211
HO13443,chr19,55579866,55581195,1329
HO13444,chr19,55585489,55586329,840
HO13445,chr19,55586813,55587651,838
HO13446,chr19,55598756,55600712,1956
HO13447,chr19,55604567,55606553,1986
HO13448,chr19,55623696,55625074,1378
HO13449,chr19,55634547,55635483,936
HO13450,chr19,55640057,55642363,2306
HO13451,chr19,55642434,55643899,1465
HO13452,chr19,55647482,55648868,1386
HO13453,chr19,55653542,55655711,2169
HO13454,chr19,55674517,55675664,1147
HO13455,chr19,55688205,55689316,1111
HO13456,chr19,55701934,55703238,1304
HO13457,chr19,55717448,55718864,1416
HO13458,chr19,56066154,56067024,870
HO13459,chr19,56080591,56081528,937
HO13460,chr19,56108550,56109599,1049
HO13461,chr19,56110393,56111412,1019
HO13462,chr19,56119871,56121821,1950
HO13463,chr19,56132101,56132939,838
HO13464,chr19,56140132,56142411,2279
HO13465,chr19,56314016,56315623,1607
HO13466,chr19,56367489,56368932,1443
HO13467,chr19,56392936,56393906,970
HO13468,chr19,56403292,56404868,1576
HO13469,chr19,56476565,56478505,1940
HO13470,chr19,56507219,56508585,1366
HO13471,chr19,56538069,56539386,1317
HO13472,chr19,56566785,56567995,1210
HO13473,chr19,56594713,56596476,1763
HO13474,chr19,56610618,56612042,1424
HO13475,chr19,56637621,56638400,779
HO13476,chr19,56670943,56672114,1171
HO13477,chr19,56750686,56751564,878
HO13478,chr19,56764794,56765763,969
HO13479,chr19,56837462,56838491,1029
HO13480,chr19,56838727,56840991,2264
HO13481,chr19,56917327,56920241,2914
HO13482,chr19,56965867,56967228,1361
HO13483,chr19,56973489,56974561,1072
HO13484,chr19,56974664,56975712,1048
HO13485,chr19,56980469,56982017,1548
HO13486,chr19,56993682,56995876,2194
HO13487,chr19,57001610,57003007,1397
HO13488,chr19,57190858,57192614,1756
HO13489,chr19,57239913,57241424,1511
HO13490,chr19,57279510,57281112,1602
HO13491,chr19,57319861,57321155,1294
HO13492,chr19,57350645,57352092,1447
HO13493,chr19,57362777,57364110,1333
HO13494,chr19,57389263,57390630,1367
HO13495,chr19,57410571,57411731,1160
HO13496,chr19,57434663,57435981,1318
HO13497,chr19,57476990,57477855,865
HO13498,chr19,57487325,57488052,727
HO13499,chr19,57499243,57500161,918
HO13500,chr19,57526762,57527943,1181
HO13501,chr19,57558599,57560499,1900
HO13502,chr19,57578355,57579227,872
HO13503,chr19,57583363,57584434,1071
HO13504,chr19,57599354,57600397,1043
HO13505,chr19,57613685,57614724,1039
HO13506,chr19,57632695,57633701,1006
HO13507,chr19,57663920,57665299,1379
HO13508,chr19,57681368,57682471,1103
HO13509,chr19,57708380,57709584,1204
HO13510,chr19,57726578,57727942,1364
HO13511,chr19,57746389,57747503,1114
HO13512,chr19,57769080,57770185,1105
HO13513,chr19,57803296,57804943,1647
HO13514,chr19,57814005,57815211,1206
HO13515,chr19,57819193,57820385,1192
HO13516,chr19,57828779,57830671,1892
HO13517,chr19,57849274,57851032,1758
HO13518,chr19,57887284,57889360,2076
HO13519,chr19,57915911,57917075,1164
HO13520,chr19,57934650,57935653,1003
HO13521,chr19,57947032,57948043,1011
HO13522,chr19,58001883,58003413,1530
HO13523,chr19,58009250,58010208,958
HO13524,chr19,58033459,58034924,1465
HO13525,chr19,58058791,58060024,1233
HO13526,chr19,58097435,58098988,1553
HO13527,chr19,58150092,58150956,864
HO13528,chr19,58154322,58155407,1085
HO13529,chr19,58182361,58183960,1599
HO13530,chr19,58227974,58229548,1574
HO13531,chr19,58278176,58279767,1591
HO13532,chr19,58304733,58305950,1217
HO13533,chr19,58326424,58327774,1350
HO13534,chr19,58346905,58347899,994
HO13535,chr19,58361846,58363137,1291
HO13536,chr19,58380091,58381509,1418
HO13537,chr19,58386120,58387429,1309
HO13538,chr19,58395014,58396727,1713
HO13539,chr19,58400664,58402046,1382
HO13540,chr19,58407034,58409529,2495
HO13541,chr19,58439530,58440818,1288
HO13542,chr19,58450872,58452227,1355
HO13543,chr19,58466491,58467747,1256
HO13544,chr19,58475283,58477087,1804
HO13545,chr19,58498686,58499943,1257
HO13546,chr19,58513478,58514476,998
HO13547,chr19,58518782,58520417,1635
HO13548,chr19,58537883,58538996,1113
HO13549,chr19,58543553,58545100,1547
HO13550,chr19,58554491,58555453,962
HO13551,chr19,58558070,58559820,1750
HO13552,chr19,58562207,58563437,1230
HO13553,chr19,58572449,58573823,1374
HO13554,chr19,58575147,58576192,1045
HO13555,chr2,13808,15034,1226
HO13556,chr2,45215,47982,2767
HO13557,chr2,263521,265311,1790
HO13558,chr2,286941,288793,1852
HO13559,chr2,289316,290435,1119
HO13560,chr2,636279,637292,1013
HO13561,chr2,660026,661157,1131
HO13562,chr2,676058,677805,1747
HO13563,chr2,739639,741152,1513
HO13564,chr2,974104,975101,997
HO13565,chr2,1281536,1283278,1742
HO13566,chr2,1366172,1367513,1341
HO13567,chr2,1487590,1488935,1345
HO13568,chr2,1742423,1745208,2785
HO13569,chr2,2563609,2564992,1383
HO13570,chr2,2613160,2614162,1002
HO13571,chr2,3263537,3264700,1163
HO13572,chr2,3282076,3283061,985
HO13573,chr2,3302501,3303948,1447
HO13574,chr2,3377296,3378439,1143
HO13575,chr2,3379309,3380331,1022
HO13576,chr2,3476247,3477199,952
HO13577,chr2,3482922,3483806,884
HO13578,chr2,3492819,3494443,1624
HO13579,chr2,3518104,3519849,1745
HO13580,chr2,3535482,3537040,1558
HO13581,chr2,3557647,3559011,1364
HO13582,chr2,3574675,3576198,1523
HO13583,chr2,3650507,3652373,1866
HO13584,chr2,5695747,5697519,1772
HO13585,chr2,6865008,6866687,1679
HO13586,chr2,6916869,6918279,1410
HO13587,chr2,6926842,6927693,851
HO13588,chr2,7007526,7008792,1266
HO13589,chr2,7191564,7192399,835
HO13590,chr2,7847332,7849069,1737
HO13591,chr2,8515077,8516666,1589
HO13592,chr2,8583151,8584237,1086
HO13593,chr2,8635935,8637509,1574
HO13594,chr2,8676147,8676919,772
HO13595,chr2,8677707,8678347,640
HO13596,chr2,8678675,8679475,800
HO13597,chr2,8681213,8682373,1160
HO13598,chr2,8684541,8686077,1536
HO13599,chr2,8836198,8838048,1850
HO13600,chr2,9002483,9004548,2065
HO13601,chr2,9142527,9143227,700
HO13602,chr2,9190719,9191462,743
HO13603,chr2,9205923,9208051,2128
HO13604,chr2,9422282,9424267,1985
HO13605,chr2,9473387,9475471,2084
HO13606,chr2,9554802,9556558,1756
HO13607,chr2,9629792,9631457,1665
HO13608,chr2,9652659,9654912,2253
HO13609,chr2,9798855,9800318,1463
HO13610,chr2,9813212,9814246,1034
HO13611,chr2,9842912,9844359,1447
HO13612,chr2,9944113,9944714,601
HO13613,chr2,9950593,9952271,1678
HO13614,chr2,10009543,10010478,935
HO13615,chr2,10035696,10036863,1167
HO13616,chr2,10041987,10044544,2557
HO13617,chr2,10057078,10058140,1062
HO13618,chr2,10072412,10073882,1470
HO13619,chr2,10078868,10080913,2045
HO13620,chr2,10097159,10097983,824
HO13621,chr2,10119880,10120885,1005
HO13622,chr2,10122078,10123009,931
HO13623,chr2,10277139,10278830,1691
HO13624,chr2,10301869,10304399,2530
HO13625,chr2,10365761,10366211,450
HO13626,chr2,10368329,10369151,822
HO13627,chr2,10371523,10372634,1111
HO13628,chr2,10381052,10383073,2021
HO13629,chr2,10408959,10409498,539
HO13630,chr2,10431863,10433177,1314
HO13631,chr2,10434666,10435272,606
HO13632,chr2,10441901,10442437,536
HO13633,chr2,10447319,10449298,1979
HO13634,chr2,10689259,10690666,1407
HO13635,chr2,10720961,10722290,1329
HO13636,chr2,10762524,10763816,1292
HO13637,chr2,10773666,10775317,1651
HO13638,chr2,10811633,10813307,1674
HO13639,chr2,10832086,10832765,679
HO13640,chr2,10843834,10844498,664
HO13641,chr2,10911228,10912522,1294
HO13642,chr2,10934074,10935473,1399
HO13643,chr2,11129565,11130211,646
HO13644,chr2,11132577,11134175,1598
HO13645,chr2,11154397,11155878,1481
HO13646,chr2,11342814,11345627,2813
HO13647,chr2,11374228,11375105,877
HO13648,chr2,11465178,11466665,1487
HO13649,chr2,11481935,11483861,1926
HO13650,chr2,11495656,11496644,988
HO13651,chr2,11498378,11499470,1092
HO13652,chr2,11539039,11540704,1665
HO13653,chr2,11669550,11670363,813
HO13654,chr2,11743980,11744843,863
HO13655,chr2,11746157,11747398,1241
HO13656,chr2,11829072,11830749,1677
HO13657,chr2,11863437,11864298,861
HO13658,chr2,12060714,12062186,1472
HO13659,chr2,12167231,12168020,789
HO13660,chr2,12492796,12493643,847
HO13661,chr2,12505875,12507783,1908
HO13662,chr2,12674242,12675634,1392
HO13663,chr2,12715582,12718870,3288
HO13664,chr2,12931029,12932895,1866
HO13665,chr2,14545552,14546557,1005
HO13666,chr2,14632173,14632904,731
HO13667,chr2,14634193,14635838,1645
HO13668,chr2,15560242,15562270,2028
HO13669,chr2,15591318,15592471,1153
HO13670,chr2,15729974,15730983,1009
HO13671,chr2,15939549,15942858,3309
HO13672,chr2,15943163,15944208,1045
HO13673,chr2,16069195,16070926,1731
HO13674,chr2,16251007,16252571,1564
HO13675,chr2,16507485,16508565,1080
HO13676,chr2,16608407,16609373,966
HO13677,chr2,16665234,16666754,1520
HO13678,chr2,17517823,17518965,1142
HO13679,chr2,17538049,17541075,3026
HO13680,chr2,17659878,17660773,895
HO13681,chr2,17752915,17754716,1801
HO13682,chr2,17799439,17800622,1183
HO13683,chr2,17830167,17831168,1001
HO13684,chr2,17877696,17879765,2069
HO13685,chr2,18559565,18560979,1414
HO13686,chr2,19347416,19348728,1312
HO13687,chr2,19350149,19350755,606
HO13688,chr2,19357453,19359212,1759
HO13689,chr2,19362321,19363695,1374
HO13690,chr2,19863146,19864047,901
HO13691,chr2,19868384,19869771,1387
HO13692,chr2,19900483,19902572,2089
HO13693,chr2,19989152,19990512,1360
HO13694,chr2,20011906,20013522,1616
HO13695,chr2,20050644,20053113,2469
HO13696,chr2,20071178,20072382,1204
HO13697,chr2,20073056,20074713,1657
HO13698,chr2,20097846,20098532,686
HO13699,chr2,20136995,20137770,775
HO13700,chr2,20223107,20225828,2721
HO13701,chr2,20350033,20351754,1721
HO13702,chr2,20378694,20379565,871
HO13703,chr2,20446400,20449108,2708
HO13704,chr2,20449359,20451178,1819
HO13705,chr2,20500732,20501660,928
HO13706,chr2,20578791,20580121,1330
HO13707,chr2,20584158,20585738,1580
HO13708,chr2,20616972,20618771,1799
HO13709,chr2,20634776,20636160,1384
HO13710,chr2,20650264,20651790,1526
HO13711,chr2,20666092,20667771,1679
HO13712,chr2,20821888,20823336,1448
HO13713,chr2,21042663,21044086,1423
HO13714,chr2,21215005,21216332,1327
HO13715,chr2,21255746,21256428,682
HO13716,chr2,21288771,21290610,1839
HO13717,chr2,22843591,22844668,1077
HO13718,chr2,23350928,23352308,1380
HO13719,chr2,23384413,23386297,1884
HO13720,chr2,23501796,23502877,1081
HO13721,chr2,23520063,23520671,608
HO13722,chr2,23522921,23524961,2040
HO13723,chr2,23532074,23533671,1597
HO13724,chr2,23925742,23927834,2092
HO13725,chr2,23939166,23941508,2342
HO13726,chr2,23944349,23944898,549
HO13727,chr2,24009412,24010919,1507
HO13728,chr2,24046860,24047742,882
HO13729,chr2,24049355,24050528,1173
HO13730,chr2,24075820,24077550,1730
HO13731,chr2,24083467,24085401,1934
HO13732,chr2,24122818,24124260,1442
HO13733,chr2,24359208,24360969,1761
HO13734,chr2,24490431,24492823,2392
HO13735,chr2,24558712,24560192,1480
HO13736,chr2,24792485,24794140,1655
HO13737,chr2,24827271,24828154,883
HO13738,chr2,24918990,24920823,1833
HO13739,chr2,24970745,24972836,2091
HO13740,chr2,24984607,24985521,914
HO13741,chr2,25041108,25043452,2344
HO13742,chr2,25055464,25057014,1550
HO13743,chr2,25160961,25161971,1010
HO13744,chr2,25167943,25169017,1074
HO13745,chr2,25187511,25188541,1030
HO13746,chr2,25204136,25204856,720
HO13747,chr2,25214775,25216582,1807
HO13748,chr2,25228638,25230003,1365
HO13749,chr2,25236454,25237257,803
HO13750,chr2,25245619,25246957,1338
HO13751,chr2,25250357,25252968,2611
HO13752,chr2,25276463,25277598,1135
HO13753,chr2,25294310,25295464,1154
HO13754,chr2,25311046,25312287,1241
HO13755,chr2,25314138,25315611,1473
HO13756,chr2,25339780,25342756,2976
HO13757,chr2,25361600,25363082,1482
HO13758,chr2,25376369,25377581,1212
HO13759,chr2,25672604,25674199,1595
HO13760,chr2,25877170,25878854,1684
HO13761,chr2,25883009,25883568,559
HO13762,chr2,25981600,25983284,1684
HO13763,chr2,26011720,26013044,1324
HO13764,chr2,26033084,26034954,1870
HO13765,chr2,26178621,26179947,1326
HO13766,chr2,26184066,26185461,1395
HO13767,chr2,26243693,26246043,2350
HO13768,chr2,26251377,26252313,936
HO13769,chr2,26298330,26300662,2332
HO13770,chr2,26339233,26340377,1144
HO13771,chr2,26344999,26347009,2010
HO13772,chr2,26401452,26402376,924
HO13773,chr2,26483211,26484483,1272
HO13774,chr2,26502904,26504149,1245
HO13775,chr2,26562069,26563477,1408
HO13776,chr2,26691805,26693646,1841
HO13777,chr2,26706513,26707538,1025
HO13778,chr2,26720122,26721569,1447
HO13779,chr2,26723843,26725076,1233
HO13780,chr2,26763779,26764924,1145
HO13781,chr2,26785304,26786543,1239
HO13782,chr2,26847416,26850075,2659
HO13783,chr2,26961183,26962077,894
HO13784,chr2,26970119,26971631,1512
HO13785,chr2,27001626,27002217,591
HO13786,chr2,27032217,27033568,1351
HO13787,chr2,27049816,27052146,2330
HO13788,chr2,27058975,27059872,897
HO13789,chr2,27070967,27073184,2217
HO13790,chr2,27080886,27081658,772
HO13791,chr2,27085522,27087399,1877
HO13792,chr2,27123274,27124115,841
HO13793,chr2,27133485,27134992,1507
HO13794,chr2,27211242,27212860,1618
HO13795,chr2,27216993,27218181,1188
HO13796,chr2,27262061,27263384,1323
HO13797,chr2,27264381,27265380,999
HO13798,chr2,27281538,27282805,1267
HO13799,chr2,27322292,27323809,1517
HO13800,chr2,27355993,27357442,1449
HO13801,chr2,27369579,27371540,1961
HO13802,chr2,27379838,27381439,1601
HO13803,chr2,27408728,27410252,1524
HO13804,chr2,27427979,27429640,1661
HO13805,chr2,27441197,27443495,2298
HO13806,chr2,27443825,27444565,740
HO13807,chr2,27489064,27490112,1048
HO13808,chr2,27494113,27495605,1492
HO13809,chr2,27582283,27583771,1488
HO13810,chr2,27627884,27629707,1823
HO13811,chr2,27662905,27664479,1574
HO13812,chr2,27683216,27683914,698
HO13813,chr2,27714938,27717389,2451
HO13814,chr2,27724899,27725774,875
HO13815,chr2,27734984,27736307,1323
HO13816,chr2,27765368,27766507,1139
HO13817,chr2,27771057,27772150,1093
HO13818,chr2,27889792,27891455,1663
HO13819,chr2,27958806,27960785,1979
HO13820,chr2,28355318,28357253,1935
HO13821,chr2,28389999,28391259,1260
HO13822,chr2,28392034,28393167,1133
HO13823,chr2,28393331,28393650,319
HO13824,chr2,28566276,28567491,1215
HO13825,chr2,28593955,28595127,1172
HO13826,chr2,28664095,28665631,1536
HO13827,chr2,28677965,28678785,820
HO13828,chr2,28682924,28684045,1121
HO13829,chr2,28750349,28752605,2256
HO13830,chr2,28810004,28811385,1381
HO13831,chr2,28869516,28870890,1374
HO13832,chr2,28894017,28895489,1472
HO13833,chr2,28958450,28959161,711
HO13834,chr2,28968704,28969959,1255
HO13835,chr2,28976373,28977169,796
HO13836,chr2,29014669,29016972,2303
HO13837,chr2,29042109,29043252,1143
HO13838,chr2,29070129,29072275,2146
HO13839,chr2,29114580,29116661,2081
HO13840,chr2,29919948,29921938,1990
HO13841,chr2,29940270,29941202,932
HO13842,chr2,30145993,30148093,2100
HO13843,chr2,30230329,30232876,2547
HO13844,chr2,30445976,30448009,2033
HO13845,chr2,31137171,31138963,1792
HO13846,chr2,31233453,31234725,1272
HO13847,chr2,32008953,32011383,2430
HO13848,chr2,32039122,32040205,1083
HO13849,chr2,32062493,32064588,2095
HO13850,chr2,32165097,32166269,1172
HO13851,chr2,32277375,32278601,1226
HO13852,chr2,32356338,32358421,2083
HO13853,chr2,32627205,32628576,1371
HO13854,chr2,32946234,32948148,1914
HO13855,chr2,33110604,33111652,1048
HO13856,chr2,33378420,33379433,1013
HO13857,chr2,33475405,33476995,1590
HO13858,chr2,33598389,33599906,1517
HO13859,chr2,33607150,33608620,1470
HO13860,chr2,36353255,36353624,369
HO13861,chr2,36354943,36358168,3225
HO13862,chr2,36388538,36389900,1362
HO13863,chr2,36455822,36456886,1064
HO13864,chr2,36571789,36573014,1225
HO13865,chr2,36597166,36598371,1205
HO13866,chr2,36965661,36967201,1540
HO13867,chr2,37083668,37084896,1228
HO13868,chr2,37155818,37157542,1724
HO13869,chr2,37195999,37197307,1308
HO13870,chr2,37230666,37232633,1967
HO13871,chr2,37323752,37325560,1808
HO13872,chr2,37344195,37345346,1151
HO13873,chr2,37670245,37672905,2660
HO13874,chr2,37827642,37828550,908
HO13875,chr2,37924770,37925861,1091
HO13876,chr2,38074546,38077388,2842
HO13877,chr2,38376147,38378310,2163
HO13878,chr2,38417394,38418549,1155
HO13879,chr2,38515211,38516114,903
HO13880,chr2,38535351,38536477,1126
HO13881,chr2,38601468,38603696,2228
HO13882,chr2,38665470,38666919,1449
HO13883,chr2,38711681,38713010,1329
HO13884,chr2,38750088,38751986,1898
HO13885,chr2,38777525,38779046,1521
HO13886,chr2,38875048,38876571,1523
HO13887,chr2,38959483,38961092,1609
HO13888,chr2,39119720,39121472,1752
HO13889,chr2,39123860,39124925,1065
HO13890,chr2,39435809,39438163,2354
HO13891,chr2,39664864,39667033,2169
HO13892,chr2,39778308,39780089,1781
HO13893,chr2,40280845,40281794,949
HO13894,chr2,40450055,40452523,2468
HO13895,chr2,41597675,41599020,1345
HO13896,chr2,41840478,41841602,1124
HO13897,chr2,42046180,42048794,2614
HO13898,chr2,42100905,42103071,2166
HO13899,chr2,42168762,42170473,1711
HO13900,chr2,42359874,42361995,2121
HO13901,chr2,42423137,42425418,2281
HO13902,chr2,42492594,42495316,2722
HO13903,chr2,42567393,42569733,2340
HO13904,chr2,42791979,42793916,1937
HO13905,chr2,42809573,42811760,2187
HO13906,chr2,42827437,42828193,756
HO13907,chr2,42974390,42975645,1255
HO13908,chr2,43000255,43001100,845
HO13909,chr2,43100542,43101570,1028
HO13910,chr2,43217853,43220402,2549
HO13911,chr2,43225543,43227918,2375
HO13912,chr2,43343645,43345804,2159
HO13913,chr2,43595322,43596689,1367
HO13914,chr2,43636689,43638356,1667
HO13915,chr2,43724562,43726023,1461
HO13916,chr2,43773652,43774931,1279
HO13917,chr2,43831275,43832364,1089
HO13918,chr2,43995103,43996605,1502
HO13919,chr2,44001454,44002256,802
HO13920,chr2,44044030,44044706,676
HO13921,chr2,44086804,44088300,1496
HO13922,chr2,44096915,44097834,919
HO13923,chr2,44167543,44169772,2229
HO13924,chr2,44360777,44362934,2157
HO13925,chr2,44954904,44955939,1035
HO13926,chr2,45008644,45010507,1863
HO13927,chr2,45168666,45171022,2356
HO13928,chr2,45610275,45611758,1483
HO13929,chr2,45643011,45644175,1164
HO13930,chr2,45649861,45652939,3078
HO13931,chr2,45707040,45708115,1075
HO13932,chr2,45789959,45791188,1229
HO13933,chr2,45859890,45861263,1373
HO13934,chr2,45935786,45936744,958
HO13935,chr2,45961517,45963031,1514
HO13936,chr2,46296508,46300090,3582
HO13937,chr2,46329714,46330906,1192
HO13938,chr2,46349148,46349857,709
HO13939,chr2,46460078,46462221,2143
HO13940,chr2,46499421,46500562,1141
HO13941,chr2,46541589,46544395,2806
HO13942,chr2,46615974,46617521,1547
HO13943,chr2,46698235,46700119,1884
HO13944,chr2,46812026,46813505,1479
HO13945,chr2,46846189,46848061,1872
HO13946,chr2,46905518,46906536,1018
HO13947,chr2,46914879,46916474,1595
HO13948,chr2,46939371,46942405,3034
HO13949,chr2,46986609,46987793,1184
HO13950,chr2,46988796,46989569,773
HO13951,chr2,47042840,47044109,1269
HO13952,chr2,47069505,47070729,1224
HO13953,chr2,47174873,47177231,2358
HO13954,chr2,47205177,47206395,1218
HO13955,chr2,47309439,47311503,2064
HO13956,chr2,47322795,47323841,1046
HO13957,chr2,47344401,47345850,1449
HO13958,chr2,47368838,47370167,1329
HO13959,chr2,47402252,47404006,1754
HO13960,chr2,47520641,47521825,1184
HO13961,chr2,47569668,47571956,2288
HO13962,chr2,47653678,47655289,1611
HO13963,chr2,47776458,47778161,1703
HO13964,chr2,47782341,47784589,2248
HO13965,chr2,47904261,47907136,2875
HO13966,chr2,48105834,48106985,1151
HO13967,chr2,48111002,48112312,1310
HO13968,chr2,48204917,48205833,916
HO13969,chr2,48313886,48316142,2256
HO13970,chr2,48396683,48398913,2230
HO13971,chr2,48440075,48441433,1358
HO13972,chr2,48529475,48530891,1416
HO13973,chr2,48567443,48568276,833
HO13974,chr2,49104695,49105956,1261
HO13975,chr2,49152518,49154738,2220
HO13976,chr2,49879642,49880715,1073
HO13977,chr2,49973524,49974972,1448
HO13978,chr2,50345952,50348008,2056
HO13979,chr2,50491401,50492790,1389
HO13980,chr2,53767197,53768392,1195
HO13981,chr2,53786035,53787875,1840
HO13982,chr2,53826421,53828100,1679
HO13983,chr2,53876749,53877889,1140
HO13984,chr2,53969853,53971585,1732
HO13985,chr2,54029028,54030790,1762
HO13986,chr2,54043700,54044755,1055
HO13987,chr2,54114562,54116120,1558
HO13988,chr2,54329685,54331405,1720
HO13989,chr2,54359761,54360892,1131
HO13990,chr2,54455036,54458018,2982
HO13991,chr2,54470261,54471863,1602
HO13992,chr2,54557555,54558903,1348
HO13993,chr2,54559506,54560840,1334
HO13994,chr2,54708480,54709818,1338
HO13995,chr2,54722736,54724337,1601
HO13996,chr2,54947007,54948012,1005
HO13997,chr2,54959939,54960937,998
HO13998,chr2,55048527,55051369,2842
HO13999,chr2,55119698,55121260,1562
HO14000,chr2,55222902,55224034,1132
HO14001,chr2,55231560,55233287,1727
HO14002,chr2,55268437,55269517,1080
HO14003,chr2,55281685,55282782,1097
HO14004,chr2,55418601,55420476,1875
HO14005,chr2,55518789,55520701,1912
HO14006,chr2,55616461,55619006,2545
HO14007,chr2,55692941,55694076,1135
HO14008,chr2,55922209,55924171,1962
HO14009,chr2,56183521,56185935,2414
HO14010,chr2,56238776,56239885,1109
HO14011,chr2,57758708,57760756,2048
HO14012,chr2,58046025,58047526,1501
HO14013,chr2,58240296,58241587,1291
HO14014,chr2,58427394,58429393,1999
HO14015,chr2,60294780,60295832,1052
HO14016,chr2,60549275,60550953,1678
HO14017,chr2,60553208,60555702,2494
HO14018,chr2,60581232,60582273,1041
HO14019,chr2,60755689,60757103,1414
HO14020,chr2,60847617,60849057,1440
HO14021,chr2,60880565,60882216,1651
HO14022,chr2,61016437,61018642,2205
HO14023,chr2,61065205,61066669,1464
HO14024,chr2,61144443,61145606,1163
HO14025,chr2,61176552,61178259,1707
HO14026,chr2,61469926,61472243,2317
HO14027,chr2,61536221,61539099,2878
HO14028,chr2,61694172,61695302,1130
HO14029,chr2,61763336,61764858,1522
HO14030,chr2,61853227,61855466,2239
HO14031,chr2,61887273,61889429,2156
HO14032,chr2,61905194,61906236,1042
HO14033,chr2,61949630,61951192,1562
HO14034,chr2,62194649,62197906,3257
HO14035,chr2,62331989,62332974,985
HO14036,chr2,62410721,62412538,1817
HO14037,chr2,62456612,62457930,1318
HO14038,chr2,62505188,62506795,1607
HO14039,chr2,62569703,62571503,1800
HO14040,chr2,62672356,62673291,935
HO14041,chr2,62704804,62706663,1859
HO14042,chr2,63587662,63589295,1633
HO14043,chr2,63840197,63842769,2572
HO14044,chr2,64018204,64020078,1874
HO14045,chr2,64142634,64144826,2192
HO14046,chr2,64221754,64223296,1542
HO14047,chr2,64227716,64228997,1281
HO14048,chr2,64311797,64312737,940
HO14049,chr2,64452989,64455190,2201
HO14050,chr2,64523610,64525354,1744
HO14051,chr2,64608841,64609960,1119
HO14052,chr2,64626862,64627758,896
HO14053,chr2,64643970,64645391,1421
HO14054,chr2,64652863,64654798,1935
HO14055,chr2,64749966,64752191,2225
HO14056,chr2,64766542,64768746,2204
HO14057,chr2,64858821,64860281,1460
HO14058,chr2,64864481,64865914,1433
HO14059,chr2,64873268,64873805,537
HO14060,chr2,64917430,64918325,895
HO14061,chr2,64974888,64975748,860
HO14062,chr2,64988198,64990112,1914
HO14063,chr2,65031216,65032683,1467
HO14064,chr2,65055501,65057082,1581
HO14065,chr2,65129244,65130979,1735
HO14066,chr2,65157877,65158991,1114
HO14067,chr2,65226951,65228566,1615
HO14068,chr2,65382371,65384274,1903
HO14069,chr2,65430371,65433065,2694
HO14070,chr2,65435516,65436964,1448
HO14071,chr2,66432543,66433767,1224
HO14072,chr2,66433928,66435555,1627
HO14073,chr2,66445132,66446892,1760
HO14074,chr2,66574544,66577459,2915
HO14075,chr2,67396944,67398253,1309
HO14076,chr2,67560468,67561944,1476
HO14077,chr2,68062280,68063378,1098
HO14078,chr2,68156629,68158329,1700
HO14079,chr2,68250866,68253686,2820
HO14080,chr2,68318337,68320603,2266
HO14081,chr2,68395547,68396780,1233
HO14082,chr2,68466325,68467971,1646
HO14083,chr2,68642909,68644057,1148
HO14084,chr2,68774102,68775430,1328
HO14085,chr2,68828648,68829804,1156
HO14086,chr2,69012359,69014812,2453
HO14087,chr2,69306078,69307692,1614
HO14088,chr2,69386601,69387999,1398
HO14089,chr2,69436395,69438040,1645
HO14090,chr2,69642596,69644664,2068
HO14091,chr2,69740792,69742569,1777
HO14092,chr2,69766758,69767579,821
HO14093,chr2,69789128,69790746,1618
HO14094,chr2,69797828,69799722,1894
HO14095,chr2,69828946,69830648,1702
HO14096,chr2,69893450,69894995,1545
HO14097,chr2,69913905,69915877,1972
HO14098,chr2,70070574,70071229,655
HO14099,chr2,70085780,70088485,2705
HO14100,chr2,70089185,70089886,701
HO14101,chr2,70107801,70109226,1425
HO14102,chr2,70118292,70119105,813
HO14103,chr2,70123094,70125479,2385
HO14104,chr2,70141108,70143063,1955
HO14105,chr2,70143244,70143812,568
HO14106,chr2,70189899,70191323,1424
HO14107,chr2,70247486,70249166,1680
HO14108,chr2,70257217,70258916,1699
HO14109,chr2,70293054,70294305,1251
HO14110,chr2,70301011,70302307,1296
HO14111,chr2,70303750,70304204,454
HO14112,chr2,70553138,70554451,1313
HO14113,chr2,70556984,70557660,676
HO14114,chr2,70766977,70768594,1617
HO14115,chr2,70789398,70790816,1418
HO14116,chr2,70870814,70872019,1205
HO14117,chr2,70899775,70901948,2173
HO14118,chr2,70976663,70977670,1007
HO14119,chr2,70994039,70995698,1659
HO14120,chr2,71067561,71069206,1645
HO14121,chr2,71129367,71131129,1762
HO14122,chr2,71226131,71227726,1595
HO14123,chr2,71275983,71277401,1418
HO14124,chr2,71331214,71332769,1555
HO14125,chr2,71453104,71454158,1054
HO14126,chr2,71466019,71467294,1275
HO14127,chr2,71882355,71883738,1383
HO14128,chr2,72138398,72139431,1033
HO14129,chr2,72139644,72140505,861
HO14130,chr2,72142640,72143720,1080
HO14131,chr2,72144471,72145638,1167
HO14132,chr2,72149616,72150677,1061
HO14133,chr2,72825133,72826252,1119
HO14134,chr2,72862128,72863098,970
HO14135,chr2,72886789,72888170,1381
HO14136,chr2,72917111,72918842,1731
HO14137,chr2,72962974,72964330,1356
HO14138,chr2,73070422,73072346,1924
HO14139,chr2,73106738,73107605,867
HO14140,chr2,73111495,73113713,2218
HO14141,chr2,73175239,73176516,1277
HO14142,chr2,73176735,73178109,1374
HO14143,chr2,73201894,73203656,1762
HO14144,chr2,73213575,73214809,1234
HO14145,chr2,73232707,73235086,2379
HO14146,chr2,73250746,73251649,903
HO14147,chr2,73268502,73270086,1584
HO14148,chr2,73283071,73285483,2412
HO14149,chr2,73290955,73292242,1287
HO14150,chr2,73292842,73293922,1080
HO14151,chr2,73385266,73387027,1761
HO14152,chr2,73560504,73561670,1166
HO14153,chr2,73716023,73717516,1493
HO14154,chr2,73736490,73737746,1256
HO14155,chr2,73758696,73759871,1175
HO14156,chr2,73779019,73780370,1351
HO14157,chr2,73828355,73829615,1260
HO14158,chr2,73926158,73927301,1143
HO14159,chr2,73983393,73986045,2652
HO14160,chr2,74002043,74003414,1371
HO14161,chr2,74119877,74120723,846
HO14162,chr2,74146894,74148641,1747
HO14163,chr2,74177844,74179324,1480
HO14164,chr2,74197936,74199621,1685
HO14165,chr2,74342616,74344126,1510
HO14166,chr2,74373762,74375077,1315
HO14167,chr2,74379682,74380549,867
HO14168,chr2,74390752,74392276,1524
HO14169,chr2,74414464,74416009,1545
HO14170,chr2,74421137,74422388,1251
HO14171,chr2,74439484,74442538,3054
HO14172,chr2,74454613,74455399,786
HO14173,chr2,74457132,74458602,1470
HO14174,chr2,74464478,74465750,1272
HO14175,chr2,74471761,74473195,1434
HO14176,chr2,74481845,74483563,1718
HO14177,chr2,74506908,74508433,1525
HO14178,chr2,74515438,74516667,1229
HO14179,chr2,74528990,74531079,2089
HO14180,chr2,74548328,74549747,1419
HO14181,chr2,74553051,74555876,2825
HO14182,chr2,74653463,74654881,1418
HO14183,chr2,74714725,74716211,1486
HO14184,chr2,74777176,74779185,2009
HO14185,chr2,74821037,74823320,2283
HO14186,chr2,74833290,74835747,2457
HO14187,chr2,74836430,74836712,282
HO14188,chr2,74845070,74845753,683
HO14189,chr2,74867372,74868465,1093
HO14190,chr2,74875602,74876616,1014
HO14191,chr2,74919519,74920307,788
HO14192,chr2,74958046,74959131,1085
HO14193,chr2,75199040,75201173,2133
HO14194,chr2,75421367,75422477,1110
HO14195,chr2,75559821,75561693,1872
HO14196,chr2,75562188,75562839,651
HO14197,chr2,75608147,75609398,1251
HO14198,chr2,75646231,75647489,1258
HO14199,chr2,75709929,75711348,1419
HO14200,chr2,75920515,75921739,1224
HO14201,chr2,78992439,78993507,1068
HO14202,chr2,79025024,79026195,1171
HO14203,chr2,79512191,79513305,1114
HO14204,chr2,79521225,79523022,1797
HO14205,chr2,79934895,79936618,1723
HO14206,chr2,79969959,79971659,1700
HO14207,chr2,80302167,80304853,2686
HO14208,chr2,80854169,80855192,1023
HO14209,chr2,84194438,84196248,1810
HO14210,chr2,84458363,84459899,1536
HO14211,chr2,84515852,84516716,864
HO14212,chr2,84879500,84882445,2945
HO14213,chr2,84904352,84907659,3307
HO14214,chr2,84919504,84920592,1088
HO14215,chr2,84925376,84927304,1928
HO14216,chr2,84969991,84972275,2284
HO14217,chr2,85065889,85067435,1546
HO14218,chr2,85132490,85134871,2381
HO14219,chr2,85255423,85256654,1231
HO14220,chr2,85285262,85285803,541
HO14221,chr2,85308591,85309640,1049
HO14222,chr2,85327100,85328505,1405
HO14223,chr2,85353800,85355393,1593
HO14224,chr2,85418039,85420189,2150
HO14225,chr2,85420475,85421805,1330
HO14226,chr2,85436873,85438698,1825
HO14227,chr2,85445403,85446637,1234
HO14228,chr2,85537629,85540116,2487
HO14229,chr2,85545902,85547531,1629
HO14230,chr2,85560771,85562010,1239
HO14231,chr2,85583996,85585663,1667
HO14232,chr2,85594929,85596215,1286
HO14233,chr2,85601751,85603499,1748
HO14234,chr2,85611346,85612494,1148
HO14235,chr2,85615732,85616681,949
HO14236,chr2,85678660,85679536,876
HO14237,chr2,85728511,85729471,960
HO14238,chr2,85741664,85743089,1425
HO14239,chr2,85753151,85755384,2233
HO14240,chr2,85771900,85773293,1393
HO14241,chr2,85813929,85815430,1501
HO14242,chr2,85827051,85827941,890
HO14243,chr2,85887444,85889649,2205
HO14244,chr2,85996179,85997398,1219
HO14245,chr2,86105213,86106581,1368
HO14246,chr2,86114278,86116230,1952
HO14247,chr2,86194623,86195958,1335
HO14248,chr2,86199132,86199781,649
HO14249,chr2,86222756,86224087,1331
HO14250,chr2,86244912,86245741,829
HO14251,chr2,86283180,86285311,2131
HO14252,chr2,86336286,86338131,1845
HO14253,chr2,86338785,86339291,506
HO14254,chr2,86339827,86340463,636
HO14255,chr2,86440549,86443196,2647
HO14256,chr2,86562448,86563710,1262
HO14257,chr2,86622414,86624100,1686
HO14258,chr2,86719546,86721285,1739
HO14259,chr2,86790235,86791886,1651
HO14260,chr2,86807128,86808905,1777
HO14261,chr2,87074991,87077139,2148
HO14262,chr2,88015662,88017748,2086
HO14263,chr2,88054266,88056047,1781
HO14264,chr2,88082284,88083456,1172
HO14265,chr2,88169734,88171019,1285
HO14266,chr2,88626307,88628383,2076
HO14267,chr2,88690973,88692538,1565
HO14268,chr2,88764601,88766136,1535
HO14269,chr2,94207694,94209498,1804
HO14270,chr2,95022189,95022629,440
HO14271,chr2,95024322,95026834,2512
HO14272,chr2,95056768,95059410,2642
HO14273,chr2,95076410,95077338,928
HO14274,chr2,95121161,95122375,1214
HO14275,chr2,95158658,95160369,1711
HO14276,chr2,95165047,95166259,1212
HO14277,chr2,95206533,95208016,1483
HO14278,chr2,95333502,95334368,866
HO14279,chr2,95345104,95347452,2348
HO14280,chr2,95383718,95386336,2618
HO14281,chr2,95391468,95392574,1106
HO14282,chr2,95401659,95403572,1913
HO14283,chr2,95526032,95527349,1317
HO14284,chr2,95681633,95683531,1898
HO14285,chr2,95991018,95993110,2092
HO14286,chr2,96009777,96010639,862
HO14287,chr2,96116056,96117837,1781
HO14288,chr2,96144737,96145763,1026
HO14289,chr2,96148201,96149058,857
HO14290,chr2,96207615,96209267,1652
HO14291,chr2,96251379,96252223,844
HO14292,chr2,96260155,96261088,933
HO14293,chr2,96264792,96266668,1876
HO14294,chr2,96304732,96306611,1879
HO14295,chr2,96320910,96322280,1370
HO14296,chr2,96335044,96336233,1189
HO14297,chr2,96408305,96410211,1906
HO14298,chr2,96469895,96471041,1146
HO14299,chr2,96485562,96486666,1104
HO14300,chr2,96502686,96503549,863
HO14301,chr2,96507862,96508503,641
HO14302,chr2,96509045,96509858,813
HO14303,chr2,96531758,96532509,751
HO14304,chr2,96536158,96538051,1893
HO14305,chr2,96636459,96638721,2262
HO14306,chr2,96684220,96686423,2203
HO14307,chr2,96687524,96688129,605
HO14308,chr2,96739273,96740639,1366
HO14309,chr2,96760292,96761452,1160
HO14310,chr2,96800504,96801815,1311
HO14311,chr2,96815295,96817364,2069
HO14312,chr2,96822840,96824754,1914
HO14313,chr2,96832457,96833714,1257
HO14314,chr2,96857066,96859630,2564
HO14315,chr2,96868063,96870468,2405
HO14316,chr2,96926831,96928810,1979
HO14317,chr2,96950144,96951527,1383
HO14318,chr2,96960177,96960907,730
HO14319,chr2,96977082,96978244,1162
HO14320,chr2,97112246,97114112,1866
HO14321,chr2,97589274,97591115,1841
HO14322,chr2,97644977,97646545,1568
HO14323,chr2,97662742,97664647,1905
HO14324,chr2,97994953,97996603,1650
HO14325,chr2,98086409,98087474,1065
HO14326,chr2,98444221,98446148,1927
HO14327,chr2,98464467,98466181,1714
HO14328,chr2,98479382,98480929,1547
HO14329,chr2,98498588,98500438,1850
HO14330,chr2,98607776,98609503,1727
HO14331,chr2,98730138,98731727,1589
HO14332,chr2,98821692,98823938,2246
HO14333,chr2,98935263,98937350,2087
HO14334,chr2,98946525,98948015,1490
HO14335,chr2,99140595,99142044,1449
HO14336,chr2,99154019,99155764,1745
HO14337,chr2,99180556,99181721,1165
HO14338,chr2,99335645,99338065,2420
HO14339,chr2,99488483,99490736,2253
HO14340,chr2,99636023,99637442,1419
HO14341,chr2,99881407,99882619,1212
HO14342,chr2,100104335,100106895,2560
HO14343,chr2,100181531,100183642,2111
HO14344,chr2,100196844,100198818,1974
HO14345,chr2,100281295,100282357,1062
HO14346,chr2,100290659,100292613,1954
HO14347,chr2,100320564,100322849,2285
HO14348,chr2,100416651,100418042,1391
HO14349,chr2,100562078,100563664,1586
HO14350,chr2,100817786,100821053,3267
HO14351,chr2,100932580,100933330,750
HO14352,chr2,101001594,101003461,1867
HO14353,chr2,101064849,101065670,821
HO14354,chr2,101150577,101152210,1633
HO14355,chr2,101152379,101154068,1689
HO14356,chr2,101251812,101253577,1765
HO14357,chr2,101307641,101309161,1520
HO14358,chr2,101339779,101340865,1086
HO14359,chr2,101386493,101387927,1434
HO14360,chr2,101473244,101474900,1656
HO14361,chr2,101696462,101698709,2247
HO14362,chr2,101698900,101699816,916
HO14363,chr2,101751568,101753584,2016
HO14364,chr2,101815638,101816857,1219
HO14365,chr2,102024790,102025929,1139
HO14366,chr2,102063275,102064902,1627
HO14367,chr2,102068965,102070701,1736
HO14368,chr2,102142131,102143867,1736
HO14369,chr2,102186826,102188170,1344
HO14370,chr2,102240394,102241323,929
HO14371,chr2,102250487,102251901,1414
HO14372,chr2,102355367,102356429,1062
HO14373,chr2,102618487,102620015,1528
HO14374,chr2,102735747,102737251,1504
HO14375,chr2,104872076,104874073,1997
HO14376,chr2,105037281,105038778,1497
HO14377,chr2,105328274,105330364,2090
HO14378,chr2,105336810,105338254,1444
HO14379,chr2,105369640,105370394,754
HO14380,chr2,105398002,105399433,1431
HO14381,chr2,105409362,105410305,943
HO14382,chr2,105437656,105439681,2025
HO14383,chr2,105576191,105577415,1224
HO14384,chr2,105591953,105592999,1046
HO14385,chr2,105617683,105618430,747
HO14386,chr2,105697396,105698565,1169
HO14387,chr2,105743776,105745784,2008
HO14388,chr2,105768916,105769830,914
HO14389,chr2,105811582,105813193,1611
HO14390,chr2,105918675,105919972,1297
HO14391,chr2,105924205,105925763,1558
HO14392,chr2,105928304,105929035,731
HO14393,chr2,105937086,105938198,1112
HO14394,chr2,106065013,106066721,1708
HO14395,chr2,106149749,106150644,895
HO14396,chr2,106192845,106194810,1965
HO14397,chr2,106310416,106311289,873
HO14398,chr2,106581419,106582861,1442
HO14399,chr2,106885107,106887688,2581
HO14400,chr2,107304691,107306427,1736
HO14401,chr2,108377100,108378656,1556
HO14402,chr2,108448212,108449999,1787
HO14403,chr2,108533391,108535452,2061
HO14404,chr2,108636106,108638044,1938
HO14405,chr2,108718711,108720023,1312
HO14406,chr2,108785929,108787238,1309
HO14407,chr2,109014105,109014848,743
HO14408,chr2,109031192,109032772,1580
HO14409,chr2,109127908,109130743,2835
HO14410,chr2,109612996,109615284,2288
HO14411,chr2,109690319,109691600,1281
HO14412,chr2,109698808,109701130,2322
HO14413,chr2,110100856,110102304,1448
HO14414,chr2,110204301,110205348,1047
HO14415,chr2,110211692,110212892,1200
HO14416,chr2,110674584,110675536,952
HO14417,chr2,110677646,110679803,2157
HO14418,chr2,110694548,110695528,980
HO14419,chr2,110732036,110733530,1494
HO14420,chr2,111116866,111117327,461
HO14421,chr2,111120217,111121614,1397
HO14422,chr2,111121842,111123390,1548
HO14423,chr2,111184880,111186102,1222
HO14424,chr2,111883491,111884820,1329
HO14425,chr2,111897486,111899582,2096
HO14426,chr2,111926549,111928124,1575
HO14427,chr2,112053871,112056656,2785
HO14428,chr2,112254312,112255280,968
HO14429,chr2,112259242,112259809,567
HO14430,chr2,112275020,112276442,1422
HO14431,chr2,112480619,112483410,2791
HO14432,chr2,112541314,112542959,1645
HO14433,chr2,112583481,112585161,1680
HO14434,chr2,112626444,112627675,1231
HO14435,chr2,112644986,112646620,1634
HO14436,chr2,112712586,112713875,1289
HO14437,chr2,112726398,112727090,692
HO14438,chr2,112763690,112765273,1583
HO14439,chr2,112812619,112813957,1338
HO14440,chr2,113156743,113158598,1855
HO14441,chr2,113166867,113167842,975
HO14442,chr2,113185422,113186227,805
HO14443,chr2,113198503,113199498,995
HO14444,chr2,113203891,113204475,584
HO14445,chr2,113217351,113218795,1444
HO14446,chr2,113233651,113234451,800
HO14447,chr2,113234995,113235841,846
HO14448,chr2,113283679,113284449,770
HO14449,chr2,113323917,113325752,1835
HO14450,chr2,113502143,113504051,1908
HO14451,chr2,113540980,113542410,1430
HO14452,chr2,113583284,113584205,921
HO14453,chr2,113602005,113604466,2461
HO14454,chr2,113626652,113627553,901
HO14455,chr2,113755028,113757272,2244
HO14456,chr2,113794744,113796016,1272
HO14457,chr2,113811494,113812786,1292
HO14458,chr2,113817677,113819003,1326
HO14459,chr2,113889061,113891186,2125
HO14460,chr2,113895957,113897241,1284
HO14461,chr2,113977415,113978599,1184
HO14462,chr2,114212718,114213661,943
HO14463,chr2,114661608,114662860,1252
HO14464,chr2,115160703,115162537,1834
HO14465,chr2,116087688,116088869,1181
HO14466,chr2,116935056,116936080,1024
HO14467,chr2,117086630,117088439,1809
HO14468,chr2,117814091,117815278,1187
HO14469,chr2,117835629,117836797,1168
HO14470,chr2,118012847,118014766,1919
HO14471,chr2,118087791,118089849,2058
HO14472,chr2,118185122,118186794,1672
HO14473,chr2,118855392,118856142,750
HO14474,chr2,119011259,119011959,700
HO14475,chr2,119049824,119051173,1349
HO14476,chr2,119158037,119159130,1093
HO14477,chr2,119223031,119224531,1500
HO14478,chr2,119365830,119367892,2062
HO14479,chr2,119431216,119432771,1555
HO14480,chr2,119543935,119545428,1493
HO14481,chr2,119677971,119679490,1519
HO14482,chr2,119683684,119684613,929
HO14483,chr2,119759240,119761203,1963
HO14484,chr2,119853561,119854320,759
HO14485,chr2,120012490,120013764,1274
HO14486,chr2,120222765,120223899,1134
HO14487,chr2,120226829,120228069,1240
HO14488,chr2,120251944,120253852,1908
HO14489,chr2,120291200,120292539,1339
HO14490,chr2,120312600,120314245,1645
HO14491,chr2,120343079,120345729,2650
HO14492,chr2,120366912,120368251,1339
HO14493,chr2,120375538,120376791,1253
HO14494,chr2,120388278,120389755,1477
HO14495,chr2,120395109,120396562,1453
HO14496,chr2,120417196,120419648,2452
HO14497,chr2,120441687,120443554,1867
HO14498,chr2,120465331,120466985,1654
HO14499,chr2,120552611,120553506,895
HO14500,chr2,120586494,120587921,1427
HO14501,chr2,120660523,120662443,1920
HO14502,chr2,120670332,120671480,1148
HO14503,chr2,120695363,120696122,759
HO14504,chr2,120734950,120737835,2885
HO14505,chr2,120740773,120742429,1656
HO14506,chr2,120757351,120759071,1720
HO14507,chr2,120765099,120766607,1508
HO14508,chr2,120779637,120781078,1441
HO14509,chr2,120817802,120819130,1328
HO14510,chr2,120819888,120821350,1462
HO14511,chr2,120866923,120868360,1437
HO14512,chr2,120886488,120887938,1450
HO14513,chr2,120912015,120913156,1141
HO14514,chr2,120914576,120915936,1360
HO14515,chr2,120932236,120933180,944
HO14516,chr2,120934286,120936035,1749
HO14517,chr2,120937431,120938780,1349
HO14518,chr2,121018278,121019399,1121
HO14519,chr2,121185003,121186209,1206
HO14520,chr2,121284180,121285586,1406
HO14521,chr2,121376428,121377565,1137
HO14522,chr2,121529643,121531624,1981
HO14523,chr2,121595139,121597060,1921
HO14524,chr2,121648252,121650691,2439
HO14525,chr2,121736086,121737374,1288
HO14526,chr2,121754919,121756182,1263
HO14527,chr2,122205066,122206053,987
HO14528,chr2,126776323,126777686,1363
HO14529,chr2,126971225,126972475,1250
HO14530,chr2,127024416,127026034,1618
HO14531,chr2,127086855,127088085,1230
HO14532,chr2,127105257,127107762,2505
HO14533,chr2,127218647,127220478,1831
HO14534,chr2,127293263,127294633,1370
HO14535,chr2,127386821,127388666,1845
HO14536,chr2,127397548,127398688,1140
HO14537,chr2,127407457,127408867,1410
HO14538,chr2,127415644,127416703,1059
HO14539,chr2,127422490,127424098,1608
HO14540,chr2,127525480,127527280,1800
HO14541,chr2,127637335,127638657,1322
HO14542,chr2,127649624,127650951,1327
HO14543,chr2,127663025,127664900,1875
HO14544,chr2,127674078,127676286,2208
HO14545,chr2,127682814,127684299,1485
HO14546,chr2,127695132,127696269,1137
HO14547,chr2,127700488,127702428,1940
HO14548,chr2,127762564,127764094,1530
HO14549,chr2,127810047,127811698,1651
HO14550,chr2,127857392,127858425,1033
HO14551,chr2,127884453,127886803,2350
HO14552,chr2,128026513,128028832,2319
HO14553,chr2,128057061,128058625,1564
HO14554,chr2,128090404,128092032,1628
HO14555,chr2,128232557,128233855,1298
HO14556,chr2,128304729,128305880,1151
HO14557,chr2,128318691,128319406,715
HO14558,chr2,128321556,128323208,1652
HO14559,chr2,128347269,128348961,1692
HO14560,chr2,128378361,128379765,1404
HO14561,chr2,128494032,128495420,1388
HO14562,chr2,128560254,128561047,793
HO14563,chr2,128736185,128737430,1245
HO14564,chr2,128745995,128746871,876
HO14565,chr2,129819901,129821909,2008
HO14566,chr2,129865741,129866706,965
HO14567,chr2,129876849,129878651,1802
HO14568,chr2,129922633,129924113,1480
HO14569,chr2,129979270,129980133,863
HO14570,chr2,130143407,130145438,2031
HO14571,chr2,130155661,130156385,724
HO14572,chr2,130180818,130182505,1687
HO14573,chr2,130183297,130184350,1053
HO14574,chr2,130332153,130332893,740
HO14575,chr2,130341640,130343434,1794
HO14576,chr2,130355215,130356644,1429
HO14577,chr2,130371662,130373030,1368
HO14578,chr2,130390429,130392241,1812
HO14579,chr2,130726747,130728472,1725
HO14580,chr2,130755296,130756716,1420
HO14581,chr2,130797255,130799218,1963
HO14582,chr2,130836312,130837553,1241
HO14583,chr2,130963087,130964836,1749
HO14584,chr2,131034048,131035620,1572
HO14585,chr2,131092603,131093943,1340
HO14586,chr2,131104463,131106742,2279
HO14587,chr2,131153636,131154494,858
HO14588,chr2,131363622,131364467,845
HO14589,chr2,131491947,131493879,1932
HO14590,chr2,131527232,131529469,2237
HO14591,chr2,131554105,131555053,948
HO14592,chr2,131672096,131674525,2429
HO14593,chr2,131681716,131683405,1689
HO14594,chr2,131801107,131802886,1779
HO14595,chr2,132037139,132038910,1771
HO14596,chr2,132256307,132258232,1925
HO14597,chr2,132267156,132269076,1920
HO14598,chr2,132304211,132305298,1087
HO14599,chr2,132346886,132347737,851
HO14600,chr2,132352282,132353821,1539
HO14601,chr2,132415569,132416888,1319
HO14602,chr2,132563372,132564697,1325
HO14603,chr2,132667756,132671724,3968
HO14604,chr2,132814366,132815166,800
HO14605,chr2,132883161,132884441,1280
HO14606,chr2,132911516,132912374,858
HO14607,chr2,133264914,133267537,2623
HO14608,chr2,133567003,133568948,1945
HO14609,chr2,133828977,133830840,1863
HO14610,chr2,133951945,133952941,996
HO14611,chr2,134119502,134121656,2154
HO14612,chr2,134143318,134144400,1082
HO14613,chr2,134160353,134161595,1242
HO14614,chr2,134450521,134451215,694
HO14615,chr2,134460182,134461073,891
HO14616,chr2,134717746,134719584,1838
HO14617,chr2,134726491,134728176,1685
HO14618,chr2,134763184,134764827,1643
HO14619,chr2,134917481,134919599,2118
HO14620,chr2,135051709,135053310,1601
HO14621,chr2,135530070,135532191,2121
HO14622,chr2,135727913,135729456,1543
HO14623,chr2,135741205,135742763,1558
HO14624,chr2,135875449,135876764,1315
HO14625,chr2,135984431,135986138,1707
HO14626,chr2,136024688,136026036,1348
HO14627,chr2,136116076,136118703,2627
HO14628,chr2,136243624,136244723,1099
HO14629,chr2,136423147,136424144,997
HO14630,chr2,136764396,136766392,1996
HO14631,chr2,136961672,136963135,1463
HO14632,chr2,137963546,137965384,1838
HO14633,chr2,138501037,138502744,1707
HO14634,chr2,138779170,138781075,1905
HO14635,chr2,140204501,140205573,1072
HO14636,chr2,142129848,142131713,1865
HO14637,chr2,143936504,143937889,1385
HO14638,chr2,144331148,144333098,1950
HO14639,chr2,144362164,144362995,831
HO14640,chr2,144426295,144427585,1290
HO14641,chr2,144510227,144510976,749
HO14642,chr2,144513624,144514044,420
HO14643,chr2,144515532,144517756,2224
HO14644,chr2,144519979,144520718,739
HO14645,chr2,144523229,144524755,1526
HO14646,chr2,146881780,146882755,975
HO14647,chr2,147843565,147845754,2189
HO14648,chr2,148019980,148021938,1958
HO14649,chr2,148509088,148509822,734
HO14650,chr2,148643962,148646331,2369
HO14651,chr2,148811736,148812897,1161
HO14652,chr2,148874689,148876063,1374
HO14653,chr2,148876190,148877705,1515
HO14654,chr2,148925873,148927388,1515
HO14655,chr2,149037938,149039336,1398
HO14656,chr2,149329548,149331308,1760
HO14657,chr2,149586615,149588092,1477
HO14658,chr2,150296374,150297398,1024
HO14659,chr2,150484556,150487892,3336
HO14660,chr2,151260597,151262213,1616
HO14661,chr2,151288939,151290570,1631
HO14662,chr2,151408682,151410798,2116
HO14663,chr2,151826707,151828911,2204
HO14664,chr2,152025366,152026246,880
HO14665,chr2,152042656,152043531,875
HO14666,chr2,152093077,152093844,767
HO14667,chr2,152097253,152099763,2510
HO14668,chr2,152174917,152176534,1617
HO14669,chr2,152334749,152337403,2654
HO14670,chr2,152412874,152413793,919
HO14671,chr2,152414497,152415589,1092
HO14672,chr2,152462337,152463220,883
HO14673,chr2,152470724,152472052,1328
HO14674,chr2,152542480,152543718,1238
HO14675,chr2,152716874,152719185,2311
HO14676,chr2,153476560,153480044,3484
HO14677,chr2,153871224,153873522,2298
HO14678,chr2,154696881,154699430,2549
HO14679,chr2,156319498,156320871,1373
HO14680,chr2,156331882,156335112,3230
HO14681,chr2,156335418,156335845,427
HO14682,chr2,156340964,156343155,2191
HO14683,chr2,156399796,156401316,1520
HO14684,chr2,156435304,156437032,1728
HO14685,chr2,157627707,157629454,1747
HO14686,chr2,157837565,157839714,2149
HO14687,chr2,157874906,157876958,2052
HO14688,chr2,158456115,158458432,2317
HO14689,chr2,158685592,158686697,1105
HO14690,chr2,158744972,158745964,992
HO14691,chr2,158753450,158754378,928
HO14692,chr2,158953201,158954791,1590
HO14693,chr2,158967212,158970360,3148
HO14694,chr2,159285747,159287416,1669
HO14695,chr2,159614779,159616767,1988
HO14696,chr2,159711742,159713284,1542
HO14697,chr2,159797026,159798628,1602
HO14698,chr2,159872177,159873671,1494
HO14699,chr2,159903422,159905237,1815
HO14700,chr2,160061784,160063626,1842
HO14701,chr2,160269416,160270990,1574
HO14702,chr2,160406672,160408443,1771
HO14703,chr2,160491786,160494689,2903
HO14704,chr2,161062366,161064039,1673
HO14705,chr2,161159892,161161582,1690
HO14706,chr2,161236860,161239703,2843
HO14707,chr2,161307860,161308889,1029
HO14708,chr2,161414126,161415078,952
HO14709,chr2,161423262,161424273,1011
HO14710,chr2,162073128,162074711,1583
HO14711,chr2,162317786,162319281,1495
HO14712,chr2,162343550,162344847,1297
HO14713,chr2,162995450,162996163,713
HO14714,chr2,163092543,163093427,884
HO14715,chr2,163347701,163349336,1635
HO14716,chr2,163734879,163737222,2343
HO14717,chr2,164620521,164622006,1485
HO14718,chr2,164839957,164842390,2433
HO14719,chr2,165067699,165068538,839
HO14720,chr2,165469103,165469836,733
HO14721,chr2,165793177,165795004,1827
HO14722,chr2,165952691,165954343,1652
HO14723,chr2,166375136,166376635,1499
HO14724,chr2,166493633,166494759,1126
HO14725,chr2,167292192,167294780,2588
HO14726,chr2,167733524,167734371,847
HO14727,chr2,168180209,168181796,1587
HO14728,chr2,168246163,168248274,2111
HO14729,chr2,168346638,168347484,846
HO14730,chr2,168455617,168457491,1874
HO14731,chr2,168802000,168803485,1485
HO14732,chr2,168803864,168804653,789
HO14733,chr2,168812315,168813448,1133
HO14734,chr2,168849002,168850114,1112
HO14735,chr2,168889761,168890747,986
HO14736,chr2,169119088,169120258,1170
HO14737,chr2,169348108,169349042,934
HO14738,chr2,169361578,169362983,1405
HO14739,chr2,169363440,169364974,1534
HO14740,chr2,169478936,169480135,1199
HO14741,chr2,169572933,169574113,1180
HO14742,chr2,169583982,169586020,2038
HO14743,chr2,169693354,169694905,1551
HO14744,chr2,169715262,169717517,2255
HO14745,chr2,169732900,169734776,1876
HO14746,chr2,169789640,169790312,672
HO14747,chr2,169798323,169799875,1552
HO14748,chr2,169824215,169825133,918
HO14749,chr2,169827080,169828782,1702
HO14750,chr2,169839588,169840867,1279
HO14751,chr2,170713693,170714802,1109
HO14752,chr2,170715077,170716037,960
HO14753,chr2,170769972,170771583,1611
HO14754,chr2,170816511,170818046,1535
HO14755,chr2,170822114,170823916,1802
HO14756,chr2,170872821,170873708,887
HO14757,chr2,170928460,170930513,2053
HO14758,chr2,170973032,170974511,1479
HO14759,chr2,171158943,171161412,2469
HO14760,chr2,171267516,171268653,1137
HO14761,chr2,171433150,171434892,1742
HO14762,chr2,171521479,171523941,2462
HO14763,chr2,171687038,171688550,1512
HO14764,chr2,171855044,171855737,693
HO14765,chr2,171893239,171894705,1466
HO14766,chr2,171921811,171923556,1745
HO14767,chr2,171999209,172000426,1217
HO14768,chr2,172084257,172085837,1580
HO14769,chr2,172094680,172096233,1553
HO14770,chr2,172101977,172103184,1207
HO14771,chr2,172172093,172173327,1234
HO14772,chr2,172230503,172231303,800
HO14773,chr2,172234381,172235678,1297
HO14774,chr2,172341715,172343291,1576
HO14775,chr2,172427084,172429790,2706
HO14776,chr2,172555302,172556765,1463
HO14777,chr2,172734648,172736697,2049
HO14778,chr2,173075285,173077237,1952
HO14779,chr2,173354165,173355954,1789
HO14780,chr2,173963315,173966031,2716
HO14781,chr2,174247602,174249069,1467
HO14782,chr2,174335773,174337759,1986
HO14783,chr2,174341373,174342225,852
HO14784,chr2,174395126,174396423,1297
HO14785,chr2,174485780,174487800,2020
HO14786,chr2,174681653,174683778,2125
HO14787,chr2,174771070,174772481,1411
HO14788,chr2,175004367,175005846,1479
HO14789,chr2,175167082,175168848,1766
HO14790,chr2,175180608,175181960,1352
HO14791,chr2,176001137,176002920,1783
HO14792,chr2,176097186,176097909,723
HO14793,chr2,176115929,176116856,927
HO14794,chr2,176121689,176123859,2170
HO14795,chr2,176128612,176131073,2461
HO14796,chr2,176135615,176137185,1570
HO14797,chr2,176139683,176141068,1385
HO14798,chr2,176174378,176175832,1454
HO14799,chr2,176177731,176178851,1120
HO14800,chr2,176187426,176189971,2545
HO14801,chr2,176268883,176270232,1349
HO14802,chr2,176489839,176491657,1818
HO14803,chr2,176553500,176554774,1274
HO14804,chr2,176636974,176638527,1553
HO14805,chr2,177147901,177149244,1343
HO14806,chr2,177164304,177166603,2299
HO14807,chr2,177211842,177213469,1627
HO14808,chr2,177263208,177265576,2368
HO14809,chr2,177355304,177356312,1008
HO14810,chr2,177392175,177393430,1255
HO14811,chr2,177552103,177553757,1654
HO14812,chr2,177597320,177599523,2203
HO14813,chr2,177618155,177619266,1111
HO14814,chr2,177753400,177755219,1819
HO14815,chr2,178072136,178073359,1223
HO14816,chr2,178112019,178113286,1267
HO14817,chr2,178193590,178195490,1900
HO14818,chr2,178413210,178415023,1813
HO14819,chr2,178449892,178451999,2107
HO14820,chr2,178478115,178479342,1227
HO14821,chr2,178479923,178481151,1228
HO14822,chr2,178522521,178523986,1465
HO14823,chr2,179263057,179265431,2374
HO14824,chr2,179272372,179274041,1669
HO14825,chr2,179860079,179862043,1964
HO14826,chr2,180006278,180007565,1287
HO14827,chr2,180374426,180375164,738
HO14828,chr2,180979740,180981552,1812
HO14829,chr2,181456616,181458314,1698
HO14830,chr2,181656222,181657779,1557
HO14831,chr2,181760192,181761694,1502
HO14832,chr2,181891155,181892902,1747
HO14833,chr2,182715350,182716838,1488
HO14834,chr2,182865945,182867795,1850
HO14835,chr2,183037050,183039062,2012
HO14836,chr2,183078184,183079683,1499
HO14837,chr2,183123605,183125106,1501
HO14838,chr2,184597090,184599144,2054
HO14839,chr2,185738221,185739278,1057
HO14840,chr2,186187872,186189074,1202
HO14841,chr2,186485312,186487322,2010
HO14842,chr2,186589184,186591410,2226
HO14843,chr2,186595124,186595559,435
HO14844,chr2,186693532,186694829,1297
HO14845,chr2,186848527,186849807,1280
HO14846,chr2,186927503,186928994,1491
HO14847,chr2,187447315,187448724,1409
HO14848,chr2,188291126,188293229,2103
HO14849,chr2,189440459,189441946,1487
HO14850,chr2,189580112,189582171,2059
HO14851,chr2,189612692,189614343,1651
HO14852,chr2,189660865,189662225,1360
HO14853,chr2,189673718,189675101,1383
HO14854,chr2,189762114,189763502,1388
HO14855,chr2,189783315,189784921,1606
HO14856,chr2,190179934,190181347,1413
HO14857,chr2,190318937,190320195,1258
HO14858,chr2,190342969,190344548,1579
HO14859,chr2,190407341,190409146,1805
HO14860,chr2,190468565,190470162,1597
HO14861,chr2,190533813,190535149,1336
HO14862,chr2,190637143,190638654,1511
HO14863,chr2,190647833,190650197,2364
HO14864,chr2,190678114,190679219,1105
HO14865,chr2,190880066,190882329,2263
HO14866,chr2,191013439,191014729,1290
HO14867,chr2,191019991,191021200,1209
HO14868,chr2,191150188,191151418,1230
HO14869,chr2,191244909,191246519,1610
HO14870,chr2,191677133,191679023,1890
HO14871,chr2,191706968,191708084,1116
HO14872,chr2,192194125,192196172,2047
HO14873,chr2,195612265,195613423,1158
HO14874,chr2,195656477,195658388,1911
HO14875,chr2,196067940,196069219,1279
HO14876,chr2,196170165,196172171,2006
HO14877,chr2,196488413,196489691,1278
HO14878,chr2,196591538,196593818,2280
HO14879,chr2,196639083,196640095,1012
HO14880,chr2,196798973,196799917,944
HO14881,chr2,196925551,196927642,2091
HO14882,chr2,197309467,197311281,1814
HO14883,chr2,197434479,197435824,1345
HO14884,chr2,197452687,197454269,1582
HO14885,chr2,197483916,197485795,1879
HO14886,chr2,197498718,197500706,1988
HO14887,chr2,197514837,197516794,1957
HO14888,chr2,197704704,197706273,1569
HO14889,chr2,197785782,197786865,1083
HO14890,chr2,197804023,197805732,1709
HO14891,chr2,199458263,199460069,1806
HO14892,chr2,199798501,199799566,1065
HO14893,chr2,199850308,199851590,1282
HO14894,chr2,199910668,199912155,1487
HO14895,chr2,199954625,199956457,1832
HO14896,chr2,200305793,200307776,1983
HO14897,chr2,200397941,200398896,955
HO14898,chr2,200509148,200510516,1368
HO14899,chr2,200525584,200526692,1108
HO14900,chr2,200585460,200586732,1272
HO14901,chr2,200712823,200713715,892
HO14902,chr2,200810643,200812754,2111
HO14903,chr2,200863187,200865423,2236
HO14904,chr2,200888095,200890092,1997
HO14905,chr2,200901377,200901821,444
HO14906,chr2,200962863,200964235,1372
HO14907,chr2,201070863,201072212,1349
HO14908,chr2,201115829,201117656,1827
HO14909,chr2,201118209,201119142,933
HO14910,chr2,201123743,201124406,663
HO14911,chr2,201125274,201127377,2103
HO14912,chr2,201157676,201158701,1025
HO14913,chr2,201257417,201258923,1506
HO14914,chr2,201450896,201452355,1459
HO14915,chr2,201618767,201619612,845
HO14916,chr2,201642139,201643661,1522
HO14917,chr2,201780064,201782130,2066
HO14918,chr2,201984391,201985760,1369
HO14919,chr2,202032348,202035072,2724
HO14920,chr2,202237565,202239004,1439
HO14921,chr2,202264708,202266265,1557
HO14922,chr2,202362930,202364193,1263
HO14923,chr2,202374958,202377704,2746
HO14924,chr2,202421037,202421761,724
HO14925,chr2,202494032,202495139,1107
HO14926,chr2,202634226,202636237,2011
HO14927,chr2,202870514,202872161,1647
HO14928,chr2,202911163,202912554,1391
HO14929,chr2,203013750,203015558,1808
HO14930,chr2,203238366,203240138,1772
HO14931,chr2,203253048,203254116,1068
HO14932,chr2,203327590,203329482,1892
HO14933,chr2,203533871,203535917,2046
HO14934,chr2,203887113,203888448,1335
HO14935,chr2,204544696,204546270,1574
HO14936,chr2,205681857,205682870,1013
HO14937,chr2,205684869,205686919,2050
HO14938,chr2,205925277,205926229,952
HO14939,chr2,206084182,206086397,2215
HO14940,chr2,206158658,206160317,1659
HO14941,chr2,206193138,206194606,1468
HO14942,chr2,206273939,206275838,1899
HO14943,chr2,206442628,206444418,1790
HO14944,chr2,206764683,206766090,1407
HO14945,chr2,207163955,207167367,3412
HO14946,chr2,207238985,207240514,1529
HO14947,chr2,207257904,207259211,1307
HO14948,chr2,207309775,207311109,1334
HO14949,chr2,207528949,207530960,2011
HO14950,chr2,207624179,207626466,2287
HO14951,chr2,207710702,207712491,1789
HO14952,chr2,207767909,207770442,2533
HO14953,chr2,207812292,207814221,1929
HO14954,chr2,208024863,208026139,1276
HO14955,chr2,208253976,208255630,1654
HO14956,chr2,208256635,208257694,1059
HO14957,chr2,208265025,208266984,1959
HO14958,chr2,208406350,208407998,1648
HO14959,chr2,209423396,209425322,1926
HO14960,chr2,209451028,209452455,1427
HO14961,chr2,209771138,209772568,1430
HO14962,chr2,209933372,209934634,1262
HO14963,chr2,210001950,210003111,1161
HO14964,chr2,210169954,210172220,2266
HO14965,chr2,210224440,210225595,1155
HO14966,chr2,210476173,210477204,1031
HO14967,chr2,212428522,212429551,1029
HO14968,chr2,212451377,212452698,1321
HO14969,chr2,212535948,212539542,3594
HO14970,chr2,213151244,213152574,1330
HO14971,chr2,213283733,213284895,1162
HO14972,chr2,214328501,214329574,1073
HO14973,chr2,214808715,214810377,1662
HO14974,chr2,215311418,215312681,1263
HO14975,chr2,215435017,215437220,2203
HO14976,chr2,216012061,216013827,1766
HO14977,chr2,216081128,216082418,1290
HO14978,chr2,216108967,216109733,766
HO14979,chr2,216114327,216115553,1226
HO14980,chr2,216371138,216372615,1477
HO14981,chr2,216411805,216413051,1246
HO14982,chr2,216498056,216499454,1398
HO14983,chr2,216534740,216535968,1228
HO14984,chr2,216632753,216634291,1538
HO14985,chr2,216691895,216693556,1661
HO14986,chr2,216801985,216803130,1145
HO14987,chr2,216849657,216851354,1697
HO14988,chr2,216880088,216881315,1227
HO14989,chr2,217433378,217434859,1481
HO14990,chr2,217621856,217623256,1400
HO14991,chr2,217827297,217828256,959
HO14992,chr2,217856657,217859470,2813
HO14993,chr2,217920761,217921635,874
HO14994,chr2,217942976,217944501,1525
HO14995,chr2,217978229,217979700,1471
HO14996,chr2,217987828,217989115,1287
HO14997,chr2,218009885,218011617,1732
HO14998,chr2,218033715,218035185,1470
HO14999,chr2,218216367,218218151,1784
HO15000,chr2,218237894,218239167,1273
HO15001,chr2,218269451,218271030,1579
HO15002,chr2,218272501,218273172,671
HO15003,chr2,218286284,218287448,1164
HO15004,chr2,218291621,218292761,1140
HO15005,chr2,218310876,218312578,1702
HO15006,chr2,218322319,218324491,2172
HO15007,chr2,218355841,218358169,2328
HO15008,chr2,218367095,218368188,1093
HO15009,chr2,218387003,218388225,1222
HO15010,chr2,218395703,218397101,1398
HO15011,chr2,218397709,218398213,504
HO15012,chr2,218398268,218398793,525
HO15013,chr2,218399024,218400395,1371
HO15014,chr2,218405433,218407669,2236
HO15015,chr2,218563030,218563704,674
HO15016,chr2,218567744,218569421,1677
HO15017,chr2,218658557,218660065,1508
HO15018,chr2,218671205,218672579,1374
HO15019,chr2,218710220,218711736,1516
HO15020,chr2,218745575,218746551,976
HO15021,chr2,218780874,218782811,1937
HO15022,chr2,218814020,218815595,1575
HO15023,chr2,218859026,218860453,1427
HO15024,chr2,218860677,218861309,632
HO15025,chr2,218861733,218862344,611
HO15026,chr2,218867794,218868627,833
HO15027,chr2,218879911,218880858,947
HO15028,chr2,218892314,218893303,989
HO15029,chr2,218896322,218897441,1119
HO15030,chr2,218897551,218898734,1183
HO15031,chr2,218908519,218909550,1031
HO15032,chr2,218959165,218959960,795
HO15033,chr2,218962825,218963574,749
HO15034,chr2,218979747,218980368,621
HO15035,chr2,218981609,218982507,898
HO15036,chr2,218995856,218996475,619
HO15037,chr2,219001400,219003465,2065
HO15038,chr2,219057384,219058331,947
HO15039,chr2,219124109,219126150,2041
HO15040,chr2,219159760,219161041,1281
HO15041,chr2,219167691,219168883,1192
HO15042,chr2,219176136,219178798,2662
HO15043,chr2,219206154,219207608,1454
HO15044,chr2,219217668,219219577,1909
HO15045,chr2,219228772,219230480,1708
HO15046,chr2,219244881,219246012,1131
HO15047,chr2,219252783,219255161,2378
HO15048,chr2,219274396,219274936,540
HO15049,chr2,219277514,219278017,503
HO15050,chr2,219278869,219280256,1387
HO15051,chr2,219289301,219290135,834
HO15052,chr2,219294379,219295332,953
HO15053,chr2,219357826,219359233,1407
HO15054,chr2,219387011,219388777,1766
HO15055,chr2,219402707,219403252,545
HO15056,chr2,219417996,219419041,1045
HO15057,chr2,219441346,219442799,1453
HO15058,chr2,219459251,219459916,665
HO15059,chr2,219460227,219461847,1620
HO15060,chr2,219470223,219471684,1461
HO15061,chr2,219475888,219477361,1473
HO15062,chr2,219496551,219499096,2545
HO15063,chr2,219508873,219510489,1616
HO15064,chr2,219520824,219521852,1028
HO15065,chr2,219529793,219530515,722
HO15066,chr2,219541555,219542195,640
HO15067,chr2,219542737,219544538,1801
HO15068,chr2,219551175,219553107,1932
HO15069,chr2,219559244,219561255,2011
HO15070,chr2,219570086,219572497,2411
HO15071,chr2,219574483,219574815,332
HO15072,chr2,219576487,219577422,935
HO15073,chr2,219597151,219598388,1237
HO15074,chr2,219602101,219602920,819
HO15075,chr2,219605028,219605696,668
HO15076,chr2,219608479,219610433,1954
HO15077,chr2,219626471,219628159,1688
HO15078,chr2,219641830,219642876,1046
HO15079,chr2,221103828,221105099,1271
HO15080,chr2,221434699,221435846,1147
HO15081,chr2,221570960,221574190,3230
HO15082,chr2,222318010,222320876,2866
HO15083,chr2,222423600,222425643,2043
HO15084,chr2,222655387,222656754,1367
HO15085,chr2,222671196,222672076,880
HO15086,chr2,222745190,222746922,1732
HO15087,chr2,222859863,222862021,2158
HO15088,chr2,223612600,223613837,1237
HO15089,chr2,223775628,223777025,1397
HO15090,chr2,223836821,223838431,1610
HO15091,chr2,223943426,223945547,2121
HO15092,chr2,223956894,223958039,1145
HO15093,chr2,224038234,224040287,2053
HO15094,chr2,224584129,224586085,1956
HO15095,chr2,225040831,225043125,2294
HO15096,chr2,225894201,225894955,754
HO15097,chr2,226030135,226032444,2309
HO15098,chr2,226790885,226792519,1634
HO15099,chr2,226798320,226800315,1995
HO15100,chr2,226800464,226801656,1192
HO15101,chr2,226835327,226836759,1432
HO15102,chr2,227163480,227165261,1781
HO15103,chr2,227311746,227312483,737
HO15104,chr2,227312653,227313578,925
HO15105,chr2,227324621,227326537,1916
HO15106,chr2,227405556,227407074,1518
HO15107,chr2,227471706,227473294,1588
HO15108,chr2,227765857,227766652,795
HO15109,chr2,228180038,228182154,2116
HO15110,chr2,229129561,229130967,1406
HO15111,chr2,229270739,229271780,1041
HO15112,chr2,229713360,229715545,2185
HO15113,chr2,229920798,229923080,2282
HO15114,chr2,229958216,229959173,957
HO15115,chr2,230066849,230069081,2232
HO15116,chr2,230219284,230220637,1353
HO15117,chr2,230411039,230412340,1301
HO15118,chr2,230712185,230714349,2164
HO15119,chr2,230847573,230848321,748
HO15120,chr2,230864364,230865292,928
HO15121,chr2,230865347,230866271,924
HO15122,chr2,230866684,230867466,782
HO15123,chr2,230877734,230879916,2182
HO15124,chr2,230885517,230887162,1645
HO15125,chr2,230986836,230987605,769
HO15126,chr2,231037135,231039206,2071
HO15127,chr2,231047231,231048103,872
HO15128,chr2,231052465,231053191,726
HO15129,chr2,231056411,231057489,1078
HO15130,chr2,231197768,231199149,1381
HO15131,chr2,231227158,231228056,898
HO15132,chr2,231270050,231271205,1155
HO15133,chr2,231388113,231388983,870
HO15134,chr2,231393087,231393799,712
HO15135,chr2,231394549,231396720,2171
HO15136,chr2,231399276,231401417,2141
HO15137,chr2,231411768,231412790,1022
HO15138,chr2,231451684,231452366,682
HO15139,chr2,231463650,231465481,1831
HO15140,chr2,231482515,231484298,1783
HO15141,chr2,231513881,231515063,1182
HO15142,chr2,231604022,231605294,1272
HO15143,chr2,231612177,231612885,708
HO15144,chr2,231613524,231615402,1878
HO15145,chr2,231661907,231662692,785
HO15146,chr2,231665978,231667205,1227
HO15147,chr2,231677601,231677965,364
HO15148,chr2,231680358,231681644,1286
HO15149,chr2,231706270,231709005,2735
HO15150,chr2,231709356,231709834,478
HO15151,chr2,231710028,231710604,576
HO15152,chr2,231713596,231714349,753
HO15153,chr2,231714901,231715536,635
HO15154,chr2,231780136,231781854,1718
HO15155,chr2,231786024,231786959,935
HO15156,chr2,231924899,231927457,2558
HO15157,chr2,231960960,231962221,1261
HO15158,chr2,232021837,232023661,1824
HO15159,chr2,232386386,232388858,2472
HO15160,chr2,232418681,232421406,2725
HO15161,chr2,232487003,232488394,1391
HO15162,chr2,232501134,232503840,2706
HO15163,chr2,232549982,232551393,1411
HO15164,chr2,232605617,232606503,886
HO15165,chr2,232632730,232635108,2378
HO15166,chr2,232681258,232682000,742
HO15167,chr2,232696682,232698102,1420
HO15168,chr2,232875638,232877236,1598
HO15169,chr2,232890546,232892149,1603
HO15170,chr2,232900751,232902312,1561
HO15171,chr2,232926987,232929401,2414
HO15172,chr2,233251047,233252598,1551
HO15173,chr2,233353578,233355582,2004
HO15174,chr2,233387035,233388604,1569
HO15175,chr2,233409356,233410698,1342
HO15176,chr2,233413216,233414483,1267
HO15177,chr2,233443523,233444398,875
HO15178,chr2,233565691,233566985,1294
HO15179,chr2,233853872,233854975,1103
HO15180,chr2,234090953,234092270,1317
HO15181,chr2,234335289,234336211,922
HO15182,chr2,234495976,234497800,1824
HO15183,chr2,234839889,234841307,1418
HO15184,chr2,234861822,234863850,2028
HO15185,chr2,234916773,234918058,1285
HO15186,chr2,234950685,234953097,2412
HO15187,chr2,234976485,234977583,1098
HO15188,chr2,234980964,234982038,1074
HO15189,chr2,234988688,234989747,1059
HO15190,chr2,234994505,234996997,2492
HO15191,chr2,235005447,235006306,859
HO15192,chr2,235020100,235021175,1075
HO15193,chr2,235087602,235089237,1635
HO15194,chr2,235405982,235407098,1116
HO15195,chr2,235493007,235495341,2334
HO15196,chr2,235660522,235661586,1064
HO15197,chr2,235665695,235666770,1075
HO15198,chr2,235669201,235670090,889
HO15199,chr2,235670222,235671227,1005
HO15200,chr2,236177614,236179731,2117
HO15201,chr2,236567271,236569001,1730
HO15202,chr2,237084971,237086369,1398
HO15203,chr2,237474049,237475920,1871
HO15204,chr2,237486235,237487619,1384
HO15205,chr2,237497447,237498812,1365
HO15206,chr2,237512585,237514720,2135
HO15207,chr2,237571767,237573062,1295
HO15208,chr2,237581556,237582862,1306
HO15209,chr2,237615419,237617670,2251
HO15210,chr2,237626736,237628231,1495
HO15211,chr2,237673026,237674031,1005
HO15212,chr2,237690968,237693073,2105
HO15213,chr2,237732684,237734107,1423
HO15214,chr2,237966206,237967700,1494
HO15215,chr2,238060100,238061891,1791
HO15216,chr2,238166230,238167127,897
HO15217,chr2,238202363,238204139,1776
HO15218,chr2,238231033,238231816,783
HO15219,chr2,238234121,238234777,656
HO15220,chr2,238239090,238241611,2521
HO15221,chr2,238256374,238257018,644
HO15222,chr2,238263086,238264219,1133
HO15223,chr2,238285761,238286865,1104
HO15224,chr2,238287448,238289421,1973
HO15225,chr2,238290120,238290461,341
HO15226,chr2,238299513,238301046,1533
HO15227,chr2,238319770,238321316,1546
HO15228,chr2,238425459,238427664,2205
HO15229,chr2,238846340,238849839,3499
HO15230,chr2,239105991,239107287,1296
HO15231,chr2,239195225,239196231,1006
HO15232,chr2,239222991,239224472,1481
HO15233,chr2,239225331,239226490,1159
HO15234,chr2,239239339,239241060,1721
HO15235,chr2,239301824,239302626,802
HO15236,chr2,239327742,239330251,2509
HO15237,chr2,239399301,239402213,2912
HO15238,chr2,240024738,240026096,1358
HO15239,chr2,240051162,240052121,959
HO15240,chr2,240135651,240136863,1212
HO15241,chr2,240143475,240144166,691
HO15242,chr2,240212667,240215360,2693
HO15243,chr2,240232717,240234124,1407
HO15244,chr2,240236381,240237000,619
HO15245,chr2,240237319,240238040,721
HO15246,chr2,240250785,240252066,1281
HO15247,chr2,240255744,240256565,821
HO15248,chr2,240258178,240260251,2073
HO15249,chr2,240369424,240370484,1060
HO15250,chr2,240373943,240374748,805
HO15251,chr2,240434665,240436933,2268
HO15252,chr2,240437835,240438529,694
HO15253,chr2,240452126,240453224,1098
HO15254,chr2,240557330,240558158,828
HO15255,chr2,240560082,240561419,1337
HO15256,chr2,240565628,240566792,1164
HO15257,chr2,240567585,240569251,1666
HO15258,chr2,240585784,240587453,1669
HO15259,chr2,240603894,240604797,903
HO15260,chr2,240761341,240762513,1172
HO15261,chr2,240774766,240776815,2049
HO15262,chr2,240791567,240793163,1596
HO15263,chr2,240818692,240821400,2708
HO15264,chr2,240831594,240833166,1572
HO15265,chr2,240840108,240840997,889
HO15266,chr2,240926135,240927257,1122
HO15267,chr2,240997309,240999731,2422
HO15268,chr2,241036027,241037007,980
HO15269,chr2,241101193,241103084,1891
HO15270,chr2,241148774,241150954,2180
HO15271,chr2,241217102,241219034,1932
HO15272,chr2,241223382,241225014,1632
HO15273,chr2,241228828,241229580,752
HO15274,chr2,241271620,241273233,1613
HO15275,chr2,241289096,241290127,1031
HO15276,chr2,241314625,241316675,2050
HO15277,chr2,241354680,241355649,969
HO15278,chr2,241355868,241356851,983
HO15279,chr2,241410437,241411428,991
HO15280,chr2,241507278,241509483,2205
HO15281,chr2,241540455,241542142,1687
HO15282,chr2,241558479,241560104,1625
HO15283,chr2,241577249,241578198,949
HO15284,chr2,241609756,241610810,1054
HO15285,chr2,241636074,241638180,2106
HO15286,chr2,241686201,241687604,1403
HO15287,chr2,241701006,241703056,2050
HO15288,chr2,241733940,241735720,1780
HO15289,chr2,241802963,241805105,2142
HO15290,chr2,241881038,241882638,1600
HO15291,chr2,241895724,241896507,783
HO15292,chr2,241901606,241902855,1249
HO15293,chr2,241905888,241907115,1227
HO15294,chr2,242087983,242089266,1283
HO15295,chr20,266233,267370,1137
HO15296,chr20,289838,291918,2080
HO15297,chr20,297026,298801,1775
HO15298,chr20,300338,301673,1335
HO15299,chr20,309419,310867,1448
HO15300,chr20,323953,326459,2506
HO15301,chr20,326738,327615,877
HO15302,chr20,330415,330861,446
HO15303,chr20,346343,348688,2345
HO15304,chr20,353775,354874,1099
HO15305,chr20,380526,382444,1918
HO15306,chr20,407105,408957,1852
HO15307,chr20,417115,418303,1188
HO15308,chr20,430533,431871,1338
HO15309,chr20,461462,463023,1561
HO15310,chr20,542792,544370,1578
HO15311,chr20,609487,610616,1129
HO15312,chr20,652196,653825,1629
HO15313,chr20,675039,676816,1777
HO15314,chr20,727812,728939,1127
HO15315,chr20,738669,739446,777
HO15316,chr20,773737,776157,2420
HO15317,chr20,811497,813737,2240
HO15318,chr20,833057,834441,1384
HO15319,chr20,844070,845085,1015
HO15320,chr20,965391,966532,1141
HO15321,chr20,1117975,1119347,1372
HO15322,chr20,1184614,1186096,1482
HO15323,chr20,1225276,1227062,1786
HO15324,chr20,1265866,1266994,1128
HO15325,chr20,1324796,1326340,1544
HO15326,chr20,1391620,1393509,1889
HO15327,chr20,1466122,1468042,1920
HO15328,chr20,1469876,1470457,581
HO15329,chr20,1776485,1777601,1116
HO15330,chr20,1802136,1803986,1850
HO15331,chr20,1810862,1812062,1200
HO15332,chr20,1827646,1828515,869
HO15333,chr20,1830086,1830674,588
HO15334,chr20,1893969,1895548,1579
HO15335,chr20,1900151,1900843,692
HO15336,chr20,1934752,1936240,1488
HO15337,chr20,1946613,1947638,1025
HO15338,chr20,1965060,1966377,1317
HO15339,chr20,2101460,2103928,2468
HO15340,chr20,2206725,2207995,1270
HO15341,chr20,2255505,2257569,2064
HO15342,chr20,2469742,2471267,1525
HO15343,chr20,2508075,2509655,1580
HO15344,chr20,2524164,2526006,1842
HO15345,chr20,2651704,2653514,1810
HO15346,chr20,2663570,2664748,1178
HO15347,chr20,2678828,2679756,928
HO15348,chr20,2691863,2694268,2405
HO15349,chr20,2749947,2753035,3088
HO15350,chr20,2799314,2801467,2153
HO15351,chr20,2819856,2821898,2042
HO15352,chr20,2839806,2841560,1754
HO15353,chr20,2872191,2874070,1879
HO15354,chr20,3045205,3046893,1688
HO15355,chr20,3158865,3160133,1268
HO15356,chr20,3172853,3174589,1736
HO15357,chr20,3203291,3204824,1533
HO15358,chr20,3208610,3210163,1553
HO15359,chr20,3237779,3240458,2679
HO15360,chr20,3380311,3381181,870
HO15361,chr20,3406369,3409044,2675
HO15362,chr20,3470271,3471739,1468
HO15363,chr20,3676608,3677002,394
HO15364,chr20,3681029,3682455,1426
HO15365,chr20,3749618,3750388,770
HO15366,chr20,3751399,3752565,1166
HO15367,chr20,3766972,3768970,1998
HO15368,chr20,3780994,3781704,710
HO15369,chr20,3785719,3787057,1338
HO15370,chr20,3795251,3796715,1464
HO15371,chr20,3811150,3812316,1166
HO15372,chr20,3818219,3818816,597
HO15373,chr20,3819867,3820985,1118
HO15374,chr20,3824410,3825642,1232
HO15375,chr20,3846065,3847597,1532
HO15376,chr20,3888279,3890052,1773
HO15377,chr20,3908383,3909210,827
HO15378,chr20,4013945,4015995,2050
HO15379,chr20,4085049,4085844,795
HO15380,chr20,4108311,4109019,708
HO15381,chr20,4148282,4150464,2182
HO15382,chr20,4167537,4168543,1006
HO15383,chr20,4170672,4173031,2359
HO15384,chr20,4220988,4222719,1731
HO15385,chr20,4248755,4249889,1134
HO15386,chr20,4592096,4593094,998
HO15387,chr20,4601431,4602387,956
HO15388,chr20,4610503,4611547,1044
HO15389,chr20,4613250,4614683,1433
HO15390,chr20,4686018,4687499,1481
HO15391,chr20,4719895,4721247,1352
HO15392,chr20,4726371,4727351,980
HO15393,chr20,4730332,4731391,1059
HO15394,chr20,4736530,4737709,1179
HO15395,chr20,4760400,4762013,1613
HO15396,chr20,4822078,4824498,2420
HO15397,chr20,4936295,4938064,1769
HO15398,chr20,4972704,4974141,1437
HO15399,chr20,5000261,5002188,1927
HO15400,chr20,5112361,5113619,1258
HO15401,chr20,5119043,5120334,1291
HO15402,chr20,5126179,5128057,1878
HO15403,chr20,5170892,5172178,1286
HO15404,chr20,5222691,5223284,593
HO15405,chr20,5528693,5530191,1498
HO15406,chr20,5609816,5611374,1558
HO15407,chr20,5749845,5751277,1432
HO15408,chr20,5835144,5836548,1404
HO15409,chr20,5910967,5911974,1007
HO15410,chr20,5949712,5951170,1458
HO15411,chr20,6005379,6006743,1364
HO15412,chr20,6051446,6052957,1511
HO15413,chr20,6122037,6123718,1681
HO15414,chr20,6767194,6769084,1890
HO15415,chr20,7360679,7362351,1672
HO15416,chr20,7935803,7936971,1168
HO15417,chr20,7994193,7994797,604
HO15418,chr20,7999678,8000638,960
HO15419,chr20,8018205,8020029,1824
HO15420,chr20,8131432,8133122,1690
HO15421,chr20,8853371,8855781,2410
HO15422,chr20,9067255,9069611,2356
HO15423,chr20,9513993,9515430,1437
HO15424,chr20,9837958,9839427,1469
HO15425,chr20,10034485,10035398,913
HO15426,chr20,10131137,10132807,1670
HO15427,chr20,10171904,10172887,983
HO15428,chr20,10217147,10219805,2658
HO15429,chr20,10433360,10435510,2150
HO15430,chr20,10664206,10665649,1443
HO15431,chr20,10671045,10673021,1976
HO15432,chr20,10673213,10675033,1820
HO15433,chr20,11229480,11230294,814
HO15434,chr20,11844611,11845804,1193
HO15435,chr20,11890284,11892552,2268
HO15436,chr20,13008589,13010306,1717
HO15437,chr20,13219761,13222240,2479
HO15438,chr20,13638204,13639355,1151
HO15439,chr20,13784361,13785701,1340
HO15440,chr20,13936580,13937754,1174
HO15441,chr20,13994887,13996539,1652
HO15442,chr20,14336547,14337896,1349
HO15443,chr20,16572930,16573800,870
HO15444,chr20,16574562,16575730,1168
HO15445,chr20,16729402,16730512,1110
HO15446,chr20,17225833,17227445,1612
HO15447,chr20,17504433,17505759,1326
HO15448,chr20,17530462,17531738,1276
HO15449,chr20,17568899,17571315,2416
HO15450,chr20,17634542,17637024,2482
HO15451,chr20,17643655,17644781,1126
HO15452,chr20,17645937,17647220,1283
HO15453,chr20,17680005,17682875,2870
HO15454,chr20,17710292,17712564,2272
HO15455,chr20,17806273,17807484,1211
HO15456,chr20,17855930,17856560,630
HO15457,chr20,17863433,17864250,817
HO15458,chr20,17873656,17874517,861
HO15459,chr20,17874951,17876456,1505
HO15460,chr20,17882128,17882972,844
HO15461,chr20,17894910,17897182,2272
HO15462,chr20,17967833,17969630,1797
HO15463,chr20,18056117,18058159,2042
HO15464,chr20,18137053,18138433,1380
HO15465,chr20,18287588,18289159,1571
HO15466,chr20,18415953,18417225,1272
HO15467,chr20,18466354,18467930,1576
HO15468,chr20,18496014,18497437,1423
HO15469,chr20,18506824,18508226,1402
HO15470,chr20,18566694,18568024,1330
HO15471,chr20,18587495,18588780,1285
HO15472,chr20,18793485,18794570,1085
HO15473,chr20,19211600,19213540,1940
HO15474,chr20,19551774,19552964,1190
HO15475,chr20,19757121,19759284,2163
HO15476,chr20,19922512,19923277,765
HO15477,chr20,19942680,19943529,849
HO15478,chr20,19973944,19977568,3624
HO15479,chr20,20016740,20018121,1381
HO15480,chr20,20021651,20022325,674
HO15481,chr20,20051715,20052957,1242
HO15482,chr20,20366942,20369872,2930
HO15483,chr20,20711544,20713359,1815
HO15484,chr20,21125128,21126943,1815
HO15485,chr20,21191416,21193205,1789
HO15486,chr20,21235485,21236355,870
HO15487,chr20,21302518,21304132,1614
HO15488,chr20,21395640,21397601,1961
HO15489,chr20,21505063,21506608,1545
HO15490,chr20,22411311,22412124,813
HO15491,chr20,22502542,22504007,1465
HO15492,chr20,22533557,22534589,1032
HO15493,chr20,22582614,22585500,2886
HO15494,chr20,22795325,22796946,1621
HO15495,chr20,23048252,23051514,3262
HO15496,chr20,23349545,23351704,2159
HO15497,chr20,23357722,23358497,775
HO15498,chr20,23359008,23359633,625
HO15499,chr20,23361220,23362891,1671
HO15500,chr20,23400872,23401627,755
HO15501,chr20,23419889,23421894,2005
HO15502,chr20,23606256,23606900,644
HO15503,chr20,23637143,23638619,1476
HO15504,chr20,24468865,24470465,1600
HO15505,chr20,24917915,24919551,1636
HO15506,chr20,24991918,24993191,1273
HO15507,chr20,24994687,24995326,639
HO15508,chr20,25031944,25033496,1552
HO15509,chr20,25053015,25053823,808
HO15510,chr20,25056547,25059477,2930
HO15511,chr20,25080863,25082266,1403
HO15512,chr20,25190999,25192314,1315
HO15513,chr20,25195134,25197040,1906
HO15514,chr20,25247121,25248963,1842
HO15515,chr20,25318415,25319712,1297
HO15516,chr20,25389396,25391216,1820
HO15517,chr20,25407060,25408047,987
HO15518,chr20,25533838,25534582,744
HO15519,chr20,25538903,25540661,1758
HO15520,chr20,25584328,25586026,1698
HO15521,chr20,25622797,25624601,1804
HO15522,chr20,25695814,25697192,1378
HO15523,chr20,25750388,25751617,1229
HO15524,chr20,25853184,25854380,1196
HO15525,chr20,25861328,25861979,651
HO15526,chr20,25862921,25863626,705
HO15527,chr20,25865498,25866033,535
HO15528,chr20,25867882,25868696,814
HO15529,chr20,25986666,25987660,994
HO15530,chr20,26009108,26010809,1701
HO15531,chr20,26207902,26209755,1853
HO15532,chr20,28602218,28603372,1154
HO15533,chr20,30376492,30377663,1171
HO15534,chr20,31445975,31446843,868
HO15535,chr20,31513829,31515135,1306
HO15536,chr20,31546689,31547970,1281
HO15537,chr20,31562661,31563233,572
HO15538,chr20,31572420,31573482,1062
HO15539,chr20,31603952,31604717,765
HO15540,chr20,31604912,31606273,1361
HO15541,chr20,31612593,31613262,669
HO15542,chr20,31661215,31662400,1185
HO15543,chr20,31711845,31713671,1826
HO15544,chr20,31722396,31724142,1746
HO15545,chr20,31738392,31739804,1412
HO15546,chr20,31811809,31812862,1053
HO15547,chr20,31822208,31824472,2264
HO15548,chr20,31833240,31834628,1388
HO15549,chr20,31860329,31862188,1859
HO15550,chr20,31865559,31865952,393
HO15551,chr20,31869430,31871146,1716
HO15552,chr20,31879184,31880451,1267
HO15553,chr20,31917443,31918692,1249
HO15554,chr20,31942524,31943877,1353
HO15555,chr20,31951162,31952327,1165
HO15556,chr20,31967704,31968899,1195
HO15557,chr20,32017785,32019511,1726
HO15558,chr20,32030768,32031787,1019
HO15559,chr20,32091688,32092342,654
HO15560,chr20,32109160,32110429,1269
HO15561,chr20,32154864,32155959,1095
HO15562,chr20,32164665,32166076,1411
HO15563,chr20,32189590,32190827,1237
HO15564,chr20,32206794,32208125,1331
HO15565,chr20,32277076,32278631,1555
HO15566,chr20,32357461,32359537,2076
HO15567,chr20,32362553,32363457,904
HO15568,chr20,32456791,32458012,1221
HO15569,chr20,32462790,32464291,1501
HO15570,chr20,32474502,32476445,1943
HO15571,chr20,32482168,32485486,3318
HO15572,chr20,32521502,32522723,1221
HO15573,chr20,32527149,32528900,1751
HO15574,chr20,32535840,32537327,1487
HO15575,chr20,32538069,32539571,1502
HO15576,chr20,32562012,32562941,929
HO15577,chr20,32582873,32585735,2862
HO15578,chr20,32610377,32611724,1347
HO15579,chr20,32626812,32628303,1491
HO15580,chr20,32631655,32632699,1044
HO15581,chr20,32635790,32637225,1435
HO15582,chr20,32642067,32642924,857
HO15583,chr20,32652492,32653252,760
HO15584,chr20,32672355,32674193,1838
HO15585,chr20,32742345,32744099,1754
HO15586,chr20,32761742,32763551,1809
HO15587,chr20,32791938,32792768,830
HO15588,chr20,32819434,32820827,1393
HO15589,chr20,32950043,32951021,978
HO15590,chr20,32980124,32980864,740
HO15591,chr20,33095624,33096342,718
HO15592,chr20,33309695,33310881,1186
HO15593,chr20,33400583,33402111,1528
HO15594,chr20,33418737,33419867,1130
HO15595,chr20,33441072,33441666,594
HO15596,chr20,33442559,33444623,2064
HO15597,chr20,33456981,33457531,550
HO15598,chr20,33465241,33466075,834
HO15599,chr20,33489367,33490801,1434
HO15600,chr20,33662995,33664082,1087
HO15601,chr20,33666288,33668235,1947
HO15602,chr20,33673510,33675834,2324
HO15603,chr20,33685641,33686830,1189
HO15604,chr20,33719539,33720804,1265
HO15605,chr20,33731329,33732955,1626
HO15606,chr20,33810786,33812126,1340
HO15607,chr20,33833267,33834053,786
HO15608,chr20,33862404,33863439,1035
HO15609,chr20,33909320,33910427,1107
HO15610,chr20,33914877,33916590,1713
HO15611,chr20,33992736,33994653,1917
HO15612,chr20,34023915,34025298,1383
HO15613,chr20,34068956,34070348,1392
HO15614,chr20,34111107,34113090,1983
HO15615,chr20,34127691,34129978,2287
HO15616,chr20,34189956,34191113,1157
HO15617,chr20,34215542,34216456,914
HO15618,chr20,34252021,34253154,1133
HO15619,chr20,34302383,34303614,1231
HO15620,chr20,34311222,34313030,1808
HO15621,chr20,34362828,34364139,1311
HO15622,chr20,34424679,34426328,1649
HO15623,chr20,34515118,34517135,2017
HO15624,chr20,34522877,34523719,842
HO15625,chr20,34524677,34526463,1786
HO15626,chr20,34558025,34559880,1855
HO15627,chr20,34676153,34677630,1477
HO15628,chr20,34703525,34705085,1560
HO15629,chr20,34708570,34710301,1731
HO15630,chr20,34712915,34713946,1031
HO15631,chr20,34824254,34825912,1658
HO15632,chr20,34872383,34873075,692
HO15633,chr20,34874053,34874354,301
HO15634,chr20,34875716,34876965,1249
HO15635,chr20,34954870,34956261,1391
HO15636,chr20,34968241,34969691,1450
HO15637,chr20,34996917,34997726,809
HO15638,chr20,35091733,35093260,1527
HO15639,chr20,35146320,35147897,1577
HO15640,chr20,35171603,35172829,1226
HO15641,chr20,35191342,35192914,1572
HO15642,chr20,35207923,35208745,822
HO15643,chr20,35225229,35227415,2186
HO15644,chr20,35262847,35263843,996
HO15645,chr20,35277179,35278578,1399
HO15646,chr20,35283767,35285353,1586
HO15647,chr20,35303544,35304587,1043
HO15648,chr20,35362834,35363861,1027
HO15649,chr20,35411484,35412524,1040
HO15650,chr20,35437664,35439391,1727
HO15651,chr20,35446715,35447524,809
HO15652,chr20,35454301,35455922,1621
HO15653,chr20,35541114,35542556,1442
HO15654,chr20,35600627,35602066,1439
HO15655,chr20,35615486,35617880,2394
HO15656,chr20,35618935,35619790,855
HO15657,chr20,35663596,35665235,1639
HO15658,chr20,35698206,35699918,1712
HO15659,chr20,35741017,35743454,2437
HO15660,chr20,35771338,35772507,1169
HO15661,chr20,35863642,35864582,940
HO15662,chr20,35883038,35884588,1550
HO15663,chr20,35953425,35955144,1719
HO15664,chr20,36050226,36051291,1065
HO15665,chr20,36064218,36065603,1385
HO15666,chr20,36091651,36094811,3160
HO15667,chr20,36102619,36103579,960
HO15668,chr20,36150681,36151244,563
HO15669,chr20,36153925,36155380,1455
HO15670,chr20,36235828,36237289,1461
HO15671,chr20,36435775,36436565,790
HO15672,chr20,36454420,36455554,1134
HO15673,chr20,36460640,36461990,1350
HO15674,chr20,36462307,36463109,802
HO15675,chr20,36486744,36487618,874
HO15676,chr20,36497198,36498338,1140
HO15677,chr20,36526503,36527944,1441
HO15678,chr20,36540465,36542500,2035
HO15679,chr20,36572601,36575757,3156
HO15680,chr20,36579684,36580611,927
HO15681,chr20,36586781,36587806,1025
HO15682,chr20,36604872,36606329,1457
HO15683,chr20,36623823,36624945,1122
HO15684,chr20,36745315,36746511,1196
HO15685,chr20,36773128,36774550,1422
HO15686,chr20,36821604,36822557,953
HO15687,chr20,36827567,36828527,960
HO15688,chr20,36832960,36833961,1001
HO15689,chr20,36835096,36836324,1228
HO15690,chr20,36856108,36856974,866
HO15691,chr20,36859143,36859675,532
HO15692,chr20,36861662,36862540,878
HO15693,chr20,36862716,36864326,1610
HO15694,chr20,36864699,36865048,349
HO15695,chr20,36865732,36866470,738
HO15696,chr20,36886840,36888116,1276
HO15697,chr20,36950582,36952348,1766
HO15698,chr20,37095043,37097019,1976
HO15699,chr20,37178004,37179913,1909
HO15700,chr20,37192052,37192676,624
HO15701,chr20,37289045,37290149,1104
HO15702,chr20,37309610,37310478,868
HO15703,chr20,37314286,37316752,2466
HO15704,chr20,37335913,37337027,1114
HO15705,chr20,37345578,37346889,1311
HO15706,chr20,37383980,37385101,1121
HO15707,chr20,37526322,37528352,2030
HO15708,chr20,37534120,37534878,758
HO15709,chr20,37693254,37694614,1360
HO15710,chr20,37844832,37845750,918
HO15711,chr20,37914583,37916608,2025
HO15712,chr20,37992540,37993645,1105
HO15713,chr20,38032770,38034254,1484
HO15714,chr20,38258891,38261047,2156
HO15715,chr20,38286456,38288114,1658
HO15716,chr20,38434092,38435558,1466
HO15717,chr20,38446131,38447539,1408
HO15718,chr20,38471354,38473523,2169
HO15719,chr20,38645813,38646616,803
HO15720,chr20,38673714,38675037,1323
HO15721,chr20,38747554,38748986,1432
HO15722,chr20,38804619,38807375,2756
HO15723,chr20,38925752,38927392,1640
HO15724,chr20,38961611,38962862,1251
HO15725,chr20,39049644,39050559,915
HO15726,chr20,40688359,40690438,2079
HO15727,chr20,40990312,40990944,632
HO15728,chr20,41028014,41029885,1871
HO15729,chr20,41136415,41138718,2303
HO15730,chr20,41172163,41173549,1386
HO15731,chr20,41316551,41318122,1571
HO15732,chr20,41339699,41341316,1617
HO15733,chr20,41365732,41367351,1619
HO15734,chr20,41373396,41374841,1445
HO15735,chr20,41392793,41394464,1671
HO15736,chr20,41408827,41409560,733
HO15737,chr20,41524819,41525659,840
HO15738,chr20,41617225,41619640,2415
HO15739,chr20,41643180,41644059,879
HO15740,chr20,41692522,41694156,1634
HO15741,chr20,43456877,43458925,2048
HO15742,chr20,43507104,43508091,987
HO15743,chr20,43513659,43515119,1460
HO15744,chr20,43536495,43537228,733
HO15745,chr20,43590039,43591339,1300
HO15746,chr20,43656825,43658285,1460
HO15747,chr20,43665357,43667915,2558
HO15748,chr20,43690565,43691688,1123
HO15749,chr20,43900035,43900837,802
HO15750,chr20,43903716,43904782,1066
HO15751,chr20,43914229,43916693,2464
HO15752,chr20,44209747,44211431,1684
HO15753,chr20,44219187,44220078,891
HO15754,chr20,44246889,44248514,1625
HO15755,chr20,44309911,44311476,1565
HO15756,chr20,44351424,44352584,1160
HO15757,chr20,44410894,44411801,907
HO15758,chr20,44475336,44476575,1239
HO15759,chr20,44494150,44495365,1215
HO15760,chr20,44521301,44522492,1191
HO15761,chr20,44531234,44532975,1741
HO15762,chr20,44600705,44602335,1630
HO15763,chr20,44609106,44610334,1228
HO15764,chr20,44651068,44652942,1874
HO15765,chr20,44738678,44739403,725
HO15766,chr20,44745355,44746341,986
HO15767,chr20,44746823,44747831,1008
HO15768,chr20,44765268,44766273,1005
HO15769,chr20,44805406,44806526,1120
HO15770,chr20,44810074,44811299,1225
HO15771,chr20,44861377,44862410,1033
HO15772,chr20,44862952,44864179,1227
HO15773,chr20,44884775,44886731,1956
HO15774,chr20,44909305,44910432,1127
HO15775,chr20,44959097,44960791,1694
HO15776,chr20,44965929,44967102,1173
HO15777,chr20,45014614,45016795,2181
HO15778,chr20,45097557,45098791,1234
HO15779,chr20,45292935,45294079,1144
HO15780,chr20,45337079,45338073,994
HO15781,chr20,45341630,45342735,1105
HO15782,chr20,45347323,45348753,1430
HO15783,chr20,45362559,45363702,1143
HO15784,chr20,45372599,45374183,1584
HO15785,chr20,45405511,45407575,2064
HO15786,chr20,45415551,45416621,1070
HO15787,chr20,45436548,45437242,694
HO15788,chr20,45469277,45471395,2118
HO15789,chr20,45791271,45792872,1601
HO15790,chr20,45811797,45813098,1301
HO15791,chr20,45823790,45824687,897
HO15792,chr20,45833289,45834679,1390
HO15793,chr20,45856688,45858049,1361
HO15794,chr20,45880700,45881503,803
HO15795,chr20,45890027,45891844,1817
HO15796,chr20,45910404,45912391,1987
HO15797,chr20,45924210,45926101,1891
HO15798,chr20,45933557,45935679,2122
HO15799,chr20,45945624,45946773,1149
HO15800,chr20,45970943,45972707,1764
HO15801,chr20,45987052,45987758,706
HO15802,chr20,46013495,46015384,1889
HO15803,chr20,46021387,46023174,1787
HO15804,chr20,46089006,46090310,1304
HO15805,chr20,46117577,46118915,1338
HO15806,chr20,46131943,46132979,1036
HO15807,chr20,46138815,46140294,1479
HO15808,chr20,46174051,46175101,1050
HO15809,chr20,46212632,46213287,655
HO15810,chr20,46306875,46308909,2034
HO15811,chr20,46347996,46349362,1366
HO15812,chr20,46356598,46357808,1210
HO15813,chr20,46363493,46364782,1289
HO15814,chr20,46405759,46407328,1569
HO15815,chr20,46410704,46411259,555
HO15816,chr20,46512849,46513828,979
HO15817,chr20,46562158,46563428,1270
HO15818,chr20,46568373,46569222,849
HO15819,chr20,46571860,46572565,705
HO15820,chr20,46682800,46684633,1833
HO15821,chr20,46688808,46690110,1302
HO15822,chr20,46708701,46710246,1545
HO15823,chr20,47303696,47305386,1690
HO15824,chr20,47318088,47320088,2000
HO15825,chr20,47352054,47352960,906
HO15826,chr20,47356570,47358001,1431
HO15827,chr20,47358573,47359730,1157
HO15828,chr20,47360222,47361251,1029
HO15829,chr20,47383766,47384547,781
HO15830,chr20,47492932,47494227,1295
HO15831,chr20,47501196,47503227,2031
HO15832,chr20,47576368,47577066,698
HO15833,chr20,47663587,47664272,685
HO15834,chr20,47757903,47759287,1384
HO15835,chr20,47784467,47786846,2379
HO15836,chr20,48584742,48586533,1791
HO15837,chr20,48620148,48621539,1391
HO15838,chr20,48667916,48669085,1169
HO15839,chr20,48682247,48683789,1542
HO15840,chr20,48690726,48691409,683
HO15841,chr20,48697664,48698589,925
HO15842,chr20,48746801,48748083,1282
HO15843,chr20,48807416,48808693,1277
HO15844,chr20,48817101,48818924,1823
HO15845,chr20,48827032,48828687,1655
HO15846,chr20,48920778,48922506,1728
HO15847,chr20,49045606,49047182,1576
HO15848,chr20,49186596,49188698,2102
HO15849,chr20,49218796,49220071,1275
HO15850,chr20,49277114,49279125,2011
HO15851,chr20,49482415,49483088,673
HO15852,chr20,49483256,49484636,1380
HO15853,chr20,49572523,49573231,708
HO15854,chr20,49608684,49609207,523
HO15855,chr20,49610539,49611495,956
HO15856,chr20,49641563,49642734,1171
HO15857,chr20,49668232,49668989,757
HO15858,chr20,49712349,49714263,1914
HO15859,chr20,49747524,49748452,928
HO15860,chr20,49811758,49813376,1618
HO15861,chr20,49914395,49916123,1728
HO15862,chr20,49935765,49937160,1395
HO15863,chr20,49956710,49957794,1084
HO15864,chr20,49978837,49979531,694
HO15865,chr20,49982068,49983510,1442
HO15866,chr20,50070826,50071645,819
HO15867,chr20,50106991,50108103,1112
HO15868,chr20,50112266,50113417,1151
HO15869,chr20,50115503,50116222,719
HO15870,chr20,50137538,50139122,1584
HO15871,chr20,50152709,50154250,1541
HO15872,chr20,50165425,50166447,1022
HO15873,chr20,50189992,50192556,2564
HO15874,chr20,50242506,50243617,1111
HO15875,chr20,50266763,50268050,1287
HO15876,chr20,50278179,50279275,1096
HO15877,chr20,50308239,50309647,1408
HO15878,chr20,50366327,50367271,944
HO15879,chr20,50509598,50511579,1981
HO15880,chr20,50572901,50573634,733
HO15881,chr20,50635692,50636741,1049
HO15882,chr20,50638156,50638978,822
HO15883,chr20,50645116,50646020,904
HO15884,chr20,50654815,50656079,1264
HO15885,chr20,50677925,50678898,973
HO15886,chr20,50689503,50692547,3044
HO15887,chr20,50730315,50732491,2176
HO15888,chr20,50790314,50791042,728
HO15889,chr20,50794313,50795668,1355
HO15890,chr20,50817794,50818815,1021
HO15891,chr20,50825386,50826492,1106
HO15892,chr20,50848005,50849506,1501
HO15893,chr20,50850714,50851276,562
HO15894,chr20,50861876,50862903,1027
HO15895,chr20,50870314,50871508,1194
HO15896,chr20,50929113,50929714,601
HO15897,chr20,50929961,50932068,2107
HO15898,chr20,50957818,50959603,1785
HO15899,chr20,50987389,50988109,720
HO15900,chr20,51003322,51004259,937
HO15901,chr20,51022433,51023696,1263
HO15902,chr20,51176302,51177415,1113
HO15903,chr20,51426994,51429651,2657
HO15904,chr20,51456264,51457773,1509
HO15905,chr20,51491499,51493259,1760
HO15906,chr20,51541950,51543041,1091
HO15907,chr20,51561550,51564207,2657
HO15908,chr20,51677826,51678744,918
HO15909,chr20,51702250,51703264,1014
HO15910,chr20,51744158,51744902,744
HO15911,chr20,51766727,51769391,2664
HO15912,chr20,52190676,52192670,1994
HO15913,chr20,52971864,52973844,1980
HO15914,chr20,53593064,53594813,1749
HO15915,chr20,53622582,53624502,1920
HO15916,chr20,53735561,53738884,3323
HO15917,chr20,53914361,53916336,1975
HO15918,chr20,54207392,54208922,1530
HO15919,chr20,54474599,54476426,1827
HO15920,chr20,55253449,55254307,858
HO15921,chr20,56358322,56360370,2048
HO15922,chr20,56391357,56393157,1800
HO15923,chr20,56467903,56468958,1055
HO15924,chr20,57350662,57351822,1160
HO15925,chr20,57389005,57391884,2879
HO15926,chr20,57397757,57400098,2341
HO15927,chr20,57409289,57410906,1617
HO15928,chr20,57418159,57419202,1043
HO15929,chr20,57435313,57436169,856
HO15930,chr20,57440533,57441632,1099
HO15931,chr20,57596687,57598842,2155
HO15932,chr20,57708506,57710781,2275
HO15933,chr20,57718375,57719007,632
HO15934,chr20,57748131,57750179,2048
HO15935,chr20,58017168,58018194,1026
HO15936,chr20,58179177,58180067,890
HO15937,chr20,58209406,58210220,814
HO15938,chr20,58227792,58229237,1445
HO15939,chr20,58236613,58237427,814
HO15940,chr20,58308637,58310551,1914
HO15941,chr20,58388604,58390027,1423
HO15942,chr20,58401954,58402759,805
HO15943,chr20,58557601,58559331,1730
HO15944,chr20,58567854,58570134,2280
HO15945,chr20,58611619,58613001,1382
HO15946,chr20,58649539,58652738,3199
HO15947,chr20,58691682,58693671,1989
HO15948,chr20,58888524,58889375,851
HO15949,chr20,58890290,58892742,2452
HO15950,chr20,58906871,58908521,1650
HO15951,chr20,58980702,58982069,1367
HO15952,chr20,59006378,59007547,1169
HO15953,chr20,59016291,59017832,1541
HO15954,chr20,59031743,59033056,1313
HO15955,chr20,59041960,59043408,1448
HO15956,chr20,59170463,59171439,976
HO15957,chr20,59221920,59223607,1687
HO15958,chr20,59455063,59456144,1081
HO15959,chr20,59514629,59515975,1346
HO15960,chr20,59571349,59572466,1117
HO15961,chr20,59932700,59934484,1784
HO15962,chr20,59939407,59941161,1754
HO15963,chr20,61251720,61254458,2738
HO15964,chr20,61643646,61645229,1583
HO15965,chr20,61956067,61957177,1110
HO15966,chr20,61958849,61959629,780
HO15967,chr20,62018945,62020533,1588
HO15968,chr20,62041879,62043820,1941
HO15969,chr20,62063278,62064453,1175
HO15970,chr20,62065103,62067395,2292
HO15971,chr20,62103578,62105356,1778
HO15972,chr20,62121305,62123707,2402
HO15973,chr20,62142499,62144644,2145
HO15974,chr20,62156275,62157360,1085
HO15975,chr20,62182246,62183693,1447
HO15976,chr20,62219094,62221447,2353
HO15977,chr20,62237868,62239224,1356
HO15978,chr20,62274085,62275208,1123
HO15979,chr20,62292954,62293995,1041
HO15980,chr20,62301791,62304181,2390
HO15981,chr20,62364476,62365198,722
HO15982,chr20,62366838,62368378,1540
HO15983,chr20,62376142,62376827,685
HO15984,chr20,62382520,62383025,505
HO15985,chr20,62386279,62387423,1144
HO15986,chr20,62406626,62407802,1176
HO15987,chr20,62409693,62410783,1090
HO15988,chr20,62475185,62476723,1538
HO15989,chr20,62479521,62480005,484
HO15990,chr20,62480205,62480644,439
HO15991,chr20,62481525,62483114,1589
HO15992,chr20,62484990,62485926,936
HO15993,chr20,62486627,62488035,1408
HO15994,chr20,62492656,62494077,1421
HO15995,chr20,62529016,62530690,1674
HO15996,chr20,62550061,62551794,1733
HO15997,chr20,62609217,62610572,1355
HO15998,chr20,62616578,62617211,633
HO15999,chr20,62623056,62624955,1899
HO16000,chr20,62641787,62643582,1795
HO16001,chr20,62651016,62653074,2058
HO16002,chr20,62666295,62667464,1169
HO16003,chr20,62704140,62704995,855
HO16004,chr20,62768340,62769218,878
HO16005,chr20,62791325,62791743,418
HO16006,chr20,62793830,62794715,885
HO16007,chr20,62795002,62795694,692
HO16008,chr20,62796051,62796761,710
HO16009,chr20,62804039,62806300,2261
HO16010,chr20,62815369,62817541,2172
HO16011,chr20,62818102,62819796,1694
HO16012,chr20,62831167,62833362,2195
HO16013,chr20,62860350,62862860,2510
HO16014,chr20,62873547,62874619,1072
HO16015,chr20,62899407,62901079,1672
HO16016,chr20,62925614,62926956,1342
HO16017,chr20,62928781,62929556,775
HO16018,chr20,62936971,62938892,1921
HO16019,chr20,62952279,62954859,2580
HO16020,chr20,62972201,62973068,867
HO16021,chr20,63008660,63009401,741
HO16022,chr20,63055914,63057036,1122
HO16023,chr20,63069509,63070176,667
HO16024,chr20,63178471,63179579,1108
HO16025,chr20,63215098,63216914,1816
HO16026,chr20,63272032,63273312,1280
HO16027,chr20,63315040,63316107,1067
HO16028,chr20,63519580,63521532,1952
HO16029,chr20,63537273,63538485,1212
HO16030,chr20,63552974,63554547,1573
HO16031,chr20,63573417,63574811,1394
HO16032,chr20,63625944,63627593,1649
HO16033,chr20,63641160,63642755,1595
HO16034,chr20,63651874,63653990,2116
HO16035,chr20,63657568,63659092,1524
HO16036,chr20,63706808,63708772,1964
HO16037,chr20,63738702,63741373,2671
HO16038,chr20,63747351,63748618,1267
HO16039,chr20,63774951,63775897,946
HO16040,chr20,63829923,63832604,2681
HO16041,chr20,63834832,63835663,831
HO16042,chr20,63845832,63848315,2483
HO16043,chr20,63863850,63866034,2184
HO16044,chr20,63887395,63888412,1017
HO16045,chr20,63894148,63895835,1687
HO16046,chr20,63896059,63896959,900
HO16047,chr20,63914756,63915814,1058
HO16048,chr20,63926211,63927406,1195
HO16049,chr20,63948319,63950237,1918
HO16050,chr20,63955224,63957979,2755
HO16051,chr20,63968793,63970632,1839
HO16052,chr20,63973622,63974185,563
HO16053,chr20,63978608,63980390,1782
HO16054,chr20,63980533,63981468,935
HO16055,chr20,64038255,64039522,1267
HO16056,chr20,64047916,64050093,2177
HO16057,chr20,64057067,64058078,1011
HO16058,chr20,64062439,64064331,1892
HO16059,chr20,64079305,64080720,1415
HO16060,chr20,64083297,64084393,1096
HO16061,chr20,64120048,64120766,718
HO16062,chr20,64188629,64189985,1356
HO16063,chr20,64212434,64213507,1073
HO16064,chr20,64222358,64224773,2415
HO16065,chr20,64254887,64256790,1903
HO16066,chr21,5154355,5154978,623
HO16067,chr21,8219474,8220228,754
HO16068,chr21,14026815,14027770,955
HO16069,chr21,14215722,14216874,1152
HO16070,chr21,14382479,14384095,1616
HO16071,chr21,14864158,14865058,900
HO16072,chr21,15056894,15057686,792
HO16073,chr21,15063834,15066197,2363
HO16074,chr21,15084222,15085241,1019
HO16075,chr21,15351330,15352416,1086
HO16076,chr21,15422124,15423379,1255
HO16077,chr21,15482715,15483513,798
HO16078,chr21,15728921,15730987,2066
HO16079,chr21,16193797,16195198,1401
HO16080,chr21,16279524,16281186,1662
HO16081,chr21,16418770,16420608,1838
HO16082,chr21,16533707,16535411,1704
HO16083,chr21,16779108,16780351,1243
HO16084,chr21,17436095,17437405,1310
HO16085,chr21,17475658,17476525,867
HO16086,chr21,17511947,17514071,2124
HO16087,chr21,17610649,17613652,3003
HO16088,chr21,17688700,17689840,1140
HO16089,chr21,17818165,17820193,2028
HO16090,chr21,17902664,17905026,2362
HO16091,chr21,18244339,18245966,1627
HO16092,chr21,19607797,19608705,908
HO16093,chr21,20997090,20998867,1777
HO16094,chr21,21463054,21463987,933
HO16095,chr21,21711444,21712537,1093
HO16096,chr21,24994509,24996188,1679
HO16097,chr21,25606830,25608615,1785
HO16098,chr21,25637444,25640556,3112
HO16099,chr21,25734126,25736524,2398
HO16100,chr21,25997594,25998634,1040
HO16101,chr21,26067789,26068563,774
HO16102,chr21,26115900,26117029,1129
HO16103,chr21,26124165,26126084,1919
HO16104,chr21,26168848,26171207,2359
HO16105,chr21,26842926,26843887,961
HO16106,chr21,26844008,26846833,2825
HO16107,chr21,26965277,26967934,2657
HO16108,chr21,28521786,28522863,1077
HO16109,chr21,28744833,28745997,1164
HO16110,chr21,28884585,28885552,967
HO16111,chr21,28992012,28993345,1333
HO16112,chr21,29002268,29003669,1401
HO16113,chr21,29018443,29019564,1121
HO16114,chr21,29024071,29025574,1503
HO16115,chr21,29072875,29074137,1262
HO16116,chr21,29076627,29077935,1308
HO16117,chr21,29298209,29300532,2323
HO16118,chr21,29938726,29940336,1610
HO16119,chr21,31343540,31344599,1059
HO16120,chr21,31543030,31543798,768
HO16121,chr21,31546379,31547500,1121
HO16122,chr21,31557449,31559926,2477
HO16123,chr21,31659098,31660604,1506
HO16124,chr21,31730736,31733006,2270
HO16125,chr21,31865685,31866533,848
HO16126,chr21,31872267,31874402,2135
HO16127,chr21,31908078,31910392,2314
HO16128,chr21,32076346,32077624,1278
HO16129,chr21,32278085,32279950,1865
HO16130,chr21,32335401,32336660,1259
HO16131,chr21,32392289,32393763,1474
HO16132,chr21,32411427,32413349,1922
HO16133,chr21,32569116,32570109,993
HO16134,chr21,32611426,32613253,1827
HO16135,chr21,32726751,32728718,1967
HO16136,chr21,32770642,32772748,2106
HO16137,chr21,32794360,32795092,732
HO16138,chr21,33069767,33072245,2478
HO16139,chr21,33115876,33117902,2026
HO16140,chr21,33196733,33197447,714
HO16141,chr21,33199582,33200192,610
HO16142,chr21,33211411,33212911,1500
HO16143,chr21,33229339,33231213,1874
HO16144,chr21,33265649,33267338,1689
HO16145,chr21,33286011,33287674,1663
HO16146,chr21,33324190,33325754,1564
HO16147,chr21,33402023,33404507,2484
HO16148,chr21,33478813,33480503,1690
HO16149,chr21,33490958,33492195,1237
HO16150,chr21,33541456,33543649,2193
HO16151,chr21,33587758,33589371,1613
HO16152,chr21,33641109,33643482,2373
HO16153,chr21,33894434,33895344,910
HO16154,chr21,33903891,33904607,716
HO16155,chr21,33915073,33916311,1238
HO16156,chr21,33923690,33924991,1301
HO16157,chr21,34072487,34074696,2209
HO16158,chr21,34128223,34130492,2269
HO16159,chr21,34201376,34203221,1845
HO16160,chr21,34336320,34337490,1170
HO16161,chr21,34351613,34352243,630
HO16162,chr21,34531191,34532074,883
HO16163,chr21,34614200,34615579,1379
HO16164,chr21,34668859,34670973,2114
HO16165,chr21,34888042,34890388,2346
HO16166,chr21,35105951,35106919,968
HO16167,chr21,35933248,35934381,1133
HO16168,chr21,36059664,36060935,1271
HO16169,chr21,36069574,36070608,1034
HO16170,chr21,36134513,36136482,1969
HO16171,chr21,36141218,36141946,728
HO16172,chr21,36155582,36157580,1998
HO16173,chr21,36260028,36260881,853
HO16174,chr21,36319612,36321138,1526
HO16175,chr21,36376968,36378174,1206
HO16176,chr21,36384831,36386133,1302
HO16177,chr21,36419401,36420325,924
HO16178,chr21,36698329,36699765,1436
HO16179,chr21,36747069,36748507,1438
HO16180,chr21,36965765,36967647,1882
HO16181,chr21,36980059,36981071,1012
HO16182,chr21,36989370,36990622,1252
HO16183,chr21,37005802,37007235,1433
HO16184,chr21,37071819,37074395,2576
HO16185,chr21,37153004,37154677,1673
HO16186,chr21,37207398,37209164,1766
HO16187,chr21,37220015,37221558,1543
HO16188,chr21,37257143,37258911,1768
HO16189,chr21,37266737,37268341,1604
HO16190,chr21,37365512,37368448,2936
HO16191,chr21,37379532,37381110,1578
HO16192,chr21,37434823,37435893,1070
HO16193,chr21,37563364,37564760,1396
HO16194,chr21,37566774,37567628,854
HO16195,chr21,38307801,38308995,1194
HO16196,chr21,38804794,38806801,2007
HO16197,chr21,39022598,39023884,1286
HO16198,chr21,39105061,39106319,1258
HO16199,chr21,39182613,39184222,1609
HO16200,chr21,39312161,39314780,2619
HO16201,chr21,39331482,39332755,1273
HO16202,chr21,39348170,39349853,1683
HO16203,chr21,39379888,39381319,1431
HO16204,chr21,39385299,39386535,1236
HO16205,chr21,39387417,39387923,506
HO16206,chr21,39388055,39388910,855
HO16207,chr21,39444567,39446183,1616
HO16208,chr21,39788218,39788943,725
HO16209,chr21,40841224,40842278,1054
HO16210,chr21,41068396,41069371,975
HO16211,chr21,41091491,41092507,1016
HO16212,chr21,41108330,41109488,1158
HO16213,chr21,41112910,41114082,1172
HO16214,chr21,41166815,41169290,2475
HO16215,chr21,41419747,41420911,1164
HO16216,chr21,41425725,41427108,1383
HO16217,chr21,41677997,41679363,1366
HO16218,chr21,41877876,41879922,2046
HO16219,chr21,41932389,41934112,1723
HO16220,chr21,41953019,41954585,1566
HO16221,chr21,42009011,42011413,2402
HO16222,chr21,42218720,42220710,1990
HO16223,chr21,42234127,42235380,1253
HO16224,chr21,42311802,42313083,1281
HO16225,chr21,42313263,42313986,723
HO16226,chr21,42388859,42389879,1020
HO16227,chr21,42390514,42391818,1304
HO16228,chr21,42449623,42450417,794
HO16229,chr21,42495701,42497117,1416
HO16230,chr21,42512885,42514939,2054
HO16231,chr21,42652466,42654728,2262
HO16232,chr21,42780998,42782496,1498
HO16233,chr21,42878613,42880148,1535
HO16234,chr21,42892326,42894219,1893
HO16235,chr21,42923591,42924356,765
HO16236,chr21,42973521,42975801,2280
HO16237,chr21,43193757,43196269,2512
HO16238,chr21,43210825,43212100,1275
HO16239,chr21,43322641,43323799,1158
HO16240,chr21,43646456,43646980,524
HO16241,chr21,43658976,43660266,1290
HO16242,chr21,43702414,43703799,1385
HO16243,chr21,43718323,43720468,2145
HO16244,chr21,43726853,43729509,2656
HO16245,chr21,43738162,43738855,693
HO16246,chr21,43739540,43741172,1632
HO16247,chr21,43775619,43776983,1364
HO16248,chr21,43778082,43779268,1186
HO16249,chr21,43788684,43790266,1582
HO16250,chr21,43810497,43811133,636
HO16251,chr21,43864159,43867065,2906
HO16252,chr21,43935845,43936765,920
HO16253,chr21,43938594,43939422,828
HO16254,chr21,43975294,43975985,691
HO16255,chr21,43991278,43992115,837
HO16256,chr21,44011509,44013176,1667
HO16257,chr21,44085334,44086355,1021
HO16258,chr21,44299387,44300980,1593
HO16259,chr21,44306744,44307797,1053
HO16260,chr21,44337831,44340387,2556
HO16261,chr21,44369870,44370937,1067
HO16262,chr21,44454802,44456318,1516
HO16263,chr21,44800898,44802615,1717
HO16264,chr21,44817086,44818677,1591
HO16265,chr21,44845435,44846838,1403
HO16266,chr21,44871552,44872077,525
HO16267,chr21,44872417,44875092,2675
HO16268,chr21,44939422,44940624,1202
HO16269,chr21,44982419,44983297,878
HO16270,chr21,44989242,44990341,1099
HO16271,chr21,44996199,44997988,1789
HO16272,chr21,45011907,45013689,1782
HO16273,chr21,45073489,45075550,2061
HO16274,chr21,45140173,45140716,543
HO16275,chr21,45286480,45288730,2250
HO16276,chr21,45292002,45292849,847
HO16277,chr21,45293967,45295277,1310
HO16278,chr21,45306410,45307573,1163
HO16279,chr21,45324435,45326717,2282
HO16280,chr21,45359020,45360580,1560
HO16281,chr21,45366590,45368049,1459
HO16282,chr21,45403863,45406691,2828
HO16283,chr21,45411042,45411903,861
HO16284,chr21,45420068,45421818,1750
HO16285,chr21,45438641,45439866,1225
HO16286,chr21,45496542,45497625,1083
HO16287,chr21,45542154,45543506,1352
HO16288,chr21,45554450,45556415,1965
HO16289,chr21,45642428,45643993,1565
HO16290,chr21,45820208,45821064,856
HO16291,chr21,45876257,45877328,1071
HO16292,chr21,45910176,45911126,950
HO16293,chr21,45971588,45974611,3023
HO16294,chr21,45981021,45982687,1666
HO16295,chr21,46038266,46039480,1214
HO16296,chr21,46143509,46144335,826
HO16297,chr21,46152570,46153897,1327
HO16298,chr21,46182751,46183678,927
HO16299,chr21,46183849,46185262,1413
HO16300,chr21,46188416,46189596,1180
HO16301,chr21,46227932,46229642,1710
HO16302,chr21,46285433,46286826,1393
HO16303,chr21,46323382,46325489,2107
HO16304,chr21,46362704,46364099,1395
HO16305,chr21,46455501,46456094,593
HO16306,chr21,46457899,46459302,1403
HO16307,chr21,46621346,46622640,1294
HO16308,chr21,46634844,46636239,1395
HO16309,chr21,46667011,46668428,1417
HO16310,chr22,16600884,16602639,1755
HO16311,chr22,16717401,16718459,1058
HO16312,chr22,17084340,17085972,1632
HO16313,chr22,17119521,17121848,2327
HO16314,chr22,17158347,17160017,1670
HO16315,chr22,17171116,17172497,1381
HO16316,chr22,17198124,17199797,1673
HO16317,chr22,17256977,17259018,2041
HO16318,chr22,17368310,17370792,2482
HO16319,chr22,17577603,17578711,1108
HO16320,chr22,17627788,17629192,1404
HO16321,chr22,17637425,17639905,2480
HO16322,chr22,17772921,17774790,1869
HO16323,chr22,17829784,17830470,686
HO16324,chr22,17846419,17847698,1279
HO16325,chr22,17865761,17866678,917
HO16326,chr22,17910245,17911493,1248
HO16327,chr22,17919543,17920640,1097
HO16328,chr22,17937485,17939300,1815
HO16329,chr22,18000202,18002013,1811
HO16330,chr22,18023304,18025174,1870
HO16331,chr22,18043692,18045331,1639
HO16332,chr22,18077352,18078755,1403
HO16333,chr22,18091579,18092578,999
HO16334,chr22,18109753,18111505,1752
HO16335,chr22,18149380,18150324,944
HO16336,chr22,18528016,18529381,1365
HO16337,chr22,19121429,19123111,1682
HO16338,chr22,19143946,19144993,1047
HO16339,chr22,19170896,19172279,1383
HO16340,chr22,19177814,19179750,1936
HO16341,chr22,19290847,19292425,1578
HO16342,chr22,19430451,19432835,2384
HO16343,chr22,19446889,19448418,1529
HO16344,chr22,19478550,19480108,1558
HO16345,chr22,19496918,19497770,852
HO16346,chr22,19523052,19525554,2502
HO16347,chr22,19663231,19664445,1214
HO16348,chr22,19713867,19714946,1079
HO16349,chr22,19717583,19719409,1826
HO16350,chr22,19722665,19724452,1787
HO16351,chr22,19730247,19731328,1081
HO16352,chr22,19765496,19768299,2803
HO16353,chr22,19810437,19812477,2040
HO16354,chr22,19841880,19844973,3093
HO16355,chr22,19853933,19856365,2432
HO16356,chr22,19868653,19869696,1043
HO16357,chr22,19940916,19943393,2477
HO16358,chr22,19947285,19948059,774
HO16359,chr22,19958561,19960096,1535
HO16360,chr22,19986134,19987531,1397
HO16361,chr22,20016033,20017244,1211
HO16362,chr22,20020462,20022148,1686
HO16363,chr22,20032393,20033745,1352
HO16364,chr22,20079450,20081552,2102
HO16365,chr22,20116528,20118227,1699
HO16366,chr22,20130329,20132630,2301
HO16367,chr22,20136899,20138589,1690
HO16368,chr22,20218946,20219375,429
HO16369,chr22,20240019,20240841,822
HO16370,chr22,20243273,20244112,839
HO16371,chr22,20249190,20250409,1219
HO16372,chr22,20267200,20268624,1424
HO16373,chr22,20298402,20300115,1713
HO16374,chr22,20319115,20320813,1698
HO16375,chr22,20393379,20394766,1387
HO16376,chr22,20417804,20418724,920
HO16377,chr22,20430577,20431918,1341
HO16378,chr22,20436206,20438501,2295
HO16379,chr22,20456065,20456779,714
HO16380,chr22,20494624,20496791,2167
HO16381,chr22,20507074,20508379,1305
HO16382,chr22,20523390,20524779,1389
HO16383,chr22,20531067,20533249,2182
HO16384,chr22,20550419,20551965,1546
HO16385,chr22,20568743,20569681,938
HO16386,chr22,20620912,20621975,1063
HO16387,chr22,20701946,20703658,1712
HO16388,chr22,20798616,20799815,1199
HO16389,chr22,20857783,20859370,1587
HO16390,chr22,20885208,20886030,822
HO16391,chr22,20916668,20918342,1674
HO16392,chr22,20956777,20958308,1531
HO16393,chr22,20963202,20963829,627
HO16394,chr22,20979096,20980199,1103
HO16395,chr22,20981421,20982615,1194
HO16396,chr22,21001126,21003060,1934
HO16397,chr22,21013743,21015296,1553
HO16398,chr22,21031798,21033133,1335
HO16399,chr22,21037542,21038888,1346
HO16400,chr22,21044873,21046411,1538
HO16401,chr22,21102460,21103325,865
HO16402,chr22,21467936,21468719,783
HO16403,chr22,21567307,21568993,1686
HO16404,chr22,21628888,21630301,1413
HO16405,chr22,21641348,21643334,1986
HO16406,chr22,21651341,21652666,1325
HO16407,chr22,21657099,21658396,1297
HO16408,chr22,21665517,21666701,1184
HO16409,chr22,21712881,21713646,765
HO16410,chr22,21735059,21736528,1469
HO16411,chr22,21754365,21755785,1420
HO16412,chr22,21766678,21767478,800
HO16413,chr22,21774570,21775600,1030
HO16414,chr22,21866215,21868188,1973
HO16415,chr22,21916568,21917966,1398
HO16416,chr22,21926825,21929160,2335
HO16417,chr22,21937501,21938834,1333
HO16418,chr22,21951899,21953193,1294
HO16419,chr22,21966468,21967468,1000
HO16420,chr22,21981920,21983009,1089
HO16421,chr22,22297224,22298674,1450
HO16422,chr22,22356911,22357742,831
HO16423,chr22,22370721,22371634,913
HO16424,chr22,22506842,22507644,802
HO16425,chr22,22507868,22509025,1157
HO16426,chr22,22558121,22560515,2394
HO16427,chr22,23069361,23071588,2227
HO16428,chr22,23141213,23142338,1125
HO16429,chr22,23144916,23145956,1040
HO16430,chr22,23179987,23181533,1546
HO16431,chr22,23204141,23205674,1533
HO16432,chr22,23279098,23280054,956
HO16433,chr22,23281322,23282506,1184
HO16434,chr22,23315180,23315970,790
HO16435,chr22,23382620,23384676,2056
HO16436,chr22,23385711,23386252,541
HO16437,chr22,23401161,23403014,1853
HO16438,chr22,23404342,23405011,669
HO16439,chr22,23432789,23434149,1360
HO16440,chr22,23503977,23505083,1106
HO16441,chr22,23520548,23523423,2875
HO16442,chr22,23533245,23534517,1272
HO16443,chr22,23537380,23538912,1532
HO16444,chr22,23539266,23539900,634
HO16445,chr22,23565279,23567049,1770
HO16446,chr22,23700350,23701276,926
HO16447,chr22,23716658,23717892,1234
HO16448,chr22,23749859,23751853,1994
HO16449,chr22,23767106,23768662,1556
HO16450,chr22,23786213,23787760,1547
HO16451,chr22,23804337,23805411,1074
HO16452,chr22,23838305,23839576,1271
HO16453,chr22,23849100,23849928,828
HO16454,chr22,23856585,23858573,1988
HO16455,chr22,23893686,23895679,1993
HO16456,chr22,23913380,23914369,989
HO16457,chr22,24010707,24011955,1248
HO16458,chr22,24091107,24092511,1404
HO16459,chr22,24145743,24147578,1835
HO16460,chr22,24155531,24158001,2470
HO16461,chr22,24189181,24190077,896
HO16462,chr22,24247160,24247942,782
HO16463,chr22,24270272,24271569,1297
HO16464,chr22,24423454,24424863,1409
HO16465,chr22,24431985,24432938,953
HO16466,chr22,24455056,24456409,1353
HO16467,chr22,24544654,24545683,1029
HO16468,chr22,24554070,24556133,2063
HO16469,chr22,24583180,24585158,1978
HO16470,chr22,24588097,24588999,902
HO16471,chr22,24592181,24593421,1240
HO16472,chr22,24599601,24600458,857
HO16473,chr22,24728707,24729677,970
HO16474,chr22,24805791,24806689,898
HO16475,chr22,24952062,24953779,1717
HO16476,chr22,25051212,25052415,1203
HO16477,chr22,25083045,25084215,1170
HO16478,chr22,25110640,25112099,1459
HO16479,chr22,25119793,25121233,1440
HO16480,chr22,25147663,25148906,1243
HO16481,chr22,25235577,25236273,696
HO16482,chr22,25403855,25405703,1848
HO16483,chr22,25447528,25449022,1494
HO16484,chr22,25451164,25452039,875
HO16485,chr22,25472477,25473388,911
HO16486,chr22,25487843,25488784,941
HO16487,chr22,25563308,25565579,2271
HO16488,chr22,26428352,26429796,1444
HO16489,chr22,26445655,26446769,1114
HO16490,chr22,26462590,26464072,1482
HO16491,chr22,26482761,26484223,1462
HO16492,chr22,26511963,26513001,1038
HO16493,chr22,26570031,26570657,626
HO16494,chr22,26584523,26585637,1114
HO16495,chr22,26589260,26590709,1449
HO16496,chr22,26644695,26645779,1084
HO16497,chr22,26672197,26673447,1250
HO16498,chr22,26750862,26751806,944
HO16499,chr22,26756469,26757195,726
HO16500,chr22,27112834,27113706,872
HO16501,chr22,27238730,27239755,1025
HO16502,chr22,27590577,27591645,1068
HO16503,chr22,27800252,27802446,2194
HO16504,chr22,27820601,27821966,1365
HO16505,chr22,27918288,27920337,2049
HO16506,chr22,28004742,28005986,1244
HO16507,chr22,28012740,28013408,668
HO16508,chr22,28019817,28021402,1585
HO16509,chr22,28441614,28443798,2184
HO16510,chr22,28678809,28680278,1469
HO16511,chr22,28741325,28742808,1483
HO16512,chr22,28772305,28773661,1356
HO16513,chr22,28799251,28801045,1794
HO16514,chr22,28882541,28884816,2275
HO16515,chr22,28903034,28904929,1895
HO16516,chr22,28910569,28912595,2026
HO16517,chr22,28917568,28919181,1613
HO16518,chr22,28923226,28924325,1099
HO16519,chr22,28951673,28953138,1465
HO16520,chr22,28977014,28978582,1568
HO16521,chr22,29003986,29005311,1325
HO16522,chr22,29030115,29032553,2438
HO16523,chr22,29071236,29071891,655
HO16524,chr22,29072564,29074538,1974
HO16525,chr22,29078278,29079606,1328
HO16526,chr22,29096387,29097480,1093
HO16527,chr22,29144787,29146112,1325
HO16528,chr22,29154243,29154787,544
HO16529,chr22,29205452,29206684,1232
HO16530,chr22,29216622,29217649,1027
HO16531,chr22,29231899,29233111,1212
HO16532,chr22,29267310,29269743,2433
HO16533,chr22,29302744,29303389,645
HO16534,chr22,29305941,29307412,1471
HO16535,chr22,29308820,29309686,866
HO16536,chr22,29310654,29311440,786
HO16537,chr22,29314740,29315898,1158
HO16538,chr22,29387729,29389222,1493
HO16539,chr22,29394726,29395550,824
HO16540,chr22,29442741,29444455,1714
HO16541,chr22,29454002,29454774,772
HO16542,chr22,29455970,29456748,778
HO16543,chr22,29478046,29478806,760
HO16544,chr22,29479579,29482449,2870
HO16545,chr22,29516956,29518019,1063
HO16546,chr22,29553086,29554176,1090
HO16547,chr22,29580032,29581425,1393
HO16548,chr22,29602837,29604223,1386
HO16549,chr22,29692882,29694147,1265
HO16550,chr22,29716523,29717092,569
HO16551,chr22,29766248,29767685,1437
HO16552,chr22,29800735,29802116,1381
HO16553,chr22,29837763,29838827,1064
HO16554,chr22,29882570,29884035,1465
HO16555,chr22,29887256,29887756,500
HO16556,chr22,29907286,29908684,1398
HO16557,chr22,30206674,30207760,1086
HO16558,chr22,30245731,30247103,1372
HO16559,chr22,30255797,30256613,816
HO16560,chr22,30287804,30288366,562
HO16561,chr22,30289052,30290178,1126
HO16562,chr22,30290686,30291323,637
HO16563,chr22,30310879,30311865,986
HO16564,chr22,30324955,30325720,765
HO16565,chr22,30326006,30327575,1569
HO16566,chr22,30356039,30357554,1515
HO16567,chr22,30386560,30387770,1210
HO16568,chr22,30396594,30398084,1490
HO16569,chr22,30422897,30424505,1608
HO16570,chr22,30425433,30426813,1380
HO16571,chr22,30450661,30451847,1186
HO16572,chr22,30504311,30505909,1598
HO16573,chr22,30541471,30542960,1489
HO16574,chr22,30591191,30592542,1351
HO16575,chr22,30606284,30607383,1099
HO16576,chr22,30634301,30636120,1819
HO16577,chr22,30667128,30668416,1288
HO16578,chr22,30675234,30675844,610
HO16579,chr22,30693909,30695544,1635
HO16580,chr22,30802324,30803246,922
HO16581,chr22,30968411,30969947,1536
HO16582,chr22,31080617,31081576,959
HO16583,chr22,31084360,31085754,1394
HO16584,chr22,31106971,31108180,1209
HO16585,chr22,31118942,31119512,570
HO16586,chr22,31122154,31123322,1168
HO16587,chr22,31159555,31160823,1268
HO16588,chr22,31211598,31213415,1817
HO16589,chr22,31219902,31220742,840
HO16590,chr22,31247808,31248736,928
HO16591,chr22,31271116,31272041,925
HO16592,chr22,31290198,31292665,2467
HO16593,chr22,31340184,31340806,622
HO16594,chr22,31345131,31347767,2636
HO16595,chr22,31398781,31400390,1609
HO16596,chr22,31488952,31490834,1882
HO16597,chr22,31495801,31497140,1339
HO16598,chr22,31530330,31531612,1282
HO16599,chr22,31560968,31561637,669
HO16600,chr22,31573903,31575582,1679
HO16601,chr22,31625466,31626474,1008
HO16602,chr22,31627190,31627758,568
HO16603,chr22,31629735,31631339,1604
HO16604,chr22,31661493,31662642,1149
HO16605,chr22,31676333,31677220,887
HO16606,chr22,31749531,31750396,865
HO16607,chr22,31752942,31754846,1904
HO16608,chr22,31943701,31945743,2042
HO16609,chr22,31969940,31971169,1229
HO16610,chr22,32202234,32203499,1265
HO16611,chr22,32411340,32412600,1260
HO16612,chr22,32474155,32475804,1649
HO16613,chr22,32563943,32564745,802
HO16614,chr22,32801039,32802725,1686
HO16615,chr22,33301775,33302861,1086
HO16616,chr22,33919405,33922606,3201
HO16617,chr22,35257034,35258685,1651
HO16618,chr22,35299144,35300799,1655
HO16619,chr22,35350373,35351838,1465
HO16620,chr22,35371459,35372397,938
HO16621,chr22,35378353,35379081,728
HO16622,chr22,35380579,35381455,876
HO16623,chr22,35393321,35394561,1240
HO16624,chr22,35399472,35400611,1139
HO16625,chr22,35430633,35431320,687
HO16626,chr22,35539814,35540972,1158
HO16627,chr22,35627122,35628059,937
HO16628,chr22,35839339,35840769,1430
HO16629,chr22,35913945,35915956,2011
HO16630,chr22,36027301,36029363,2062
HO16631,chr22,36065296,36066580,1284
HO16632,chr22,36123606,36124383,777
HO16633,chr22,36238471,36240207,1736
HO16634,chr22,36300122,36301779,1657
HO16635,chr22,36327907,36329853,1946
HO16636,chr22,36343453,36344227,774
HO16637,chr22,36352035,36353265,1230
HO16638,chr22,36368249,36369107,858
HO16639,chr22,36370152,36371451,1299
HO16640,chr22,36385609,36388599,2990
HO16641,chr22,36409546,36410709,1163
HO16642,chr22,36451388,36452116,728
HO16643,chr22,36454675,36455573,898
HO16644,chr22,36461865,36462545,680
HO16645,chr22,36464862,36466017,1155
HO16646,chr22,36470053,36470714,661
HO16647,chr22,36481053,36482333,1280
HO16648,chr22,36506324,36507489,1165
HO16649,chr22,36528412,36530097,1685
HO16650,chr22,36702940,36703973,1033
HO16651,chr22,36775413,36776671,1258
HO16652,chr22,36816079,36817528,1449
HO16653,chr22,36855903,36856782,879
HO16654,chr22,36977245,36978386,1141
HO16655,chr22,37018455,37020357,1902
HO16656,chr22,37051240,37052535,1295
HO16657,chr22,37165861,37166931,1070
HO16658,chr22,37198431,37199770,1339
HO16659,chr22,37211263,37212926,1663
HO16660,chr22,37316536,37317294,758
HO16661,chr22,37425768,37428064,2296
HO16662,chr22,37485909,37486932,1023
HO16663,chr22,37500892,37502663,1771
HO16664,chr22,37511927,37512932,1005
HO16665,chr22,37518174,37520207,2033
HO16666,chr22,37538356,37539283,927
HO16667,chr22,37545534,37547485,1951
HO16668,chr22,37559893,37562064,2171
HO16669,chr22,37590128,37590789,661
HO16670,chr22,37598949,37599606,657
HO16671,chr22,37601176,37602356,1180
HO16672,chr22,37607015,37609503,2488
HO16673,chr22,37611191,37611680,489
HO16674,chr22,37632799,37634811,2012
HO16675,chr22,37639106,37640648,1542
HO16676,chr22,37643000,37643608,608
HO16677,chr22,37647724,37648525,801
HO16678,chr22,37657818,37659342,1524
HO16679,chr22,37661039,37661706,667
HO16680,chr22,37664500,37665171,671
HO16681,chr22,37674809,37677555,2746
HO16682,chr22,37681154,37681880,726
HO16683,chr22,37685987,37686999,1012
HO16684,chr22,37696332,37697822,1490
HO16685,chr22,37745586,37747044,1458
HO16686,chr22,37752157,37753032,875
HO16687,chr22,37801968,37802984,1016
HO16688,chr22,37804656,37805577,921
HO16689,chr22,37807136,37808267,1131
HO16690,chr22,37817423,37819301,1878
HO16691,chr22,37824472,37825642,1170
HO16692,chr22,37842059,37842918,859
HO16693,chr22,37843510,37844686,1176
HO16694,chr22,37848697,37850121,1424
HO16695,chr22,37861968,37863925,1957
HO16696,chr22,37905099,37907122,2023
HO16697,chr22,37933175,37934306,1131
HO16698,chr22,37952686,37954184,1498
HO16699,chr22,37967668,37969173,1505
HO16700,chr22,37972191,37973493,1302
HO16701,chr22,37982955,37984024,1069
HO16702,chr22,37984240,37984784,544
HO16703,chr22,37985297,37986669,1372
HO16704,chr22,37997912,37999056,1144
HO16705,chr22,38012401,38012989,588
HO16706,chr22,38015931,38017881,1950
HO16707,chr22,38051975,38052735,760
HO16708,chr22,38056588,38057940,1352
HO16709,chr22,38080599,38081735,1136
HO16710,chr22,38162943,38164820,1877
HO16711,chr22,38180922,38182204,1282
HO16712,chr22,38201235,38203559,2324
HO16713,chr22,38214038,38215034,996
HO16714,chr22,38218181,38219021,840
HO16715,chr22,38238656,38239839,1183
HO16716,chr22,38271893,38273580,1687
HO16717,chr22,38316041,38317892,1851
HO16718,chr22,38397143,38399361,2218
HO16719,chr22,38408571,38409190,619
HO16720,chr22,38412326,38413566,1240
HO16721,chr22,38431356,38432705,1349
HO16722,chr22,38454606,38456301,1695
HO16723,chr22,38461150,38461938,788
HO16724,chr22,38467497,38469139,1642
HO16725,chr22,38505476,38507010,1534
HO16726,chr22,38569670,38571121,1451
HO16727,chr22,38655730,38657572,1842
HO16728,chr22,38681182,38682333,1151
HO16729,chr22,38700304,38701554,1250
HO16730,chr22,38705126,38706802,1676
HO16731,chr22,38754003,38756494,2491
HO16732,chr22,38768652,38769237,585
HO16733,chr22,38785542,38787111,1569
HO16734,chr22,38787851,38789028,1177
HO16735,chr22,38793500,38794430,930
HO16736,chr22,38843000,38844505,1505
HO16737,chr22,38866130,38866703,573
HO16738,chr22,38871233,38873274,2041
HO16739,chr22,38923726,38924839,1113
HO16740,chr22,38926983,38927684,701
HO16741,chr22,38980870,38982660,1790
HO16742,chr22,39012592,39013482,890
HO16743,chr22,39013628,39014834,1206
HO16744,chr22,39019898,39022320,2422
HO16745,chr22,39039918,39041580,1662
HO16746,chr22,39078342,39079460,1118
HO16747,chr22,39097042,39098382,1340
HO16748,chr22,39144909,39146410,1501
HO16749,chr22,39152144,39153533,1389
HO16750,chr22,39175871,39176676,805
HO16751,chr22,39240638,39245151,4513
HO16752,chr22,39290497,39292992,2495
HO16753,chr22,39310011,39311298,1287
HO16754,chr22,39316347,39316714,367
HO16755,chr22,39318882,39320465,1583
HO16756,chr22,39332362,39333546,1184
HO16757,chr22,39334033,39334736,703
HO16758,chr22,39348947,39350747,1800
HO16759,chr22,39387973,39389017,1044
HO16760,chr22,39399168,39400256,1088
HO16761,chr22,39456092,39458492,2400
HO16762,chr22,39500889,39502837,1948
HO16763,chr22,39519150,39521234,2084
HO16764,chr22,39523177,39523703,526
HO16765,chr22,39528971,39529525,554
HO16766,chr22,39532197,39533131,934
HO16767,chr22,39534455,39535118,663
HO16768,chr22,39591989,39594561,2572
HO16769,chr22,39720381,39721750,1369
HO16770,chr22,39967196,39968981,1785
HO16771,chr22,40043835,40045783,1948
HO16772,chr22,40120768,40121859,1091
HO16773,chr22,40177382,40178095,713
HO16774,chr22,40178422,40179563,1141
HO16775,chr22,40345725,40347043,1318
HO16776,chr22,40370172,40371175,1003
HO16777,chr22,40436127,40437449,1322
HO16778,chr22,40464908,40465804,896
HO16779,chr22,40508975,40511309,2334
HO16780,chr22,40592996,40594353,1357
HO16781,chr22,40635503,40637492,1989
HO16782,chr22,40651540,40652496,956
HO16783,chr22,40682935,40683450,515
HO16784,chr22,40818569,40819891,1322
HO16785,chr22,40855786,40857510,1724
HO16786,chr22,40931483,40932376,893
HO16787,chr22,40950474,40952138,1664
HO16788,chr22,41021100,41023537,2437
HO16789,chr22,41091090,41093133,2043
HO16790,chr22,41196880,41197980,1100
HO16791,chr22,41204657,41205791,1134
HO16792,chr22,41232154,41232941,787
HO16793,chr22,41237374,41238597,1223
HO16794,chr22,41240503,41241187,684
HO16795,chr22,41280299,41281033,734
HO16796,chr22,41285127,41286991,1864
HO16797,chr22,41290518,41291248,730
HO16798,chr22,41300948,41302910,1962
HO16799,chr22,41366584,41368254,1670
HO16800,chr22,41380491,41382561,2070
HO16801,chr22,41401657,41402513,856
HO16802,chr22,41403618,41404302,684
HO16803,chr22,41412907,41415092,2185
HO16804,chr22,41417944,41418418,474
HO16805,chr22,41444076,41444844,768
HO16806,chr22,41446332,41448773,2441
HO16807,chr22,41468181,41470148,1967
HO16808,chr22,41543764,41545033,1269
HO16809,chr22,41555128,41555908,780
HO16810,chr22,41557281,41557937,656
HO16811,chr22,41560101,41562183,2082
HO16812,chr22,41589009,41590346,1337
HO16813,chr22,41596723,41598390,1667
HO16814,chr22,41620085,41621971,1886
HO16815,chr22,41666442,41667726,1284
HO16816,chr22,41681667,41682804,1137
HO16817,chr22,41687826,41689197,1371
HO16818,chr22,41696762,41697750,988
HO16819,chr22,41799574,41801199,1625
HO16820,chr22,41832192,41834224,2032
HO16821,chr22,41882792,41884097,1305
HO16822,chr22,41909854,41910973,1119
HO16823,chr22,41913881,41915304,1423
HO16824,chr22,41919223,41920905,1682
HO16825,chr22,41925322,41926969,1647
HO16826,chr22,41940871,41941602,731
HO16827,chr22,41946066,41947328,1262
HO16828,chr22,41957321,41958171,850
HO16829,chr22,41976225,41977606,1381
HO16830,chr22,41998184,41999273,1089
HO16831,chr22,42069961,42071343,1382
HO16832,chr22,42078755,42080674,1919
HO16833,chr22,42089867,42091479,1612
HO16834,chr22,42214387,42215375,988
HO16835,chr22,42269123,42271117,1994
HO16836,chr22,42273445,42274353,908
HO16837,chr22,42282141,42284229,2088
HO16838,chr22,42343176,42344987,1811
HO16839,chr22,42367936,42369709,1773
HO16840,chr22,42437278,42438477,1199
HO16841,chr22,42443634,42444998,1364
HO16842,chr22,42499737,42501001,1264
HO16843,chr22,42511440,42512887,1447
HO16844,chr22,42515661,42516224,563
HO16845,chr22,42519301,42520354,1053
HO16846,chr22,42544372,42545120,748
HO16847,chr22,42553185,42554405,1220
HO16848,chr22,42561498,42563050,1552
HO16849,chr22,42577423,42578120,697
HO16850,chr22,42581532,42582610,1078
HO16851,chr22,42613921,42616020,2099
HO16852,chr22,42621336,42621919,583
HO16853,chr22,42648642,42649917,1275
HO16854,chr22,42661748,42662889,1141
HO16855,chr22,42673456,42674409,953
HO16856,chr22,42716939,42717893,954
HO16857,chr22,42719677,42721339,1662
HO16858,chr22,42772923,42773680,757
HO16859,chr22,42855926,42857639,1713
HO16860,chr22,42867385,42868143,758
HO16861,chr22,42990933,42991695,762
HO16862,chr22,43013868,43015662,1794
HO16863,chr22,43088734,43090564,1830
HO16864,chr22,43109648,43111759,2111
HO16865,chr22,43142598,43143631,1033
HO16866,chr22,43150927,43152032,1105
HO16867,chr22,43185640,43188055,2415
HO16868,chr22,43202701,43204185,1484
HO16869,chr22,43222160,43223276,1116
HO16870,chr22,43230821,43231559,738
HO16871,chr22,43236168,43237043,875
HO16872,chr22,43342337,43344421,2084
HO16873,chr22,43356373,43357670,1297
HO16874,chr22,43385339,43386089,750
HO16875,chr22,43388165,43388800,635
HO16876,chr22,43811582,43812976,1394
HO16877,chr22,43923091,43924709,1618
HO16878,chr22,43954709,43956216,1507
HO16879,chr22,44023611,44025003,1392
HO16880,chr22,44085602,44087115,1513
HO16881,chr22,44348714,44349800,1086
HO16882,chr22,44381722,44383053,1331
HO16883,chr22,44497009,44498641,1632
HO16884,chr22,44684460,44685137,677
HO16885,chr22,44701508,44703366,1858
HO16886,chr22,44755028,44756292,1264
HO16887,chr22,44930406,44931930,1524
HO16888,chr22,44975209,44975950,741
HO16889,chr22,45006323,45010621,4298
HO16890,chr22,45163061,45165033,1972
HO16891,chr22,45192274,45193455,1181
HO16892,chr22,45202237,45202909,672
HO16893,chr22,45225830,45228023,2193
HO16894,chr22,45239759,45241683,1924
HO16895,chr22,45263092,45264092,1000
HO16896,chr22,45268027,45269704,1677
HO16897,chr22,45284470,45285985,1515
HO16898,chr22,45308847,45310501,1654
HO16899,chr22,45334605,45335452,847
HO16900,chr22,45412929,45414255,1326
HO16901,chr22,45435353,45436040,687
HO16902,chr22,45501811,45503679,1868
HO16903,chr22,45503887,45505532,1645
HO16904,chr22,45518181,45519085,904
HO16905,chr22,45632496,45633531,1035
HO16906,chr22,45644883,45646052,1169
HO16907,chr22,45671062,45672791,1729
HO16908,chr22,45703442,45704215,773
HO16909,chr22,45756589,45757615,1026
HO16910,chr22,45762195,45764213,2018
HO16911,chr22,45866295,45867789,1494
HO16912,chr22,45918400,45919748,1348
HO16913,chr22,45970613,45972698,2085
HO16914,chr22,45977967,45979462,1495
HO16915,chr22,45994507,45995213,706
HO16916,chr22,45997087,45997977,890
HO16917,chr22,46006176,46006860,684
HO16918,chr22,46006990,46008281,1291
HO16919,chr22,46013028,46014435,1407
HO16920,chr22,46026793,46028632,1839
HO16921,chr22,46035391,46037077,1686
HO16922,chr22,46043821,46046026,2205
HO16923,chr22,46052334,46054749,2415
HO16924,chr22,46069612,46072545,2933
HO16925,chr22,46106751,46107705,954
HO16926,chr22,46108859,46109516,657
HO16927,chr22,46116101,46117014,913
HO16928,chr22,46123242,46124332,1090
HO16929,chr22,46149309,46151741,2432
HO16930,chr22,46249610,46250951,1341
HO16931,chr22,46267405,46268697,1292
HO16932,chr22,46295930,46297507,1577
HO16933,chr22,46335015,46336875,1860
HO16934,chr22,46536521,46539021,2500
HO16935,chr22,46542085,46542635,550
HO16936,chr22,46546545,46548224,1679
HO16937,chr22,46563236,46564609,1373
HO16938,chr22,46575197,46577981,2784
HO16939,chr22,46685609,46687233,1624
HO16940,chr22,46737123,46739623,2500
HO16941,chr22,46761968,46763345,1377
HO16942,chr22,46798276,46799129,853
HO16943,chr22,46970483,46971778,1295
HO16944,chr22,47090238,47091716,1478
HO16945,chr22,47153839,47155569,1730
HO16946,chr22,47217078,47217741,663
HO16947,chr22,49015540,49016861,1321
HO16948,chr22,49481153,49482420,1267
HO16949,chr22,49632131,49633180,1049
HO16950,chr22,49825985,49828396,2411
HO16951,chr22,49852847,49854755,1908
HO16952,chr22,49917467,49919188,1721
HO16953,chr22,49935709,49936552,843
HO16954,chr22,49959883,49962965,3082
HO16955,chr22,49970622,49971867,1245
HO16956,chr22,50029608,50030784,1176
HO16957,chr22,50169023,50171485,2462
HO16958,chr22,50183989,50186215,2226
HO16959,chr22,50189877,50191724,1847
HO16960,chr22,50199807,50202034,2227
HO16961,chr22,50208974,50210520,1546
HO16962,chr22,50244153,50245591,1438
HO16963,chr22,50250471,50252448,1977
HO16964,chr22,50260465,50262136,1671
HO16965,chr22,50267414,50268040,626
HO16966,chr22,50269506,50271060,1554
HO16967,chr22,50293139,50294489,1350
HO16968,chr22,50295299,50295723,424
HO16969,chr22,50305678,50306564,886
HO16970,chr22,50306875,50308212,1337
HO16971,chr22,50308345,50309187,842
HO16972,chr22,50326115,50327780,1665
HO16973,chr22,50342014,50343623,1609
HO16974,chr22,50473761,50475472,1711
HO16975,chr22,50506832,50508737,1905
HO16976,chr22,50524907,50526726,1819
HO16977,chr22,50562499,50563843,1344
HO16978,chr22,50582079,50583627,1548
HO16979,chr22,50599921,50601716,1795
HO16980,chr22,50619795,50621159,1364
HO16981,chr22,50627361,50628668,1307
HO16982,chr22,50672152,50675533,3381
HO16983,chr22,50696631,50698007,1376
HO16984,chr22,50783041,50784097,1056
HO16985,chr3,196422,198498,2076
HO16986,chr3,372947,375063,2116
HO16987,chr3,2097948,2100193,2245
HO16988,chr3,3126213,3127575,1362
HO16989,chr3,3178985,3180015,1030
HO16990,chr3,3600385,3601311,926
HO16991,chr3,3798463,3800461,1998
HO16992,chr3,4302768,4304107,1339
HO16993,chr3,4466473,4467559,1086
HO16994,chr3,4492167,4494279,2112
HO16995,chr3,4867598,4869181,1583
HO16996,chr3,4977061,4980593,3532
HO16997,chr3,4985418,4987368,1950
HO16998,chr3,5026066,5027216,1150
HO16999,chr3,5121768,5123275,1507
HO17000,chr3,5186879,5188911,2032
HO17001,chr3,6518349,6519218,869
HO17002,chr3,6860275,6863028,2753
HO17003,chr3,7270523,7271277,754
HO17004,chr3,8069098,8070586,1488
HO17005,chr3,8324800,8326228,1428
HO17006,chr3,8443834,8444796,962
HO17007,chr3,8500435,8501995,1560
HO17008,chr3,8503798,8504523,725
HO17009,chr3,8622555,8623635,1080
HO17010,chr3,8657781,8658917,1136
HO17011,chr3,8660079,8661144,1065
HO17012,chr3,8663144,8664017,873
HO17013,chr3,8741289,8742593,1304
HO17014,chr3,8767177,8769695,2518
HO17015,chr3,8894171,8895031,860
HO17016,chr3,8936674,8938336,1662
HO17017,chr3,8962822,8963895,1073
HO17018,chr3,9203783,9205110,1327
HO17019,chr3,9247306,9250145,2839
HO17020,chr3,9302035,9302918,883
HO17021,chr3,9316686,9317622,936
HO17022,chr3,9362622,9363624,1002
HO17023,chr3,9396098,9397995,1897
HO17024,chr3,9402532,9403712,1180
HO17025,chr3,9422373,9423450,1077
HO17026,chr3,9499873,9500969,1096
HO17027,chr3,9600136,9601089,953
HO17028,chr3,9648834,9650428,1594
HO17029,chr3,9681510,9682413,903
HO17030,chr3,9703598,9705355,1757
HO17031,chr3,9730664,9732521,1857
HO17032,chr3,9749198,9750444,1246
HO17033,chr3,9769309,9770967,1658
HO17034,chr3,9792060,9793730,1670
HO17035,chr3,9809289,9810842,1553
HO17036,chr3,9843134,9844276,1142
HO17037,chr3,9862394,9863432,1038
HO17038,chr3,9889563,9891157,1594
HO17039,chr3,9914882,9917411,2529
HO17040,chr3,9932530,9934473,1943
HO17041,chr3,9946041,9947566,1525
HO17042,chr3,9951777,9952596,819
HO17043,chr3,9986125,9987646,1521
HO17044,chr3,10008698,10009421,723
HO17045,chr3,10010626,10011608,982
HO17046,chr3,10025637,10026818,1181
HO17047,chr3,10115043,10116455,1412
HO17048,chr3,10141200,10142409,1209
HO17049,chr3,10164479,10165662,1183
HO17050,chr3,10178800,10179423,623
HO17051,chr3,10193605,10195258,1653
HO17052,chr3,10224670,10225243,573
HO17053,chr3,10247807,10249593,1786
HO17054,chr3,10263359,10264386,1027
HO17055,chr3,10320232,10321541,1309
HO17056,chr3,10459824,10460554,730
HO17057,chr3,10494607,10495512,905
HO17058,chr3,10504834,10506316,1482
HO17059,chr3,10594771,10595315,544
HO17060,chr3,10707188,10708674,1486
HO17061,chr3,10738467,10739211,744
HO17062,chr3,10991848,10993251,1403
HO17063,chr3,11096112,11097131,1019
HO17064,chr3,11154046,11155771,1725
HO17065,chr3,11271770,11272803,1033
HO17066,chr3,11581266,11582982,1716
HO17067,chr3,11590974,11592184,1210
HO17068,chr3,11600155,11601027,872
HO17069,chr3,11603419,11604814,1395
HO17070,chr3,11609555,11611711,2156
HO17071,chr3,11618850,11620513,1663
HO17072,chr3,11632452,11633399,947
HO17073,chr3,11642396,11644211,1815
HO17074,chr3,11717914,11720915,3001
HO17075,chr3,11770033,11771351,1318
HO17076,chr3,11820330,11821283,953
HO17077,chr3,11832567,11833777,1210
HO17078,chr3,11845826,11847170,1344
HO17079,chr3,11915303,11916380,1077
HO17080,chr3,12003565,12005200,1635
HO17081,chr3,12050916,12051880,964
HO17082,chr3,12287140,12289082,1942
HO17083,chr3,12483484,12485053,1569
HO17084,chr3,12556219,12557559,1340
HO17085,chr3,12591870,12592974,1104
HO17086,chr3,12662589,12664648,2059
HO17087,chr3,12719554,12720543,989
HO17088,chr3,12780090,12781444,1354
HO17089,chr3,12796255,12797419,1164
HO17090,chr3,12809619,12810767,1148
HO17091,chr3,12840499,12842016,1517
HO17092,chr3,12854129,12855229,1100
HO17093,chr3,12867962,12869605,1643
HO17094,chr3,12875706,12876826,1120
HO17095,chr3,12877856,12879540,1684
HO17096,chr3,12890795,12892419,1624
HO17097,chr3,12966363,12968169,1806
HO17098,chr3,12992588,12995331,2743
HO17099,chr3,13017675,13018772,1097
HO17100,chr3,13072237,13073946,1709
HO17101,chr3,13281240,13283425,2185
HO17102,chr3,13290624,13291398,774
HO17103,chr3,13419160,13420758,1598
HO17104,chr3,13451284,13452293,1009
HO17105,chr3,13479163,13481200,2037
HO17106,chr3,13546287,13547252,965
HO17107,chr3,13548609,13549862,1253
HO17108,chr3,13600808,13601773,965
HO17109,chr3,13647699,13648580,881
HO17110,chr3,13650213,13650857,644
HO17111,chr3,13879327,13880918,1591
HO17112,chr3,13894810,13896847,2037
HO17113,chr3,14124051,14126118,2067
HO17114,chr3,14177689,14179019,1330
HO17115,chr3,14289067,14290176,1109
HO17116,chr3,14374337,14374952,615
HO17117,chr3,14401915,14404892,2977
HO17118,chr3,14451774,14453495,1721
HO17119,chr3,14555038,14556235,1197
HO17120,chr3,14650893,14652404,1511
HO17121,chr3,14920809,14921526,717
HO17122,chr3,14946871,14948986,2115
HO17123,chr3,15040027,15041478,1451
HO17124,chr3,15064196,15065562,1366
HO17125,chr3,15098422,15099794,1372
HO17126,chr3,15205502,15207422,1920
HO17127,chr3,15281631,15282388,757
HO17128,chr3,15309681,15311027,1346
HO17129,chr3,15324050,15325597,1547
HO17130,chr3,15331477,15333475,1998
HO17131,chr3,15377816,15378887,1071
HO17132,chr3,15426877,15428796,1919
HO17133,chr3,15495164,15496604,1440
HO17134,chr3,15557402,15557971,569
HO17135,chr3,15600979,15602347,1368
HO17136,chr3,15796418,15798289,1871
HO17137,chr3,15858726,15860858,2132
HO17138,chr3,16027507,16029014,1507
HO17139,chr3,16264098,16265526,1428
HO17140,chr3,16511870,16513971,2101
HO17141,chr3,16882920,16885795,2875
HO17142,chr3,16900695,16902010,1315
HO17143,chr3,16928225,16930736,2511
HO17144,chr3,17286057,17287846,1789
HO17145,chr3,17741646,17743566,1920
HO17146,chr3,18423849,18426247,2398
HO17147,chr3,18443540,18445929,2389
HO17148,chr3,19146471,19148800,2329
HO17149,chr3,19946360,19948167,1807
HO17150,chr3,20039616,20041807,2191
HO17151,chr3,20185351,20187070,1719
HO17152,chr3,21750038,21751621,1583
HO17153,chr3,21938098,21938800,702
HO17154,chr3,22371777,22373180,1403
HO17155,chr3,22927824,22929193,1369
HO17156,chr3,23202200,23204170,1970
HO17157,chr3,23728223,23730348,2125
HO17158,chr3,23755658,23757095,1437
HO17159,chr3,23805375,23807601,2226
HO17160,chr3,23810272,23811235,963
HO17161,chr3,23864689,23866451,1762
HO17162,chr3,23876897,23877842,945
HO17163,chr3,23916282,23917809,1527
HO17164,chr3,23944741,23946644,1903
HO17165,chr3,24493922,24495917,1995
HO17166,chr3,24520990,24522480,1490
HO17167,chr3,24828901,24830722,1821
HO17168,chr3,25427552,25428871,1319
HO17169,chr3,25663316,25665697,2381
HO17170,chr3,25782675,25784111,1436
HO17171,chr3,25789521,25790579,1058
HO17172,chr3,26621880,26624713,2833
HO17173,chr3,27368694,27369722,1028
HO17174,chr3,27483085,27484932,1847
HO17175,chr3,27589652,27592212,2560
HO17176,chr3,27632277,27633537,1260
HO17177,chr3,27666193,27667110,917
HO17178,chr3,27680592,27681820,1228
HO17179,chr3,27711862,27713889,2027
HO17180,chr3,27720913,27722517,1604
HO17181,chr3,28240910,28242065,1155
HO17182,chr3,28348035,28349652,1617
HO17183,chr3,28574864,28576956,2092
HO17184,chr3,29280434,29283108,2674
HO17185,chr3,29334612,29335878,1266
HO17186,chr3,30605997,30607465,1468
HO17187,chr3,30845686,30846998,1312
HO17188,chr3,30894038,30895489,1451
HO17189,chr3,31531470,31533818,2348
HO17190,chr3,31747448,31749362,1914
HO17191,chr3,31972156,31973458,1302
HO17192,chr3,31980129,31982075,1946
HO17193,chr3,32106052,32107380,1328
HO17194,chr3,32237754,32239404,1650
HO17195,chr3,32391260,32392914,1654
HO17196,chr3,32401128,32402112,984
HO17197,chr3,32467429,32468156,727
HO17198,chr3,32501871,32503073,1202
HO17199,chr3,32569552,32571360,1808
HO17200,chr3,32684355,32685895,1540
HO17201,chr3,32780491,32781834,1343
HO17202,chr3,32816042,32817756,1714
HO17203,chr3,32972160,32973399,1239
HO17204,chr3,33096062,33098081,2019
HO17205,chr3,33113473,33114801,1328
HO17206,chr3,33217746,33219305,1559
HO17207,chr3,33276938,33278697,1759
HO17208,chr3,33439307,33441383,2076
HO17209,chr3,33658495,33660233,1738
HO17210,chr3,33716799,33718856,2057
HO17211,chr3,33797785,33799316,1531
HO17212,chr3,35504800,35505712,912
HO17213,chr3,35638798,35640192,1394
HO17214,chr3,36379834,36381049,1215
HO17215,chr3,36763705,36765440,1735
HO17216,chr3,36932440,36933545,1105
HO17217,chr3,36943579,36945917,2338
HO17218,chr3,36957826,36959091,1265
HO17219,chr3,36992205,36993926,1721
HO17220,chr3,37175260,37177128,1868
HO17221,chr3,37242559,37244416,1857
HO17222,chr3,37451421,37454308,2887
HO17223,chr3,37770298,37771941,1643
HO17224,chr3,37860142,37863492,3350
HO17225,chr3,37906044,37907309,1265
HO17226,chr3,37936004,37936860,856
HO17227,chr3,37993593,37994566,973
HO17228,chr3,37998217,37999386,1169
HO17229,chr3,38004299,38005473,1174
HO17230,chr3,38023941,38025438,1497
HO17231,chr3,38028925,38030036,1111
HO17232,chr3,38038815,38040273,1458
HO17233,chr3,38083878,38085760,1882
HO17234,chr3,38136344,38137780,1436
HO17235,chr3,38138041,38139079,1038
HO17236,chr3,38164468,38166272,1804
HO17237,chr3,38346212,38347551,1339
HO17238,chr3,38453125,38456006,2881
HO17239,chr3,38459033,38459728,695
HO17240,chr3,38495851,38496864,1013
HO17241,chr3,38648974,38650206,1232
HO17242,chr3,39051320,39052904,1584
HO17243,chr3,39096462,39097330,868
HO17244,chr3,39106229,39108696,2467
HO17245,chr3,39140922,39142421,1499
HO17246,chr3,39150836,39153938,3102
HO17247,chr3,39177045,39178287,1242
HO17248,chr3,39180439,39181277,838
HO17249,chr3,39288145,39288730,585
HO17250,chr3,39353343,39354714,1371
HO17251,chr3,39383138,39384565,1427
HO17252,chr3,39406229,39407257,1028
HO17253,chr3,39808499,39810603,2104
HO17254,chr3,39937025,39938098,1073
HO17255,chr3,40308898,40310502,1604
HO17256,chr3,40386681,40387668,987
HO17257,chr3,40452524,40453549,1025
HO17258,chr3,40456884,40457709,825
HO17259,chr3,40476579,40477988,1409
HO17260,chr3,40505291,40506568,1277
HO17261,chr3,40523906,40525515,1609
HO17262,chr3,41026227,41027027,800
HO17263,chr3,41097544,41098659,1115
HO17264,chr3,41198590,41200453,1863
HO17265,chr3,41206345,41207979,1634
HO17266,chr3,41961094,41962684,1590
HO17267,chr3,42012659,42015431,2772
HO17268,chr3,42024515,42026444,1929
HO17269,chr3,42031860,42033520,1660
HO17270,chr3,42052028,42053796,1768
HO17271,chr3,42071665,42073495,1830
HO17272,chr3,42117010,42117986,976
HO17273,chr3,42501241,42503097,1856
HO17274,chr3,42581301,42582669,1368
HO17275,chr3,42590022,42591414,1392
HO17276,chr3,42599813,42601431,1618
HO17277,chr3,42653195,42655428,2233
HO17278,chr3,42701167,42701789,622
HO17279,chr3,42731908,42732724,816
HO17280,chr3,42772484,42773528,1044
HO17281,chr3,42803240,42804986,1746
HO17282,chr3,42880321,42881473,1152
HO17283,chr3,42905679,42907020,1341
HO17284,chr3,42978697,42979951,1254
HO17285,chr3,43104866,43106495,1629
HO17286,chr3,43152411,43154153,1742
HO17287,chr3,43285888,43287474,1586
HO17288,chr3,43621057,43622752,1695
HO17289,chr3,43690066,43691758,1692
HO17290,chr3,43769092,43770299,1207
HO17291,chr3,43893776,43894953,1177
HO17292,chr3,43997915,43999524,1609
HO17293,chr3,44337777,44339197,1420
HO17294,chr3,44477032,44478191,1159
HO17295,chr3,44509363,44511270,1907
HO17296,chr3,44554667,44555684,1017
HO17297,chr3,44584197,44585411,1214
HO17298,chr3,44624451,44625938,1487
HO17299,chr3,44648198,44649265,1067
HO17300,chr3,44684855,44685845,990
HO17301,chr3,44712170,44713022,852
HO17302,chr3,44729125,44729951,826
HO17303,chr3,44760990,44762236,1246
HO17304,chr3,44861222,44862576,1354
HO17305,chr3,44975091,44976725,1634
HO17306,chr3,45037506,45038044,538
HO17307,chr3,45145311,45146703,1392
HO17308,chr3,45182782,45183751,969
HO17309,chr3,45224800,45227372,2572
HO17310,chr3,45388010,45389586,1576
HO17311,chr3,45537500,45538924,1424
HO17312,chr3,45573533,45574789,1256
HO17313,chr3,45582318,45583769,1451
HO17314,chr3,45592937,45594508,1571
HO17315,chr3,45611241,45612100,859
HO17316,chr3,45664279,45665499,1220
HO17317,chr3,45688203,45689826,1623
HO17318,chr3,45841157,45842426,1269
HO17319,chr3,45994730,45996108,1378
HO17320,chr3,46085095,46086771,1676
HO17321,chr3,46091776,46092967,1191
HO17322,chr3,46488579,46489223,644
HO17323,chr3,46557964,46558970,1006
HO17324,chr3,46565520,46566695,1175
HO17325,chr3,46628451,46630288,1837
HO17326,chr3,46692657,46694266,1609
HO17327,chr3,46704782,46705565,783
HO17328,chr3,46811641,46812883,1242
HO17329,chr3,46845025,46846496,1471
HO17330,chr3,46881395,46883701,2306
HO17331,chr3,46891993,46892869,876
HO17332,chr3,46909197,46909961,764
HO17333,chr3,46934807,46935852,1045
HO17334,chr3,46959898,46961187,1289
HO17335,chr3,46970276,46971282,1006
HO17336,chr3,46976025,46977191,1166
HO17337,chr3,46979140,46980168,1028
HO17338,chr3,47008879,47010283,1404
HO17339,chr3,47034804,47035566,762
HO17340,chr3,47163084,47165342,2258
HO17341,chr3,47281520,47283482,1962
HO17342,chr3,47380000,47381770,1770
HO17343,chr3,47404719,47405861,1142
HO17344,chr3,47420752,47422670,1918
HO17345,chr3,47441890,47442677,787
HO17346,chr3,47474728,47476244,1516
HO17347,chr3,47481325,47482898,1573
HO17348,chr3,47512409,47513995,1586
HO17349,chr3,47521980,47522683,703
HO17350,chr3,47577554,47579590,2036
HO17351,chr3,47780954,47782458,1504
HO17352,chr3,47788649,47789640,991
HO17353,chr3,47802131,47803938,1807
HO17354,chr3,47824422,47825903,1481
HO17355,chr3,48087173,48089480,2307
HO17356,chr3,48151017,48152465,1448
HO17357,chr3,48187088,48188987,1899
HO17358,chr3,48231732,48233064,1332
HO17359,chr3,48240157,48241981,1824
HO17360,chr3,48300689,48302108,1419
HO17361,chr3,48428544,48430344,1800
HO17362,chr3,48439714,48440931,1217
HO17363,chr3,48445994,48447219,1225
HO17364,chr3,48465253,48466971,1718
HO17365,chr3,48472525,48473651,1126
HO17366,chr3,48503448,48504978,1530
HO17367,chr3,48555109,48555905,796
HO17368,chr3,48556351,48557476,1125
HO17369,chr3,48558127,48558428,301
HO17370,chr3,48560752,48561352,600
HO17371,chr3,48608849,48609948,1099
HO17372,chr3,48612070,48612853,783
HO17373,chr3,48634727,48636118,1391
HO17374,chr3,48655666,48656824,1158
HO17375,chr3,48661426,48662178,752
HO17376,chr3,48662501,48664385,1884
HO17377,chr3,48685309,48686440,1131
HO17378,chr3,48694512,48695713,1201
HO17379,chr3,48716283,48717585,1302
HO17380,chr3,48739661,48740703,1042
HO17381,chr3,48746771,48748085,1314
HO17382,chr3,48846890,48848312,1422
HO17383,chr3,48897973,48899152,1179
HO17384,chr3,48918084,48920131,2047
HO17385,chr3,48989230,48991095,1865
HO17386,chr3,49006489,49008307,1818
HO17387,chr3,49017657,49018748,1091
HO17388,chr3,49020441,49022441,2000
HO17389,chr3,49028718,49029736,1018
HO17390,chr3,49092853,49094768,1915
HO17391,chr3,49104140,49105308,1168
HO17392,chr3,49120099,49121296,1197
HO17393,chr3,49132254,49134033,1779
HO17394,chr3,49165126,49166523,1397
HO17395,chr3,49170851,49171975,1124
HO17396,chr3,49172644,49174192,1548
HO17397,chr3,49198745,49200114,1369
HO17398,chr3,49238035,49239265,1230
HO17399,chr3,49266061,49267502,1441
HO17400,chr3,49276239,49277932,1693
HO17401,chr3,49339098,49340968,1870
HO17402,chr3,49357482,49359098,1616
HO17403,chr3,49411134,49412752,1618
HO17404,chr3,49421851,49423070,1219
HO17405,chr3,49428671,49429949,1278
HO17406,chr3,49458952,49459735,783
HO17407,chr3,49461370,49462210,840
HO17408,chr3,49465543,49466097,554
HO17409,chr3,49469047,49470915,1868
HO17410,chr3,49484976,49486170,1194
HO17411,chr3,49500412,49501318,906
HO17412,chr3,49518853,49519764,911
HO17413,chr3,49539344,49540749,1405
HO17414,chr3,49553469,49555240,1771
HO17415,chr3,49673176,49674795,1619
HO17416,chr3,49686403,49687220,817
HO17417,chr3,49688836,49690192,1356
HO17418,chr3,49703281,49703965,684
HO17419,chr3,49718603,49719955,1352
HO17420,chr3,49723260,49724753,1493
HO17421,chr3,49775118,49776511,1393
HO17422,chr3,49785712,49787151,1439
HO17423,chr3,49802347,49804017,1670
HO17424,chr3,49838985,49840133,1148
HO17425,chr3,49856037,49857030,993
HO17426,chr3,49929159,49931210,2051
HO17427,chr3,49939487,49940744,1257
HO17428,chr3,49966610,49967775,1165
HO17429,chr3,50088298,50089876,1578
HO17430,chr3,50126002,50127075,1073
HO17431,chr3,50154414,50155641,1227
HO17432,chr3,50189071,50189623,552
HO17433,chr3,50194164,50195204,1040
HO17434,chr3,50204729,50206227,1498
HO17435,chr3,50212596,50213783,1187
HO17436,chr3,50225936,50228213,2277
HO17437,chr3,50235536,50236432,896
HO17438,chr3,50237544,50238343,799
HO17439,chr3,50245549,50247013,1464
HO17440,chr3,50259594,50261032,1438
HO17441,chr3,50264341,50265204,863
HO17442,chr3,50267109,50267746,637
HO17443,chr3,50268644,50269288,644
HO17444,chr3,50272830,50273319,489
HO17445,chr3,50289856,50290638,782
HO17446,chr3,50291602,50292877,1275
HO17447,chr3,50298592,50299993,1401
HO17448,chr3,50320579,50323400,2821
HO17449,chr3,50327655,50328517,862
HO17450,chr3,50336555,50338264,1709
HO17451,chr3,50350332,50351325,993
HO17452,chr3,50358761,50359901,1140
HO17453,chr3,50364458,50365797,1339
HO17454,chr3,50502196,50504324,2128
HO17455,chr3,50567083,50567987,904
HO17456,chr3,50568714,50569803,1089
HO17457,chr3,50600622,50602343,1721
HO17458,chr3,50611119,50612552,1433
HO17459,chr3,50615964,50616286,322
HO17460,chr3,50616538,50617775,1237
HO17461,chr3,50649018,50650012,994
HO17462,chr3,50674195,50675641,1446
HO17463,chr3,51384175,51385885,1710
HO17464,chr3,51390647,51392250,1603
HO17465,chr3,51486929,51487899,970
HO17466,chr3,51498938,51500497,1559
HO17467,chr3,51537936,51539915,1979
HO17468,chr3,51669273,51669670,397
HO17469,chr3,51670657,51672289,1632
HO17470,chr3,51681297,51682427,1130
HO17471,chr3,51686137,51687254,1117
HO17472,chr3,51691536,51692808,1272
HO17473,chr3,51706071,51707588,1517
HO17474,chr3,51941329,51942743,1414
HO17475,chr3,51955517,51956797,1280
HO17476,chr3,51966946,51968617,1671
HO17477,chr3,51973528,51976256,2728
HO17478,chr3,51982369,51983751,1382
HO17479,chr3,51995236,51996314,1078
HO17480,chr3,52001333,52001857,524
HO17481,chr3,52004021,52006424,2403
HO17482,chr3,52028454,52029958,1504
HO17483,chr3,52039486,52040486,1000
HO17484,chr3,52052697,52053738,1041
HO17485,chr3,52055734,52057736,2002
HO17486,chr3,52143949,52144636,687
HO17487,chr3,52153306,52155099,1793
HO17488,chr3,52197530,52198747,1217
HO17489,chr3,52220098,52220802,704
HO17490,chr3,52237465,52239765,2300
HO17491,chr3,52244874,52246337,1463
HO17492,chr3,52277424,52279101,1677
HO17493,chr3,52283251,52283740,489
HO17494,chr3,52287133,52288247,1114
HO17495,chr3,52297846,52300911,3065
HO17496,chr3,52307241,52308528,1287
HO17497,chr3,52317092,52318039,947
HO17498,chr3,52379151,52380911,1760
HO17499,chr3,52409457,52411453,1996
HO17500,chr3,52449644,52450548,904
HO17501,chr3,52454943,52456865,1922
HO17502,chr3,52483305,52484627,1322
HO17503,chr3,52532611,52534492,1881
HO17504,chr3,52536194,52537417,1223
HO17505,chr3,52670441,52671505,1064
HO17506,chr3,52685252,52686430,1178
HO17507,chr3,52704397,52706460,2063
HO17508,chr3,52769908,52771656,1748
HO17509,chr3,52896565,52897940,1375
HO17510,chr3,53044655,53046963,2308
HO17511,chr3,53072317,53074054,1737
HO17512,chr3,53109664,53110541,877
HO17513,chr3,53129813,53130950,1137
HO17514,chr3,53160507,53162541,2034
HO17515,chr3,53162758,53163786,1028
HO17516,chr3,53254267,53256355,2088
HO17517,chr3,53346397,53348068,1671
HO17518,chr3,53493574,53494839,1265
HO17519,chr3,53495077,53496172,1095
HO17520,chr3,53842596,53843253,657
HO17521,chr3,53845375,53846807,1432
HO17522,chr3,53881263,53882522,1259
HO17523,chr3,53890874,53892360,1486
HO17524,chr3,54120771,54123229,2458
HO17525,chr3,54145920,54147358,1438
HO17526,chr3,54321272,54322665,1393
HO17527,chr3,54493115,54494066,951
HO17528,chr3,54864629,54865834,1205
HO17529,chr3,54890861,54892065,1204
HO17530,chr3,55423036,55424413,1377
HO17531,chr3,55481850,55483095,1245
HO17532,chr3,55484949,55485538,589
HO17533,chr3,55486123,55486572,449
HO17534,chr3,55486825,55487816,991
HO17535,chr3,55487906,55488963,1057
HO17536,chr3,56466761,56468846,2085
HO17537,chr3,56556471,56558047,1576
HO17538,chr3,56682051,56683627,1576
HO17539,chr3,56800331,56802412,2081
HO17540,chr3,56862064,56863127,1063
HO17541,chr3,57016229,57017816,1587
HO17542,chr3,57040628,57042531,1903
HO17543,chr3,57077389,57079861,2472
HO17544,chr3,57085759,57086737,978
HO17545,chr3,57164147,57165605,1458
HO17546,chr3,57169858,57170632,774
HO17547,chr3,57226665,57228757,2092
HO17548,chr3,57543883,57544735,852
HO17549,chr3,57545521,57546497,976
HO17550,chr3,57555334,57557525,2191
HO17551,chr3,57596430,57598243,1813
HO17552,chr3,57691801,57693306,1505
HO17553,chr3,57755268,57758286,3018
HO17554,chr3,57809712,57811241,1529
HO17555,chr3,57895590,57896413,823
HO17556,chr3,57948004,57949212,1208
HO17557,chr3,57998466,57999831,1365
HO17558,chr3,58007871,58010375,2504
HO17559,chr3,58048936,58049865,929
HO17560,chr3,58058089,58060262,2173
HO17561,chr3,58163084,58165948,2864
HO17562,chr3,58173434,58174493,1059
HO17563,chr3,58177450,58178280,830
HO17564,chr3,58216942,58217828,886
HO17565,chr3,58236782,58238716,1934
HO17566,chr3,58287109,58288510,1401
HO17567,chr3,58305813,58307552,1739
HO17568,chr3,58332395,58334211,1816
HO17569,chr3,58433029,58434268,1239
HO17570,chr3,58491101,58492856,1755
HO17571,chr3,58532609,58533111,502
HO17572,chr3,58536211,58537473,1262
HO17573,chr3,58584547,58585720,1173
HO17574,chr3,58626757,58628231,1474
HO17575,chr3,58640429,58641030,601
HO17576,chr3,59048542,59050399,1857
HO17577,chr3,61249785,61250613,828
HO17578,chr3,61250788,61251962,1174
HO17579,chr3,61559668,61562495,2827
HO17580,chr3,61564469,61564961,492
HO17581,chr3,62267254,62268346,1092
HO17582,chr3,62318432,62319596,1164
HO17583,chr3,63862843,63864751,1908
HO17584,chr3,63911528,63913451,1923
HO17585,chr3,64022430,64023733,1303
HO17586,chr3,64109227,64110168,941
HO17587,chr3,64224835,64225717,882
HO17588,chr3,64267542,64268568,1026
HO17589,chr3,64351649,64352729,1080
HO17590,chr3,64443664,64445806,2142
HO17591,chr3,64533444,64534067,623
HO17592,chr3,64571767,64572550,783
HO17593,chr3,64684703,64686899,2196
HO17594,chr3,64687370,64688528,1158
HO17595,chr3,65548730,65549831,1101
HO17596,chr3,65596574,65598357,1783
HO17597,chr3,65952940,65954775,1835
HO17598,chr3,66036936,66039900,2964
HO17599,chr3,66220121,66221504,1383
HO17600,chr3,66499847,66501568,1721
HO17601,chr3,66819883,66820650,767
HO17602,chr3,66971291,66972591,1300
HO17603,chr3,66997527,66999149,1622
HO17604,chr3,67653626,67655945,2319
HO17605,chr3,68931443,68932899,1456
HO17606,chr3,69012578,69014116,1538
HO17607,chr3,69051067,69052778,1711
HO17608,chr3,69079077,69080583,1506
HO17609,chr3,69084324,69086737,2413
HO17610,chr3,69116586,69117286,700
HO17611,chr3,69199484,69201111,1627
HO17612,chr3,69242559,69243694,1135
HO17613,chr3,69306183,69307240,1057
HO17614,chr3,69385082,69386790,1708
HO17615,chr3,69391342,69392302,960
HO17616,chr3,69435195,69436191,996
HO17617,chr3,69505474,69506444,970
HO17618,chr3,69540677,69543072,2395
HO17619,chr3,69550408,69551258,850
HO17620,chr3,69738354,69740399,2045
HO17621,chr3,70832020,70832879,859
HO17622,chr3,71063828,71065737,1909
HO17623,chr3,71128864,71131020,2156
HO17624,chr3,71304676,71306219,1543
HO17625,chr3,71581321,71584908,3587
HO17626,chr3,71651732,71653355,1623
HO17627,chr3,71689984,71691073,1089
HO17628,chr3,71693686,71695458,1772
HO17629,chr3,71724362,71725903,1541
HO17630,chr3,71752982,71755030,2048
HO17631,chr3,71784358,71786454,2096
HO17632,chr3,72099735,72101397,1662
HO17633,chr3,72268488,72270613,2125
HO17634,chr3,72288834,72289929,1095
HO17635,chr3,72445868,72447906,2038
HO17636,chr3,72738182,72739564,1382
HO17637,chr3,72847402,72848948,1546
HO17638,chr3,72886763,72889453,2690
HO17639,chr3,72956561,72957786,1225
HO17640,chr3,72972693,72973717,1024
HO17641,chr3,72996255,72997969,1714
HO17642,chr3,73100603,73101720,1117
HO17643,chr3,73254064,73256061,1997
HO17644,chr3,73350814,73352054,1240
HO17645,chr3,73623358,73625618,2260
HO17646,chr3,73818240,73819633,1393
HO17647,chr3,74613534,74615074,1540
HO17648,chr3,75434309,75436298,1989
HO17649,chr3,75579341,75580560,1219
HO17650,chr3,75618459,75620094,1635
HO17651,chr3,75640901,75641839,938
HO17652,chr3,75667918,75670623,2705
HO17653,chr3,75784722,75785818,1096
HO17654,chr3,75906251,75907637,1386
HO17655,chr3,76010017,76011649,1632
HO17656,chr3,77038367,77040531,2164
HO17657,chr3,78765452,78766524,1072
HO17658,chr3,78871785,78873290,1505
HO17659,chr3,79017257,79019856,2599
HO17660,chr3,79765760,79768228,2468
HO17661,chr3,81760589,81762006,1417
HO17662,chr3,84958350,84960132,1782
HO17663,chr3,86990311,86991607,1296
HO17664,chr3,87088509,87089906,1397
HO17665,chr3,87226456,87227988,1532
HO17666,chr3,88057998,88060105,2107
HO17667,chr3,88149116,88150640,1524
HO17668,chr3,89113950,89114983,1033
HO17669,chr3,93470260,93470825,565
HO17670,chr3,93972949,93974217,1268
HO17671,chr3,93979569,93980834,1265
HO17672,chr3,94062207,94063957,1750
HO17673,chr3,96000460,96001715,1255
HO17674,chr3,96812849,96815327,2478
HO17675,chr3,97665758,97666645,887
HO17676,chr3,97763634,97765155,1521
HO17677,chr3,97821138,97822838,1700
HO17678,chr3,97971559,97972778,1219
HO17679,chr3,98038999,98039903,904
HO17680,chr3,98521841,98523239,1398
HO17681,chr3,98592648,98594254,1606
HO17682,chr3,98731809,98734185,2376
HO17683,chr3,98900847,98902241,1394
HO17684,chr3,99816906,99818448,1542
HO17685,chr3,99875390,99876778,1388
HO17686,chr3,100032792,100033695,903
HO17687,chr3,100040335,100043011,2676
HO17688,chr3,100260040,100261688,1648
HO17689,chr3,100334100,100335282,1182
HO17690,chr3,100400369,100402078,1709
HO17691,chr3,100491708,100493049,1341
HO17692,chr3,100708903,100710905,2002
HO17693,chr3,101512135,101513623,1488
HO17694,chr3,101561067,101562676,1609
HO17695,chr3,101573197,101575108,1911
HO17696,chr3,101675772,101677492,1720
HO17697,chr3,101685761,101687210,1449
HO17698,chr3,101724176,101725851,1675
HO17699,chr3,101778620,101781150,2530
HO17700,chr3,101827049,101828228,1179
HO17701,chr3,101848830,101851500,2670
HO17702,chr3,105365532,105368449,2917
HO17703,chr3,105368638,105370007,1369
HO17704,chr3,105867765,105869762,1997
HO17705,chr3,105950571,105951655,1084
HO17706,chr3,107124577,107125423,846
HO17707,chr3,107207634,107208949,1315
HO17708,chr3,107235186,107236355,1169
HO17709,chr3,107240079,107241627,1548
HO17710,chr3,107429314,107432128,2814
HO17711,chr3,107522517,107524359,1842
HO17712,chr3,107524511,107525870,1359
HO17713,chr3,107598576,107599982,1406
HO17714,chr3,107832604,107834874,2270
HO17715,chr3,107927083,107928439,1356
HO17716,chr3,107956480,107957889,1409
HO17717,chr3,108089600,108091888,2288
HO17718,chr3,108221536,108223202,1666
HO17719,chr3,108588697,108590144,1447
HO17720,chr3,111069936,111072744,2808
HO17721,chr3,111673945,111675316,1371
HO17722,chr3,111716808,111717987,1179
HO17723,chr3,111736863,111738237,1374
HO17724,chr3,111858980,111860902,1922
HO17725,chr3,111970929,111972369,1440
HO17726,chr3,111978486,111979903,1417
HO17727,chr3,111998525,112000198,1673
HO17728,chr3,112042660,112043972,1312
HO17729,chr3,112085796,112087133,1337
HO17730,chr3,112293190,112294385,1195
HO17731,chr3,112301881,112304361,2480
HO17732,chr3,112307901,112308768,867
HO17733,chr3,112332769,112334422,1653
HO17734,chr3,112390578,112391943,1365
HO17735,chr3,112560761,112562629,1868
HO17736,chr3,112990393,112991592,1199
HO17737,chr3,113018660,113019949,1289
HO17738,chr3,113210267,113212811,2544
HO17739,chr3,113440883,113441873,990
HO17740,chr3,113514066,113515652,1586
HO17741,chr3,113532076,113533859,1783
HO17742,chr3,113574822,113575557,735
HO17743,chr3,113606233,113607338,1105
HO17744,chr3,113695527,113697801,2274
HO17745,chr3,113745022,113747792,2770
HO17746,chr3,113838223,113839313,1090
HO17747,chr3,113947251,113948733,1482
HO17748,chr3,113961152,113961924,772
HO17749,chr3,114056001,114057265,1264
HO17750,chr3,114152274,114153199,925
HO17751,chr3,114379995,114380809,814
HO17752,chr3,114383614,114384769,1155
HO17753,chr3,114400292,114401233,941
HO17754,chr3,114453665,114455436,1771
HO17755,chr3,114498391,114499438,1047
HO17756,chr3,114518989,114519888,899
HO17757,chr3,115092176,115092786,610
HO17758,chr3,115099187,115100964,1777
HO17759,chr3,115145944,115148331,2387
HO17760,chr3,115511767,115513703,1936
HO17761,chr3,115657966,115659257,1291
HO17762,chr3,115783780,115785468,1688
HO17763,chr3,117397704,117398764,1060
HO17764,chr3,117872807,117874809,2002
HO17765,chr3,117996280,117997805,1525
HO17766,chr3,118987193,118988185,992
HO17767,chr3,119034056,119035237,1181
HO17768,chr3,119239794,119241151,1357
HO17769,chr3,119293576,119296101,2525
HO17770,chr3,119322014,119324001,1987
HO17771,chr3,119462937,119464254,1317
HO17772,chr3,119468443,119469743,1300
HO17773,chr3,119497793,119499086,1293
HO17774,chr3,119579229,119580656,1427
HO17775,chr3,119675960,119677821,1861
HO17776,chr3,119702423,119703528,1105
HO17777,chr3,119809378,119810513,1135
HO17778,chr3,120093740,120095936,2196
HO17779,chr3,120348077,120350150,2073
HO17780,chr3,120416806,120417875,1069
HO17781,chr3,120418674,120419219,545
HO17782,chr3,120449680,120451891,2211
HO17783,chr3,120558412,120560006,1594
HO17784,chr3,120595749,120596826,1077
HO17785,chr3,120741767,120743508,1741
HO17786,chr3,120907554,120909376,1822
HO17787,chr3,121545212,121547120,1908
HO17788,chr3,121560970,121562412,1442
HO17789,chr3,121748603,121750173,1570
HO17790,chr3,121834302,121835729,1427
HO17791,chr3,122382740,122384687,1947
HO17792,chr3,122415242,122416747,1505
HO17793,chr3,122451565,122452704,1139
HO17794,chr3,122513469,122515176,1707
HO17795,chr3,122563530,122565005,1475
HO17796,chr3,122679096,122681374,2278
HO17797,chr3,122793322,122795696,2374
HO17798,chr3,122921684,122922627,943
HO17799,chr3,123026048,123028788,2740
HO17800,chr3,123030924,123031793,869
HO17801,chr3,123066593,123068603,2010
HO17802,chr3,123071115,123071467,352
HO17803,chr3,123083089,123084578,1489
HO17804,chr3,123089352,123090565,1213
HO17805,chr3,123200971,123202807,1836
HO17806,chr3,123447688,123450518,2830
HO17807,chr3,123584134,123586491,2357
HO17808,chr3,123620103,123621043,940
HO17809,chr3,123652049,123654013,1964
HO17810,chr3,123660069,123661496,1427
HO17811,chr3,123711480,123712694,1214
HO17812,chr3,123807252,123808381,1129
HO17813,chr3,123883615,123884820,1205
HO17814,chr3,123960543,123961682,1139
HO17815,chr3,124032267,124034764,2497
HO17816,chr3,124512790,124513974,1184
HO17817,chr3,124557168,124558134,966
HO17818,chr3,124558916,124560625,1709
HO17819,chr3,124584228,124585651,1423
HO17820,chr3,124699162,124700424,1262
HO17821,chr3,124729867,124731127,1260
HO17822,chr3,124760677,124761751,1074
HO17823,chr3,124771854,124772903,1049
HO17824,chr3,124779865,124782095,2230
HO17825,chr3,124786598,124787984,1386
HO17826,chr3,124799952,124801306,1354
HO17827,chr3,124885625,124887843,2218
HO17828,chr3,125002723,125004116,1393
HO17829,chr3,125054486,125056615,2129
HO17830,chr3,125062717,125063613,896
HO17831,chr3,125141217,125142326,1109
HO17832,chr3,125356676,125357824,1148
HO17833,chr3,125374101,125375890,1789
HO17834,chr3,125519445,125520608,1163
HO17835,chr3,125594131,125595923,1792
HO17836,chr3,125602045,125603642,1597
HO17837,chr3,125646174,125647171,997
HO17838,chr3,125766065,125767555,1490
HO17839,chr3,125915144,125916992,1848
HO17840,chr3,125957860,125958963,1103
HO17841,chr3,125989955,125991030,1075
HO17842,chr3,126056327,126057527,1200
HO17843,chr3,126083341,126084525,1184
HO17844,chr3,126179446,126181333,1887
HO17845,chr3,126212560,126214108,1548
HO17846,chr3,126266222,126267923,1701
HO17847,chr3,126287131,126288187,1056
HO17848,chr3,126355420,126357916,2496
HO17849,chr3,126388824,126389741,917
HO17850,chr3,126474606,126476754,2148
HO17851,chr3,126523757,126524773,1016
HO17852,chr3,126528496,126529598,1102
HO17853,chr3,126654261,126655333,1072
HO17854,chr3,126678707,126679944,1237
HO17855,chr3,126682648,126684625,1977
HO17856,chr3,126703392,126705062,1670
HO17857,chr3,126745355,126747029,1674
HO17858,chr3,126959943,126962410,2467
HO17859,chr3,126982046,126984403,2357
HO17860,chr3,127001795,127002734,939
HO17861,chr3,127131397,127132049,652
HO17862,chr3,127134784,127136094,1310
HO17863,chr3,127447874,127448593,719
HO17864,chr3,127455286,127456092,806
HO17865,chr3,127479064,127480005,941
HO17866,chr3,127525216,127525809,593
HO17867,chr3,127525985,127527723,1738
HO17868,chr3,127546984,127548305,1321
HO17869,chr3,127574764,127575798,1034
HO17870,chr3,127589685,127591350,1665
HO17871,chr3,127597662,127598750,1088
HO17872,chr3,127628497,127630001,1504
HO17873,chr3,127671834,127674148,2314
HO17874,chr3,127694380,127694737,357
HO17875,chr3,127822116,127823614,1498
HO17876,chr3,128051398,128053299,1901
HO17877,chr3,128075219,128077560,2341
HO17878,chr3,128083096,128085207,2111
HO17879,chr3,128094982,128095653,671
HO17880,chr3,128107537,128108327,790
HO17881,chr3,128123168,128124347,1179
HO17882,chr3,128152936,128154128,1192
HO17883,chr3,128309929,128310921,992
HO17884,chr3,128316173,128317706,1533
HO17885,chr3,128426154,128426875,721
HO17886,chr3,128487457,128488575,1118
HO17887,chr3,128496367,128498155,1788
HO17888,chr3,128577406,128578378,972
HO17889,chr3,128584079,128584792,713
HO17890,chr3,128607700,128608707,1007
HO17891,chr3,128617203,128618461,1258
HO17892,chr3,128649452,128651253,1801
HO17893,chr3,128680208,128681746,1538
HO17894,chr3,128697932,128699097,1165
HO17895,chr3,128725647,128727013,1366
HO17896,chr3,128800218,128801295,1077
HO17897,chr3,128845162,128846715,1553
HO17898,chr3,128878524,128880147,1623
HO17899,chr3,128993029,128994380,1351
HO17900,chr3,129000701,129002374,1673
HO17901,chr3,129015249,129017118,1869
HO17902,chr3,129026635,129027606,971
HO17903,chr3,129052711,129054147,1436
HO17904,chr3,129054410,129055141,731
HO17905,chr3,129067574,129068940,1366
HO17906,chr3,129120223,129122926,2703
HO17907,chr3,129160567,129162262,1695
HO17908,chr3,129182899,129184526,1627
HO17909,chr3,129245440,129246082,642
HO17910,chr3,129248964,129249944,980
HO17911,chr3,129277962,129279919,1957
HO17912,chr3,129303843,129305024,1181
HO17913,chr3,129305346,129306178,832
HO17914,chr3,129313934,129317045,3111
HO17915,chr3,129343673,129344993,1320
HO17916,chr3,129383097,129383672,575
HO17917,chr3,129398779,129400176,1397
HO17918,chr3,129412901,129414410,1509
HO17919,chr3,129427952,129429023,1071
HO17920,chr3,129439373,129440710,1337
HO17921,chr3,129490043,129490656,613
HO17922,chr3,129605270,129607316,2046
HO17923,chr3,129626282,129628286,2004
HO17924,chr3,129687626,129688858,1232
HO17925,chr3,129793755,129795322,1567
HO17926,chr3,129892532,129894052,1520
HO17927,chr3,129936524,129937262,738
HO17928,chr3,129974015,129976117,2102
HO17929,chr3,130002153,130003365,1212
HO17930,chr3,130110645,130112816,2171
HO17931,chr3,130122703,130124015,1312
HO17932,chr3,130275800,130277047,1247
HO17933,chr3,130746012,130747995,1983
HO17934,chr3,130849901,130851119,1218
HO17935,chr3,130892879,130895087,2208
HO17936,chr3,131026226,131027222,996
HO17937,chr3,131361035,131362499,1464
HO17938,chr3,131380961,131382349,1388
HO17939,chr3,131502101,131503211,1110
HO17940,chr3,131526499,131527403,904
HO17941,chr3,131880482,131881552,1070
HO17942,chr3,132034414,132035307,893
HO17943,chr3,132416796,132418431,1635
HO17944,chr3,132658941,132660916,1975
HO17945,chr3,132721499,132723359,1860
HO17946,chr3,132787564,132788889,1325
HO17947,chr3,133037686,133039164,1478
HO17948,chr3,133384097,133385015,918
HO17949,chr3,133535567,133537038,1471
HO17950,chr3,133572937,133574872,1935
HO17951,chr3,133661225,133662595,1370
HO17952,chr3,133695042,133696260,1218
HO17953,chr3,133742137,133742970,833
HO17954,chr3,133745645,133746691,1046
HO17955,chr3,133805241,133806502,1261
HO17956,chr3,133867987,133869325,1338
HO17957,chr3,133894206,133896414,2208
HO17958,chr3,133926945,133927952,1007
HO17959,chr3,134028877,134031003,2126
HO17960,chr3,134249734,134251193,1459
HO17961,chr3,134308175,134308876,701
HO17962,chr3,134312456,134313928,1472
HO17963,chr3,134363268,134364697,1429
HO17964,chr3,134372879,134375485,2606
HO17965,chr3,134406252,134407586,1334
HO17966,chr3,134485023,134486918,1895
HO17967,chr3,134601802,134602638,836
HO17968,chr3,134650468,134651924,1456
HO17969,chr3,134794768,134797036,2268
HO17970,chr3,134810012,134811063,1051
HO17971,chr3,134874517,134875398,881
HO17972,chr3,134934049,134935486,1437
HO17973,chr3,134965430,134966921,1491
HO17974,chr3,135089777,135091478,1701
HO17975,chr3,135238135,135239738,1603
HO17976,chr3,135965023,135966642,1619
HO17977,chr3,136195062,136197215,2153
HO17978,chr3,136249954,136251431,1477
HO17979,chr3,136261937,136263146,1209
HO17980,chr3,136751165,136753217,2052
HO17981,chr3,136818203,136820441,2238
HO17982,chr3,136861339,136863073,1734
HO17983,chr3,137013682,137014656,974
HO17984,chr3,137032234,137033167,933
HO17985,chr3,137065257,137066477,1220
HO17986,chr3,138114386,138115986,1600
HO17987,chr3,138173971,138175059,1088
HO17988,chr3,138186421,138188306,1885
HO17989,chr3,138302937,138303991,1054
HO17990,chr3,138328937,138330164,1227
HO17991,chr3,138347478,138350576,3098
HO17992,chr3,138389255,138390837,1582
HO17993,chr3,138433884,138435724,1840
HO17994,chr3,138593499,138595058,1559
HO17995,chr3,138608180,138609809,1629
HO17996,chr3,138724087,138725112,1025
HO17997,chr3,138833577,138835451,1874
HO17998,chr3,138914994,138916304,1310
HO17999,chr3,138935754,138936740,986
HO18000,chr3,138945427,138947621,2194
HO18001,chr3,139329054,139329698,644
HO18002,chr3,139343578,139344627,1049
HO18003,chr3,139388914,139390333,1419
HO18004,chr3,139534546,139535627,1081
HO18005,chr3,139538651,139540195,1544
HO18006,chr3,139677201,139678368,1167
HO18007,chr3,139934332,139936446,2114
HO18008,chr3,140385572,140387044,1472
HO18009,chr3,140504804,140506334,1530
HO18010,chr3,140941284,140943005,1721
HO18011,chr3,140949399,140950031,632
HO18012,chr3,141050649,141053018,2369
HO18013,chr3,141056506,141057199,693
HO18014,chr3,141191936,141192653,717
HO18015,chr3,141230977,141232787,1810
HO18016,chr3,141291041,141292610,1569
HO18017,chr3,141311088,141312279,1191
HO18018,chr3,141367877,141368981,1104
HO18019,chr3,141369949,141370555,606
HO18020,chr3,141401586,141403150,1564
HO18021,chr3,141425878,141426888,1010
HO18022,chr3,141439506,141440662,1156
HO18023,chr3,141486142,141488045,1903
HO18024,chr3,141659389,141660857,1468
HO18025,chr3,141737741,141739356,1615
HO18026,chr3,141795660,141798290,2630
HO18027,chr3,141875468,141877554,2086
HO18028,chr3,142027307,142028746,1439
HO18029,chr3,142148139,142149882,1743
HO18030,chr3,142224812,142225835,1023
HO18031,chr3,142446999,142448385,1386
HO18032,chr3,142577788,142579305,1517
HO18033,chr3,142595429,142596793,1364
HO18034,chr3,142723605,142725351,1746
HO18035,chr3,142888031,142889382,1351
HO18036,chr3,142962209,142964449,2240
HO18037,chr3,142976369,142977020,651
HO18038,chr3,143000511,143002542,2031
HO18039,chr3,143118938,143121641,2703
HO18040,chr3,143596774,143598406,1632
HO18041,chr3,143970673,143973747,3074
HO18042,chr3,146159741,146161967,2226
HO18043,chr3,146250065,146252322,2257
HO18044,chr3,146384594,146385267,673
HO18045,chr3,146468169,146470127,1958
HO18046,chr3,146539155,146539957,802
HO18047,chr3,146543057,146545030,1973
HO18048,chr3,148990981,148992419,1438
HO18049,chr3,149010324,149011553,1229
HO18050,chr3,149085330,149087015,1685
HO18051,chr3,149091707,149092618,911
HO18052,chr3,149128897,149130416,1519
HO18053,chr3,149221707,149222454,747
HO18054,chr3,149355714,149356602,888
HO18055,chr3,149536128,149536828,700
HO18056,chr3,149553515,149554570,1055
HO18057,chr3,149575171,149576618,1447
HO18058,chr3,149656359,149659353,2994
HO18059,chr3,149751603,149752875,1272
HO18060,chr3,149812310,149814511,2201
HO18061,chr3,149969784,149971985,2201
HO18062,chr3,150183619,150184855,1236
HO18063,chr3,150371413,150372249,836
HO18064,chr3,150407670,150410529,2859
HO18065,chr3,150545387,150547149,1762
HO18066,chr3,150602803,150604251,1448
HO18067,chr3,150702687,150704333,1646
HO18068,chr3,150761747,150764164,2417
HO18069,chr3,151085145,151087346,2201
HO18070,chr3,151902980,151904187,1207
HO18071,chr3,152268243,152270565,2322
HO18072,chr3,152298300,152299554,1254
HO18073,chr3,152834447,152836115,1668
HO18074,chr3,153160353,153163542,3189
HO18075,chr3,154120790,154123437,2647
HO18076,chr3,154164230,154164946,716
HO18077,chr3,154323623,154325264,1641
HO18078,chr3,154427565,154429282,1717
HO18079,chr3,155078863,155080441,1578
HO18080,chr3,155115425,155116659,1234
HO18081,chr3,155275121,155276590,1469
HO18082,chr3,155704461,155705399,938
HO18083,chr3,155743720,155745392,1672
HO18084,chr3,155805280,155806586,1306
HO18085,chr3,155853379,155855189,1810
HO18086,chr3,155869848,155871947,2099
HO18087,chr3,156534518,156535621,1103
HO18088,chr3,156554559,156555720,1161
HO18089,chr3,156605129,156606608,1479
HO18090,chr3,156633016,156633949,933
HO18091,chr3,156673791,156676088,2297
HO18092,chr3,156815687,156817563,1876
HO18093,chr3,156825592,156827100,1508
HO18094,chr3,157081385,157082102,717
HO18095,chr3,157087909,157090086,2177
HO18096,chr3,157128877,157130881,2004
HO18097,chr3,157136807,157137942,1135
HO18098,chr3,157145318,157147449,2131
HO18099,chr3,157159198,157161161,1963
HO18100,chr3,157174168,157176404,2236
HO18101,chr3,157248464,157249348,884
HO18102,chr3,157436464,157438644,2180
HO18103,chr3,157499210,157500071,861
HO18104,chr3,157542402,157543546,1144
HO18105,chr3,158097589,158098506,917
HO18106,chr3,158109522,158110806,1284
HO18107,chr3,158570508,158571726,1218
HO18108,chr3,158643922,158644942,1020
HO18109,chr3,158671688,158672968,1280
HO18110,chr3,158731575,158733219,1644
HO18111,chr3,158801047,158802748,1701
HO18112,chr3,159762831,159765681,2850
HO18113,chr3,159838970,159840370,1400
HO18114,chr3,159852287,159853593,1306
HO18115,chr3,159882374,159883707,1333
HO18116,chr3,159988177,159989345,1168
HO18117,chr3,160224912,160226791,1879
HO18118,chr3,160398849,160401086,2237
HO18119,chr3,160448884,160450523,1639
HO18120,chr3,160564213,160566417,2204
HO18121,chr3,160754302,160756932,2630
HO18122,chr3,161034927,161036341,1414
HO18123,chr3,161104291,161105580,1289
HO18124,chr3,161220787,161222230,1443
HO18125,chr3,161371368,161373135,1767
HO18126,chr3,165194543,165197182,2639
HO18127,chr3,167379715,167380542,827
HO18128,chr3,167734070,167735882,1812
HO18129,chr3,168094631,168096673,2042
HO18130,chr3,168248499,168250615,2116
HO18131,chr3,169148940,169149690,750
HO18132,chr3,169661497,169663421,1924
HO18133,chr3,169668112,169669523,1411
HO18134,chr3,169764106,169765373,1267
HO18135,chr3,169769277,169769934,657
HO18136,chr3,169771569,169773826,2257
HO18137,chr3,169811498,169813231,1733
HO18138,chr3,169966011,169967786,1775
HO18139,chr3,170037444,170039105,1661
HO18140,chr3,170180109,170182119,2010
HO18141,chr3,170221790,170223524,1734
HO18142,chr3,170355831,170358598,2767
HO18143,chr3,170418328,170420788,2460
HO18144,chr3,170421040,170421476,436
HO18145,chr3,170425518,170426205,687
HO18146,chr3,170453641,170454932,1291
HO18147,chr3,170475948,170477142,1194
HO18148,chr3,170584340,170586217,1877
HO18149,chr3,170764747,170765722,975
HO18150,chr3,170868957,170870648,1691
HO18151,chr3,170907600,170908979,1379
HO18152,chr3,171458700,171461459,2759
HO18153,chr3,171613885,171615223,1338
HO18154,chr3,171770682,171771725,1043
HO18155,chr3,171776096,171776794,698
HO18156,chr3,171809327,171810832,1505
HO18157,chr3,171828968,171830431,1463
HO18158,chr3,171838067,171838771,704
HO18159,chr3,172039144,172041053,1909
HO18160,chr3,172152755,172153977,1222
HO18161,chr3,172257585,172259978,2393
HO18162,chr3,172709622,172711588,1966
HO18163,chr3,172750043,172751447,1404
HO18164,chr3,173394994,173396152,1158
HO18165,chr3,173397104,173398257,1153
HO18166,chr3,173584074,173585848,1774
HO18167,chr3,174439339,174442234,2895
HO18168,chr3,176905998,176907004,1006
HO18169,chr3,176933148,176934083,935
HO18170,chr3,177196182,177198154,1972
HO18171,chr3,177359048,177361756,2708
HO18172,chr3,177515544,177517245,1701
HO18173,chr3,177546914,177548359,1445
HO18174,chr3,177780908,177782323,1415
HO18175,chr3,178083738,178085595,1857
HO18176,chr3,179070871,179072453,1582
HO18177,chr3,179146979,179149714,2735
HO18178,chr3,179260798,179261734,936
HO18179,chr3,179322069,179323901,1832
HO18180,chr3,179346329,179348267,1938
HO18181,chr3,179450217,179452550,2333
HO18182,chr3,179562365,179563909,1544
HO18183,chr3,179603916,179605304,1388
HO18184,chr3,179626823,179627928,1105
HO18185,chr3,179652093,179654776,2683
HO18186,chr3,179662742,179663492,750
HO18187,chr3,179666106,179666995,889
HO18188,chr3,179672835,179673969,1134
HO18189,chr3,179680545,179682213,1668
HO18190,chr3,180036304,180037436,1132
HO18191,chr3,180601383,180602842,1459
HO18192,chr3,180678851,180680349,1498
HO18193,chr3,180911950,180913886,1936
HO18194,chr3,180988875,180990209,1334
HO18195,chr3,181694804,181696360,1556
HO18196,chr3,181711067,181713302,2235
HO18197,chr3,182682030,182683880,1850
HO18198,chr3,182725346,182727223,1877
HO18199,chr3,182753612,182754609,997
HO18200,chr3,182792605,182794790,2185
HO18201,chr3,182979282,182981300,2018
HO18202,chr3,183098566,183099879,1313
HO18203,chr3,183115860,183116714,854
HO18204,chr3,183161616,183163037,1421
HO18205,chr3,183178702,183180715,2013
HO18206,chr3,183252936,183254931,1995
HO18207,chr3,183258916,183259453,537
HO18208,chr3,183341057,183342385,1328
HO18209,chr3,183427132,183429178,2046
HO18210,chr3,183447128,183448426,1298
HO18211,chr3,183477648,183479338,1690
HO18212,chr3,183510655,183512356,1701
HO18213,chr3,183579848,183581157,1309
HO18214,chr3,183583460,183585057,1597
HO18215,chr3,183635145,183637090,1945
HO18216,chr3,183697292,183698748,1456
HO18217,chr3,183800046,183800810,764
HO18218,chr3,183824555,183826698,2143
HO18219,chr3,183884127,183885308,1181
HO18220,chr3,183907530,183908298,768
HO18221,chr3,184015646,184018485,2839
HO18222,chr3,184133865,184135892,2027
HO18223,chr3,184154807,184157433,2626
HO18224,chr3,184174176,184175471,1295
HO18225,chr3,184185358,184186745,1387
HO18226,chr3,184195936,184196994,1058
HO18227,chr3,184228764,184231118,2354
HO18228,chr3,184241258,184242325,1067
HO18229,chr3,184248455,184250570,2115
HO18230,chr3,184259630,184263000,3370
HO18231,chr3,184298463,184299837,1374
HO18232,chr3,184314024,184315599,1575
HO18233,chr3,184319105,184320418,1313
HO18234,chr3,184335347,184337640,2293
HO18235,chr3,184338336,184339013,677
HO18236,chr3,184345118,184346191,1073
HO18237,chr3,184359731,184360341,610
HO18238,chr3,184361276,184363694,2418
HO18239,chr3,184371316,184372301,985
HO18240,chr3,184378671,184380896,2225
HO18241,chr3,184417512,184418195,683
HO18242,chr3,184465903,184467011,1108
HO18243,chr3,184513240,184514389,1149
HO18244,chr3,184525000,184526336,1336
HO18245,chr3,184543596,184544467,871
HO18246,chr3,184549509,184550455,946
HO18247,chr3,184560975,184562584,1609
HO18248,chr3,184568301,184569720,1419
HO18249,chr3,184578698,184579318,620
HO18250,chr3,184582225,184584915,2690
HO18251,chr3,184592081,184595102,3021
HO18252,chr3,184597741,184598559,818
HO18253,chr3,184601909,184603445,1536
HO18254,chr3,184603563,184604981,1418
HO18255,chr3,184626774,184627663,889
HO18256,chr3,184666667,184667403,736
HO18257,chr3,184710808,184712645,1837
HO18258,chr3,184716422,184717944,1522
HO18259,chr3,184726787,184727801,1014
HO18260,chr3,184755508,184757711,2203
HO18261,chr3,184777473,184778082,609
HO18262,chr3,184811757,184813003,1246
HO18263,chr3,185103441,185104336,895
HO18264,chr3,185151993,185153808,1815
HO18265,chr3,185175038,185176040,1002
HO18266,chr3,185215893,185217124,1231
HO18267,chr3,185253540,185254478,938
HO18268,chr3,185282401,185283487,1086
HO18269,chr3,185328152,185329902,1750
HO18270,chr3,185362359,185364022,1663
HO18271,chr3,185496516,185497890,1374
HO18272,chr3,185498132,185499379,1247
HO18273,chr3,185501312,185501761,449
HO18274,chr3,185558398,185559377,979
HO18275,chr3,185574753,185575821,1068
HO18276,chr3,185585549,185586992,1443
HO18277,chr3,185660074,185660800,726
HO18278,chr3,185764221,185765521,1300
HO18279,chr3,185823176,185826445,3269
HO18280,chr3,185912732,185914343,1611
HO18281,chr3,185936747,185938358,1611
HO18282,chr3,185943157,185943846,689
HO18283,chr3,186044219,186045672,1453
HO18284,chr3,186097323,186098631,1308
HO18285,chr3,186107572,186110397,2825
HO18286,chr3,186193209,186194548,1339
HO18287,chr3,186209545,186210688,1143
HO18288,chr3,186258903,186259878,975
HO18289,chr3,186360636,186362628,1992
HO18290,chr3,186413109,186414426,1317
HO18291,chr3,186566476,186567881,1405
HO18292,chr3,186570008,186571202,1194
HO18293,chr3,186616779,186617546,767
HO18294,chr3,186772166,186773375,1209
HO18295,chr3,186782643,186784511,1868
HO18296,chr3,186789688,186791127,1439
HO18297,chr3,186805845,186807312,1467
HO18298,chr3,186826803,186827827,1024
HO18299,chr3,186930039,186932392,2353
HO18300,chr3,186966171,186966938,767
HO18301,chr3,187138992,187139975,983
HO18302,chr3,187521769,187522855,1086
HO18303,chr3,187669483,187670901,1418
HO18304,chr3,187678696,187679944,1248
HO18305,chr3,187737418,187740288,2870
HO18306,chr3,187743647,187744044,397
HO18307,chr3,187744381,187745954,1573
HO18308,chr3,188051668,188052884,1216
HO18309,chr3,188152714,188154865,2151
HO18310,chr3,188347903,188349616,1713
HO18311,chr3,188947027,188949335,2308
HO18312,chr3,189187896,189188978,1082
HO18313,chr3,189226800,189227956,1156
HO18314,chr3,190116239,190117028,789
HO18315,chr3,190119533,190121168,1635
HO18316,chr3,190321679,190323548,1869
HO18317,chr3,190513396,190515148,1752
HO18318,chr3,190862326,190863284,958
HO18319,chr3,191328719,191330713,1994
HO18320,chr3,192407907,192410484,2577
HO18321,chr3,192443886,192444843,957
HO18322,chr3,192445544,192446515,971
HO18323,chr3,192513817,192515553,1736
HO18324,chr3,192878947,192880178,1231
HO18325,chr3,192916225,192918427,2202
HO18326,chr3,193240373,193241744,1371
HO18327,chr3,193592414,193594026,1612
HO18328,chr3,193780020,193781485,1465
HO18329,chr3,194002380,194003973,1593
HO18330,chr3,194014309,194015306,997
HO18331,chr3,194070141,194071718,1577
HO18332,chr3,194133701,194135352,1651
HO18333,chr3,194135832,194136234,402
HO18334,chr3,194136821,194137291,470
HO18335,chr3,194137526,194138033,507
HO18336,chr3,194140622,194142225,1603
HO18337,chr3,194160655,194161885,1230
HO18338,chr3,194223973,194225427,1454
HO18339,chr3,194263678,194264665,987
HO18340,chr3,194269453,194270050,597
HO18341,chr3,194270626,194271704,1078
HO18342,chr3,194296275,194297562,1287
HO18343,chr3,194314751,194316090,1339
HO18344,chr3,194323645,194324627,982
HO18345,chr3,194333309,194334126,817
HO18346,chr3,194395869,194398398,2529
HO18347,chr3,194485377,194488032,2655
HO18348,chr3,194536677,194538196,1519
HO18349,chr3,194583377,194584388,1011
HO18350,chr3,194632687,194634029,1342
HO18351,chr3,194671297,194672755,1458
HO18352,chr3,194682433,194682986,553
HO18353,chr3,194685606,194686434,828
HO18354,chr3,194686698,194688558,1860
HO18355,chr3,194768727,194769680,953
HO18356,chr3,194852013,194853694,1681
HO18357,chr3,194871170,194873241,2071
HO18358,chr3,194984658,194985629,971
HO18359,chr3,195258552,195260889,2337
HO18360,chr3,195269862,195271954,2092
HO18361,chr3,195385041,195386154,1113
HO18362,chr3,195441511,195443498,1987
HO18363,chr3,195542011,195544140,2129
HO18364,chr3,195657397,195658241,844
HO18365,chr3,195693929,195695058,1129
HO18366,chr3,195747426,195748288,862
HO18367,chr3,195752651,195753404,753
HO18368,chr3,195801830,195803583,1753
HO18369,chr3,195804199,195805069,870
HO18370,chr3,195850658,195851263,605
HO18371,chr3,195862720,195863415,695
HO18372,chr3,195872659,195874236,1577
HO18373,chr3,195891866,195893285,1419
HO18374,chr3,195894582,195897317,2735
HO18375,chr3,195900463,195901314,851
HO18376,chr3,195907546,195910424,2878
HO18377,chr3,195914548,195915469,921
HO18378,chr3,195954090,195954913,823
HO18379,chr3,195989603,195990820,1217
HO18380,chr3,196055184,196056396,1212
HO18381,chr3,196080922,196082508,1586
HO18382,chr3,196163593,196164527,934
HO18383,chr3,196179059,196180288,1229
HO18384,chr3,196192068,196194936,2868
HO18385,chr3,196206981,196208514,1533
HO18386,chr3,196219091,196220236,1145
HO18387,chr3,196226836,196229096,2260
HO18388,chr3,196286955,196288371,1416
HO18389,chr3,196317468,196318627,1159
HO18390,chr3,196431140,196433194,2054
HO18391,chr3,196501802,196504058,2256
HO18392,chr3,196528270,196529350,1080
HO18393,chr3,196567908,196569523,1615
HO18394,chr3,196631672,196633203,1531
HO18395,chr3,196638937,196640831,1894
HO18396,chr3,196665871,196666531,660
HO18397,chr3,196711559,196713066,1507
HO18398,chr3,196739399,196741436,2037
HO18399,chr3,196867225,196868721,1496
HO18400,chr3,196941388,196943242,1854
HO18401,chr3,196968208,196970178,1970
HO18402,chr3,196978357,196979214,857
HO18403,chr3,196987951,196988942,991
HO18404,chr3,197001987,197003987,2000
HO18405,chr3,197028477,197030186,1709
HO18406,chr3,197297297,197299461,2164
HO18407,chr3,197366486,197367658,1172
HO18408,chr3,197455915,197457071,1156
HO18409,chr3,197466640,197467715,1075
HO18410,chr3,197509638,197510559,921
HO18411,chr3,197554318,197556240,1922
HO18412,chr3,197598866,197599600,734
HO18413,chr3,197600846,197601757,911
HO18414,chr3,197626981,197628398,1417
HO18415,chr3,197711989,197712821,832
HO18416,chr3,197735954,197737628,1674
HO18417,chr3,197749112,197751622,2510
HO18418,chr3,197790528,197792235,1707
HO18419,chr3,197905817,197907135,1318
HO18420,chr3,197912463,197913977,1514
HO18421,chr3,197949431,197950751,1320
HO18422,chr3,197959533,197961644,2111
HO18423,chr3,198079970,198081514,1544
HO18424,chr4,123915,125805,1890
HO18425,chr4,212223,213493,1270
HO18426,chr4,336157,338394,2237
HO18427,chr4,472927,474477,1550
HO18428,chr4,498438,499917,1479
HO18429,chr4,574990,576693,1703
HO18430,chr4,663199,664473,1274
HO18431,chr4,673488,675387,1899
HO18432,chr4,704818,706274,1456
HO18433,chr4,720902,722338,1436
HO18434,chr4,780785,782626,1841
HO18435,chr4,815241,816209,968
HO18436,chr4,825255,826774,1519
HO18437,chr4,836328,837473,1145
HO18438,chr4,931293,933023,1730
HO18439,chr4,972641,974085,1444
HO18440,chr4,986495,987690,1195
HO18441,chr4,1009274,1011881,2607
HO18442,chr4,1026059,1026573,514
HO18443,chr4,1045438,1047388,1950
HO18444,chr4,1167002,1167970,968
HO18445,chr4,1171012,1172865,1853
HO18446,chr4,1247581,1250051,2470
HO18447,chr4,1289165,1290883,1718
HO18448,chr4,1308958,1310117,1159
HO18449,chr4,1345531,1347836,2305
HO18450,chr4,1351809,1352166,357
HO18451,chr4,1410120,1410942,822
HO18452,chr4,1683341,1684910,1569
HO18453,chr4,1711162,1713047,1885
HO18454,chr4,1720125,1721771,1646
HO18455,chr4,1726063,1726566,503
HO18456,chr4,1746132,1746638,506
HO18457,chr4,1792511,1794607,2096
HO18458,chr4,1834053,1835124,1071
HO18459,chr4,1855296,1857273,1977
HO18460,chr4,1870086,1872725,2639
HO18461,chr4,1898830,1899565,735
HO18462,chr4,1913034,1913688,654
HO18463,chr4,1960135,1961295,1160
HO18464,chr4,2007901,2010146,2245
HO18465,chr4,2021278,2022383,1105
HO18466,chr4,2040369,2042888,2519
HO18467,chr4,2058055,2059953,1898
HO18468,chr4,2060133,2061961,1828
HO18469,chr4,2071256,2073154,1898
HO18470,chr4,2219845,2220612,767
HO18471,chr4,2222551,2223502,951
HO18472,chr4,2241380,2242669,1289
HO18473,chr4,2255153,2256437,1284
HO18474,chr4,2261082,2263040,1958
HO18475,chr4,2271288,2272288,1000
HO18476,chr4,2273175,2274856,1681
HO18477,chr4,2362619,2363634,1015
HO18478,chr4,2364391,2365393,1002
HO18479,chr4,2366064,2367213,1149
HO18480,chr4,2401270,2403139,1869
HO18481,chr4,2412812,2413696,884
HO18482,chr4,2416560,2417578,1018
HO18483,chr4,2417971,2420101,2130
HO18484,chr4,2441461,2442514,1053
HO18485,chr4,2462119,2463236,1117
HO18486,chr4,2467915,2470004,2089
HO18487,chr4,2535270,2537700,2430
HO18488,chr4,2755607,2756861,1254
HO18489,chr4,2763611,2764602,991
HO18490,chr4,2788052,2789037,985
HO18491,chr4,2792587,2793152,565
HO18492,chr4,2800260,2801597,1337
HO18493,chr4,2817567,2818899,1332
HO18494,chr4,2842831,2844463,1632
HO18495,chr4,2913931,2915173,1242
HO18496,chr4,2933478,2935633,2155
HO18497,chr4,2962321,2964451,2130
HO18498,chr4,3040987,3042201,1214
HO18499,chr4,3047390,3048052,662
HO18500,chr4,3073320,3075805,2485
HO18501,chr4,3106385,3106938,553
HO18502,chr4,3291633,3293875,2242
HO18503,chr4,3371048,3372145,1097
HO18504,chr4,3461016,3462248,1232
HO18505,chr4,3480334,3480950,616
HO18506,chr4,3497510,3498659,1149
HO18507,chr4,3531556,3533100,1544
HO18508,chr4,3546613,3547406,793
HO18509,chr4,3607587,3608505,918
HO18510,chr4,3613815,3614929,1114
HO18511,chr4,3623665,3624375,710
HO18512,chr4,3655326,3656367,1041
HO18513,chr4,3765256,3767851,2595
HO18514,chr4,3821406,3822656,1250
HO18515,chr4,3827455,3828283,828
HO18516,chr4,3879511,3880941,1430
HO18517,chr4,3954487,3956404,1917
HO18518,chr4,4106769,4107806,1037
HO18519,chr4,4247541,4248888,1347
HO18520,chr4,4289575,4290991,1416
HO18521,chr4,4338978,4340219,1241
HO18522,chr4,4356080,4357132,1052
HO18523,chr4,4385735,4388100,2365
HO18524,chr4,4395536,4397617,2081
HO18525,chr4,4541014,4542573,1559
HO18526,chr4,4574604,4575780,1176
HO18527,chr4,4859224,4861482,2258
HO18528,chr4,5705578,5706301,723
HO18529,chr4,5710511,5711890,1379
HO18530,chr4,5892488,5893403,915
HO18531,chr4,5998149,5998824,675
HO18532,chr4,6022155,6023311,1156
HO18533,chr4,6031382,6033314,1932
HO18534,chr4,6198528,6200913,2385
HO18535,chr4,6269053,6270758,1705
HO18536,chr4,6276737,6277797,1060
HO18537,chr4,6308455,6309684,1229
HO18538,chr4,6419499,6420520,1021
HO18539,chr4,6562678,6564150,1472
HO18540,chr4,6574346,6575623,1277
HO18541,chr4,6640011,6641739,1728
HO18542,chr4,6657277,6659136,1859
HO18543,chr4,6663681,6665059,1378
HO18544,chr4,6673000,6675002,2002
HO18545,chr4,6708786,6710578,1792
HO18546,chr4,6715716,6717134,1418
HO18547,chr4,6724337,6725216,879
HO18548,chr4,6746460,6747623,1163
HO18549,chr4,6779700,6780121,421
HO18550,chr4,6782039,6783898,1859
HO18551,chr4,6839582,6841182,1600
HO18552,chr4,6908719,6910954,2235
HO18553,chr4,6926701,6927416,715
HO18554,chr4,6929380,6930494,1114
HO18555,chr4,6986147,6987817,1670
HO18556,chr4,6991553,6992238,685
HO18557,chr4,7041778,7044784,3006
HO18558,chr4,7067260,7068723,1463
HO18559,chr4,7070749,7071035,286
HO18560,chr4,7102707,7104176,1469
HO18561,chr4,7161091,7162443,1352
HO18562,chr4,7191603,7193309,1706
HO18563,chr4,7654954,7656466,1512
HO18564,chr4,7761356,7762039,683
HO18565,chr4,7937816,7940137,2321
HO18566,chr4,8010028,8011161,1133
HO18567,chr4,8016233,8017020,787
HO18568,chr4,8050243,8051276,1033
HO18569,chr4,8127853,8128870,1017
HO18570,chr4,8142488,8143368,880
HO18571,chr4,8158120,8159675,1555
HO18572,chr4,8192526,8193443,917
HO18573,chr4,8241978,8242715,737
HO18574,chr4,8266493,8267488,995
HO18575,chr4,8269424,8270296,872
HO18576,chr4,8329601,8331458,1857
HO18577,chr4,8340471,8342049,1578
HO18578,chr4,8346370,8347267,897
HO18579,chr4,8410431,8411151,720
HO18580,chr4,8427550,8429096,1546
HO18581,chr4,8437141,8437750,609
HO18582,chr4,8440181,8441298,1117
HO18583,chr4,8451087,8451861,774
HO18584,chr4,8502718,8504671,1953
HO18585,chr4,8580216,8581450,1234
HO18586,chr4,9000194,9001566,1372
HO18587,chr4,9033856,9035146,1290
HO18588,chr4,9151919,9153869,1950
HO18589,chr4,9531765,9532999,1234
HO18590,chr4,9690887,9692084,1197
HO18591,chr4,9831340,9833182,1842
HO18592,chr4,9995538,9997134,1596
HO18593,chr4,10018631,10020030,1399
HO18594,chr4,10115656,10117942,2286
HO18595,chr4,10456369,10457725,1356
HO18596,chr4,10461059,10461901,842
HO18597,chr4,11366917,11368290,1373
HO18598,chr4,11428250,11429698,1448
HO18599,chr4,13483204,13485178,1974
HO18600,chr4,13543703,13545250,1547
HO18601,chr4,13626544,13628289,1745
HO18602,chr4,13653907,13654804,897
HO18603,chr4,13783655,13784690,1035
HO18604,chr4,13849466,13850939,1473
HO18605,chr4,15001240,15005179,3939
HO18606,chr4,15149455,15150323,868
HO18607,chr4,15419959,15421071,1112
HO18608,chr4,15469261,15470556,1295
HO18609,chr4,15478785,15480181,1396
HO18610,chr4,15654371,15656374,2003
HO18611,chr4,15681111,15683039,1928
HO18612,chr4,15690042,15690986,944
HO18613,chr4,15702508,15703517,1009
HO18614,chr4,15756319,15757692,1373
HO18615,chr4,15778016,15779719,1703
HO18616,chr4,16001011,16001869,858
HO18617,chr4,16082100,16084249,2149
HO18618,chr4,16225639,16227837,2198
HO18619,chr4,17094047,17095108,1061
HO18620,chr4,17511037,17512611,1574
HO18621,chr4,17526870,17527852,982
HO18622,chr4,17548943,17549893,950
HO18623,chr4,17576498,17578783,2285
HO18624,chr4,17613620,17615318,1698
HO18625,chr4,17780533,17782113,1580
HO18626,chr4,17810006,17811500,1494
HO18627,chr4,18020067,18022634,2567
HO18628,chr4,18675323,18677059,1736
HO18629,chr4,20251208,20255232,4024
HO18630,chr4,20699615,20700881,1266
HO18631,chr4,21697070,21698294,1224
HO18632,chr4,21948138,21949560,1422
HO18633,chr4,22514590,22516576,1986
HO18634,chr4,23870608,23871738,1130
HO18635,chr4,23888071,23890920,2849
HO18636,chr4,24469777,24472105,2328
HO18637,chr4,24472533,24473623,1090
HO18638,chr4,24583261,24584842,1581
HO18639,chr4,24658828,24660008,1180
HO18640,chr4,24794460,24796344,1884
HO18641,chr4,24912129,24913315,1186
HO18642,chr4,25029769,25031616,1847
HO18643,chr4,25087975,25089476,1501
HO18644,chr4,25096673,25097492,819
HO18645,chr4,25099241,25100174,933
HO18646,chr4,25117039,25117923,884
HO18647,chr4,25159588,25161276,1688
HO18648,chr4,25233563,25235273,1710
HO18649,chr4,25312224,25313658,1434
HO18650,chr4,25376387,25377659,1272
HO18651,chr4,25439932,25441860,1928
HO18652,chr4,25654425,25656421,1996
HO18653,chr4,25861941,25864432,2491
HO18654,chr4,25913199,25915700,2501
HO18655,chr4,26318938,26322167,3229
HO18656,chr4,26583435,26584758,1323
HO18657,chr4,26857121,26857914,793
HO18658,chr4,26860184,26861924,1740
HO18659,chr4,30716909,30718359,1450
HO18660,chr4,30719357,30721519,2162
HO18661,chr4,36208944,36210513,1569
HO18662,chr4,36243590,36245049,1459
HO18663,chr4,36268892,36270335,1443
HO18664,chr4,37243507,37245543,2036
HO18665,chr4,37452717,37454120,1403
HO18666,chr4,37662334,37663931,1597
HO18667,chr4,37673248,37674932,1684
HO18668,chr4,37685033,37687133,2100
HO18669,chr4,37696352,37697687,1335
HO18670,chr4,37825473,37827538,2065
HO18671,chr4,37889744,37891917,2173
HO18672,chr4,37976529,37978150,1621
HO18673,chr4,38038998,38039864,866
HO18674,chr4,38050575,38052149,1574
HO18675,chr4,38318467,38320372,1905
HO18676,chr4,38663010,38665340,2330
HO18677,chr4,38666840,38667472,632
HO18678,chr4,38672211,38673905,1694
HO18679,chr4,38752508,38753729,1221
HO18680,chr4,38759120,38759835,715
HO18681,chr4,38867073,38869016,1943
HO18682,chr4,39043413,39045606,2193
HO18683,chr4,39134391,39135673,1282
HO18684,chr4,39181766,39183466,1700
HO18685,chr4,39365466,39366669,1203
HO18686,chr4,39446494,39447474,980
HO18687,chr4,39458163,39459964,1801
HO18688,chr4,39469044,39469802,758
HO18689,chr4,39526441,39528366,1925
HO18690,chr4,39637320,39639938,2618
HO18691,chr4,39697253,39698902,1649
HO18692,chr4,39970076,39971316,1240
HO18693,chr4,39976277,39978300,2023
HO18694,chr4,40055503,40058147,2644
HO18695,chr4,40309060,40309726,666
HO18696,chr4,40316192,40317659,1467
HO18697,chr4,40629166,40631004,1838
HO18698,chr4,40749492,40751170,1678
HO18699,chr4,40856513,40857449,936
HO18700,chr4,40874197,40876099,1902
HO18701,chr4,40933121,40934190,1069
HO18702,chr4,41213601,41214906,1305
HO18703,chr4,41215946,41217035,1089
HO18704,chr4,41256204,41258202,1998
HO18705,chr4,41359908,41362054,2146
HO18706,chr4,41418097,41419030,933
HO18707,chr4,41454073,41455672,1599
HO18708,chr4,41611782,41614048,2266
HO18709,chr4,41643952,41644791,839
HO18710,chr4,41934600,41935935,1335
HO18711,chr4,41989700,41991107,1407
HO18712,chr4,42150611,42152829,2218
HO18713,chr4,42396367,42399369,3002
HO18714,chr4,42655891,42657824,1933
HO18715,chr4,44029524,44030781,1257
HO18716,chr4,44446420,44449302,2882
HO18717,chr4,44677662,44679414,1752
HO18718,chr4,44725512,44726947,1435
HO18719,chr4,46388686,46391090,2404
HO18720,chr4,47031032,47033003,1971
HO18721,chr4,47462861,47463942,1081
HO18722,chr4,47484772,47486568,1796
HO18723,chr4,47836267,47838208,1941
HO18724,chr4,47913722,47915076,1354
HO18725,chr4,47926393,47927294,901
HO18726,chr4,48015962,48017557,1595
HO18727,chr4,48253869,48254986,1117
HO18728,chr4,48268911,48270469,1558
HO18729,chr4,48340388,48342680,2292
HO18730,chr4,48482890,48484487,1597
HO18731,chr4,48489675,48491572,1897
HO18732,chr4,48697875,48698903,1028
HO18733,chr4,48779079,48780992,1913
HO18734,chr4,48830457,48831651,1194
HO18735,chr4,48905981,48907151,1170
HO18736,chr4,51842208,51844999,2791
HO18737,chr4,52037476,52038854,1378
HO18738,chr4,52051011,52053365,2354
HO18739,chr4,52658685,52660278,1593
HO18740,chr4,52711824,52713227,1403
HO18741,chr4,52721791,52722833,1042
HO18742,chr4,52750570,52751903,1333
HO18743,chr4,52861574,52863180,1606
HO18744,chr4,52872957,52874396,1439
HO18745,chr4,53365081,53366331,1250
HO18746,chr4,53377016,53378336,1320
HO18747,chr4,54063677,54065180,1503
HO18748,chr4,54066576,54067397,821
HO18749,chr4,54090888,54092438,1550
HO18750,chr4,54172969,54173998,1029
HO18751,chr4,54217300,54218357,1057
HO18752,chr4,54227317,54228396,1079
HO18753,chr4,54232804,54234527,1723
HO18754,chr4,54539240,54540048,808
HO18755,chr4,54657226,54659237,2011
HO18756,chr4,55345701,55347007,1306
HO18757,chr4,55395248,55397261,2013
HO18758,chr4,55545584,55547794,2210
HO18759,chr4,55552948,55554192,1244
HO18760,chr4,55635213,55636861,1648
HO18761,chr4,55853104,55854412,1308
HO18762,chr4,55947071,55949712,2641
HO18763,chr4,56048460,56050063,1603
HO18764,chr4,56301037,56302564,1527
HO18765,chr4,56386789,56388208,1419
HO18766,chr4,56409413,56410922,1509
HO18767,chr4,56434792,56437314,2522
HO18768,chr4,56466318,56468539,2221
HO18769,chr4,56504831,56506999,2168
HO18770,chr4,56529539,56531268,1729
HO18771,chr4,56544264,56545239,975
HO18772,chr4,56655154,56656648,1494
HO18773,chr4,56799275,56800450,1175
HO18774,chr4,56907161,56909632,2471
HO18775,chr4,56976364,56979227,2863
HO18776,chr4,56995231,56995976,745
HO18777,chr4,57100798,57102555,1757
HO18778,chr4,57109474,57111561,2087
HO18779,chr4,57163246,57164390,1144
HO18780,chr4,58300993,58301966,973
HO18781,chr4,58941149,58942007,858
HO18782,chr4,61199877,61203445,3568
HO18783,chr4,61231105,61232269,1164
HO18784,chr4,65669089,65671032,1943
HO18785,chr4,67150611,67152652,2041
HO18786,chr4,67544666,67545888,1222
HO18787,chr4,67700070,67701731,1661
HO18788,chr4,68148169,68149607,1438
HO18789,chr4,68348634,68350515,1881
HO18790,chr4,68732666,68733537,871
HO18791,chr4,70687505,70689212,1707
HO18792,chr4,70703743,70706096,2353
HO18793,chr4,70721535,70722925,1390
HO18794,chr4,70733918,70735286,1368
HO18795,chr4,70838442,70840076,1634
HO18796,chr4,70901554,70903581,2027
HO18797,chr4,70992860,70994188,1328
HO18798,chr4,71186276,71188506,2230
HO18799,chr4,72567546,72569967,2421
HO18800,chr4,73068324,73070259,1935
HO18801,chr4,73222437,73223293,856
HO18802,chr4,73257191,73259976,2785
HO18803,chr4,73308210,73309111,901
HO18804,chr4,73668529,73670635,2106
HO18805,chr4,73868383,73869900,1517
HO18806,chr4,73943907,73945148,1241
HO18807,chr4,74038074,74039508,1434
HO18808,chr4,74098589,74099801,1212
HO18809,chr4,74157009,74158588,1579
HO18810,chr4,74205117,74207038,1921
HO18811,chr4,74364097,74366112,2015
HO18812,chr4,74444623,74445676,1053
HO18813,chr4,74793453,74795136,1683
HO18814,chr4,74932605,74935311,2706
HO18815,chr4,75513697,75515022,1325
HO18816,chr4,75573240,75573980,740
HO18817,chr4,75630020,75631215,1195
HO18818,chr4,75672290,75674271,1981
HO18819,chr4,75723090,75725471,2381
HO18820,chr4,75939634,75941314,1680
HO18821,chr4,75990018,75991353,1335
HO18822,chr4,76086675,76087608,933
HO18823,chr4,76147425,76148880,1455
HO18824,chr4,76197552,76199130,1578
HO18825,chr4,76212795,76214406,1611
HO18826,chr4,76251038,76252320,1282
HO18827,chr4,76305789,76307532,1743
HO18828,chr4,76420131,76421634,1503
HO18829,chr4,76585103,76586443,1340
HO18830,chr4,76688592,76690562,1970
HO18831,chr4,76722949,76724465,1516
HO18832,chr4,76896664,76898493,1829
HO18833,chr4,76948287,76951237,2950
HO18834,chr4,77074768,77076616,1848
HO18835,chr4,77156109,77158521,2412
HO18836,chr4,77817652,77820692,3040
HO18837,chr4,77861698,77863283,1585
HO18838,chr4,78055985,78058128,2143
HO18839,chr4,78058497,78059876,1379
HO18840,chr4,78551344,78552800,1456
HO18841,chr4,78628904,78630858,1954
HO18842,chr4,78774978,78777220,2242
HO18843,chr4,78938349,78940258,1909
HO18844,chr4,80071300,80073723,2423
HO18845,chr4,80183145,80184873,1728
HO18846,chr4,80201400,80203388,1988
HO18847,chr4,80265480,80267299,1819
HO18848,chr4,80335305,80336960,1655
HO18849,chr4,81030127,81031941,1814
HO18850,chr4,81214247,81215750,1503
HO18851,chr4,81405347,81406488,1141
HO18852,chr4,81470261,81472637,2376
HO18853,chr4,81564948,81566581,1633
HO18854,chr4,82043827,82045004,1177
HO18855,chr4,82284233,82285490,1257
HO18856,chr4,82372507,82374658,2151
HO18857,chr4,82428685,82431145,2460
HO18858,chr4,82560945,82562435,1490
HO18859,chr4,82717951,82719102,1151
HO18860,chr4,82752631,82754748,2117
HO18861,chr4,82797255,82799522,2267
HO18862,chr4,82839427,82840346,919
HO18863,chr4,82889861,82892086,2225
HO18864,chr4,82899798,82901432,1634
HO18865,chr4,83010176,83011081,905
HO18866,chr4,83011858,83013393,1535
HO18867,chr4,83034303,83035913,1610
HO18868,chr4,83109117,83110745,1628
HO18869,chr4,83283916,83285389,1473
HO18870,chr4,83334200,83335307,1107
HO18871,chr4,83454599,83456304,1705
HO18872,chr4,83484172,83485480,1308
HO18873,chr4,83495557,83497055,1498
HO18874,chr4,83535091,83537062,1971
HO18875,chr4,83618219,83619507,1288
HO18876,chr4,84498097,84499692,1595
HO18877,chr4,84582151,84584108,1957
HO18878,chr4,84965367,84967627,2260
HO18879,chr4,85420191,85421568,1377
HO18880,chr4,85474489,85475878,1389
HO18881,chr4,86593679,86595672,1993
HO18882,chr4,86890670,86892823,2153
HO18883,chr4,86934219,86936449,2230
HO18884,chr4,87005693,87008106,2413
HO18885,chr4,87030166,87032610,2444
HO18886,chr4,87219175,87221001,1826
HO18887,chr4,87390464,87391991,1527
HO18888,chr4,87421984,87423192,1208
HO18889,chr4,88006897,88008608,1711
HO18890,chr4,88158086,88159396,1310
HO18891,chr4,88230432,88232182,1750
HO18892,chr4,88282787,88285241,2454
HO18893,chr4,88378491,88379597,1106
HO18894,chr4,88447298,88448652,1354
HO18895,chr4,88456008,88457974,1966
HO18896,chr4,88522674,88524227,1553
HO18897,chr4,88591399,88593529,2130
HO18898,chr4,88696687,88698396,1709
HO18899,chr4,88822522,88823912,1390
HO18900,chr4,89056387,89057452,1065
HO18901,chr4,89109906,89111931,2025
HO18902,chr4,89307192,89308551,1359
HO18903,chr4,89800132,89801199,1067
HO18904,chr4,89835992,89838386,2394
HO18905,chr4,90126834,90128842,2008
HO18906,chr4,92303529,92306342,2813
HO18907,chr4,93144160,93145428,1268
HO18908,chr4,93827984,93829886,1902
HO18909,chr4,94207109,94208327,1218
HO18910,chr4,94451070,94453155,2085
HO18911,chr4,94757426,94759169,1743
HO18912,chr4,95546896,95550067,3171
HO18913,chr4,95638871,95639898,1027
HO18914,chr4,96593181,96594040,859
HO18915,chr4,98142611,98143930,1319
HO18916,chr4,98260095,98262278,2183
HO18917,chr4,98467277,98468142,865
HO18918,chr4,98494880,98496650,1770
HO18919,chr4,98516507,98518807,2300
HO18920,chr4,98657247,98659371,2124
HO18921,chr4,98860567,98861713,1146
HO18922,chr4,98927805,98930128,2323
HO18923,chr4,98994769,98996847,2078
HO18924,chr4,99079365,99081402,2037
HO18925,chr4,99087958,99089589,1631
HO18926,chr4,99562841,99564216,1375
HO18927,chr4,99893385,99894933,1548
HO18928,chr4,99945934,99947090,1156
HO18929,chr4,99948962,99950939,1977
HO18930,chr4,100093197,100093885,688
HO18931,chr4,100189596,100192085,2489
HO18932,chr4,101114585,101115487,902
HO18933,chr4,101345510,101348574,3064
HO18934,chr4,101790359,101791430,1071
HO18935,chr4,102343815,102345906,2091
HO18936,chr4,102430368,102431688,1320
HO18937,chr4,102500418,102502526,2108
HO18938,chr4,102759856,102762149,2293
HO18939,chr4,102825487,102825993,506
HO18940,chr4,102826448,102828568,2120
HO18941,chr4,102868240,102869808,1568
HO18942,chr4,103011283,103012773,1490
HO18943,chr4,103018689,103020259,1570
HO18944,chr4,103075476,103076974,1498
HO18945,chr4,103098387,103100134,1747
HO18946,chr4,103197631,103198937,1306
HO18947,chr4,104490300,104492725,2425
HO18948,chr4,104494480,104495463,983
HO18949,chr4,105145131,105148148,3017
HO18950,chr4,105471586,105472307,721
HO18951,chr4,105472905,105474322,1417
HO18952,chr4,105707921,105709355,1434
HO18953,chr4,105894636,105896701,2065
HO18954,chr4,106315459,106317263,1804
HO18955,chr4,106532469,106533786,1317
HO18956,chr4,107033814,107034691,877
HO18957,chr4,107035024,107037471,2447
HO18958,chr4,107719232,107720832,1600
HO18959,chr4,107824009,107825794,1785
HO18960,chr4,107930540,107932193,1653
HO18961,chr4,107989167,107990750,1583
HO18962,chr4,107991269,107992004,735
HO18963,chr4,108166458,108169451,2993
HO18964,chr4,108172187,108173650,1463
HO18965,chr4,108619873,108621073,1200
HO18966,chr4,108649783,108651649,1866
HO18967,chr4,108762128,108763504,1376
HO18968,chr4,109265065,109267137,2072
HO18969,chr4,109301872,109303493,1621
HO18970,chr4,109432772,109434968,2196
HO18971,chr4,109559538,109561429,1891
HO18972,chr4,109701790,109704331,2541
HO18973,chr4,109729229,109730727,1498
HO18974,chr4,109735496,109736652,1156
HO18975,chr4,109814840,109816351,1511
HO18976,chr4,110193742,110194130,388
HO18977,chr4,110195896,110199196,3300
HO18978,chr4,110631481,110632925,1444
HO18979,chr4,112144863,112146336,1473
HO18980,chr4,112230883,112232582,1699
HO18981,chr4,112284563,112286288,1725
HO18982,chr4,112296796,112298011,1215
HO18983,chr4,112514604,112516250,1646
HO18984,chr4,112636535,112637906,1371
HO18985,chr4,112704931,112706931,2000
HO18986,chr4,113547357,113548152,795
HO18987,chr4,113760175,113763104,2929
HO18988,chr4,113978542,113980083,1541
HO18989,chr4,114597941,114600059,2118
HO18990,chr4,114926192,114927016,824
HO18991,chr4,115113271,115114287,1016
HO18992,chr4,117084847,117085753,906
HO18993,chr4,118032907,118034528,1621
HO18994,chr4,118265105,118266380,1275
HO18995,chr4,118278113,118279272,1159
HO18996,chr4,118280615,118281238,623
HO18997,chr4,118351832,118353574,1742
HO18998,chr4,118394233,118395659,1426
HO18999,chr4,118591206,118592027,821
HO19000,chr4,118684851,118685968,1117
HO19001,chr4,118834939,118836764,1825
HO19002,chr4,118888403,118889559,1156
HO19003,chr4,119211794,119213473,1679
HO19004,chr4,119299131,119301147,2016
HO19005,chr4,119454052,119455265,1213
HO19006,chr4,119626973,119629363,2390
HO19007,chr4,120066096,120067573,1477
HO19008,chr4,120921473,120923244,1771
HO19009,chr4,121070735,121071725,990
HO19010,chr4,121071822,121073258,1436
HO19011,chr4,121695752,121697966,2214
HO19012,chr4,121711313,121712063,750
HO19013,chr4,121764449,121765489,1040
HO19014,chr4,121800608,121801806,1198
HO19015,chr4,121822532,121824264,1732
HO19016,chr4,121869489,121870828,1339
HO19017,chr4,121949778,121952114,2336
HO19018,chr4,122151572,122153135,1563
HO19019,chr4,122699823,122700736,913
HO19020,chr4,122732074,122733461,1387
HO19021,chr4,122783023,122784054,1031
HO19022,chr4,122826106,122828246,2140
HO19023,chr4,122921796,122923523,1727
HO19024,chr4,123348878,123349941,1063
HO19025,chr4,123396528,123399888,3360
HO19026,chr4,123505044,123506432,1388
HO19027,chr4,123599312,123600709,1397
HO19028,chr4,124711437,124713611,2174
HO19029,chr4,125313439,125313749,310
HO19030,chr4,125314110,125317837,3727
HO19031,chr4,126491664,126492722,1058
HO19032,chr4,127622540,127624071,1531
HO19033,chr4,127632341,127633566,1225
HO19034,chr4,127777592,127778607,1015
HO19035,chr4,127781597,127783605,2008
HO19036,chr4,127880241,127881714,1473
HO19037,chr4,127963492,127966323,2831
HO19038,chr4,128060573,128062551,1978
HO19039,chr4,128286471,128288680,2209
HO19040,chr4,128347250,128349018,1768
HO19041,chr4,128453608,128455209,1601
HO19042,chr4,128552441,128554344,1903
HO19043,chr4,128809392,128810281,889
HO19044,chr4,128810474,128812784,2310
HO19045,chr4,129092592,129093988,1396
HO19046,chr4,129095960,129096457,497
HO19047,chr4,129271683,129272787,1104
HO19048,chr4,129346220,129347227,1007
HO19049,chr4,129362524,129363974,1450
HO19050,chr4,130091905,130093175,1270
HO19051,chr4,133147914,133149459,1545
HO19052,chr4,133150592,133152431,1839
HO19053,chr4,137531173,137533172,1999
HO19054,chr4,139014479,139016498,2019
HO19055,chr4,139082677,139084727,2050
HO19056,chr4,139144037,139145390,1353
HO19057,chr4,139175952,139178746,2794
HO19058,chr4,139266256,139267300,1044
HO19059,chr4,139278504,139280615,2111
HO19060,chr4,139294884,139296018,1134
HO19061,chr4,139300593,139302662,2069
HO19062,chr4,139367263,139368392,1129
HO19063,chr4,139453031,139454541,1510
HO19064,chr4,139554887,139557532,2645
HO19065,chr4,139592741,139593621,880
HO19066,chr4,139603118,139604851,1733
HO19067,chr4,139651056,139651937,881
HO19068,chr4,139656566,139657330,764
HO19069,chr4,139665381,139667244,1863
HO19070,chr4,139734212,139736039,1827
HO19071,chr4,139782679,139784639,1960
HO19072,chr4,139840768,139842161,1393
HO19073,chr4,139900908,139903195,2287
HO19074,chr4,140003648,140005258,1610
HO19075,chr4,140048701,140050592,1891
HO19076,chr4,140070516,140072165,1649
HO19077,chr4,140098427,140099592,1165
HO19078,chr4,140150238,140153254,3016
HO19079,chr4,140153685,140154522,837
HO19080,chr4,140251991,140253979,1988
HO19081,chr4,140372543,140374251,1708
HO19082,chr4,140426584,140427960,1376
HO19083,chr4,140522870,140524757,1887
HO19084,chr4,140566828,140569343,2515
HO19085,chr4,140635439,140636036,597
HO19086,chr4,140755366,140757504,2138
HO19087,chr4,141131750,141133763,2013
HO19088,chr4,141220158,141221648,1490
HO19089,chr4,141635900,141637382,1482
HO19090,chr4,142845286,142847534,2248
HO19091,chr4,143184036,143185865,1829
HO19092,chr4,143335562,143338027,2465
HO19093,chr4,143509466,143510074,608
HO19094,chr4,143512931,143515006,2075
HO19095,chr4,143558593,143560018,1425
HO19096,chr4,143699593,143701185,1592
HO19097,chr4,143920479,143922127,1648
HO19098,chr4,144644981,144647554,2573
HO19099,chr4,144947298,144948634,1336
HO19100,chr4,145097398,145099043,1645
HO19101,chr4,145179216,145181255,2039
HO19102,chr4,145481109,145483140,2031
HO19103,chr4,145618379,145620009,1630
HO19104,chr4,145732515,145733889,1374
HO19105,chr4,145935668,145939108,3440
HO19106,chr4,146175319,146176456,1137
HO19107,chr4,146241071,146242849,1778
HO19108,chr4,146520819,146523049,2230
HO19109,chr4,146636648,146637533,885
HO19110,chr4,146945345,146946226,881
HO19111,chr4,147480485,147482088,1603
HO19112,chr4,147616781,147618119,1338
HO19113,chr4,147682795,147684775,1980
HO19114,chr4,147730967,147733195,2228
HO19115,chr4,147821403,147822878,1475
HO19116,chr4,147842363,147843500,1137
HO19117,chr4,148441647,148443048,1401
HO19118,chr4,148444293,148445921,1628
HO19119,chr4,150077776,150079613,1837
HO19120,chr4,151014368,151016532,2164
HO19121,chr4,151098944,151100311,1367
HO19122,chr4,151214983,151215975,992
HO19123,chr4,151324260,151326060,1800
HO19124,chr4,151362333,151363070,737
HO19125,chr4,151407708,151410364,2656
HO19126,chr4,151537365,151538172,807
HO19127,chr4,151759959,151761479,1520
HO19128,chr4,152072673,152074980,2307
HO19129,chr4,152351947,152353267,1320
HO19130,chr4,152534586,152536983,2397
HO19131,chr4,152699701,152700691,990
HO19132,chr4,152778790,152780769,1979
HO19133,chr4,152935646,152938491,2845
HO19134,chr4,152972802,152974208,1406
HO19135,chr4,153142934,153144228,1294
HO19136,chr4,153151910,153154305,2395
HO19137,chr4,153222037,153224461,2424
HO19138,chr4,153246642,153247422,780
HO19139,chr4,153248474,153250083,1609
HO19140,chr4,153344132,153345981,1849
HO19141,chr4,153465437,153467648,2211
HO19142,chr4,153683738,153685283,1545
HO19143,chr4,153759157,153760378,1221
HO19144,chr4,154332494,154333511,1017
HO19145,chr4,154416029,154417552,1523
HO19146,chr4,154489974,154492573,2599
HO19147,chr4,154549602,154550779,1177
HO19148,chr4,154626395,154627469,1074
HO19149,chr4,154743385,154744468,1083
HO19150,chr4,155163317,155163960,643
HO19151,chr4,155207389,155209257,1868
HO19152,chr4,155376226,155377223,997
HO19153,chr4,155666412,155668331,1919
HO19154,chr4,155758556,155760306,1750
HO19155,chr4,155952533,155954115,1582
HO19156,chr4,156969926,156972622,2696
HO19157,chr4,157075574,157076964,1390
HO19158,chr4,157220041,157220930,889
HO19159,chr4,157221534,157222999,1465
HO19160,chr4,158172028,158173208,1180
HO19161,chr4,158209817,158210723,906
HO19162,chr4,158670724,158672832,2108
HO19163,chr4,158722245,158723890,1645
HO19164,chr4,158768273,158769769,1496
HO19165,chr4,159047443,159048642,1199
HO19166,chr4,159102245,159105022,2777
HO19167,chr4,159227286,159228674,1388
HO19168,chr4,159228960,159229526,566
HO19169,chr4,162163609,162164670,1061
HO19170,chr4,163166010,163167414,1404
HO19171,chr4,163331487,163333436,1949
HO19172,chr4,163494086,163495339,1253
HO19173,chr4,164382977,164384480,1503
HO19174,chr4,164956545,164957473,928
HO19175,chr4,164976888,164978172,1284
HO19176,chr4,165060125,165061559,1434
HO19177,chr4,165072847,165074283,1436
HO19178,chr4,165112097,165113477,1380
HO19179,chr4,165206510,165208367,1857
HO19180,chr4,165326624,165328171,1547
HO19181,chr4,165378315,165380186,1871
HO19182,chr4,165460970,165461931,961
HO19183,chr4,165872338,165875162,2824
HO19184,chr4,167233430,167234957,1527
HO19185,chr4,168317632,168318989,1357
HO19186,chr4,168479612,168481258,1646
HO19187,chr4,168630917,168632707,1790
HO19188,chr4,168651045,168652175,1130
HO19189,chr4,168831516,168833601,2085
HO19190,chr4,168864431,168865747,1316
HO19191,chr4,168877389,168878547,1158
HO19192,chr4,169009177,169010948,1771
HO19193,chr4,169062230,169063681,1451
HO19194,chr4,169201195,169202670,1475
HO19195,chr4,169240680,169241918,1238
HO19196,chr4,169251094,169253056,1962
HO19197,chr4,169269950,169271661,1711
HO19198,chr4,169582794,169583958,1164
HO19199,chr4,169611763,169613647,1884
HO19200,chr4,169619489,169621164,1675
HO19201,chr4,169649675,169650895,1220
HO19202,chr4,169659517,169660712,1195
HO19203,chr4,169756858,169758816,1958
HO19204,chr4,169791281,169792158,877
HO19205,chr4,170025649,170027727,2078
HO19206,chr4,170089090,170090472,1382
HO19207,chr4,170496706,170497981,1275
HO19208,chr4,171812223,171814101,1878
HO19209,chr4,173167984,173170306,2322
HO19210,chr4,173333382,173335657,2275
HO19211,chr4,173369228,173372208,2980
HO19212,chr4,173397847,173399591,1744
HO19213,chr4,173447939,173449833,1894
HO19214,chr4,173469468,173470168,700
HO19215,chr4,173494000,173494891,891
HO19216,chr4,173508673,173509944,1271
HO19217,chr4,173521564,173523084,1520
HO19218,chr4,173528480,173530483,2003
HO19219,chr4,174282867,174284519,1652
HO19220,chr4,174521728,174523396,1668
HO19221,chr4,176001034,176002672,1638
HO19222,chr4,176065154,176066329,1175
HO19223,chr4,176194862,176195877,1015
HO19224,chr4,176319304,176320852,1548
HO19225,chr4,176791601,176793379,1778
HO19226,chr4,177309275,177310407,1132
HO19227,chr4,177441580,177443202,1622
HO19228,chr4,180057246,180059884,2638
HO19229,chr4,181859502,181861006,1504
HO19230,chr4,182142423,182143593,1170
HO19231,chr4,182143598,182145347,1749
HO19232,chr4,182447944,182449512,1568
HO19233,chr4,182619147,182620551,1404
HO19234,chr4,182805977,182807544,1567
HO19235,chr4,182862144,182863823,1679
HO19236,chr4,182880061,182881292,1231
HO19237,chr4,182916464,182918442,1978
HO19238,chr4,182924642,182926422,1780
HO19239,chr4,183030135,183031230,1095
HO19240,chr4,183097343,183100168,2825
HO19241,chr4,183118158,183119461,1303
HO19242,chr4,183261723,183262835,1112
HO19243,chr4,183355005,183355997,992
HO19244,chr4,183397957,183399031,1074
HO19245,chr4,183406773,183407609,836
HO19246,chr4,183443581,183445373,1792
HO19247,chr4,183503739,183506522,2783
HO19248,chr4,183570966,183572260,1294
HO19249,chr4,183618487,183620912,2425
HO19250,chr4,183658215,183659863,1648
HO19251,chr4,183716128,183716988,860
HO19252,chr4,183721100,183721991,891
HO19253,chr4,183722459,183723503,1044
HO19254,chr4,183757738,183759269,1531
HO19255,chr4,183796834,183799167,2333
HO19256,chr4,183829990,183831544,1554
HO19257,chr4,183875017,183877007,1990
HO19258,chr4,183904922,183907583,2661
HO19259,chr4,183987138,183988472,1334
HO19260,chr4,184168219,184169184,965
HO19261,chr4,184343378,184344170,792
HO19262,chr4,184385530,184387221,1691
HO19263,chr4,184472258,184475444,3186
HO19264,chr4,184534391,184534837,446
HO19265,chr4,184536521,184538326,1805
HO19266,chr4,184648010,184650401,2391
HO19267,chr4,184732932,184734591,1659
HO19268,chr4,184814703,184815647,944
HO19269,chr4,184825017,184826751,1734
HO19270,chr4,185004402,185005553,1151
HO19271,chr4,185115639,185116413,774
HO19272,chr4,185127097,185129177,2080
HO19273,chr4,185136865,185137895,1030
HO19274,chr4,185142609,185143894,1285
HO19275,chr4,185144617,185145197,580
HO19276,chr4,185203031,185204371,1340
HO19277,chr4,185208860,185211061,2201
HO19278,chr4,185219006,185220182,1176
HO19279,chr4,185395661,185397386,1725
HO19280,chr4,185424902,185426456,1554
HO19281,chr4,185470295,185472075,1780
HO19282,chr4,185534604,185535796,1192
HO19283,chr4,185566319,185568130,1811
HO19284,chr4,185810608,185812404,1796
HO19285,chr4,185914079,185915697,1618
HO19286,chr4,186067813,186069454,1641
HO19287,chr4,186104278,186105702,1424
HO19288,chr4,186143954,186145538,1584
HO19289,chr4,186190473,186192599,2126
HO19290,chr4,186260608,186261583,975
HO19291,chr4,186657021,186658378,1357
HO19292,chr4,186700586,186701867,1281
HO19293,chr4,186723080,186724894,1814
HO19294,chr4,186725468,186727149,1681
HO19295,chr4,187965464,187966215,751
HO19296,chr4,189940079,189941433,1354
HO19297,chr5,52924,54151,1227
HO19298,chr5,90535,92812,2277
HO19299,chr5,170355,171602,1247
HO19300,chr5,188218,189027,809
HO19301,chr5,190065,191936,1871
HO19302,chr5,217561,219323,1762
HO19303,chr5,270483,271949,1466
HO19304,chr5,302790,304051,1261
HO19305,chr5,320685,322673,1988
HO19306,chr5,343503,344446,943
HO19307,chr5,373072,374724,1652
HO19308,chr5,399429,400739,1310
HO19309,chr5,442338,443718,1380
HO19310,chr5,472035,474172,2137
HO19311,chr5,521566,522492,926
HO19312,chr5,522831,524285,1454
HO19313,chr5,611137,612864,1727
HO19314,chr5,671428,673213,1785
HO19315,chr5,692480,693713,1233
HO19316,chr5,783781,785520,1739
HO19317,chr5,891774,893323,1549
HO19318,chr5,923126,923765,639
HO19319,chr5,926264,927273,1009
HO19320,chr5,1003920,1005258,1338
HO19321,chr5,1007361,1009135,1774
HO19322,chr5,1088888,1090764,1876
HO19323,chr5,1110241,1112345,2104
HO19324,chr5,1117936,1119181,1245
HO19325,chr5,1152713,1153782,1069
HO19326,chr5,1155070,1156360,1290
HO19327,chr5,1161048,1162320,1272
HO19328,chr5,1167409,1168503,1094
HO19329,chr5,1180905,1182039,1134
HO19330,chr5,1182384,1183807,1423
HO19331,chr5,1204406,1205296,890
HO19332,chr5,1227228,1228433,1205
HO19333,chr5,1246561,1247223,662
HO19334,chr5,1344342,1345784,1442
HO19335,chr5,1385441,1386874,1433
HO19336,chr5,1444576,1446836,2260
HO19337,chr5,1522890,1524640,1750
HO19338,chr5,1593786,1594972,1186
HO19339,chr5,1633323,1634590,1267
HO19340,chr5,1641051,1641892,841
HO19341,chr5,1644879,1645492,613
HO19342,chr5,1666865,1668755,1890
HO19343,chr5,1724616,1726193,1577
HO19344,chr5,1798982,1802123,3141
HO19345,chr5,2038248,2039184,936
HO19346,chr5,3310367,3311617,1250
HO19347,chr5,5069359,5070510,1151
HO19348,chr5,5139326,5140828,1502
HO19349,chr5,5271058,5272342,1284
HO19350,chr5,5421534,5423227,1693
HO19351,chr5,5494409,5495566,1157
HO19352,chr5,5497141,5497776,635
HO19353,chr5,5530669,5531926,1257
HO19354,chr5,5619172,5620048,876
HO19355,chr5,6377588,6379064,1476
HO19356,chr5,6448537,6449568,1031
HO19357,chr5,6487244,6488508,1264
HO19358,chr5,6582682,6583774,1092
HO19359,chr5,6632404,6634080,1676
HO19360,chr5,6686520,6687429,909
HO19361,chr5,6711968,6714816,2848
HO19362,chr5,6732565,6733933,1368
HO19363,chr5,7394592,7397449,2857
HO19364,chr5,7849612,7851329,1717
HO19365,chr5,7868321,7869813,1492
HO19366,chr5,8456907,8458339,1432
HO19367,chr5,9284210,9285748,1538
HO19368,chr5,9544253,9547365,3112
HO19369,chr5,10249122,10251137,2015
HO19370,chr5,10306903,10308138,1235
HO19371,chr5,10332966,10334008,1042
HO19372,chr5,10352676,10354505,1829
HO19373,chr5,10366117,10367401,1284
HO19374,chr5,10441013,10442419,1406
HO19375,chr5,10562914,10565127,2213
HO19376,chr5,10627155,10628208,1053
HO19377,chr5,10760096,10762041,1945
HO19378,chr5,11384362,11385468,1106
HO19379,chr5,11903053,11904772,1719
HO19380,chr5,14010967,14012047,1080
HO19381,chr5,14142428,14145524,3096
HO19382,chr5,14199084,14200449,1365
HO19383,chr5,14226694,14227552,858
HO19384,chr5,14249582,14251222,1640
HO19385,chr5,14264321,14265257,936
HO19386,chr5,14327482,14328227,745
HO19387,chr5,14351129,14352420,1291
HO19388,chr5,14369830,14370825,995
HO19389,chr5,14440204,14441475,1271
HO19390,chr5,14581193,14583081,1888
HO19391,chr5,14663789,14665480,1691
HO19392,chr5,14727215,14728938,1723
HO19393,chr5,14752466,14754254,1788
HO19394,chr5,14859643,14860611,968
HO19395,chr5,14871093,14872959,1866
HO19396,chr5,15499533,15501964,2431
HO19397,chr5,15752383,15753489,1106
HO19398,chr5,16178664,16181180,2516
HO19399,chr5,16464858,16466440,1582
HO19400,chr5,16615739,16617858,2119
HO19401,chr5,16720879,16722343,1464
HO19402,chr5,16735519,16737005,1486
HO19403,chr5,16811973,16813211,1238
HO19404,chr5,16934023,16934518,495
HO19405,chr5,16935184,16936860,1676
HO19406,chr5,16987512,16988282,770
HO19407,chr5,17069474,17071034,1560
HO19408,chr5,17122580,17124083,1503
HO19409,chr5,17189276,17190926,1650
HO19410,chr5,17216117,17219297,3180
HO19411,chr5,18984959,18985841,882
HO19412,chr5,19987475,19988853,1378
HO19413,chr5,21458980,21459780,800
HO19414,chr5,22648730,22649586,856
HO19415,chr5,22852470,22853834,1364
HO19416,chr5,23506444,23507699,1255
HO19417,chr5,25963161,25964042,881
HO19418,chr5,31193015,31194922,1907
HO19419,chr5,31426810,31428218,1408
HO19420,chr5,31531447,31533285,1838
HO19421,chr5,31638324,31640432,2108
HO19422,chr5,31670851,31672049,1198
HO19423,chr5,31677830,31678677,847
HO19424,chr5,31680248,31680966,718
HO19425,chr5,31809029,31809974,945
HO19426,chr5,31853817,31855689,1872
HO19427,chr5,32021126,32022148,1022
HO19428,chr5,32173135,32175164,2029
HO19429,chr5,32312062,32313702,1640
HO19430,chr5,32443152,32445156,2004
HO19431,chr5,32585158,32586363,1205
HO19432,chr5,32709677,32711335,1658
HO19433,chr5,33439899,33441814,1915
HO19434,chr5,33935739,33937341,1602
HO19435,chr5,34007192,34008596,1404
HO19436,chr5,34191157,34193116,1959
HO19437,chr5,34655262,34657815,2553
HO19438,chr5,34709316,34710433,1117
HO19439,chr5,34743618,34744317,699
HO19440,chr5,34838429,34839652,1223
HO19441,chr5,34868607,34869734,1127
HO19442,chr5,34914680,34916071,1391
HO19443,chr5,34928978,34930386,1408
HO19444,chr5,35617352,35618551,1199
HO19445,chr5,36150845,36152617,1772
HO19446,chr5,36240656,36242567,1911
HO19447,chr5,36606013,36607594,1581
HO19448,chr5,36689919,36690884,965
HO19449,chr5,36692775,36693466,691
HO19450,chr5,36744040,36745711,1671
HO19451,chr5,36875047,36877684,2637
HO19452,chr5,37248524,37250012,1488
HO19453,chr5,37370463,37371854,1391
HO19454,chr5,37378698,37379668,970
HO19455,chr5,37836413,37837701,1288
HO19456,chr5,37839515,37840757,1242
HO19457,chr5,38104131,38105097,966
HO19458,chr5,38257146,38259346,2200
HO19459,chr5,38555856,38557564,1708
HO19460,chr5,38845121,38846943,1822
HO19461,chr5,39072946,39075334,2388
HO19462,chr5,39423764,39425463,1699
HO19463,chr5,40678908,40680191,1283
HO19464,chr5,40754065,40756345,2280
HO19465,chr5,40797104,40798940,1836
HO19466,chr5,40834403,40836214,1811
HO19467,chr5,40909074,40910145,1071
HO19468,chr5,41418143,41419403,1260
HO19469,chr5,41509254,41510906,1652
HO19470,chr5,41869110,41870858,1748
HO19471,chr5,41903453,41904693,1240
HO19472,chr5,41924563,41925982,1419
HO19473,chr5,42422875,42425070,2195
HO19474,chr5,42908428,42909366,938
HO19475,chr5,42950487,42952435,1948
HO19476,chr5,42994466,42995250,784
HO19477,chr5,43039447,43040639,1192
HO19478,chr5,43041399,43043440,2041
HO19479,chr5,43064453,43065208,755
HO19480,chr5,43065400,43067613,2213
HO19481,chr5,43105148,43106095,947
HO19482,chr5,43120475,43122422,1947
HO19483,chr5,43191656,43193121,1465
HO19484,chr5,43312738,43314414,1676
HO19485,chr5,43389378,43390074,696
HO19486,chr5,43483044,43484733,1689
HO19487,chr5,43514447,43515574,1127
HO19488,chr5,43555820,43557663,1843
HO19489,chr5,43602362,43604234,1872
HO19490,chr5,44387971,44390130,2159
HO19491,chr5,44808385,44809986,1601
HO19492,chr5,45694895,45696570,1675
HO19493,chr5,50440458,50441943,1485
HO19494,chr5,50666090,50668345,2255
HO19495,chr5,50962745,50964495,1750
HO19496,chr5,51382432,51383726,1294
HO19497,chr5,52787300,52788902,1602
HO19498,chr5,52798912,52801049,2137
HO19499,chr5,52988462,52990424,1962
HO19500,chr5,53087036,53088067,1031
HO19501,chr5,53108982,53110250,1268
HO19502,chr5,53478350,53478935,585
HO19503,chr5,53479365,53481006,1641
HO19504,chr5,53559988,53561336,1348
HO19505,chr5,54309266,54312098,2832
HO19506,chr5,54456852,54457985,1133
HO19507,chr5,54516952,54518649,1697
HO19508,chr5,54745193,54746149,956
HO19509,chr5,54882904,54884487,1583
HO19510,chr5,55159537,55160446,909
HO19511,chr5,55172735,55173876,1141
HO19512,chr5,55176120,55176798,678
HO19513,chr5,55226291,55227761,1470
HO19514,chr5,55232197,55234654,2457
HO19515,chr5,55306771,55308501,1730
HO19516,chr5,55533755,55535499,1744
HO19517,chr5,55711563,55713086,1523
HO19518,chr5,55993937,55995831,1894
HO19519,chr5,56270155,56271070,915
HO19520,chr5,56318745,56320325,1580
HO19521,chr5,56358475,56360127,1652
HO19522,chr5,56475435,56477239,1804
HO19523,chr5,56479666,56482717,3051
HO19524,chr5,56506213,56507012,799
HO19525,chr5,56668566,56670402,1836
HO19526,chr5,56698205,56699920,1715
HO19527,chr5,56814240,56817100,2860
HO19528,chr5,56908756,56910804,2048
HO19529,chr5,56950407,56952756,2349
HO19530,chr5,56972746,56973849,1103
HO19531,chr5,57172762,57174821,2059
HO19532,chr5,57298023,57299480,1457
HO19533,chr5,58458886,58461016,2130
HO19534,chr5,58581840,58583499,1659
HO19535,chr5,58785743,58786616,873
HO19536,chr5,58890087,58892029,1942
HO19537,chr5,59038688,59040133,1445
HO19538,chr5,59126597,59128247,1650
HO19539,chr5,59187559,59188953,1394
HO19540,chr5,59274899,59276443,1544
HO19541,chr5,59356722,59358935,2213
HO19542,chr5,59587319,59588189,870
HO19543,chr5,59767641,59769123,1482
HO19544,chr5,59892030,59894407,2377
HO19545,chr5,60280494,60281515,1021
HO19546,chr5,60699147,60700742,1595
HO19547,chr5,60842937,60844789,1852
HO19548,chr5,60944700,60946209,1509
HO19549,chr5,61161759,61163139,1380
HO19550,chr5,61330413,61333927,3514
HO19551,chr5,61407801,61409231,1430
HO19552,chr5,61624976,61627175,2199
HO19553,chr5,61731163,61732792,1629
HO19554,chr5,62305488,62307421,1933
HO19555,chr5,62403157,62404478,1321
HO19556,chr5,62411882,62413316,1434
HO19557,chr5,64165141,64166588,1447
HO19558,chr5,64505711,64507277,1566
HO19559,chr5,64690066,64691252,1186
HO19560,chr5,64759750,64760926,1176
HO19561,chr5,64767237,64769307,2070
HO19562,chr5,65034946,65036167,1221
HO19563,chr5,65102421,65104526,2105
HO19564,chr5,65481187,65484003,2816
HO19565,chr5,65562619,65563961,1342
HO19566,chr5,65623650,65625323,1673
HO19567,chr5,65721080,65723396,2316
HO19568,chr5,65830545,65831348,803
HO19569,chr5,65924665,65926778,2113
HO19570,chr5,66143603,66145197,1594
HO19571,chr5,66595765,66597769,2004
HO19572,chr5,66828110,66829681,1571
HO19573,chr5,67002534,67005153,2619
HO19574,chr5,67165579,67166896,1317
HO19575,chr5,67773113,67774143,1030
HO19576,chr5,68214635,68217080,2445
HO19577,chr5,68287775,68289148,1373
HO19578,chr5,68730064,68731212,1148
HO19579,chr5,69042488,69043874,1386
HO19580,chr5,69093487,69094815,1328
HO19581,chr5,69166457,69167561,1104
HO19582,chr5,69188678,69190498,1820
HO19583,chr5,69217275,69218467,1192
HO19584,chr5,69234220,69235329,1109
HO19585,chr5,69332301,69333039,738
HO19586,chr5,69334416,69335096,680
HO19587,chr5,69368737,69370176,1439
HO19588,chr5,69414683,69415875,1192
HO19589,chr5,69492122,69494002,1880
HO19590,chr5,71455038,71456619,1581
HO19591,chr5,71586421,71587900,1479
HO19592,chr5,71695089,71695987,898
HO19593,chr5,71718686,71719914,1228
HO19594,chr5,72106815,72109139,2324
HO19595,chr5,72142746,72143821,1075
HO19596,chr5,72165804,72167196,1392
HO19597,chr5,72178630,72180209,1579
HO19598,chr5,72307633,72308914,1281
HO19599,chr5,72319497,72320824,1327
HO19600,chr5,72429154,72430163,1009
HO19601,chr5,72555934,72558183,2249
HO19602,chr5,72815645,72817485,1840
HO19603,chr5,72847853,72849321,1468
HO19604,chr5,72955241,72957011,1770
HO19605,chr5,73119440,73120917,1477
HO19606,chr5,73215147,73216628,1481
HO19607,chr5,73232250,73234195,1945
HO19608,chr5,73435846,73437861,2015
HO19609,chr5,73446926,73449010,2084
HO19610,chr5,73497442,73499101,1659
HO19611,chr5,73564698,73566192,1494
HO19612,chr5,73625356,73626838,1482
HO19613,chr5,74433155,74434849,1694
HO19614,chr5,74615842,74617547,1705
HO19615,chr5,74639756,74642286,2530
HO19616,chr5,74684714,74686360,1646
HO19617,chr5,74766156,74767872,1716
HO19618,chr5,74864978,74867160,2182
HO19619,chr5,75052329,75054411,2082
HO19620,chr5,75235974,75237336,1362
HO19621,chr5,75336089,75338032,1943
HO19622,chr5,75510482,75512221,1739
HO19623,chr5,75655791,75657005,1214
HO19624,chr5,75716738,75717857,1119
HO19625,chr5,76082724,76085017,2293
HO19626,chr5,76385872,76386862,990
HO19627,chr5,76402091,76404387,2296
HO19628,chr5,76714920,76717032,2112
HO19629,chr5,76755743,76756833,1090
HO19630,chr5,76818250,76819971,1721
HO19631,chr5,76952818,76954716,1898
HO19632,chr5,77029875,77031124,1249
HO19633,chr5,77076688,77077944,1256
HO19634,chr5,77086271,77088231,1960
HO19635,chr5,77180006,77182217,2211
HO19636,chr5,77209564,77211710,2146
HO19637,chr5,77417805,77419073,1268
HO19638,chr5,77491020,77492742,1722
HO19639,chr5,77629402,77631122,1720
HO19640,chr5,77775249,77776650,1401
HO19641,chr5,77843599,77845333,1734
HO19642,chr5,77850904,77852158,1254
HO19643,chr5,77852321,77853189,868
HO19644,chr5,78293860,78295954,2094
HO19645,chr5,78359443,78361824,2381
HO19646,chr5,78509790,78510852,1062
HO19647,chr5,78647356,78649577,2221
HO19648,chr5,78983325,78986135,2810
HO19649,chr5,79069185,79070731,1546
HO19650,chr5,79132911,79134395,1484
HO19651,chr5,79235391,79237804,2413
HO19652,chr5,79513027,79514970,1943
HO19653,chr5,79611667,79613109,1442
HO19654,chr5,79689181,79690514,1333
HO19655,chr5,79694351,79695012,661
HO19656,chr5,79990281,79991710,1429
HO19657,chr5,80034529,80035974,1445
HO19658,chr5,80082505,80083863,1358
HO19659,chr5,80140866,80142030,1164
HO19660,chr5,80189157,80190070,913
HO19661,chr5,80191829,80193903,2074
HO19662,chr5,80204312,80205522,1210
HO19663,chr5,80209936,80210730,794
HO19664,chr5,80238559,80240141,1582
HO19665,chr5,80254845,80256751,1906
HO19666,chr5,80406834,80408708,1874
HO19667,chr5,80487487,80488742,1255
HO19668,chr5,80568926,80570700,1774
HO19669,chr5,80654011,80655372,1361
HO19670,chr5,80959975,80961332,1357
HO19671,chr5,81194644,81195439,795
HO19672,chr5,81232397,81233824,1427
HO19673,chr5,81300604,81302158,1554
HO19674,chr5,81393491,81394709,1218
HO19675,chr5,81749307,81752186,2879
HO19676,chr5,81850902,81853100,2198
HO19677,chr5,81856918,81857941,1023
HO19678,chr5,81971043,81972623,1580
HO19679,chr5,82277673,82278835,1162
HO19680,chr5,82748423,82750207,1784
HO19681,chr5,83076660,83078147,1487
HO19682,chr5,83098912,83100148,1236
HO19683,chr5,83470959,83471911,952
HO19684,chr5,83472414,83474815,2401
HO19685,chr5,83720831,83722692,1861
HO19686,chr5,84381937,84383368,1431
HO19687,chr5,84383541,84385176,1635
HO19688,chr5,86617287,86618877,1590
HO19689,chr5,86760095,86761247,1152
HO19690,chr5,87267106,87268988,1882
HO19691,chr5,87411845,87413387,1542
HO19692,chr5,88140559,88141959,1400
HO19693,chr5,88268200,88269593,1393
HO19694,chr5,88659684,88661409,1725
HO19695,chr5,88674124,88676216,2092
HO19696,chr5,88680210,88680816,606
HO19697,chr5,88690620,88691324,704
HO19698,chr5,88784696,88786595,1899
HO19699,chr5,88826844,88827821,977
HO19700,chr5,88833288,88834544,1256
HO19701,chr5,88882250,88884686,2436
HO19702,chr5,88888958,88890123,1165
HO19703,chr5,90408735,90410597,1862
HO19704,chr5,90473294,90475250,1956
HO19705,chr5,90528521,90530533,2012
HO19706,chr5,90557700,90559192,1492
HO19707,chr5,91279396,91281034,1638
HO19708,chr5,91379819,91381244,1425
HO19709,chr5,91381672,91382001,329
HO19710,chr5,91383157,91383825,668
HO19711,chr5,91384808,91385151,343
HO19712,chr5,93078084,93079323,1239
HO19713,chr5,93579633,93580713,1080
HO19714,chr5,93580844,93582182,1338
HO19715,chr5,93583940,93585397,1457
HO19716,chr5,93620354,93621815,1461
HO19717,chr5,94110853,94112013,1160
HO19718,chr5,94617650,94619326,1676
HO19719,chr5,95283668,95285648,1980
HO19720,chr5,95554308,95555663,1355
HO19721,chr5,95619754,95621698,1944
HO19722,chr5,95646267,95647422,1155
HO19723,chr5,95730384,95732418,2034
HO19724,chr5,95759690,95761022,1332
HO19725,chr5,95780684,95781525,841
HO19726,chr5,95821755,95823119,1364
HO19727,chr5,95834384,95835233,849
HO19728,chr5,95858098,95859205,1107
HO19729,chr5,95922186,95923227,1041
HO19730,chr5,95959985,95962452,2467
HO19731,chr5,96661137,96663549,2412
HO19732,chr5,96702310,96703830,1520
HO19733,chr5,96806981,96808617,1636
HO19734,chr5,96934234,96936965,2731
HO19735,chr5,97182650,97184009,1359
HO19736,chr5,98155621,98156613,992
HO19737,chr5,98768859,98769695,836
HO19738,chr5,98769746,98770672,926
HO19739,chr5,98771387,98771782,395
HO19740,chr5,98772929,98774888,1959
HO19741,chr5,98927200,98929872,2672
HO19742,chr5,100534661,100536058,1397
HO19743,chr5,102294952,102296834,1882
HO19744,chr5,102754229,102756308,2079
HO19745,chr5,102864964,102866753,1789
HO19746,chr5,103119232,103121101,1869
HO19747,chr5,103258194,103260076,1882
HO19748,chr5,103428085,103428914,829
HO19749,chr5,103561637,103563221,1584
HO19750,chr5,104539422,104541144,1722
HO19751,chr5,107571092,107572554,1462
HO19752,chr5,107669130,107673072,3942
HO19753,chr5,107673288,107673940,652
HO19754,chr5,108380345,108382729,2384
HO19755,chr5,108670398,108671427,1029
HO19756,chr5,108727249,108728786,1537
HO19757,chr5,108747600,108749650,2050
HO19758,chr5,109398760,109399698,938
HO19759,chr5,109408869,109411055,2186
HO19760,chr5,109450558,109451795,1237
HO19761,chr5,109688717,109691322,2605
HO19762,chr5,110726158,110727214,1056
HO19763,chr5,110738118,110739643,1525
HO19764,chr5,111072846,111073645,799
HO19765,chr5,111091941,111092935,994
HO19766,chr5,111143567,111144584,1017
HO19767,chr5,111223399,111224951,1552
HO19768,chr5,111511545,111513338,1793
HO19769,chr5,111756616,111758372,1756
HO19770,chr5,112160190,112161711,1521
HO19771,chr5,112417882,112420624,2742
HO19772,chr5,112707005,112708477,1472
HO19773,chr5,112737121,112738609,1488
HO19774,chr5,112860677,112861687,1010
HO19775,chr5,112920825,112922559,1734
HO19776,chr5,112976012,112977827,1815
HO19777,chr5,113292968,113295457,2489
HO19778,chr5,113487258,113489110,1852
HO19779,chr5,113513077,113514651,1574
HO19780,chr5,114054214,114056741,2527
HO19781,chr5,114360731,114363185,2454
HO19782,chr5,114449564,114450806,1242
HO19783,chr5,114927137,114927986,849
HO19784,chr5,115169028,115170889,1861
HO19785,chr5,115178857,115180699,1842
HO19786,chr5,115261698,115263190,1492
HO19787,chr5,115295729,115297312,1583
HO19788,chr5,115543367,115545173,1806
HO19789,chr5,115571236,115572154,918
HO19790,chr5,115601628,115603068,1440
HO19791,chr5,115625420,115626659,1239
HO19792,chr5,115634296,115634989,693
HO19793,chr5,115815465,115817078,1613
HO19794,chr5,115841057,115842672,1615
HO19795,chr5,115962288,115963351,1063
HO19796,chr5,116084109,116085586,1477
HO19797,chr5,116361045,116362069,1024
HO19798,chr5,116431336,116433058,1722
HO19799,chr5,116462266,116463383,1117
HO19800,chr5,116571954,116574300,2346
HO19801,chr5,116574519,116576584,2065
HO19802,chr5,118987789,118989015,1226
HO19803,chr5,119070145,119071845,1700
HO19804,chr5,119078411,119080040,1629
HO19805,chr5,119267797,119269455,1658
HO19806,chr5,119354961,119356909,1948
HO19807,chr5,119411404,119412457,1053
HO19808,chr5,119451969,119453364,1395
HO19809,chr5,120463840,120465899,2059
HO19810,chr5,121961032,121962524,1492
HO19811,chr5,122076678,122078815,2137
HO19812,chr5,122311020,122313374,2354
HO19813,chr5,122774471,122776070,1599
HO19814,chr5,122844518,122846366,1848
HO19815,chr5,123035355,123037231,1876
HO19816,chr5,123088049,123090641,2592
HO19817,chr5,123098353,123100160,1807
HO19818,chr5,123422381,123424029,1648
HO19819,chr5,123511475,123513488,2013
HO19820,chr5,123874430,123876271,1841
HO19821,chr5,124650776,124652601,1825
HO19822,chr5,124746405,124749438,3033
HO19823,chr5,125043558,125044837,1279
HO19824,chr5,125409190,125413241,4051
HO19825,chr5,126235227,126236029,802
HO19826,chr5,126422665,126423895,1230
HO19827,chr5,126461824,126463257,1433
HO19828,chr5,126531007,126532336,1329
HO19829,chr5,126594416,126595666,1250
HO19830,chr5,126600353,126601531,1178
HO19831,chr5,126776389,126778731,2342
HO19832,chr5,127029475,127031369,1894
HO19833,chr5,127040289,127041718,1429
HO19834,chr5,127072764,127073885,1121
HO19835,chr5,127228748,127229930,1182
HO19836,chr5,127289750,127291641,1891
HO19837,chr5,127517042,127518487,1445
HO19838,chr5,128082559,128085089,2530
HO19839,chr5,128536750,128539388,2638
HO19840,chr5,128964774,128966578,1804
HO19841,chr5,129000758,129002740,1982
HO19842,chr5,129094033,129095748,1715
HO19843,chr5,129459467,129461876,2409
HO19844,chr5,129903657,129906815,3158
HO19845,chr5,131164283,131165709,1426
HO19846,chr5,131170253,131171650,1397
HO19847,chr5,131262964,131264886,1922
HO19848,chr5,131634366,131636284,1918
HO19849,chr5,131795846,131797765,1919
HO19850,chr5,132001525,132002364,839
HO19851,chr5,132002947,132003682,735
HO19852,chr5,132224872,132225872,1000
HO19853,chr5,132227020,132228386,1366
HO19854,chr5,132254415,132255185,770
HO19855,chr5,132257039,132258119,1080
HO19856,chr5,132258477,132259978,1501
HO19857,chr5,132260736,132261295,559
HO19858,chr5,132293004,132294950,1946
HO19859,chr5,132369061,132370503,1442
HO19860,chr5,132385142,132385802,660
HO19861,chr5,132410114,132411617,1503
HO19862,chr5,132419452,132420003,551
HO19863,chr5,132446485,132447264,779
HO19864,chr5,132489628,132491316,1688
HO19865,chr5,132495330,132497356,2026
HO19866,chr5,132556412,132557772,1360
HO19867,chr5,132736741,132737969,1228
HO19868,chr5,132746889,132748350,1461
HO19869,chr5,132751233,132751878,645
HO19870,chr5,132775984,132777953,1969
HO19871,chr5,132812874,132814820,1946
HO19872,chr5,132819489,132820450,961
HO19873,chr5,132822697,132823656,959
HO19874,chr5,132829548,132831013,1465
HO19875,chr5,132865747,132867345,1598
HO19876,chr5,132961982,132964154,2172
HO19877,chr5,133025601,133026997,1396
HO19878,chr5,133051143,133052976,1833
HO19879,chr5,133065642,133066545,903
HO19880,chr5,133396177,133397757,1580
HO19881,chr5,133610751,133612856,2105
HO19882,chr5,133967709,133969004,1295
HO19883,chr5,133994172,133996443,2271
HO19884,chr5,134003701,134006015,2314
HO19885,chr5,134039312,134040215,903
HO19886,chr5,134053371,134054431,1060
HO19887,chr5,134070649,134071595,946
HO19888,chr5,134113917,134115981,2064
HO19889,chr5,134140329,134141583,1254
HO19890,chr5,134149305,134150182,877
HO19891,chr5,134175853,134178078,2225
HO19892,chr5,134224898,134227061,2163
HO19893,chr5,134240062,134240985,923
HO19894,chr5,134244864,134245574,710
HO19895,chr5,134366678,134367368,690
HO19896,chr5,134370550,134372358,1808
HO19897,chr5,134411349,134413484,2135
HO19898,chr5,134465338,134467044,1706
HO19899,chr5,134510806,134512942,2136
HO19900,chr5,134524028,134527852,3824
HO19901,chr5,134554146,134555536,1390
HO19902,chr5,134567746,134569748,2002
HO19903,chr5,134586637,134587578,941
HO19904,chr5,134632082,134633224,1142
HO19905,chr5,134647833,134649631,1798
HO19906,chr5,134737495,134739670,2175
HO19907,chr5,134758137,134759306,1169
HO19908,chr5,134845212,134846918,1706
HO19909,chr5,134873773,134875546,1773
HO19910,chr5,134904315,134905957,1642
HO19911,chr5,135032897,135034944,2047
HO19912,chr5,135098743,135099982,1239
HO19913,chr5,135190440,135191786,1346
HO19914,chr5,135398141,135400180,2039
HO19915,chr5,135465796,135467120,1324
HO19916,chr5,135834267,135835487,1220
HO19917,chr5,136087672,136088737,1065
HO19918,chr5,136132075,136134194,2119
HO19919,chr5,136191677,136193621,1944
HO19920,chr5,136624606,136625399,793
HO19921,chr5,137498203,137499517,1314
HO19922,chr5,137619140,137619943,803
HO19923,chr5,137622284,137623218,934
HO19924,chr5,137734652,137736297,1645
HO19925,chr5,137752886,137755322,2436
HO19926,chr5,137887837,137889838,2001
HO19927,chr5,138032111,138033650,1539
HO19928,chr5,138035947,138036364,417
HO19929,chr5,138036923,138037713,790
HO19930,chr5,138138734,138139686,952
HO19931,chr5,138177718,138179275,1557
HO19932,chr5,138212801,138214082,1281
HO19933,chr5,138241460,138242749,1289
HO19934,chr5,138273495,138274860,1365
HO19935,chr5,138331076,138332287,1211
HO19936,chr5,138337151,138339417,2266
HO19937,chr5,138352249,138354017,1768
HO19938,chr5,138391375,138392487,1112
HO19939,chr5,138438394,138440350,1956
HO19940,chr5,138449416,138450348,932
HO19941,chr5,138463382,138465926,2544
HO19942,chr5,138467812,138468498,686
HO19943,chr5,138468552,138468909,357
HO19944,chr5,138469141,138471099,1958
HO19945,chr5,138489404,138490146,742
HO19946,chr5,138491293,138493308,2015
HO19947,chr5,138536325,138537202,877
HO19948,chr5,138542072,138543994,1922
HO19949,chr5,138574857,138576144,1287
HO19950,chr5,138610401,138611888,1487
HO19951,chr5,138716121,138717154,1033
HO19952,chr5,138730503,138731630,1127
HO19953,chr5,138752299,138754462,2163
HO19954,chr5,138927416,138928430,1014
HO19955,chr5,138952889,138953909,1020
HO19956,chr5,139177847,139179528,1681
HO19957,chr5,139197464,139198677,1213
HO19958,chr5,139261991,139263189,1198
HO19959,chr5,139273113,139274484,1371
HO19960,chr5,139293236,139294879,1643
HO19961,chr5,139341247,139342685,1438
HO19962,chr5,139387597,139388709,1112
HO19963,chr5,139391921,139393552,1631
HO19964,chr5,139393737,139395441,1704
HO19965,chr5,139403311,139404474,1163
HO19966,chr5,139438535,139439840,1305
HO19967,chr5,139517421,139518546,1125
HO19968,chr5,139560632,139562294,1662
HO19969,chr5,139633263,139633608,345
HO19970,chr5,139637095,139638647,1552
HO19971,chr5,139648026,139649899,1873
HO19972,chr5,139650821,139652522,1701
HO19973,chr5,139659778,139660434,656
HO19974,chr5,139664667,139665410,743
HO19975,chr5,139669596,139670865,1269
HO19976,chr5,139671236,139671738,502
HO19977,chr5,139676407,139678109,1702
HO19978,chr5,139689542,139690970,1428
HO19979,chr5,139696490,139699092,2602
HO19980,chr5,139708937,139712065,3128
HO19981,chr5,139733437,139734804,1367
HO19982,chr5,139745762,139748239,2477
HO19983,chr5,139765194,139766173,979
HO19984,chr5,139774796,139775733,937
HO19985,chr5,139787086,139789080,1994
HO19986,chr5,139847772,139848891,1119
HO19987,chr5,139903392,139905616,2224
HO19988,chr5,139968149,139969146,997
HO19989,chr5,140041544,140043908,2364
HO19990,chr5,140106966,140108631,1665
HO19991,chr5,140112984,140115139,2155
HO19992,chr5,140145519,140146607,1088
HO19993,chr5,140156775,140157907,1132
HO19994,chr5,140174475,140176081,1606
HO19995,chr5,140240979,140241799,820
HO19996,chr5,140244311,140245646,1335
HO19997,chr5,140302422,140303663,1241
HO19998,chr5,140322630,140323728,1098
HO19999,chr5,140345669,140347212,1543
HO20000,chr5,140357279,140358066,787
HO20001,chr5,140400485,140402859,2374
HO20002,chr5,140547025,140548440,1415
HO20003,chr5,140556745,140557858,1113
HO20004,chr5,140563674,140565147,1473
HO20005,chr5,140573644,140574884,1240
HO20006,chr5,140595022,140596977,1955
HO20007,chr5,140631225,140633550,2325
HO20008,chr5,140638746,140640033,1287
HO20009,chr5,140646928,140648338,1410
HO20010,chr5,140664044,140665216,1172
HO20011,chr5,140690559,140691836,1277
HO20012,chr5,140699920,140700997,1077
HO20013,chr5,140710348,140711624,1276
HO20014,chr5,140925841,140927190,1349
HO20015,chr5,140965875,140967554,1679
HO20016,chr5,141040036,141041456,1420
HO20017,chr5,141319933,141321254,1321
HO20018,chr5,141475438,141477219,1781
HO20019,chr5,141494520,141496480,1960
HO20020,chr5,141512188,141514615,2427
HO20021,chr5,141520902,141521881,979
HO20022,chr5,141524303,141525591,1288
HO20023,chr5,141527823,141529389,1566
HO20024,chr5,141557483,141558599,1116
HO20025,chr5,141563928,141564521,593
HO20026,chr5,141617727,141619429,1702
HO20027,chr5,141636026,141638373,2347
HO20028,chr5,141650733,141651698,965
HO20029,chr5,141681596,141683390,1794
HO20030,chr5,141691868,141692758,890
HO20031,chr5,141701310,141703270,1960
HO20032,chr5,141832237,141833365,1128
HO20033,chr5,141848641,141850657,2016
HO20034,chr5,141865751,141866601,850
HO20035,chr5,141875801,141876492,691
HO20036,chr5,141877580,141879546,1966
HO20037,chr5,141883072,141883712,640
HO20038,chr5,141913370,141914662,1292
HO20039,chr5,141923129,141924306,1177
HO20040,chr5,141960025,141961085,1060
HO20041,chr5,141968568,141969853,1285
HO20042,chr5,141970202,141970667,465
HO20043,chr5,142012040,142013426,1386
HO20044,chr5,142024427,142025640,1213
HO20045,chr5,142063577,142064889,1312
HO20046,chr5,142088218,142089684,1466
HO20047,chr5,142108307,142110546,2239
HO20048,chr5,142323988,142326659,2671
HO20049,chr5,142356000,142357665,1665
HO20050,chr5,142441108,142442134,1026
HO20051,chr5,142548558,142549106,548
HO20052,chr5,142655412,142656813,1401
HO20053,chr5,142684280,142686641,2361
HO20054,chr5,142697212,142699506,2294
HO20055,chr5,142712794,142713719,925
HO20056,chr5,142716771,142717416,645
HO20057,chr5,142747659,142748898,1239
HO20058,chr5,142769276,142771646,2370
HO20059,chr5,142782857,142784402,1545
HO20060,chr5,142808773,142810473,1700
HO20061,chr5,142825009,142826047,1038
HO20062,chr5,142830484,142831280,796
HO20063,chr5,142844870,142846439,1569
HO20064,chr5,142864475,142865259,784
HO20065,chr5,142866725,142867329,604
HO20066,chr5,142870938,142872694,1756
HO20067,chr5,143135623,143136780,1157
HO20068,chr5,143402463,143405737,3274
HO20069,chr5,144169919,144171209,1290
HO20070,chr5,144308893,144309763,870
HO20071,chr5,145834646,145836024,1378
HO20072,chr5,145855974,145856850,876
HO20073,chr5,145936221,145937687,1466
HO20074,chr5,146181918,146183240,1322
HO20075,chr5,146202902,146204130,1228
HO20076,chr5,146446663,146447912,1249
HO20077,chr5,146877595,146879097,1502
HO20078,chr5,146965660,146966575,915
HO20079,chr5,147234013,147235261,1248
HO20080,chr5,147451948,147454795,2847
HO20081,chr5,147483804,147484673,869
HO20082,chr5,147508816,147510460,1644
HO20083,chr5,147576978,147578742,1764
HO20084,chr5,147782024,147783015,991
HO20085,chr5,148383069,148384762,1693
HO20086,chr5,148825643,148827030,1387
HO20087,chr5,149001791,149002478,687
HO20088,chr5,149062161,149063705,1544
HO20089,chr5,149114284,149115209,925
HO20090,chr5,149141106,149142313,1207
HO20091,chr5,149271223,149272622,1399
HO20092,chr5,149320440,149321394,954
HO20093,chr5,149344695,149346067,1372
HO20094,chr5,149357342,149358674,1332
HO20095,chr5,149378107,149380139,2032
HO20096,chr5,149422023,149423481,1458
HO20097,chr5,149442199,149443193,994
HO20098,chr5,149549410,149550460,1050
HO20099,chr5,149550692,149552049,1357
HO20100,chr5,149580784,149582497,1713
HO20101,chr5,149729872,149732348,2476
HO20102,chr5,149837536,149838025,489
HO20103,chr5,149857207,149858086,879
HO20104,chr5,149887201,149888263,1062
HO20105,chr5,149960118,149961260,1142
HO20106,chr5,149999911,150002040,2129
HO20107,chr5,150155340,150156217,877
HO20108,chr5,150356997,150358353,1356
HO20109,chr5,150403916,150404682,766
HO20110,chr5,150409769,150410983,1214
HO20111,chr5,150412253,150413151,898
HO20112,chr5,150427463,150428847,1384
HO20113,chr5,150448852,150450226,1374
HO20114,chr5,150458548,150459402,854
HO20115,chr5,150485168,150487160,1992
HO20116,chr5,150503556,150505272,1716
HO20117,chr5,150515478,150516355,877
HO20118,chr5,150534587,150535238,651
HO20119,chr5,150544492,150545117,625
HO20120,chr5,150599933,150601518,1585
HO20121,chr5,150613912,150615635,1723
HO20122,chr5,150624164,150625498,1334
HO20123,chr5,150637346,150637956,610
HO20124,chr5,150639829,150641566,1737
HO20125,chr5,150642385,150642957,572
HO20126,chr5,150644054,150645406,1352
HO20127,chr5,150656076,150657150,1074
HO20128,chr5,150671515,150672877,1362
HO20129,chr5,150700144,150701511,1367
HO20130,chr5,150757932,150759338,1406
HO20131,chr5,150777859,150779448,1589
HO20132,chr5,150904283,150905402,1119
HO20133,chr5,150945888,150946986,1098
HO20134,chr5,151020143,151021162,1019
HO20135,chr5,151080015,151081799,1784
HO20136,chr5,151094902,151096343,1441
HO20137,chr5,151150101,151151450,1349
HO20138,chr5,151155505,151156715,1210
HO20139,chr5,151156944,151158655,1711
HO20140,chr5,151166718,151168010,1292
HO20141,chr5,151222779,151224293,1514
HO20142,chr5,151234002,151235334,1332
HO20143,chr5,151238030,151239618,1588
HO20144,chr5,151252214,151253629,1415
HO20145,chr5,151315829,151316470,641
HO20146,chr5,151446773,151448552,1779
HO20147,chr5,151651825,151652420,595
HO20148,chr5,151658626,151659678,1052
HO20149,chr5,151684597,151685488,891
HO20150,chr5,151686181,151687291,1110
HO20151,chr5,151693678,151694535,857
HO20152,chr5,151696063,151697146,1083
HO20153,chr5,151698721,151699609,888
HO20154,chr5,151739447,151741111,1664
HO20155,chr5,151757544,151759192,1648
HO20156,chr5,151770345,151773072,2727
HO20157,chr5,154038110,154039310,1200
HO20158,chr5,154189315,154191035,1720
HO20159,chr5,154404735,154405689,954
HO20160,chr5,154444843,154447366,2523
HO20161,chr5,154610193,154611037,844
HO20162,chr5,154646729,154647789,1060
HO20163,chr5,154682118,154683302,1184
HO20164,chr5,154691130,154692259,1129
HO20165,chr5,154754497,154757447,2950
HO20166,chr5,154849678,154851179,1501
HO20167,chr5,154857086,154858941,1855
HO20168,chr5,154937452,154938464,1012
HO20169,chr5,154940554,154941458,904
HO20170,chr5,155727619,155730035,2416
HO20171,chr5,156326335,156327697,1362
HO20172,chr5,157054304,157055613,1309
HO20173,chr5,157142131,157143923,1792
HO20174,chr5,157148032,157149237,1205
HO20175,chr5,157265529,157266840,1311
HO20176,chr5,157327818,157328949,1131
HO20177,chr5,157574943,157576426,1483
HO20178,chr5,157670481,157671919,1438
HO20179,chr5,157731042,157732153,1111
HO20180,chr5,157743120,157745200,2080
HO20181,chr5,157819428,157820969,1541
HO20182,chr5,157858022,157859362,1340
HO20183,chr5,157915379,157916144,765
HO20184,chr5,157948456,157949361,905
HO20185,chr5,159099688,159100837,1149
HO20186,chr5,159207503,159209953,2450
HO20187,chr5,159262394,159263747,1353
HO20188,chr5,159915814,159917040,1226
HO20189,chr5,159986808,159987747,939
HO20190,chr5,160008420,160010043,1623
HO20191,chr5,160118341,160120146,1805
HO20192,chr5,160132933,160134084,1151
HO20193,chr5,160164746,160166125,1379
HO20194,chr5,160174630,160176062,1432
HO20195,chr5,160187936,160189188,1252
HO20196,chr5,160197055,160198162,1107
HO20197,chr5,160198959,160200022,1063
HO20198,chr5,160240004,160241094,1090
HO20199,chr5,160260390,160261778,1388
HO20200,chr5,160286923,160288131,1208
HO20201,chr5,160311500,160313076,1576
HO20202,chr5,160344955,160345691,736
HO20203,chr5,160370031,160371051,1020
HO20204,chr5,160399326,160400459,1133
HO20205,chr5,160418468,160419600,1132
HO20206,chr5,160421521,160422210,689
HO20207,chr5,160438328,160439514,1186
HO20208,chr5,160458617,160459655,1038
HO20209,chr5,160526599,160527383,784
HO20210,chr5,160627698,160628859,1161
HO20211,chr5,160930148,160930845,697
HO20212,chr5,161546171,161548442,2271
HO20213,chr5,163436679,163438193,1514
HO20214,chr5,163459417,163461856,2439
HO20215,chr5,163503029,163503844,815
HO20216,chr5,163505122,163506069,947
HO20217,chr5,163695908,163696784,876
HO20218,chr5,164188302,164189240,938
HO20219,chr5,166504872,166506094,1222
HO20220,chr5,166978051,166979670,1619
HO20221,chr5,168268714,168270324,1610
HO20222,chr5,168291146,168292759,1613
HO20223,chr5,168295514,168296184,670
HO20224,chr5,168334292,168335247,955
HO20225,chr5,168337024,168337994,970
HO20226,chr5,168486000,168487268,1268
HO20227,chr5,168528397,168530246,1849
HO20228,chr5,168578629,168580103,1474
HO20229,chr5,169299745,169301422,1677
HO20230,chr5,169583127,169584509,1382
HO20231,chr5,169745390,169746729,1339
HO20232,chr5,169767411,169768718,1307
HO20233,chr5,169979973,169980994,1021
HO20234,chr5,170150818,170152006,1188
HO20235,chr5,170503460,170504516,1056
HO20236,chr5,170552266,170553228,962
HO20237,chr5,170632756,170634044,1288
HO20238,chr5,170743977,170744846,869
HO20239,chr5,170861479,170862957,1478
HO20240,chr5,171386984,171388843,1859
HO20241,chr5,171418471,171421309,2838
HO20242,chr5,171427496,171428626,1130
HO20243,chr5,171578891,171581113,2222
HO20244,chr5,171629695,171630476,781
HO20245,chr5,172005509,172007529,2020
HO20246,chr5,172046987,172047971,984
HO20247,chr5,172106547,172107907,1360
HO20248,chr5,172110407,172112402,1995
HO20249,chr5,172143945,172145499,1554
HO20250,chr5,172164090,172165692,1602
HO20251,chr5,172186886,172188978,2092
HO20252,chr5,172282823,172284660,1837
HO20253,chr5,172292925,172293847,922
HO20254,chr5,172418030,172419231,1201
HO20255,chr5,172436860,172438695,1835
HO20256,chr5,172452648,172455122,2474
HO20257,chr5,172478613,172479486,873
HO20258,chr5,172640739,172642336,1597
HO20259,chr5,172658846,172660628,1782
HO20260,chr5,172683135,172684358,1223
HO20261,chr5,172696462,172697973,1511
HO20262,chr5,172699917,172701269,1352
HO20263,chr5,172706747,172708681,1934
HO20264,chr5,172716462,172717234,772
HO20265,chr5,172724020,172725024,1004
HO20266,chr5,172743852,172744881,1029
HO20267,chr5,172765001,172765925,924
HO20268,chr5,172766208,172766972,764
HO20269,chr5,172770417,172772849,2432
HO20270,chr5,172777380,172778497,1117
HO20271,chr5,172788422,172790246,1824
HO20272,chr5,172833588,172835292,1704
HO20273,chr5,172872678,172873619,941
HO20274,chr5,172902154,172903449,1295
HO20275,chr5,172932052,172932838,786
HO20276,chr5,172958289,172960091,1802
HO20277,chr5,172983195,172984809,1614
HO20278,chr5,173055715,173057823,2108
HO20279,chr5,173144107,173145261,1154
HO20280,chr5,173162736,173163845,1109
HO20281,chr5,173268320,173269583,1263
HO20282,chr5,173283358,173284166,808
HO20283,chr5,173327845,173328696,851
HO20284,chr5,173494397,173495620,1223
HO20285,chr5,173498129,173499516,1387
HO20286,chr5,173615734,173617149,1415
HO20287,chr5,173766068,173766744,676
HO20288,chr5,173887385,173888501,1116
HO20289,chr5,173917447,173918779,1332
HO20290,chr5,173972645,173973983,1338
HO20291,chr5,174044217,174045880,1663
HO20292,chr5,174204034,174205331,1297
HO20293,chr5,174300085,174301785,1700
HO20294,chr5,174311323,174312526,1203
HO20295,chr5,174337147,174338928,1781
HO20296,chr5,174419036,174419896,860
HO20297,chr5,174522638,174524869,2231
HO20298,chr5,174698201,174699376,1175
HO20299,chr5,174723880,174725353,1473
HO20300,chr5,174735264,174736323,1059
HO20301,chr5,174750734,174752088,1354
HO20302,chr5,175443540,175445054,1514
HO20303,chr5,175477985,175479738,1753
HO20304,chr5,175533848,175534660,812
HO20305,chr5,175657502,175658833,1331
HO20306,chr5,175728857,175730254,1397
HO20307,chr5,175778538,175779459,921
HO20308,chr5,175796402,175798088,1686
HO20309,chr5,175871148,175872423,1275
HO20310,chr5,176131551,176135108,3557
HO20311,chr5,176151175,176152806,1631
HO20312,chr5,176179934,176181774,1840
HO20313,chr5,176198705,176200420,1715
HO20314,chr5,176360923,176362086,1163
HO20315,chr5,176365064,176366546,1482
HO20316,chr5,176387995,176389551,1556
HO20317,chr5,176415683,176416880,1197
HO20318,chr5,176447065,176449328,2263
HO20319,chr5,176533916,176534411,495
HO20320,chr5,176535444,176538238,2794
HO20321,chr5,176542357,176544209,1852
HO20322,chr5,176563462,176564424,962
HO20323,chr5,176596465,176597650,1185
HO20324,chr5,176609159,176610464,1305
HO20325,chr5,176618949,176620788,1839
HO20326,chr5,176629793,176631075,1282
HO20327,chr5,176646763,176648840,2077
HO20328,chr5,176738974,176740027,1053
HO20329,chr5,176809355,176811438,2083
HO20330,chr5,176816791,176818371,1580
HO20331,chr5,176837245,176838018,773
HO20332,chr5,176862661,176864432,1771
HO20333,chr5,176994370,176995409,1039
HO20334,chr5,177005533,177007158,1625
HO20335,chr5,177021929,177023663,1734
HO20336,chr5,177086201,177087543,1342
HO20337,chr5,177116472,177117256,784
HO20338,chr5,177131701,177134714,3013
HO20339,chr5,177302865,177304606,1741
HO20340,chr5,177311304,177312762,1458
HO20341,chr5,177351086,177352333,1247
HO20342,chr5,177362610,177363465,855
HO20343,chr5,177366224,177367588,1364
HO20344,chr5,177370463,177371155,692
HO20345,chr5,177389232,177391133,1901
HO20346,chr5,177402336,177402957,621
HO20347,chr5,177403362,177404841,1479
HO20348,chr5,177425382,177427664,2282
HO20349,chr5,177445930,177448153,2223
HO20350,chr5,177453919,177456663,2744
HO20351,chr5,177457284,177457973,689
HO20352,chr5,177472412,177474146,1734
HO20353,chr5,177494395,177495105,710
HO20354,chr5,177496140,177498755,2615
HO20355,chr5,177500608,177501266,658
HO20356,chr5,177516293,177517605,1312
HO20357,chr5,177552958,177554856,1898
HO20358,chr5,177561237,177562031,794
HO20359,chr5,177591647,177592793,1146
HO20360,chr5,177599100,177600872,1772
HO20361,chr5,177607163,177608055,892
HO20362,chr5,178113111,178114814,1703
HO20363,chr5,178120645,178122001,1356
HO20364,chr5,178130165,178131474,1309
HO20365,chr5,178153098,178154450,1352
HO20366,chr5,178163963,178164806,843
HO20367,chr5,178203881,178205590,1709
HO20368,chr5,178231735,178233135,1400
HO20369,chr5,178279568,178280437,869
HO20370,chr5,178589538,178591040,1502
HO20371,chr5,178625742,178627574,1832
HO20372,chr5,178729746,178731018,1272
HO20373,chr5,178859522,178860551,1029
HO20374,chr5,178895456,178896584,1128
HO20375,chr5,178940388,178941782,1394
HO20376,chr5,179023142,179024284,1142
HO20377,chr5,179059800,179060954,1154
HO20378,chr5,179166705,179167712,1007
HO20379,chr5,179265005,179266056,1051
HO20380,chr5,179266784,179267713,929
HO20381,chr5,179313943,179314682,739
HO20382,chr5,179343694,179345837,2143
HO20383,chr5,179549858,179551403,1545
HO20384,chr5,179558919,179560198,1279
HO20385,chr5,179622422,179624642,2220
HO20386,chr5,179677841,179679415,1574
HO20387,chr5,179697895,179700195,2300
HO20388,chr5,179731993,179733742,1749
HO20389,chr5,179754708,179755668,960
HO20390,chr5,179762008,179763591,1583
HO20391,chr5,179795015,179796754,1739
HO20392,chr5,179803203,179804024,821
HO20393,chr5,179805350,179807568,2218
HO20394,chr5,179818636,179819729,1093
HO20395,chr5,179820162,179821964,1802
HO20396,chr5,179858047,179859469,1422
HO20397,chr5,179906530,179908254,1724
HO20398,chr5,180070831,180072345,1514
HO20399,chr5,180089836,180090799,963
HO20400,chr5,180154766,180156116,1350
HO20401,chr5,180176999,180177861,862
HO20402,chr5,180178811,180180367,1556
HO20403,chr5,180194520,180195421,901
HO20404,chr5,180207504,180209474,1970
HO20405,chr5,180291172,180293778,2606
HO20406,chr5,180352078,180354320,2242
HO20407,chr5,180493880,180495260,1380
HO20408,chr5,180589665,180591906,2241
HO20409,chr5,180618451,180619618,1167
HO20410,chr5,180648534,180650395,1861
HO20411,chr5,180673271,180674462,1191
HO20412,chr5,180785109,180787330,2221
HO20413,chr5,180801870,180804034,2164
HO20414,chr5,180809412,180811216,1804
HO20415,chr5,180816503,180818579,2076
HO20416,chr5,180830681,180832034,1353
HO20417,chr5,180860361,180861903,1542
HO20418,chr5,181035787,181037025,1238
HO20419,chr5,181052490,181054188,1698
HO20420,chr5,181058703,181059954,1251
HO20421,chr5,181181774,181182271,497
HO20422,chr5,181183672,181184464,792
HO20423,chr5,181187999,181189658,1659
HO20424,chr5,181189842,181192263,2421
HO20425,chr5,181203865,181205487,1622
HO20426,chr5,181205705,181207942,2237
HO20427,chr5,181216954,181218511,1557
HO20428,chr5,181221728,181224123,2395
HO20429,chr5,181243234,181244590,1356
HO20430,chr5,181245727,181247149,1422
HO20431,chr5,181260470,181262304,1834
HO20432,chr6,291522,293565,2043
HO20433,chr6,390871,393804,2933
HO20434,chr6,683465,684421,956
HO20435,chr6,692253,693593,1340
HO20436,chr6,710513,711638,1125
HO20437,chr6,1310898,1312330,1432
HO20438,chr6,1389104,1391179,2075
HO20439,chr6,1499478,1500303,825
HO20440,chr6,1603955,1605180,1225
HO20441,chr6,1609003,1611047,2044
HO20442,chr6,2141158,2142283,1125
HO20443,chr6,2244805,2246491,1686
HO20444,chr6,2633364,2634829,1465
HO20445,chr6,2743327,2744732,1405
HO20446,chr6,2764536,2766652,2116
HO20447,chr6,2840897,2842126,1229
HO20448,chr6,2875061,2877515,2454
HO20449,chr6,2901696,2903543,1847
HO20450,chr6,2925503,2926604,1101
HO20451,chr6,2931643,2932740,1097
HO20452,chr6,2952370,2953123,753
HO20453,chr6,2970002,2972199,2197
HO20454,chr6,2988181,2990216,2035
HO20455,chr6,2998366,3000495,2129
HO20456,chr6,3053281,3054557,1276
HO20457,chr6,3063403,3064588,1185
HO20458,chr6,3068100,3069521,1421
HO20459,chr6,3117874,3119376,1502
HO20460,chr6,3156257,3158428,2171
HO20461,chr6,3160130,3160517,387
HO20462,chr6,3162349,3163362,1013
HO20463,chr6,3226710,3228647,1937
HO20464,chr6,3230908,3232267,1359
HO20465,chr6,3247111,3248175,1064
HO20466,chr6,3251265,3251816,551
HO20467,chr6,3258381,3259924,1543
HO20468,chr6,3261573,3262167,594
HO20469,chr6,3355273,3357323,2050
HO20470,chr6,3455159,3458046,2887
HO20471,chr6,3749783,3752625,2842
HO20472,chr6,3805771,3806839,1068
HO20473,chr6,3825276,3826630,1354
HO20474,chr6,3848624,3850264,1640
HO20475,chr6,4017876,4018913,1037
HO20476,chr6,4020892,4022060,1168
HO20477,chr6,4134879,4136369,1490
HO20478,chr6,4174823,4175693,870
HO20479,chr6,4223910,4225243,1333
HO20480,chr6,4280379,4282388,2009
HO20481,chr6,4358284,4359419,1135
HO20482,chr6,4774703,4777295,2592
HO20483,chr6,4805817,4807460,1643
HO20484,chr6,5003195,5004570,1375
HO20485,chr6,5025695,5026848,1153
HO20486,chr6,5084202,5086678,2476
HO20487,chr6,5131421,5133214,1793
HO20488,chr6,5142847,5144336,1489
HO20489,chr6,5204970,5206649,1679
HO20490,chr6,5259934,5261787,1853
HO20491,chr6,5850627,5851742,1115
HO20492,chr6,6546029,6547429,1400
HO20493,chr6,6686772,6687568,796
HO20494,chr6,6723641,6725346,1705
HO20495,chr6,6748195,6748955,760
HO20496,chr6,6758633,6759751,1118
HO20497,chr6,6810861,6812080,1219
HO20498,chr6,6890217,6892243,2026
HO20499,chr6,7050902,7053012,2110
HO20500,chr6,7106613,7109796,3183
HO20501,chr6,7140608,7141574,966
HO20502,chr6,7220498,7221184,686
HO20503,chr6,7238795,7239892,1097
HO20504,chr6,7242884,7243798,914
HO20505,chr6,7260446,7262315,1869
HO20506,chr6,7311996,7313531,1535
HO20507,chr6,7388845,7390486,1641
HO20508,chr6,7467993,7469086,1093
HO20509,chr6,7473788,7474636,848
HO20510,chr6,7541111,7543342,2231
HO20511,chr6,7589763,7591166,1403
HO20512,chr6,7617789,7619010,1221
HO20513,chr6,7725572,7728762,3190
HO20514,chr6,7909311,7911222,1911
HO20515,chr6,7917609,7918273,664
HO20516,chr6,7920701,7922127,1426
HO20517,chr6,7974657,7976140,1483
HO20518,chr6,8063593,8064719,1126
HO20519,chr6,8101716,8102858,1142
HO20520,chr6,8434777,8436130,1353
HO20521,chr6,10403631,10405050,1419
HO20522,chr6,10411508,10413155,1647
HO20523,chr6,10425305,10426877,1572
HO20524,chr6,10555432,10556406,974
HO20525,chr6,10693719,10695269,1550
HO20526,chr6,10719611,10721849,2238
HO20527,chr6,10722393,10723640,1247
HO20528,chr6,10746950,10748173,1223
HO20529,chr6,10837065,10838981,1916
HO20530,chr6,10886381,10887561,1180
HO20531,chr6,10990177,10991423,1246
HO20532,chr6,11016244,11017075,831
HO20533,chr6,11042945,11044963,2018
HO20534,chr6,11092958,11094769,1811
HO20535,chr6,11200737,11201381,644
HO20536,chr6,11201979,11203246,1267
HO20537,chr6,11206221,11207628,1407
HO20538,chr6,11218590,11219779,1189
HO20539,chr6,11231627,11233467,1840
HO20540,chr6,11251207,11253374,2167
HO20541,chr6,11269816,11270838,1022
HO20542,chr6,11472744,11473637,893
HO20543,chr6,11474933,11475525,592
HO20544,chr6,11495424,11496930,1506
HO20545,chr6,11536852,11538769,1917
HO20546,chr6,11575163,11575862,699
HO20547,chr6,11809348,11811255,1907
HO20548,chr6,12008355,12009329,974
HO20549,chr6,12010730,12013419,2689
HO20550,chr6,12033701,12035121,1420
HO20551,chr6,12151764,12152864,1100
HO20552,chr6,12289323,12290606,1283
HO20553,chr6,12956908,12958657,1749
HO20554,chr6,13013088,13015146,2058
HO20555,chr6,13327629,13328946,1317
HO20556,chr6,13485975,13488598,2623
HO20557,chr6,13554627,13555494,867
HO20558,chr6,13573750,13575452,1702
HO20559,chr6,13614420,13616089,1669
HO20560,chr6,13710205,13712500,2295
HO20561,chr6,13766952,13768014,1062
HO20562,chr6,13813416,13814854,1438
HO20563,chr6,13873191,13874187,996
HO20564,chr6,13923878,13925744,1866
HO20565,chr6,14074162,14075644,1482
HO20566,chr6,14117082,14118310,1228
HO20567,chr6,14129230,14130147,917
HO20568,chr6,14210568,14212004,1436
HO20569,chr6,14449366,14450953,1587
HO20570,chr6,14670130,14671938,1808
HO20571,chr6,14731103,14732058,955
HO20572,chr6,15147744,15148973,1229
HO20573,chr6,15169802,15171963,2161
HO20574,chr6,15244466,15246111,1645
HO20575,chr6,15247880,15249303,1423
HO20576,chr6,15399645,15401010,1365
HO20577,chr6,15490892,15491762,870
HO20578,chr6,15501714,15502929,1215
HO20579,chr6,15504006,15505517,1511
HO20580,chr6,15661870,15663259,1389
HO20581,chr6,15674581,15676745,2164
HO20582,chr6,15691045,15691847,802
HO20583,chr6,15949000,15949955,955
HO20584,chr6,16128512,16130182,1670
HO20585,chr6,16130430,16131283,853
HO20586,chr6,16222582,16224142,1560
HO20587,chr6,16228616,16230500,1884
HO20588,chr6,16237969,16239938,1969
HO20589,chr6,16249647,16250556,909
HO20590,chr6,16257949,16258995,1046
HO20591,chr6,16276995,16277949,954
HO20592,chr6,16319765,16320538,773
HO20593,chr6,16331158,16332451,1293
HO20594,chr6,16759195,16762939,3744
HO20595,chr6,16763093,16763340,247
HO20596,chr6,16803136,16804199,1063
HO20597,chr6,17015303,17016451,1148
HO20598,chr6,17095820,17097038,1218
HO20599,chr6,17101387,17102421,1034
HO20600,chr6,17280272,17282446,2174
HO20601,chr6,17393055,17394580,1525
HO20602,chr6,17580088,17581825,1737
HO20603,chr6,17599767,17601304,1537
HO20604,chr6,17705368,17707235,1867
HO20605,chr6,17986669,17988503,1834
HO20606,chr6,18022440,18023625,1185
HO20607,chr6,18122002,18122932,930
HO20608,chr6,18154470,18156366,1896
HO20609,chr6,18263525,18265232,1707
HO20610,chr6,18386872,18387967,1095
HO20611,chr6,19691264,19692800,1536
HO20612,chr6,19756726,19757691,965
HO20613,chr6,19803271,19805474,2203
HO20614,chr6,19836605,19839276,2671
HO20615,chr6,20211576,20213042,1466
HO20616,chr6,20400570,20404303,3733
HO20617,chr6,20404369,20404816,447
HO20618,chr6,20533819,20535208,1389
HO20619,chr6,21150464,21152375,1911
HO20620,chr6,21478525,21479864,1339
HO20621,chr6,21586814,21589531,2717
HO20622,chr6,21593238,21595675,2437
HO20623,chr6,21595872,21597222,1350
HO20624,chr6,21664118,21667643,3525
HO20625,chr6,21986530,21988037,1507
HO20626,chr6,22657306,22658433,1127
HO20627,chr6,23650139,23651295,1156
HO20628,chr6,24034616,24035529,913
HO20629,chr6,24282830,24284010,1180
HO20630,chr6,24357325,24358234,909
HO20631,chr6,24359603,24360397,794
HO20632,chr6,24402552,24403762,1210
HO20633,chr6,24494338,24495824,1486
HO20634,chr6,24613195,24614981,1786
HO20635,chr6,24645449,24646650,1201
HO20636,chr6,24665962,24667599,1637
HO20637,chr6,24720058,24722016,1958
HO20638,chr6,24774400,24775945,1545
HO20639,chr6,24910215,24911580,1365
HO20640,chr6,24980446,24981682,1236
HO20641,chr6,25278439,25280897,2458
HO20642,chr6,25482483,25483411,928
HO20643,chr6,25651692,25652581,889
HO20644,chr6,25748126,25749286,1160
HO20645,chr6,25962082,25963745,1663
HO20646,chr6,25991665,25993250,1585
HO20647,chr6,26015986,26016807,821
HO20648,chr6,26017371,26017976,605
HO20649,chr6,26020086,26022386,2300
HO20650,chr6,26026084,26027573,1489
HO20651,chr6,26031658,26034294,2636
HO20652,chr6,26042937,26045773,2836
HO20653,chr6,26054308,26057162,2854
HO20654,chr6,26087136,26088194,1058
HO20655,chr6,26103095,26104861,1766
HO20656,chr6,26118645,26119299,654
HO20657,chr6,26122467,26124650,2183
HO20658,chr6,26125494,26126447,953
HO20659,chr6,26156141,26159062,2921
HO20660,chr6,26171392,26173001,1609
HO20661,chr6,26182900,26184233,1333
HO20662,chr6,26188002,26189485,1483
HO20663,chr6,26195296,26195818,522
HO20664,chr6,26196758,26197637,879
HO20665,chr6,26198782,26199944,1162
HO20666,chr6,26203926,26206423,2497
HO20667,chr6,26214903,26217991,3088
HO20668,chr6,26223068,26226143,3075
HO20669,chr6,26232641,26235152,2511
HO20670,chr6,26239866,26241431,1565
HO20671,chr6,26249498,26251010,1512
HO20672,chr6,26251302,26252062,760
HO20673,chr6,26270634,26271788,1154
HO20674,chr6,26272098,26274196,2098
HO20675,chr6,26284290,26286658,2368
HO20676,chr6,26310857,26313658,2801
HO20677,chr6,26341339,26342239,900
HO20678,chr6,26363928,26365674,1746
HO20679,chr6,26382831,26384328,1497
HO20680,chr6,26401549,26402691,1142
HO20681,chr6,26420509,26422185,1676
HO20682,chr6,26439926,26440966,1040
HO20683,chr6,26457158,26458711,1553
HO20684,chr6,26473504,26474921,1417
HO20685,chr6,26501092,26502478,1386
HO20686,chr6,26514927,26515625,698
HO20687,chr6,26520396,26522425,2029
HO20688,chr6,26532601,26533406,805
HO20689,chr6,26536604,26538778,2174
HO20690,chr6,26550229,26550934,705
HO20691,chr6,26553132,26554457,1325
HO20692,chr6,26568061,26569374,1313
HO20693,chr6,26571537,26572857,1320
HO20694,chr6,26595382,26596248,866
HO20695,chr6,26596455,26597370,915
HO20696,chr6,26659147,26660645,1498
HO20697,chr6,26956044,26957164,1120
HO20698,chr6,27019042,27020515,1473
HO20699,chr6,27066266,27067439,1173
HO20700,chr6,27126785,27127457,672
HO20701,chr6,27131421,27134100,2679
HO20702,chr6,27139013,27140198,1185
HO20703,chr6,27145350,27147834,2484
HO20704,chr6,27157140,27158381,1241
HO20705,chr6,27176643,27178666,2023
HO20706,chr6,27187443,27189189,1746
HO20707,chr6,27250532,27252087,1555
HO20708,chr6,27311902,27313031,1129
HO20709,chr6,27374304,27376046,1742
HO20710,chr6,27388069,27389323,1254
HO20711,chr6,27471960,27473568,1608
HO20712,chr6,27478233,27480033,1800
HO20713,chr6,27518311,27519756,1445
HO20714,chr6,27687224,27688580,1356
HO20715,chr6,27693447,27694652,1205
HO20716,chr6,27752006,27753577,1571
HO20717,chr6,27753989,27754372,383
HO20718,chr6,27772103,27772972,869
HO20719,chr6,27791181,27793252,2071
HO20720,chr6,27806684,27808622,1938
HO20721,chr6,27809800,27810572,772
HO20722,chr6,27814511,27815531,1020
HO20723,chr6,27823450,27825288,1838
HO20724,chr6,27836747,27839199,2452
HO20725,chr6,27864451,27865626,1175
HO20726,chr6,27866027,27867717,1690
HO20727,chr6,27870890,27871384,494
HO20728,chr6,27871678,27873958,2280
HO20729,chr6,27890282,27891024,742
HO20730,chr6,27892706,27893875,1169
HO20731,chr6,27894240,27895765,1525
HO20732,chr6,27902083,27903631,1548
HO20733,chr6,28079863,28081653,1790
HO20734,chr6,28090753,28092804,2051
HO20735,chr6,28104270,28105621,1351
HO20736,chr6,28124033,28125032,999
HO20737,chr6,28136247,28137850,1603
HO20738,chr6,28141366,28142266,900
HO20739,chr6,28161303,28162066,763
HO20740,chr6,28218086,28219143,1057
HO20741,chr6,28224668,28226045,1377
HO20742,chr6,28251474,28252897,1423
HO20743,chr6,28266703,28267738,1035
HO20744,chr6,28281046,28282137,1091
HO20745,chr6,28335011,28336840,1829
HO20746,chr6,28349545,28350479,934
HO20747,chr6,28355409,28356519,1110
HO20748,chr6,28382993,28383930,937
HO20749,chr6,28399161,28400205,1044
HO20750,chr6,28442625,28443706,1081
HO20751,chr6,28488741,28490673,1932
HO20752,chr6,28542319,28544611,2292
HO20753,chr6,28552926,28555041,2115
HO20754,chr6,28586278,28587690,1412
HO20755,chr6,28606309,28608514,2205
HO20756,chr6,28634336,28636111,1775
HO20757,chr6,28647949,28649298,1349
HO20758,chr6,28657073,28659343,2270
HO20759,chr6,28837328,28839279,1951
HO20760,chr6,28863525,28864526,1001
HO20761,chr6,28865444,28867318,1874
HO20762,chr6,28895310,28897319,2009
HO20763,chr6,28922387,28924589,2202
HO20764,chr6,28980738,28982847,2109
HO20765,chr6,28984633,28985925,1292
HO20766,chr6,29014772,29017395,2623
HO20767,chr6,29552507,29553979,1472
HO20768,chr6,29627163,29628961,1798
HO20769,chr6,29632215,29633791,1576
HO20770,chr6,29649449,29650377,928
HO20771,chr6,29722938,29724442,1504
HO20772,chr6,29748389,29749444,1055
HO20773,chr6,29752370,29753382,1012
HO20774,chr6,29887212,29888758,1546
HO20775,chr6,29925381,29927427,2046
HO20776,chr6,29941480,29943371,1891
HO20777,chr6,29964434,29966434,2000
HO20778,chr6,29976278,29977456,1178
HO20779,chr6,30005996,30007581,1585
HO20780,chr6,30060460,30062000,1540
HO20781,chr6,30066501,30067645,1144
HO20782,chr6,30073870,30076639,2769
HO20783,chr6,30101535,30102391,856
HO20784,chr6,30201608,30202304,696
HO20785,chr6,30212773,30214681,1908
HO20786,chr6,30259038,30260567,1529
HO20787,chr6,30325646,30327482,1836
HO20788,chr6,30344597,30345767,1170
HO20789,chr6,30453301,30453967,666
HO20790,chr6,30488984,30490389,1405
HO20791,chr6,30515838,30516828,990
HO20792,chr6,30541452,30542031,579
HO20793,chr6,30555310,30557672,2362
HO20794,chr6,30570696,30571909,1213
HO20795,chr6,30614509,30615609,1100
HO20796,chr6,30616727,30618144,1417
HO20797,chr6,30626201,30627343,1142
HO20798,chr6,30646469,30648075,1606
HO20799,chr6,30672191,30673313,1122
HO20800,chr6,30678808,30679584,776
HO20801,chr6,30686363,30687740,1377
HO20802,chr6,30690397,30691273,876
HO20803,chr6,30716942,30717816,874
HO20804,chr6,30719737,30720471,734
HO20805,chr6,30720816,30721767,951
HO20806,chr6,30730603,30731214,611
HO20807,chr6,30741889,30743570,1681
HO20808,chr6,30743661,30744774,1113
HO20809,chr6,30827951,30828991,1040
HO20810,chr6,30843861,30844564,703
HO20811,chr6,30861694,30862841,1147
HO20812,chr6,30877335,30878068,733
HO20813,chr6,30882438,30883215,777
HO20814,chr6,30883699,30886772,3073
HO20815,chr6,30907346,30908594,1248
HO20816,chr6,30913558,30915900,2342
HO20817,chr6,30942332,30943161,829
HO20818,chr6,31122621,31123589,968
HO20819,chr6,31137161,31138066,905
HO20820,chr6,31157649,31159131,1482
HO20821,chr6,31180305,31181196,891
HO20822,chr6,31196807,31198297,1490
HO20823,chr6,31271018,31272606,1588
HO20824,chr6,31355975,31357525,1550
HO20825,chr6,31366547,31367433,886
HO20826,chr6,31386705,31388030,1325
HO20827,chr6,31399386,31400938,1552
HO20828,chr6,31402792,31404124,1332
HO20829,chr6,31462381,31463326,945
HO20830,chr6,31493759,31494684,925
HO20831,chr6,31497331,31498386,1055
HO20832,chr6,31540996,31542645,1649
HO20833,chr6,31546168,31547771,1603
HO20834,chr6,31580585,31581770,1185
HO20835,chr6,31619689,31621371,1682
HO20836,chr6,31651629,31653363,1734
HO20837,chr6,31660254,31660985,731
HO20838,chr6,31664230,31666489,2259
HO20839,chr6,31680407,31681679,1272
HO20840,chr6,31701920,31703644,1724
HO20841,chr6,31728910,31730501,1591
HO20842,chr6,31734684,31735929,1245
HO20843,chr6,31736104,31736680,576
HO20844,chr6,31739478,31740626,1148
HO20845,chr6,31776514,31777665,1151
HO20846,chr6,31794651,31796270,1619
HO20847,chr6,31805929,31807181,1252
HO20848,chr6,31814021,31815769,1748
HO20849,chr6,31817919,31819287,1368
HO20850,chr6,31821222,31822576,1354
HO20851,chr6,31826559,31827948,1389
HO20852,chr6,31830299,31832333,2034
HO20853,chr6,31834247,31835524,1277
HO20854,chr6,31862348,31864143,1795
HO20855,chr6,31896873,31897947,1074
HO20856,chr6,31901387,31902709,1322
HO20857,chr6,31958298,31959505,1207
HO20858,chr6,31971416,31972836,1420
HO20859,chr6,32086194,32088698,2504
HO20860,chr6,32095794,32097258,1464
HO20861,chr6,32107980,32109766,1786
HO20862,chr6,32113474,32114409,935
HO20863,chr6,32118557,32119598,1041
HO20864,chr6,32127361,32128580,1219
HO20865,chr6,32129708,32130747,1039
HO20866,chr6,32139548,32140975,1427
HO20867,chr6,32152947,32154928,1981
HO20868,chr6,32175625,32176342,717
HO20869,chr6,32177080,32178746,1666
HO20870,chr6,32185654,32186033,379
HO20871,chr6,32189177,32190670,1493
HO20872,chr6,32195069,32197626,2557
HO20873,chr6,32254436,32256004,1568
HO20874,chr6,32500803,32501603,800
HO20875,chr6,32521323,32522815,1492
HO20876,chr6,32583543,32584897,1354
HO20877,chr6,32609422,32610347,925
HO20878,chr6,32664575,32665436,861
HO20879,chr6,32666197,32666905,708
HO20880,chr6,32837715,32839133,1418
HO20881,chr6,32843545,32844997,1452
HO20882,chr6,32852637,32854683,2046
HO20883,chr6,32893700,32895564,1864
HO20884,chr6,32940403,32941768,1365
HO20885,chr6,32952768,32953532,764
HO20886,chr6,32968082,32970490,2408
HO20887,chr6,32970702,32971074,372
HO20888,chr6,32971508,32972492,984
HO20889,chr6,32984367,32985154,787
HO20890,chr6,33009155,33009895,740
HO20891,chr6,33080147,33081149,1002
HO20892,chr6,33111620,33112713,1093
HO20893,chr6,33160781,33162103,1322
HO20894,chr6,33191386,33193796,2410
HO20895,chr6,33197480,33197939,459
HO20896,chr6,33199854,33201371,1517
HO20897,chr6,33204374,33205035,661
HO20898,chr6,33207545,33208902,1357
HO20899,chr6,33212993,33214371,1378
HO20900,chr6,33247885,33250077,2192
HO20901,chr6,33271148,33272413,1265
HO20902,chr6,33276673,33277922,1249
HO20903,chr6,33288589,33289921,1332
HO20904,chr6,33297427,33300223,2796
HO20905,chr6,33312091,33313027,936
HO20906,chr6,33313186,33315221,2035
HO20907,chr6,33317337,33318256,919
HO20908,chr6,33322586,33323856,1270
HO20909,chr6,33344746,33345662,916
HO20910,chr6,33373912,33375695,1783
HO20911,chr6,33391010,33392256,1246
HO20912,chr6,33409570,33411414,1844
HO20913,chr6,33417526,33418779,1253
HO20914,chr6,33425001,33426883,1882
HO20915,chr6,33427520,33428439,919
HO20916,chr6,33432994,33434078,1084
HO20917,chr6,33453708,33454868,1160
HO20918,chr6,33570698,33572409,1711
HO20919,chr6,33579399,33580520,1121
HO20920,chr6,33585428,33586124,696
HO20921,chr6,33589234,33591179,1945
HO20922,chr6,33609433,33611560,2127
HO20923,chr6,33619971,33622403,2432
HO20924,chr6,33632562,33634745,2183
HO20925,chr6,33682983,33684112,1129
HO20926,chr6,33710858,33712035,1177
HO20927,chr6,33742237,33743367,1130
HO20928,chr6,33787782,33789409,1627
HO20929,chr6,34144639,34146096,1457
HO20930,chr6,34154371,34155307,936
HO20931,chr6,34195882,34196874,992
HO20932,chr6,34223352,34224623,1271
HO20933,chr6,34234801,34237800,2999
HO20934,chr6,34248276,34249606,1330
HO20935,chr6,34382994,34384622,1628
HO20936,chr6,34391575,34393280,1705
HO20937,chr6,34425060,34426482,1422
HO20938,chr6,34465246,34466531,1285
HO20939,chr6,34514380,34515382,1002
HO20940,chr6,34526499,34527652,1153
HO20941,chr6,34531374,34532651,1277
HO20942,chr6,34600594,34602125,1531
HO20943,chr6,34695168,34697373,2205
HO20944,chr6,34709276,34710300,1024
HO20945,chr6,34756371,34757801,1430
HO20946,chr6,34791245,34793179,1934
HO20947,chr6,34887425,34889965,2540
HO20948,chr6,34985654,34987244,1590
HO20949,chr6,35016031,35018355,2324
HO20950,chr6,35024074,35025571,1497
HO20951,chr6,35140681,35141760,1079
HO20952,chr6,35213230,35214756,1526
HO20953,chr6,35258657,35260538,1881
HO20954,chr6,35317585,35318799,1214
HO20955,chr6,35342074,35343987,1913
HO20956,chr6,35359840,35361139,1299
HO20957,chr6,35414826,35415564,738
HO20958,chr6,35451417,35453491,2074
HO20959,chr6,35467745,35469419,1674
HO20960,chr6,35484925,35486729,1804
HO20961,chr6,35489992,35490764,772
HO20962,chr6,35495998,35498362,2364
HO20963,chr6,35522104,35523293,1189
HO20964,chr6,35570501,35571267,766
HO20965,chr6,35687360,35689416,2056
HO20966,chr6,35718689,35720733,2044
HO20967,chr6,35725681,35728456,2775
HO20968,chr6,35731201,35732581,1380
HO20969,chr6,35776192,35777155,963
HO20970,chr6,35804831,35805855,1024
HO20971,chr6,35838132,35839184,1052
HO20972,chr6,35919611,35921462,1851
HO20973,chr6,36027242,36029101,1859
HO20974,chr6,36123367,36124161,794
HO20975,chr6,36130034,36132830,2796
HO20976,chr6,36195546,36197584,2038
HO20977,chr6,36241433,36242288,855
HO20978,chr6,36268288,36269341,1053
HO20979,chr6,36277640,36278928,1288
HO20980,chr6,36333031,36335528,2497
HO20981,chr6,36357926,36358987,1061
HO20982,chr6,36360184,36360858,674
HO20983,chr6,36364515,36365732,1217
HO20984,chr6,36386311,36388233,1922
HO20985,chr6,36422769,36424036,1267
HO20986,chr6,36441286,36441727,441
HO20987,chr6,36442385,36443698,1313
HO20988,chr6,36443899,36444896,997
HO20989,chr6,36545936,36547713,1777
HO20990,chr6,36593387,36594771,1384
HO20991,chr6,36623062,36623797,735
HO20992,chr6,36666769,36667599,830
HO20993,chr6,36678257,36680762,2505
HO20994,chr6,36783741,36784757,1016
HO20995,chr6,36793224,36794820,1596
HO20996,chr6,36839014,36841554,2540
HO20997,chr6,36843991,36845055,1064
HO20998,chr6,36848467,36849472,1005
HO20999,chr6,36874042,36875610,1568
HO21000,chr6,36885294,36886367,1073
HO21001,chr6,36907396,36908394,998
HO21002,chr6,36908569,36909094,525
HO21003,chr6,36984655,36985204,549
HO21004,chr6,36985462,36987154,1692
HO21005,chr6,36997451,36999568,2117
HO21006,chr6,37017551,37019588,2037
HO21007,chr6,37051060,37051922,862
HO21008,chr6,37101937,37103811,1874
HO21009,chr6,37125437,37126756,1319
HO21010,chr6,37168913,37171686,2773
HO21011,chr6,37171993,37172491,498
HO21012,chr6,37221737,37222956,1219
HO21013,chr6,37245918,37246817,899
HO21014,chr6,37257185,37258625,1440
HO21015,chr6,37353507,37355231,1724
HO21016,chr6,37381109,37381977,868
HO21017,chr6,37401167,37402512,1345
HO21018,chr6,37432605,37434280,1675
HO21019,chr6,37438101,37438929,828
HO21020,chr6,37483905,37484593,688
HO21021,chr6,37499331,37500384,1053
HO21022,chr6,37535253,37536898,1645
HO21023,chr6,37559530,37560772,1242
HO21024,chr6,37565253,37566657,1404
HO21025,chr6,37624533,37625936,1403
HO21026,chr6,37695905,37699291,3386
HO21027,chr6,37704949,37706107,1158
HO21028,chr6,37783018,37785335,2317
HO21029,chr6,37790429,37791761,1332
HO21030,chr6,37807466,37808704,1238
HO21031,chr6,37818541,37820590,2049
HO21032,chr6,37930775,37931532,757
HO21033,chr6,38347649,38349079,1430
HO21034,chr6,38612042,38612932,890
HO21035,chr6,38638812,38640519,1707
HO21036,chr6,38702206,38703451,1245
HO21037,chr6,39114265,39115545,1280
HO21038,chr6,39228840,39230012,1172
HO21039,chr6,39724582,39725797,1215
HO21040,chr6,39791772,39793456,1684
HO21041,chr6,39821029,39822387,1358
HO21042,chr6,39933690,39934689,999
HO21043,chr6,40482171,40483073,902
HO21044,chr6,40586411,40588147,1736
HO21045,chr6,40599426,40600140,714
HO21046,chr6,40631451,40632259,808
HO21047,chr6,40640204,40641585,1381
HO21048,chr6,41027499,41029052,1553
HO21049,chr6,41071566,41074292,2726
HO21050,chr6,41318409,41319540,1131
HO21051,chr6,41367665,41368031,366
HO21052,chr6,41368793,41369299,506
HO21053,chr6,41371314,41372371,1057
HO21054,chr6,41427166,41429389,2223
HO21055,chr6,41434587,41435737,1150
HO21056,chr6,41442634,41444319,1685
HO21057,chr6,41469298,41471085,1787
HO21058,chr6,41487871,41489841,1970
HO21059,chr6,41502788,41505927,3139
HO21060,chr6,41545492,41547926,2434
HO21061,chr6,41602729,41603384,655
HO21062,chr6,41637704,41640348,2644
HO21063,chr6,41681919,41684019,2100
HO21064,chr6,41712400,41714029,1629
HO21065,chr6,41733498,41735822,2324
HO21066,chr6,41779289,41781548,2259
HO21067,chr6,41786086,41787811,1725
HO21068,chr6,41894321,41896175,1854
HO21069,chr6,41920403,41921941,1538
HO21070,chr6,41935929,41936630,701
HO21071,chr6,41940351,41942231,1880
HO21072,chr6,42043882,42044527,645
HO21073,chr6,42048347,42049047,700
HO21074,chr6,42049968,42050975,1007
HO21075,chr6,42093451,42094381,930
HO21076,chr6,42103847,42105343,1496
HO21077,chr6,42105482,42106987,1505
HO21078,chr6,42141186,42143208,2022
HO21079,chr6,42217181,42218282,1101
HO21080,chr6,42262817,42263809,992
HO21081,chr6,42306617,42307744,1127
HO21082,chr6,42440550,42442174,1624
HO21083,chr6,42451016,42453526,2510
HO21084,chr6,42520775,42523433,2658
HO21085,chr6,42546977,42548465,1488
HO21086,chr6,42563464,42565475,2011
HO21087,chr6,42725982,42728033,2051
HO21088,chr6,42745129,42747714,2585
HO21089,chr6,42781515,42783933,2418
HO21090,chr6,42879057,42880357,1300
HO21091,chr6,42890131,42891298,1167
HO21092,chr6,42893466,42894405,939
HO21093,chr6,42901296,42903222,1926
HO21094,chr6,42911091,42912054,963
HO21095,chr6,42928538,42930359,1821
HO21096,chr6,42959970,42961357,1387
HO21097,chr6,42978244,42979743,1499
HO21098,chr6,42983808,42985403,1595
HO21099,chr6,43013105,43014864,1759
HO21100,chr6,43020690,43022273,1583
HO21101,chr6,43052809,43054203,1394
HO21102,chr6,43058969,43060498,1529
HO21103,chr6,43074895,43077405,2510
HO21104,chr6,43093465,43094396,931
HO21105,chr6,43142938,43143884,946
HO21106,chr6,43170316,43172673,2357
HO21107,chr6,43174085,43174931,846
HO21108,chr6,43180978,43182639,1661
HO21109,chr6,43228785,43229834,1049
HO21110,chr6,43246462,43247893,1431
HO21111,chr6,43269281,43270754,1473
HO21112,chr6,43368301,43370407,2106
HO21113,chr6,43426983,43428262,1279
HO21114,chr6,43454321,43456251,1930
HO21115,chr6,43476812,43478308,1496
HO21116,chr6,43488432,43490159,1727
HO21117,chr6,43506573,43507032,459
HO21118,chr6,43509326,43510738,1412
HO21119,chr6,43516204,43517725,1521
HO21120,chr6,43574937,43576600,1663
HO21121,chr6,43628386,43630456,2070
HO21122,chr6,43635138,43636550,1412
HO21123,chr6,43644583,43645861,1278
HO21124,chr6,43667049,43670206,3157
HO21125,chr6,43687061,43688256,1195
HO21126,chr6,43768862,43772104,3242
HO21127,chr6,43774729,43775065,336
HO21128,chr6,43953504,43955003,1499
HO21129,chr6,44002014,44003364,1350
HO21130,chr6,44072698,44074865,2167
HO21131,chr6,44126111,44128803,2692
HO21132,chr6,44172544,44173166,622
HO21133,chr6,44218293,44219906,1613
HO21134,chr6,44223155,44224142,987
HO21135,chr6,44233943,44235199,1256
HO21136,chr6,44237209,44238313,1104
HO21137,chr6,44245694,44248218,2524
HO21138,chr6,44254200,44255552,1352
HO21139,chr6,44255998,44257809,1811
HO21140,chr6,44263257,44263782,525
HO21141,chr6,44264266,44265811,1545
HO21142,chr6,44275358,44276592,1234
HO21143,chr6,44296873,44298120,1247
HO21144,chr6,44312772,44313541,769
HO21145,chr6,44386640,44388689,2049
HO21146,chr6,44463617,44465423,1806
HO21147,chr6,44475461,44476344,883
HO21148,chr6,44799949,44801669,1720
HO21149,chr6,44858970,44860501,1531
HO21150,chr6,45376547,45378609,2062
HO21151,chr6,45421410,45424288,2878
HO21152,chr6,45566583,45567346,763
HO21153,chr6,45663075,45664154,1079
HO21154,chr6,46014245,46016178,1933
HO21155,chr6,46098439,46099297,858
HO21156,chr6,46129301,46130540,1239
HO21157,chr6,46170225,46171372,1147
HO21158,chr6,46490419,46492235,1816
HO21159,chr6,46651840,46653599,1759
HO21160,chr6,46733463,46735774,2311
HO21161,chr6,46848561,46849448,887
HO21162,chr6,46912269,46913364,1095
HO21163,chr6,47046789,47048296,1507
HO21164,chr6,47075046,47077301,2255
HO21165,chr6,47308591,47310194,1603
HO21166,chr6,47477243,47479434,2191
HO21167,chr6,49462173,49463829,1656
HO21168,chr6,49549868,49551794,1926
HO21169,chr6,52284077,52285404,1327
HO21170,chr6,52361214,52363254,2040
HO21171,chr6,52419721,52421123,1402
HO21172,chr6,52517367,52518450,1083
HO21173,chr6,52551181,52552709,1528
HO21174,chr6,52576172,52577676,1504
HO21175,chr6,52594836,52596546,1710
HO21176,chr6,52597937,52598558,621
HO21177,chr6,52663125,52665239,2114
HO21178,chr6,52670516,52671502,986
HO21179,chr6,52745701,52746719,1018
HO21180,chr6,52747967,52748934,967
HO21181,chr6,52787883,52788985,1102
HO21182,chr6,52826589,52827627,1038
HO21183,chr6,52892686,52894309,1623
HO21184,chr6,52909135,52910382,1247
HO21185,chr6,52994074,52996936,2862
HO21186,chr6,53061217,53062068,851
HO21187,chr6,53064616,53066382,1766
HO21188,chr6,53133975,53135587,1612
HO21189,chr6,53171683,53172395,712
HO21190,chr6,53259521,53260461,940
HO21191,chr6,53326032,53327240,1208
HO21192,chr6,53347325,53349416,2091
HO21193,chr6,53358480,53360611,2131
HO21194,chr6,53436855,53438091,1236
HO21195,chr6,53544074,53545318,1244
HO21196,chr6,53547448,53548547,1099
HO21197,chr6,53651147,53652483,1336
HO21198,chr6,53710562,53711184,622
HO21199,chr6,53793234,53796230,2996
HO21200,chr6,53955877,53956648,771
HO21201,chr6,55578266,55579464,1198
HO21202,chr6,56245810,56248024,2214
HO21203,chr6,56541823,56543330,1507
HO21204,chr6,56842640,56844559,1919
HO21205,chr6,56849911,56852518,2607
HO21206,chr6,56953521,56956146,2625
HO21207,chr6,57007439,57008884,1445
HO21208,chr6,57045982,57046802,820
HO21209,chr6,57089350,57090288,938
HO21210,chr6,57171695,57173494,1799
HO21211,chr6,57221192,57222693,1501
HO21212,chr6,57316311,57317916,1605
HO21213,chr6,57960915,57961688,773
HO21214,chr6,62285498,62286751,1253
HO21215,chr6,63571286,63574182,2896
HO21216,chr6,63597621,63599031,1410
HO21217,chr6,63635158,63637042,1884
HO21218,chr6,64217414,64218830,1416
HO21219,chr6,68634095,68636441,2346
HO21220,chr6,69232051,69233436,1385
HO21221,chr6,69795517,69797426,1909
HO21222,chr6,69866222,69868019,1797
HO21223,chr6,70112622,70113740,1118
HO21224,chr6,70281792,70283420,1628
HO21225,chr6,70412743,70414454,1711
HO21226,chr6,70566340,70567589,1249
HO21227,chr6,70667224,70668683,1459
HO21228,chr6,70955321,70957542,2221
HO21229,chr6,71248271,71249578,1307
HO21230,chr6,71287949,71289726,1777
HO21231,chr6,71375377,71376136,759
HO21232,chr6,71419332,71421187,1855
HO21233,chr6,71886179,71887648,1469
HO21234,chr6,72182221,72183309,1088
HO21235,chr6,72620854,72623345,2491
HO21236,chr6,73262311,73263692,1381
HO21237,chr6,73309160,73310554,1394
HO21238,chr6,73388501,73389532,1031
HO21239,chr6,73451106,73452550,1444
HO21240,chr6,73460972,73462443,1471
HO21241,chr6,73513591,73514864,1273
HO21242,chr6,73515336,73516368,1032
HO21243,chr6,73520074,73522444,2370
HO21244,chr6,73523391,73523922,531
HO21245,chr6,73579248,73580929,1681
HO21246,chr6,73585316,73586761,1445
HO21247,chr6,73652626,73654654,2028
HO21248,chr6,73695157,73696552,1395
HO21249,chr6,75203804,75206466,2662
HO21250,chr6,75243096,75244448,1352
HO21251,chr6,75283525,75285300,1775
HO21252,chr6,75601323,75603077,1754
HO21253,chr6,75748154,75749811,1657
HO21254,chr6,75934693,75935641,948
HO21255,chr6,77462566,77464627,2061
HO21256,chr6,77465773,77467243,1470
HO21257,chr6,78346807,78348214,1407
HO21258,chr6,78866991,78868096,1105
HO21259,chr6,79076705,79078931,2226
HO21260,chr6,79233267,79234978,1711
HO21261,chr6,79269631,79270403,772
HO21262,chr6,79525131,79526444,1313
HO21263,chr6,79536394,79538082,1688
HO21264,chr6,79544756,79545412,656
HO21265,chr6,79630671,79631978,1307
HO21266,chr6,79777473,79778689,1216
HO21267,chr6,79863603,79864820,1217
HO21268,chr6,79867918,79869966,2048
HO21269,chr6,79946233,79948029,1796
HO21270,chr6,80003531,80005001,1470
HO21271,chr6,80105954,80107249,1295
HO21272,chr6,81751458,81754199,2741
HO21273,chr6,81894159,81896083,1924
HO21274,chr6,82057018,82058427,1409
HO21275,chr6,82246773,82248532,1759
HO21276,chr6,82362906,82365705,2799
HO21277,chr6,83042098,83043106,1008
HO21278,chr6,83065126,83066038,912
HO21279,chr6,83067410,83068457,1047
HO21280,chr6,83192567,83194502,1935
HO21281,chr6,83200841,83202289,1448
HO21282,chr6,83429809,83431815,2006
HO21283,chr6,83511696,83513191,1495
HO21284,chr6,83707606,83709653,2047
HO21285,chr6,83852889,83854294,1405
HO21286,chr6,83859079,83860400,1321
HO21287,chr6,84033138,84034670,1532
HO21288,chr6,84051715,84052951,1236
HO21289,chr6,84227000,84228299,1299
HO21290,chr6,84762548,84765040,2492
HO21291,chr6,84772830,84775162,2332
HO21292,chr6,85449227,85450793,1566
HO21293,chr6,85592867,85594814,1947
HO21294,chr6,85632093,85632815,722
HO21295,chr6,85641650,85644275,2625
HO21296,chr6,85678128,85679452,1324
HO21297,chr6,85864478,85867919,3441
HO21298,chr6,85966365,85967667,1302
HO21299,chr6,86936774,86938082,1308
HO21300,chr6,87101903,87102802,899
HO21301,chr6,87151538,87152656,1118
HO21302,chr6,87154746,87156511,1765
HO21303,chr6,87321863,87323224,1361
HO21304,chr6,87407381,87408917,1536
HO21305,chr6,87472330,87473757,1427
HO21306,chr6,87589007,87590481,1474
HO21307,chr6,87680048,87681195,1147
HO21308,chr6,87700436,87702869,2433
HO21309,chr6,87731486,87732676,1190
HO21310,chr6,87755133,87757257,2124
HO21311,chr6,88165467,88167621,2154
HO21312,chr6,88962857,88964117,1260
HO21313,chr6,89034492,89036335,1843
HO21314,chr6,89079583,89082075,2492
HO21315,chr6,89116850,89118497,1647
HO21316,chr6,89145196,89147156,1960
HO21317,chr6,89273535,89274464,929
HO21318,chr6,89351686,89353408,1722
HO21319,chr6,89371902,89372381,479
HO21320,chr6,89410739,89413277,2538
HO21321,chr6,89432712,89434249,1537
HO21322,chr6,89482593,89483999,1406
HO21323,chr6,89637952,89639131,1179
HO21324,chr6,89818596,89820121,1525
HO21325,chr6,89828854,89830283,1429
HO21326,chr6,90217973,90219908,1935
HO21327,chr6,90295014,90297580,2566
HO21328,chr6,90478970,90479657,687
HO21329,chr6,90586319,90587570,1251
HO21330,chr6,90610144,90611686,1542
HO21331,chr6,93416403,93417682,1279
HO21332,chr6,93418140,93420342,2202
HO21333,chr6,93625494,93626458,964
HO21334,chr6,95576440,95578235,1795
HO21335,chr6,95681465,95682773,1308
HO21336,chr6,96014727,96016893,2166
HO21337,chr6,96521153,96522744,1591
HO21338,chr6,96836263,96837991,1728
HO21339,chr6,96896999,96898673,1674
HO21340,chr6,96923751,96925345,1594
HO21341,chr6,97282267,97283688,1421
HO21342,chr6,98833102,98835674,2572
HO21343,chr6,98844833,98846086,1253
HO21344,chr6,98946803,98948316,1513
HO21345,chr6,99348898,99350181,1283
HO21346,chr6,99393327,99394472,1145
HO21347,chr6,99424576,99426262,1686
HO21348,chr6,99514699,99516193,1494
HO21349,chr6,99520621,99522040,1419
HO21350,chr6,99567911,99569357,1446
HO21351,chr6,99588318,99589599,1281
HO21352,chr6,99612966,99614995,2029
HO21353,chr6,100228417,100229612,1195
HO21354,chr6,100464301,100465764,1463
HO21355,chr6,100880522,100882146,1624
HO21356,chr6,101392954,101394247,1293
HO21357,chr6,101401679,101403121,1442
HO21358,chr6,101762496,101763395,899
HO21359,chr6,102798253,102799293,1040
HO21360,chr6,104858529,104860141,1612
HO21361,chr6,104940116,104941695,1579
HO21362,chr6,105136132,105137748,1616
HO21363,chr6,105179216,105180522,1306
HO21364,chr6,105363976,105365070,1094
HO21365,chr6,105370103,105371141,1038
HO21366,chr6,105402004,105403738,1734
HO21367,chr6,105991725,105992963,1238
HO21368,chr6,106085286,106086563,1277
HO21369,chr6,106324668,106326055,1387
HO21370,chr6,106360161,106361451,1290
HO21371,chr6,106509969,106510888,919
HO21372,chr6,106511478,106513057,1579
HO21373,chr6,106628784,106630250,1466
HO21374,chr6,106973277,106975786,2509
HO21375,chr6,107027695,107028958,1263
HO21376,chr6,107113953,107116988,3035
HO21377,chr6,107458720,107460296,1576
HO21378,chr6,107488710,107490633,1923
HO21379,chr6,107490719,107491560,841
HO21380,chr6,107599756,107601364,1608
HO21381,chr6,107633618,107635391,1773
HO21382,chr6,107674891,107675680,789
HO21383,chr6,107847664,107848846,1182
HO21384,chr6,107956746,107958671,1925
HO21385,chr6,107964767,107965615,848
HO21386,chr6,107972313,107973376,1063
HO21387,chr6,108029364,108030574,1210
HO21388,chr6,108074127,108075230,1103
HO21389,chr6,108113450,108114163,713
HO21390,chr6,108133348,108134873,1525
HO21391,chr6,108260068,108261700,1632
HO21392,chr6,108294049,108295684,1635
HO21393,chr6,108557552,108558756,1204
HO21394,chr6,108559060,108561151,2091
HO21395,chr6,108562588,108562929,341
HO21396,chr6,108587210,108588032,822
HO21397,chr6,108720787,108721837,1050
HO21398,chr6,108743965,108745430,1465
HO21399,chr6,108751763,108753435,1672
HO21400,chr6,108763815,108765035,1220
HO21401,chr6,108781480,108782648,1168
HO21402,chr6,108837373,108838766,1393
HO21403,chr6,108847817,108849044,1227
HO21404,chr6,108904636,108906072,1436
HO21405,chr6,108944206,108946260,2054
HO21406,chr6,109008574,109010004,1430
HO21407,chr6,109051237,109051961,724
HO21408,chr6,109093792,109095851,2059
HO21409,chr6,109196454,109197411,957
HO21410,chr6,109381187,109383456,2269
HO21411,chr6,109383779,109384436,657
HO21412,chr6,109440083,109441588,1505
HO21413,chr6,109454169,109456624,2455
HO21414,chr6,109482470,109484456,1986
HO21415,chr6,109690144,109691781,1637
HO21416,chr6,109876598,109878303,1705
HO21417,chr6,109977883,109979831,1948
HO21418,chr6,110039191,110040404,1213
HO21419,chr6,110178578,110180584,2006
HO21420,chr6,110329251,110330463,1212
HO21421,chr6,110356775,110359142,2367
HO21422,chr6,110618381,110619632,1251
HO21423,chr6,110813818,110816275,2457
HO21424,chr6,110873931,110876697,2766
HO21425,chr6,110957986,110959140,1154
HO21426,chr6,110981318,110982566,1248
HO21427,chr6,111086907,111088722,1815
HO21428,chr6,111258718,111259825,1107
HO21429,chr6,111482026,111484323,2297
HO21430,chr6,111551080,111552843,1763
HO21431,chr6,111604914,111606239,1325
HO21432,chr6,111710891,111712758,1867
HO21433,chr6,111788365,111790360,1995
HO21434,chr6,111871753,111873862,2109
HO21435,chr6,111996096,111998093,1997
HO21436,chr6,112042863,112043985,1122
HO21437,chr6,112086659,112088075,1416
HO21438,chr6,112163004,112164148,1144
HO21439,chr6,112253077,112255221,2144
HO21440,chr6,112561655,112563735,2080
HO21441,chr6,113854558,113855798,1240
HO21442,chr6,113856880,113857442,562
HO21443,chr6,113858040,113859275,1235
HO21444,chr6,113969609,113971627,2018
HO21445,chr6,114341181,114343832,2651
HO21446,chr6,114624211,114625084,873
HO21447,chr6,116100216,116101759,1543
HO21448,chr6,116228906,116229864,958
HO21449,chr6,116253193,116254496,1303
HO21450,chr6,116268202,116268894,692
HO21451,chr6,116278934,116280245,1311
HO21452,chr6,116369940,116371865,1925
HO21453,chr6,116461265,116462803,1538
HO21454,chr6,116570650,116572028,1378
HO21455,chr6,116615761,116617027,1266
HO21456,chr6,116668097,116668993,896
HO21457,chr6,116680644,116681916,1272
HO21458,chr6,116764489,116766119,1630
HO21459,chr6,117264435,117266099,1664
HO21460,chr6,117482168,117483775,1607
HO21461,chr6,117547473,117548604,1131
HO21462,chr6,117601644,117603039,1395
HO21463,chr6,117674804,117676251,1447
HO21464,chr6,117906588,117908678,2090
HO21465,chr6,118650167,118652246,2079
HO21466,chr6,118748105,118749136,1031
HO21467,chr6,118783926,118785555,1629
HO21468,chr6,118800088,118801064,976
HO21469,chr6,118893082,118895357,2275
HO21470,chr6,118934010,118935407,1397
HO21471,chr6,119077579,119079470,1891
HO21472,chr6,119348263,119350844,2581
HO21473,chr6,121334133,121335539,1406
HO21474,chr6,121392377,121393224,847
HO21475,chr6,121436236,121438690,2454
HO21476,chr6,121951032,121952440,1408
HO21477,chr6,122399072,122400338,1266
HO21478,chr6,122470954,122472291,1337
HO21479,chr6,122609542,122611357,1815
HO21480,chr6,122753060,122754101,1041
HO21481,chr6,122788739,122790654,1915
HO21482,chr6,123802368,123804243,1875
HO21483,chr6,124961394,124963789,2395
HO21484,chr6,125001580,125003488,1908
HO21485,chr6,125099228,125100058,830
HO21486,chr6,125153424,125155164,1740
HO21487,chr6,125197547,125198833,1286
HO21488,chr6,125300999,125302350,1351
HO21489,chr6,125316436,125316978,542
HO21490,chr6,125357065,125358257,1192
HO21491,chr6,125362615,125364171,1556
HO21492,chr6,125443690,125445729,2039
HO21493,chr6,125528275,125529444,1169
HO21494,chr6,125611361,125612769,1408
HO21495,chr6,125746610,125747182,572
HO21496,chr6,125747575,125748562,987
HO21497,chr6,125748730,125750163,1433
HO21498,chr6,125780071,125781751,1680
HO21499,chr6,125789648,125791900,2252
HO21500,chr6,125956195,125957508,1313
HO21501,chr6,125985930,125987307,1377
HO21502,chr6,126339597,126340684,1087
HO21503,chr6,127118005,127120065,2060
HO21504,chr6,127121066,127121699,633
HO21505,chr6,127266115,127268540,2425
HO21506,chr6,127342073,127344525,2452
HO21507,chr6,127514264,127516939,2675
HO21508,chr6,128518938,128521275,2337
HO21509,chr6,128882488,128884209,1721
HO21510,chr6,129637703,129639123,1420
HO21511,chr6,129708926,129710595,1669
HO21512,chr6,130018104,130021353,3249
HO21513,chr6,130365083,130366958,1875
HO21514,chr6,131062167,131063855,1688
HO21515,chr6,131134766,131136644,1878
HO21516,chr6,131249863,131251259,1396
HO21517,chr6,131386908,131388376,1468
HO21518,chr6,131627546,131628621,1075
HO21519,chr6,131807194,131808576,1382
HO21520,chr6,131831208,131831916,708
HO21521,chr6,131949315,131951620,2305
HO21522,chr6,132279363,132280084,721
HO21523,chr6,132400568,132402167,1599
HO21524,chr6,132512440,132513537,1097
HO21525,chr6,132797933,132799370,1437
HO21526,chr6,132812323,132815082,2759
HO21527,chr6,133240443,133243075,2632
HO21528,chr6,133568495,133569855,1360
HO21529,chr6,133951386,133953791,2405
HO21530,chr6,134051746,134053232,1486
HO21531,chr6,134174495,134176634,2139
HO21532,chr6,134178030,134178777,747
HO21533,chr6,134249298,134250632,1334
HO21534,chr6,134267312,134268504,1192
HO21535,chr6,134295508,134296522,1014
HO21536,chr6,134316636,134318533,1897
HO21537,chr6,134688656,134690032,1376
HO21538,chr6,134722547,134724090,1543
HO21539,chr6,135054103,135055489,1386
HO21540,chr6,135180291,135181923,1632
HO21541,chr6,135182147,135183293,1146
HO21542,chr6,135474868,135475927,1059
HO21543,chr6,135496954,135498752,1798
HO21544,chr6,136249782,136250965,1183
HO21545,chr6,136288696,136290692,1996
HO21546,chr6,136549246,136551440,2194
HO21547,chr6,136643814,136644693,879
HO21548,chr6,136791164,136793332,2168
HO21549,chr6,136821981,136823504,1523
HO21550,chr6,136920786,136922865,2079
HO21551,chr6,137043873,137045156,1283
HO21552,chr6,137218413,137219752,1339
HO21553,chr6,137804099,137806520,2421
HO21554,chr6,137866231,137868265,2034
HO21555,chr6,138106863,138107886,1023
HO21556,chr6,138161038,138162600,1562
HO21557,chr6,138403034,138405193,2159
HO21558,chr6,138484554,138485702,1148
HO21559,chr6,138498098,138499850,1752
HO21560,chr6,138571348,138572791,1443
HO21561,chr6,138691632,138693667,2035
HO21562,chr6,138772756,138774089,1333
HO21563,chr6,138795384,138796471,1087
HO21564,chr6,138987155,138988700,1545
HO21565,chr6,138990625,138991612,987
HO21566,chr6,139018158,139019331,1173
HO21567,chr6,139028296,139030131,1835
HO21568,chr6,139134552,139136444,1892
HO21569,chr6,139218902,139219930,1028
HO21570,chr6,139253349,139254135,786
HO21571,chr6,139373198,139376462,3264
HO21572,chr6,139962324,139963364,1040
HO21573,chr6,142146695,142147671,976
HO21574,chr6,142300870,142302404,1534
HO21575,chr6,142845408,142846589,1181
HO21576,chr6,142884536,142885790,1254
HO21577,chr6,142926282,142927365,1083
HO21578,chr6,142944225,142947826,3601
HO21579,chr6,143059621,143061466,1845
HO21580,chr6,143149081,143150243,1162
HO21581,chr6,143449299,143451338,2039
HO21582,chr6,143510773,143512074,1301
HO21583,chr6,143514698,143515448,750
HO21584,chr6,143536303,143537707,1404
HO21585,chr6,143677606,143678931,1325
HO21586,chr6,143745061,143746003,942
HO21587,chr6,143773379,143775714,2335
HO21588,chr6,143842460,143844114,1654
HO21589,chr6,144006163,144008778,2615
HO21590,chr6,144063269,144065045,1776
HO21591,chr6,144094699,144096458,1759
HO21592,chr6,144149454,144151661,2207
HO21593,chr6,144157081,144158586,1505
HO21594,chr6,144215327,144216969,1642
HO21595,chr6,144284098,144287422,3324
HO21596,chr6,144652098,144652944,846
HO21597,chr6,145734347,145736189,1842
HO21598,chr6,145813717,145815749,2032
HO21599,chr6,145963384,145964923,1539
HO21600,chr6,146543025,146544646,1621
HO21601,chr6,146598556,146599305,749
HO21602,chr6,146857197,146858211,1014
HO21603,chr6,147201975,147204728,2753
HO21604,chr6,147507277,147509411,2134
HO21605,chr6,148199940,148200962,1022
HO21606,chr6,148341845,148343582,1737
HO21607,chr6,148559590,148560612,1022
HO21608,chr6,148746157,148748838,2681
HO21609,chr6,149316466,149319026,2560
HO21610,chr6,149450497,149451931,1434
HO21611,chr6,149453858,149455374,1516
HO21612,chr6,149472999,149473967,968
HO21613,chr6,149544550,149546707,2157
HO21614,chr6,149565259,149567264,2005
HO21615,chr6,149647228,149649056,1828
HO21616,chr6,149717053,149718686,1633
HO21617,chr6,149746002,149746741,739
HO21618,chr6,149749259,149750652,1393
HO21619,chr6,149862974,149865227,2253
HO21620,chr6,149922454,149923589,1135
HO21621,chr6,149925392,149926489,1097
HO21622,chr6,149941334,149942584,1250
HO21623,chr6,149963077,149965584,2507
HO21624,chr6,149989651,149991669,2018
HO21625,chr6,150004402,150005718,1316
HO21626,chr6,150068307,150069943,1636
HO21627,chr6,150142090,150144329,2239
HO21628,chr6,150354407,150355740,1333
HO21629,chr6,150364576,150366219,1643
HO21630,chr6,150528441,150529234,793
HO21631,chr6,150546354,150548383,2029
HO21632,chr6,150599089,150601089,2000
HO21633,chr6,150635647,150636603,956
HO21634,chr6,150667297,150669409,2112
HO21635,chr6,150713323,150714774,1451
HO21636,chr6,150720495,150721521,1026
HO21637,chr6,150865272,150867280,2008
HO21638,chr6,150881735,150882612,877
HO21639,chr6,151239553,151241612,2059
HO21640,chr6,151324999,151326179,1180
HO21641,chr6,151389412,151391997,2585
HO21642,chr6,151451552,151453343,1791
HO21643,chr6,151485081,151486052,971
HO21644,chr6,151493375,151495048,1673
HO21645,chr6,151763199,151764603,1404
HO21646,chr6,151806881,151808704,1823
HO21647,chr6,152301273,152302557,1284
HO21648,chr6,152368662,152369789,1127
HO21649,chr6,152379908,152381888,1980
HO21650,chr6,152635755,152637456,1701
HO21651,chr6,152982283,152984393,2110
HO21652,chr6,153001947,153003631,1684
HO21653,chr6,153129762,153131886,2124
HO21654,chr6,154509345,154511424,2079
HO21655,chr6,154675377,154675966,589
HO21656,chr6,154732655,154734504,1849
HO21657,chr6,154994888,154996212,1324
HO21658,chr6,155313622,155315268,1646
HO21659,chr6,155402512,155403656,1144
HO21660,chr6,155448227,155450447,2220
HO21661,chr6,156279003,156280533,1530
HO21662,chr6,156686114,156688258,2144
HO21663,chr6,156719555,156721354,1799
HO21664,chr6,156776838,156779986,3148
HO21665,chr6,156790723,156791781,1058
HO21666,chr6,157020517,157022436,1919
HO21667,chr6,157220909,157221751,842
HO21668,chr6,157235366,157237025,1659
HO21669,chr6,157274211,157275432,1221
HO21670,chr6,157322877,157324447,1570
HO21671,chr6,157379710,157382376,2666
HO21672,chr6,157756448,157757070,622
HO21673,chr6,157822292,157824416,2124
HO21674,chr6,157980787,157982506,1719
HO21675,chr6,157989423,157990789,1366
HO21676,chr6,158040106,158041055,949
HO21677,chr6,158167194,158168891,1697
HO21678,chr6,158213910,158214590,680
HO21679,chr6,158220561,158221196,635
HO21680,chr6,158231378,158233626,2248
HO21681,chr6,158535869,158537733,1864
HO21682,chr6,158544368,158545627,1259
HO21683,chr6,158554613,158555256,643
HO21684,chr6,158559592,158561236,1644
HO21685,chr6,158583804,158584757,953
HO21686,chr6,158610134,158612628,2494
HO21687,chr6,158643894,158645201,1307
HO21688,chr6,158703929,158704735,806
HO21689,chr6,158817875,158819734,1859
HO21690,chr6,158852645,158854125,1480
HO21691,chr6,158868986,158870328,1342
HO21692,chr6,158998937,159000638,1701
HO21693,chr6,159131660,159133341,1681
HO21694,chr6,159168515,159170362,1847
HO21695,chr6,159692312,159694023,1711
HO21696,chr6,159726422,159728164,1742
HO21697,chr6,159761259,159762984,1725
HO21698,chr6,159788771,159790982,2211
HO21699,chr6,159968398,159970222,1824
HO21700,chr6,160005731,160006605,874
HO21701,chr6,160029591,160031050,1459
HO21702,chr6,160347750,160349181,1431
HO21703,chr6,160351661,160352352,691
HO21704,chr6,160430267,160432199,1932
HO21705,chr6,160519689,160520957,1268
HO21706,chr6,160766608,160767860,1252
HO21707,chr6,160930459,160931936,1477
HO21708,chr6,160991015,160993049,2034
HO21709,chr6,161273061,161274626,1565
HO21710,chr6,161434170,161435938,1768
HO21711,chr6,162727053,162728530,1477
HO21712,chr6,162856465,162857600,1135
HO21713,chr6,163191491,163192903,1412
HO21714,chr6,163301480,163303037,1557
HO21715,chr6,163395906,163397232,1326
HO21716,chr6,163405398,163406630,1232
HO21717,chr6,163413079,163415828,2749
HO21718,chr6,163745440,163746376,936
HO21719,chr6,165308668,165309822,1154
HO21720,chr6,165660321,165663675,3354
HO21721,chr6,165834463,165835881,1418
HO21722,chr6,165986687,165989168,2481
HO21723,chr6,166005276,166006519,1243
HO21724,chr6,166008343,166009328,985
HO21725,chr6,166057178,166058620,1442
HO21726,chr6,166306974,166308797,1823
HO21727,chr6,166341933,166343356,1423
HO21728,chr6,166381766,166384016,2250
HO21729,chr6,166626292,166628384,2092
HO21730,chr6,166861882,166863242,1360
HO21731,chr6,166955590,166957633,2043
HO21732,chr6,166997593,166999946,2353
HO21733,chr6,167241000,167242123,1123
HO21734,chr6,167266232,167267424,1192
HO21735,chr6,167350055,167351696,1641
HO21736,chr6,167491250,167493128,1878
HO21737,chr6,167565422,167567849,2427
HO21738,chr6,167572764,167574259,1495
HO21739,chr6,167678024,167679074,1050
HO21740,chr6,167682230,167683669,1439
HO21741,chr6,167796069,167797341,1272
HO21742,chr6,167825046,167828127,3081
HO21743,chr6,167933867,167935164,1297
HO21744,chr6,168087843,168088863,1020
HO21745,chr6,168132063,168133988,1925
HO21746,chr6,168252965,168254093,1128
HO21747,chr6,168318664,168320176,1512
HO21748,chr6,168440117,168442536,2419
HO21749,chr6,168847859,168849176,1317
HO21750,chr6,169212609,169213922,1313
HO21751,chr6,169653645,169655369,1724
HO21752,chr6,169701299,169702915,1616
HO21753,chr6,169722591,169725993,3402
HO21754,chr6,169751013,169752472,1459
HO21755,chr6,169789601,169791019,1418
HO21756,chr6,170129527,170131730,2203
HO21757,chr6,170243384,170245224,1840
HO21758,chr6,170279432,170280935,1503
HO21759,chr6,170286061,170287263,1202
HO21760,chr6,170289950,170291019,1069
HO21761,chr6,170291199,170292174,975
HO21762,chr6,170295355,170297940,2585
HO21763,chr6,170305772,170307219,1447
HO21764,chr6,170438071,170439169,1098
HO21765,chr6,170552664,170554754,2090
HO21766,chr6,170583837,170585230,1393
HO21767,chr7,63665,65274,1609
HO21768,chr7,129386,130630,1244
HO21769,chr7,148870,150239,1369
HO21770,chr7,152211,153190,979
HO21771,chr7,191457,195064,3607
HO21772,chr7,236801,237574,773
HO21773,chr7,321662,322775,1113
HO21774,chr7,332433,333751,1318
HO21775,chr7,518783,520895,2112
HO21776,chr7,521491,522805,1314
HO21777,chr7,537820,540214,2394
HO21778,chr7,552336,553447,1111
HO21779,chr7,561109,562382,1273
HO21780,chr7,572599,574448,1849
HO21781,chr7,610213,611668,1455
HO21782,chr7,657249,658643,1394
HO21783,chr7,665011,666447,1436
HO21784,chr7,674497,675449,952
HO21785,chr7,711182,712964,1782
HO21786,chr7,726119,727671,1552
HO21787,chr7,767650,769581,1931
HO21788,chr7,812807,813692,885
HO21789,chr7,815414,817573,2159
HO21790,chr7,873326,873671,345
HO21791,chr7,875856,878221,2365
HO21792,chr7,900849,902067,1218
HO21793,chr7,908405,909151,746
HO21794,chr7,928422,929027,605
HO21795,chr7,953341,954954,1613
HO21796,chr7,974708,975978,1270
HO21797,chr7,977061,978100,1039
HO21798,chr7,980004,980692,688
HO21799,chr7,985853,986749,896
HO21800,chr7,992767,993634,867
HO21801,chr7,997308,998312,1004
HO21802,chr7,1027242,1029156,1914
HO21803,chr7,1043514,1045047,1533
HO21804,chr7,1059279,1060975,1696
HO21805,chr7,1065373,1066298,925
HO21806,chr7,1076188,1076989,801
HO21807,chr7,1137586,1138724,1138
HO21808,chr7,1159787,1160967,1180
HO21809,chr7,1169507,1170340,833
HO21810,chr7,1193425,1194254,829
HO21811,chr7,1289281,1291293,2012
HO21812,chr7,1412334,1413218,884
HO21813,chr7,1458742,1460217,1475
HO21814,chr7,1503873,1504824,951
HO21815,chr7,1505742,1507264,1522
HO21816,chr7,1530316,1531989,1673
HO21817,chr7,1536717,1538610,1893
HO21818,chr7,1544661,1546289,1628
HO21819,chr7,1553466,1554661,1195
HO21820,chr7,1555034,1556579,1545
HO21821,chr7,1569402,1570780,1378
HO21822,chr7,1713041,1714691,1650
HO21823,chr7,1844505,1845466,961
HO21824,chr7,1919262,1921209,1947
HO21825,chr7,1950411,1951564,1153
HO21826,chr7,2017810,2019418,1608
HO21827,chr7,2099999,2100935,936
HO21828,chr7,2103579,2105203,1624
HO21829,chr7,2118400,2119217,817
HO21830,chr7,2232010,2233430,1420
HO21831,chr7,2241553,2243136,1583
HO21832,chr7,2313750,2314887,1137
HO21833,chr7,2353582,2355657,2075
HO21834,chr7,2360546,2361557,1011
HO21835,chr7,2389667,2391091,1424
HO21836,chr7,2399770,2400598,828
HO21837,chr7,2402960,2404569,1609
HO21838,chr7,2451162,2452473,1311
HO21839,chr7,2508227,2509332,1105
HO21840,chr7,2518684,2520048,1364
HO21841,chr7,2522846,2524426,1580
HO21842,chr7,2554815,2556031,1216
HO21843,chr7,2558125,2559744,1619
HO21844,chr7,2631234,2634157,2923
HO21845,chr7,2687271,2689531,2260
HO21846,chr7,2734259,2736022,1763
HO21847,chr7,2762409,2763924,1515
HO21848,chr7,2822520,2824436,1916
HO21849,chr7,2843583,2844825,1242
HO21850,chr7,2928365,2929639,1274
HO21851,chr7,3193824,3195316,1492
HO21852,chr7,3300099,3302591,2492
HO21853,chr7,4159050,4160405,1355
HO21854,chr7,4641198,4642488,1290
HO21855,chr7,4681722,4684497,2775
HO21856,chr7,4700532,4701549,1017
HO21857,chr7,4738562,4740015,1453
HO21858,chr7,4744363,4745557,1194
HO21859,chr7,4753466,4754315,849
HO21860,chr7,4774717,4776309,1592
HO21861,chr7,4881932,4884070,2138
HO21862,chr7,4931653,4932386,733
HO21863,chr7,4940019,4941361,1342
HO21864,chr7,4973678,4974947,1269
HO21865,chr7,5045207,5046696,1489
HO21866,chr7,5189643,5190937,1294
HO21867,chr7,5239910,5241570,1660
HO21868,chr7,5282118,5283969,1851
HO21869,chr7,5284441,5285287,846
HO21870,chr7,5312678,5313736,1058
HO21871,chr7,5403976,5404717,741
HO21872,chr7,5417438,5419404,1966
HO21873,chr7,5423408,5424608,1200
HO21874,chr7,5425563,5426133,570
HO21875,chr7,5426487,5427138,651
HO21876,chr7,5427799,5428287,488
HO21877,chr7,5428839,5430074,1235
HO21878,chr7,5450491,5451269,778
HO21879,chr7,5470097,5471334,1237
HO21880,chr7,5486480,5487276,796
HO21881,chr7,5491111,5492594,1483
HO21882,chr7,5494572,5495093,521
HO21883,chr7,5512916,5514439,1523
HO21884,chr7,5523117,5523774,657
HO21885,chr7,5523923,5524502,579
HO21886,chr7,5524712,5525086,374
HO21887,chr7,5525406,5525848,442
HO21888,chr7,5526317,5526827,510
HO21889,chr7,5529399,5531395,1996
HO21890,chr7,5531902,5532446,544
HO21891,chr7,5550543,5551113,570
HO21892,chr7,5554703,5557021,2318
HO21893,chr7,5558672,5559204,532
HO21894,chr7,5561884,5563883,1999
HO21895,chr7,5569169,5570860,1691
HO21896,chr7,5574124,5575439,1315
HO21897,chr7,5578197,5579663,1466
HO21898,chr7,5591190,5593610,2420
HO21899,chr7,5593854,5595240,1386
HO21900,chr7,5595668,5596387,719
HO21901,chr7,5598645,5599395,750
HO21902,chr7,5606742,5608689,1947
HO21903,chr7,5638826,5639466,640
HO21904,chr7,5699322,5700333,1011
HO21905,chr7,5703650,5704790,1140
HO21906,chr7,5780503,5781906,1403
HO21907,chr7,5822437,5823627,1190
HO21908,chr7,6008572,6009716,1144
HO21909,chr7,6058289,6059442,1153
HO21910,chr7,6080374,6081842,1468
HO21911,chr7,6103917,6105718,1801
HO21912,chr7,6227306,6229406,2100
HO21913,chr7,6270615,6273648,3033
HO21914,chr7,6348114,6349262,1148
HO21915,chr7,6373247,6375108,1861
HO21916,chr7,6392625,6394039,1414
HO21917,chr7,6435300,6436003,703
HO21918,chr7,6446891,6448686,1795
HO21919,chr7,6482842,6484670,1828
HO21920,chr7,6503238,6504801,1563
HO21921,chr7,6516323,6516916,593
HO21922,chr7,6526117,6527112,995
HO21923,chr7,6576670,6577914,1244
HO21924,chr7,6589291,6590838,1547
HO21925,chr7,6614821,6616476,1655
HO21926,chr7,6636482,6638124,1642
HO21927,chr7,6705862,6707372,1510
HO21928,chr7,6728999,6730609,1610
HO21929,chr7,7099201,7100069,868
HO21930,chr7,7181594,7183451,1857
HO21931,chr7,7566154,7567854,1700
HO21932,chr7,7639609,7641495,1886
HO21933,chr7,7968053,7970560,2507
HO21934,chr7,8146380,8147419,1039
HO21935,chr7,8261168,8262735,1567
HO21936,chr7,8433166,8434751,1585
HO21937,chr7,8442251,8443321,1070
HO21938,chr7,10939370,10940844,1474
HO21939,chr7,10972842,10974820,1978
HO21940,chr7,11830651,11832526,1875
HO21941,chr7,12111137,12112294,1157
HO21942,chr7,12210240,12211859,1619
HO21943,chr7,12403014,12404552,1538
HO21944,chr7,12569984,12571390,1406
HO21945,chr7,12686291,12687792,1501
HO21946,chr7,13988852,13991792,2940
HO21947,chr7,14902109,14903767,1658
HO21948,chr7,15685008,15687951,2943
HO21949,chr7,16420069,16421987,1918
HO21950,chr7,16465213,16466434,1221
HO21951,chr7,16484455,16485275,820
HO21952,chr7,16644516,16646902,2386
HO21953,chr7,16753287,16755375,2088
HO21954,chr7,17298119,17299995,1876
HO21955,chr7,17939009,17941152,2143
HO21956,chr7,18085987,18087533,1546
HO21957,chr7,19106085,19108733,2648
HO21958,chr7,19115869,19118584,2715
HO21959,chr7,19408168,19409691,1523
HO21960,chr7,19708259,19709360,1101
HO21961,chr7,19772363,19773824,1461
HO21962,chr7,20190409,20191590,1181
HO21963,chr7,20329382,20331916,2534
HO21964,chr7,20340679,20341611,932
HO21965,chr7,20777618,20778690,1072
HO21966,chr7,20783566,20785803,2237
HO21967,chr7,20797242,20799121,1879
HO21968,chr7,21426666,21428638,1972
HO21969,chr7,21542499,21544216,1717
HO21970,chr7,21944618,21946393,1775
HO21971,chr7,22082487,22083766,1279
HO21972,chr7,22218663,22221277,2614
HO21973,chr7,22329307,22330518,1211
HO21974,chr7,22356086,22358025,1939
HO21975,chr7,22444256,22446008,1752
HO21976,chr7,22477431,22478993,1562
HO21977,chr7,22499643,22500430,787
HO21978,chr7,22561234,22562076,842
HO21979,chr7,22821343,22823136,1793
HO21980,chr7,22853593,22855129,1536
HO21981,chr7,23012849,23014452,1603
HO21982,chr7,23105172,23107275,2103
HO21983,chr7,23181185,23182516,1331
HO21984,chr7,23205461,23206847,1386
HO21985,chr7,23272860,23273580,720
HO21986,chr7,23298100,23299938,1838
HO21987,chr7,23468335,23470032,1697
HO21988,chr7,23470256,23471491,1235
HO21989,chr7,23473486,23475025,1539
HO21990,chr7,23490007,23491675,1668
HO21991,chr7,23531006,23532392,1386
HO21992,chr7,23546752,23547349,597
HO21993,chr7,23596973,23598165,1192
HO21994,chr7,23622164,23623185,1021
HO21995,chr7,23679705,23681305,1600
HO21996,chr7,24283417,24285502,2085
HO21997,chr7,24572391,24574662,2271
HO21998,chr7,24740730,24742426,1696
HO21999,chr7,24756034,24758040,2006
HO22000,chr7,24979153,24981004,1851
HO22001,chr7,24981171,24981928,757
HO22002,chr7,25089902,25091035,1133
HO22003,chr7,25124468,25125922,1454
HO22004,chr7,25179469,25180783,1314
HO22005,chr7,25856558,25857781,1223
HO22006,chr7,25862029,25862928,899
HO22007,chr7,25950288,25952052,1764
HO22008,chr7,26078669,26079275,606
HO22009,chr7,26151755,26153232,1477
HO22010,chr7,26187341,26189523,2182
HO22011,chr7,26199733,26202459,2726
HO22012,chr7,26291377,26292427,1050
HO22013,chr7,26375721,26377409,1688
HO22014,chr7,26397265,26399536,2271
HO22015,chr7,26667302,26667932,630
HO22016,chr7,26863529,26865203,1674
HO22017,chr7,27095442,27097278,1836
HO22018,chr7,27129717,27131383,1666
HO22019,chr7,27142391,27144088,1697
HO22020,chr7,27150290,27151443,1153
HO22021,chr7,27160261,27161692,1431
HO22022,chr7,27198920,27200609,1689
HO22023,chr7,27235139,27236078,939
HO22024,chr7,27661800,27663317,1517
HO22025,chr7,27739284,27741018,1734
HO22026,chr7,27744859,27745433,574
HO22027,chr7,27873621,27874551,930
HO22028,chr7,28055534,28056860,1326
HO22029,chr7,28068753,28071113,2360
HO22030,chr7,28083310,28084257,947
HO22031,chr7,28101879,28103159,1280
HO22032,chr7,28178997,28181073,2076
HO22033,chr7,28408392,28411482,3090
HO22034,chr7,28533475,28534567,1092
HO22035,chr7,28685274,28686898,1624
HO22036,chr7,28853622,28854755,1133
HO22037,chr7,28926598,28927399,801
HO22038,chr7,28955395,28958865,3470
HO22039,chr7,29019065,29020256,1191
HO22040,chr7,29137868,29139449,1581
HO22041,chr7,29145752,29147462,1710
HO22042,chr7,29193832,29195575,1743
HO22043,chr7,29452252,29453751,1499
HO22044,chr7,29562908,29565379,2471
HO22045,chr7,29684285,29686197,1912
HO22046,chr7,29769718,29771905,2187
HO22047,chr7,29805841,29807954,2113
HO22048,chr7,29842865,29844051,1186
HO22049,chr7,29848903,29849790,887
HO22050,chr7,29866277,29867964,1687
HO22051,chr7,29976322,29977252,930
HO22052,chr7,29987714,29990230,2516
HO22053,chr7,30026217,30027351,1134
HO22054,chr7,30027862,30029253,1391
HO22055,chr7,30134185,30136654,2469
HO22056,chr7,30159251,30160583,1332
HO22057,chr7,30252906,30253991,1085
HO22058,chr7,30283802,30286156,2354
HO22059,chr7,30469088,30471436,2348
HO22060,chr7,30477758,30479155,1397
HO22061,chr7,30504117,30505389,1272
HO22062,chr7,30548596,30549305,709
HO22063,chr7,30593733,30595780,2047
HO22064,chr7,30681318,30682964,1646
HO22065,chr7,30770928,30772359,1431
HO22066,chr7,30898313,30898805,492
HO22067,chr7,30906016,30907325,1309
HO22068,chr7,30938207,30939078,871
HO22069,chr7,30974484,30975160,676
HO22070,chr7,30983333,30984030,697
HO22071,chr7,31475016,31476312,1296
HO22072,chr7,31575723,31577101,1378
HO22073,chr7,32050637,32051631,994
HO22074,chr7,32070075,32071515,1440
HO22075,chr7,32204067,32204736,669
HO22076,chr7,32298136,32299463,1327
HO22077,chr7,32427473,32428400,927
HO22078,chr7,32489550,32491115,1565
HO22079,chr7,32494795,32496325,1530
HO22080,chr7,32727320,32729154,1834
HO22081,chr7,32890473,32893042,2569
HO22082,chr7,32941522,32943424,1902
HO22083,chr7,32956790,32958337,1547
HO22084,chr7,32997863,32999870,2007
HO22085,chr7,33062037,33063500,1463
HO22086,chr7,33108508,33109971,1463
HO22087,chr7,33128767,33130241,1474
HO22088,chr7,33903773,33905891,2118
HO22089,chr7,34747525,34748893,1368
HO22090,chr7,35036374,35038205,1831
HO22091,chr7,35185573,35187119,1546
HO22092,chr7,35253392,35254607,1215
HO22093,chr7,35536937,35537801,864
HO22094,chr7,35623884,35624919,1035
HO22095,chr7,35694073,35695573,1500
HO22096,chr7,35800039,35802186,2147
HO22097,chr7,36152239,36153924,1685
HO22098,chr7,36291319,36292391,1072
HO22099,chr7,36303074,36304301,1227
HO22100,chr7,36366326,36367655,1329
HO22101,chr7,36388914,36390609,1695
HO22102,chr7,36458538,36459992,1454
HO22103,chr7,36794112,36795305,1193
HO22104,chr7,36949134,36950347,1213
HO22105,chr7,36979435,36980426,991
HO22106,chr7,37109070,37110405,1335
HO22107,chr7,37181642,37182599,957
HO22108,chr7,37247604,37249613,2009
HO22109,chr7,37447260,37449402,2142
HO22110,chr7,37831969,37832628,659
HO22111,chr7,37915942,37917392,1450
HO22112,chr7,37920345,37921646,1301
HO22113,chr7,37942752,37944814,2062
HO22114,chr7,38177669,38178935,1266
HO22115,chr7,38215079,38216547,1468
HO22116,chr7,38310964,38311935,971
HO22117,chr7,38335137,38336268,1131
HO22118,chr7,38340961,38342319,1358
HO22119,chr7,38630605,38631719,1114
HO22120,chr7,38908450,38909474,1024
HO22121,chr7,39565653,39566936,1283
HO22122,chr7,39622749,39624726,1977
HO22123,chr7,39732590,39734349,1759
HO22124,chr7,39833108,39833957,849
HO22125,chr7,39948947,39951900,2953
HO22126,chr7,40133764,40135452,1688
HO22127,chr7,41704808,41705962,1154
HO22128,chr7,41911937,41912858,921
HO22129,chr7,41942357,41943609,1252
HO22130,chr7,41954771,41956945,2174
HO22131,chr7,42227532,42228567,1035
HO22132,chr7,42235925,42238604,2679
HO22133,chr7,42856515,42857935,1420
HO22134,chr7,42887578,42889419,1841
HO22135,chr7,42911151,42912367,1216
HO22136,chr7,42913641,42914332,691
HO22137,chr7,42931542,42933548,2006
HO22138,chr7,42972476,42973733,1257
HO22139,chr7,43112286,43114053,1767
HO22140,chr7,43328354,43329629,1275
HO22141,chr7,43582490,43584610,2120
HO22142,chr7,43639426,43640655,1229
HO22143,chr7,43674165,43674966,801
HO22144,chr7,43728775,43730070,1295
HO22145,chr7,43758033,43759304,1271
HO22146,chr7,43838499,43839228,729
HO22147,chr7,43868230,43870117,1887
HO22148,chr7,43905886,43907059,1173
HO22149,chr7,43925780,43927095,1315
HO22150,chr7,44018633,44019654,1021
HO22151,chr7,44020202,44020622,420
HO22152,chr7,44038891,44039509,618
HO22153,chr7,44043991,44045367,1376
HO22154,chr7,44064633,44066154,1521
HO22155,chr7,44082029,44083089,1060
HO22156,chr7,44123131,44124443,1312
HO22157,chr7,44130866,44132625,1759
HO22158,chr7,44145321,44146853,1532
HO22159,chr7,44200582,44201530,948
HO22160,chr7,44257512,44258298,786
HO22161,chr7,44308816,44310127,1311
HO22162,chr7,44324606,44326247,1641
HO22163,chr7,44489750,44491133,1383
HO22164,chr7,44565189,44566022,833
HO22165,chr7,44573380,44574515,1135
HO22166,chr7,44581456,44582945,1489
HO22167,chr7,44605864,44607519,1655
HO22168,chr7,44638948,44640379,1431
HO22169,chr7,44747852,44749657,1805
HO22170,chr7,44795586,44797676,2090
HO22171,chr7,44846988,44848778,1790
HO22172,chr7,44884233,44886177,1944
HO22173,chr7,44962179,44963395,1216
HO22174,chr7,44985914,44987091,1177
HO22175,chr7,44990208,44990970,762
HO22176,chr7,44999067,45000788,1721
HO22177,chr7,45088039,45089906,1867
HO22178,chr7,45110922,45112310,1388
HO22179,chr7,45573276,45575242,1966
HO22180,chr7,45768306,45769459,1153
HO22181,chr7,45888153,45889823,1670
HO22182,chr7,45920365,45921686,1321
HO22183,chr7,45973712,45974932,1220
HO22184,chr7,46173074,46174602,1528
HO22185,chr7,46215652,46216613,961
HO22186,chr7,46810890,46812533,1643
HO22187,chr7,47074331,47075828,1497
HO22188,chr7,47253449,47254770,1321
HO22189,chr7,47326763,47328685,1922
HO22190,chr7,47371140,47372586,1446
HO22191,chr7,47379682,47381361,1679
HO22192,chr7,47391448,47392867,1419
HO22193,chr7,47464470,47465642,1172
HO22194,chr7,47474938,47475877,939
HO22195,chr7,47481887,47482783,896
HO22196,chr7,47506426,47507951,1525
HO22197,chr7,47536327,47537646,1319
HO22198,chr7,47568354,47569082,728
HO22199,chr7,47570425,47572194,1769
HO22200,chr7,47576031,47577152,1121
HO22201,chr7,47580878,47582722,1844
HO22202,chr7,47826622,47827824,1202
HO22203,chr7,47886900,47887991,1091
HO22204,chr7,47904966,47905991,1025
HO22205,chr7,47978622,47980123,1501
HO22206,chr7,47991269,47992357,1088
HO22207,chr7,48035082,48036460,1378
HO22208,chr7,48088299,48089904,1605
HO22209,chr7,49773004,49776077,3073
HO22210,chr7,50062493,50063614,1121
HO22211,chr7,50092467,50093510,1043
HO22212,chr7,50303385,50305163,1778
HO22213,chr7,50449484,50451069,1585
HO22214,chr7,50467179,50468580,1401
HO22215,chr7,50613950,50615067,1117
HO22216,chr7,50791874,50794013,2139
HO22217,chr7,51315395,51317466,2071
HO22218,chr7,54663862,54665527,1665
HO22219,chr7,54758334,54759938,1604
HO22220,chr7,54932495,54933977,1482
HO22221,chr7,55018260,55020713,2453
HO22222,chr7,55254429,55255978,1549
HO22223,chr7,55365074,55367051,1977
HO22224,chr7,55571444,55573177,1733
HO22225,chr7,55886754,55888111,1357
HO22226,chr7,55951313,55952417,1104
HO22227,chr7,55964026,55965294,1268
HO22228,chr7,56009419,56010298,879
HO22229,chr7,56033618,56034707,1089
HO22230,chr7,56046611,56047352,741
HO22231,chr7,56050914,56052340,1426
HO22232,chr7,56063675,56065376,1701
HO22233,chr7,56105421,56106811,1390
HO22234,chr7,63899707,63901377,1670
HO22235,chr7,63925280,63927075,1795
HO22236,chr7,64306414,64308132,1718
HO22237,chr7,64313399,64315056,1657
HO22238,chr7,64459637,64460611,974
HO22239,chr7,64562350,64563378,1028
HO22240,chr7,64569142,64570518,1376
HO22241,chr7,64665607,64666688,1081
HO22242,chr7,64793894,64795132,1238
HO22243,chr7,64877020,64877803,783
HO22244,chr7,64887767,64890259,2492
HO22245,chr7,64902511,64903824,1313
HO22246,chr7,65005960,65007284,1324
HO22247,chr7,65037547,65039162,1615
HO22248,chr7,65080670,65081553,883
HO22249,chr7,65239221,65240358,1137
HO22250,chr7,65251460,65252839,1379
HO22251,chr7,65268743,65270085,1342
HO22252,chr7,65373290,65374355,1065
HO22253,chr7,65750176,65751946,1770
HO22254,chr7,65770199,65771243,1044
HO22255,chr7,65872455,65874086,1631
HO22256,chr7,65981547,65982727,1180
HO22257,chr7,66043435,66044745,1310
HO22258,chr7,66075224,66076562,1338
HO22259,chr7,66099032,66100635,1603
HO22260,chr7,66114242,66115651,1409
HO22261,chr7,66150081,66151169,1088
HO22262,chr7,66204515,66206656,2141
HO22263,chr7,66412924,66414133,1209
HO22264,chr7,66492967,66494211,1244
HO22265,chr7,66541932,66543426,1494
HO22266,chr7,66557138,66558185,1047
HO22267,chr7,66591158,66592608,1450
HO22268,chr7,66627823,66629613,1790
HO22269,chr7,66653803,66655434,1631
HO22270,chr7,66668411,66669488,1077
HO22271,chr7,66681451,66683026,1575
HO22272,chr7,66697359,66699287,1928
HO22273,chr7,66739991,66741964,1973
HO22274,chr7,66755085,66756765,1680
HO22275,chr7,66781436,66782710,1274
HO22276,chr7,66844134,66845591,1457
HO22277,chr7,66920632,66922341,1709
HO22278,chr7,66958633,66959429,796
HO22279,chr7,66994510,66995898,1388
HO22280,chr7,66996169,66997154,985
HO22281,chr7,67100528,67101499,971
HO22282,chr7,67301866,67303348,1482
HO22283,chr7,67937328,67938655,1327
HO22284,chr7,68470517,68471881,1364
HO22285,chr7,69597048,69600383,3335
HO22286,chr7,69966836,69968079,1243
HO22287,chr7,70582657,70584946,2289
HO22288,chr7,70693341,70695711,2370
HO22289,chr7,70776334,70777481,1147
HO22290,chr7,71131130,71133210,2080
HO22291,chr7,71307332,71308604,1272
HO22292,chr7,72335753,72337787,2034
HO22293,chr7,72827763,72828826,1063
HO22294,chr7,72828986,72830347,1361
HO22295,chr7,72878848,72880246,1398
HO22296,chr7,72917311,72918827,1516
HO22297,chr7,72924379,72925812,1433
HO22298,chr7,73005398,73006302,904
HO22299,chr7,73154285,73155086,801
HO22300,chr7,73308066,73309043,977
HO22301,chr7,73319439,73320265,826
HO22302,chr7,73323895,73324975,1080
HO22303,chr7,73325271,73326111,840
HO22304,chr7,73357766,73359149,1383
HO22305,chr7,73433354,73434631,1277
HO22306,chr7,73435564,73436534,970
HO22307,chr7,73521160,73522909,1749
HO22308,chr7,73556592,73558094,1502
HO22309,chr7,73577623,73579306,1683
HO22310,chr7,73587152,73588293,1141
HO22311,chr7,73622623,73624755,2132
HO22312,chr7,73667330,73669153,1823
HO22313,chr7,73682433,73684231,1798
HO22314,chr7,73718971,73719984,1013
HO22315,chr7,73721207,73721828,621
HO22316,chr7,73725508,73726115,607
HO22317,chr7,73734624,73735043,419
HO22318,chr7,73738044,73739485,1441
HO22319,chr7,73768773,73770982,2209
HO22320,chr7,73841869,73842903,1034
HO22321,chr7,73855188,73856129,941
HO22322,chr7,73885863,73887112,1249
HO22323,chr7,73985660,73986688,1028
HO22324,chr7,73987819,73988949,1130
HO22325,chr7,74026607,74028572,1965
HO22326,chr7,74067626,74068436,810
HO22327,chr7,74082947,74084744,1797
HO22328,chr7,74093558,74095204,1646
HO22329,chr7,74173200,74175153,1953
HO22330,chr7,74206413,74207086,673
HO22331,chr7,74253672,74255049,1377
HO22332,chr7,74288807,74290677,1870
HO22333,chr7,74364972,74365746,774
HO22334,chr7,74417191,74417980,789
HO22335,chr7,74452761,74455192,2431
HO22336,chr7,74477638,74478585,947
HO22337,chr7,74479995,74481488,1493
HO22338,chr7,74605800,74607015,1215
HO22339,chr7,74611997,74613027,1030
HO22340,chr7,74627433,74628455,1022
HO22341,chr7,74635303,74636448,1145
HO22342,chr7,74656443,74658947,2504
HO22343,chr7,74671646,74672927,1281
HO22344,chr7,75072837,75074166,1329
HO22345,chr7,75092099,75093143,1044
HO22346,chr7,75156320,75157452,1132
HO22347,chr7,75419027,75420279,1252
HO22348,chr7,75485372,75486637,1265
HO22349,chr7,75527096,75528515,1419
HO22350,chr7,75611260,75612345,1085
HO22351,chr7,75638315,75640107,1792
HO22352,chr7,75687935,75689051,1116
HO22353,chr7,75737989,75739917,1928
HO22354,chr7,75842125,75843684,1559
HO22355,chr7,75878359,75880224,1865
HO22356,chr7,75914230,75916134,1904
HO22357,chr7,75989036,75990081,1045
HO22358,chr7,75990780,75991304,524
HO22359,chr7,75993448,75995204,1756
HO22360,chr7,76047294,76048921,1627
HO22361,chr7,76068670,76069660,990
HO22362,chr7,76166080,76167161,1081
HO22363,chr7,76177837,76178657,820
HO22364,chr7,76201299,76202170,871
HO22365,chr7,76234800,76235541,741
HO22366,chr7,76259779,76260886,1107
HO22367,chr7,76266737,76269124,2387
HO22368,chr7,76280331,76280871,540
HO22369,chr7,76281107,76283138,2031
HO22370,chr7,76291234,76292504,1270
HO22371,chr7,76294283,76295179,896
HO22372,chr7,76302021,76304081,2060
HO22373,chr7,76304197,76305283,1086
HO22374,chr7,76314006,76314615,609
HO22375,chr7,76317027,76319130,2103
HO22376,chr7,76333287,76334113,826
HO22377,chr7,76357700,76359961,2261
HO22378,chr7,76379344,76380615,1271
HO22379,chr7,76392660,76393964,1304
HO22380,chr7,76397155,76397877,722
HO22381,chr7,76548783,76550073,1290
HO22382,chr7,77121792,77122824,1032
HO22383,chr7,77258058,77260087,2029
HO22384,chr7,77331682,77332526,844
HO22385,chr7,77415268,77416892,1624
HO22386,chr7,77536324,77538905,2581
HO22387,chr7,77695692,77697681,1989
HO22388,chr7,77797768,77799787,2019
HO22389,chr7,78018950,78020849,1899
HO22390,chr7,79451763,79454818,3055
HO22391,chr7,79610134,79611328,1194
HO22392,chr7,79819604,79820812,1208
HO22393,chr7,80127426,80128222,796
HO22394,chr7,80134272,80136143,1871
HO22395,chr7,80918144,80919514,1370
HO22396,chr7,81155451,81156315,864
HO22397,chr7,81429954,81431246,1292
HO22398,chr7,82442638,82444876,2238
HO22399,chr7,83161896,83163276,1380
HO22400,chr7,85184846,85187307,2461
HO22401,chr7,86643373,86645068,1695
HO22402,chr7,87058732,87060219,1487
HO22403,chr7,87151533,87153368,1835
HO22404,chr7,87218867,87221131,2264
HO22405,chr7,87344833,87346165,1332
HO22406,chr7,87474377,87476369,1992
HO22407,chr7,87600072,87601082,1010
HO22408,chr7,87627489,87629294,1805
HO22409,chr7,87875645,87877221,1576
HO22410,chr7,87933572,87935251,1679
HO22411,chr7,88218653,88220760,2107
HO22412,chr7,88758355,88760298,1943
HO22413,chr7,90118307,90119957,1650
HO22414,chr7,90154005,90154849,844
HO22415,chr7,90210945,90212550,1605
HO22416,chr7,90222424,90223702,1278
HO22417,chr7,90244378,90245897,1519
HO22418,chr7,90345564,90347066,1502
HO22419,chr7,90402918,90404373,1455
HO22420,chr7,90595443,90597616,2173
HO22421,chr7,90766424,90767532,1108
HO22422,chr7,91263413,91265905,2492
HO22423,chr7,91880004,91881229,1225
HO22424,chr7,91939855,91941834,1979
HO22425,chr7,92133292,92135903,2611
HO22426,chr7,92178724,92179907,1183
HO22427,chr7,92244923,92247019,2096
HO22428,chr7,92402846,92404054,1208
HO22429,chr7,92424165,92424864,699
HO22430,chr7,92446901,92448626,1725
HO22431,chr7,92527445,92529085,1640
HO22432,chr7,92589545,92590712,1167
HO22433,chr7,92608491,92609223,732
HO22434,chr7,92695243,92696270,1027
HO22435,chr7,92697993,92698816,823
HO22436,chr7,92706393,92707898,1505
HO22437,chr7,92809234,92810585,1351
HO22438,chr7,92832765,92834563,1798
HO22439,chr7,92834721,92837202,2481
HO22440,chr7,92916448,92917450,1002
HO22441,chr7,93231637,93232882,1245
HO22442,chr7,93889807,93891067,1260
HO22443,chr7,93920931,93922449,1518
HO22444,chr7,94003498,94005042,1544
HO22445,chr7,94300968,94302278,1310
HO22446,chr7,94374048,94376085,2037
HO22447,chr7,94393176,94396481,3305
HO22448,chr7,94509223,94510951,1728
HO22449,chr7,94655011,94656572,1561
HO22450,chr7,94656959,94658683,1724
HO22451,chr7,94700965,94702096,1131
HO22452,chr7,94907103,94909111,2008
HO22453,chr7,95395689,95397115,1426
HO22454,chr7,95407524,95408494,970
HO22455,chr7,95433930,95435612,1682
HO22456,chr7,95595563,95597409,1846
HO22457,chr7,95772114,95773607,1493
HO22458,chr7,96075203,96076445,1242
HO22459,chr7,96320989,96322477,1488
HO22460,chr7,96526153,96527753,1600
HO22461,chr7,96709063,96710244,1181
HO22462,chr7,97005132,97006980,1848
HO22463,chr7,97027149,97027954,805
HO22464,chr7,97117023,97118197,1174
HO22465,chr7,97871468,97872761,1293
HO22466,chr7,97927785,97928612,827
HO22467,chr7,97971366,97972664,1298
HO22468,chr7,98106253,98107668,1415
HO22469,chr7,98251305,98252820,1515
HO22470,chr7,98280693,98282421,1728
HO22471,chr7,98400041,98401493,1452
HO22472,chr7,98616409,98617804,1395
HO22473,chr7,98869346,98870692,1346
HO22474,chr7,98872415,98873250,835
HO22475,chr7,98877620,98880164,2544
HO22476,chr7,99141826,99144533,2707
HO22477,chr7,99325094,99326392,1298
HO22478,chr7,99372313,99373022,709
HO22479,chr7,99373919,99375718,1799
HO22480,chr7,99379941,99381430,1489
HO22481,chr7,99392385,99393765,1380
HO22482,chr7,99407820,99409746,1926
HO22483,chr7,99415182,99415841,659
HO22484,chr7,99438299,99439648,1349
HO22485,chr7,99441913,99442341,428
HO22486,chr7,99465419,99466590,1171
HO22487,chr7,99471626,99473582,1956
HO22488,chr7,99499390,99500570,1180
HO22489,chr7,99504207,99505465,1258
HO22490,chr7,99551151,99552398,1247
HO22491,chr7,99557859,99559514,1655
HO22492,chr7,99579781,99580896,1115
HO22493,chr7,99616244,99617355,1111
HO22494,chr7,99832804,99834033,1229
HO22495,chr7,99918724,99919894,1170
HO22496,chr7,99928961,99929958,997
HO22497,chr7,99990335,99991342,1007
HO22498,chr7,99997351,99998077,726
HO22499,chr7,100000128,100001439,1311
HO22500,chr7,100015152,100016835,1683
HO22501,chr7,100049258,100050375,1117
HO22502,chr7,100053087,100053549,462
HO22503,chr7,100080984,100083061,2077
HO22504,chr7,100088206,100089468,1262
HO22505,chr7,100092897,100093386,489
HO22506,chr7,100100258,100102150,1892
HO22507,chr7,100118858,100120512,1654
HO22508,chr7,100126399,100128309,1910
HO22509,chr7,100148019,100149590,1571
HO22510,chr7,100156755,100159207,2452
HO22511,chr7,100167679,100169071,1392
HO22512,chr7,100170329,100171950,1621
HO22513,chr7,100176691,100178092,1401
HO22514,chr7,100270550,100272619,2069
HO22515,chr7,100335452,100336492,1040
HO22516,chr7,100344532,100345590,1058
HO22517,chr7,100427877,100430577,2700
HO22518,chr7,100435394,100436926,1532
HO22519,chr7,100450047,100451068,1021
HO22520,chr7,100465391,100466524,1133
HO22521,chr7,100469100,100469710,610
HO22522,chr7,100478150,100479640,1490
HO22523,chr7,100483068,100484609,1541
HO22524,chr7,100510429,100511346,917
HO22525,chr7,100538349,100539917,1568
HO22526,chr7,100545055,100547267,2212
HO22527,chr7,100559456,100560200,744
HO22528,chr7,100569334,100570577,1243
HO22529,chr7,100574978,100575601,623
HO22530,chr7,100582994,100584272,1278
HO22531,chr7,100584320,100586960,2640
HO22532,chr7,100603644,100605186,1542
HO22533,chr7,100611550,100613338,1788
HO22534,chr7,100626194,100627153,959
HO22535,chr7,100632773,100634159,1386
HO22536,chr7,100655839,100656676,837
HO22537,chr7,100673010,100676353,3343
HO22538,chr7,100691354,100692062,708
HO22539,chr7,100693111,100694677,1566
HO22540,chr7,100705108,100706645,1537
HO22541,chr7,100744880,100745752,872
HO22542,chr7,100801389,100802580,1191
HO22543,chr7,100803166,100803911,745
HO22544,chr7,100826593,100828161,1568
HO22545,chr7,100835641,100837692,2051
HO22546,chr7,100851856,100853613,1757
HO22547,chr7,100866589,100868357,1768
HO22548,chr7,100874300,100875719,1419
HO22549,chr7,100889069,100891254,2185
HO22550,chr7,100894793,100895330,537
HO22551,chr7,100895552,100897481,1929
HO22552,chr7,100965588,100966984,1396
HO22553,chr7,101016624,101017770,1146
HO22554,chr7,101075395,101076128,733
HO22555,chr7,101077227,101077956,729
HO22556,chr7,101084795,101086088,1293
HO22557,chr7,101099876,101100882,1006
HO22558,chr7,101116579,101117818,1239
HO22559,chr7,101126153,101127489,1336
HO22560,chr7,101153805,101155193,1388
HO22561,chr7,101162512,101164006,1494
HO22562,chr7,101165351,101165830,479
HO22563,chr7,101169624,101170098,474
HO22564,chr7,101173071,101173758,687
HO22565,chr7,101182239,101183097,858
HO22566,chr7,101200535,101202460,1925
HO22567,chr7,101216531,101218620,2089
HO22568,chr7,101243884,101245343,1459
HO22569,chr7,101251659,101252718,1059
HO22570,chr7,101264118,101264889,771
HO22571,chr7,101282617,101283317,700
HO22572,chr7,101321117,101322846,1729
HO22573,chr7,101362328,101364240,1912
HO22574,chr7,101688024,101688888,864
HO22575,chr7,101743038,101744035,997
HO22576,chr7,101814030,101814501,471
HO22577,chr7,101814807,101817859,3052
HO22578,chr7,101855998,101857545,1547
HO22579,chr7,101882491,101883464,973
HO22580,chr7,101935606,101936988,1382
HO22581,chr7,102118924,102120232,1308
HO22582,chr7,102285942,102288125,2183
HO22583,chr7,102363313,102364648,1335
HO22584,chr7,102395534,102397128,1594
HO22585,chr7,102432741,102434365,1624
HO22586,chr7,102464045,102465649,1604
HO22587,chr7,102572167,102572852,685
HO22588,chr7,102748275,102749397,1122
HO22589,chr7,103074030,103075874,1844
HO22590,chr7,103148281,103149778,1497
HO22591,chr7,103161865,103163239,1374
HO22592,chr7,103279542,103281176,1634
HO22593,chr7,103296931,103297910,979
HO22594,chr7,103343838,103344979,1141
HO22595,chr7,103347295,103348203,908
HO22596,chr7,103988567,103990683,2116
HO22597,chr7,104206931,104208586,1655
HO22598,chr7,104230422,104231895,1473
HO22599,chr7,104944762,104945575,813
HO22600,chr7,104971398,104972284,886
HO22601,chr7,104983210,104984892,1682
HO22602,chr7,105012346,105014525,2179
HO22603,chr7,105245094,105246580,1486
HO22604,chr7,105268147,105269719,1572
HO22605,chr7,105278921,105279994,1073
HO22606,chr7,105381884,105383207,1323
HO22607,chr7,105387631,105389585,1954
HO22608,chr7,105521117,105522780,1663
HO22609,chr7,105531451,105532846,1395
HO22610,chr7,105654876,105656215,1339
HO22611,chr7,105875977,105877580,1603
HO22612,chr7,105979102,105980123,1021
HO22613,chr7,106009235,106010677,1442
HO22614,chr7,106064414,106066278,1864
HO22615,chr7,106111136,106112820,1684
HO22616,chr7,106176482,106177201,719
HO22617,chr7,106283858,106285984,2126
HO22618,chr7,106659734,106661616,1882
HO22619,chr7,106979066,106980602,1536
HO22620,chr7,106989188,106990780,1592
HO22621,chr7,107044006,107045667,1661
HO22622,chr7,107078189,107079850,1661
HO22623,chr7,107167668,107170125,2457
HO22624,chr7,107563158,107564535,1377
HO22625,chr7,107579599,107580749,1150
HO22626,chr7,107660561,107662214,1653
HO22627,chr7,107742895,107744608,1713
HO22628,chr7,107890493,107891895,1402
HO22629,chr7,108001231,108003713,2482
HO22630,chr7,108142552,108143583,1031
HO22631,chr7,108454566,108456791,2225
HO22632,chr7,108525262,108526781,1519
HO22633,chr7,108568980,108570740,1760
HO22634,chr7,111090599,111092339,1740
HO22635,chr7,111560811,111562747,1936
HO22636,chr7,111734623,111736892,2269
HO22637,chr7,112135863,112137532,1669
HO22638,chr7,112204914,112207290,2376
HO22639,chr7,112421864,112423325,1461
HO22640,chr7,112449847,112451564,1717
HO22641,chr7,112452129,112452706,577
HO22642,chr7,112789438,112790865,1427
HO22643,chr7,112938707,112940653,1946
HO22644,chr7,113117883,113118986,1103
HO22645,chr7,114084365,114087725,3360
HO22646,chr7,114921622,114923552,1930
HO22647,chr7,115475875,115477779,1904
HO22648,chr7,115677685,115678602,917
HO22649,chr7,116210100,116211638,1538
HO22650,chr7,116353662,116355622,1960
HO22651,chr7,116499037,116500843,1806
HO22652,chr7,116524469,116526722,2253
HO22653,chr7,116671526,116673265,1739
HO22654,chr7,116862034,116863506,1472
HO22655,chr7,116952753,116954608,1855
HO22656,chr7,117019720,117020911,1191
HO22657,chr7,117322663,117324927,2264
HO22658,chr7,117478767,117480166,1399
HO22659,chr7,117871862,117873976,2114
HO22660,chr7,118183223,118184802,1579
HO22661,chr7,118213902,118214888,986
HO22662,chr7,120272161,120274126,1965
HO22663,chr7,120856086,120858546,2460
HO22664,chr7,120935556,120936481,925
HO22665,chr7,120949914,120951445,1531
HO22666,chr7,120987484,120989371,1887
HO22667,chr7,121328656,121330798,2142
HO22668,chr7,121395419,121396668,1249
HO22669,chr7,121603512,121605765,2253
HO22670,chr7,121831215,121832742,1527
HO22671,chr7,121872381,121874316,1935
HO22672,chr7,122059175,122060481,1306
HO22673,chr7,122142971,122144725,1754
HO22674,chr7,122885521,122887586,2065
HO22675,chr7,123153970,123154642,672
HO22676,chr7,123410058,123411126,1068
HO22677,chr7,123534049,123535342,1293
HO22678,chr7,123556958,123558361,1403
HO22679,chr7,123747588,123749743,2155
HO22680,chr7,124031886,124033876,1990
HO22681,chr7,124083843,124085979,2136
HO22682,chr7,124764007,124766574,2567
HO22683,chr7,124929270,124930310,1040
HO22684,chr7,127189576,127190377,801
HO22685,chr7,127251211,127254219,3008
HO22686,chr7,127347467,127348282,815
HO22687,chr7,127391445,127393939,2494
HO22688,chr7,127585088,127585821,733
HO22689,chr7,127587682,127589172,1490
HO22690,chr7,127628174,127629684,1510
HO22691,chr7,127651077,127652606,1529
HO22692,chr7,127838573,127839439,866
HO22693,chr7,127844156,127846178,2022
HO22694,chr7,128030778,128032935,2157
HO22695,chr7,128134494,128136631,2137
HO22696,chr7,128166383,128169013,2630
HO22697,chr7,128182163,128183156,993
HO22698,chr7,128200835,128202327,1492
HO22699,chr7,128202647,128203689,1042
HO22700,chr7,128208328,128210110,1782
HO22701,chr7,128211438,128211969,531
HO22702,chr7,128270808,128272499,1691
HO22703,chr7,128343149,128344116,967
HO22704,chr7,128350999,128352540,1541
HO22705,chr7,128360307,128362345,2038
HO22706,chr7,128387191,128388218,1027
HO22707,chr7,128405313,128406285,972
HO22708,chr7,128408866,128410540,1674
HO22709,chr7,128455010,128456296,1286
HO22710,chr7,128476155,128477361,1206
HO22711,chr7,128530208,128532421,2213
HO22712,chr7,128738498,128740019,1521
HO22713,chr7,128790219,128792196,1977
HO22714,chr7,128829827,128830972,1145
HO22715,chr7,128831163,128834201,3038
HO22716,chr7,128862243,128863847,1604
HO22717,chr7,128868789,128870147,1358
HO22718,chr7,128879729,128880569,840
HO22719,chr7,128915221,128916449,1228
HO22720,chr7,128937476,128939133,1657
HO22721,chr7,129054112,129055514,1402
HO22722,chr7,129066324,129068123,1799
HO22723,chr7,129144159,129145198,1039
HO22724,chr7,129168199,129170372,2173
HO22725,chr7,129187860,129189742,1882
HO22726,chr7,129224232,129226392,2160
HO22727,chr7,129315332,129316741,1409
HO22728,chr7,129433608,129435210,1602
HO22729,chr7,129501762,129503497,1735
HO22730,chr7,129534992,129536772,1780
HO22731,chr7,129610959,129613026,2067
HO22732,chr7,129779431,129780707,1276
HO22733,chr7,129824679,129826144,1465
HO22734,chr7,129829866,129830891,1025
HO22735,chr7,129831010,129831784,774
HO22736,chr7,129948807,129949878,1071
HO22737,chr7,129951268,129953188,1920
HO22738,chr7,129958449,129959602,1153
HO22739,chr7,129969542,129971091,1549
HO22740,chr7,130009867,130011264,1397
HO22741,chr7,130050698,130051729,1031
HO22742,chr7,130069816,130071320,1504
HO22743,chr7,130072123,130072476,353
HO22744,chr7,130140596,130142569,1973
HO22745,chr7,130204709,130205979,1270
HO22746,chr7,130365095,130366467,1372
HO22747,chr7,130440383,130441486,1103
HO22748,chr7,130485868,130487086,1218
HO22749,chr7,130490838,130492558,1720
HO22750,chr7,130667650,130669252,1602
HO22751,chr7,130721371,130722281,910
HO22752,chr7,130733193,130735030,1837
HO22753,chr7,130940899,130941908,1009
HO22754,chr7,131098524,131099286,762
HO22755,chr7,131105460,131108367,2907
HO22756,chr7,131109467,131110261,794
HO22757,chr7,131327071,131328726,1655
HO22758,chr7,131513177,131514041,864
HO22759,chr7,131555664,131557253,1589
HO22760,chr7,132029302,132031233,1931
HO22761,chr7,132250464,132252313,1849
HO22762,chr7,132317744,132319284,1540
HO22763,chr7,132575291,132577789,2498
HO22764,chr7,132755911,132757055,1144
HO22765,chr7,133080985,133082549,1564
HO22766,chr7,133252568,133253765,1197
HO22767,chr7,133529759,133531038,1279
HO22768,chr7,133829167,133830613,1446
HO22769,chr7,134077198,134078155,957
HO22770,chr7,134126702,134127871,1169
HO22771,chr7,134315985,134317487,1502
HO22772,chr7,134432146,134433248,1102
HO22773,chr7,134458161,134459438,1277
HO22774,chr7,134547184,134548137,953
HO22775,chr7,134645869,134647503,1634
HO22776,chr7,134719757,134721461,1704
HO22777,chr7,134778830,134780771,1941
HO22778,chr7,134891004,134892628,1624
HO22779,chr7,134985987,134987260,1273
HO22780,chr7,135169947,135171142,1195
HO22781,chr7,135193126,135194370,1244
HO22782,chr7,135210488,135212462,1974
HO22783,chr7,135260321,135261857,1536
HO22784,chr7,135320061,135320639,578
HO22785,chr7,135334799,135336188,1389
HO22786,chr7,135508868,135511136,2268
HO22787,chr7,135557295,135558814,1519
HO22788,chr7,135620199,135621582,1383
HO22789,chr7,135661679,135663172,1493
HO22790,chr7,135862596,135863532,936
HO22791,chr7,135976452,135977857,1405
HO22792,chr7,136086449,136087149,700
HO22793,chr7,136868372,136871572,3200
HO22794,chr7,137846126,137847735,1609
HO22795,chr7,138000911,138002559,1648
HO22796,chr7,138257254,138258468,1214
HO22797,chr7,138459593,138461410,1817
HO22798,chr7,138665747,138666770,1023
HO22799,chr7,138980444,138982220,1776
HO22800,chr7,139034852,139036585,1733
HO22801,chr7,139090713,139092488,1775
HO22802,chr7,139107814,139110074,2260
HO22803,chr7,139132917,139134181,1264
HO22804,chr7,139230499,139232483,1984
HO22805,chr7,139339885,139341985,2100
HO22806,chr7,139358686,139360958,2272
HO22807,chr7,139482648,139484168,1520
HO22808,chr7,139499676,139500358,682
HO22809,chr7,139523092,139524439,1347
HO22810,chr7,139526732,139527471,739
HO22811,chr7,139672764,139673721,957
HO22812,chr7,139711749,139712680,931
HO22813,chr7,139775739,139778850,3111
HO22814,chr7,140061804,140063465,1661
HO22815,chr7,140175185,140177860,2675
HO22816,chr7,140229722,140231750,2028
HO22817,chr7,140358445,140359608,1163
HO22818,chr7,140397509,140398715,1206
HO22819,chr7,140478284,140479718,1434
HO22820,chr7,140506546,140508473,1927
HO22821,chr7,140517487,140519445,1958
HO22822,chr7,140541182,140542603,1421
HO22823,chr7,140639347,140641790,2443
HO22824,chr7,140672390,140674173,1783
HO22825,chr7,140696044,140697617,1573
HO22826,chr7,140923510,140925349,1839
HO22827,chr7,141011982,141012409,427
HO22828,chr7,141014003,141015450,1447
HO22829,chr7,141072155,141074819,2664
HO22830,chr7,141550466,141551841,1375
HO22831,chr7,141649394,141650304,910
HO22832,chr7,141687341,141688990,1649
HO22833,chr7,141700825,141702609,1784
HO22834,chr7,141737698,141738755,1057
HO22835,chr7,142782879,142783646,767
HO22836,chr7,142853884,142856154,2270
HO22837,chr7,143239639,143241054,1415
HO22838,chr7,143262925,143264151,1226
HO22839,chr7,143278879,143280025,1146
HO22840,chr7,143287632,143289213,1581
HO22841,chr7,143345202,143345955,753
HO22842,chr7,143361576,143363218,1642
HO22843,chr7,143376365,143376986,621
HO22844,chr7,143379993,143382112,2119
HO22845,chr7,143385922,143386680,758
HO22846,chr7,143391329,143392568,1239
HO22847,chr7,143836144,143836796,652
HO22848,chr7,143881726,143883107,1381
HO22849,chr7,143901195,143902389,1194
HO22850,chr7,144834787,144836405,1618
HO22851,chr7,146115553,146117079,1526
HO22852,chr7,148152993,148154471,1478
HO22853,chr7,148338816,148339936,1120
HO22854,chr7,148501200,148502248,1048
HO22855,chr7,148698030,148700268,2238
HO22856,chr7,148722365,148723435,1070
HO22857,chr7,148882824,148885168,2344
HO22858,chr7,148940381,148942165,1784
HO22859,chr7,148962547,148964742,2195
HO22860,chr7,148982629,148984213,1584
HO22861,chr7,148986919,148988249,1330
HO22862,chr7,149027570,149029215,1645
HO22863,chr7,149064807,149066132,1325
HO22864,chr7,149090072,149091777,1705
HO22865,chr7,149125349,149127912,2563
HO22866,chr7,149146734,149148636,1902
HO22867,chr7,149195024,149197055,2031
HO22868,chr7,149238908,149240354,1446
HO22869,chr7,149261310,149262787,1477
HO22870,chr7,149284674,149285993,1319
HO22871,chr7,149421979,149424039,2060
HO22872,chr7,149459349,149461171,1822
HO22873,chr7,149496046,149498202,2156
HO22874,chr7,149623679,149625841,2162
HO22875,chr7,149713933,149715373,1440
HO22876,chr7,149719842,149720904,1062
HO22877,chr7,149741612,149742716,1104
HO22878,chr7,149764455,149766150,1695
HO22879,chr7,149771272,149774040,2768
HO22880,chr7,149837814,149839319,1505
HO22881,chr7,149872671,149874373,1702
HO22882,chr7,149882347,149884816,2469
HO22883,chr7,150322518,150324823,2305
HO22884,chr7,150339825,150342184,2359
HO22885,chr7,150367909,150369833,1924
HO22886,chr7,150378148,150380083,1935
HO22887,chr7,150383464,150384269,805
HO22888,chr7,150388593,150389268,675
HO22889,chr7,150404593,150406930,2337
HO22890,chr7,150784106,150785296,1190
HO22891,chr7,150787311,150788812,1501
HO22892,chr7,150791346,150792519,1173
HO22893,chr7,150799595,150801963,2368
HO22894,chr7,150831542,150832335,793
HO22895,chr7,150876688,150877813,1125
HO22896,chr7,150900862,150902427,1565
HO22897,chr7,150944966,150946764,1798
HO22898,chr7,150947030,150948074,1044
HO22899,chr7,150954422,150956481,2059
HO22900,chr7,150961788,150963453,1665
HO22901,chr7,150971054,150972494,1440
HO22902,chr7,150974465,150975317,852
HO22903,chr7,150976511,150977038,527
HO22904,chr7,150977701,150979949,2248
HO22905,chr7,150988329,150989771,1442
HO22906,chr7,151007601,151009181,1580
HO22907,chr7,151013342,151014466,1124
HO22908,chr7,151017838,151019698,1860
HO22909,chr7,151027181,151028997,1816
HO22910,chr7,151038810,151040604,1794
HO22911,chr7,151050739,151051532,793
HO22912,chr7,151057558,151058591,1033
HO22913,chr7,151059153,151061583,2430
HO22914,chr7,151062327,151063489,1162
HO22915,chr7,151080062,151081219,1157
HO22916,chr7,151082995,151083800,805
HO22917,chr7,151085625,151086708,1083
HO22918,chr7,151086895,151088070,1175
HO22919,chr7,151110678,151111410,732
HO22920,chr7,151114178,151116356,2178
HO22921,chr7,151123574,151124257,683
HO22922,chr7,151141907,151143519,1612
HO22923,chr7,151166938,151168558,1620
HO22924,chr7,151172375,151172916,541
HO22925,chr7,151226541,151227770,1229
HO22926,chr7,151231993,151233427,1434
HO22927,chr7,151245303,151245896,593
HO22928,chr7,151247950,151249939,1989
HO22929,chr7,151251295,151252591,1296
HO22930,chr7,151256402,151257094,692
HO22931,chr7,151260866,151262168,1302
HO22932,chr7,151275815,151277649,1834
HO22933,chr7,151303115,151304013,898
HO22934,chr7,151340937,151342129,1192
HO22935,chr7,151349577,151350572,995
HO22936,chr7,151367950,151368526,576
HO22937,chr7,151380840,151382524,1684
HO22938,chr7,151408748,151410962,2214
HO22939,chr7,151448097,151448970,873
HO22940,chr7,151459255,151460795,1540
HO22941,chr7,151518042,151520869,2827
HO22942,chr7,151631245,151633258,2013
HO22943,chr7,151735629,151736900,1271
HO22944,chr7,151782563,151783298,735
HO22945,chr7,151875168,151877782,2614
HO22946,chr7,152025119,152026262,1143
HO22947,chr7,152434523,152437043,2520
HO22948,chr7,152459779,152460340,561
HO22949,chr7,152463008,152465082,2074
HO22950,chr7,152521795,152523217,1422
HO22951,chr7,152540410,152541132,722
HO22952,chr7,152614662,152616498,1836
HO22953,chr7,152674799,152676496,1697
HO22954,chr7,152759163,152760561,1398
HO22955,chr7,152908602,152911221,2619
HO22956,chr7,152924826,152926277,1451
HO22957,chr7,153886068,153888539,2471
HO22958,chr7,154904869,154905814,945
HO22959,chr7,154912870,154914440,1570
HO22960,chr7,154927565,154929185,1620
HO22961,chr7,155002182,155004281,2099
HO22962,chr7,155069731,155070566,835
HO22963,chr7,155213901,155215113,1212
HO22964,chr7,155296709,155299336,2627
HO22965,chr7,155305033,155306024,991
HO22966,chr7,155344333,155345418,1085
HO22967,chr7,155456776,155458183,1407
HO22968,chr7,155532844,155534279,1435
HO22969,chr7,155643692,155645337,1645
HO22970,chr7,155710369,155711475,1106
HO22971,chr7,155744405,155746024,1619
HO22972,chr7,155802943,155804308,1365
HO22973,chr7,155804675,155805877,1202
HO22974,chr7,156080068,156081338,1270
HO22975,chr7,156639549,156641244,1695
HO22976,chr7,156841311,156843129,1818
HO22977,chr7,156891948,156893806,1858
HO22978,chr7,156908557,156909290,733
HO22979,chr7,156948678,156950788,2110
HO22980,chr7,157009520,157011273,1753
HO22981,chr7,157138232,157139833,1601
HO22982,chr7,157336133,157338081,1948
HO22983,chr7,157389846,157390977,1131
HO22984,chr7,157568200,157569554,1354
HO22985,chr7,157612678,157614168,1490
HO22986,chr7,157614525,157615881,1356
HO22987,chr7,157662730,157663855,1125
HO22988,chr7,158587265,158588629,1364
HO22989,chr7,158695634,158696538,904
HO22990,chr7,158704297,158705797,1500
HO22991,chr7,158828004,158830440,2436
HO22992,chr7,158855943,158857098,1155
HO22993,chr7,158863025,158864477,1452
HO22994,chr7,159030215,159031565,1350
HO22995,chr8,231950,233149,1199
HO22996,chr8,406135,407466,1331
HO22997,chr8,544070,546554,2484
HO22998,chr8,686653,688582,1929
HO22999,chr8,730546,731781,1235
HO23000,chr8,1700866,1702190,1324
HO23001,chr8,1762709,1765086,2377
HO23002,chr8,1788526,1789683,1157
HO23003,chr8,1813458,1814657,1199
HO23004,chr8,1816641,1817847,1206
HO23005,chr8,1823113,1824532,1419
HO23006,chr8,1828896,1830352,1456
HO23007,chr8,1842131,1843381,1250
HO23008,chr8,1972731,1975248,2517
HO23009,chr8,2000279,2002467,2188
HO23010,chr8,2126761,2127952,1191
HO23011,chr8,2727238,2728586,1348
HO23012,chr8,2733400,2734546,1146
HO23013,chr8,6289734,6290866,1132
HO23014,chr8,6405651,6407546,1895
HO23015,chr8,6707694,6709393,1699
HO23016,chr8,6800314,6801446,1132
HO23017,chr8,6834057,6835869,1812
HO23018,chr8,6840393,6841763,1370
HO23019,chr8,7091459,7092868,1409
HO23020,chr8,7354662,7355532,870
HO23021,chr8,8227317,8229268,1951
HO23022,chr8,8385289,8387102,1813
HO23023,chr8,8530255,8531541,1286
HO23024,chr8,8625139,8626347,1208
HO23025,chr8,8669394,8670892,1498
HO23026,chr8,8701233,8703227,1994
HO23027,chr8,8788461,8789468,1007
HO23028,chr8,8892027,8894054,2027
HO23029,chr8,9002273,9003441,1168
HO23030,chr8,9149821,9151832,2011
HO23031,chr8,9555279,9556897,1618
HO23032,chr8,10053880,10055625,1745
HO23033,chr8,10333679,10335261,1582
HO23034,chr8,10838883,10840282,1399
HO23035,chr8,10903639,10904378,739
HO23036,chr8,10928022,10928949,927
HO23037,chr8,10989838,10990609,771
HO23038,chr8,11014958,11016860,1902
HO23039,chr8,11059002,11060237,1235
HO23040,chr8,11199942,11202020,2078
HO23041,chr8,11283762,11285261,1499
HO23042,chr8,11346709,11348540,1831
HO23043,chr8,11392584,11393671,1087
HO23044,chr8,11413533,11414023,490
HO23045,chr8,11439535,11440615,1080
HO23046,chr8,11466072,11467954,1882
HO23047,chr8,11563687,11564969,1282
HO23048,chr8,11566853,11567612,759
HO23049,chr8,11587606,11588633,1027
HO23050,chr8,11593171,11595741,2570
HO23051,chr8,11597001,11598034,1033
HO23052,chr8,11616912,11618168,1256
HO23053,chr8,11624891,11626114,1223
HO23054,chr8,11630919,11633362,2443
HO23055,chr8,11641620,11643138,1518
HO23056,chr8,11676385,11677633,1248
HO23057,chr8,11680140,11680840,700
HO23058,chr8,11685493,11686210,717
HO23059,chr8,11691962,11693321,1359
HO23060,chr8,11697122,11698156,1034
HO23061,chr8,11701259,11702704,1445
HO23062,chr8,11702881,11704324,1443
HO23063,chr8,11707630,11708110,480
HO23064,chr8,11736003,11736763,760
HO23065,chr8,11746179,11746930,751
HO23066,chr8,11769134,11770883,1749
HO23067,chr8,11789150,11790330,1180
HO23068,chr8,11801895,11803428,1533
HO23069,chr8,11807861,11809206,1345
HO23070,chr8,11810309,11811015,706
HO23071,chr8,11866829,11868877,2048
HO23072,chr8,11901488,11902893,1405
HO23073,chr8,11941712,11943334,1622
HO23074,chr8,11943487,11943965,478
HO23075,chr8,11955017,11956259,1242
HO23076,chr8,11985957,11987338,1381
HO23077,chr8,12014300,12015439,1139
HO23078,chr8,12194016,12195105,1089
HO23079,chr8,12600897,12601578,681
HO23080,chr8,12658628,12659683,1055
HO23081,chr8,12664834,12665815,981
HO23082,chr8,12753693,12756165,2472
HO23083,chr8,12951088,12952556,1468
HO23084,chr8,13132201,13133842,1641
HO23085,chr8,13275353,13276980,1627
HO23086,chr8,13471128,13472830,1702
HO23087,chr8,13565976,13567143,1167
HO23088,chr8,15539687,15540904,1217
HO23089,chr8,17000949,17002839,1890
HO23090,chr8,17026510,17028133,1623
HO23091,chr8,17155579,17157391,1812
HO23092,chr8,17158675,17160129,1454
HO23093,chr8,17246002,17247757,1755
HO23094,chr8,17412708,17413956,1248
HO23095,chr8,17496098,17498943,2845
HO23096,chr8,17575803,17577818,2015
HO23097,chr8,17674453,17675650,1197
HO23098,chr8,17675831,17676619,788
HO23099,chr8,17799894,17801886,1992
HO23100,chr8,17849720,17851654,1934
HO23101,chr8,17922276,17924231,1955
HO23102,chr8,18083074,18085115,2041
HO23103,chr8,18853550,18855149,1599
HO23104,chr8,19013140,19014682,1542
HO23105,chr8,19093476,19094851,1375
HO23106,chr8,19267347,19268039,692
HO23107,chr8,19312509,19314653,2144
HO23108,chr8,19510379,19511542,1163
HO23109,chr8,19647512,19648556,1044
HO23110,chr8,19756320,19758048,1728
HO23111,chr8,19816583,19818403,1820
HO23112,chr8,19939008,19940759,1751
HO23113,chr8,20196617,20198130,1513
HO23114,chr8,20238497,20239443,946
HO23115,chr8,20253232,20254712,1480
HO23116,chr8,20267866,20269287,1421
HO23117,chr8,20287743,20288594,851
HO23118,chr8,20302356,20304246,1890
HO23119,chr8,20589235,20590689,1454
HO23120,chr8,21040881,21041621,740
HO23121,chr8,21716180,21717088,908
HO23122,chr8,21787319,21790655,3336
HO23123,chr8,21918789,21920890,2101
HO23124,chr8,21952288,21953441,1153
HO23125,chr8,22009647,22011016,1369
HO23126,chr8,22023682,22025555,1873
HO23127,chr8,22036461,22037432,971
HO23128,chr8,22043797,22045511,1714
HO23129,chr8,22053277,22054559,1282
HO23130,chr8,22066045,22067270,1225
HO23131,chr8,22088653,22090511,1858
HO23132,chr8,22095023,22096053,1030
HO23133,chr8,22108675,22110380,1705
HO23134,chr8,22116149,22117314,1165
HO23135,chr8,22129710,22132164,2454
HO23136,chr8,22133002,22133624,622
HO23137,chr8,22137187,22137701,514
HO23138,chr8,22140991,22142746,1755
HO23139,chr8,22156110,22157340,1230
HO23140,chr8,22164167,22166087,1920
HO23141,chr8,22178625,22179579,954
HO23142,chr8,22187952,22189178,1226
HO23143,chr8,22244330,22245665,1335
HO23144,chr8,22366737,22368096,1359
HO23145,chr8,22370681,22371082,401
HO23146,chr8,22383131,22384406,1275
HO23147,chr8,22388224,22389519,1295
HO23148,chr8,22392193,22393380,1187
HO23149,chr8,22397360,22400406,3046
HO23150,chr8,22440206,22441792,1586
HO23151,chr8,22544973,22545789,816
HO23152,chr8,22550733,22553120,2387
HO23153,chr8,22553625,22555294,1669
HO23154,chr8,22561029,22562609,1580
HO23155,chr8,22574120,22574760,640
HO23156,chr8,22578186,22580622,2436
HO23157,chr8,22588708,22589695,987
HO23158,chr8,22595050,22595515,465
HO23159,chr8,22596955,22597828,873
HO23160,chr8,22598123,22600228,2105
HO23161,chr8,22604255,22605383,1128
HO23162,chr8,22622437,22623330,893
HO23163,chr8,22640451,22642642,2191
HO23164,chr8,22668368,22669390,1022
HO23165,chr8,22685116,22686273,1157
HO23166,chr8,22691422,22691983,561
HO23167,chr8,22693063,22693761,698
HO23168,chr8,22694218,22695994,1776
HO23169,chr8,22755904,22756615,711
HO23170,chr8,22756897,22758036,1139
HO23171,chr8,22864499,22866112,1613
HO23172,chr8,22877255,22878711,1456
HO23173,chr8,22885376,22887138,1762
HO23174,chr8,22908662,22909337,675
HO23175,chr8,22918091,22918768,677
HO23176,chr8,22950151,22950964,813
HO23177,chr8,22973516,22974871,1355
HO23178,chr8,22984969,22986203,1234
HO23179,chr8,22986760,22987570,810
HO23180,chr8,22998975,23000391,1416
HO23181,chr8,23018023,23020165,2142
HO23182,chr8,23067547,23069475,1928
HO23183,chr8,23162701,23164253,1552
HO23184,chr8,23223635,23225476,1841
HO23185,chr8,23246112,23247510,1398
HO23186,chr8,23287531,23288813,1282
HO23187,chr8,23335574,23336874,1300
HO23188,chr8,23402878,23404524,1646
HO23189,chr8,23456883,23458176,1293
HO23190,chr8,23527660,23530136,2476
HO23191,chr8,23540463,23542033,1570
HO23192,chr8,23624354,23625696,1342
HO23193,chr8,23661809,23662585,776
HO23194,chr8,23681195,23683401,2206
HO23195,chr8,23978812,23980652,1840
HO23196,chr8,24913309,24915298,1989
HO23197,chr8,24954805,24956924,2119
HO23198,chr8,24999869,25001674,1805
HO23199,chr8,25183421,25185869,2448
HO23200,chr8,25229805,25230518,713
HO23201,chr8,25282565,25284128,1563
HO23202,chr8,25369103,25370688,1585
HO23203,chr8,25392408,25393519,1111
HO23204,chr8,25457204,25459463,2259
HO23205,chr8,26045043,26046361,1318
HO23206,chr8,26104597,26105753,1156
HO23207,chr8,26133565,26134463,898
HO23208,chr8,26203808,26204986,1178
HO23209,chr8,26271249,26272382,1133
HO23210,chr8,26290970,26292868,1898
HO23211,chr8,26382571,26384273,1702
HO23212,chr8,26404937,26405823,886
HO23213,chr8,26448126,26450370,2244
HO23214,chr8,26513414,26515368,1954
HO23215,chr8,26576788,26579740,2952
HO23216,chr8,26587131,26588271,1140
HO23217,chr8,26640549,26642381,1832
HO23218,chr8,26661242,26662148,906
HO23219,chr8,26865969,26867478,1509
HO23220,chr8,27274158,27275016,858
HO23221,chr8,27307035,27307699,664
HO23222,chr8,27310349,27311802,1453
HO23223,chr8,27325129,27327553,2424
HO23224,chr8,27335858,27336877,1019
HO23225,chr8,27340315,27341096,781
HO23226,chr8,27489725,27491695,1970
HO23227,chr8,27592058,27592781,723
HO23228,chr8,27613953,27615093,1140
HO23229,chr8,27633188,27634497,1309
HO23230,chr8,27701744,27703413,1669
HO23231,chr8,27727035,27727616,581
HO23232,chr8,27771896,27772975,1079
HO23233,chr8,27774027,27775160,1133
HO23234,chr8,27836583,27838238,1655
HO23235,chr8,27992106,27993115,1009
HO23236,chr8,28014282,28017059,2777
HO23237,chr8,28092346,28093546,1200
HO23238,chr8,28189782,28190663,881
HO23239,chr8,28384945,28387078,2133
HO23240,chr8,28400725,28402871,2146
HO23241,chr8,28411350,28412513,1163
HO23242,chr8,28419324,28419923,599
HO23243,chr8,28489998,28490916,918
HO23244,chr8,28493535,28495440,1905
HO23245,chr8,28621996,28623590,1594
HO23246,chr8,28657081,28658343,1262
HO23247,chr8,28700200,28702467,2267
HO23248,chr8,28889211,28891649,2438
HO23249,chr8,29216496,29217779,1283
HO23250,chr8,29261871,29263645,1774
HO23251,chr8,29314364,29315950,1586
HO23252,chr8,29348122,29349485,1363
HO23253,chr8,29349711,29351314,1603
HO23254,chr8,29372495,29373886,1391
HO23255,chr8,29736701,29738184,1483
HO23256,chr8,30081900,30083510,1610
HO23257,chr8,30094506,30096159,1653
HO23258,chr8,30155586,30157072,1486
HO23259,chr8,30157294,30158158,864
HO23260,chr8,30383602,30385807,2205
HO23261,chr8,30555433,30556338,905
HO23262,chr8,30656934,30658694,1760
HO23263,chr8,30726944,30728339,1395
HO23264,chr8,30731166,30731789,623
HO23265,chr8,30743324,30744730,1406
HO23266,chr8,30811361,30813083,1722
HO23267,chr8,30911345,30912662,1317
HO23268,chr8,30925059,30926018,959
HO23269,chr8,31032212,31034267,2055
HO23270,chr8,31210346,31211852,1506
HO23271,chr8,31638725,31641259,2534
HO23272,chr8,32547545,32549365,1820
HO23273,chr8,32982181,32983523,1342
HO23274,chr8,33471442,33473550,2108
HO23275,chr8,33484304,33485678,1374
HO23276,chr8,33512084,33514907,2823
HO23277,chr8,33564843,33567475,2632
HO23278,chr8,33580710,33581925,1215
HO23279,chr8,33598740,33600182,1442
HO23280,chr8,35234974,35236677,1703
HO23281,chr8,35906164,35907203,1039
HO23282,chr8,37330469,37332138,1669
HO23283,chr8,37383691,37384951,1260
HO23284,chr8,37545135,37547549,2414
HO23285,chr8,37694380,37697314,2934
HO23286,chr8,37735786,37737929,2143
HO23287,chr8,37762041,37763882,1841
HO23288,chr8,37796251,37797577,1326
HO23289,chr8,37841080,37842594,1514
HO23290,chr8,37849339,37850332,993
HO23291,chr8,37890090,37892266,2176
HO23292,chr8,37898668,37899992,1324
HO23293,chr8,37915290,37916556,1266
HO23294,chr8,37964896,37966793,1897
HO23295,chr8,38029730,38031904,2174
HO23296,chr8,38075930,38076773,843
HO23297,chr8,38078635,38079257,622
HO23298,chr8,38080978,38082574,1596
HO23299,chr8,38086906,38087781,875
HO23300,chr8,38091019,38092806,1787
HO23301,chr8,38104600,38106338,1738
HO23302,chr8,38150561,38151269,708
HO23303,chr8,38175748,38177951,2203
HO23304,chr8,38230749,38232498,1749
HO23305,chr8,38268074,38269723,1649
HO23306,chr8,38380801,38383268,2467
HO23307,chr8,38385020,38385368,348
HO23308,chr8,38385914,38387145,1231
HO23309,chr8,38466062,38468874,2812
HO23310,chr8,38471725,38472772,1047
HO23311,chr8,38527606,38529101,1495
HO23312,chr8,38681983,38683987,2004
HO23313,chr8,38756593,38758024,1431
HO23314,chr8,38769390,38770696,1306
HO23315,chr8,38784843,38785523,680
HO23316,chr8,38786588,38788394,1806
HO23317,chr8,38869895,38871603,1708
HO23318,chr8,38900241,38902476,2235
HO23319,chr8,38936213,38937973,1760
HO23320,chr8,38957276,38958090,814
HO23321,chr8,38995835,38997685,1850
HO23322,chr8,39534696,39536487,1791
HO23323,chr8,39581229,39582352,1123
HO23324,chr8,40201495,40202103,608
HO23325,chr8,40897095,40898305,1210
HO23326,chr8,41100203,41101491,1288
HO23327,chr8,41249321,41250196,875
HO23328,chr8,41307813,41309807,1994
HO23329,chr8,41360440,41361858,1418
HO23330,chr8,41489770,41491390,1620
HO23331,chr8,41528454,41529960,1506
HO23332,chr8,41542477,41543754,1277
HO23333,chr8,41577440,41578862,1422
HO23334,chr8,41701329,41702227,898
HO23335,chr8,41766616,41768145,1529
HO23336,chr8,41797027,41798709,1682
HO23337,chr8,41827764,41829146,1382
HO23338,chr8,41895696,41897707,2011
HO23339,chr8,42004879,42006047,1168
HO23340,chr8,42050702,42052855,2153
HO23341,chr8,42139528,42140999,1471
HO23342,chr8,42152045,42153668,1623
HO23343,chr8,42171308,42172198,890
HO23344,chr8,42194774,42195748,974
HO23345,chr8,42206990,42208699,1709
HO23346,chr8,42209268,42210145,877
HO23347,chr8,42270567,42271977,1410
HO23348,chr8,42337742,42339141,1399
HO23349,chr8,42390986,42392526,1540
HO23350,chr8,42498318,42499484,1166
HO23351,chr8,42531796,42533032,1236
HO23352,chr8,42540658,42542380,1722
HO23353,chr8,42692191,42693331,1140
HO23354,chr8,42719844,42721321,1477
HO23355,chr8,42722169,42722701,532
HO23356,chr8,42789293,42790761,1468
HO23357,chr8,42804593,42805768,1175
HO23358,chr8,42842319,42843669,1350
HO23359,chr8,42895786,42898038,2252
HO23360,chr8,43055428,43057243,1815
HO23361,chr8,43092314,43094226,1912
HO23362,chr8,43139105,43141958,2853
HO23363,chr8,43476840,43478208,1368
HO23364,chr8,43523116,43524383,1267
HO23365,chr8,46123394,46124578,1184
HO23366,chr8,47188366,47189489,1123
HO23367,chr8,47260072,47261470,1398
HO23368,chr8,47511947,47513945,1998
HO23369,chr8,47658964,47660621,1657
HO23370,chr8,47736496,47739160,2664
HO23371,chr8,47959566,47961684,2118
HO23372,chr8,48007876,48009247,1371
HO23373,chr8,48318176,48319376,1200
HO23374,chr8,48379548,48381293,1745
HO23375,chr8,48466430,48467975,1545
HO23376,chr8,48513872,48515463,1591
HO23377,chr8,48554571,48557351,2780
HO23378,chr8,48581080,48583702,2622
HO23379,chr8,48734616,48735981,1365
HO23380,chr8,48921092,48922143,1051
HO23381,chr8,49909408,49911033,1625
HO23382,chr8,49911286,49911897,611
HO23383,chr8,49983432,49984200,768
HO23384,chr8,51897508,51900152,2644
HO23385,chr8,51972887,51974285,1398
HO23386,chr8,52007919,52008822,903
HO23387,chr8,52564099,52566115,2016
HO23388,chr8,52713083,52715059,1976
HO23389,chr8,52939659,52941940,2281
HO23390,chr8,53482835,53485028,2193
HO23391,chr8,53656941,53658756,1815
HO23392,chr8,53692251,53693457,1206
HO23393,chr8,53842363,53843624,1261
HO23394,chr8,53879539,53882424,2885
HO23395,chr8,54021206,54022897,1691
HO23396,chr8,54100903,54102392,1489
HO23397,chr8,54134524,54135745,1221
HO23398,chr8,55101002,55103217,2215
HO23399,chr8,55772024,55773924,1900
HO23400,chr8,55878792,55880866,2074
HO23401,chr8,56073461,56074983,1522
HO23402,chr8,56210080,56212579,2499
HO23403,chr8,56992594,56994602,2008
HO23404,chr8,57029567,57031237,1670
HO23405,chr8,57701786,57703407,1621
HO23406,chr8,57874805,57876055,1250
HO23407,chr8,57993862,57995666,1804
HO23408,chr8,58145191,58146563,1372
HO23409,chr8,58410782,58411920,1138
HO23410,chr8,58552484,58554149,1665
HO23411,chr8,58658309,58660222,1913
HO23412,chr8,59020655,59021472,817
HO23413,chr8,59117285,59120146,2861
HO23414,chr8,59160860,59162722,1862
HO23415,chr8,60280481,60281820,1339
HO23416,chr8,60393240,60394095,855
HO23417,chr8,60516323,60517675,1352
HO23418,chr8,60518467,60519499,1032
HO23419,chr8,60651165,60652775,1610
HO23420,chr8,60653040,60654057,1017
HO23421,chr8,60678049,60680821,2772
HO23422,chr8,60713629,60715020,1391
HO23423,chr8,60908723,60910542,1819
HO23424,chr8,60921771,60923664,1893
HO23425,chr8,61023138,61024186,1048
HO23426,chr8,61138639,61140127,1488
HO23427,chr8,61713441,61715036,1595
HO23428,chr8,62139152,62140156,1004
HO23429,chr8,62247454,62250033,2579
HO23430,chr8,63038353,63039660,1307
HO23431,chr8,63085111,63086632,1521
HO23432,chr8,63167765,63169268,1503
HO23433,chr8,63966263,63967045,782
HO23434,chr8,64046775,64047952,1177
HO23435,chr8,64580282,64581932,1650
HO23436,chr8,64798062,64799271,1209
HO23437,chr8,65633454,65634573,1119
HO23438,chr8,65643554,65645436,1882
HO23439,chr8,65840638,65842797,2159
HO23440,chr8,66112585,66114882,2297
HO23441,chr8,66151616,66152730,1114
HO23442,chr8,66176658,66177809,1151
HO23443,chr8,66428167,66429938,1771
HO23444,chr8,66432122,66432810,688
HO23445,chr8,66438566,66439768,1202
HO23446,chr8,66506851,66508062,1211
HO23447,chr8,66612309,66614388,2079
HO23448,chr8,66666108,66667861,1753
HO23449,chr8,66712081,66713617,1536
HO23450,chr8,66774269,66775709,1440
HO23451,chr8,66870156,66871397,1241
HO23452,chr8,66924438,66925881,1443
HO23453,chr8,66961125,66963361,2236
HO23454,chr8,67027904,67029026,1122
HO23455,chr8,67061537,67062750,1213
HO23456,chr8,67063921,67065217,1296
HO23457,chr8,67339175,67339806,631
HO23458,chr8,67342196,67344536,2340
HO23459,chr8,67951493,67953490,1997
HO23460,chr8,69832196,69835218,3022
HO23461,chr8,69942159,69942959,800
HO23462,chr8,69994192,69995058,866
HO23463,chr8,70220169,70221764,1595
HO23464,chr8,70311128,70312037,909
HO23465,chr8,70401652,70404664,3012
HO23466,chr8,70531355,70532100,745
HO23467,chr8,70533826,70535032,1206
HO23468,chr8,70607049,70608711,1662
HO23469,chr8,70668226,70669641,1415
HO23470,chr8,71361388,71362431,1043
HO23471,chr8,71842723,71844735,2012
HO23472,chr8,72004509,72005604,1095
HO23473,chr8,72536140,72538354,2214
HO23474,chr8,73008197,73009395,1198
HO23475,chr8,73173964,73174973,1009
HO23476,chr8,73293166,73296075,2909
HO23477,chr8,73602880,73603853,973
HO23478,chr8,73745440,73747623,2183
HO23479,chr8,73877211,73879822,2611
HO23480,chr8,73971071,73972975,1904
HO23481,chr8,73975840,73976699,859
HO23482,chr8,74320301,74322051,1750
HO23483,chr8,74349885,74350972,1087
HO23484,chr8,74492077,74493254,1177
HO23485,chr8,74984029,74985430,1401
HO23486,chr8,75406643,75408245,1602
HO23487,chr8,76672417,76673525,1108
HO23488,chr8,76677753,76678328,575
HO23489,chr8,76680495,76681467,972
HO23490,chr8,76681675,76682863,1188
HO23491,chr8,76799539,76801054,1515
HO23492,chr8,76999604,77001110,1506
HO23493,chr8,77146925,77147779,854
HO23494,chr8,78515469,78517004,1535
HO23495,chr8,78665221,78666841,1620
HO23496,chr8,78804115,78805601,1486
HO23497,chr8,79765164,79765675,511
HO23498,chr8,79767313,79769030,1717
HO23499,chr8,79783285,79784463,1178
HO23500,chr8,79890629,79892084,1455
HO23501,chr8,80029516,80030593,1077
HO23502,chr8,80170551,80171832,1281
HO23503,chr8,80240197,80241072,875
HO23504,chr8,80366666,80367887,1221
HO23505,chr8,80485272,80487764,2492
HO23506,chr8,80565012,80566525,1513
HO23507,chr8,80577632,80579557,1925
HO23508,chr8,80686989,80687594,605
HO23509,chr8,80697177,80699010,1833
HO23510,chr8,80726426,80727968,1542
HO23511,chr8,80752827,80754331,1504
HO23512,chr8,80819868,80821710,1842
HO23513,chr8,80872488,80874896,2408
HO23514,chr8,80893384,80894316,932
HO23515,chr8,81027970,81030164,2194
HO23516,chr8,81110457,81112476,2019
HO23517,chr8,81279947,81281964,2017
HO23518,chr8,81290559,81291791,1232
HO23519,chr8,81630336,81631305,969
HO23520,chr8,81685674,81686535,861
HO23521,chr8,81720317,81721651,1334
HO23522,chr8,81731622,81733042,1420
HO23523,chr8,81841352,81842966,1614
HO23524,chr8,84182044,84183574,1530
HO23525,chr8,84184302,84185075,773
HO23526,chr8,84625903,84626514,611
HO23527,chr8,85106526,85107782,1256
HO23528,chr8,85176548,85178409,1861
HO23529,chr8,85219858,85220979,1121
HO23530,chr8,85244957,85246279,1322
HO23531,chr8,85462953,85464730,1777
HO23532,chr8,86341739,86343574,1835
HO23533,chr8,86391112,86392203,1091
HO23534,chr8,86507627,86509011,1384
HO23535,chr8,86513892,86515212,1320
HO23536,chr8,87044216,87045219,1003
HO23537,chr8,88326679,88329009,2330
HO23538,chr8,89756808,89758594,1786
HO23539,chr8,89901692,89903221,1529
HO23540,chr8,89983149,89984814,1665
HO23541,chr8,90000594,90002510,1916
HO23542,chr8,90009673,90010460,787
HO23543,chr8,90082021,90083129,1108
HO23544,chr8,90567823,90569588,1765
HO23545,chr8,90573516,90574368,852
HO23546,chr8,90644706,90646687,1981
HO23547,chr8,90791119,90792289,1170
HO23548,chr8,90984584,90985782,1198
HO23549,chr8,91040017,91041254,1237
HO23550,chr8,91052653,91053581,928
HO23551,chr8,91069210,91070778,1568
HO23552,chr8,91118226,91119145,919
HO23553,chr8,92061266,92063731,2465
HO23554,chr8,92094799,92096385,1586
HO23555,chr8,92100896,92103910,3014
HO23556,chr8,92605363,92606913,1550
HO23557,chr8,92964649,92966342,1693
HO23558,chr8,93603974,93604888,914
HO23559,chr8,93699651,93701432,1781
HO23560,chr8,93739937,93741348,1411
HO23561,chr8,93753954,93755580,1626
HO23562,chr8,93897681,93899142,1461
HO23563,chr8,93901005,93902221,1216
HO23564,chr8,93915943,93917989,2046
HO23565,chr8,93990902,93992135,1233
HO23566,chr8,94079507,94081464,1957
HO23567,chr8,94119469,94120693,1224
HO23568,chr8,94233891,94235116,1225
HO23569,chr8,94261587,94263100,1513
HO23570,chr8,94436170,94437575,1405
HO23571,chr8,94474498,94475628,1130
HO23572,chr8,94552920,94554547,1627
HO23573,chr8,94639875,94641339,1464
HO23574,chr8,94719197,94720597,1400
HO23575,chr8,94759696,94761056,1360
HO23576,chr8,94822406,94824003,1597
HO23577,chr8,94894359,94896844,2485
HO23578,chr8,94948208,94950250,2042
HO23579,chr8,94986687,94988453,1766
HO23580,chr8,95024362,95025459,1097
HO23581,chr8,95133000,95134928,1928
HO23582,chr8,95268274,95270472,2198
HO23583,chr8,95430197,95431964,1767
HO23584,chr8,96144387,96145869,1482
HO23585,chr8,96160045,96161975,1930
HO23586,chr8,96234342,96236128,1786
HO23587,chr8,96260766,96263053,2287
HO23588,chr8,96493072,96495502,2430
HO23589,chr8,96644353,96646188,1835
HO23590,chr8,97277043,97278213,1170
HO23591,chr8,97374988,97376293,1305
HO23592,chr8,97643221,97645571,2350
HO23593,chr8,97774855,97776767,1912
HO23594,chr8,97777446,97778787,1341
HO23595,chr8,97868457,97869779,1322
HO23596,chr8,97879272,97881721,2449
HO23597,chr8,98044831,98046453,1622
HO23598,chr8,98063950,98065336,1386
HO23599,chr8,98116275,98117989,1714
HO23600,chr8,98293079,98294584,1505
HO23601,chr8,98426316,98428071,1755
HO23602,chr8,98825015,98826405,1390
HO23603,chr8,98939777,98942281,2504
HO23604,chr8,99012401,99013959,1558
HO23605,chr8,99892500,99894050,1550
HO23606,chr8,100104920,100106533,1613
HO23607,chr8,100145138,100146061,923
HO23608,chr8,100149904,100151137,1233
HO23609,chr8,100157609,100158689,1080
HO23610,chr8,100212655,100213788,1133
HO23611,chr8,100308794,100311333,2539
HO23612,chr8,100369257,100370756,1499
HO23613,chr8,100414713,100417247,2534
HO23614,chr8,100502051,100503078,1027
HO23615,chr8,100509139,100511108,1969
HO23616,chr8,100558681,100559985,1304
HO23617,chr8,100720603,100723012,2409
HO23618,chr8,100846934,100847919,985
HO23619,chr8,100907806,100909042,1236
HO23620,chr8,100950219,100953474,3255
HO23621,chr8,101051028,101052316,1288
HO23622,chr8,101079762,101081171,1409
HO23623,chr8,101126022,101127865,1843
HO23624,chr8,101204451,101206829,2378
HO23625,chr8,101491998,101494355,2357
HO23626,chr8,101758614,101759744,1130
HO23627,chr8,102122447,102124655,2208
HO23628,chr8,102238158,102239906,1748
HO23629,chr8,102410574,102413125,2551
HO23630,chr8,102576151,102577445,1294
HO23631,chr8,102584960,102586152,1192
HO23632,chr8,102600432,102601861,1429
HO23633,chr8,102653606,102656597,2991
HO23634,chr8,102692570,102694120,1550
HO23635,chr8,102787419,102789575,2156
HO23636,chr8,102790669,102791506,837
HO23637,chr8,102793940,102795880,1940
HO23638,chr8,102805946,102808743,2797
HO23639,chr8,102810281,102811093,812
HO23640,chr8,102814426,102814979,553
HO23641,chr8,102862606,102864852,2246
HO23642,chr8,102894121,102895037,916
HO23643,chr8,103020368,103021709,1341
HO23644,chr8,103298272,103299687,1415
HO23645,chr8,103414282,103415888,1606
HO23646,chr8,103498563,103502002,3439
HO23647,chr8,104222987,104224194,1207
HO23648,chr8,104587972,104589916,1944
HO23649,chr8,105317692,105320316,2624
HO23650,chr8,105534502,105537052,2550
HO23651,chr8,106208413,106209853,1440
HO23652,chr8,106269277,106271846,2569
HO23653,chr8,106657082,106658814,1732
HO23654,chr8,106725575,106726278,703
HO23655,chr8,108081959,108083857,1898
HO23656,chr8,108247946,108249186,1240
HO23657,chr8,108442586,108444203,1617
HO23658,chr8,108710027,108711130,1103
HO23659,chr8,108786582,108787829,1247
HO23660,chr8,108918219,108919303,1084
HO23661,chr8,109333217,109334799,1582
HO23662,chr8,109538997,109540689,1692
HO23663,chr8,109644046,109645624,1578
HO23664,chr8,109690927,109692171,1244
HO23665,chr8,109973772,109975962,2190
HO23666,chr8,110060185,110061303,1118
HO23667,chr8,113437533,113438581,1048
HO23668,chr8,115418997,115420490,1493
HO23669,chr8,115647926,115648668,742
HO23670,chr8,115667242,115669657,2415
HO23671,chr8,116755157,116756185,1028
HO23672,chr8,116765757,116767082,1325
HO23673,chr8,116873366,116875135,1769
HO23674,chr8,116923965,116925419,1454
HO23675,chr8,116937594,116938938,1344
HO23676,chr8,117520020,117521287,1267
HO23677,chr8,118108653,118109278,625
HO23678,chr8,118110688,118112357,1669
HO23679,chr8,118545796,118547022,1226
HO23680,chr8,118620608,118622597,1989
HO23681,chr8,118951297,118952714,1417
HO23682,chr8,119207722,119209123,1401
HO23683,chr8,119415838,119417126,1288
HO23684,chr8,119638381,119640132,1751
HO23685,chr8,119832266,119833290,1024
HO23686,chr8,119855178,119856572,1394
HO23687,chr8,119873213,119874949,1736
HO23688,chr8,120123320,120125693,2373
HO23689,chr8,120444195,120445671,1476
HO23690,chr8,120808588,120812523,3935
HO23691,chr8,120906267,120907756,1489
HO23692,chr8,121454278,121455618,1340
HO23693,chr8,121638990,121640530,1540
HO23694,chr8,122571479,122572625,1146
HO23695,chr8,122672649,122673825,1176
HO23696,chr8,122685894,122687342,1448
HO23697,chr8,122780016,122783346,3330
HO23698,chr8,122788427,122789972,1545
HO23699,chr8,123018938,123019882,944
HO23700,chr8,123021504,123022705,1201
HO23701,chr8,123041354,123042667,1313
HO23702,chr8,123072117,123073466,1349
HO23703,chr8,123156571,123158172,1601
HO23704,chr8,123160417,123161467,1050
HO23705,chr8,123240224,123241674,1450
HO23706,chr8,123273050,123275517,2467
HO23707,chr8,123395010,123396918,1908
HO23708,chr8,123412612,123413651,1039
HO23709,chr8,123415991,123417298,1307
HO23710,chr8,123539928,123541990,2062
HO23711,chr8,123643592,123644919,1327
HO23712,chr8,123693254,123694112,858
HO23713,chr8,123712288,123713221,933
HO23714,chr8,123767713,123769043,1330
HO23715,chr8,124371278,124373524,2246
HO23716,chr8,124425151,124426757,1606
HO23717,chr8,124440080,124440902,822
HO23718,chr8,124449792,124451780,1988
HO23719,chr8,124473674,124475621,1947
HO23720,chr8,124531693,124532452,759
HO23721,chr8,124538083,124539575,1492
HO23722,chr8,124649080,124650158,1078
HO23723,chr8,124726132,124729020,2888
HO23724,chr8,124842111,124843505,1394
HO23725,chr8,124861683,124863049,1366
HO23726,chr8,124972800,124973905,1105
HO23727,chr8,124997487,124999616,2129
HO23728,chr8,125090826,125092203,1377
HO23729,chr8,125333823,125335100,1277
HO23730,chr8,125388036,125389336,1300
HO23731,chr8,125429091,125432465,3374
HO23732,chr8,125556164,125558071,1907
HO23733,chr8,126375049,126375857,808
HO23734,chr8,126555631,126558766,3135
HO23735,chr8,126588062,126589219,1157
HO23736,chr8,126876388,126877243,855
HO23737,chr8,127733947,127734331,384
HO23738,chr8,127734834,127736556,1722
HO23739,chr8,127736789,127738831,2042
HO23740,chr8,127753547,127754865,1318
HO23741,chr8,127793644,127795788,2144
HO23742,chr8,127853819,127854936,1117
HO23743,chr8,127866259,127868058,1799
HO23744,chr8,127917198,127918461,1263
HO23745,chr8,128013921,128014973,1052
HO23746,chr8,129938803,129940589,1786
HO23747,chr8,129983499,129984631,1132
HO23748,chr8,130014698,130017213,2515
HO23749,chr8,130357172,130359143,1971
HO23750,chr8,130410167,130410990,823
HO23751,chr8,130442491,130444186,1695
HO23752,chr8,130649196,130650140,944
HO23753,chr8,131041048,131042551,1503
HO23754,chr8,131903478,131905233,1755
HO23755,chr8,132167166,132168200,1034
HO23756,chr8,132479798,132481551,1753
HO23757,chr8,132674834,132676094,1260
HO23758,chr8,132774680,132776015,1335
HO23759,chr8,132916185,132916800,615
HO23760,chr8,133248990,133250280,1290
HO23761,chr8,133295809,133298067,2258
HO23762,chr8,133374994,133375960,966
HO23763,chr8,133539713,133540687,974
HO23764,chr8,133569556,133572854,3298
HO23765,chr8,134456423,134457992,1569
HO23766,chr8,134690944,134691624,680
HO23767,chr8,134711738,134713680,1942
HO23768,chr8,134830959,134832973,2014
HO23769,chr8,135235100,135236283,1183
HO23770,chr8,135456405,135458901,2496
HO23771,chr8,135599330,135600937,1607
HO23772,chr8,138193579,138194866,1287
HO23773,chr8,138340301,138341441,1140
HO23774,chr8,138496546,138497752,1206
HO23775,chr8,138672380,138673371,991
HO23776,chr8,138767464,138768144,680
HO23777,chr8,139386402,139387325,923
HO23778,chr8,139705597,139706182,585
HO23779,chr8,139862215,139864719,2504
HO23780,chr8,139924541,139925419,878
HO23781,chr8,140098024,140099889,1865
HO23782,chr8,140100222,140100976,754
HO23783,chr8,140106034,140107010,976
HO23784,chr8,140208984,140210933,1949
HO23785,chr8,140348467,140349881,1414
HO23786,chr8,140456628,140458612,1984
HO23787,chr8,140463875,140465260,1385
HO23788,chr8,140471540,140472204,664
HO23789,chr8,140507050,140508412,1362
HO23790,chr8,140510454,140512464,2010
HO23791,chr8,140539775,140540862,1087
HO23792,chr8,140579021,140579912,891
HO23793,chr8,140596709,140599118,2409
HO23794,chr8,140608026,140609655,1629
HO23795,chr8,140618602,140619951,1349
HO23796,chr8,140633930,140634791,861
HO23797,chr8,140634827,140636409,1582
HO23798,chr8,140637274,140637690,416
HO23799,chr8,140704181,140705182,1001
HO23800,chr8,140717609,140718830,1221
HO23801,chr8,140921526,140922579,1053
HO23802,chr8,140999718,141002442,2724
HO23803,chr8,141072823,141074601,1778
HO23804,chr8,141083991,141084915,924
HO23805,chr8,141127284,141130140,2856
HO23806,chr8,141178441,141179564,1123
HO23807,chr8,141241094,141243093,1999
HO23808,chr8,141263862,141266942,3080
HO23809,chr8,141276343,141277152,809
HO23810,chr8,141278149,141280789,2640
HO23811,chr8,141289864,141290971,1107
HO23812,chr8,141305472,141306412,940
HO23813,chr8,141306668,141307545,877
HO23814,chr8,141307788,141308970,1182
HO23815,chr8,141346439,141347279,840
HO23816,chr8,141386515,141387117,602
HO23817,chr8,141391347,141392913,1566
HO23818,chr8,141417287,141418210,923
HO23819,chr8,141450813,141452235,1422
HO23820,chr8,142209966,142210914,948
HO23821,chr8,142401975,142404290,2315
HO23822,chr8,142451924,142453308,1384
HO23823,chr8,142509693,142511564,1871
HO23824,chr8,142614059,142615811,1752
HO23825,chr8,142668881,142670396,1515
HO23826,chr8,142726194,142727872,1678
HO23827,chr8,142738481,142739903,1422
HO23828,chr8,142776742,142778038,1296
HO23829,chr8,142815774,142816995,1221
HO23830,chr8,143017889,143019388,1499
HO23831,chr8,143038364,143040082,1718
HO23832,chr8,143218279,143218969,690
HO23833,chr8,143245734,143247743,2009
HO23834,chr8,143266344,143268061,1717
HO23835,chr8,143275785,143276930,1145
HO23836,chr8,143281262,143281946,684
HO23837,chr8,143290432,143291736,1304
HO23838,chr8,143333766,143335720,1954
HO23839,chr8,143368127,143369875,1748
HO23840,chr8,143407482,143408452,970
HO23841,chr8,143430266,143432069,1803
HO23842,chr8,143478944,143480556,1612
HO23843,chr8,143499094,143500327,1233
HO23844,chr8,143512165,143513198,1033
HO23845,chr8,143517839,143519165,1326
HO23846,chr8,143529031,143529777,746
HO23847,chr8,143540784,143541955,1171
HO23848,chr8,143568453,143569830,1377
HO23849,chr8,143577600,143578879,1279
HO23850,chr8,143595870,143596515,645
HO23851,chr8,143596711,143599218,2507
HO23852,chr8,143609001,143610134,1133
HO23853,chr8,143613101,143613568,467
HO23854,chr8,143616844,143618350,1506
HO23855,chr8,143635145,143637087,1942
HO23856,chr8,143647588,143649014,1426
HO23857,chr8,143680909,143681699,790
HO23858,chr8,143684000,143685211,1211
HO23859,chr8,143685634,143686077,443
HO23860,chr8,143690554,143691846,1292
HO23861,chr8,143715909,143717619,1710
HO23862,chr8,143732996,143734274,1278
HO23863,chr8,143739831,143741096,1265
HO23864,chr8,143770366,143772383,2017
HO23865,chr8,143788493,143789976,1483
HO23866,chr8,143814295,143816419,2124
HO23867,chr8,143823207,143824287,1080
HO23868,chr8,143828531,143829819,1288
HO23869,chr8,143840326,143842461,2135
HO23870,chr8,143876812,143878883,2071
HO23871,chr8,143902319,143903342,1023
HO23872,chr8,143941573,143942910,1337
HO23873,chr8,143943060,143944464,1404
HO23874,chr8,143950761,143954022,3261
HO23875,chr8,143956421,143957272,851
HO23876,chr8,143973078,143973744,666
HO23877,chr8,143974388,143975155,767
HO23878,chr8,143976037,143977476,1439
HO23879,chr8,143982423,143983804,1381
HO23880,chr8,143989560,143991159,1599
HO23881,chr8,144048271,144050003,1732
HO23882,chr8,144060212,144061157,945
HO23883,chr8,144078097,144079540,1443
HO23884,chr8,144082043,144082975,932
HO23885,chr8,144094409,144096298,1889
HO23886,chr8,144103324,144105069,1745
HO23887,chr8,144125634,144126828,1194
HO23888,chr8,144136774,144138483,1709
HO23889,chr8,144146790,144148793,2003
HO23890,chr8,144188916,144189944,1028
HO23891,chr8,144203181,144203700,519
HO23892,chr8,144265963,144266684,721
HO23893,chr8,144270371,144271722,1351
HO23894,chr8,144272460,144273491,1031
HO23895,chr8,144273673,144275337,1664
HO23896,chr8,144290667,144292740,2073
HO23897,chr8,144306482,144307415,933
HO23898,chr8,144312587,144314492,1905
HO23899,chr8,144315647,144316312,665
HO23900,chr8,144319166,144320423,1257
HO23901,chr8,144325611,144327564,1953
HO23902,chr8,144331739,144332211,472
HO23903,chr8,144336394,144338647,2253
HO23904,chr8,144357525,144359182,1657
HO23905,chr8,144373266,144375283,2017
HO23906,chr8,144408723,144409956,1233
HO23907,chr8,144410384,144411067,683
HO23908,chr8,144412801,144413832,1031
HO23909,chr8,144427424,144428975,1551
HO23910,chr8,144443343,144445309,1966
HO23911,chr8,144456156,144457310,1154
HO23912,chr8,144462468,144463160,692
HO23913,chr8,144465068,144466543,1475
HO23914,chr8,144466740,144467120,380
HO23915,chr8,144477500,144478503,1003
HO23916,chr8,144500411,144502686,2275
HO23917,chr8,144508031,144509992,1961
HO23918,chr8,144516861,144518490,1629
HO23919,chr8,144526529,144527369,840
HO23920,chr8,144528162,144529583,1421
HO23921,chr8,144606891,144607766,875
HO23922,chr8,144670523,144672961,2438
HO23923,chr8,144677391,144678232,841
HO23924,chr8,144684028,144686457,2429
HO23925,chr8,144691122,144692603,1481
HO23926,chr8,144699563,144701129,1566
HO23927,chr8,144754682,144755958,1276
HO23928,chr8,144786327,144787620,1293
HO23929,chr8,144791635,144793211,1576
HO23930,chr8,144798288,144799537,1249
HO23931,chr8,144804677,144805326,649
HO23932,chr8,144826290,144827888,1598
HO23933,chr8,144852081,144853646,1565
HO23934,chr8,144860057,144861481,1424
HO23935,chr8,144900125,144902712,2587
HO23936,chr8,144949939,144951079,1140
HO23937,chr8,145002244,145003545,1301
HO23938,chr8,145004350,145005243,893
HO23939,chr8,145027294,145028523,1229
HO23940,chr8,145050676,145052823,2147
HO23941,chr8,145061153,145063501,2348
HO23942,chr9,113107,114375,1268
HO23943,chr9,214023,215542,1519
HO23944,chr9,469580,471062,1482
HO23945,chr9,503812,505900,2088
HO23946,chr9,706508,707474,966
HO23947,chr9,841043,843387,2344
HO23948,chr9,852135,853203,1068
HO23949,chr9,874850,876028,1178
HO23950,chr9,971272,972421,1149
HO23951,chr9,976139,977697,1558
HO23952,chr9,1013769,1014459,690
HO23953,chr9,1049853,1050579,726
HO23954,chr9,1051376,1052255,879
HO23955,chr9,2014409,2018125,3716
HO23956,chr9,2043235,2044400,1165
HO23957,chr9,2107686,2108526,840
HO23958,chr9,2157285,2158983,1698
HO23959,chr9,2240949,2243117,2168
HO23960,chr9,2620902,2623949,3047
HO23961,chr9,2741108,2741851,743
HO23962,chr9,2745470,2746915,1445
HO23963,chr9,2809170,2810759,1589
HO23964,chr9,2842987,2844491,1504
HO23965,chr9,3180646,3182041,1395
HO23966,chr9,3524444,3527351,2907
HO23967,chr9,3773158,3774045,887
HO23968,chr9,4297137,4300318,3181
HO23969,chr9,4489470,4490967,1497
HO23970,chr9,4661617,4663044,1427
HO23971,chr9,4665977,4666702,725
HO23972,chr9,4678646,4680431,1785
HO23973,chr9,4740191,4742079,1888
HO23974,chr9,4792026,4793803,1777
HO23975,chr9,4983795,4986179,2384
HO23976,chr9,4987786,4988183,397
HO23977,chr9,5437077,5438543,1466
HO23978,chr9,5449671,5451105,1434
HO23979,chr9,5628156,5630444,2288
HO23980,chr9,5831385,5833472,2087
HO23981,chr9,5862656,5863737,1081
HO23982,chr9,5885931,5886629,698
HO23983,chr9,6006846,6008745,1899
HO23984,chr9,6014748,6016052,1304
HO23985,chr9,6079893,6080791,898
HO23986,chr9,6364426,6365509,1083
HO23987,chr9,6412192,6414505,2313
HO23988,chr9,6530037,6530986,949
HO23989,chr9,6644195,6646063,1868
HO23990,chr9,6680581,6682154,1573
HO23991,chr9,6703419,6704849,1430
HO23992,chr9,6715629,6716671,1042
HO23993,chr9,6756766,6759323,2557
HO23994,chr9,7790364,7792186,1822
HO23995,chr9,7798882,7800173,1291
HO23996,chr9,7983000,7984233,1233
HO23997,chr9,8695964,8697172,1208
HO23998,chr9,8856960,8859059,2099
HO23999,chr9,8961001,8961787,786
HO24000,chr9,9104366,9105393,1027
HO24001,chr9,9396168,9397035,867
HO24002,chr9,10612222,10613712,1490
HO24003,chr9,12774791,12776928,2137
HO24004,chr9,13139346,13140195,849
HO24005,chr9,13158325,13159342,1017
HO24006,chr9,13277878,13279854,1976
HO24007,chr9,14312807,14316410,3603
HO24008,chr9,14321598,14323283,1685
HO24009,chr9,14346839,14349172,2333
HO24010,chr9,14692334,14693879,1545
HO24011,chr9,14992575,14993873,1298
HO24012,chr9,15305880,15307775,1895
HO24013,chr9,15422030,15423875,1845
HO24014,chr9,15509912,15511615,1703
HO24015,chr9,15551867,15553630,1763
HO24016,chr9,16652578,16654808,2230
HO24017,chr9,16688483,16690470,1987
HO24018,chr9,16704071,16705625,1554
HO24019,chr9,16726618,16728494,1876
HO24020,chr9,16869329,16872306,2977
HO24021,chr9,17134255,17136009,1754
HO24022,chr9,17578254,17579828,1574
HO24023,chr9,17905337,17908166,2829
HO24024,chr9,18392991,18394297,1306
HO24025,chr9,18437245,18438965,1720
HO24026,chr9,18610684,18611453,769
HO24027,chr9,18614009,18614940,931
HO24028,chr9,19048602,19050582,1980
HO24029,chr9,19102123,19103351,1228
HO24030,chr9,19104480,19105452,972
HO24031,chr9,19126681,19129099,2418
HO24032,chr9,19229716,19231503,1787
HO24033,chr9,19379361,19380700,1339
HO24034,chr9,19408215,19409873,1658
HO24035,chr9,19464236,19465332,1096
HO24036,chr9,19470907,19472308,1401
HO24037,chr9,19925713,19926787,1074
HO24038,chr9,20620925,20623150,2225
HO24039,chr9,20624622,20625051,429
HO24040,chr9,20683328,20685027,1699
HO24041,chr9,21030425,21031881,1456
HO24042,chr9,21334526,21335721,1195
HO24043,chr9,21395794,21396545,751
HO24044,chr9,21558621,21560441,1820
HO24045,chr9,21801711,21803641,1930
HO24046,chr9,21812859,21814203,1344
HO24047,chr9,21974398,21975787,1389
HO24048,chr9,21993953,21996061,2108
HO24049,chr9,22008566,22009645,1079
HO24050,chr9,22446338,22447750,1412
HO24051,chr9,23820473,23822053,1580
HO24052,chr9,23825799,23826643,844
HO24053,chr9,25677107,25678827,1720
HO24054,chr9,26891444,26893005,1561
HO24055,chr9,26946474,26947689,1215
HO24056,chr9,26955169,26956981,1812
HO24057,chr9,27429257,27430270,1013
HO24058,chr9,27527836,27529996,2160
HO24059,chr9,27572201,27574228,2027
HO24060,chr9,29211621,29215285,3664
HO24061,chr9,32378356,32379590,1234
HO24062,chr9,32383980,32385229,1249
HO24063,chr9,32426241,32427534,1293
HO24064,chr9,32431561,32432310,749
HO24065,chr9,32525018,32526793,1775
HO24066,chr9,32550156,32552773,2617
HO24067,chr9,32572018,32573532,1514
HO24068,chr9,32580661,32581872,1211
HO24069,chr9,32782523,32783824,1301
HO24070,chr9,32991858,32993230,1372
HO24071,chr9,33000707,33002055,1348
HO24072,chr9,33014355,33015363,1008
HO24073,chr9,33024156,33026175,2019
HO24074,chr9,33043606,33044995,1389
HO24075,chr9,33075875,33077145,1270
HO24076,chr9,33081107,33081602,495
HO24077,chr9,33150744,33151817,1073
HO24078,chr9,33166297,33167962,1665
HO24079,chr9,33263338,33265300,1962
HO24080,chr9,33289371,33291303,1932
HO24081,chr9,33320040,33321085,1045
HO24082,chr9,33354294,33355457,1163
HO24083,chr9,33374749,33376469,1720
HO24084,chr9,33390697,33392038,1341
HO24085,chr9,33445433,33448297,2864
HO24086,chr9,33473202,33474710,1508
HO24087,chr9,33506210,33507273,1063
HO24088,chr9,33510547,33511306,759
HO24089,chr9,33522983,33524933,1950
HO24090,chr9,33676354,33677614,1260
HO24091,chr9,33721638,33722441,803
HO24092,chr9,33816356,33818494,2138
HO24093,chr9,34048266,34050377,2111
HO24094,chr9,34073936,34074583,647
HO24095,chr9,34125559,34127316,1757
HO24096,chr9,34178200,34179913,1713
HO24097,chr9,34242477,34243730,1253
HO24098,chr9,34252606,34253799,1193
HO24099,chr9,34254676,34255650,974
HO24100,chr9,34328420,34329951,1531
HO24101,chr9,34376185,34377535,1350
HO24102,chr9,34379359,34380309,950
HO24103,chr9,34380522,34381491,969
HO24104,chr9,34456903,34459129,2226
HO24105,chr9,34501509,34503221,1712
HO24106,chr9,34521772,34523673,1901
HO24107,chr9,34547622,34548350,728
HO24108,chr9,34558305,34561220,2915
HO24109,chr9,34576025,34578855,2830
HO24110,chr9,34588497,34590682,2185
HO24111,chr9,34591298,34592003,705
HO24112,chr9,34611303,34613124,1821
HO24113,chr9,34619951,34620754,803
HO24114,chr9,34628574,34629485,911
HO24115,chr9,34636897,34638565,1668
HO24116,chr9,34646114,34647349,1235
HO24117,chr9,34651852,34652454,602
HO24118,chr9,34652981,34655133,2152
HO24119,chr9,34664184,34666467,2283
HO24120,chr9,34700978,34702462,1484
HO24121,chr9,34717630,34718563,933
HO24122,chr9,34788082,34789516,1434
HO24123,chr9,34809304,34810439,1135
HO24124,chr9,34825461,34826449,988
HO24125,chr9,34939410,34940867,1457
HO24126,chr9,34957445,34959078,1633
HO24127,chr9,34969772,34970645,873
HO24128,chr9,34988840,34990376,1536
HO24129,chr9,34993544,34994682,1138
HO24130,chr9,35071645,35073103,1458
HO24131,chr9,35079061,35080721,1660
HO24132,chr9,35095795,35096868,1073
HO24133,chr9,35102399,35103765,1366
HO24134,chr9,35111082,35111958,876
HO24135,chr9,35113988,35114619,631
HO24136,chr9,35115550,35117253,1703
HO24137,chr9,35161324,35162775,1451
HO24138,chr9,35476765,35477588,823
HO24139,chr9,35489176,35491097,1921
HO24140,chr9,35517023,35517584,561
HO24141,chr9,35537756,35539399,1643
HO24142,chr9,35552541,35554294,1753
HO24143,chr9,35603524,35606060,2536
HO24144,chr9,35616500,35617549,1049
HO24145,chr9,35645833,35647537,1704
HO24146,chr9,35656972,35659079,2107
HO24147,chr9,35664588,35665605,1017
HO24148,chr9,35674968,35676436,1468
HO24149,chr9,35689223,35691499,2276
HO24150,chr9,35699793,35700531,738
HO24151,chr9,35727901,35728724,823
HO24152,chr9,35731562,35733458,1896
HO24153,chr9,35748338,35750078,1740
HO24154,chr9,35756342,35757728,1386
HO24155,chr9,35790108,35792035,1927
HO24156,chr9,35811438,35812393,955
HO24157,chr9,35814332,35815695,1363
HO24158,chr9,35828484,35830018,1534
HO24159,chr9,35844123,35846805,2682
HO24160,chr9,35905592,35906326,734
HO24161,chr9,35906899,35908710,1811
HO24162,chr9,35909303,35910236,933
HO24163,chr9,35914313,35915028,715
HO24164,chr9,35923265,35924991,1726
HO24165,chr9,36036304,36037974,1670
HO24166,chr9,36135733,36137898,2165
HO24167,chr9,36162937,36163867,930
HO24168,chr9,36165872,36166872,1000
HO24169,chr9,36189886,36191620,1734
HO24170,chr9,36257744,36259079,1335
HO24171,chr9,36304063,36305086,1023
HO24172,chr9,36315385,36317252,1867
HO24173,chr9,36399878,36401594,1716
HO24174,chr9,36406868,36407791,923
HO24175,chr9,36485729,36488655,2926
HO24176,chr9,36572309,36573691,1382
HO24177,chr9,36584519,36585522,1003
HO24178,chr9,36765518,36766369,851
HO24179,chr9,37027179,37028039,860
HO24180,chr9,37036344,37038037,1693
HO24181,chr9,37079174,37080583,1409
HO24182,chr9,37119840,37121232,1392
HO24183,chr9,37414786,37415568,782
HO24184,chr9,37421940,37423175,1235
HO24185,chr9,37424008,37424757,749
HO24186,chr9,37430628,37431677,1049
HO24187,chr9,37464540,37466739,2199
HO24188,chr9,37485320,37487507,2187
HO24189,chr9,37501424,37502701,1277
HO24190,chr9,37575384,37576784,1400
HO24191,chr9,37587191,37587875,684
HO24192,chr9,37591707,37592977,1270
HO24193,chr9,37640865,37642030,1165
HO24194,chr9,37650149,37651810,1661
HO24195,chr9,37667739,37668644,905
HO24196,chr9,37753312,37754275,963
HO24197,chr9,37784357,37785772,1415
HO24198,chr9,37800108,37801857,1749
HO24199,chr9,37903156,37904968,1812
HO24200,chr9,37913456,37914102,646
HO24201,chr9,37916318,37918058,1740
HO24202,chr9,37987409,37988494,1085
HO24203,chr9,37994602,37995562,960
HO24204,chr9,38067955,38070069,2114
HO24205,chr9,38392217,38393583,1366
HO24206,chr9,38423537,38424684,1147
HO24207,chr9,38540315,38541093,778
HO24208,chr9,38619659,38622700,3041
HO24209,chr9,38649451,38650494,1043
HO24210,chr9,38689556,38690704,1148
HO24211,chr9,39463753,39464815,1062
HO24212,chr9,39809278,39810133,855
HO24213,chr9,40991386,40992780,1394
HO24214,chr9,41073805,41075503,1698
HO24215,chr9,41272921,41274341,1420
HO24216,chr9,41357954,41359434,1480
HO24217,chr9,41643482,41644356,874
HO24218,chr9,42851431,42853039,1608
HO24219,chr9,62798892,62801693,2801
HO24220,chr9,62801894,62802880,986
HO24221,chr9,62837295,62838738,1443
HO24222,chr9,63816602,63818314,1712
HO24223,chr9,66269636,66270702,1066
HO24224,chr9,66900050,66901395,1345
HO24225,chr9,68355943,68357561,1618
HO24226,chr9,68499158,68500604,1446
HO24227,chr9,68583855,68584886,1031
HO24228,chr9,68704526,68706751,2225
HO24229,chr9,68779296,68780960,1664
HO24230,chr9,68931541,68932298,757
HO24231,chr9,69035326,69036787,1461
HO24232,chr9,69120419,69122719,2300
HO24233,chr9,69173521,69175734,2213
HO24234,chr9,69186029,69187673,1644
HO24235,chr9,69203960,69205559,1599
HO24236,chr9,69207106,69207860,754
HO24237,chr9,69324405,69325920,1515
HO24238,chr9,69412001,69413215,1214
HO24239,chr9,69671124,69673392,2268
HO24240,chr9,69758853,69760414,1561
HO24241,chr9,70043310,70044962,1652
HO24242,chr9,70257962,70259638,1676
HO24243,chr9,70406154,70407621,1467
HO24244,chr9,70411938,70414552,2614
HO24245,chr9,70418150,70421254,3104
HO24246,chr9,70600543,70602800,2257
HO24247,chr9,70867855,70869783,1928
HO24248,chr9,71446008,71448300,2292
HO24249,chr9,71472084,71473559,1475
HO24250,chr9,71767544,71770162,2618
HO24251,chr9,71910034,71912208,2174
HO24252,chr9,72314530,72316379,1849
HO24253,chr9,72352534,72354064,1530
HO24254,chr9,72362661,72362986,325
HO24255,chr9,72364030,72366115,2085
HO24256,chr9,72381915,72383169,1254
HO24257,chr9,72454171,72455781,1610
HO24258,chr9,72526655,72528017,1362
HO24259,chr9,72597467,72599025,1558
HO24260,chr9,72911304,72912284,980
HO24261,chr9,72951689,72954159,2470
HO24262,chr9,73097410,73098413,1003
HO24263,chr9,73131893,73132923,1030
HO24264,chr9,74496764,74498965,2201
HO24265,chr9,74886778,74888030,1252
HO24266,chr9,74951567,74953726,2159
HO24267,chr9,75027087,75028735,1648
HO24268,chr9,75060608,75061642,1034
HO24269,chr9,75087394,75089712,2318
HO24270,chr9,75889678,75892840,3162
HO24271,chr9,76023304,76024652,1348
HO24272,chr9,76393541,76395224,1683
HO24273,chr9,76458754,76460642,1888
HO24274,chr9,76560013,76560973,960
HO24275,chr9,76748661,76749806,1145
HO24276,chr9,76905131,76906934,1803
HO24277,chr9,76943570,76944594,1024
HO24278,chr9,77176645,77178679,2034
HO24279,chr9,77533541,77535143,1602
HO24280,chr9,77595082,77596235,1153
HO24281,chr9,77647361,77649356,1995
HO24282,chr9,78030119,78032678,2559
HO24283,chr9,78186982,78188146,1164
HO24284,chr9,78235269,78236811,1542
HO24285,chr9,78295587,78298498,2911
HO24286,chr9,78438982,78439824,842
HO24287,chr9,79557902,79558821,919
HO24288,chr9,79570171,79572074,1903
HO24289,chr9,79572348,79573551,1203
HO24290,chr9,79604833,79606190,1357
HO24291,chr9,81561971,81563044,1073
HO24292,chr9,81687027,81690175,3148
HO24293,chr9,83061924,83063403,1479
HO24294,chr9,83218801,83221284,2483
HO24295,chr9,83266353,83267339,986
HO24296,chr9,83269837,83270535,698
HO24297,chr9,83423713,83424701,988
HO24298,chr9,83431697,83432635,938
HO24299,chr9,83537136,83538990,1854
HO24300,chr9,83622435,83624045,1610
HO24301,chr9,83706872,83708823,1951
HO24302,chr9,83816991,83818434,1443
HO24303,chr9,83920424,83921788,1364
HO24304,chr9,83956002,83957191,1189
HO24305,chr9,83979149,83981670,2521
HO24306,chr9,84124632,84125484,852
HO24307,chr9,84181370,84182556,1186
HO24308,chr9,84367007,84368373,1366
HO24309,chr9,84388234,84389259,1025
HO24310,chr9,84667558,84670788,3230
HO24311,chr9,84699828,84700636,808
HO24312,chr9,84953841,84954662,821
HO24313,chr9,85740868,85742850,1982
HO24314,chr9,85804280,85806037,1757
HO24315,chr9,85936902,85937793,891
HO24316,chr9,85940503,85941833,1330
HO24317,chr9,86098724,86100335,1611
HO24318,chr9,86281586,86283163,1577
HO24319,chr9,86290046,86290670,624
HO24320,chr9,86353473,86355291,1818
HO24321,chr9,86356993,86357794,801
HO24322,chr9,86454321,86455690,1369
HO24323,chr9,86945384,86948876,3492
HO24324,chr9,87147884,87149151,1267
HO24325,chr9,87248470,87249507,1037
HO24326,chr9,87256811,87258311,1500
HO24327,chr9,87269710,87271026,1316
HO24328,chr9,87497205,87499113,1908
HO24329,chr9,87592039,87593256,1217
HO24330,chr9,87725309,87726688,1379
HO24331,chr9,87973751,87975040,1289
HO24332,chr9,88075897,88077407,1510
HO24333,chr9,88236634,88238078,1444
HO24334,chr9,88387248,88389394,2146
HO24335,chr9,88533836,88535729,1893
HO24336,chr9,88776821,88778545,1724
HO24337,chr9,88781433,88782481,1048
HO24338,chr9,88827637,88829116,1479
HO24339,chr9,88871718,88872875,1157
HO24340,chr9,88873483,88874918,1435
HO24341,chr9,88949140,88950037,897
HO24342,chr9,88990688,88992311,1623
HO24343,chr9,88998571,88999366,795
HO24344,chr9,89000382,89001542,1160
HO24345,chr9,89179515,89180650,1135
HO24346,chr9,89310151,89311873,1722
HO24347,chr9,89317946,89319364,1418
HO24348,chr9,89496486,89498521,2035
HO24349,chr9,89504993,89506629,1636
HO24350,chr9,89602996,89607023,4027
HO24351,chr9,89654489,89656331,1842
HO24352,chr9,89661323,89662685,1362
HO24353,chr9,89728665,89729703,1038
HO24354,chr9,89732264,89733422,1158
HO24355,chr9,89755670,89758546,2876
HO24356,chr9,89807387,89809185,1798
HO24357,chr9,89816888,89817937,1049
HO24358,chr9,89890561,89892385,1824
HO24359,chr9,89923230,89924772,1542
HO24360,chr9,89992226,89993225,999
HO24361,chr9,90102085,90102643,558
HO24362,chr9,90641917,90643246,1329
HO24363,chr9,90801049,90802830,1781
HO24364,chr9,91117371,91118866,1495
HO24365,chr9,91192870,91194277,1407
HO24366,chr9,91360593,91362292,1699
HO24367,chr9,91421039,91421756,717
HO24368,chr9,91422067,91425116,3049
HO24369,chr9,91514757,91515657,900
HO24370,chr9,91948207,91950656,2449
HO24371,chr9,92065577,92066611,1034
HO24372,chr9,92114687,92115865,1178
HO24373,chr9,92133711,92134426,715
HO24374,chr9,92140135,92141621,1486
HO24375,chr9,92293346,92294592,1246
HO24376,chr9,92324879,92326304,1425
HO24377,chr9,92607631,92609577,1946
HO24378,chr9,92668853,92670781,1928
HO24379,chr9,92759998,92760480,482
HO24380,chr9,92763679,92765853,2174
HO24381,chr9,92807099,92809461,2362
HO24382,chr9,92877293,92878362,1069
HO24383,chr9,92946914,92948019,1105
HO24384,chr9,93003559,93004475,916
HO24385,chr9,93009894,93011230,1336
HO24386,chr9,93023929,93025073,1144
HO24387,chr9,93057894,93058878,984
HO24388,chr9,93060867,93062285,1418
HO24389,chr9,93094756,93096901,2145
HO24390,chr9,93132363,93134857,2494
HO24391,chr9,93159518,93160309,791
HO24392,chr9,93183613,93185592,1979
HO24393,chr9,93201119,93202571,1452
HO24394,chr9,93304557,93306479,1922
HO24395,chr9,93450777,93453863,3086
HO24396,chr9,93566195,93567601,1406
HO24397,chr9,93575215,93577675,2460
HO24398,chr9,93827099,93828219,1120
HO24399,chr9,94030055,94031179,1124
HO24400,chr9,94165671,94167330,1659
HO24401,chr9,94258767,94259958,1191
HO24402,chr9,94373885,94375056,1171
HO24403,chr9,94638757,94640170,1413
HO24404,chr9,94726078,94727197,1119
HO24405,chr9,94950370,94951377,1007
HO24406,chr9,94995085,94997018,1933
HO24407,chr9,95003775,95005695,1920
HO24408,chr9,95048153,95049131,978
HO24409,chr9,95080754,95081655,901
HO24410,chr9,95127246,95127932,686
HO24411,chr9,95182803,95183591,788
HO24412,chr9,95312922,95313472,550
HO24413,chr9,95316413,95317954,1541
HO24414,chr9,95425917,95427177,1260
HO24415,chr9,95505632,95507487,1855
HO24416,chr9,95507672,95508154,482
HO24417,chr9,95508937,95509842,905
HO24418,chr9,95510606,95511607,1001
HO24419,chr9,95515654,95517683,2029
HO24420,chr9,95874577,95876365,1788
HO24421,chr9,96020551,96022352,1801
HO24422,chr9,96216341,96218730,2389
HO24423,chr9,96219044,96219972,928
HO24424,chr9,96252915,96254423,1508
HO24425,chr9,96320210,96321290,1080
HO24426,chr9,96382841,96383957,1116
HO24427,chr9,96416909,96419477,2568
HO24428,chr9,96449410,96451505,2095
HO24429,chr9,96565850,96567575,1725
HO24430,chr9,96579244,96579902,658
HO24431,chr9,96617798,96620154,2356
HO24432,chr9,96654117,96655595,1478
HO24433,chr9,96686417,96687352,935
HO24434,chr9,96777182,96778490,1308
HO24435,chr9,96853577,96854798,1221
HO24436,chr9,96856764,96857252,488
HO24437,chr9,96874965,96876157,1192
HO24438,chr9,97012519,97014027,1508
HO24439,chr9,97038202,97039802,1600
HO24440,chr9,97051379,97052541,1162
HO24441,chr9,97220706,97222760,2054
HO24442,chr9,97237242,97239146,1904
HO24443,chr9,97247838,97249040,1202
HO24444,chr9,97306404,97308176,1772
HO24445,chr9,97411509,97412965,1456
HO24446,chr9,97501077,97503257,2180
HO24447,chr9,97632136,97634348,2212
HO24448,chr9,97696071,97697768,1697
HO24449,chr9,97740884,97741776,892
HO24450,chr9,97803138,97804047,909
HO24451,chr9,97852912,97854555,1643
HO24452,chr9,97921749,97923118,1369
HO24453,chr9,97982581,97985404,2823
HO24454,chr9,98056114,98057684,1570
HO24455,chr9,98058377,98059087,710
HO24456,chr9,98087247,98088174,927
HO24457,chr9,98117945,98119778,1833
HO24458,chr9,98168711,98169652,941
HO24459,chr9,98171154,98171983,829
HO24460,chr9,98181447,98182982,1535
HO24461,chr9,98191622,98193617,1995
HO24462,chr9,98214659,98216190,1531
HO24463,chr9,98254996,98256540,1544
HO24464,chr9,98790926,98791941,1015
HO24465,chr9,98795780,98797006,1226
HO24466,chr9,98807127,98808158,1031
HO24467,chr9,98848176,98849137,961
HO24468,chr9,98943321,98944768,1447
HO24469,chr9,98974720,98975747,1027
HO24470,chr9,99103690,99106106,2416
HO24471,chr9,99184230,99185303,1073
HO24472,chr9,99221173,99222870,1697
HO24473,chr9,99259127,99260330,1203
HO24474,chr9,99265659,99267054,1395
HO24475,chr9,99367977,99369345,1368
HO24476,chr9,99819241,99820406,1165
HO24477,chr9,99820895,99822304,1409
HO24478,chr9,99824678,99824935,257
HO24479,chr9,99906032,99907423,1391
HO24480,chr9,100098012,100099999,1987
HO24481,chr9,100351850,100353345,1495
HO24482,chr9,100411081,100412200,1119
HO24483,chr9,100426254,100428099,1845
HO24484,chr9,100472594,100474609,2015
HO24485,chr9,100596951,100597829,878
HO24486,chr9,100598067,100599103,1036
HO24487,chr9,101027840,101029575,1735
HO24488,chr9,101397776,101399564,1788
HO24489,chr9,101449021,101449699,678
HO24490,chr9,101485862,101487470,1608
HO24491,chr9,101533040,101534251,1211
HO24492,chr9,102225190,102226456,1266
HO24493,chr9,104093233,104094762,1529
HO24494,chr9,104747046,104748861,1815
HO24495,chr9,104763385,104764682,1297
HO24496,chr9,104868293,104869722,1429
HO24497,chr9,104926182,104928723,2541
HO24498,chr9,104967878,104969305,1427
HO24499,chr9,104990748,104992049,1301
HO24500,chr9,104993157,104994020,863
HO24501,chr9,105063591,105065073,1482
HO24502,chr9,105216179,105217346,1167
HO24503,chr9,105244033,105245812,1779
HO24504,chr9,105447377,105448848,1471
HO24505,chr9,105557521,105558556,1035
HO24506,chr9,105655533,105656964,1431
HO24507,chr9,105693563,105695475,1912
HO24508,chr9,106286289,106288007,1718
HO24509,chr9,106859941,106860637,696
HO24510,chr9,106862086,106864606,2520
HO24511,chr9,106916183,106917545,1362
HO24512,chr9,106920876,106922124,1248
HO24513,chr9,107251306,107252656,1350
HO24514,chr9,107282429,107284390,1961
HO24515,chr9,107424826,107425682,856
HO24516,chr9,107465318,107467239,1921
HO24517,chr9,107487255,107489144,1889
HO24518,chr9,107489398,107490561,1163
HO24519,chr9,107637043,107638326,1283
HO24520,chr9,108885402,108886322,920
HO24521,chr9,108933172,108934917,1745
HO24522,chr9,109011115,109011708,593
HO24523,chr9,109011948,109014111,2163
HO24524,chr9,109071577,109073378,1801
HO24525,chr9,109097810,109099297,1487
HO24526,chr9,109118270,109120314,2044
HO24527,chr9,109166200,109167607,1407
HO24528,chr9,109309942,109310931,989
HO24529,chr9,109318494,109321312,2818
HO24530,chr9,109497431,109498762,1331
HO24531,chr9,109639839,109641418,1579
HO24532,chr9,109779647,109780970,1323
HO24533,chr9,109817220,109818314,1094
HO24534,chr9,110047832,110050003,2171
HO24535,chr9,110255106,110257218,2112
HO24536,chr9,110578685,110580216,1531
HO24537,chr9,111037318,111039402,2084
HO24538,chr9,111482409,111484564,2155
HO24539,chr9,111524737,111526361,1624
HO24540,chr9,111597791,111600213,2422
HO24541,chr9,111630410,111631999,1589
HO24542,chr9,111661004,111662851,1847
HO24543,chr9,111783290,111784553,1263
HO24544,chr9,111896012,111897945,1933
HO24545,chr9,112147155,112148643,1488
HO24546,chr9,112156886,112158222,1336
HO24547,chr9,112174128,112176095,1967
HO24548,chr9,112179719,112181502,1783
HO24549,chr9,112332689,112334278,1589
HO24550,chr9,112378669,112380599,1930
HO24551,chr9,112486111,112487833,1722
HO24552,chr9,112493324,112494148,824
HO24553,chr9,112570144,112571252,1108
HO24554,chr9,112655353,112656280,927
HO24555,chr9,112717209,112718687,1478
HO24556,chr9,112750044,112751972,1928
HO24557,chr9,112764190,112765233,1043
HO24558,chr9,112819373,112820218,845
HO24559,chr9,112890036,112891198,1162
HO24560,chr9,113056072,113057042,970
HO24561,chr9,113150560,113152146,1586
HO24562,chr9,113220604,113222257,1653
HO24563,chr9,113274425,113276089,1664
HO24564,chr9,113339692,113340836,1144
HO24565,chr9,113376398,113377600,1202
HO24566,chr9,113400763,113401697,934
HO24567,chr9,113409760,113411457,1697
HO24568,chr9,113462735,113464268,1533
HO24569,chr9,113483456,113484745,1289
HO24570,chr9,113547960,113549148,1188
HO24571,chr9,113558543,113559571,1028
HO24572,chr9,113564458,113565890,1432
HO24573,chr9,113575145,113575787,642
HO24574,chr9,113580441,113582300,1859
HO24575,chr9,113593518,113595269,1751
HO24576,chr9,113601992,113603294,1302
HO24577,chr9,113609025,113610399,1374
HO24578,chr9,113619781,113621005,1224
HO24579,chr9,113654276,113655709,1433
HO24580,chr9,113657758,113658489,731
HO24581,chr9,113682086,113682785,699
HO24582,chr9,113875491,113876946,1455
HO24583,chr9,113992278,113993231,953
HO24584,chr9,114097500,114099792,2292
HO24585,chr9,114107582,114108525,943
HO24586,chr9,114117949,114119250,1301
HO24587,chr9,114153702,114154655,953
HO24588,chr9,114155051,114157202,2151
HO24589,chr9,114180423,114182088,1665
HO24590,chr9,114231074,114232474,1400
HO24591,chr9,114281183,114282164,981
HO24592,chr9,114304724,114306203,1479
HO24593,chr9,114397546,114398804,1258
HO24594,chr9,114405378,114406075,697
HO24595,chr9,114450849,114451972,1123
HO24596,chr9,114465287,114466761,1474
HO24597,chr9,114476752,114477620,868
HO24598,chr9,114501753,114502641,888
HO24599,chr9,114504168,114505963,1795
HO24600,chr9,114587057,114588294,1237
HO24601,chr9,114610878,114612574,1696
HO24602,chr9,115164298,115165179,881
HO24603,chr9,116154014,116155996,1982
HO24604,chr9,116156445,116157301,856
HO24605,chr9,116275457,116277323,1866
HO24606,chr9,116327595,116328522,927
HO24607,chr9,116364735,116365897,1162
HO24608,chr9,116464855,116466547,1692
HO24609,chr9,116470708,116472175,1467
HO24610,chr9,116686664,116688096,1432
HO24611,chr9,117027724,117028757,1033
HO24612,chr9,117397988,117398911,923
HO24613,chr9,117412921,117415916,2995
HO24614,chr9,117435301,117436340,1039
HO24615,chr9,117487316,117488363,1047
HO24616,chr9,119368561,119369817,1256
HO24617,chr9,119555878,119556795,917
HO24618,chr9,120579448,120580486,1038
HO24619,chr9,120583856,120584413,557
HO24620,chr9,120713290,120715928,2638
HO24621,chr9,120792702,120794032,1330
HO24622,chr9,120842396,120843550,1154
HO24623,chr9,120868234,120869453,1219
HO24624,chr9,120875810,120877779,1969
HO24625,chr9,120893903,120894944,1041
HO24626,chr9,120928202,120929431,1229
HO24627,chr9,120935069,120936855,1786
HO24628,chr9,121074062,121075680,1618
HO24629,chr9,121121171,121122135,964
HO24630,chr9,121200908,121202357,1449
HO24631,chr9,121267568,121269570,2002
HO24632,chr9,121281253,121283052,1799
HO24633,chr9,121285791,121287579,1788
HO24634,chr9,121288857,121289711,854
HO24635,chr9,121297995,121300263,2268
HO24636,chr9,121319747,121320456,709
HO24637,chr9,121333675,121334652,977
HO24638,chr9,121369300,121370683,1383
HO24639,chr9,121498060,121500329,2269
HO24640,chr9,121545456,121546385,929
HO24641,chr9,121550309,121550986,677
HO24642,chr9,121566379,121569146,2767
HO24643,chr9,121597831,121600115,2284
HO24644,chr9,121651155,121652841,1686
HO24645,chr9,121698551,121700511,1960
HO24646,chr9,121717359,121718521,1162
HO24647,chr9,121720455,121721250,795
HO24648,chr9,121735608,121737263,1655
HO24649,chr9,121743380,121745247,1867
HO24650,chr9,121750215,121751055,840
HO24651,chr9,121751759,121752537,778
HO24652,chr9,121851308,121853688,2380
HO24653,chr9,121921186,121922743,1557
HO24654,chr9,122092424,122093742,1318
HO24655,chr9,122158900,122160129,1229
HO24656,chr9,122213420,122214438,1018
HO24657,chr9,122264096,122265554,1458
HO24658,chr9,122346392,122347590,1198
HO24659,chr9,122827569,122828967,1398
HO24660,chr9,122904281,122905740,1459
HO24661,chr9,122912485,122914211,1726
HO24662,chr9,122930704,122932424,1720
HO24663,chr9,122940464,122941909,1445
HO24664,chr9,123164204,123165111,907
HO24665,chr9,123267884,123269157,1273
HO24666,chr9,123349509,123351191,1682
HO24667,chr9,123367877,123368901,1024
HO24668,chr9,123453507,123454538,1031
HO24669,chr9,123641949,123643254,1305
HO24670,chr9,123740970,123742714,1744
HO24671,chr9,123928901,123930655,1754
HO24672,chr9,124010945,124012033,1088
HO24673,chr9,124282444,124283543,1099
HO24674,chr9,124414745,124415794,1049
HO24675,chr9,124428597,124429777,1180
HO24676,chr9,124450022,124451034,1012
HO24677,chr9,124477322,124478637,1315
HO24678,chr9,124503978,124505797,1819
HO24679,chr9,124506421,124507873,1452
HO24680,chr9,124511844,124513924,2080
HO24681,chr9,124519890,124520720,830
HO24682,chr9,124529391,124530793,1402
HO24683,chr9,124657969,124659689,1720
HO24684,chr9,124711510,124712322,812
HO24685,chr9,124769587,124772331,2744
HO24686,chr9,124776665,124777892,1227
HO24687,chr9,124831342,124833080,1738
HO24688,chr9,124834633,124835709,1076
HO24689,chr9,124839638,124840865,1227
HO24690,chr9,124852563,124853723,1160
HO24691,chr9,124861150,124862639,1489
HO24692,chr9,124868366,124870531,2165
HO24693,chr9,124940321,124942120,1799
HO24694,chr9,125106132,125107222,1090
HO24695,chr9,125142542,125143921,1379
HO24696,chr9,125188930,125190338,1408
HO24697,chr9,125199934,125200943,1009
HO24698,chr9,125234734,125236231,1497
HO24699,chr9,125240586,125242182,1596
HO24700,chr9,125261269,125262539,1270
HO24701,chr9,125373920,125375216,1296
HO24702,chr9,125407631,125408882,1251
HO24703,chr9,125706503,125707626,1123
HO24704,chr9,125745749,125748426,2677
HO24705,chr9,125889042,125891123,2081
HO24706,chr9,126325844,126328023,2179
HO24707,chr9,126375351,126377437,2086
HO24708,chr9,126421349,126423069,1720
HO24709,chr9,126499010,126500174,1164
HO24710,chr9,126500636,126501261,625
HO24711,chr9,126610636,126611905,1269
HO24712,chr9,126704427,126705786,1359
HO24713,chr9,126722171,126724190,2019
HO24714,chr9,126781305,126782131,826
HO24715,chr9,126804469,126806139,1670
HO24716,chr9,126859958,126861471,1513
HO24717,chr9,126914195,126915790,1595
HO24718,chr9,127089378,127091369,1991
HO24719,chr9,127121492,127123732,2240
HO24720,chr9,127223948,127225965,2017
HO24721,chr9,127244716,127245628,912
HO24722,chr9,127387856,127389172,1316
HO24723,chr9,127396272,127398311,2039
HO24724,chr9,127423404,127425236,1832
HO24725,chr9,127450248,127452523,2275
HO24726,chr9,127566642,127569869,3227
HO24727,chr9,127578473,127580102,1629
HO24728,chr9,127607391,127608875,1484
HO24729,chr9,127611695,127613499,1804
HO24730,chr9,127628740,127629676,936
HO24731,chr9,127698923,127699720,797
HO24732,chr9,127714931,127716316,1385
HO24733,chr9,127734323,127735658,1335
HO24734,chr9,127741639,127743149,1510
HO24735,chr9,127770877,127771841,964
HO24736,chr9,127784666,127786850,2184
HO24737,chr9,127795738,127797231,1493
HO24738,chr9,127801897,127803843,1946
HO24739,chr9,127808491,127810094,1603
HO24740,chr9,127824174,127825899,1725
HO24741,chr9,127828116,127829272,1156
HO24742,chr9,127876816,127878510,1694
HO24743,chr9,127883963,127885150,1187
HO24744,chr9,127896681,127897845,1164
HO24745,chr9,127898393,127899839,1446
HO24746,chr9,127915787,127917371,1584
HO24747,chr9,127926918,127928283,1365
HO24748,chr9,127930259,127931761,1502
HO24749,chr9,127937245,127938705,1460
HO24750,chr9,127949605,127951307,1702
HO24751,chr9,127954776,127955729,953
HO24752,chr9,127965083,127966284,1201
HO24753,chr9,127971966,127972761,795
HO24754,chr9,127979208,127981628,2420
HO24755,chr9,128066713,128069102,2389
HO24756,chr9,128093942,128094764,822
HO24757,chr9,128097830,128099227,1397
HO24758,chr9,128104052,128104987,935
HO24759,chr9,128117358,128118312,954
HO24760,chr9,128127221,128128804,1583
HO24761,chr9,128159300,128160941,1641
HO24762,chr9,128190817,128192289,1472
HO24763,chr9,128192662,128193315,653
HO24764,chr9,128202907,128204589,1682
HO24765,chr9,128218179,128219348,1169
HO24766,chr9,128249785,128250912,1127
HO24767,chr9,128275007,128277075,2068
HO24768,chr9,128295145,128295967,822
HO24769,chr9,128303900,128305203,1303
HO24770,chr9,128321894,128323245,1351
HO24771,chr9,128340029,128341720,1691
HO24772,chr9,128361649,128362521,872
HO24773,chr9,128370381,128371732,1351
HO24774,chr9,128419340,128421602,2262
HO24775,chr9,128438366,128439363,997
HO24776,chr9,128455432,128457291,1859
HO24777,chr9,128503875,128505695,1820
HO24778,chr9,128551738,128553274,1536
HO24779,chr9,128554319,128554858,539
HO24780,chr9,128558124,128559314,1190
HO24781,chr9,128621654,128622447,793
HO24782,chr9,128634945,128636364,1419
HO24783,chr9,128655790,128657208,1418
HO24784,chr9,128688364,128690542,2178
HO24785,chr9,128702002,128703589,1587
HO24786,chr9,128723484,128725216,1732
HO24787,chr9,128732976,128733626,650
HO24788,chr9,128734886,128735845,959
HO24789,chr9,128770727,128772506,1779
HO24790,chr9,128786616,128787979,1363
HO24791,chr9,128817968,128819406,1438
HO24792,chr9,128828902,128830220,1318
HO24793,chr9,128881413,128883481,2068
HO24794,chr9,128939983,128941481,1498
HO24795,chr9,128946847,128948711,1864
HO24796,chr9,129006413,129007919,1506
HO24797,chr9,129027575,129028720,1145
HO24798,chr9,129035921,129037382,1461
HO24799,chr9,129037540,129038515,975
HO24800,chr9,129080309,129081671,1362
HO24801,chr9,129093472,129095213,1741
HO24802,chr9,129110005,129112149,2144
HO24803,chr9,129138527,129141098,2571
HO24804,chr9,129173846,129175416,1570
HO24805,chr9,129175740,129176507,767
HO24806,chr9,129177028,129178708,1680
HO24807,chr9,129202520,129203729,1209
HO24808,chr9,129252956,129254582,1626
HO24809,chr9,129258067,129259492,1425
HO24810,chr9,129333725,129335016,1291
HO24811,chr9,129382623,129384135,1512
HO24812,chr9,129412690,129414555,1865
HO24813,chr9,129436557,129438310,1753
HO24814,chr9,129450859,129452121,1262
HO24815,chr9,129458666,129461250,2584
HO24816,chr9,129481907,129483899,1992
HO24817,chr9,129487884,129489105,1221
HO24818,chr9,129495260,129497647,2387
HO24819,chr9,129549368,129550629,1261
HO24820,chr9,129567763,129570297,2534
HO24821,chr9,129609641,129611361,1720
HO24822,chr9,129619682,129621074,1392
HO24823,chr9,129625675,129627142,1467
HO24824,chr9,129630802,129631515,713
HO24825,chr9,129641518,129642679,1161
HO24826,chr9,129664676,129666258,1582
HO24827,chr9,129696739,129698238,1499
HO24828,chr9,129737377,129738332,955
HO24829,chr9,129751736,129753527,1791
HO24830,chr9,129789934,129790794,860
HO24831,chr9,129802603,129803913,1310
HO24832,chr9,129822846,129824432,1586
HO24833,chr9,129834502,129836115,1613
HO24834,chr9,129884177,129886086,1909
HO24835,chr9,130041840,130044053,2213
HO24836,chr9,130053338,130054482,1144
HO24837,chr9,130087733,130088636,903
HO24838,chr9,130171440,130173631,2191
HO24839,chr9,130320388,130321364,976
HO24840,chr9,130432778,130433956,1178
HO24841,chr9,130444237,130446878,2641
HO24842,chr9,130451009,130452829,1820
HO24843,chr9,130453244,130453943,699
HO24844,chr9,130458774,130459670,896
HO24845,chr9,130535009,130536887,1878
HO24846,chr9,130578731,130580147,1416
HO24847,chr9,130589814,130590814,1000
HO24848,chr9,130625366,130626677,1311
HO24849,chr9,130680987,130682790,1803
HO24850,chr9,130689698,130690540,842
HO24851,chr9,130693163,130694101,938
HO24852,chr9,130712270,130713875,1605
HO24853,chr9,130834341,130836227,1886
HO24854,chr9,130866259,130866799,540
HO24855,chr9,130932764,130933402,638
HO24856,chr9,130936076,130936772,696
HO24857,chr9,130938261,130939781,1520
HO24858,chr9,130940762,130941642,880
HO24859,chr9,131008656,131009602,946
HO24860,chr9,131096044,131097529,1485
HO24861,chr9,131100449,131100845,396
HO24862,chr9,131102199,131103284,1085
HO24863,chr9,131111056,131112438,1382
HO24864,chr9,131124803,131126187,1384
HO24865,chr9,131177978,131178651,673
HO24866,chr9,131268834,131269558,724
HO24867,chr9,131276362,131278316,1954
HO24868,chr9,131289256,131290688,1432
HO24869,chr9,131349639,131350561,922
HO24870,chr9,131372665,131374059,1394
HO24871,chr9,131382838,131383736,898
HO24872,chr9,131390911,131391367,456
HO24873,chr9,131393020,131395033,2013
HO24874,chr9,131404590,131405646,1056
HO24875,chr9,131406378,131406990,612
HO24876,chr9,131422340,131423653,1313
HO24877,chr9,131502460,131504361,1901
HO24878,chr9,131530310,131531795,1485
HO24879,chr9,131601277,131602406,1129
HO24880,chr9,131608261,131609897,1636
HO24881,chr9,131738807,131740441,1634
HO24882,chr9,131762130,131762791,661
HO24883,chr9,132077929,132080097,2168
HO24884,chr9,132160557,132163182,2625
HO24885,chr9,132168127,132168721,594
HO24886,chr9,132169622,132170868,1246
HO24887,chr9,132171433,132172193,760
HO24888,chr9,132181589,132183150,1561
HO24889,chr9,132184909,132186086,1177
HO24890,chr9,132213679,132214625,946
HO24891,chr9,132236073,132236699,626
HO24892,chr9,132240050,132242850,2800
HO24893,chr9,132353970,132355607,1637
HO24894,chr9,132372187,132373101,914
HO24895,chr9,132406328,132407018,690
HO24896,chr9,132409639,132410476,837
HO24897,chr9,132581657,132582577,920
HO24898,chr9,132639012,132640172,1160
HO24899,chr9,132669328,132671365,2037
HO24900,chr9,132768712,132770679,1967
HO24901,chr9,132799824,132800496,672
HO24902,chr9,132877601,132879324,1723
HO24903,chr9,132901674,132902748,1074
HO24904,chr9,132943746,132945285,1539
HO24905,chr9,132977290,132978166,876
HO24906,chr9,132983587,132985313,1726
HO24907,chr9,132994228,132995442,1214
HO24908,chr9,132998646,132999768,1122
HO24909,chr9,133022146,133022877,731
HO24910,chr9,133029924,133031222,1298
HO24911,chr9,133059712,133061613,1901
HO24912,chr9,133075534,133076509,975
HO24913,chr9,133103006,133103719,713
HO24914,chr9,133117612,133118104,492
HO24915,chr9,133120336,133122227,1891
HO24916,chr9,133132944,133134270,1326
HO24917,chr9,133144076,133144767,691
HO24918,chr9,133147394,133148078,684
HO24919,chr9,133148300,133149851,1551
HO24920,chr9,133162871,133164198,1327
HO24921,chr9,133236523,133237841,1318
HO24922,chr9,133237966,133239403,1437
HO24923,chr9,133256537,133259334,2797
HO24924,chr9,133268567,133270218,1651
HO24925,chr9,133274225,133276205,1980
HO24926,chr9,133335394,133336629,1235
HO24927,chr9,133346653,133348755,2102
HO24928,chr9,133355828,133357098,1270
HO24929,chr9,133375070,133376697,1627
HO24930,chr9,133417492,133418716,1224
HO24931,chr9,133428294,133430152,1858
HO24932,chr9,133459253,133460998,1745
HO24933,chr9,133478364,133479698,1334
HO24934,chr9,133512882,133514117,1235
HO24935,chr9,133514378,133515329,951
HO24936,chr9,133533818,133535323,1505
HO24937,chr9,133539209,133539931,722
HO24938,chr9,133608856,133609691,835
HO24939,chr9,133792817,133793512,695
HO24940,chr9,133880899,133882294,1395
HO24941,chr9,133884755,133885491,736
HO24942,chr9,133892012,133892868,856
HO24943,chr9,133915927,133916591,664
HO24944,chr9,133954995,133956959,1964
HO24945,chr9,133959841,133961027,1186
HO24946,chr9,133990548,133993705,3157
HO24947,chr9,134024574,134026113,1539
HO24948,chr9,134055460,134056486,1026
HO24949,chr9,134066587,134068957,2370
HO24950,chr9,134134817,134136935,2118
HO24951,chr9,134163002,134165631,2629
HO24952,chr9,134214631,134216810,2179
HO24953,chr9,134325101,134327305,2204
HO24954,chr9,134338049,134339534,1485
HO24955,chr9,134349805,134352755,2950
HO24956,chr9,134365622,134366938,1316
HO24957,chr9,134369449,134370440,991
HO24958,chr9,134406487,134407656,1169
HO24959,chr9,134411310,134412657,1347
HO24960,chr9,134422192,134424067,1875
HO24961,chr9,134434530,134435940,1410
HO24962,chr9,134441956,134444073,2117
HO24963,chr9,134449162,134450291,1129
HO24964,chr9,134640884,134641958,1074
HO24965,chr9,134879957,134880856,899
HO24966,chr9,135075063,135075817,754
HO24967,chr9,135085848,135086566,718
HO24968,chr9,135087043,135088430,1387
HO24969,chr9,135144029,135145131,1102
HO24970,chr9,135281561,135282772,1211
HO24971,chr9,135412416,135412915,499
HO24972,chr9,135440657,135442569,1912
HO24973,chr9,135463158,135464845,1687
HO24974,chr9,135478672,135481150,2478
HO24975,chr9,135499121,135501387,2266
HO24976,chr9,135701152,135702318,1166
HO24977,chr9,135704266,135705937,1671
HO24978,chr9,135707245,135708072,827
HO24979,chr9,135714198,135715014,816
HO24980,chr9,135906101,135908343,2242
HO24981,chr9,135960367,135961655,1288
HO24982,chr9,135992421,135993455,1034
HO24983,chr9,136010705,136012898,2193
HO24984,chr9,136050230,136052817,2587
HO24985,chr9,136093913,136095947,2034
HO24986,chr9,136109068,136111267,2199
HO24987,chr9,136117638,136119775,2137
HO24988,chr9,136244988,136246155,1167
HO24989,chr9,136266956,136267687,731
HO24990,chr9,136283315,136284077,762
HO24991,chr9,136296989,136297683,694
HO24992,chr9,136326932,136329100,2168
HO24993,chr9,136341952,136343479,1527
HO24994,chr9,136362893,136364032,1139
HO24995,chr9,136372252,136373850,1598
HO24996,chr9,136399109,136400669,1560
HO24997,chr9,136409458,136411276,1818
HO24998,chr9,136438369,136440058,1689
HO24999,chr9,136482340,136484323,1983
HO25000,chr9,136525779,136527084,1305
HO25001,chr9,136543586,136544285,699
HO25002,chr9,136544394,136547616,3222
HO25003,chr9,136570768,136571787,1019
HO25004,chr9,136586844,136589097,2253
HO25005,chr9,136596272,136597656,1384
HO25006,chr9,136643859,136645334,1475
HO25007,chr9,136645836,136646986,1150
HO25008,chr9,136686304,136688118,1814
HO25009,chr9,136711164,136713571,2407
HO25010,chr9,136727300,136729084,1784
HO25011,chr9,136740673,136743225,2552
HO25012,chr9,136748200,136749640,1440
HO25013,chr9,136766457,136767126,669
HO25014,chr9,136790534,136792049,1515
HO25015,chr9,136795948,136797517,1569
HO25016,chr9,136798918,136800679,1761
HO25017,chr9,136800831,136801428,597
HO25018,chr9,136807227,136808998,1771
HO25019,chr9,136820814,136822352,1538
HO25020,chr9,136840265,136843266,3001
HO25021,chr9,136847035,136848167,1132
HO25022,chr9,136848340,136849857,1517
HO25023,chr9,136865366,136866779,1413
HO25024,chr9,136885786,136887581,1795
HO25025,chr9,136901522,136902853,1331
HO25026,chr9,136921201,136922399,1198
HO25027,chr9,136943669,136944994,1325
HO25028,chr9,136949388,136950874,1486
HO25029,chr9,136962497,136963249,752
HO25030,chr9,136972486,136973165,679
HO25031,chr9,136977249,136979010,1761
HO25032,chr9,136991794,136992914,1120
HO25033,chr9,136995815,136997263,1448
HO25034,chr9,137025454,137025934,480
HO25035,chr9,137027550,137029667,2117
HO25036,chr9,137034696,137035598,902
HO25037,chr9,137045297,137046850,1553
HO25038,chr9,137055017,137056257,1240
HO25039,chr9,137069814,137071275,1461
HO25040,chr9,137085808,137087701,1893
HO25041,chr9,137114208,137115270,1062
HO25042,chr9,137118710,137119064,354
HO25043,chr9,137126985,137128467,1482
HO25044,chr9,137128797,137130440,1643
HO25045,chr9,137138729,137139620,891
HO25046,chr9,137167374,137169877,2503
HO25047,chr9,137188049,137189445,1396
HO25048,chr9,137199311,137201263,1952
HO25049,chr9,137205097,137206013,916
HO25050,chr9,137216491,137217657,1166
HO25051,chr9,137218544,137219192,648
HO25052,chr9,137221685,137223962,2277
HO25053,chr9,137227244,137227866,622
HO25054,chr9,137236326,137236849,523
HO25055,chr9,137237977,137238456,479
HO25056,chr9,137240239,137242240,2001
HO25057,chr9,137243611,137244897,1286
HO25058,chr9,137254040,137255844,1804
HO25059,chr9,137294306,137297055,2749
HO25060,chr9,137300597,137302985,2388
HO25061,chr9,137315582,137316764,1182
HO25062,chr9,137370024,137371343,1319
HO25063,chr9,137406529,137408278,1749
HO25064,chr9,137422365,137424221,1856
HO25065,chr9,137458632,137459629,997
HO25066,chr9,137551070,137552749,1679
HO25067,chr9,137578171,137579422,1251
HO25068,chr9,137589512,137591360,1848
HO25069,chr9,137604727,137606502,1775
HO25070,chr9,137618002,137619908,1906
HO25071,chr9,137630094,137631107,1013
HO25072,chr9,137665301,137667491,2190
HO25073,chr9,137672846,137674790,1944
HO25074,chr9,137688685,137689430,745
HO25075,chr9,137694541,137695807,1266
HO25076,chr9,137878130,137879044,914
HO25077,chrX,274832,277063,2231
HO25078,chrX,283001,283862,861
HO25079,chrX,317550,319472,1922
HO25080,chrX,373034,374916,1882
HO25081,chrX,386211,387595,1384
HO25082,chrX,989702,990609,907
HO25083,chrX,1391174,1393142,1968
HO25084,chrX,1452371,1453779,1408
HO25085,chrX,1453963,1454456,493
HO25086,chrX,1535306,1536453,1147
HO25087,chrX,1536753,1537810,1057
HO25088,chrX,1564482,1565388,906
HO25089,chrX,1591196,1593491,2295
HO25090,chrX,1657244,1658472,1228
HO25091,chrX,1718753,1719804,1051
HO25092,chrX,1770982,1772275,1293
HO25093,chrX,1835620,1836628,1008
HO25094,chrX,1866723,1867569,846
HO25095,chrX,1924554,1925621,1067
HO25096,chrX,2498070,2499505,1435
HO25097,chrX,2500003,2501210,1207
HO25098,chrX,2583114,2585603,2489
HO25099,chrX,2608233,2610314,2081
HO25100,chrX,2689931,2692432,2501
HO25101,chrX,2707964,2709146,1182
HO25102,chrX,2709943,2710897,954
HO25103,chrX,2927602,2929565,1963
HO25104,chrX,3712160,3714150,1990
HO25105,chrX,3814309,3816659,2350
HO25106,chrX,5051555,5052510,955
HO25107,chrX,7147037,7148798,1761
HO25108,chrX,7926898,7927936,1038
HO25109,chrX,8666216,8666951,735
HO25110,chrX,8730500,8732557,2057
HO25111,chrX,9462747,9463493,746
HO25112,chrX,9464598,9466453,1855
HO25113,chrX,9538218,9539366,1148
HO25114,chrX,9785421,9787550,2129
HO25115,chrX,9865940,9867974,2034
HO25116,chrX,10014245,10016729,2484
HO25117,chrX,10082683,10083682,999
HO25118,chrX,10086613,10087905,1292
HO25119,chrX,10156283,10157118,835
HO25120,chrX,10172675,10174032,1357
HO25121,chrX,10618765,10620868,2103
HO25122,chrX,11110761,11111976,1215
HO25123,chrX,11426920,11428237,1317
HO25124,chrX,11663976,11666548,2572
HO25125,chrX,11757401,11759689,2288
HO25126,chrX,12137431,12139115,1684
HO25127,chrX,12790830,12792494,1664
HO25128,chrX,12974372,12976523,2151
HO25129,chrX,13652549,13653732,1183
HO25130,chrX,13666468,13667430,962
HO25131,chrX,13688500,13690293,1793
HO25132,chrX,13733918,13735275,1357
HO25133,chrX,13937369,13939170,1801
HO25134,chrX,14029068,14030228,1160
HO25135,chrX,14872562,14873891,1329
HO25136,chrX,15269552,15270570,1018
HO25137,chrX,15334782,15336372,1590
HO25138,chrX,15492627,15493977,1350
HO25139,chrX,15674303,15676038,1735
HO25140,chrX,15737601,15738926,1325
HO25141,chrX,15789714,15791250,1536
HO25142,chrX,15853755,15855657,1902
HO25143,chrX,16711641,16713090,1449
HO25144,chrX,16718991,16720188,1197
HO25145,chrX,16785647,16787358,1711
HO25146,chrX,16832003,16832998,995
HO25147,chrX,16859112,16860102,990
HO25148,chrX,16869416,16871520,2104
HO25149,chrX,16881918,16883543,1625
HO25150,chrX,16946070,16947603,1533
HO25151,chrX,17374486,17376422,1936
HO25152,chrX,17376715,17377674,959
HO25153,chrX,17608017,17609125,1108
HO25154,chrX,17654946,17656485,1539
HO25155,chrX,17736592,17738577,1985
HO25156,chrX,17859306,17861661,2355
HO25157,chrX,18286301,18287092,791
HO25158,chrX,18353693,18355435,1742
HO25159,chrX,18424547,18426319,1772
HO25160,chrX,18674259,18675701,1442
HO25161,chrX,18885588,18887278,1690
HO25162,chrX,18983607,18985178,1571
HO25163,chrX,19343163,19344423,1260
HO25164,chrX,19372183,19373555,1372
HO25165,chrX,19514748,19516305,1557
HO25166,chrX,19606621,19607451,830
HO25167,chrX,19886853,19888777,1924
HO25168,chrX,19990110,19991454,1344
HO25169,chrX,20141028,20142336,1308
HO25170,chrX,20265129,20267645,2516
HO25171,chrX,21373582,21375294,1712
HO25172,chrX,21838981,21840176,1195
HO25173,chrX,21940018,21941653,1635
HO25174,chrX,23666733,23668656,1923
HO25175,chrX,23742102,23743811,1709
HO25176,chrX,23782612,23784038,1426
HO25177,chrX,23803508,23804762,1254
HO25178,chrX,23901581,23902770,1189
HO25179,chrX,23907150,23908256,1106
HO25180,chrX,24024727,24026276,1549
HO25181,chrX,24030261,24031215,954
HO25182,chrX,24053667,24055262,1595
HO25183,chrX,24148622,24150690,2068
HO25184,chrX,24464553,24465609,1056
HO25185,chrX,24646648,24647944,1296
HO25186,chrX,24661944,24663015,1071
HO25187,chrX,24693226,24694377,1151
HO25188,chrX,27565559,27566446,887
HO25189,chrX,27598068,27598766,698
HO25190,chrX,30307963,30309632,1669
HO25191,chrX,30652426,30654112,1686
HO25192,chrX,30888419,30889952,1533
HO25193,chrX,31265996,31267135,1139
HO25194,chrX,31507772,31509041,1269
HO25195,chrX,34655825,34657825,2000
HO25196,chrX,37348701,37350272,1571
HO25197,chrX,37846679,37847980,1301
HO25198,chrX,38219771,38221307,1536
HO25199,chrX,38326683,38327866,1183
HO25200,chrX,38560893,38562956,2063
HO25201,chrX,38800917,38801746,829
HO25202,chrX,38803318,38804968,1650
HO25203,chrX,38912198,38913339,1141
HO25204,chrX,39418297,39420046,1749
HO25205,chrX,39688413,39689955,1542
HO25206,chrX,39766471,39767290,819
HO25207,chrX,39771618,39772868,1250
HO25208,chrX,40012657,40015251,2594
HO25209,chrX,40089929,40090689,760
HO25210,chrX,40097251,40098835,1584
HO25211,chrX,40104661,40106865,2204
HO25212,chrX,40108515,40110017,1502
HO25213,chrX,40153480,40155973,2493
HO25214,chrX,40157982,40158580,598
HO25215,chrX,40171726,40172654,928
HO25216,chrX,40174922,40177371,2449
HO25217,chrX,40243456,40244296,840
HO25218,chrX,40266458,40268075,1617
HO25219,chrX,40580265,40581584,1319
HO25220,chrX,40646611,40648082,1471
HO25221,chrX,40734960,40736468,1508
HO25222,chrX,41009825,41010890,1065
HO25223,chrX,41084132,41086722,2590
HO25224,chrX,41253125,41254221,1096
HO25225,chrX,41275538,41277206,1668
HO25226,chrX,41332664,41335315,2651
HO25227,chrX,41441911,41442897,986
HO25228,chrX,41922187,41924591,2404
HO25229,chrX,43654179,43656385,2206
HO25230,chrX,43972154,43973842,1688
HO25231,chrX,44542201,44543351,1150
HO25232,chrX,44872119,44874211,2092
HO25233,chrX,46446347,46447850,1503
HO25234,chrX,46544950,46546025,1075
HO25235,chrX,46573270,46575431,2161
HO25236,chrX,46758104,46759665,1561
HO25237,chrX,46836403,46837764,1361
HO25238,chrX,46903404,46904367,963
HO25239,chrX,46911958,46913974,2016
HO25240,chrX,47128872,47130007,1135
HO25241,chrX,47144112,47146045,1933
HO25242,chrX,47190478,47191147,669
HO25243,chrX,47193199,47194299,1100
HO25244,chrX,47217235,47219322,2087
HO25245,chrX,47232645,47233928,1283
HO25246,chrX,47361546,47362467,921
HO25247,chrX,47365887,47366585,698
HO25248,chrX,47482150,47483862,1712
HO25249,chrX,47523205,47524089,884
HO25250,chrX,47540758,47541536,778
HO25251,chrX,47555833,47556683,850
HO25252,chrX,47560697,47561771,1074
HO25253,chrX,47581784,47582633,849
HO25254,chrX,47619472,47620203,731
HO25255,chrX,47623501,47624148,647
HO25256,chrX,47631441,47632485,1044
HO25257,chrX,47650030,47651370,1340
HO25258,chrX,47658358,47659484,1126
HO25259,chrX,47836075,47837085,1010
HO25260,chrX,48003334,48004341,1007
HO25261,chrX,48020637,48021922,1285
HO25262,chrX,48070776,48072083,1307
HO25263,chrX,48472291,48473383,1092
HO25264,chrX,48475558,48476551,993
HO25265,chrX,48508166,48509629,1463
HO25266,chrX,48521042,48522578,1536
HO25267,chrX,48539053,48540342,1289
HO25268,chrX,48555231,48556446,1215
HO25269,chrX,48573707,48575085,1378
HO25270,chrX,48596966,48598385,1419
HO25271,chrX,48675857,48677272,1415
HO25272,chrX,48695277,48697418,2141
HO25273,chrX,48736776,48738065,1289
HO25274,chrX,48800516,48802836,2320
HO25275,chrX,48890590,48892047,1457
HO25276,chrX,48896717,48898458,1741
HO25277,chrX,48910847,48912296,1449
HO25278,chrX,48917027,48917671,644
HO25279,chrX,48918348,48919602,1254
HO25280,chrX,48956985,48958923,1938
HO25281,chrX,49001455,49002751,1296
HO25282,chrX,49042634,49044096,1462
HO25283,chrX,49056447,49057110,663
HO25284,chrX,49073427,49074405,978
HO25285,chrX,49079375,49080584,1209
HO25286,chrX,49100530,49101980,1450
HO25287,chrX,49123081,49124092,1011
HO25288,chrX,49155041,49156602,1561
HO25289,chrX,49163475,49164493,1018
HO25290,chrX,49166043,49167487,1444
HO25291,chrX,49171473,49172892,1419
HO25292,chrX,49183981,49185101,1120
HO25293,chrX,49186053,49186632,579
HO25294,chrX,49190556,49191825,1269
HO25295,chrX,49199534,49200638,1104
HO25296,chrX,49235136,49235895,759
HO25297,chrX,49268663,49270493,1830
HO25298,chrX,49307505,49310031,2526
HO25299,chrX,49760110,49761280,1170
HO25300,chrX,49878109,49880074,1965
HO25301,chrX,49922092,49923431,1339
HO25302,chrX,50203635,50204947,1312
HO25303,chrX,50812981,50815132,2151
HO25304,chrX,51332064,51333043,979
HO25305,chrX,51395521,51396755,1234
HO25306,chrX,51495459,51497330,1871
HO25307,chrX,51618233,51619139,906
HO25308,chrX,51742836,51744125,1289
HO25309,chrX,51802670,51803703,1033
HO25310,chrX,51889511,51890185,674
HO25311,chrX,51892865,51893937,1072
HO25312,chrX,51894101,51895232,1131
HO25313,chrX,52261189,52262488,1299
HO25314,chrX,52574261,52575591,1330
HO25315,chrX,52919972,52921683,1711
HO25316,chrX,52933990,52935670,1680
HO25317,chrX,52994832,52996069,1237
HO25318,chrX,53047892,53049391,1499
HO25319,chrX,53071490,53073681,2191
HO25320,chrX,53081690,53082799,1109
HO25321,chrX,53088115,53089496,1381
HO25322,chrX,53093099,53094658,1559
HO25323,chrX,53224367,53225792,1425
HO25324,chrX,53280442,53282165,1723
HO25325,chrX,53320049,53321738,1689
HO25326,chrX,53421839,53423344,1505
HO25327,chrX,53433582,53434678,1096
HO25328,chrX,53441197,53442136,939
HO25329,chrX,53584725,53585828,1103
HO25330,chrX,53683288,53684618,1330
HO25331,chrX,53686088,53686956,868
HO25332,chrX,53716378,53717631,1253
HO25333,chrX,54042508,54043251,743
HO25334,chrX,54043582,54045595,2013
HO25335,chrX,54182202,54183778,1576
HO25336,chrX,54357171,54359186,2015
HO25337,chrX,54439699,54440878,1179
HO25338,chrX,54494784,54496608,1824
HO25339,chrX,54529378,54530920,1542
HO25340,chrX,54638937,54640163,1226
HO25341,chrX,54758272,54759766,1494
HO25342,chrX,54807392,54809217,1825
HO25343,chrX,54920436,54922138,1702
HO25344,chrX,54999352,55000638,1286
HO25345,chrX,55119335,55121395,2060
HO25346,chrX,55160528,55161811,1283
HO25347,chrX,55451203,55452974,1771
HO25348,chrX,55488123,55490298,2175
HO25349,chrX,55717204,55718526,1322
HO25350,chrX,55907746,55909249,1503
HO25351,chrX,56231664,56234066,2402
HO25352,chrX,56563089,56565426,2337
HO25353,chrX,56728264,56729610,1346
HO25354,chrX,56994763,56995983,1220
HO25355,chrX,57120788,57121857,1069
HO25356,chrX,57591267,57593175,1908
HO25357,chrX,57909173,57910805,1632
HO25358,chrX,63350230,63351698,1468
HO25359,chrX,63560227,63561751,1524
HO25360,chrX,63754080,63755548,1468
HO25361,chrX,63784180,63785760,1580
HO25362,chrX,64204104,64206496,2392
HO25363,chrX,64394407,64395851,1444
HO25364,chrX,64975231,64976836,1605
HO25365,chrX,65034210,65035727,1517
HO25366,chrX,65534112,65535259,1147
HO25367,chrX,65667129,65669284,2155
HO25368,chrX,65706030,65707901,1871
HO25369,chrX,68196806,68197761,955
HO25370,chrX,68432621,68434175,1554
HO25371,chrX,68498077,68499411,1334
HO25372,chrX,68693217,68694370,1153
HO25373,chrX,68827806,68829324,1518
HO25374,chrX,68867256,68868406,1150
HO25375,chrX,69158223,69159104,881
HO25376,chrX,69163912,69165733,1821
HO25377,chrX,69196298,69197707,1409
HO25378,chrX,69503503,69505397,1894
HO25379,chrX,69614782,69617183,2401
HO25380,chrX,70132858,70134440,1582
HO25381,chrX,70289264,70290647,1383
HO25382,chrX,70433585,70435007,1422
HO25383,chrX,70451927,70452791,864
HO25384,chrX,70454241,70455939,1698
HO25385,chrX,71067224,71068894,1670
HO25386,chrX,71095263,71096981,1718
HO25387,chrX,71118002,71119588,1586
HO25388,chrX,71144649,71146697,2048
HO25389,chrX,71181425,71182723,1298
HO25390,chrX,71222234,71223374,1140
HO25391,chrX,71223957,71225503,1546
HO25392,chrX,71253702,71255954,2252
HO25393,chrX,71282708,71284226,1518
HO25394,chrX,71365471,71367252,1781
HO25395,chrX,71492087,71493808,1721
HO25396,chrX,71532057,71533464,1407
HO25397,chrX,71910486,71912239,1753
HO25398,chrX,72018068,72019075,1007
HO25399,chrX,72068386,72070467,2081
HO25400,chrX,72082443,72083569,1126
HO25401,chrX,72130995,72132378,1383
HO25402,chrX,72180726,72181975,1249
HO25403,chrX,72238447,72239514,1067
HO25404,chrX,72276250,72277495,1245
HO25405,chrX,72304864,72307358,2494
HO25406,chrX,72346816,72347919,1103
HO25407,chrX,72365753,72367434,1681
HO25408,chrX,72394281,72396276,1995
HO25409,chrX,72571917,72573451,1534
HO25410,chrX,72713256,72714942,1686
HO25411,chrX,73213772,73215248,1476
HO25412,chrX,73562542,73564149,1607
HO25413,chrX,73943490,73944843,1353
HO25414,chrX,74291752,74293048,1296
HO25415,chrX,74293201,74293741,540
HO25416,chrX,74419859,74421836,1977
HO25417,chrX,74535173,74537517,2344
HO25418,chrX,74613032,74614994,1962
HO25419,chrX,74923919,74925897,1978
HO25420,chrX,75155493,75156995,1502
HO25421,chrX,75273264,75275069,1805
HO25422,chrX,75522197,75523746,1549
HO25423,chrX,76172344,76173827,1483
HO25424,chrX,76427340,76429022,1682
HO25425,chrX,77785015,77786438,1423
HO25426,chrX,77894882,77895810,928
HO25427,chrX,77899074,77899837,763
HO25428,chrX,77910090,77911034,944
HO25429,chrX,78103496,78105170,1674
HO25430,chrX,78138910,78140013,1103
HO25431,chrX,80021268,80023184,1916
HO25432,chrX,80334614,80335595,981
HO25433,chrX,80511796,80513938,2142
HO25434,chrX,80807841,80810274,2433
HO25435,chrX,81120321,81122431,2110
HO25436,chrX,81201049,81203082,2033
HO25437,chrX,84186990,84188782,1792
HO25438,chrX,84501599,84502779,1180
HO25439,chrX,85003020,85004543,1523
HO25440,chrX,85243244,85245284,2040
HO25441,chrX,86046883,86048184,1301
HO25442,chrX,86147610,86149040,1430
HO25443,chrX,87516749,87518857,2108
HO25444,chrX,91434410,91435810,1400
HO25445,chrX,93672726,93674351,1625
HO25446,chrX,96684143,96686175,2032
HO25447,chrX,100409597,100410604,1007
HO25448,chrX,100635689,100637175,1486
HO25449,chrX,100812055,100813063,1008
HO25450,chrX,100819541,100820788,1247
HO25451,chrX,101051171,101052316,1145
HO25452,chrX,101097373,101098469,1096
HO25453,chrX,101347730,101349192,1462
HO25454,chrX,101390385,101391704,1319
HO25455,chrX,101407230,101408755,1525
HO25456,chrX,101417398,101418859,1461
HO25457,chrX,101484893,101486206,1313
HO25458,chrX,101550102,101551652,1550
HO25459,chrX,101617024,101618186,1162
HO25460,chrX,101622741,101624326,1585
HO25461,chrX,101657915,101660074,2159
HO25462,chrX,101799169,101799908,739
HO25463,chrX,101930983,101932329,1346
HO25464,chrX,102125086,102126843,1757
HO25465,chrX,102154258,102156239,1981
HO25466,chrX,102515891,102517574,1683
HO25467,chrX,102598751,102600520,1769
HO25468,chrX,102650768,102652745,1977
HO25469,chrX,102659386,102660476,1090
HO25470,chrX,102711793,102713712,1919
HO25471,chrX,102745390,102746747,1357
HO25472,chrX,102768440,102769507,1067
HO25473,chrX,103062855,103064557,1702
HO25474,chrX,103101172,103102658,1486
HO25475,chrX,103214554,103216032,1478
HO25476,chrX,103253716,103255529,1813
HO25477,chrX,103275111,103277058,1947
HO25478,chrX,103309923,103311286,1363
HO25479,chrX,103329729,103331346,1617
HO25480,chrX,103355893,103357346,1453
HO25481,chrX,103375889,103377667,1778
HO25482,chrX,103404129,103405163,1034
HO25483,chrX,103554249,103555380,1131
HO25484,chrX,103585164,103586584,1420
HO25485,chrX,103607318,103608916,1598
HO25486,chrX,103628526,103630269,1743
HO25487,chrX,103686344,103688400,2056
HO25488,chrX,103831315,103832609,1294
HO25489,chrX,103918019,103919651,1632
HO25490,chrX,104111970,104113575,1605
HO25491,chrX,104156074,104157464,1390
HO25492,chrX,104165733,104167367,1634
HO25493,chrX,105821370,105823322,1952
HO25494,chrX,106144650,106145836,1186
HO25495,chrX,106611311,106612826,1515
HO25496,chrX,106725860,106727574,1714
HO25497,chrX,106801938,106803515,1577
HO25498,chrX,106998795,107000627,1832
HO25499,chrX,107118018,107119042,1024
HO25500,chrX,107205596,107206907,1311
HO25501,chrX,107627819,107629242,1423
HO25502,chrX,107669254,107670599,1345
HO25503,chrX,107715542,107717244,1702
HO25504,chrX,107731557,107732672,1115
HO25505,chrX,107741201,107743189,1988
HO25506,chrX,107775232,107776629,1397
HO25507,chrX,107776993,107777773,780
HO25508,chrX,107825418,107827308,1890
HO25509,chrX,108090504,108092312,1808
HO25510,chrX,108439214,108440554,1340
HO25511,chrX,108735133,108737206,2073
HO25512,chrX,109533641,109534385,744
HO25513,chrX,109536377,109537596,1219
HO25514,chrX,109732204,109733801,1597
HO25515,chrX,109818031,109819806,1775
HO25516,chrX,110001927,110003341,1414
HO25517,chrX,110160479,110161485,1006
HO25518,chrX,110316763,110318748,1985
HO25519,chrX,110358130,110359611,1481
HO25520,chrX,111095467,111096940,1473
HO25521,chrX,111680707,111682056,1349
HO25522,chrX,112081640,112084494,2854
HO25523,chrX,112840090,112841854,1764
HO25524,chrX,115233094,115234481,1387
HO25525,chrX,115560726,115562823,2097
HO25526,chrX,115968214,115969341,1127
HO25527,chrX,118115942,118117472,1530
HO25528,chrX,118345341,118347379,2038
HO25529,chrX,118355449,118356701,1252
HO25530,chrX,118495085,118496943,1858
HO25531,chrX,118726913,118728325,1412
HO25532,chrX,118823304,118824715,1411
HO25533,chrX,118839029,118839950,921
HO25534,chrX,118973580,118977077,3497
HO25535,chrX,119039953,119041941,1988
HO25536,chrX,119234910,119237500,2590
HO25537,chrX,119272984,119274222,1238
HO25538,chrX,119467927,119469418,1491
HO25539,chrX,119482208,119483085,877
HO25540,chrX,119564916,119565634,718
HO25541,chrX,119573440,119575492,2052
HO25542,chrX,119604862,119607149,2287
HO25543,chrX,119653775,119655465,1690
HO25544,chrX,119666056,119667944,1888
HO25545,chrX,119672999,119673746,747
HO25546,chrX,119692136,119694422,2286
HO25547,chrX,119757757,119759626,1869
HO25548,chrX,119775465,119776490,1025
HO25549,chrX,119790774,119792313,1539
HO25550,chrX,119852291,119853529,1238
HO25551,chrX,119870401,119872380,1979
HO25552,chrX,119887531,119888506,975
HO25553,chrX,119942722,119944050,1328
HO25554,chrX,120014489,120016245,1756
HO25555,chrX,120223706,120224906,1200
HO25556,chrX,120244231,120245440,1209
HO25557,chrX,120250099,120251940,1841
HO25558,chrX,120308609,120309957,1348
HO25559,chrX,120310309,120311939,1630
HO25560,chrX,120468290,120469551,1261
HO25561,chrX,120485227,120486472,1245
HO25562,chrX,120560314,120562191,1877
HO25563,chrX,120603580,120604783,1203
HO25564,chrX,120629466,120630557,1091
HO25565,chrX,121010256,121011773,1517
HO25566,chrX,121227571,121228568,997
HO25567,chrX,123731356,123733321,1965
HO25568,chrX,123764532,123765684,1152
HO25569,chrX,123859227,123860743,1516
HO25570,chrX,123959281,123962047,2766
HO25571,chrX,123962749,123963363,614
HO25572,chrX,125203189,125206337,3148
HO25573,chrX,126165390,126167704,2314
HO25574,chrX,129522106,129524018,1912
HO25575,chrX,129539863,129541124,1261
HO25576,chrX,129653582,129655443,1861
HO25577,chrX,129677539,129679133,1594
HO25578,chrX,129842480,129844302,1822
HO25579,chrX,129905439,129906582,1143
HO25580,chrX,129930983,129933071,2088
HO25581,chrX,129934379,129934798,419
HO25582,chrX,129937037,129938438,1401
HO25583,chrX,129957047,129957863,816
HO25584,chrX,129960883,129961634,751
HO25585,chrX,129981896,129982859,963
HO25586,chrX,130059443,130061057,1614
HO25587,chrX,130105508,130106392,884
HO25588,chrX,130109498,130111688,2190
HO25589,chrX,130120314,130121287,973
HO25590,chrX,130165038,130166514,1476
HO25591,chrX,130170643,130172217,1574
HO25592,chrX,130267533,130269106,1573
HO25593,chrX,130339315,130340904,1589
HO25594,chrX,130401264,130402479,1215
HO25595,chrX,130902361,130903577,1216
HO25596,chrX,132022151,132024232,2081
HO25597,chrX,132216833,132218623,1790
HO25598,chrX,132218961,132219647,686
HO25599,chrX,132488359,132490305,1946
HO25600,chrX,132634114,132635309,1195
HO25601,chrX,132956322,132958697,2375
HO25602,chrX,133414292,133416082,1790
HO25603,chrX,133984884,133986232,1348
HO25604,chrX,134372782,134373947,1165
HO25605,chrX,134459628,134461168,1540
HO25606,chrX,134501474,134502450,976
HO25607,chrX,134536666,134537653,987
HO25608,chrX,134549113,134551364,2251
HO25609,chrX,134604021,134605450,1429
HO25610,chrX,134734033,134735305,1272
HO25611,chrX,134795778,134797439,1661
HO25612,chrX,134802820,134804215,1395
HO25613,chrX,134806743,134807863,1120
HO25614,chrX,134914055,134915672,1617
HO25615,chrX,134990503,134991486,983
HO25616,chrX,135003659,135004646,987
HO25617,chrX,135021403,135022855,1452
HO25618,chrX,135031679,135033220,1541
HO25619,chrX,135051076,135052590,1514
HO25620,chrX,135097067,135099304,2237
HO25621,chrX,135343385,135345489,2104
HO25622,chrX,135410478,135411623,1145
HO25623,chrX,135421378,135422824,1446
HO25624,chrX,135519862,135522368,2506
HO25625,chrX,135973034,135974734,1700
HO25626,chrX,135984733,135986281,1548
HO25627,chrX,136040997,136041960,963
HO25628,chrX,136146669,136148539,1870
HO25629,chrX,136250397,136251789,1392
HO25630,chrX,136496480,136497986,1506
HO25631,chrX,136766741,136768047,1306
HO25632,chrX,136879690,136881034,1344
HO25633,chrX,136908847,136910582,1735
HO25634,chrX,137051766,137053364,1598
HO25635,chrX,137565286,137567443,2157
HO25636,chrX,138709950,138712436,2486
HO25637,chrX,139202834,139205635,2801
HO25638,chrX,139931803,139933752,1949
HO25639,chrX,140090748,140091914,1166
HO25640,chrX,140503202,140504626,1424
HO25641,chrX,141176111,141177476,1365
HO25642,chrX,143632778,143636299,3521
HO25643,chrX,145817093,145818995,1902
HO25644,chrX,145842676,145844084,1408
HO25645,chrX,147376070,147377369,1299
HO25646,chrX,147911287,147912831,1544
HO25647,chrX,149504824,149505583,759
HO25648,chrX,149539075,149541619,2544
HO25649,chrX,149626538,149627268,730
HO25650,chrX,149630470,149632151,1681
HO25651,chrX,149937946,149940812,2866
HO25652,chrX,149960187,149961217,1030
HO25653,chrX,150276303,150277700,1397
HO25654,chrX,150361004,150362285,1281
HO25655,chrX,150364896,150366796,1900
HO25656,chrX,150508077,150509378,1301
HO25657,chrX,150547280,150548189,909
HO25658,chrX,150550210,150551192,982
HO25659,chrX,150568004,150569350,1346
HO25660,chrX,150692418,150694522,2104
HO25661,chrX,150897780,150899764,1984
HO25662,chrX,150982635,150984872,2237
HO25663,chrX,151081904,151082747,843
HO25664,chrX,151359287,151360615,1328
HO25665,chrX,151396111,151397819,1708
HO25666,chrX,151735164,151736458,1294
HO25667,chrX,151973448,151975234,1786
HO25668,chrX,152637311,152638351,1040
HO25669,chrX,152830029,152831429,1400
HO25670,chrX,152940928,152942301,1373
HO25671,chrX,152958056,152959335,1279
HO25672,chrX,153032282,153033700,1418
HO25673,chrX,153055734,153057783,2049
HO25674,chrX,153225965,153227090,1125
HO25675,chrX,153333579,153335009,1430
HO25676,chrX,153370416,153371784,1368
HO25677,chrX,153381571,153382585,1014
HO25678,chrX,153469810,153471158,1348
HO25679,chrX,153537217,153538923,1706
HO25680,chrX,153598367,153599736,1369
HO25681,chrX,153609672,153611214,1542
HO25682,chrX,153637301,153638089,788
HO25683,chrX,153641804,153642553,749
HO25684,chrX,153672560,153674056,1496
HO25685,chrX,153686764,153688089,1325
HO25686,chrX,153688778,153689939,1161
HO25687,chrX,153723379,153725033,1654
HO25688,chrX,153726193,153727473,1280
HO25689,chrX,153764786,153766711,1925
HO25690,chrX,153793651,153795175,1524
HO25691,chrX,153828718,153831342,2624
HO25692,chrX,153927221,153928741,1520
HO25693,chrX,153934381,153935605,1224
HO25694,chrX,153970067,153972994,2927
HO25695,chrX,154012263,154013970,1707
HO25696,chrX,154019143,154020711,1568
HO25697,chrX,154045896,154047838,1942
HO25698,chrX,154096599,154098168,1569
HO25699,chrX,154136470,154137246,776
HO25700,chrX,154368542,154369859,1317
HO25701,chrX,154370460,154371770,1310
HO25702,chrX,154377983,154379669,1686
HO25703,chrX,154396902,154399003,2101
HO25704,chrX,154411058,154412369,1311
HO25705,chrX,154419441,154420784,1343
HO25706,chrX,154428132,154429285,1153
HO25707,chrX,154436188,154438173,1985
HO25708,chrX,154443538,154444767,1229
HO25709,chrX,154457525,154460228,2703
HO25710,chrX,154478122,154479513,1391
HO25711,chrX,154485778,154487206,1428
HO25712,chrX,154490050,154491131,1081
HO25713,chrX,154515384,154517999,2615
HO25714,chrX,154526802,154527840,1038
HO25715,chrX,154534477,154535222,745
HO25716,chrX,154546406,154547982,1576
HO25717,chrX,154749797,154751516,1719
HO25718,chrX,154761987,154763654,1667
HO25719,chrX,154804833,154805940,1107
HO25720,chrX,154986935,154988539,1604
HO25721,chrX,155026457,155027585,1128
HO25722,chrX,155070552,155072116,1564
HO25723,chrX,155215722,155217297,1575
HO25724,chrX,155263786,155264697,911
HO25725,chrX,155611831,155613152,1321
HO25726,chrX,155880473,155881940,1467
HO25727,chrY,2786472,2787890,1418
HO25728,chrY,2934687,2936316,1629
HO25729,chrY,7272323,7273064,741
HO25730,chrY,7273335,7274999,1664
HO25731,chrY,12420645,12421909,1264
HO25732,chrY,12661316,12663547,2231
HO25733,chrY,12904330,12906027,1697
HO25734,chrY,13210635,13211939,1304
HO25735,chrY,13478201,13480399,2198
HO25736,chrY,13703320,13705532,2212
HO25737,chrY,13751090,13752878,1788
HO25738,chrY,14523822,14525718,1896
HO25739,chrY,15455427,15456797,1370
HO25740,chrY,19075518,19078120,2602
HO25741,chrY,19566681,19568068,1387
HO25742,chrY,19743944,19745337,1393
HO25743,chrY,20574998,20576299,1301
