ID,Chromosome,Start,End,Length
HO1,chr1,778202,779303,1101
HO2,chr1,826606,827807,1201
HO3,chr1,903989,905746,1757
HO4,chr1,923580,925857,2277
HO5,chr1,939791,941236,1445
HO6,chr1,958624,959544,920
HO7,chr1,966289,967355,1066
HO8,chr1,998438,999389,951
HO9,chr1,999595,1001227,1632
HO10,chr1,1004567,1005711,1144
HO11,chr1,1019132,1021442,2310
HO12,chr1,1032032,1034342,2310
HO13,chr1,1040031,1041428,1397
HO14,chr1,1058777,1059987,1210
HO15,chr1,1063654,1064479,825
HO16,chr1,1068526,1070143,1617
HO17,chr1,1079340,1080679,1339
HO18,chr1,1115628,1116933,1305
HO19,chr1,1200624,1201809,1185
HO20,chr1,1231085,1232921,1836
HO21,chr1,1272840,1274680,1840
HO22,chr1,1307429,1309282,1853
HO23,chr1,1324187,1325377,1190
HO24,chr1,1348463,1349998,1535
HO25,chr1,1357738,1359165,1427
HO26,chr1,1374412,1375723,1311
HO27,chr1,1398571,1400179,1608
HO28,chr1,1406334,1408052,1718
HO29,chr1,1435239,1435952,713
HO30,chr1,1470644,1471894,1250
HO31,chr1,1504530,1505788,1258
HO32,chr1,1510949,1512616,1667
HO33,chr1,1539302,1540997,1695
HO34,chr1,1573822,1575527,1705
HO35,chr1,1596914,1597934,1020
HO36,chr1,1613817,1616484,2667
HO37,chr1,1629131,1632401,3270
HO38,chr1,1658505,1659319,814
HO39,chr1,1723850,1724626,776
HO40,chr1,1745567,1746560,993
HO41,chr1,1777218,1779260,2042
HO42,chr1,1889786,1891891,2105
HO43,chr1,1908413,1909826,1413
HO44,chr1,1918176,1919955,1779
HO45,chr1,1988357,1990653,2296
HO46,chr1,2018393,2020019,1626
HO47,chr1,2049324,2051030,1706
HO48,chr1,2073022,2074353,1331
HO49,chr1,2132270,2133938,1668
HO50,chr1,2189099,2190294,1195
HO51,chr1,2194416,2195514,1098
HO52,chr1,2204218,2205872,1654
HO53,chr1,2212139,2213469,1330
HO54,chr1,2226927,2229584,2657
HO55,chr1,2230370,2230940,570
HO56,chr1,2278864,2279910,1046
HO57,chr1,2314163,2315850,1687
HO58,chr1,2321835,2323179,1344
HO59,chr1,2329879,2331505,1626
HO60,chr1,2390973,2392955,1982
HO61,chr1,2411822,2413540,1718
HO62,chr1,2525630,2527030,1400
HO63,chr1,2585208,2587431,2223
HO64,chr1,2628018,2629817,1799
HO65,chr1,2642175,2643714,1539
HO66,chr1,3068787,3070838,2051
HO67,chr1,3170104,3171589,1485
HO68,chr1,3221094,3222593,1499
HO69,chr1,3312424,3315493,3069
HO70,chr1,3348040,3349975,1935
HO71,chr1,3352048,3353358,1310
HO72,chr1,3454216,3455205,989
HO73,chr1,3530209,3532075,1866
HO74,chr1,3609819,3611951,2132
HO75,chr1,3623923,3625893,1970
HO76,chr1,3649501,3650294,793
HO77,chr1,3745922,3747602,1680
HO78,chr1,3771005,3773649,2644
HO79,chr1,3774404,3775760,1356
HO80,chr1,3795465,3797010,1545
HO81,chr1,3856401,3858495,2094
HO82,chr1,3899561,3901592,2031
HO83,chr1,4655579,4656746,1167
HO84,chr1,5966445,5967994,1549
HO85,chr1,5991009,5993260,2251
HO86,chr1,6033923,6035894,1971
HO87,chr1,6179003,6181772,2769
HO88,chr1,6198805,6200139,1334
HO89,chr1,6204912,6206524,1612
HO90,chr1,6208619,6209544,925
HO91,chr1,6235096,6236343,1247
HO92,chr1,6244864,6245705,841
HO93,chr1,6259594,6262064,2470
HO94,chr1,6275933,6277060,1127
HO95,chr1,6392682,6394216,1534
HO96,chr1,6423295,6425224,1929
HO97,chr1,6454292,6456189,1897
HO98,chr1,6484874,6486828,1954
HO99,chr1,6489735,6491120,1385
HO100,chr1,6496982,6497885,903
HO101,chr1,6553664,6554802,1138
HO102,chr1,6579201,6581129,1928
HO103,chr1,6600849,6604167,3318
HO104,chr1,6612658,6615428,2770
HO105,chr1,6624592,6626037,1445
HO106,chr1,6700837,6702260,1423
HO107,chr1,6784169,6786469,2300
HO108,chr1,6956355,6957146,791
HO109,chr1,6961821,6963713,1892
HO110,chr1,7536722,7537666,944
HO111,chr1,7669260,7670644,1384
HO112,chr1,7679621,7681198,1577
HO113,chr1,7703744,7706313,2569
HO114,chr1,7770562,7772012,1450
HO115,chr1,7783171,7784721,1550
HO116,chr1,7953644,7954635,991
HO117,chr1,7960952,7962255,1303
HO118,chr1,8025364,8027039,1675
HO119,chr1,8407603,8409517,1914
HO120,chr1,8422303,8425073,2770
HO121,chr1,8438342,8439799,1457
HO122,chr1,8525196,8526301,1105
HO123,chr1,8700289,8702278,1989
HO124,chr1,8702782,8703759,977
HO125,chr1,8816434,8818239,1805
HO126,chr1,8869058,8869872,814
HO127,chr1,8877765,8879647,1882
HO128,chr1,9110539,9111213,674
HO129,chr1,9127389,9129974,2585
HO130,chr1,9181103,9183428,2325
HO131,chr1,9195706,9197427,1721
HO132,chr1,9234093,9235482,1389
HO133,chr1,9249414,9252089,2675
HO134,chr1,9291858,9293943,2085
HO135,chr1,9371202,9372170,968
HO136,chr1,9428432,9430260,1828
HO137,chr1,9538765,9540358,1593
HO138,chr1,9588175,9589666,1491
HO139,chr1,9651424,9652758,1334
HO140,chr1,9687083,9688109,1026
HO141,chr1,9688922,9690314,1392
HO142,chr1,9822885,9824770,1885
HO143,chr1,9835212,9836630,1418
HO144,chr1,9909212,9911212,2000
HO145,chr1,9942370,9943821,1451
HO146,chr1,10032296,10033840,1544
HO147,chr1,10209686,10212125,2439
HO148,chr1,10377219,10379228,2009
HO149,chr1,10398218,10399959,1741
HO150,chr1,10429851,10431361,1510
HO151,chr1,10471717,10472847,1130
HO152,chr1,10474579,10475613,1034
HO153,chr1,10530180,10531480,1300
HO154,chr1,10638138,10639777,1639
HO155,chr1,10663213,10664090,877
HO156,chr1,10693560,10695322,1762
HO157,chr1,10793666,10795555,1889
HO158,chr1,10796075,10796931,856
HO159,chr1,10835612,10836288,676
HO160,chr1,10866363,10868275,1912
HO161,chr1,10888296,10891455,3159
HO162,chr1,11011757,11013413,1656
HO163,chr1,11059176,11060981,1805
HO164,chr1,11099117,11100252,1135
HO165,chr1,11261750,11262992,1242
HO166,chr1,11272380,11273864,1484
HO167,chr1,11337497,11338521,1024
HO168,chr1,11339226,11340286,1060
HO169,chr1,11478456,11480680,2224
HO170,chr1,11653855,11655173,1318
HO171,chr1,11663851,11665266,1415
HO172,chr1,11680366,11681947,1581
HO173,chr1,11690448,11692659,2211
HO174,chr1,11735525,11737068,1543
HO175,chr1,11784508,11785455,947
HO176,chr1,11803039,11803961,922
HO177,chr1,11804817,11806553,1736
HO178,chr1,11907527,11910006,2479
HO179,chr1,11925711,11926734,1023
HO180,chr1,11933994,11935095,1101
HO181,chr1,11979560,11980918,1358
HO182,chr1,12018894,12020110,1216
HO183,chr1,12229426,12231418,1992
HO184,chr1,12477656,12478966,1310
HO185,chr1,12548677,12550259,1582
HO186,chr1,12594873,12596706,1833
HO187,chr1,12615730,12617367,1637
HO188,chr1,12617673,12618761,1088
HO189,chr1,12618968,12620142,1174
HO190,chr1,13583514,13584750,1236
HO191,chr1,13699571,13701136,1565
HO192,chr1,13748618,13750118,1500
HO193,chr1,13892191,13893640,1449
HO194,chr1,14597673,14599737,2064
HO195,chr1,14923713,14925347,1634
HO196,chr1,15088048,15090829,2781
HO197,chr1,15152260,15155037,2777
HO198,chr1,15246818,15247731,913
HO199,chr1,15409022,15410809,1787
HO200,chr1,15523834,15525499,1665
HO201,chr1,15526374,15527233,859
HO202,chr1,15602888,15604024,1136
HO203,chr1,15616659,15618306,1647
HO204,chr1,15758241,15759634,1393
HO205,chr1,15834119,15836415,2296
HO206,chr1,15846982,15848891,1909
HO207,chr1,15849079,15850276,1197
HO208,chr1,15885306,15887046,1740
HO209,chr1,15948944,15950325,1381
HO210,chr1,15974910,15976299,1389
HO211,chr1,16017387,16018625,1238
HO212,chr1,16055574,16056464,890
HO213,chr1,16144916,16146861,1945
HO214,chr1,16154608,16156435,1827
HO215,chr1,16167226,16168355,1129
HO216,chr1,16206172,16207351,1179
HO217,chr1,16216925,16218107,1182
HO218,chr1,16236097,16237639,1542
HO219,chr1,16350871,16352923,2052
HO220,chr1,16366698,16368383,1685
HO221,chr1,16440128,16441558,1430
HO222,chr1,16498492,16499926,1434
HO223,chr1,16513424,16514774,1350
HO224,chr1,16612004,16614016,2012
HO225,chr1,16643709,16645612,1903
HO226,chr1,16872150,16873768,1618
HO227,chr1,16888546,16889890,1344
HO228,chr1,16895158,16897310,2152
HO229,chr1,16903597,16905805,2208
HO230,chr1,16913249,16914692,1443
HO231,chr1,16960307,16962010,1703
HO232,chr1,16979538,16980863,1325
HO233,chr1,17010601,17012307,1706
HO234,chr1,17053282,17054734,1452
HO235,chr1,17437151,17440090,2939
HO236,chr1,17538048,17541043,2995
HO237,chr1,18383995,18386086,2091
HO238,chr1,18901855,18903474,1619
HO239,chr1,18955363,18957479,2116
HO240,chr1,19209229,19211055,1826
HO241,chr1,19250992,19252508,1516
HO242,chr1,19311045,19312923,1878
HO243,chr1,19484198,19486187,1989
HO244,chr1,19596151,19597816,1665
HO245,chr1,19643518,19645494,1976
HO246,chr1,19659430,19660114,684
HO247,chr1,19708393,19709585,1192
HO248,chr1,19881887,19883097,1210
HO249,chr1,19921295,19922669,1374
HO250,chr1,19974657,19976154,1497
HO251,chr1,20185324,20186831,1507
HO252,chr1,20290335,20292053,1718
HO253,chr1,20342794,20344168,1374
HO254,chr1,20483688,20484776,1088
HO255,chr1,20485233,20487165,1932
HO256,chr1,20507093,20508431,1338
HO257,chr1,20551907,20554035,2128
HO258,chr1,20633002,20634864,1862
HO259,chr1,20660694,20662265,1571
HO260,chr1,20696076,20697370,1294
HO261,chr1,20717224,20718332,1108
HO262,chr1,20731321,20733404,2083
HO263,chr1,20785995,20788159,2164
HO264,chr1,21175359,21177415,2056
HO265,chr1,21261630,21263248,1618
HO266,chr1,21268202,21270514,2312
HO267,chr1,21289422,21290938,1516
HO268,chr1,21324090,21325732,1642
HO269,chr1,21344130,21346200,2070
HO270,chr1,21439560,21440753,1193
HO271,chr1,21508607,21510235,1628
HO272,chr1,21618290,21619492,1202
HO273,chr1,21651052,21652369,1317
HO274,chr1,21658957,21659716,759
HO275,chr1,21668377,21670196,1819
HO276,chr1,21781621,21783966,2345
HO277,chr1,21914173,21915508,1335
HO278,chr1,21936691,21937937,1246
HO279,chr1,22024450,22026401,1951
HO280,chr1,22052116,22053857,1741
HO281,chr1,22121117,22121929,812
HO282,chr1,22141439,22143789,2350
HO283,chr1,22262409,22263060,651
HO284,chr1,22267506,22268303,797
HO285,chr1,22341777,22343050,1273
HO286,chr1,22349314,22351923,2609
HO287,chr1,22451152,22452826,1674
HO288,chr1,22684789,22686183,1394
HO289,chr1,22709796,22712031,2235
HO290,chr1,22791725,22793109,1384
HO291,chr1,23018769,23020444,1675
HO292,chr1,23167169,23169045,1876
HO293,chr1,23177124,23178574,1450
HO294,chr1,23216529,23218016,1487
HO295,chr1,23343275,23345158,1883
HO296,chr1,23367825,23370106,2281
HO297,chr1,23403469,23404260,791
HO298,chr1,23411350,23412459,1109
HO299,chr1,23421750,23425243,3493
HO300,chr1,23482954,23485061,2107
HO301,chr1,23530475,23531969,1494
HO302,chr1,23539490,23540269,779
HO303,chr1,23554318,23555314,996
HO304,chr1,23558966,23560107,1141
HO305,chr1,23561968,23562713,745
HO306,chr1,23567657,23569925,2268
HO307,chr1,23691285,23692374,1089
HO308,chr1,23742776,23744231,1455
HO309,chr1,23777746,23778854,1108
HO310,chr1,23790718,23792101,1383
HO311,chr1,23799450,23801416,1966
HO312,chr1,23824738,23825799,1061
HO313,chr1,23867562,23868903,1341
HO314,chr1,23958686,23960369,1683
HO315,chr1,23979488,23980704,1216
HO316,chr1,24018362,24019340,978
HO317,chr1,24102926,24103904,978
HO318,chr1,24150138,24151623,1485
HO319,chr1,24186675,24188015,1340
HO320,chr1,24321440,24322985,1545
HO321,chr1,24413137,24414001,864
HO322,chr1,24415198,24416335,1137
HO323,chr1,24501825,24503584,1759
HO324,chr1,24641713,24644160,2447
HO325,chr1,24744648,24746361,1713
HO326,chr1,24847701,24848830,1129
HO327,chr1,25231894,25233431,1537
HO328,chr1,25239245,25240472,1227
HO329,chr1,25245926,25248062,2136
HO330,chr1,25337923,25339468,1545
HO331,chr1,25429836,25431770,1934
HO332,chr1,25543137,25544308,1171
HO333,chr1,25615691,25618356,2665
HO334,chr1,25799384,25800873,1489
HO335,chr1,25818995,25821121,2126
HO336,chr1,25858689,25860232,1543
HO337,chr1,25874623,25876276,1653
HO338,chr1,25895086,25895852,766
HO339,chr1,25904992,25907211,2219
HO340,chr1,25922052,25924002,1950
HO341,chr1,25996922,25998996,2074
HO342,chr1,26034887,26036859,1972
HO343,chr1,26110577,26112603,2026
HO344,chr1,26161220,26162224,1004
HO345,chr1,26169239,26170391,1152
HO346,chr1,26188492,26190798,2306
HO347,chr1,26200663,26202115,1452
HO348,chr1,26224557,26225927,1370
HO349,chr1,26233463,26235264,1801
HO350,chr1,26279402,26280615,1213
HO351,chr1,26305807,26307211,1404
HO352,chr1,26335946,26337245,1299
HO353,chr1,26431563,26432704,1141
HO354,chr1,26471448,26473357,1909
HO355,chr1,26500002,26501749,1747
HO356,chr1,26529216,26530714,1498
HO357,chr1,26619891,26621781,1890
HO358,chr1,26692178,26693462,1284
HO359,chr1,26695241,26696385,1144
HO360,chr1,26697882,26698624,742
HO361,chr1,26723017,26724370,1353
HO362,chr1,26786613,26788529,1916
HO363,chr1,26826033,26827984,1951
HO364,chr1,26864155,26865978,1823
HO365,chr1,26889524,26890851,1327
HO366,chr1,26899653,26900787,1134
HO367,chr1,26921064,26922465,1401
HO368,chr1,26959489,26960762,1273
HO369,chr1,26993043,26995148,2105
HO370,chr1,27011867,27013409,1542
HO371,chr1,27031092,27032130,1038
HO372,chr1,27070460,27071569,1109
HO373,chr1,27111698,27112624,926
HO374,chr1,27154526,27155630,1104
HO375,chr1,27233805,27235737,1932
HO376,chr1,27299329,27301233,1904
HO377,chr1,27306791,27308224,1433
HO378,chr1,27321771,27322759,988
HO379,chr1,27349185,27350189,1004
HO380,chr1,27350435,27351698,1263
HO381,chr1,27356749,27357862,1113
HO382,chr1,27365275,27367258,1983
HO383,chr1,27382423,27383559,1136
HO384,chr1,27391378,27392887,1509
HO385,chr1,27489495,27490759,1264
HO386,chr1,27496503,27497611,1108
HO387,chr1,27503850,27505576,1726
HO388,chr1,27526914,27529531,2617
HO389,chr1,27556697,27558223,1526
HO390,chr1,27568159,27569292,1133
HO391,chr1,27574196,27576198,2002
HO392,chr1,27600313,27600695,382
HO393,chr1,27601769,27602713,944
HO394,chr1,27602961,27604519,1558
HO395,chr1,27658837,27660340,1503
HO396,chr1,27671725,27672619,894
HO397,chr1,27724523,27726658,2135
HO398,chr1,27772647,27774015,1368
HO399,chr1,27829846,27831448,1602
HO400,chr1,27914008,27915134,1126
HO401,chr1,27959324,27960559,1235
HO402,chr1,28087608,28088971,1363
HO403,chr1,28232515,28233188,673
HO404,chr1,28235539,28237189,1650
HO405,chr1,28246389,28247585,1196
HO406,chr1,28258631,28260827,2196
HO407,chr1,28296190,28297362,1172
HO408,chr1,28328283,28329741,1458
HO409,chr1,28369104,28370647,1543
HO410,chr1,28505383,28506685,1302
HO411,chr1,28517656,28519019,1363
HO412,chr1,28552340,28553748,1408
HO413,chr1,28580897,28582534,1637
HO414,chr1,28642108,28643548,1440
HO415,chr1,28647945,28649533,1588
HO416,chr1,28668164,28670101,1937
HO417,chr1,28736050,28738081,2031
HO418,chr1,28774730,28775637,907
HO419,chr1,28881886,28882441,555
HO420,chr1,28886698,28888462,1764
HO421,chr1,28913787,28915650,1863
HO422,chr1,29121203,29125401,4198
HO423,chr1,29156206,29157545,1339
HO424,chr1,29180950,29182572,1622
HO425,chr1,29230433,29231192,759
HO426,chr1,29236027,29236844,817
HO427,chr1,29237153,29238563,1410
HO428,chr1,29259111,29260470,1359
HO429,chr1,30378899,30380668,1769
HO430,chr1,30684976,30686019,1043
HO431,chr1,30707618,30708431,813
HO432,chr1,30717753,30719554,1801
HO433,chr1,30782323,30783567,1244
HO434,chr1,30823822,30824961,1139
HO435,chr1,30895355,30896521,1166
HO436,chr1,31064704,31066153,1449
HO437,chr1,31154412,31155834,1422
HO438,chr1,31181282,31182761,1479
HO439,chr1,31214689,31216598,1909
HO440,chr1,31238620,31240197,1577
HO441,chr1,31296249,31298109,1860
HO442,chr1,31372604,31374071,1467
HO443,chr1,31412816,31414842,2026
HO444,chr1,31510810,31511728,918
HO445,chr1,31548376,31549954,1578
HO446,chr1,31587756,31589304,1548
HO447,chr1,31617453,31618472,1019
HO448,chr1,31625978,31628412,2434
HO449,chr1,31644128,31645464,1336
HO450,chr1,31703491,31705559,2068
HO451,chr1,31714277,31715949,1672
HO452,chr1,31760414,31761252,838
HO453,chr1,31762479,31763200,721
HO454,chr1,31763841,31764716,875
HO455,chr1,31787971,31789581,1610
HO456,chr1,31937298,31938914,1616
HO457,chr1,31944014,31945114,1100
HO458,chr1,32013116,32015017,1901
HO459,chr1,32072275,32073669,1394
HO460,chr1,32107426,32108926,1500
HO461,chr1,32179091,32180803,1712
HO462,chr1,32200087,32201947,1860
HO463,chr1,32205082,32206358,1276
HO464,chr1,32221775,32222971,1196
HO465,chr1,32239308,32241820,2512
HO466,chr1,32247884,32248844,960
HO467,chr1,32291577,32292847,1270
HO468,chr1,32334844,32336789,1945
HO469,chr1,32351005,32352424,1419
HO470,chr1,32353240,32354500,1260
HO471,chr1,32361083,32362700,1617
HO472,chr1,32393859,32395297,1438
HO473,chr1,32426367,32427440,1073
HO474,chr1,32464006,32465878,1872
HO475,chr1,32499930,32501190,1260
HO476,chr1,32538885,32540393,1508
HO477,chr1,32650020,32651795,1775
HO478,chr1,32701232,32703972,2740
HO479,chr1,32741064,32742767,1703
HO480,chr1,32753495,32755494,1999
HO481,chr1,32759537,32760659,1122
HO482,chr1,32765219,32766165,946
HO483,chr1,32770606,32772147,1541
HO484,chr1,32816634,32818733,2099
HO485,chr1,32870066,32872962,2896
HO486,chr1,32885917,32886915,998
HO487,chr1,32892729,32894512,1783
HO488,chr1,32900378,32901787,1409
HO489,chr1,32963605,32965159,1554
HO490,chr1,32972552,32973460,908
HO491,chr1,33036024,33037227,1203
HO492,chr1,33080673,33081761,1088
HO493,chr1,33126773,33127897,1124
HO494,chr1,33180387,33182854,2467
HO495,chr1,33255273,33257497,2224
HO496,chr1,33305956,33307433,1477
HO497,chr1,33348745,33350668,1923
HO498,chr1,33363466,33364852,1386
HO499,chr1,33429910,33431399,1489
HO500,chr1,33471826,33472941,1115
HO501,chr1,34162869,34165401,2532
HO502,chr1,34852469,34853157,688
HO503,chr1,34858837,34860094,1257
HO504,chr1,34865543,34867081,1538
HO505,chr1,34884852,34886323,1471
HO506,chr1,34928923,34930639,1716
HO507,chr1,34983772,34985725,1953
HO508,chr1,35030708,35032186,1478
HO509,chr1,35078509,35079946,1437
HO510,chr1,35191763,35193491,1728
HO511,chr1,35268308,35269568,1260
HO512,chr1,35556775,35559173,2398
HO513,chr1,35576779,35578034,1255
HO514,chr1,35641001,35642257,1256
HO515,chr1,35707126,35708833,1707
HO516,chr1,35717820,35719346,1526
HO517,chr1,35769090,35770288,1198
HO518,chr1,35807406,35809153,1747
HO519,chr1,35882617,35884267,1650
HO520,chr1,35930110,35931941,1831
HO521,chr1,36083676,36084618,942
HO522,chr1,36088205,36089874,1669
HO523,chr1,36124536,36126193,1657
HO524,chr1,36148920,36149965,1045
HO525,chr1,36150300,36151164,864
HO526,chr1,36155050,36157677,2627
HO527,chr1,36223171,36225109,1938
HO528,chr1,36305752,36307847,2095
HO529,chr1,36320263,36321916,1653
HO530,chr1,36322621,36324621,2000
HO531,chr1,36384743,36387003,2260
HO532,chr1,36397079,36398314,1235
HO533,chr1,36449795,36451221,1426
HO534,chr1,36463430,36464917,1487
HO535,chr1,36988144,36989759,1615
HO536,chr1,37033600,37035232,1632
HO537,chr1,37473740,37475138,1398
HO538,chr1,37513636,37515312,1676
HO539,chr1,37553745,37554519,774
HO540,chr1,37556546,37557140,594
HO541,chr1,37595267,37596503,1236
HO542,chr1,37633696,37635119,1423
HO543,chr1,37689704,37690861,1157
HO544,chr1,37691523,37692805,1282
HO545,chr1,37807330,37809382,2052
HO546,chr1,37858907,37860401,1494
HO547,chr1,37931185,37932243,1058
HO548,chr1,37945796,37947268,1472
HO549,chr1,37989143,37990420,1277
HO550,chr1,37995676,37996869,1193
HO551,chr1,37999370,38001039,1669
HO552,chr1,38004716,38005931,1215
HO553,chr1,38012029,38013339,1310
HO554,chr1,38028697,38031171,2474
HO555,chr1,38046372,38048052,1680
HO556,chr1,38474889,38477303,2414
HO557,chr1,38858624,38860378,1754
HO558,chr1,38872592,38873860,1268
HO559,chr1,38990467,38992393,1926
HO560,chr1,39025650,39027286,1636
HO561,chr1,39080480,39082833,2353
HO562,chr1,39098089,39098967,878
HO563,chr1,39104676,39106700,2024
HO564,chr1,39407879,39409790,1911
HO565,chr1,39490680,39492357,1677
HO566,chr1,39575237,39577129,1892
HO567,chr1,39645979,39647183,1204
HO568,chr1,39690891,39692753,1862
HO569,chr1,39738327,39739526,1199
HO570,chr1,39845234,39846569,1335
HO571,chr1,39882707,39883918,1211
HO572,chr1,39900796,39902590,1794
HO573,chr1,39954693,39955958,1265
HO574,chr1,40039173,40041210,2037
HO575,chr1,40096590,40097812,1222
HO576,chr1,40160857,40162088,1231
HO577,chr1,40257238,40258614,1376
HO578,chr1,40314724,40317428,2704
HO579,chr1,40373087,40374953,1866
HO580,chr1,40449501,40450837,1336
HO581,chr1,40476765,40478181,1416
HO582,chr1,40508284,40509445,1161
HO583,chr1,40531016,40532231,1215
HO584,chr1,40665021,40666092,1071
HO585,chr1,40691010,40692738,1728
HO586,chr1,40708645,40709812,1167
HO587,chr1,40783096,40784581,1485
HO588,chr1,40817784,40819111,1327
HO589,chr1,40860713,40862842,2129
HO590,chr1,40978951,40980618,1667
HO591,chr1,41003196,41004202,1006
HO592,chr1,41240227,41242873,2646
HO593,chr1,41360719,41362179,1460
HO594,chr1,41365784,41367005,1221
HO595,chr1,41370497,41372626,2129
HO596,chr1,41380574,41383053,2479
HO597,chr1,41495911,41497069,1158
HO598,chr1,41515740,41517298,1558
HO599,chr1,41661373,41663123,1750
HO600,chr1,41917541,41919012,1471
HO601,chr1,42034883,42036329,1446
HO602,chr1,42333790,42335992,2202
HO603,chr1,42379783,42381294,1511
HO604,chr1,42420668,42421732,1064
HO605,chr1,42455548,42457066,1518
HO606,chr1,42462700,42463840,1140
HO607,chr1,42657640,42659114,1474
HO608,chr1,42681137,42683551,2414
HO609,chr1,42765545,42767808,2263
HO610,chr1,42815966,42817585,1619
HO611,chr1,42845893,42847136,1243
HO612,chr1,42923773,42925187,1414
HO613,chr1,42957672,42959454,1782
HO614,chr1,42962701,42963972,1271
HO615,chr1,43007201,43009115,1914
HO616,chr1,43147177,43148239,1062
HO617,chr1,43171630,43172853,1223
HO618,chr1,43348352,43349853,1501
HO619,chr1,43358039,43359357,1318
HO620,chr1,43366845,43368632,1787
HO621,chr1,43389201,43390253,1052
HO622,chr1,43452834,43454812,1978
HO623,chr1,43530534,43532137,1603
HO624,chr1,43549804,43550792,988
HO625,chr1,43557676,43559030,1354
HO626,chr1,43565325,43566292,967
HO627,chr1,43649179,43650831,1652
HO628,chr1,43706591,43708195,1604
HO629,chr1,43933152,43935091,1939
HO630,chr1,43945845,43947399,1554
HO631,chr1,43969325,43970228,903
HO632,chr1,43974158,43975757,1599
HO633,chr1,43978682,43980199,1517
HO634,chr1,43990988,43992344,1356
HO635,chr1,44029523,44031863,2340
HO636,chr1,44212693,44214003,1310
HO637,chr1,44237687,44240408,2721
HO638,chr1,44354516,44355733,1217
HO639,chr1,44404934,44407181,2247
HO640,chr1,44523754,44525622,1868
HO641,chr1,44631280,44632948,1668
HO642,chr1,44661632,44662973,1341
HO643,chr1,44673601,44674935,1334
HO644,chr1,44730449,44731557,1108
HO645,chr1,44739161,44740336,1175
HO646,chr1,44774920,44776755,1835
HO647,chr1,44783780,44784914,1134
HO648,chr1,44785998,44786779,781
HO649,chr1,44799411,44801022,1611
HO650,chr1,44807022,44808886,1864
HO651,chr1,44813002,44814081,1079
HO652,chr1,44819064,44821402,2338
HO653,chr1,44842317,44843707,1390
HO654,chr1,44985735,44986944,1209
HO655,chr1,45010349,45013016,2667
HO656,chr1,45204863,45207054,2191
HO657,chr1,45303139,45304390,1251
HO658,chr1,45326329,45327627,1298
HO659,chr1,45339369,45340735,1366
HO660,chr1,45490086,45491693,1607
HO661,chr1,45499327,45500603,1276
HO662,chr1,45520746,45522287,1541
HO663,chr1,45550238,45551375,1137
HO664,chr1,45583205,45585192,1987
HO665,chr1,45685636,45687699,2063
HO666,chr1,45687825,45688501,676
HO667,chr1,45749889,45751091,1202
HO668,chr1,45802484,45804491,2007
HO669,chr1,46131263,46133572,2309
HO670,chr1,46197882,46198813,931
HO671,chr1,46202777,46204859,2082
HO672,chr1,46246604,46248008,1404
HO673,chr1,46301295,46303941,2646
HO674,chr1,46339777,46342306,2529
HO675,chr1,46393938,46395515,1577
HO676,chr1,46488950,46490667,1717
HO677,chr1,46532687,46533765,1078
HO678,chr1,46603527,46604589,1062
HO679,chr1,46667385,46668752,1367
HO680,chr1,46718225,46719639,1414
HO681,chr1,47023115,47024318,1203
HO682,chr1,47178845,47179699,854
HO683,chr1,47224642,47226076,1434
HO684,chr1,47313327,47314904,1577
HO685,chr1,47333072,47334885,1813
HO686,chr1,47437004,47438170,1166
HO687,chr1,47507616,47509451,1835
HO688,chr1,47532626,47534601,1975
HO689,chr1,47592640,47593622,982
HO690,chr1,47708569,47710824,2255
HO691,chr1,47724729,47726566,1837
HO692,chr1,47865879,47867793,1914
HO693,chr1,47996163,47997948,1785
HO694,chr1,48471098,48472702,1604
HO695,chr1,48775893,48777843,1950
HO696,chr1,50023323,50024311,988
HO697,chr1,50959267,50960800,1533
HO698,chr1,50967861,50970339,2478
HO699,chr1,50976522,50978651,2129
HO700,chr1,51235646,51237371,1725
HO701,chr1,51517468,51519584,2116
HO702,chr1,51616817,51617934,1117
HO703,chr1,51728529,51730302,1773
HO704,chr1,51877462,51879540,2078
HO705,chr1,51989482,51990978,1496
HO706,chr1,52032276,52034045,1769
HO707,chr1,52054712,52057079,2367
HO708,chr1,52140999,52143079,2080
HO709,chr1,52364974,52366670,1696
HO710,chr1,52368382,52369074,692
HO711,chr1,52403585,52405141,1556
HO712,chr1,52552172,52553985,1813
HO713,chr1,52601658,52603603,1945
HO714,chr1,52632419,52633671,1252
HO715,chr1,52697590,52698733,1143
HO716,chr1,52702814,52703657,843
HO717,chr1,52725947,52727451,1504
HO718,chr1,52842356,52843711,1355
HO719,chr1,52920597,52921950,1353
HO720,chr1,52926741,52928262,1521
HO721,chr1,53061301,53063496,2195
HO722,chr1,53195446,53197988,2542
HO723,chr1,53219742,53221017,1275
HO724,chr1,53237728,53239129,1401
HO725,chr1,53315798,53317947,2149
HO726,chr1,53325762,53328994,3232
HO727,chr1,53737666,53739672,2006
HO728,chr1,53837221,53838783,1562
HO729,chr1,53889180,53890409,1229
HO730,chr1,53944941,53946656,1715
HO731,chr1,54051925,54054086,2161
HO732,chr1,54199458,54200789,1331
HO733,chr1,54272343,54274145,1802
HO734,chr1,54355681,54357133,1452
HO735,chr1,54405641,54408197,2556
HO736,chr1,54487363,54489721,2358
HO737,chr1,54498978,54500316,1338
HO738,chr1,54541799,54543367,1568
HO739,chr1,54547480,54549116,1636
HO740,chr1,54715044,54716370,1326
HO741,chr1,54763671,54765104,1433
HO742,chr1,54780959,54781815,856
HO743,chr1,54800287,54801729,1442
HO744,chr1,54886011,54887983,1972
HO745,chr1,55039146,55040784,1638
HO746,chr1,55213850,55216064,2214
HO747,chr1,56576898,56579852,2954
HO748,chr1,56644255,56646444,2189
HO749,chr1,57422169,57424965,2796
HO750,chr1,58089239,58090521,1282
HO751,chr1,58545393,58547036,1643
HO752,chr1,58576068,58577640,1572
HO753,chr1,58699176,58700506,1330
HO754,chr1,58779666,58781255,1589
HO755,chr1,58781480,58781999,519
HO756,chr1,58782529,58785731,3202
HO757,chr1,58814468,58816713,2245
HO758,chr1,58903226,58904332,1106
HO759,chr1,59295978,59297357,1379
HO760,chr1,59392847,59394195,1348
HO761,chr1,59814160,59815578,1418
HO762,chr1,61042515,61043912,1397
HO763,chr1,61049712,61051223,1511
HO764,chr1,61056309,61058034,1725
HO765,chr1,61076560,61077503,943
HO766,chr1,61077719,61078271,552
HO767,chr1,61079417,61080198,781
HO768,chr1,61081675,61083885,2210
HO769,chr1,61452396,61453917,1521
HO770,chr1,61724320,61725745,1425
HO771,chr1,61741755,61743534,1779
HO772,chr1,62318105,62319567,1462
HO773,chr1,62435771,62437716,1945
HO774,chr1,62687273,62688863,1590
HO775,chr1,62783287,62784850,1563
HO776,chr1,63367002,63368239,1237
HO777,chr1,63522634,63524090,1456
HO778,chr1,63592859,63594627,1768
HO779,chr1,63773567,63775453,1886
HO780,chr1,64469598,64471729,2131
HO781,chr1,64505084,64506318,1234
HO782,chr1,64513532,64514790,1258
HO783,chr1,64567566,64568508,942
HO784,chr1,64744157,64746131,1974
HO785,chr1,64965218,64967626,2408
HO786,chr1,65002234,65003554,1320
HO787,chr1,65066055,65068870,2815
HO788,chr1,65147250,65149569,2319
HO789,chr1,65253962,65255652,1690
HO790,chr1,65265285,65266349,1064
HO791,chr1,65308958,65310431,1473
HO792,chr1,65419627,65421448,1821
HO793,chr1,65524968,65526201,1233
HO794,chr1,65791372,65793630,2258
HO795,chr1,66532769,66534609,1840
HO796,chr1,66924153,66925713,1560
HO797,chr1,66929736,66931053,1317
HO798,chr1,67052720,67054632,1912
HO799,chr1,67429005,67431264,2259
HO800,chr1,67684652,67687060,2408
HO801,chr1,67831341,67833805,2464
HO802,chr1,68049807,68050877,1070
HO803,chr1,68140600,68142724,2124
HO804,chr1,68230303,68233210,2907
HO805,chr1,68292876,68294437,1561
HO806,chr1,68495989,68497609,1620
HO807,chr1,69566826,69568849,2023
HO808,chr1,70204646,70206154,1508
HO809,chr1,70220987,70222055,1068
HO810,chr1,70353453,70355197,1744
HO811,chr1,70410301,70411663,1362
HO812,chr1,71046440,71048085,1645
HO813,chr1,71080169,71081568,1399
HO814,chr1,71189396,71190309,913
HO815,chr1,72281931,72285050,3119
HO816,chr1,74197548,74198626,1078
HO817,chr1,74732345,74734015,1670
HO818,chr1,75614455,75617090,2635
HO819,chr1,75723866,75725104,1238
HO820,chr1,75785598,75786808,1210
HO821,chr1,76074054,76075312,1258
HO822,chr1,76867267,76869225,1958
HO823,chr1,77218593,77220091,1498
HO824,chr1,77281565,77283088,1523
HO825,chr1,77681790,77683934,2144
HO826,chr1,77758805,77760175,1370
HO827,chr1,77779175,77780295,1120
HO828,chr1,77887992,77889868,1876
HO829,chr1,77977920,77979908,1988
HO830,chr1,78003936,78006228,2292
HO831,chr1,78045333,78047485,2152
HO832,chr1,78490610,78492080,1470
HO833,chr1,81799955,81803554,3599
HO834,chr1,81919963,81920794,831
HO835,chr1,83998334,83999612,1278
HO836,chr1,84077263,84078924,1661
HO837,chr1,84297997,84299421,1424
HO838,chr1,84478898,84480158,1260
HO839,chr1,84505197,84506900,1703
HO840,chr1,84573538,84574776,1238
HO841,chr1,84620164,84621276,1112
HO842,chr1,84689394,84691283,1889
HO843,chr1,84892237,84893665,1428
HO844,chr1,84996374,84998557,2183
HO845,chr1,85047148,85049023,1875
HO846,chr1,85061631,85062677,1046
HO847,chr1,85200109,85202140,2031
HO848,chr1,85258568,85260356,1788
HO849,chr1,85275709,85277111,1402
HO850,chr1,85463758,85466135,2377
HO851,chr1,85576220,85577649,1429
HO852,chr1,85580164,85581760,1596
HO853,chr1,85583747,85584783,1036
HO854,chr1,85707525,85708800,1275
HO855,chr1,86154625,86157309,2684
HO856,chr1,86395289,86396795,1506
HO857,chr1,86502107,86504410,2303
HO858,chr1,86703748,86705630,1882
HO859,chr1,86773762,86775200,1438
HO860,chr1,86913484,86915848,2364
HO861,chr1,87131571,87133013,1442
HO862,chr1,87327948,87329607,1659
HO863,chr1,87331255,87332140,885
HO864,chr1,87334405,87335822,1417
HO865,chr1,87642420,87643266,846
HO866,chr1,88683378,88685317,1939
HO867,chr1,88890603,88892145,1542
HO868,chr1,88983785,88985938,2153
HO869,chr1,88991355,88993396,2041
HO870,chr1,89125197,89126295,1098
HO871,chr1,89523618,89525589,1971
HO872,chr1,89631772,89634203,2431
HO873,chr1,89762089,89763710,1621
HO874,chr1,89820418,89822250,1832
HO875,chr1,89842703,89844190,1487
HO876,chr1,89994436,89996042,1606
HO877,chr1,90706387,90707676,1289
HO878,chr1,90717427,90719040,1613
HO879,chr1,90850532,90851901,1369
HO880,chr1,91020977,91022502,1525
HO881,chr1,91403963,91405146,1183
HO882,chr1,91500288,91501804,1516
HO883,chr1,91884812,91886957,2145
HO884,chr1,92029499,92031142,1643
HO885,chr1,92079800,92081007,1207
HO886,chr1,92298246,92299540,1294
HO887,chr1,92783575,92785687,2112
HO888,chr1,92831446,92833011,1565
HO889,chr1,92960174,92962700,2526
HO890,chr1,93078475,93080743,2268
HO891,chr1,93179214,93181242,2028
HO892,chr1,93344898,93346959,2061
HO893,chr1,93447314,93449574,2260
HO894,chr1,93680233,93682101,1868
HO895,chr1,93845995,93848258,2263
HO896,chr1,93878370,93880003,1633
HO897,chr1,93908533,93910064,1531
HO898,chr1,94063045,94064356,1311
HO899,chr1,94236764,94238072,1308
HO900,chr1,94246624,94248013,1389
HO901,chr1,94417164,94419316,2152
HO902,chr1,94540886,94542670,1784
HO903,chr1,94819239,94820748,1509
HO904,chr1,94925208,94927881,2673
HO905,chr1,95072134,95073561,1427
HO906,chr1,95116661,95118169,1508
HO907,chr1,95232574,95234785,2211
HO908,chr1,96721055,96722905,1850
HO909,chr1,97920103,97921629,1526
HO910,chr1,98053150,98054662,1512
HO911,chr1,98660619,98662593,1974
HO912,chr1,99003805,99005752,1947
HO913,chr1,99263930,99265045,1115
HO914,chr1,99849449,99850970,1521
HO915,chr1,99969251,99970665,1414
HO916,chr1,100037516,100039286,1770
HO917,chr1,100132296,100133517,1221
HO918,chr1,100249060,100250283,1223
HO919,chr1,100265516,100266895,1379
HO920,chr1,100350971,100353384,2413
HO921,chr1,100538031,100540191,2160
HO922,chr1,100894467,100896931,2464
HO923,chr1,101025101,101026436,1335
HO924,chr1,101235477,101237702,2225
HO925,chr1,101309060,101310155,1095
HO926,chr1,101996131,101997382,1251
HO927,chr1,103106337,103109078,2741
HO928,chr1,103524894,103526481,1587
HO929,chr1,105632015,105633583,1568
HO930,chr1,107056188,107057919,1731
HO931,chr1,107139610,107142430,2820
HO932,chr1,107964352,107966021,1669
HO933,chr1,108199106,108201094,1988
HO934,chr1,108559271,108561248,1977
HO935,chr1,108660799,108661750,951
HO936,chr1,108691537,108693587,2050
HO937,chr1,108746148,108747597,1449
HO938,chr1,108876117,108877749,1632
HO939,chr1,108962522,108963871,1349
HO940,chr1,109040777,109042531,1754
HO941,chr1,109075206,109076384,1178
HO942,chr1,109090063,109091503,1440
HO943,chr1,109099579,109101265,1686
HO944,chr1,109112079,109113067,988
HO945,chr1,109113358,109114308,950
HO946,chr1,109213325,109215069,1744
HO947,chr1,109248916,109250380,1464
HO948,chr1,109253438,109255696,2258
HO949,chr1,109282524,109283854,1330
HO950,chr1,109396940,109398691,1751
HO951,chr1,109425769,109427265,1496
HO952,chr1,109465948,109467622,1674
HO953,chr1,109483025,109484709,1684
HO954,chr1,109493495,109494473,978
HO955,chr1,109497624,109498768,1144
HO956,chr1,109508711,109510626,1915
HO957,chr1,109531887,109533249,1362
HO958,chr1,109547784,109549209,1425
HO959,chr1,109619436,109621318,1882
HO960,chr1,109655521,109656908,1387
HO961,chr1,109667405,109668684,1279
HO962,chr1,109739533,109741140,1607
HO963,chr1,109791749,109792868,1119
HO964,chr1,109910084,109912534,2450
HO965,chr1,109984057,109985616,1559
HO966,chr1,110034083,110035594,1511
HO967,chr1,110067337,110068491,1154
HO968,chr1,110068777,110070923,2146
HO969,chr1,110083599,110085099,1500
HO970,chr1,110150141,110151615,1474
HO971,chr1,110209510,110211454,1944
HO972,chr1,110337708,110340340,2632
HO973,chr1,110406980,110408196,1216
HO974,chr1,110412369,110414029,1660
HO975,chr1,110605858,110608080,2222
HO976,chr1,110674093,110675670,1577
HO977,chr1,110963022,110964474,1452
HO978,chr1,111139207,111140859,1652
HO979,chr1,111345947,111347131,1184
HO980,chr1,111448376,111449911,1535
HO981,chr1,111507355,111508583,1228
HO982,chr1,111619186,111620887,1701
HO983,chr1,111737533,111740556,3023
HO984,chr1,111754823,111756413,1590
HO985,chr1,111988866,111991719,2853
HO986,chr1,112395243,112396958,1715
HO987,chr1,112465426,112466623,1197
HO988,chr1,112500954,112503077,2123
HO989,chr1,112507681,112509617,1936
HO990,chr1,112618559,112620453,1894
HO991,chr1,112671719,112672658,939
HO992,chr1,112673563,112675738,2175
HO993,chr1,112700154,112701158,1004
HO994,chr1,112704600,112705429,829
HO995,chr1,112706441,112707675,1234
HO996,chr1,112713775,112716591,2816
HO997,chr1,112721936,112723667,1731
HO998,chr1,112743321,112744643,1322
HO999,chr1,112849268,112850364,1096
HO1000,chr1,112955103,112957087,1984
HO1001,chr1,113072121,113073799,1678
HO1002,chr1,113389444,113391574,2130
HO1003,chr1,113758017,113760089,2072
HO1004,chr1,113811200,113813008,1808
HO1005,chr1,113904105,113905791,1686
HO1006,chr1,113928429,113930888,2459
HO1007,chr1,114152233,114155304,3071
HO1008,chr1,114345638,114347056,1418
HO1009,chr1,114509979,114512247,2268
HO1010,chr1,114580910,114582303,1393
HO1011,chr1,114669317,114670719,1402
HO1012,chr1,114715951,114717242,1291
HO1013,chr1,114756907,114758332,1425
HO1014,chr1,114779842,114780976,1134
HO1015,chr1,115088864,115090431,1567
HO1016,chr1,115337239,115338783,1544
HO1017,chr1,115641541,115643295,1754
HO1018,chr1,115827696,115828957,1261
HO1019,chr1,115837416,115839892,2476
HO1020,chr1,115975802,115977059,1257
HO1021,chr1,116138687,116139584,897
HO1022,chr1,116150803,116152568,1765
HO1023,chr1,116167515,116168743,1228
HO1024,chr1,116372424,116374813,2389
HO1025,chr1,116417993,116418999,1006
HO1026,chr1,116569881,116571737,1856
HO1027,chr1,116666267,116668116,1849
HO1028,chr1,116877851,116879486,1635
HO1029,chr1,116909276,116911395,2119
HO1030,chr1,117059160,117060972,1812
HO1031,chr1,117120902,117122926,2024
HO1032,chr1,117366173,117367951,1778
HO1033,chr1,117605060,117607314,2254
HO1034,chr1,117928628,117930238,1610
HO1035,chr1,118987155,118988264,1109
HO1036,chr1,119139571,119141261,1690
HO1037,chr1,119326869,119328155,1286
HO1038,chr1,119552826,119554751,1925
HO1039,chr1,119617195,119618756,1561
HO1040,chr1,119630738,119632227,1489
HO1041,chr1,119646558,119648676,2118
HO1042,chr1,119711644,119714066,2422
HO1043,chr1,119736877,119737896,1019
HO1044,chr1,120175522,120176759,1237
HO1045,chr1,120843992,120845185,1193
HO1046,chr1,120850253,120851450,1197
HO1047,chr1,121184297,121185091,794
HO1048,chr1,121518600,121519972,1372
HO1049,chr1,143719915,143721110,1195
HO1050,chr1,143735609,143737165,1556
HO1051,chr1,144411911,144413420,1509
HO1052,chr1,144551018,144552428,1410
HO1053,chr1,145287005,145287931,926
HO1054,chr1,145424536,145426035,1499
HO1055,chr1,145607716,145608408,692
HO1056,chr1,145823474,145824862,1388
HO1057,chr1,145845048,145846594,1546
HO1058,chr1,145858295,145860105,1810
HO1059,chr1,145885293,145887067,1774
HO1060,chr1,145891647,145893202,1555
HO1061,chr1,145917835,145919837,2002
HO1062,chr1,145926573,145927893,1320
HO1063,chr1,145957232,145958277,1045
HO1064,chr1,145960290,145961010,720
HO1065,chr1,145964097,145964956,859
HO1066,chr1,145978772,145980492,1720
HO1067,chr1,145995999,145997410,1411
HO1068,chr1,146035339,146035945,606
HO1069,chr1,146036644,146038410,1766
HO1070,chr1,146038624,146039605,981
HO1071,chr1,146051450,146052888,1438
HO1072,chr1,146376265,146377486,1221
HO1073,chr1,146938011,146939627,1616
HO1074,chr1,147084043,147085829,1786
HO1075,chr1,147171531,147173359,1828
HO1076,chr1,147224728,147226000,1272
HO1077,chr1,147242121,147243689,1568
HO1078,chr1,147509262,147510574,1312
HO1079,chr1,147540182,147542305,2123
HO1080,chr1,147598571,147600632,2061
HO1081,chr1,147669317,147670992,1675
HO1082,chr1,147928124,147928813,689
HO1083,chr1,148151256,148152411,1155
HO1084,chr1,148262773,148264224,1451
HO1085,chr1,148333941,148335625,1684
HO1086,chr1,148361103,148363085,1982
HO1087,chr1,148387379,148389130,1751
HO1088,chr1,149636054,149637009,955
HO1089,chr1,149885288,149888777,3489
HO1090,chr1,149899067,149900340,1273
HO1091,chr1,149915849,149918125,2276
HO1092,chr1,149927139,149928536,1397
HO1093,chr1,150009330,150011104,1774
HO1094,chr1,150066699,150068073,1374
HO1095,chr1,150148977,150151023,2046
HO1096,chr1,150162422,150163645,1223
HO1097,chr1,150213008,150214395,1387
HO1098,chr1,150234088,150236651,2563
HO1099,chr1,150259265,150260423,1158
HO1100,chr1,150268099,150269473,1374
HO1101,chr1,150281237,150283061,1824
HO1102,chr1,150293292,150294382,1090
HO1103,chr1,150320908,150322072,1164
HO1104,chr1,150363226,150365047,1821
HO1105,chr1,150486909,150487771,862
HO1106,chr1,150514924,150516920,1996
HO1107,chr1,150548596,150550805,2209
HO1108,chr1,150560890,150562583,1693
HO1109,chr1,150567324,150568636,1312
HO1110,chr1,150578472,150580010,1538
HO1111,chr1,150628657,150630047,1390
HO1112,chr1,150696637,150697707,1070
HO1113,chr1,150875417,150877137,1720
HO1114,chr1,150925501,150926766,1265
HO1115,chr1,150973313,150975334,2021
HO1116,chr1,151006068,151007089,1021
HO1117,chr1,151007746,151009154,1408
HO1118,chr1,151047370,151048792,1422
HO1119,chr1,151058559,151060720,2161
HO1120,chr1,151069995,151071434,1439
HO1121,chr1,151130958,151132902,1944
HO1122,chr1,151144862,151147964,3102
HO1123,chr1,151164807,151166638,1831
HO1124,chr1,151189441,151190601,1160
HO1125,chr1,151197862,151199467,1605
HO1126,chr1,151254169,151255124,955
HO1127,chr1,151280956,151283130,2174
HO1128,chr1,151326641,151328340,1699
HO1129,chr1,151346298,151347718,1420
HO1130,chr1,151398785,151400162,1377
HO1131,chr1,151457596,151459687,2091
HO1132,chr1,151510711,151512070,1359
HO1133,chr1,151539368,151541611,2243
HO1134,chr1,151611279,151613732,2453
HO1135,chr1,151715314,151717425,2111
HO1136,chr1,151762768,151764018,1250
HO1137,chr1,151789962,151791608,1646
HO1138,chr1,151839045,151840395,1350
HO1139,chr1,151909090,151910251,1161
HO1140,chr1,151940956,151941877,921
HO1141,chr1,151992269,151994464,2195
HO1142,chr1,152047490,152048755,1265
HO1143,chr1,152110074,152111961,1887
HO1144,chr1,152188594,152190100,1506
HO1145,chr1,153119236,153120032,796
HO1146,chr1,153260550,153262414,1864
HO1147,chr1,153568195,153568911,716
HO1148,chr1,153626567,153627965,1398
HO1149,chr1,153633408,153634620,1212
HO1150,chr1,153658026,153659376,1350
HO1151,chr1,153670357,153672200,1843
HO1152,chr1,153677540,153680361,2821
HO1153,chr1,153696795,153699378,2583
HO1154,chr1,153727326,153729081,1755
HO1155,chr1,153774605,153776358,1753
HO1156,chr1,153783016,153784032,1016
HO1157,chr1,153880626,153882232,1606
HO1158,chr1,153921635,153923775,2140
HO1159,chr1,153945124,153947029,1905
HO1160,chr1,153957728,153959171,1443
HO1161,chr1,153963191,153964432,1241
HO1162,chr1,153967008,153967982,974
HO1163,chr1,153976737,153978359,1622
HO1164,chr1,153985080,153987076,1996
HO1165,chr1,153990119,153991109,990
HO1166,chr1,154182064,154183591,1527
HO1167,chr1,154220006,154222034,2028
HO1168,chr1,154271797,154273110,1313
HO1169,chr1,154324403,154326537,2134
HO1170,chr1,154328276,154329029,753
HO1171,chr1,154352369,154353858,1489
HO1172,chr1,154404809,154406534,1725
HO1173,chr1,154501368,154503302,1934
HO1174,chr1,154558046,154559826,1780
HO1175,chr1,154567358,154568216,858
HO1176,chr1,154607174,154608975,1801
HO1177,chr1,154626552,154628223,1671
HO1178,chr1,154760244,154760989,745
HO1179,chr1,154868465,154870611,2146
HO1180,chr1,154936144,154937812,1668
HO1181,chr1,154941246,154941921,675
HO1182,chr1,154952273,154953010,737
HO1183,chr1,154955066,154956399,1333
HO1184,chr1,154960990,154962549,1559
HO1185,chr1,154970571,154971346,775
HO1186,chr1,154973391,154975873,2482
HO1187,chr1,154982351,154984037,1686
HO1188,chr1,155000509,155002804,2295
HO1189,chr1,155016945,155017864,919
HO1190,chr1,155050233,155052391,2158
HO1191,chr1,155062222,155064375,2153
HO1192,chr1,155069620,155072173,2553
HO1193,chr1,155078394,155079146,752
HO1194,chr1,155084212,155086365,2153
HO1195,chr1,155125702,155128032,2330
HO1196,chr1,155134891,155136484,1593
HO1197,chr1,155139908,155140718,810
HO1198,chr1,155166045,155168170,2125
HO1199,chr1,155172586,155174880,2294
HO1200,chr1,155192820,155195472,2652
HO1201,chr1,155206834,155209397,2563
HO1202,chr1,155226455,155228124,1669
HO1203,chr1,155243663,155245232,1569
HO1204,chr1,155250283,155251422,1139
HO1205,chr1,155254601,155256010,1409
HO1206,chr1,155261441,155262729,1288
HO1207,chr1,155272685,155273899,1214
HO1208,chr1,155277043,155278718,1675
HO1209,chr1,155308044,155309978,1934
HO1210,chr1,155320515,155321099,584
HO1211,chr1,155322632,155325444,2812
HO1212,chr1,155561884,155563546,1662
HO1213,chr1,155609420,155610243,823
HO1214,chr1,155687788,155689378,1590
HO1215,chr1,155745061,155745824,763
HO1216,chr1,155856773,155857467,694
HO1217,chr1,155858984,155860795,1811
HO1218,chr1,155910485,155911889,1404
HO1219,chr1,155933641,155935364,1723
HO1220,chr1,155940171,155941590,1419
HO1221,chr1,155977510,155979055,1545
HO1222,chr1,156019936,156021179,1243
HO1223,chr1,156052877,156055315,2438
HO1224,chr1,156076430,156077342,912
HO1225,chr1,156080495,156083454,2959
HO1226,chr1,156103800,156104620,820
HO1227,chr1,156105713,156107131,1418
HO1228,chr1,156114111,156116288,2177
HO1229,chr1,156122567,156124110,1543
HO1230,chr1,156129809,156130636,827
HO1231,chr1,156145805,156147133,1328
HO1232,chr1,156160391,156161732,1341
HO1233,chr1,156193284,156194621,1337
HO1234,chr1,156212477,156213686,1209
HO1235,chr1,156245278,156246249,971
HO1236,chr1,156281156,156283373,2217
HO1237,chr1,156291052,156292111,1059
HO1238,chr1,156337487,156338942,1455
HO1239,chr1,156456159,156457804,1645
HO1240,chr1,156488669,156491003,2334
HO1241,chr1,156498765,156501621,2856
HO1242,chr1,156504798,156505609,811
HO1243,chr1,156571926,156572803,877
HO1244,chr1,156591011,156592247,1236
HO1245,chr1,156600800,156602016,1216
HO1246,chr1,156623828,156626108,2280
HO1247,chr1,156641539,156642653,1114
HO1248,chr1,156659811,156662298,2487
HO1249,chr1,156675329,156678319,2990
HO1250,chr1,156688997,156690223,1226
HO1251,chr1,156705392,156707645,2253
HO1252,chr1,156727985,156729307,1322
HO1253,chr1,156740416,156741562,1146
HO1254,chr1,156746438,156747470,1032
HO1255,chr1,156750860,156752328,1468
HO1256,chr1,156766121,156768533,2412
HO1257,chr1,156813432,156814507,1075
HO1258,chr1,156858332,156861238,2906
HO1259,chr1,156927262,156928100,838
HO1260,chr1,157045178,157046653,1475
HO1261,chr1,157137115,157139267,2152
HO1262,chr1,157154190,157156571,2381
HO1263,chr1,157510682,157512098,1416
HO1264,chr1,157992874,157995856,2982
HO1265,chr1,158002017,158003756,1739
HO1266,chr1,158112993,158113882,889
HO1267,chr1,158177339,158178114,775
HO1268,chr1,158180479,158181698,1219
HO1269,chr1,158484687,158485739,1052
HO1270,chr1,158999343,159000920,1577
HO1271,chr1,159171149,159173363,2214
HO1272,chr1,159187658,159188791,1133
HO1273,chr1,159780351,159781574,1223
HO1274,chr1,159853635,159855371,1736
HO1275,chr1,159922847,159925988,3141
HO1276,chr1,159944216,159946307,2091
HO1277,chr1,160030776,160032707,1931
HO1278,chr1,160069742,160070820,1078
HO1279,chr1,160083728,160084568,840
HO1280,chr1,160097826,160099431,1605
HO1281,chr1,160192746,160193704,958
HO1282,chr1,160204373,160206306,1933
HO1283,chr1,160261530,160262982,1452
HO1284,chr1,160284066,160285505,1439
HO1285,chr1,160342527,160343866,1339
HO1286,chr1,160399771,160401686,1915
HO1287,chr1,161019779,161021757,1978
HO1288,chr1,161037661,161039311,1650
HO1289,chr1,161044526,161046504,1978
HO1290,chr1,161097309,161099062,1753
HO1291,chr1,161117418,161118647,1229
HO1292,chr1,161131534,161133576,2042
HO1293,chr1,161153131,161154551,1420
HO1294,chr1,161158865,161160246,1381
HO1295,chr1,161165544,161167219,1675
HO1296,chr1,161176627,161178217,1590
HO1297,chr1,161200622,161202734,2112
HO1298,chr1,161225293,161226361,1068
HO1299,chr1,161258309,161259558,1249
HO1300,chr1,161305372,161306609,1237
HO1301,chr1,161313682,161315066,1384
HO1302,chr1,161389364,161390802,1438
HO1303,chr1,161398961,161400551,1590
HO1304,chr1,161523498,161524601,1103
HO1305,chr1,161529889,161531346,1457
HO1306,chr1,161611840,161613405,1565
HO1307,chr1,161725726,161727798,2072
HO1308,chr1,161749302,161750672,1370
HO1309,chr1,161764874,161767003,2129
HO1310,chr1,162023146,162024536,1390
HO1311,chr1,162069157,162071156,1999
HO1312,chr1,162255615,162257018,1403
HO1313,chr1,162497292,162498673,1381
HO1314,chr1,162560593,162562290,1697
HO1315,chr1,162630703,162633500,2797
HO1316,chr1,162695896,162696905,1009
HO1317,chr1,162822080,162823286,1206
HO1318,chr1,163320861,163322328,1467
HO1319,chr1,164558485,164560026,1541
HO1320,chr1,165234988,165236487,1499
HO1321,chr1,165375715,165377086,1371
HO1322,chr1,165392574,165393569,995
HO1323,chr1,165597758,165598949,1191
HO1324,chr1,165630220,165632151,1931
HO1325,chr1,165697589,165698956,1367
HO1326,chr1,165768382,165769521,1139
HO1327,chr1,165827000,165829223,2223
HO1328,chr1,166164875,166167502,2627
HO1329,chr1,166838795,166840259,1464
HO1330,chr1,166875307,166876747,1440
HO1331,chr1,166920156,166921543,1387
HO1332,chr1,166947091,166948187,1096
HO1333,chr1,166974646,166976119,1473
HO1334,chr1,167219380,167222613,3233
HO1335,chr1,167439142,167439983,841
HO1336,chr1,167454514,167456365,1851
HO1337,chr1,167552934,167554497,1563
HO1338,chr1,167713242,167715833,2591
HO1339,chr1,167720923,167722658,1735
HO1340,chr1,167934961,167937716,2755
HO1341,chr1,168135420,168137685,2265
HO1342,chr1,168178339,168180179,1840
HO1343,chr1,168225219,168226827,1608
HO1344,chr1,168465780,168466768,988
HO1345,chr1,168613080,168614235,1155
HO1346,chr1,168970666,168971985,1319
HO1347,chr1,169105217,169107162,1945
HO1348,chr1,169367187,169368712,1525
HO1349,chr1,169426709,169427713,1004
HO1350,chr1,169484886,169486728,1842
HO1351,chr1,169794091,169795459,1368
HO1352,chr1,169892648,169894484,1836
HO1353,chr1,170073830,170075305,1475
HO1354,chr1,170530999,170532697,1698
HO1355,chr1,170661204,170665252,4048
HO1356,chr1,171313438,171314318,880
HO1357,chr1,171484678,171486478,1800
HO1358,chr1,171741082,171742837,1755
HO1359,chr1,171780653,171782294,1641
HO1360,chr1,171840789,171842732,1943
HO1361,chr1,172443412,172444489,1077
HO1362,chr1,172449072,172451489,2417
HO1363,chr1,172532014,172534144,2130
HO1364,chr1,173476596,173478409,1813
HO1365,chr1,173668859,173670335,1476
HO1366,chr1,173714429,173715794,1365
HO1367,chr1,173823712,173825325,1613
HO1368,chr1,173867236,173869007,1771
HO1369,chr1,174021146,174023025,1879
HO1370,chr1,174158576,174160459,1883
HO1371,chr1,174799240,174800838,1598
HO1372,chr1,174998543,175000639,2096
HO1373,chr1,175022513,175023960,1447
HO1374,chr1,175029077,175030220,1143
HO1375,chr1,175191757,175193734,1977
HO1376,chr1,175572943,175573885,942
HO1377,chr1,176206202,176207875,1673
HO1378,chr1,177163713,177165273,1560
HO1379,chr1,177170304,177171678,1374
HO1380,chr1,177181254,177182361,1107
HO1381,chr1,177943744,177945205,1461
HO1382,chr1,178037436,178038319,883
HO1383,chr1,178093069,178094783,1714
HO1384,chr1,178541632,178543518,1886
HO1385,chr1,178724527,178726685,2158
HO1386,chr1,179025378,179027084,1706
HO1387,chr1,179081259,179083188,1929
HO1388,chr1,179228657,179230144,1487
HO1389,chr1,179293095,179294231,1136
HO1390,chr1,179364668,179366511,1843
HO1391,chr1,179585870,179586857,987
HO1392,chr1,179742599,179744937,2338
HO1393,chr1,179814391,179815785,1394
HO1394,chr1,179877257,179878033,776
HO1395,chr1,179881660,179883387,1727
HO1396,chr1,179953743,179955597,1854
HO1397,chr1,180154001,180155632,1631
HO1398,chr1,180228941,180231867,2926
HO1399,chr1,180256027,180257038,1011
HO1400,chr1,180501843,180503455,1612
HO1401,chr1,180631535,180632906,1371
HO1402,chr1,180911605,180913661,2056
HO1403,chr1,180925352,180927051,1699
HO1404,chr1,180953427,180954934,1507
HO1405,chr1,181021495,181023415,1920
HO1406,chr1,181088085,181090497,2412
HO1407,chr1,181104431,181106079,1648
HO1408,chr1,181485252,181486203,951
HO1409,chr1,182029067,182030319,1252
HO1410,chr1,182056300,182057463,1163
HO1411,chr1,182143168,182144758,1590
HO1412,chr1,182390104,182392459,2355
HO1413,chr1,182614464,182616541,2077
HO1414,chr1,182789012,182790066,1054
HO1415,chr1,182838687,182840343,1656
HO1416,chr1,183022273,183024856,2583
HO1417,chr1,183470925,183473177,2252
HO1418,chr1,183634898,183636482,1584
HO1419,chr1,183804308,183805884,1576
HO1420,chr1,184035764,184037944,2180
HO1421,chr1,184050843,184052602,1759
HO1422,chr1,184386138,184388171,2033
HO1423,chr1,184753974,184755756,1782
HO1424,chr1,184973343,184974790,1447
HO1425,chr1,185044862,185046442,1580
HO1426,chr1,185155962,185158421,2459
HO1427,chr1,185315783,185318041,2258
HO1428,chr1,185733680,185734912,1232
HO1429,chr1,186374369,186376166,1797
HO1430,chr1,186679836,186681322,1486
HO1431,chr1,187688178,187689628,1450
HO1432,chr1,190477777,190479157,1380
HO1433,chr1,191065309,191066232,923
HO1434,chr1,192808038,192809785,1747
HO1435,chr1,193058453,193060263,1810
HO1436,chr1,193104212,193105823,1611
HO1437,chr1,193121083,193122851,1768
HO1438,chr1,193408305,193409511,1206
HO1439,chr1,196607942,196609570,1628
HO1440,chr1,197145494,197147119,1625
HO1441,chr1,197200229,197202262,2033
HO1442,chr1,197774481,197776249,1768
HO1443,chr1,197902058,197903355,1297
HO1444,chr1,197915324,197918606,3282
HO1445,chr1,198156162,198157905,1743
HO1446,chr1,198158358,198159360,1002
HO1447,chr1,198934898,198937705,2807
HO1448,chr1,200038651,200039932,1281
HO1449,chr1,200409045,200410794,1749
HO1450,chr1,200620211,200621093,882
HO1451,chr1,200668952,200670626,1674
HO1452,chr1,200738310,200740082,1772
HO1453,chr1,200872809,200874324,1515
HO1454,chr1,200890705,200892134,1429
HO1455,chr1,201022798,201024011,1213
HO1456,chr1,201113732,201115269,1537
HO1457,chr1,201153557,201155062,1505
HO1458,chr1,201170418,201171735,1317
HO1459,chr1,201282939,201284508,1569
HO1460,chr1,201467970,201469955,1985
HO1461,chr1,201481490,201482431,941
HO1462,chr1,201506125,201507438,1313
HO1463,chr1,201537938,201540457,2519
HO1464,chr1,201647862,201650748,2886
HO1465,chr1,201739067,201740903,1836
HO1466,chr1,201828712,201829865,1153
HO1467,chr1,201888141,201889540,1399
HO1468,chr1,201945864,201947271,1407
HO1469,chr1,201954777,201955991,1214
HO1470,chr1,201981982,201983576,1594
HO1471,chr1,202143118,202145313,2195
HO1472,chr1,202159831,202162194,2363
HO1473,chr1,202184487,202185120,633
HO1474,chr1,202192668,202194290,1622
HO1475,chr1,202341513,202342370,857
HO1476,chr1,202348159,202349804,1645
HO1477,chr1,202642517,202644310,1793
HO1478,chr1,202709450,202711253,1803
HO1479,chr1,202806806,202808641,1835
HO1480,chr1,202810326,202811714,1388
HO1481,chr1,202860710,202862124,1414
HO1482,chr1,202888261,202889396,1135
HO1483,chr1,202926523,202927728,1205
HO1484,chr1,202957579,202958956,1377
HO1485,chr1,202966372,202968085,1713
HO1486,chr1,203005895,203007914,2019
HO1487,chr1,203025905,203027684,1779
HO1488,chr1,203048436,203049117,681
HO1489,chr1,203051511,203052394,883
HO1490,chr1,203127326,203128731,1405
HO1491,chr1,203267246,203267889,643
HO1492,chr1,203272908,203273682,774
HO1493,chr1,203278021,203279321,1300
HO1494,chr1,203289326,203291132,1806
HO1495,chr1,203304985,203307428,2443
HO1496,chr1,203308399,203309378,979
HO1497,chr1,203326807,203328131,1324
HO1498,chr1,203487012,203488233,1221
HO1499,chr1,203506845,203509002,2157
HO1500,chr1,203512696,203514733,2037
HO1501,chr1,203571663,203572701,1038
HO1502,chr1,203626205,203627160,955
HO1503,chr1,203627850,203629251,1401
HO1504,chr1,203649515,203650844,1329
HO1505,chr1,203795024,203796582,1558
HO1506,chr1,203860352,203862135,1783
HO1507,chr1,204072601,204075421,2820
HO1508,chr1,204128784,204130615,1831
HO1509,chr1,204142682,204143835,1153
HO1510,chr1,204150710,204152763,2053
HO1511,chr1,204198128,204199255,1127
HO1512,chr1,204213375,204214537,1162
HO1513,chr1,204287511,204288809,1298
HO1514,chr1,204362986,204364019,1033
HO1515,chr1,204410451,204412315,1864
HO1516,chr1,204445845,204447257,1412
HO1517,chr1,204493397,204495290,1893
HO1518,chr1,204506044,204508141,2097
HO1519,chr1,204515632,204517013,1381
HO1520,chr1,204624055,204625451,1396
HO1521,chr1,204683995,204685970,1975
HO1522,chr1,204806791,204807610,819
HO1523,chr1,204828158,204830237,2079
HO1524,chr1,205121310,205122751,1441
HO1525,chr1,205210472,205212178,1706
HO1526,chr1,205226951,205229984,3033
HO1527,chr1,205273123,205274676,1553
HO1528,chr1,205300598,205302088,1490
HO1529,chr1,205313242,205314504,1262
HO1530,chr1,205320595,205322047,1452
HO1531,chr1,205343220,205344790,1570
HO1532,chr1,205356043,205357370,1327
HO1533,chr1,205371889,205373783,1894
HO1534,chr1,205449645,205450774,1129
HO1535,chr1,205456293,205457661,1368
HO1536,chr1,205504086,205506139,2053
HO1537,chr1,205528574,205529623,1049
HO1538,chr1,205568201,205570157,1956
HO1539,chr1,205630581,205632492,1911
HO1540,chr1,205678274,205681027,2753
HO1541,chr1,205748464,205750547,2083
HO1542,chr1,205774051,205775648,1597
HO1543,chr1,205812233,205813986,1753
HO1544,chr1,206116675,206118171,1496
HO1545,chr1,206202854,206203335,481
HO1546,chr1,206556742,206557697,955
HO1547,chr1,206611905,206612857,952
HO1548,chr1,206633818,206636247,2429
HO1549,chr1,206684471,206686626,2155
HO1550,chr1,206908883,206910134,1251
HO1551,chr1,207050411,207051325,914
HO1552,chr1,207052608,207053706,1098
HO1553,chr1,207320755,207322493,1738
HO1554,chr1,207453822,207455206,1384
HO1555,chr1,207495673,207496809,1136
HO1556,chr1,207644549,207646006,1457
HO1557,chr1,207751398,207752979,1581
HO1558,chr1,207867716,207869466,1750
HO1559,chr1,207958850,207959836,986
HO1560,chr1,207962792,207964306,1514
HO1561,chr1,208100618,208102565,1947
HO1562,chr1,208242987,208244795,1808
HO1563,chr1,209207092,209208301,1209
HO1564,chr1,209349022,209350365,1343
HO1565,chr1,209674617,209676205,1588
HO1566,chr1,209747455,209748224,769
HO1567,chr1,209783928,209784916,988
HO1568,chr1,209805180,209806556,1376
HO1569,chr1,209827300,209828473,1173
HO1570,chr1,209937302,209938721,1419
HO1571,chr1,210232102,210234553,2451
HO1572,chr1,210250630,210252190,1560
HO1573,chr1,210291679,210293612,1933
HO1574,chr1,210310900,210311849,949
HO1575,chr1,210327989,210329871,1882
HO1576,chr1,211133318,211134490,1172
HO1577,chr1,211258073,211261080,3007
HO1578,chr1,211326311,211327807,1496
HO1579,chr1,211382065,211383457,1392
HO1580,chr1,211577484,211579892,2408
HO1581,chr1,211674990,211676168,1178
HO1582,chr1,211829022,211831114,2092
HO1583,chr1,212034529,212036100,1571
HO1584,chr1,212284563,212286765,2202
HO1585,chr1,212413630,212415242,1612
HO1586,chr1,212432250,212433655,1405
HO1587,chr1,212513937,212515726,1789
HO1588,chr1,212557953,212559549,1596
HO1589,chr1,212607676,212609965,2289
HO1590,chr1,212665037,212665831,794
HO1591,chr1,212698948,212701341,2393
HO1592,chr1,212791236,212792557,1321
HO1593,chr1,212857369,212859085,1716
HO1594,chr1,212950096,212951941,1845
HO1595,chr1,213014744,213016036,1292
HO1596,chr1,213050821,213051850,1029
HO1597,chr1,213987388,213990071,2683
HO1598,chr1,214280258,214282106,1848
HO1599,chr1,214438629,214440127,1498
HO1600,chr1,214550392,214552640,2248
HO1601,chr1,214602555,214603630,1075
HO1602,chr1,215081569,215083945,2376
HO1603,chr1,215566811,215568603,1792
HO1604,chr1,216600523,216601758,1235
HO1605,chr1,216722700,216724036,1336
HO1606,chr1,217088052,217090631,2579
HO1607,chr1,217630340,217631675,1335
HO1608,chr1,218163865,218165768,1903
HO1609,chr1,218284416,218285637,1221
HO1610,chr1,218344887,218346360,1473
HO1611,chr1,219173453,219175179,1726
HO1612,chr1,219927649,219929005,1356
HO1613,chr1,220045612,220046864,1252
HO1614,chr1,220089139,220090444,1305
HO1615,chr1,220093665,220094868,1203
HO1616,chr1,220271517,220272914,1397
HO1617,chr1,220527068,220529546,2478
HO1618,chr1,220689771,220691956,2185
HO1619,chr1,220747429,220749321,1892
HO1620,chr1,220785858,220787557,1699
HO1621,chr1,220878856,220880263,1407
HO1622,chr1,220893819,220894998,1179
HO1623,chr1,221741099,221743520,2421
HO1624,chr1,222464752,222465985,1233
HO1625,chr1,222589212,222590453,1241
HO1626,chr1,222617231,222619186,1955
HO1627,chr1,222643617,222644849,1232
HO1628,chr1,222711328,222713701,2373
HO1629,chr1,222814125,222815839,1714
HO1630,chr1,223081095,223081747,652
HO1631,chr1,223142509,223144472,1963
HO1632,chr1,223362897,223365369,2472
HO1633,chr1,223712033,223713445,1412
HO1634,chr1,223747858,223749446,1588
HO1635,chr1,223844569,223846878,2309
HO1636,chr1,223992146,223993391,1245
HO1637,chr1,224113694,224115093,1399
HO1638,chr1,224182427,224184284,1857
HO1639,chr1,224329487,224330707,1220
HO1640,chr1,224356273,224357655,1382
HO1641,chr1,224432650,224435575,2925
HO1642,chr1,224502362,224504001,1639
HO1643,chr1,224615641,224617266,1625
HO1644,chr1,224684553,224685567,1014
HO1645,chr1,225426696,225428945,2249
HO1646,chr1,225651907,225654144,2237
HO1647,chr1,225777110,225778424,1314
HO1648,chr1,225809640,225811496,1856
HO1649,chr1,225881541,225883342,1801
HO1650,chr1,225923517,225924783,1266
HO1651,chr1,225998648,226000093,1445
HO1652,chr1,226061488,226063799,2311
HO1653,chr1,226082769,226084151,1382
HO1654,chr1,226108987,226111493,2506
HO1655,chr1,226121201,226122922,1721
HO1656,chr1,226185199,226187172,1973
HO1657,chr1,226222962,226224272,1310
HO1658,chr1,226308254,226309945,1691
HO1659,chr1,226407199,226408692,1493
HO1660,chr1,226548284,226550396,2112
HO1661,chr1,226679778,226680607,829
HO1662,chr1,226702673,226703850,1177
HO1663,chr1,226736681,226739603,2922
HO1664,chr1,226870050,226871304,1254
HO1665,chr1,226939042,226940716,1674
HO1666,chr1,227317507,227319449,1942
HO1667,chr1,227541720,227543327,1607
HO1668,chr1,227563063,227564239,1176
HO1669,chr1,227727954,227729154,1200
HO1670,chr1,227734545,227735908,1363
HO1671,chr1,227786454,227788974,2520
HO1672,chr1,227886316,227888405,2089
HO1673,chr1,227912827,227915175,2348
HO1674,chr1,227946080,227948562,2482
HO1675,chr1,228081408,228084167,2759
HO1676,chr1,228102068,228103690,1622
HO1677,chr1,228108777,228110700,1923
HO1678,chr1,228139450,228140920,1470
HO1679,chr1,228149146,228151632,2486
HO1680,chr1,228165109,228166832,1723
HO1681,chr1,228212255,228213944,1689
HO1682,chr1,228275289,228276789,1500
HO1683,chr1,228377884,228379418,1534
HO1684,chr1,228405896,228407487,1591
HO1685,chr1,228414893,228416978,2085
HO1686,chr1,228445484,228446569,1085
HO1687,chr1,228457063,228458918,1855
HO1688,chr1,228463611,228465059,1448
HO1689,chr1,228486301,228488321,2020
HO1690,chr1,228500057,228501454,1397
HO1691,chr1,228646507,228648492,1985
HO1692,chr1,228734893,228736682,1789
HO1693,chr1,229209460,229210491,1031
HO1694,chr1,229270483,229272430,1947
HO1695,chr1,229341313,229343380,2067
HO1696,chr1,229410375,229411725,1350
HO1697,chr1,229507460,229508937,1477
HO1698,chr1,229557865,229559369,1504
HO1699,chr1,229624910,229626778,1868
HO1700,chr1,230065897,230068449,2552
HO1701,chr1,230425336,230426971,1635
HO1702,chr1,230641754,230643065,1311
HO1703,chr1,230867400,230869211,1811
HO1704,chr1,230977467,230979371,1904
HO1705,chr1,230983878,230985444,1566
HO1706,chr1,231039026,231041403,2377
HO1707,chr1,231160775,231163717,2942
HO1708,chr1,231211095,231212706,1611
HO1709,chr1,231240424,231242089,1665
HO1710,chr1,231336911,231338755,1844
HO1711,chr1,231420798,231422884,2086
HO1712,chr1,231527877,231529055,1178
HO1713,chr1,231625888,231627693,1805
HO1714,chr1,232629116,232630959,1843
HO1715,chr1,232804864,232806166,1302
HO1716,chr1,232950043,232951475,1432
HO1717,chr1,233294868,233295906,1038
HO1718,chr1,233326744,233328874,2130
HO1719,chr1,233613320,233614799,1479
HO1720,chr1,233904347,233906048,1701
HO1721,chr1,234213816,234215346,1530
HO1722,chr1,234372913,234374105,1192
HO1723,chr1,234477897,234479373,1476
HO1724,chr1,234522471,234523993,1522
HO1725,chr1,234533100,234535115,2015
HO1726,chr1,234543141,234545393,2252
HO1727,chr1,234599502,234601474,1972
HO1728,chr1,234609312,234611557,2245
HO1729,chr1,234612448,234613117,669
HO1730,chr1,234723320,234725070,1750
HO1731,chr1,234750318,234751869,1551
HO1732,chr1,234961523,234963561,2038
HO1733,chr1,235082877,235084329,1452
HO1734,chr1,235093019,235094202,1183
HO1735,chr1,235127752,235129206,1454
HO1736,chr1,235160506,235161867,1361
HO1737,chr1,235304234,235305497,1263
HO1738,chr1,235326699,235329462,2763
HO1739,chr1,235366839,235368005,1166
HO1740,chr1,235503356,235505707,2351
HO1741,chr1,235648470,235650887,2417
HO1742,chr1,235865884,235867764,1880
HO1743,chr1,235971350,235972650,1300
HO1744,chr1,236063732,236065584,1852
HO1745,chr1,236141057,236143693,2636
HO1746,chr1,236280835,236282475,1640
HO1747,chr1,236394815,236396013,1198
HO1748,chr1,236522956,236525041,2085
HO1749,chr1,236603845,236605122,1277
HO1750,chr1,236685958,236687139,1181
HO1751,chr1,236794664,236796304,1640
HO1752,chr1,237041545,237043571,2026
HO1753,chr1,239385906,239388255,2349
HO1754,chr1,240091435,240093778,2343
HO1755,chr1,240611237,240612622,1385
HO1756,chr1,241356215,241357536,1321
HO1757,chr1,241423478,241424735,1257
HO1758,chr1,241518652,241520117,1465
HO1759,chr1,241639475,241640798,1323
HO1760,chr1,241847403,241848684,1281
HO1761,chr1,242523337,242525380,2043
HO1762,chr1,243254001,243256351,2350
HO1763,chr1,243848938,243851331,2393
HO1764,chr1,244046928,244050023,3095
HO1765,chr1,244450638,244452415,1777
HO1766,chr1,244460705,244461968,1263
HO1767,chr1,244652207,244654076,1869
HO1768,chr1,244729472,244731328,1856
HO1769,chr1,244833735,244835991,2256
HO1770,chr1,244862447,244864942,2495
HO1771,chr1,244969436,244971492,2056
HO1772,chr1,245153065,245155765,2700
HO1773,chr1,245155931,245157033,1102
HO1774,chr1,246506310,246507661,1351
HO1775,chr1,246565575,246567623,2048
HO1776,chr1,246723684,246725158,1474
HO1777,chr1,246835662,246836740,1078
HO1778,chr1,246930889,246932467,1578
HO1779,chr1,247007327,247008313,986
HO1780,chr1,247077740,247079072,1332
HO1781,chr1,247103501,247105021,1520
HO1782,chr1,247110666,247112565,1899
HO1783,chr1,247209244,247211109,1865
HO1784,chr1,247330599,247333241,2642
HO1785,chr1,247447876,247448806,930
HO1786,chr1,247856895,247858048,1153
HO1787,chr1,248825210,248826889,1679
HO1788,chr1,248837526,248839270,1744
HO1789,chr1,248857827,248859904,2077
HO1790,chr1,248862831,248863774,943
HO1791,chr1,248872638,248874579,1941
HO1792,chr1,248905657,248907557,1900
HO1793,chr10,134304,136552,2248
HO1794,chr10,510602,512008,1406
HO1795,chr10,688195,690535,2340
HO1796,chr10,784397,785374,977
HO1797,chr10,930248,932311,2063
HO1798,chr10,987383,988968,1585
HO1799,chr10,1047982,1049994,2012
HO1800,chr10,1055734,1057623,1889
HO1801,chr10,1736624,1737923,1299
HO1802,chr10,3066891,3069333,2442
HO1803,chr10,3172010,3173645,1635
HO1804,chr10,3196797,3197972,1175
HO1805,chr10,3482020,3482923,903
HO1806,chr10,3782659,3783649,990
HO1807,chr10,3784570,3786204,1634
HO1808,chr10,4825487,4826978,1491
HO1809,chr10,4981387,4982585,1198
HO1810,chr10,5412003,5413413,1410
HO1811,chr10,5446204,5446808,604
HO1812,chr10,5665436,5666892,1456
HO1813,chr10,5684084,5686168,2084
HO1814,chr10,5691986,5693360,1374
HO1815,chr10,5812359,5814254,1895
HO1816,chr10,5888602,5890974,2372
HO1817,chr10,5976500,5978338,1838
HO1818,chr10,6088360,6090088,1728
HO1819,chr10,6144256,6146460,2204
HO1820,chr10,6162552,6165248,2696
HO1821,chr10,6200632,6203826,3194
HO1822,chr10,6203950,6204919,969
HO1823,chr10,6579598,6580905,1307
HO1824,chr10,7406870,7409570,2700
HO1825,chr10,7410382,7411848,1466
HO1826,chr10,7665607,7668149,2542
HO1827,chr10,7787364,7789189,1825
HO1828,chr10,7817937,7819456,1519
HO1829,chr10,8053234,8054057,823
HO1830,chr10,8533373,8535262,1889
HO1831,chr10,11017268,11018838,1570
HO1832,chr10,11164010,11166370,2360
HO1833,chr10,11610370,11612813,2443
HO1834,chr10,11741727,11743076,1349
HO1835,chr10,11868920,11870548,1628
HO1836,chr10,11874441,11876149,1708
HO1837,chr10,12041536,12043525,1989
HO1838,chr10,12068381,12069746,1365
HO1839,chr10,12129012,12130608,1596
HO1840,chr10,12194679,12196726,2047
HO1841,chr10,12348563,12350788,2225
HO1842,chr10,13000555,13002014,1459
HO1843,chr10,13098975,13101031,2056
HO1844,chr10,13160947,13162229,1282
HO1845,chr10,13268500,13269325,825
HO1846,chr10,13299016,13300292,1276
HO1847,chr10,13301815,13302625,810
HO1848,chr10,13346932,13348962,2030
HO1849,chr10,13439559,13440983,1424
HO1850,chr10,13527889,13529599,1710
HO1851,chr10,13586444,13587759,1315
HO1852,chr10,13706463,13708245,1782
HO1853,chr10,13890260,13892409,2149
HO1854,chr10,14603381,14605113,1732
HO1855,chr10,14837080,14839171,2091
HO1856,chr10,14877802,14879797,1995
HO1857,chr10,14952938,14954573,1635
HO1858,chr10,14958971,14960336,1365
HO1859,chr10,15088298,15089017,719
HO1860,chr10,15096514,15098073,1559
HO1861,chr10,15167475,15169373,1898
HO1862,chr10,15369409,15371617,2208
HO1863,chr10,15450176,15452135,1959
HO1864,chr10,15718241,15720422,2181
HO1865,chr10,15859479,15860829,1350
HO1866,chr10,16436272,16437507,1235
HO1867,chr10,16519470,16522025,2555
HO1868,chr10,16816739,16818304,1565
HO1869,chr10,17200431,17201898,1467
HO1870,chr10,17228036,17231606,3570
HO1871,chr10,17453123,17454914,1791
HO1872,chr10,17616377,17617996,1619
HO1873,chr10,17643251,17644920,1669
HO1874,chr10,18139935,18141505,1570
HO1875,chr10,18312276,18313466,1190
HO1876,chr10,18651075,18652121,1046
HO1877,chr10,18658162,18660131,1969
HO1878,chr10,19815323,19817971,2648
HO1879,chr10,21172853,21174784,1931
HO1880,chr10,21313868,21316448,2580
HO1881,chr10,21368822,21370203,1381
HO1882,chr10,21494166,21495063,897
HO1883,chr10,21495309,21497502,2193
HO1884,chr10,21499906,21500795,889
HO1885,chr10,21509358,21510902,1544
HO1886,chr10,21516123,21519241,3118
HO1887,chr10,21524774,21527596,2822
HO1888,chr10,21533216,21535521,2305
HO1889,chr10,22002263,22004033,1770
HO1890,chr10,22228715,22230994,2279
HO1891,chr10,22251143,22253847,2704
HO1892,chr10,22314955,22317086,2131
HO1893,chr10,22320416,22322188,1772
HO1894,chr10,22325251,22326180,929
HO1895,chr10,22334026,22336824,2798
HO1896,chr10,22340021,22341640,1619
HO1897,chr10,22436475,22438161,1686
HO1898,chr10,22475687,22478107,2420
HO1899,chr10,22712699,22715135,2436
HO1900,chr10,23094796,23096512,1716
HO1901,chr10,23190925,23193234,2309
HO1902,chr10,23343562,23344885,1323
HO1903,chr10,23438250,23440554,2304
HO1904,chr10,23693871,23695319,1448
HO1905,chr10,24207095,24210383,3288
HO1906,chr10,24722527,24725073,2546
HO1907,chr10,24951426,24953411,1985
HO1908,chr10,25015794,25017524,1730
HO1909,chr10,25174265,25175213,948
HO1910,chr10,25933673,25935212,1539
HO1911,chr10,26215371,26216806,1435
HO1912,chr10,26696785,26698408,1623
HO1913,chr10,26859128,26861426,2298
HO1914,chr10,27099546,27101247,1701
HO1915,chr10,27153769,27156230,2461
HO1916,chr10,27240106,27242439,2333
HO1917,chr10,27258418,27259780,1362
HO1918,chr10,27503530,27505321,1791
HO1919,chr10,27741833,27743875,2042
HO1920,chr10,27998027,27999178,1151
HO1921,chr10,28302092,28303451,1359
HO1922,chr10,28531978,28534181,2203
HO1923,chr10,28668293,28669174,881
HO1924,chr10,28676458,28679460,3002
HO1925,chr10,28721595,28722871,1276
HO1926,chr10,28839043,28840477,1434
HO1927,chr10,29409004,29410356,1352
HO1928,chr10,29734606,29737256,2650
HO1929,chr10,29992870,29994121,1251
HO1930,chr10,30013195,30014569,1374
HO1931,chr10,30058060,30059793,1733
HO1932,chr10,30184037,30185097,1060
HO1933,chr10,30348470,30349617,1147
HO1934,chr10,30432929,30435131,2202
HO1935,chr10,30783844,30785718,1874
HO1936,chr10,31031204,31032684,1480
HO1937,chr10,31133300,31134916,1616
HO1938,chr10,31318178,31321123,2945
HO1939,chr10,31602457,31604369,1912
HO1940,chr10,31759070,31760734,1664
HO1941,chr10,31927062,31929667,2605
HO1942,chr10,32055119,32056690,1571
HO1943,chr10,32345881,32347722,1841
HO1944,chr10,32377402,32380377,2975
HO1945,chr10,32445574,32447082,1508
HO1946,chr10,32957263,32958976,1713
HO1947,chr10,32980043,32981373,1330
HO1948,chr10,33334090,33337638,3548
HO1949,chr10,34739297,34740632,1335
HO1950,chr10,34813752,34816336,2584
HO1951,chr10,35089453,35090874,1421
HO1952,chr10,35126146,35128000,1854
HO1953,chr10,35194938,35196389,1451
HO1954,chr10,35335637,35337637,2000
HO1955,chr10,35639991,35642928,2937
HO1956,chr10,36114586,36115654,1068
HO1957,chr10,36681559,36682598,1039
HO1958,chr10,36758787,36760159,1372
HO1959,chr10,37856750,37858325,1575
HO1960,chr10,37975397,37976997,1600
HO1961,chr10,38010067,38011541,1474
HO1962,chr10,38093567,38095278,1711
HO1963,chr10,38402126,38403455,1329
HO1964,chr10,42551851,42553355,1504
HO1965,chr10,42637637,42638949,1312
HO1966,chr10,42752917,42755468,2551
HO1967,chr10,42781973,42783502,1529
HO1968,chr10,42932633,42934592,1959
HO1969,chr10,42951154,42952688,1534
HO1970,chr10,43076331,43077876,1545
HO1971,chr10,43104479,43105930,1451
HO1972,chr10,43137237,43139216,1979
HO1973,chr10,43228786,43230063,1277
HO1974,chr10,43322302,43323405,1103
HO1975,chr10,43361596,43362840,1244
HO1976,chr10,43395642,43397602,1960
HO1977,chr10,43407095,43410033,2938
HO1978,chr10,43420076,43421280,1204
HO1979,chr10,43436100,43437587,1487
HO1980,chr10,43454719,43456149,1430
HO1981,chr10,43573306,43574788,1482
HO1982,chr10,43605933,43607131,1198
HO1983,chr10,43648087,43649462,1375
HO1984,chr10,43688929,43690801,1872
HO1985,chr10,44383688,44385678,1990
HO1986,chr10,44863831,44865514,1683
HO1987,chr10,44878497,44879755,1258
HO1988,chr10,44958882,44960098,1216
HO1989,chr10,44974402,44975306,904
HO1990,chr10,44978429,44979210,781
HO1991,chr10,45000224,45001861,1637
HO1992,chr10,45008172,45008983,811
HO1993,chr10,45373077,45374882,1805
HO1994,chr10,45418357,45419987,1630
HO1995,chr10,45593881,45595156,1275
HO1996,chr10,45671867,45673612,1745
HO1997,chr10,45971529,45972964,1435
HO1998,chr10,46022974,46023765,791
HO1999,chr10,46029882,46030860,978
HO2000,chr10,46094548,46095700,1152
HO2001,chr10,46105555,46107080,1525
HO2002,chr10,46282404,46283322,918
HO2003,chr10,46284046,46285153,1107
HO2004,chr10,46555406,46557195,1789
HO2005,chr10,47383729,47384952,1223
HO2006,chr10,48305787,48307526,1739
HO2007,chr10,48453838,48455045,1207
HO2008,chr10,48523066,48524595,1529
HO2009,chr10,48655269,48656762,1493
HO2010,chr10,49114703,49115761,1058
HO2011,chr10,49538401,49539923,1522
HO2012,chr10,49609303,49610637,1334
HO2013,chr10,49761489,49762564,1075
HO2014,chr10,49941277,49942607,1330
HO2015,chr10,50417526,50418658,1132
HO2016,chr10,50621790,50625546,3756
HO2017,chr10,50739285,50740620,1335
HO2018,chr10,50990458,50992837,2379
HO2019,chr10,51073467,51075172,1705
HO2020,chr10,51698623,51700709,2086
HO2021,chr10,52308179,52309012,833
HO2022,chr10,52313168,52315158,1990
HO2023,chr10,55517756,55519120,1364
HO2024,chr10,55627364,55628796,1432
HO2025,chr10,55629702,55631774,2072
HO2026,chr10,56360662,56362046,1384
HO2027,chr10,58266828,58269839,3011
HO2028,chr10,58334564,58335922,1358
HO2029,chr10,58384524,58386082,1558
HO2030,chr10,58511601,58513982,2381
HO2031,chr10,59175680,59177652,1972
HO2032,chr10,59361746,59363417,1671
HO2033,chr10,59708720,59710515,1795
HO2034,chr10,59904967,59907159,2192
HO2035,chr10,60139441,60141579,2138
HO2036,chr10,60732287,60733693,1406
HO2037,chr10,60777915,60779141,1226
HO2038,chr10,60942519,60944926,2407
HO2039,chr10,61000724,61001922,1198
HO2040,chr10,61452013,61453907,1894
HO2041,chr10,61611720,61613136,1416
HO2042,chr10,61662440,61663741,1301
HO2043,chr10,61896815,61898082,1267
HO2044,chr10,61902810,61904156,1346
HO2045,chr10,62048238,62049869,1631
HO2046,chr10,62268026,62269302,1276
HO2047,chr10,62803325,62806106,2781
HO2048,chr10,62815651,62818323,2672
HO2049,chr10,63132713,63134029,1316
HO2050,chr10,63268670,63269465,795
HO2051,chr10,63464480,63466520,2040
HO2052,chr10,63520660,63522553,1893
HO2053,chr10,63628520,63631037,2517
HO2054,chr10,65570013,65571517,1504
HO2055,chr10,67763306,67765065,1759
HO2056,chr10,67849184,67850243,1059
HO2057,chr10,67883951,67886171,2220
HO2058,chr10,68073998,68075577,1579
HO2059,chr10,68153455,68154480,1025
HO2060,chr10,68230557,68232283,1726
HO2061,chr10,68330895,68333069,2174
HO2062,chr10,68406100,68407666,1566
HO2063,chr10,68471321,68472327,1006
HO2064,chr10,68526649,68527899,1250
HO2065,chr10,68559896,68562272,2376
HO2066,chr10,68598975,68600793,1818
HO2067,chr10,68720551,68721919,1368
HO2068,chr10,68826660,68827667,1007
HO2069,chr10,68900473,68901850,1377
HO2070,chr10,68955431,68957340,1909
HO2071,chr10,68988105,68989585,1480
HO2072,chr10,69123269,69125101,1832
HO2073,chr10,69179338,69181077,1739
HO2074,chr10,69317802,69319698,1896
HO2075,chr10,69408237,69409285,1048
HO2076,chr10,69450759,69452141,1382
HO2077,chr10,69629657,69630771,1114
HO2078,chr10,69729089,69730932,1843
HO2079,chr10,69801134,69803158,2024
HO2080,chr10,69866212,69867452,1240
HO2081,chr10,69917939,69918706,767
HO2082,chr10,70051692,70054384,2692
HO2083,chr10,70131774,70133386,1612
HO2084,chr10,70145316,70147448,2132
HO2085,chr10,70169628,70170994,1366
HO2086,chr10,70232128,70233983,1855
HO2087,chr10,70254930,70256462,1532
HO2088,chr10,70363688,70364867,1179
HO2089,chr10,70381449,70383058,1609
HO2090,chr10,70403560,70405848,2288
HO2091,chr10,70440050,70442140,2090
HO2092,chr10,70477686,70479528,1842
HO2093,chr10,70558428,70559782,1354
HO2094,chr10,70671931,70674134,2203
HO2095,chr10,70815481,70816905,1424
HO2096,chr10,70887358,70888810,1452
HO2097,chr10,70932103,70932892,789
HO2098,chr10,71211964,71214214,2250
HO2099,chr10,71216953,71218230,1277
HO2100,chr10,71318696,71319999,1303
HO2101,chr10,71376908,71377889,981
HO2102,chr10,71396050,71398202,2152
HO2103,chr10,71526673,71527683,1010
HO2104,chr10,71637894,71639320,1426
HO2105,chr10,71772849,71774134,1285
HO2106,chr10,71850471,71851603,1132
HO2107,chr10,71963004,71965494,2490
HO2108,chr10,71997929,72000163,2234
HO2109,chr10,72086249,72089141,2892
HO2110,chr10,72215396,72216588,1192
HO2111,chr10,72243625,72245277,1652
HO2112,chr10,72260162,72261699,1537
HO2113,chr10,72272641,72275001,2360
HO2114,chr10,72297119,72298500,1381
HO2115,chr10,72319356,72320489,1133
HO2116,chr10,72331367,72332516,1149
HO2117,chr10,72334162,72335847,1685
HO2118,chr10,72353656,72355466,1810
HO2119,chr10,72625305,72626570,1265
HO2120,chr10,72691518,72693483,1965
HO2121,chr10,73095236,73097304,2068
HO2122,chr10,73167471,73168730,1259
HO2123,chr10,73246441,73247549,1108
HO2124,chr10,73251791,73253430,1639
HO2125,chr10,73358067,73359016,949
HO2126,chr10,73412953,73414473,1520
HO2127,chr10,73494829,73496264,1435
HO2128,chr10,73624976,73626504,1528
HO2129,chr10,73647048,73648636,1588
HO2130,chr10,73729721,73730894,1173
HO2131,chr10,73743615,73744930,1315
HO2132,chr10,73771701,73773370,1669
HO2133,chr10,73781637,73782371,734
HO2134,chr10,73784948,73786431,1483
HO2135,chr10,73810704,73812224,1520
HO2136,chr10,73873631,73875315,1684
HO2137,chr10,73906429,73907388,959
HO2138,chr10,73910434,73911764,1330
HO2139,chr10,73997419,74000087,2668
HO2140,chr10,74150208,74151796,1588
HO2141,chr10,74175934,74177377,1443
HO2142,chr10,74824644,74827242,2598
HO2143,chr10,75099667,75101176,1509
HO2144,chr10,75110948,75112463,1515
HO2145,chr10,75209634,75211651,2017
HO2146,chr10,75233549,75236237,2688
HO2147,chr10,75283018,75284685,1667
HO2148,chr10,75294050,75296285,2235
HO2149,chr10,75395155,75396257,1102
HO2150,chr10,75401183,75403009,1826
HO2151,chr10,75404765,75405464,699
HO2152,chr10,75407644,75408741,1097
HO2153,chr10,75408976,75409854,878
HO2154,chr10,75612767,75614661,1894
HO2155,chr10,77636728,77638803,2075
HO2156,chr10,77710849,77711771,922
HO2157,chr10,77925342,77927667,2325
HO2158,chr10,78028620,78029994,1374
HO2159,chr10,78033378,78034357,979
HO2160,chr10,78203718,78204821,1103
HO2161,chr10,78289280,78290499,1219
HO2162,chr10,78302179,78303897,1718
HO2163,chr10,78406533,78407889,1356
HO2164,chr10,78470622,78472828,2206
HO2165,chr10,78972262,78974982,2720
HO2166,chr10,78977257,78978430,1173
HO2167,chr10,79066812,79071437,4625
HO2168,chr10,79194924,79195797,873
HO2169,chr10,79220315,79222203,1888
HO2170,chr10,79229908,79230838,930
HO2171,chr10,79242064,79243961,1897
HO2172,chr10,79346850,79348532,1682
HO2173,chr10,79444061,79446919,2858
HO2174,chr10,79904275,79905606,1331
HO2175,chr10,79981367,79982620,1253
HO2176,chr10,80078144,80079489,1345
HO2177,chr10,80204321,80206003,1682
HO2178,chr10,80356071,80357722,1651
HO2179,chr10,80407623,80409355,1732
HO2180,chr10,80411457,80412111,654
HO2181,chr10,80415871,80417806,1935
HO2182,chr10,80453326,80455515,2189
HO2183,chr10,81874056,81875693,1637
HO2184,chr10,83545402,83546583,1181
HO2185,chr10,84138827,84140315,1488
HO2186,chr10,84327936,84329546,1610
HO2187,chr10,86362916,86363875,959
HO2188,chr10,86365634,86367611,1977
HO2189,chr10,86376686,86377625,939
HO2190,chr10,86399640,86401892,2252
HO2191,chr10,86520718,86522436,1718
HO2192,chr10,86710669,86712453,1784
HO2193,chr10,86755417,86757685,2268
HO2194,chr10,86867941,86868804,863
HO2195,chr10,86939024,86939973,949
HO2196,chr10,86953678,86955817,2139
HO2197,chr10,86969802,86972037,2235
HO2198,chr10,87093870,87095852,1982
HO2199,chr10,87342119,87343287,1168
HO2200,chr10,87504181,87505937,1756
HO2201,chr10,87659303,87660546,1243
HO2202,chr10,87817560,87819159,1599
HO2203,chr10,87861552,87864455,2903
HO2204,chr10,88582161,88583587,1426
HO2205,chr10,88879638,88881158,1520
HO2206,chr10,88989697,88991948,2251
HO2207,chr10,89206153,89208453,2300
HO2208,chr10,89250968,89252222,1254
HO2209,chr10,89391715,89393476,1761
HO2210,chr10,89413977,89415503,1526
HO2211,chr10,89643466,89645854,2388
HO2212,chr10,89700834,89701940,1106
HO2213,chr10,89836732,89838555,1823
HO2214,chr10,90857074,90858677,1603
HO2215,chr10,90871197,90872864,1667
HO2216,chr10,91162165,91164434,2269
HO2217,chr10,91219967,91221542,1575
HO2218,chr10,91297920,91298976,1056
HO2219,chr10,91409120,91411318,2198
HO2220,chr10,91632515,91633676,1161
HO2221,chr10,91797787,91799521,1734
HO2222,chr10,91887018,91887965,947
HO2223,chr10,91907930,91909641,1711
HO2224,chr10,91923189,91924880,1691
HO2225,chr10,92238003,92241319,3316
HO2226,chr10,92290143,92292365,2222
HO2227,chr10,92573011,92574943,1932
HO2228,chr10,92590663,92593574,2911
HO2229,chr10,92688853,92691941,3088
HO2230,chr10,92848001,92849677,1676
HO2231,chr10,93436471,93439177,2706
HO2232,chr10,93445248,93446305,1057
HO2233,chr10,93495494,93496896,1402
HO2234,chr10,93701675,93703453,1778
HO2235,chr10,93893463,93895094,1631
HO2236,chr10,93993269,93994606,1337
HO2237,chr10,94362042,94363218,1176
HO2238,chr10,94402013,94404094,2081
HO2239,chr10,94544772,94546537,1765
HO2240,chr10,95183044,95184192,1148
HO2241,chr10,95290212,95291393,1181
HO2242,chr10,95559467,95561750,2283
HO2243,chr10,95655612,95657093,1481
HO2244,chr10,95692983,95694346,1363
HO2245,chr10,95906801,95908313,1512
HO2246,chr10,96042956,96045197,2241
HO2247,chr10,96089296,96090835,1539
HO2248,chr10,96129482,96130883,1401
HO2249,chr10,96374648,96375691,1043
HO2250,chr10,96512496,96514543,2047
HO2251,chr10,96585927,96587755,1828
HO2252,chr10,96719682,96721109,1427
HO2253,chr10,96831671,96833991,2320
HO2254,chr10,97095546,97097462,1916
HO2255,chr10,97185171,97186388,1217
HO2256,chr10,97195588,97197317,1729
HO2257,chr10,97291670,97292995,1325
HO2258,chr10,97318482,97320684,2202
HO2259,chr10,97332718,97335223,2505
HO2260,chr10,97400046,97401658,1612
HO2261,chr10,97425494,97426910,1416
HO2262,chr10,97445332,97446693,1361
HO2263,chr10,97497645,97499773,2128
HO2264,chr10,97632734,97634227,1493
HO2265,chr10,97640117,97641764,1647
HO2266,chr10,97686577,97688025,1448
HO2267,chr10,97713125,97715256,2131
HO2268,chr10,97736559,97737981,1422
HO2269,chr10,97742781,97743832,1051
HO2270,chr10,97770914,97772510,1596
HO2271,chr10,97849283,97850725,1442
HO2272,chr10,98029586,98031420,1834
HO2273,chr10,98134032,98135444,1412
HO2274,chr10,98414334,98416237,1903
HO2275,chr10,98445442,98447159,1717
HO2276,chr10,98466851,98468385,1534
HO2277,chr10,99328899,99330793,1894
HO2278,chr10,99430165,99431603,1438
HO2279,chr10,99534845,99536215,1370
HO2280,chr10,99619646,99621728,2082
HO2281,chr10,99658481,99660122,1641
HO2282,chr10,99731617,99732954,1337
HO2283,chr10,100008827,100010672,1845
HO2284,chr10,100184846,100186692,1846
HO2285,chr10,100228673,100229920,1247
HO2286,chr10,100266950,100268184,1234
HO2287,chr10,100285675,100287052,1377
HO2288,chr10,100346075,100348054,1979
HO2289,chr10,100350612,100351466,854
HO2290,chr10,100372819,100374416,1597
HO2291,chr10,100481333,100482931,1598
HO2292,chr10,100518641,100520226,1585
HO2293,chr10,100528725,100530289,1564
HO2294,chr10,100535299,100536280,981
HO2295,chr10,100561716,100563320,1604
HO2296,chr10,100653712,100655499,1787
HO2297,chr10,100728978,100731408,2430
HO2298,chr10,100745000,100746306,1306
HO2299,chr10,100826627,100828593,1966
HO2300,chr10,100912035,100913560,1525
HO2301,chr10,100968891,100970665,1774
HO2302,chr10,100986693,100987847,1154
HO2303,chr10,100996899,101000418,3519
HO2304,chr10,101018074,101019471,1397
HO2305,chr10,101030726,101033215,2489
HO2306,chr10,101042176,101043663,1487
HO2307,chr10,101060429,101062039,1610
HO2308,chr10,101062269,101062944,675
HO2309,chr10,101141946,101142572,626
HO2310,chr10,101291254,101293581,2327
HO2311,chr10,101310256,101311744,1488
HO2312,chr10,101353296,101354938,1642
HO2313,chr10,101569331,101571289,1958
HO2314,chr10,101587549,101588622,1073
HO2315,chr10,101616460,101618355,1895
HO2316,chr10,101693643,101695499,1856
HO2317,chr10,101782867,101783754,887
HO2318,chr10,101817254,101819226,1972
HO2319,chr10,101829154,101831256,2102
HO2320,chr10,101840485,101841487,1002
HO2321,chr10,102055263,102056472,1209
HO2322,chr10,102064805,102066189,1384
HO2323,chr10,102113919,102115401,1482
HO2324,chr10,102117343,102118071,728
HO2325,chr10,102118881,102122266,3385
HO2326,chr10,102132327,102134107,1780
HO2327,chr10,102151421,102152862,1441
HO2328,chr10,102225544,102226484,940
HO2329,chr10,102229703,102232091,2388
HO2330,chr10,102240505,102242044,1539
HO2331,chr10,102244862,102245991,1129
HO2332,chr10,102393681,102395871,2190
HO2333,chr10,102399176,102399827,651
HO2334,chr10,102408505,102409779,1274
HO2335,chr10,102409884,102411041,1157
HO2336,chr10,102419427,102422333,2906
HO2337,chr10,102431684,102432913,1229
HO2338,chr10,102449391,102451565,2174
HO2339,chr10,102460787,102462114,1327
HO2340,chr10,102501615,102503139,1524
HO2341,chr10,102503435,102504221,786
HO2342,chr10,102641824,102644556,2732
HO2343,chr10,102644835,102645362,527
HO2344,chr10,102645453,102646850,1397
HO2345,chr10,102660289,102661851,1562
HO2346,chr10,102670647,102671329,682
HO2347,chr10,102713333,102715154,1821
HO2348,chr10,102743338,102744887,1549
HO2349,chr10,102758248,102759155,907
HO2350,chr10,102774997,102777473,2476
HO2351,chr10,102853843,102854792,949
HO2352,chr10,102868836,102870186,1350
HO2353,chr10,102917238,102919617,2379
HO2354,chr10,103192141,103193589,1448
HO2355,chr10,103276454,103278038,1584
HO2356,chr10,103350148,103351433,1285
HO2357,chr10,103367422,103368892,1470
HO2358,chr10,103395674,103397295,1621
HO2359,chr10,103450860,103452869,2009
HO2360,chr10,103493183,103494886,1703
HO2361,chr10,103507501,103508181,680
HO2362,chr10,103554377,103555717,1340
HO2363,chr10,103659754,103662049,2295
HO2364,chr10,103676750,103678797,2047
HO2365,chr10,103691812,103693658,1846
HO2366,chr10,103771820,103772895,1075
HO2367,chr10,103854115,103856030,1915
HO2368,chr10,103917363,103918769,1406
HO2369,chr10,103966226,103968187,1961
HO2370,chr10,104120636,104122502,1866
HO2371,chr10,104231497,104232845,1348
HO2372,chr10,104254178,104255974,1796
HO2373,chr10,104268333,104269604,1271
HO2374,chr10,104274485,104275643,1158
HO2375,chr10,104327558,104329656,2098
HO2376,chr10,104337321,104339040,1719
HO2377,chr10,104353054,104354059,1005
HO2378,chr10,104640058,104643045,2987
HO2379,chr10,107163917,107165272,1355
HO2380,chr10,107914216,107915533,1317
HO2381,chr10,108911535,108912705,1170
HO2382,chr10,109456273,109457556,1283
HO2383,chr10,109474053,109475227,1174
HO2384,chr10,109922476,109923908,1432
HO2385,chr10,110006703,110009007,2304
HO2386,chr10,110207377,110208852,1475
HO2387,chr10,110209041,110211510,2469
HO2388,chr10,110221499,110222127,628
HO2389,chr10,110225540,110227667,2127
HO2390,chr10,110304218,110305465,1247
HO2391,chr10,110496137,110498654,2517
HO2392,chr10,110566656,110568616,1960
HO2393,chr10,110642965,110644727,1762
HO2394,chr10,110671854,110672825,971
HO2395,chr10,110870758,110873000,2242
HO2396,chr10,110918223,110920500,2277
HO2397,chr10,111075840,111077355,1515
HO2398,chr10,112182936,112184221,1285
HO2399,chr10,112446071,112447681,1610
HO2400,chr10,112949545,112950394,849
HO2401,chr10,112950737,112952662,1925
HO2402,chr10,113678826,113680636,1810
HO2403,chr10,113853678,113855972,2294
HO2404,chr10,114042770,114044805,2035
HO2405,chr10,114172835,114174969,2134
HO2406,chr10,114303759,114305348,1589
HO2407,chr10,114402860,114405126,2266
HO2408,chr10,114526119,114527293,1174
HO2409,chr10,114631383,114632446,1063
HO2410,chr10,114767306,114768876,1570
HO2411,chr10,114821309,114823069,1760
HO2412,chr10,114937662,114938808,1146
HO2413,chr10,115092362,115094349,1987
HO2414,chr10,116271988,116274823,2835
HO2415,chr10,116608133,116610131,1998
HO2416,chr10,116669085,116670571,1486
HO2417,chr10,116740991,116743384,2393
HO2418,chr10,116848650,116850358,1708
HO2419,chr10,117004286,117005990,1704
HO2420,chr10,117133955,117135110,1155
HO2421,chr10,117167770,117168627,857
HO2422,chr10,117174458,117176230,1772
HO2423,chr10,117216295,117217349,1054
HO2424,chr10,117240513,117242058,1545
HO2425,chr10,117373835,117376305,2470
HO2426,chr10,117496365,117497100,735
HO2427,chr10,117534346,117535699,1353
HO2428,chr10,117537143,117538010,867
HO2429,chr10,117541065,117541572,507
HO2430,chr10,117541788,117542835,1047
HO2431,chr10,117543111,117544272,1161
HO2432,chr10,117551783,117552626,843
HO2433,chr10,117552802,117555133,2331
HO2434,chr10,118045854,118047515,1661
HO2435,chr10,118341573,118342936,1363
HO2436,chr10,118594252,118594853,601
HO2437,chr10,118753789,118755641,1852
HO2438,chr10,119028751,119030873,2122
HO2439,chr10,119079549,119081490,1941
HO2440,chr10,119103491,119104998,1507
HO2441,chr10,119164630,119166184,1554
HO2442,chr10,119177762,119179087,1325
HO2443,chr10,119206199,119208491,2292
HO2444,chr10,119364270,119365532,1262
HO2445,chr10,119412085,119414617,2532
HO2446,chr10,119542116,119543729,1613
HO2447,chr10,119595691,119597448,1757
HO2448,chr10,119650751,119652737,1986
HO2449,chr10,119667436,119668691,1255
HO2450,chr10,119724585,119726723,2138
HO2451,chr10,119817899,119819706,1807
HO2452,chr10,119871629,119873689,2060
HO2453,chr10,119891928,119893405,1477
HO2454,chr10,120456163,120457943,1780
HO2455,chr10,120850582,120852019,1437
HO2456,chr10,120948871,120950458,1587
HO2457,chr10,120977747,120980362,2615
HO2458,chr10,121595705,121598890,3185
HO2459,chr10,121926693,121928737,2044
HO2460,chr10,121974155,121975520,1365
HO2461,chr10,122112312,122114467,2155
HO2462,chr10,122162762,122164609,1847
HO2463,chr10,122373713,122375735,2022
HO2464,chr10,122460786,122463151,2365
HO2465,chr10,122878917,122880305,1388
HO2466,chr10,122953269,122954694,1425
HO2467,chr10,122979645,122981420,1775
HO2468,chr10,123007484,123009739,2255
HO2469,chr10,123153824,123155182,1358
HO2470,chr10,123994197,123995096,899
HO2471,chr10,124091572,124094711,3139
HO2472,chr10,124388531,124389580,1049
HO2473,chr10,124417914,124419491,1577
HO2474,chr10,124461355,124462379,1024
HO2475,chr10,124588626,124590346,1720
HO2476,chr10,124717626,124718855,1229
HO2477,chr10,124742449,124744955,2506
HO2478,chr10,124790997,124792672,1675
HO2479,chr10,124801261,124802750,1489
HO2480,chr10,124916138,124918340,2202
HO2481,chr10,125158549,125162588,4039
HO2482,chr10,125718666,125720034,1368
HO2483,chr10,125822541,125823825,1284
HO2484,chr10,125895186,125897174,1988
HO2485,chr10,126386644,126388879,2235
HO2486,chr10,126904633,126906623,1990
HO2487,chr10,127194744,127197141,2397
HO2488,chr10,127906577,127907977,1400
HO2489,chr10,128046692,128048910,2218
HO2490,chr10,128125557,128127086,1529
HO2491,chr10,128149395,128150541,1146
HO2492,chr10,128209902,128211296,1394
HO2493,chr10,128211747,128212358,611
HO2494,chr10,128539842,128542377,2535
HO2495,chr10,129466329,129468101,1772
HO2496,chr10,129898280,129899668,1388
HO2497,chr10,129962817,129964747,1930
HO2498,chr10,129968722,129969212,490
HO2499,chr10,130109709,130111738,2029
HO2500,chr10,130135725,130137503,1778
HO2501,chr10,130189742,130191077,1335
HO2502,chr10,130300472,130301953,1481
HO2503,chr10,131310166,131312818,2652
HO2504,chr10,131452842,131454402,1560
HO2505,chr10,131748722,131750853,2131
HO2506,chr10,131899693,131901851,2158
HO2507,chr10,131980788,131982778,1990
HO2508,chr10,132035921,132037458,1537
HO2509,chr10,132065199,132066554,1355
HO2510,chr10,132185384,132187750,2366
HO2511,chr10,132306941,132308927,1986
HO2512,chr10,132331086,132332610,1524
HO2513,chr10,132395620,132398447,2827
HO2514,chr10,132406974,132408788,1814
HO2515,chr10,132443631,132444628,997
HO2516,chr10,132452645,132454209,1564
HO2517,chr10,132467202,132469007,1805
HO2518,chr10,132516354,132519251,2897
HO2519,chr10,132536241,132538173,1932
HO2520,chr10,132961724,132962762,1038
HO2521,chr10,133087454,133088947,1493
HO2522,chr10,133158840,133160921,2081
HO2523,chr10,133223984,133225576,1592
HO2524,chr10,133229527,133231618,2091
HO2525,chr10,133236419,133238411,1992
HO2526,chr10,133244820,133246450,1630
HO2527,chr10,133246927,133248575,1648
HO2528,chr10,133257407,133258086,679
HO2529,chr10,133260987,133262347,1360
HO2530,chr10,133276077,133277292,1215
HO2531,chr10,133307613,133309492,1879
HO2532,chr10,133313851,133315592,1741
HO2533,chr10,133324065,133326304,2239
HO2534,chr10,133329483,133330115,632
HO2535,chr10,133334623,133337129,2506
HO2536,chr10,133356976,133358341,1365
HO2537,chr10,133372154,133374105,1951
HO2538,chr10,133378002,133379772,1770
HO2539,chr10,133393511,133395060,1549
HO2540,chr11,206671,209233,2562
HO2541,chr11,235619,237288,1669
HO2542,chr11,287904,289517,1613
HO2543,chr11,320300,321139,839
HO2544,chr11,355109,356487,1378
HO2545,chr11,368060,370763,2703
HO2546,chr11,396310,397540,1230
HO2547,chr11,406381,407737,1356
HO2548,chr11,447837,448684,847
HO2549,chr11,449741,451267,1526
HO2550,chr11,506123,507930,1807
HO2551,chr11,534633,536189,1556
HO2552,chr11,536643,537732,1089
HO2553,chr11,554538,555614,1076
HO2554,chr11,560179,561728,1549
HO2555,chr11,567712,569403,1691
HO2556,chr11,574945,576680,1735
HO2557,chr11,615145,616304,1159
HO2558,chr11,694544,696396,1852
HO2559,chr11,705584,708122,2538
HO2560,chr11,726199,727269,1070
HO2561,chr11,746468,748315,1847
HO2562,chr11,776391,778264,1873
HO2563,chr11,783257,783976,719
HO2564,chr11,795859,796602,743
HO2565,chr11,796895,798549,1654
HO2566,chr11,804661,805716,1055
HO2567,chr11,808826,810351,1525
HO2568,chr11,818667,821105,2438
HO2569,chr11,829992,831077,1085
HO2570,chr11,832352,833581,1229
HO2571,chr11,841978,843315,1337
HO2572,chr11,843720,845145,1425
HO2573,chr11,849174,850332,1158
HO2574,chr11,910073,911614,1541
HO2575,chr11,925149,926912,1763
HO2576,chr11,995384,996695,1311
HO2577,chr11,1262224,1263151,927
HO2578,chr11,1308763,1310277,1514
HO2579,chr11,1382571,1383645,1074
HO2580,chr11,1388843,1391979,3136
HO2581,chr11,1401389,1402223,834
HO2582,chr11,1564368,1565389,1021
HO2583,chr11,1571582,1572802,1220
HO2584,chr11,1573877,1575027,1150
HO2585,chr11,1693033,1694549,1516
HO2586,chr11,1747954,1749362,1408
HO2587,chr11,1762315,1764659,2344
HO2588,chr11,1841649,1843395,1746
HO2589,chr11,2137015,2138286,1271
HO2590,chr11,2138525,2140099,1574
HO2591,chr11,2268666,2271387,2721
HO2592,chr11,2314447,2315720,1273
HO2593,chr11,2376912,2379162,2250
HO2594,chr11,2399508,2401059,1551
HO2595,chr11,2408486,2410542,2056
HO2596,chr11,2419664,2421189,1525
HO2597,chr11,2532447,2534097,1650
HO2598,chr11,2699066,2701378,2312
HO2599,chr11,2778057,2780733,2676
HO2600,chr11,2836859,2837644,785
HO2601,chr11,2868126,2870231,2105
HO2602,chr11,2883888,2886525,2637
HO2603,chr11,2890416,2891148,732
HO2604,chr11,2891867,2893083,1216
HO2605,chr11,2901438,2902936,1498
HO2606,chr11,2928289,2931062,2773
HO2607,chr11,2991018,2993128,2110
HO2608,chr11,3056408,3057914,1506
HO2609,chr11,3159983,3160942,959
HO2610,chr11,3164333,3165546,1213
HO2611,chr11,3378367,3379436,1069
HO2612,chr11,3421657,3423619,1962
HO2613,chr11,3641602,3643206,1604
HO2614,chr11,3796883,3798321,1438
HO2615,chr11,3807658,3809446,1788
HO2616,chr11,3840163,3841872,1709
HO2617,chr11,3854410,3856499,2089
HO2618,chr11,4094048,4096187,2139
HO2619,chr11,4186934,4188228,1294
HO2620,chr11,4392916,4393990,1074
HO2621,chr11,4607567,4608599,1032
HO2622,chr11,5684162,5685314,1152
HO2623,chr11,6233987,6235556,1569
HO2624,chr11,6251051,6252663,1612
HO2625,chr11,6258334,6260257,1923
HO2626,chr11,6318928,6321165,2237
HO2627,chr11,6389639,6390838,1199
HO2628,chr11,6418048,6419638,1590
HO2629,chr11,6473300,6474632,1332
HO2630,chr11,6480738,6482224,1486
HO2631,chr11,6603094,6604651,1557
HO2632,chr11,6611396,6613036,1640
HO2633,chr11,6618090,6619694,1604
HO2634,chr11,6654493,6656266,1773
HO2635,chr11,6682460,6683779,1319
HO2636,chr11,6925527,6927148,1621
HO2637,chr11,7019596,7020974,1378
HO2638,chr11,7251411,7252855,1444
HO2639,chr11,7512350,7514582,2232
HO2640,chr11,7673024,7674421,1397
HO2641,chr11,7986609,7987602,993
HO2642,chr11,8018303,8020272,1969
HO2643,chr11,8080249,8082045,1796
HO2644,chr11,8262358,8264097,1739
HO2645,chr11,8267774,8269373,1599
HO2646,chr11,8282582,8284497,1915
HO2647,chr11,8593366,8594777,1411
HO2648,chr11,8681929,8683331,1402
HO2649,chr11,8688346,8689414,1068
HO2650,chr11,8809297,8811237,1940
HO2651,chr11,8870256,8871652,1396
HO2652,chr11,8909886,8911865,1979
HO2653,chr11,8963653,8965313,1660
HO2654,chr11,9003325,9004784,1459
HO2655,chr11,9263850,9266084,2234
HO2656,chr11,9313773,9315346,1573
HO2657,chr11,9363820,9364805,985
HO2658,chr11,9384142,9385691,1549
HO2659,chr11,9459762,9461609,1847
HO2660,chr11,9572748,9575615,2867
HO2661,chr11,9612883,9614621,1738
HO2662,chr11,9663373,9665010,1637
HO2663,chr11,9757844,9760513,2669
HO2664,chr11,10293214,10294959,1745
HO2665,chr11,10302379,10303569,1190
HO2666,chr11,10304483,10305695,1212
HO2667,chr11,10307348,10308303,955
HO2668,chr11,10449816,10451391,1575
HO2669,chr11,10454681,10456990,2309
HO2670,chr11,10540254,10541607,1353
HO2671,chr11,10735083,10736207,1124
HO2672,chr11,10750432,10751957,1525
HO2673,chr11,10807634,10809773,2139
HO2674,chr11,10856945,10859138,2193
HO2675,chr11,10930573,10932303,1730
HO2676,chr11,10933752,10934328,576
HO2677,chr11,11620171,11622511,2340
HO2678,chr11,11840954,11843017,2063
HO2679,chr11,12007845,12009882,2037
HO2680,chr11,12109959,12111819,1860
HO2681,chr11,12376828,12378459,1631
HO2682,chr11,12673605,12675361,1756
HO2683,chr11,12746435,12747197,762
HO2684,chr11,13008652,13011283,2631
HO2685,chr11,13276593,13278932,2339
HO2686,chr11,13462370,13463974,1604
HO2687,chr11,13667777,13669585,1808
HO2688,chr11,13962237,13964827,2590
HO2689,chr11,14357870,14359573,1703
HO2690,chr11,14380808,14381639,831
HO2691,chr11,14499071,14500693,1622
HO2692,chr11,14519578,14520892,1314
HO2693,chr11,14643189,14645309,2120
HO2694,chr11,14890903,14892540,1637
HO2695,chr11,14904670,14906292,1622
HO2696,chr11,14973303,14975052,1749
HO2697,chr11,15073225,15075252,2027
HO2698,chr11,15649736,15651378,1642
HO2699,chr11,16604143,16608044,3901
HO2700,chr11,16612599,16614451,1852
HO2701,chr11,16737669,16739781,2112
HO2702,chr11,16923973,16926321,2348
HO2703,chr11,16935677,16937312,1635
HO2704,chr11,17012934,17015326,2392
HO2705,chr11,17076764,17078631,1867
HO2706,chr11,17207208,17209562,2354
HO2707,chr11,17276074,17277553,1479
HO2708,chr11,17351297,17353938,2641
HO2709,chr11,17388614,17389849,1235
HO2710,chr11,17718940,17721639,2699
HO2711,chr11,17734289,17736173,1884
HO2712,chr11,18012194,18014065,1871
HO2713,chr11,18105213,18106332,1119
HO2714,chr11,18321646,18322912,1266
HO2715,chr11,18393839,18396506,2667
HO2716,chr11,18526190,18527403,1213
HO2717,chr11,18587826,18589361,1535
HO2718,chr11,18633721,18635020,1299
HO2719,chr11,18698131,18700667,2536
HO2720,chr11,18705556,18707181,1625
HO2721,chr11,18720363,18722327,1964
HO2722,chr11,18790911,18792575,1664
HO2723,chr11,19116448,19117891,1443
HO2724,chr11,19240285,19242567,2282
HO2725,chr11,19344695,19346769,2074
HO2726,chr11,19711884,19713268,1384
HO2727,chr11,20131775,20132737,962
HO2728,chr11,20363267,20364816,1549
HO2729,chr11,20386902,20388450,1548
HO2730,chr11,20668729,20671282,2553
HO2731,chr11,22192278,22194029,1751
HO2732,chr11,22431952,22433330,1378
HO2733,chr11,22624683,22626144,1461
HO2734,chr11,22666009,22667373,1364
HO2735,chr11,22828863,22830229,1366
HO2736,chr11,24496369,24497704,1335
HO2737,chr11,26331624,26332686,1062
HO2738,chr11,27201258,27202497,1239
HO2739,chr11,27215616,27216834,1218
HO2740,chr11,27362394,27363772,1378
HO2741,chr11,27470832,27473297,2465
HO2742,chr11,27505797,27507195,1398
HO2743,chr11,27698744,27701807,3063
HO2744,chr11,27718259,27719540,1281
HO2745,chr11,28107376,28108575,1199
HO2746,chr11,30016570,30018030,1460
HO2747,chr11,30322534,30323825,1291
HO2748,chr11,30583670,30586961,3291
HO2749,chr11,31368899,31370342,1443
HO2750,chr11,31508964,31510455,1491
HO2751,chr11,31809854,31810680,826
HO2752,chr11,32090348,32092007,1659
HO2753,chr11,32332508,32334075,1567
HO2754,chr11,32426651,32427501,850
HO2755,chr11,32430326,32431379,1053
HO2756,chr11,32434429,32436622,2193
HO2757,chr11,32477398,32479627,2229
HO2758,chr11,32499312,32500914,1602
HO2759,chr11,32555832,32556898,1066
HO2760,chr11,32562532,32563930,1398
HO2761,chr11,32583174,32585241,2067
HO2762,chr11,32891985,32894493,2508
HO2763,chr11,33015297,33016571,1274
HO2764,chr11,33038690,33040559,1869
HO2765,chr11,33160860,33161850,990
HO2766,chr11,33256767,33258969,2202
HO2767,chr11,33375623,33377026,1403
HO2768,chr11,33699912,33702261,2349
HO2769,chr11,33734419,33737242,2823
HO2770,chr11,33773405,33775144,1739
HO2771,chr11,33868427,33870759,2332
HO2772,chr11,34051019,34053641,2622
HO2773,chr11,34104517,34106249,1732
HO2774,chr11,34174005,34175064,1059
HO2775,chr11,34356622,34359553,2931
HO2776,chr11,34438342,34440072,1730
HO2777,chr11,34915400,34917272,1872
HO2778,chr11,35418166,35420361,2195
HO2779,chr11,35525034,35526786,1752
HO2780,chr11,35617685,35620568,2883
HO2781,chr11,35661969,35663345,1376
HO2782,chr11,35943404,35945241,1837
HO2783,chr11,36288709,36289910,1201
HO2784,chr11,36375830,36378242,2412
HO2785,chr11,36508712,36510897,2185
HO2786,chr11,36594049,36595035,986
HO2787,chr11,40292717,40294422,1705
HO2788,chr11,43311429,43312931,1502
HO2789,chr11,43358147,43359866,1719
HO2790,chr11,43546563,43548378,1815
HO2791,chr11,43555272,43558556,3284
HO2792,chr11,43574873,43576594,1721
HO2793,chr11,43643654,43644771,1117
HO2794,chr11,43680096,43681811,1715
HO2795,chr11,43880236,43881247,1011
HO2796,chr11,43941574,43945350,3776
HO2797,chr11,44065440,44066902,1462
HO2798,chr11,44095184,44096601,1417
HO2799,chr11,44309148,44311092,1944
HO2800,chr11,44564164,44565795,1631
HO2801,chr11,44634214,44635379,1165
HO2802,chr11,44726255,44728240,1985
HO2803,chr11,44893083,44894741,1658
HO2804,chr11,44949119,44951232,2113
HO2805,chr11,45145984,45147873,1889
HO2806,chr11,45179925,45181978,2053
HO2807,chr11,45209210,45210771,1561
HO2808,chr11,45285795,45286606,811
HO2809,chr11,45339673,45340783,1110
HO2810,chr11,45354748,45355953,1205
HO2811,chr11,45370900,45371975,1075
HO2812,chr11,45664451,45666159,1708
HO2813,chr11,45754042,45755867,1825
HO2814,chr11,45771059,45772283,1224
HO2815,chr11,45803823,45805827,2004
HO2816,chr11,45843041,45843841,800
HO2817,chr11,45846820,45848277,1457
HO2818,chr11,45885127,45886538,1411
HO2819,chr11,45899215,45900732,1517
HO2820,chr11,45917359,45918972,1613
HO2821,chr11,45921514,45923473,1959
HO2822,chr11,46119242,46122466,3224
HO2823,chr11,46237145,46239501,2356
HO2824,chr11,46242778,46243935,1157
HO2825,chr11,46277316,46279079,1763
HO2826,chr11,46281082,46281860,778
HO2827,chr11,46289944,46291049,1105
HO2828,chr11,46294676,46297279,2603
HO2829,chr11,46332402,46333705,1303
HO2830,chr11,46346855,46348267,1412
HO2831,chr11,46351966,46352685,719
HO2832,chr11,46369299,46369918,619
HO2833,chr11,46379491,46379912,421
HO2834,chr11,46380253,46382579,2326
HO2835,chr11,46389220,46389917,697
HO2836,chr11,46391532,46393128,1596
HO2837,chr11,46593138,46594306,1168
HO2838,chr11,46616611,46618417,1806
HO2839,chr11,46700011,46701372,1361
HO2840,chr11,46826014,46827240,1226
HO2841,chr11,46845413,46846728,1315
HO2842,chr11,46916513,46917339,826
HO2843,chr11,46917959,46918976,1017
HO2844,chr11,46936194,46937247,1053
HO2845,chr11,47176153,47178311,2158
HO2846,chr11,47185237,47187690,2453
HO2847,chr11,47213823,47215644,1821
HO2848,chr11,47248114,47249319,1205
HO2849,chr11,47257253,47258247,994
HO2850,chr11,47268575,47271081,2506
HO2851,chr11,47354751,47355784,1033
HO2852,chr11,47407701,47409370,1669
HO2853,chr11,47425777,47427263,1486
HO2854,chr11,47551967,47553724,1757
HO2855,chr11,47564918,47566556,1638
HO2856,chr11,47577822,47579565,1743
HO2857,chr11,47589254,47590652,1398
HO2858,chr11,47641657,47643246,1589
HO2859,chr11,47714557,47715666,1109
HO2860,chr11,47766178,47768608,2430
HO2861,chr11,47847573,47848984,1411
HO2862,chr11,47979751,47981603,1852
HO2863,chr11,49207709,49208766,1057
HO2864,chr11,57179512,57181317,1805
HO2865,chr11,57242030,57242851,821
HO2866,chr11,57310510,57311888,1378
HO2867,chr11,57321825,57322850,1025
HO2868,chr11,57323639,57325932,2293
HO2869,chr11,57334987,57336294,1307
HO2870,chr11,57426014,57427621,1607
HO2871,chr11,57482253,57483398,1145
HO2872,chr11,57499209,57500253,1044
HO2873,chr11,57513995,57516067,2072
HO2874,chr11,57530269,57531458,1189
HO2875,chr11,57567031,57568530,1499
HO2876,chr11,57597309,57599152,1843
HO2877,chr11,57637574,57640165,2591
HO2878,chr11,57656970,57658053,1083
HO2879,chr11,57666691,57668792,2101
HO2880,chr11,57711512,57712900,1388
HO2881,chr11,57740774,57742126,1352
HO2882,chr11,57761208,57762115,907
HO2883,chr11,57777721,57779728,2007
HO2884,chr11,58577551,58580074,2523
HO2885,chr11,58904964,58906292,1328
HO2886,chr11,59106256,59107831,1575
HO2887,chr11,59135706,59137244,1538
HO2888,chr11,59141952,59143472,1520
HO2889,chr11,59171436,59174499,3063
HO2890,chr11,59536805,59538025,1220
HO2891,chr11,59549870,59552153,2283
HO2892,chr11,59559914,59561403,1489
HO2893,chr11,59565555,59566622,1067
HO2894,chr11,59614709,59616764,2055
HO2895,chr11,59667942,59669843,1901
HO2896,chr11,59753804,59756180,2376
HO2897,chr11,59809419,59811207,1788
HO2898,chr11,60193518,60194829,1311
HO2899,chr11,60775080,60776042,962
HO2900,chr11,60841469,60842749,1280
HO2901,chr11,60852001,60853615,1614
HO2902,chr11,60905517,60906980,1463
HO2903,chr11,60913493,60915813,2320
HO2904,chr11,60922995,60925795,2800
HO2905,chr11,60950791,60952772,1981
HO2906,chr11,61007394,61008753,1359
HO2907,chr11,61070345,61072385,2040
HO2908,chr11,61129421,61130598,1177
HO2909,chr11,61160471,61162488,2017
HO2910,chr11,61281203,61281950,747
HO2911,chr11,61293450,61295754,2304
HO2912,chr11,61332227,61333621,1394
HO2913,chr11,61361220,61362826,1606
HO2914,chr11,61391941,61393552,1611
HO2915,chr11,61429082,61430425,1343
HO2916,chr11,61508011,61509674,1663
HO2917,chr11,61555114,61556110,996
HO2918,chr11,61567013,61567896,883
HO2919,chr11,61580367,61581752,1385
HO2920,chr11,61587188,61589158,1970
HO2921,chr11,61679327,61680671,1344
HO2922,chr11,61694930,61696983,2053
HO2923,chr11,61717795,61719165,1370
HO2924,chr11,61752179,61753061,882
HO2925,chr11,61754407,61755104,697
HO2926,chr11,61762254,61763237,983
HO2927,chr11,61776406,61777737,1331
HO2928,chr11,61791665,61793228,1563
HO2929,chr11,61814544,61817408,2864
HO2930,chr11,61827008,61829357,2349
HO2931,chr11,61870545,61871613,1068
HO2932,chr11,61890503,61892251,1748
HO2933,chr11,61916550,61918081,1531
HO2934,chr11,61922477,61924364,1887
HO2935,chr11,61948489,61950409,1920
HO2936,chr11,61954661,61956215,1554
HO2937,chr11,61962858,61964269,1411
HO2938,chr11,61966571,61968629,2058
HO2939,chr11,61971063,61972279,1216
HO2940,chr11,62123343,62124776,1433
HO2941,chr11,62337005,62338201,1196
HO2942,chr11,62544931,62547258,2327
HO2943,chr11,62555401,62556813,1412
HO2944,chr11,62561516,62562335,819
HO2945,chr11,62572984,62575054,2070
HO2946,chr11,62590883,62592590,1707
HO2947,chr11,62599053,62599495,442
HO2948,chr11,62600942,62602934,1992
HO2949,chr11,62611391,62613737,2346
HO2950,chr11,62621361,62622785,1424
HO2951,chr11,62645563,62647043,1480
HO2952,chr11,62652470,62653734,1264
HO2953,chr11,62664586,62666152,1566
HO2954,chr11,62670967,62672636,1669
HO2955,chr11,62678458,62679547,1089
HO2956,chr11,62705462,62707052,1590
HO2957,chr11,62707176,62707780,604
HO2958,chr11,62708975,62710083,1108
HO2959,chr11,62726513,62728981,2468
HO2960,chr11,62753406,62754643,1237
HO2961,chr11,62760884,62762059,1175
HO2962,chr11,62770681,62771923,1242
HO2963,chr11,62786246,62787782,1536
HO2964,chr11,62791376,62792503,1127
HO2965,chr11,62804326,62805919,1593
HO2966,chr11,62830965,62832836,1871
HO2967,chr11,62839009,62842607,3598
HO2968,chr11,62855374,62856595,1221
HO2969,chr11,62879607,62881955,2348
HO2970,chr11,63489607,63491464,1857
HO2971,chr11,63613082,63614684,1602
HO2972,chr11,63670441,63672097,1656
HO2973,chr11,63680808,63682866,2058
HO2974,chr11,63762382,63764441,2059
HO2975,chr11,63767459,63769950,2491
HO2976,chr11,63812631,63814463,1832
HO2977,chr11,63838240,63839935,1695
HO2978,chr11,63871853,63873212,1359
HO2979,chr11,63908312,63910341,2029
HO2980,chr11,63916813,63918399,1586
HO2981,chr11,63937775,63939832,2057
HO2982,chr11,63974064,63975137,1073
HO2983,chr11,63985471,63987110,1639
HO2984,chr11,63998914,63999901,987
HO2985,chr11,64000081,64001326,1245
HO2986,chr11,64007003,64008482,1479
HO2987,chr11,64021027,64022759,1732
HO2988,chr11,64027480,64029168,1688
HO2989,chr11,64035300,64037530,2230
HO2990,chr11,64117821,64119546,1725
HO2991,chr11,64164570,64166711,2141
HO2992,chr11,64181408,64182169,761
HO2993,chr11,64184832,64186987,2155
HO2994,chr11,64204101,64204965,864
HO2995,chr11,64225207,64226970,1763
HO2996,chr11,64230064,64231020,956
HO2997,chr11,64233954,64235239,1285
HO2998,chr11,64240056,64242097,2041
HO2999,chr11,64246532,64247937,1405
HO3000,chr11,64250822,64251804,982
HO3001,chr11,64268219,64270812,2593
HO3002,chr11,64271266,64271782,516
HO3003,chr11,64284181,64286330,2149
HO3004,chr11,64291162,64292872,1710
HO3005,chr11,64300207,64301327,1120
HO3006,chr11,64304330,64306508,2178
HO3007,chr11,64316892,64318685,1793
HO3008,chr11,64341858,64343080,1222
HO3009,chr11,64358440,64360501,2061
HO3010,chr11,64414778,64415800,1022
HO3011,chr11,64447842,64449883,2041
HO3012,chr11,64553327,64555910,2583
HO3013,chr11,64565846,64567473,1627
HO3014,chr11,64618827,64621225,2398
HO3015,chr11,64637486,64638576,1090
HO3016,chr11,64642520,64644120,1600
HO3017,chr11,64652711,64653497,786
HO3018,chr11,64687141,64689103,1962
HO3019,chr11,64711954,64714028,2074
HO3020,chr11,64722912,64723782,870
HO3021,chr11,64742491,64744268,1777
HO3022,chr11,64744669,64746314,1645
HO3023,chr11,64777398,64779280,1882
HO3024,chr11,64802563,64804109,1546
HO3025,chr11,64809668,64811178,1510
HO3026,chr11,64844052,64845633,1581
HO3027,chr11,64862853,64864985,2132
HO3028,chr11,64869836,64871365,1529
HO3029,chr11,64877683,64879655,1972
HO3030,chr11,64887396,64889384,1988
HO3031,chr11,64916092,64918423,2331
HO3032,chr11,64923517,64925304,1787
HO3033,chr11,65013293,65014917,1624
HO3034,chr11,65027013,65027961,948
HO3035,chr11,65040525,65041898,1373
HO3036,chr11,65083602,65084871,1269
HO3037,chr11,65095565,65097072,1507
HO3038,chr11,65111453,65113346,1893
HO3039,chr11,65116728,65118082,1354
HO3040,chr11,65121431,65122780,1349
HO3041,chr11,65133741,65135549,1808
HO3042,chr11,65180681,65182744,2063
HO3043,chr11,65261202,65262527,1325
HO3044,chr11,65314253,65315904,1651
HO3045,chr11,65333325,65334537,1212
HO3046,chr11,65353817,65356094,2277
HO3047,chr11,65366226,65367428,1202
HO3048,chr11,65381599,65383033,1434
HO3049,chr11,65386209,65387045,836
HO3050,chr11,65416196,65416686,490
HO3051,chr11,65421896,65423139,1243
HO3052,chr11,65454382,65455541,1159
HO3053,chr11,65476758,65478058,1300
HO3054,chr11,65487190,65488235,1045
HO3055,chr11,65496936,65498260,1324
HO3056,chr11,65504038,65504377,339
HO3057,chr11,65506539,65508759,2220
HO3058,chr11,65524062,65525683,1621
HO3059,chr11,65539627,65541176,1549
HO3060,chr11,65545863,65547014,1151
HO3061,chr11,65557085,65559249,2164
HO3062,chr11,65569560,65570593,1033
HO3063,chr11,65571938,65573012,1074
HO3064,chr11,65574092,65574733,641
HO3065,chr11,65591811,65592728,917
HO3066,chr11,65606506,65607661,1155
HO3067,chr11,65613627,65614558,931
HO3068,chr11,65614930,65616463,1533
HO3069,chr11,65637542,65639006,1464
HO3070,chr11,65646724,65647727,1003
HO3071,chr11,65652005,65653392,1387
HO3072,chr11,65662424,65664096,1672
HO3073,chr11,65711280,65712820,1540
HO3074,chr11,65719835,65720954,1119
HO3075,chr11,65779792,65781748,1956
HO3076,chr11,65817338,65818615,1277
HO3077,chr11,65833093,65834279,1186
HO3078,chr11,65856914,65858706,1792
HO3079,chr11,65859042,65860839,1797
HO3080,chr11,65871983,65873947,1964
HO3081,chr11,65887946,65889389,1443
HO3082,chr11,65890117,65891208,1091
HO3083,chr11,65899145,65900826,1681
HO3084,chr11,65918460,65920245,1785
HO3085,chr11,65960995,65962356,1361
HO3086,chr11,65988765,65989599,834
HO3087,chr11,66001544,66003060,1516
HO3088,chr11,66051337,66052732,1395
HO3089,chr11,66068894,66071178,2284
HO3090,chr11,66256913,66258749,1836
HO3091,chr11,66267034,66269529,2495
HO3092,chr11,66277602,66279103,1501
HO3093,chr11,66281994,66282930,936
HO3094,chr11,66288458,66289858,1400
HO3095,chr11,66311368,66313866,2498
HO3096,chr11,66316873,66318641,1768
HO3097,chr11,66344660,66345409,749
HO3098,chr11,66346860,66348611,1751
HO3099,chr11,66370945,66372629,1684
HO3100,chr11,66408357,66409347,990
HO3101,chr11,66420706,66422001,1295
HO3102,chr11,66438126,66439292,1166
HO3103,chr11,66466091,66467502,1411
HO3104,chr11,66479028,66480827,1799
HO3105,chr11,66510125,66511156,1031
HO3106,chr11,66545578,66547024,1446
HO3107,chr11,66567883,66568861,978
HO3108,chr11,66592366,66593495,1129
HO3109,chr11,66615924,66617508,1584
HO3110,chr11,66637525,66639609,2084
HO3111,chr11,66677089,66678807,1718
HO3112,chr11,66694433,66695198,765
HO3113,chr11,66727224,66729109,1885
HO3114,chr11,66744208,66745642,1434
HO3115,chr11,66842412,66843993,1581
HO3116,chr11,66855743,66857501,1758
HO3117,chr11,66957637,66958930,1293
HO3118,chr11,67021741,67023924,2183
HO3119,chr11,67054982,67055660,678
HO3120,chr11,67117549,67120010,2461
HO3121,chr11,67238973,67241411,2438
HO3122,chr11,67266006,67267028,1022
HO3123,chr11,67288151,67289987,1836
HO3124,chr11,67302710,67304324,1614
HO3125,chr11,67316775,67318440,1665
HO3126,chr11,67352649,67354028,1379
HO3127,chr11,67372269,67374616,2347
HO3128,chr11,67390899,67392587,1688
HO3129,chr11,67401052,67402289,1237
HO3130,chr11,67420187,67421616,1429
HO3131,chr11,67427624,67429205,1581
HO3132,chr11,67442822,67444201,1379
HO3133,chr11,67463952,67465196,1244
HO3134,chr11,67468551,67469589,1038
HO3135,chr11,67482380,67483806,1426
HO3136,chr11,67504121,67505577,1456
HO3137,chr11,67505774,67506408,634
HO3138,chr11,67507726,67508919,1193
HO3139,chr11,67583349,67584706,1357
HO3140,chr11,67606012,67607250,1238
HO3141,chr11,67629237,67630928,1691
HO3142,chr11,67804608,67806545,1937
HO3143,chr11,67954672,67956037,1365
HO3144,chr11,68002580,68004294,1714
HO3145,chr11,68029932,68031359,1427
HO3146,chr11,68105840,68107035,1195
HO3147,chr11,68120174,68122244,2070
HO3148,chr11,68127695,68129130,1435
HO3149,chr11,68212465,68214497,2032
HO3150,chr11,68270986,68272614,1628
HO3151,chr11,68297408,68298474,1066
HO3152,chr11,68312086,68314080,1994
HO3153,chr11,68459787,68461629,1842
HO3154,chr11,68751022,68751811,789
HO3155,chr11,68838989,68839860,871
HO3156,chr11,68840614,68842058,1444
HO3157,chr11,68843706,68844323,617
HO3158,chr11,68853880,68856166,2286
HO3159,chr11,68903295,68904707,1412
HO3160,chr11,69012183,69014810,2627
HO3161,chr11,69048425,69049828,1403
HO3162,chr11,69155151,69157912,2761
HO3163,chr11,69442682,69444112,1430
HO3164,chr11,69642682,69643637,955
HO3165,chr11,69674532,69675835,1303
HO3166,chr11,69773965,69775857,1892
HO3167,chr11,69867699,69868986,1287
HO3168,chr11,69939297,69940346,1049
HO3169,chr11,69984346,69987276,2930
HO3170,chr11,70202788,70204512,1724
HO3171,chr11,70269766,70271650,1884
HO3172,chr11,70397620,70398890,1270
HO3173,chr11,70825943,70827727,1784
HO3174,chr11,71251212,71253691,2479
HO3175,chr11,71447427,71448949,1522
HO3176,chr11,71452293,71453551,1258
HO3177,chr11,71639007,71640145,1138
HO3178,chr11,71786299,71787921,1622
HO3179,chr11,71813192,71814058,866
HO3180,chr11,71927894,71929391,1497
HO3181,chr11,72040181,72042153,1972
HO3182,chr11,72079479,72081196,1717
HO3183,chr11,72102572,72103803,1231
HO3184,chr11,72111729,72113030,1301
HO3185,chr11,72222880,72225294,2414
HO3186,chr11,72239321,72241251,1930
HO3187,chr11,72433896,72434938,1042
HO3188,chr11,72641958,72643478,1520
HO3189,chr11,72721495,72722822,1327
HO3190,chr11,72751717,72753004,1287
HO3191,chr11,72781017,72782741,1724
HO3192,chr11,72793252,72794797,1545
HO3193,chr11,72812983,72815155,2172
HO3194,chr11,72821277,72822801,1524
HO3195,chr11,73140574,73143723,3149
HO3196,chr11,73217091,73218911,1820
HO3197,chr11,73307041,73309560,2519
HO3198,chr11,73342321,73344813,2492
HO3199,chr11,73375767,73377461,1694
HO3200,chr11,73597344,73598849,1505
HO3201,chr11,73660570,73661616,1046
HO3202,chr11,73759534,73761724,2190
HO3203,chr11,73778960,73779971,1011
HO3204,chr11,73787224,73788404,1180
HO3205,chr11,73875894,73877400,1506
HO3206,chr11,73981881,73983783,1902
HO3207,chr11,74170126,74171830,1704
HO3208,chr11,74310954,74312026,1072
HO3209,chr11,74397435,74399117,1682
HO3210,chr11,74466712,74467864,1152
HO3211,chr11,74492698,74494025,1327
HO3212,chr11,74591764,74593313,1549
HO3213,chr11,74748115,74749785,1670
HO3214,chr11,74948537,74950317,1780
HO3215,chr11,74988329,74989565,1236
HO3216,chr11,75240187,75242278,2091
HO3217,chr11,75350557,75352610,2053
HO3218,chr11,75398982,75401012,2030
HO3219,chr11,75428154,75428627,473
HO3220,chr11,75429741,75430853,1112
HO3221,chr11,75524912,75526399,1487
HO3222,chr11,75553955,75554923,968
HO3223,chr11,75561731,75563562,1831
HO3224,chr11,75563862,75564422,560
HO3225,chr11,75582418,75584595,2177
HO3226,chr11,75667087,75669142,2055
HO3227,chr11,75767985,75769314,1329
HO3228,chr11,75814255,75815968,1713
HO3229,chr11,76208626,76209941,1315
HO3230,chr11,76210140,76211023,883
HO3231,chr11,76234398,76236602,2204
HO3232,chr11,76380074,76381662,1588
HO3233,chr11,76444198,76446067,1869
HO3234,chr11,76669769,76671397,1628
HO3235,chr11,76752016,76754100,2084
HO3236,chr11,76782518,76784851,2333
HO3237,chr11,76798359,76799649,1290
HO3238,chr11,76860178,76861911,1733
HO3239,chr11,77039221,77040638,1417
HO3240,chr11,77046974,77047991,1017
HO3241,chr11,77065849,77067709,1860
HO3242,chr11,77126911,77128507,1596
HO3243,chr11,77147411,77148564,1153
HO3244,chr11,77191516,77192371,855
HO3245,chr11,77411062,77412227,1165
HO3246,chr11,77472717,77474689,1972
HO3247,chr11,77588797,77590861,2064
HO3248,chr11,77636750,77638159,1409
HO3249,chr11,77819294,77821839,2545
HO3250,chr11,77993912,77995273,1361
HO3251,chr11,78022247,78023480,1233
HO3252,chr11,78078832,78080195,1363
HO3253,chr11,78138812,78140256,1444
HO3254,chr11,78187512,78189149,1637
HO3255,chr11,78416243,78418570,2327
HO3256,chr11,78573797,78575554,1757
HO3257,chr11,78961662,78962776,1114
HO3258,chr11,79437000,79438476,1476
HO3259,chr11,79439428,79441757,2329
HO3260,chr11,82732387,82734219,1832
HO3261,chr11,82790393,82792154,1761
HO3262,chr11,82899883,82901880,1997
HO3263,chr11,83070369,83072434,2065
HO3264,chr11,83156051,83158408,2357
HO3265,chr11,83193154,83195079,1925
HO3266,chr11,83285335,83286735,1400
HO3267,chr11,85627085,85628999,1914
HO3268,chr11,85647182,85648304,1122
HO3269,chr11,85663182,85665520,2338
HO3270,chr11,85684938,85686471,1533
HO3271,chr11,85810593,85811590,997
HO3272,chr11,85854306,85855707,1401
HO3273,chr11,86067736,86070104,2368
HO3274,chr11,86244095,86245945,1850
HO3275,chr11,86301618,86302808,1190
HO3276,chr11,86670978,86672718,1740
HO3277,chr11,86799577,86801551,1974
HO3278,chr11,86930784,86933104,2320
HO3279,chr11,86954199,86956687,2488
HO3280,chr11,87037021,87038509,1488
HO3281,chr11,88174456,88175984,1528
HO3282,chr11,88336786,88338694,1908
HO3283,chr11,88508215,88509538,1323
HO3284,chr11,89490696,89492139,1443
HO3285,chr11,90133705,90136094,2389
HO3286,chr11,90222117,90223813,1696
HO3287,chr11,90234452,90235972,1520
HO3288,chr11,91163429,91164804,1375
HO3289,chr11,92223641,92227373,3732
HO3290,chr11,93196853,93198515,1662
HO3291,chr11,93541741,93543811,2070
HO3292,chr11,93661111,93662279,1168
HO3293,chr11,93740572,93742169,1597
HO3294,chr11,93783695,93785248,1553
HO3295,chr11,93849594,93850865,1271
HO3296,chr11,94128221,94129797,1576
HO3297,chr11,94400694,94401803,1109
HO3298,chr11,94493013,94494444,1431
HO3299,chr11,94511949,94512855,906
HO3300,chr11,94543437,94545518,2081
HO3301,chr11,94740103,94741696,1593
HO3302,chr11,94767686,94769593,1907
HO3303,chr11,94972856,94974022,1166
HO3304,chr11,95066575,95068899,2324
HO3305,chr11,95088996,95090623,1627
HO3306,chr11,95149280,95151847,2567
HO3307,chr11,95229953,95232588,2635
HO3308,chr11,95337024,95339813,2789
HO3309,chr11,95788794,95791295,2501
HO3310,chr11,95923135,95924691,1556
HO3311,chr11,96242440,96243876,1436
HO3312,chr11,96306526,96308094,1568
HO3313,chr11,96342569,96343532,963
HO3314,chr11,96389052,96390608,1556
HO3315,chr11,96815472,96817806,2334
HO3316,chr11,97118485,97119558,1073
HO3317,chr11,99020225,99021415,1190
HO3318,chr11,100686531,100688124,1593
HO3319,chr11,101126838,101129886,3048
HO3320,chr11,101582331,101584384,2053
HO3321,chr11,101914345,101915518,1173
HO3322,chr11,102109752,102112237,2485
HO3323,chr11,102287874,102289103,1229
HO3324,chr11,102345856,102348346,2490
HO3325,chr11,102384277,102385720,1443
HO3326,chr11,102451303,102453483,2180
HO3327,chr11,103090974,103092565,1591
HO3328,chr11,103108948,103110252,1304
HO3329,chr11,104163324,104164547,1223
HO3330,chr11,105609287,105611061,1774
HO3331,chr11,106021595,106022833,1238
HO3332,chr11,106076428,106078399,1971
HO3333,chr11,107017164,107019454,2290
HO3334,chr11,107456974,107458319,1345
HO3335,chr11,107564838,107565918,1080
HO3336,chr11,107590463,107592251,1788
HO3337,chr11,107833283,107834324,1041
HO3338,chr11,107857688,107859869,2181
HO3339,chr11,107927862,107929478,1616
HO3340,chr11,108008465,108010262,1797
HO3341,chr11,108121047,108122375,1328
HO3342,chr11,108221883,108223850,1967
HO3343,chr11,108466763,108468382,1619
HO3344,chr11,108497273,108498779,1506
HO3345,chr11,108592602,108594089,1487
HO3346,chr11,108664470,108665511,1041
HO3347,chr11,110091988,110094147,2159
HO3348,chr11,110295530,110297146,1616
HO3349,chr11,110376415,110377339,924
HO3350,chr11,110428959,110431411,2452
HO3351,chr11,110530409,110531906,1497
HO3352,chr11,110710559,110713653,3094
HO3353,chr11,111298481,111300159,1678
HO3354,chr11,111540061,111542103,2042
HO3355,chr11,111601751,111603666,1915
HO3356,chr11,111694385,111695254,869
HO3357,chr11,111765318,111767328,2010
HO3358,chr11,111870594,111871802,1208
HO3359,chr11,111878297,111879821,1524
HO3360,chr11,111926413,111927590,1177
HO3361,chr11,111936618,111939131,2513
HO3362,chr11,111976498,111977943,1445
HO3363,chr11,112024239,112025996,1757
HO3364,chr11,112073492,112074851,1359
HO3365,chr11,112085923,112087370,1447
HO3366,chr11,112174716,112175937,1221
HO3367,chr11,112225707,112227302,1595
HO3368,chr11,112249798,112250830,1032
HO3369,chr11,112289500,112290544,1044
HO3370,chr11,112776864,112779199,2335
HO3371,chr11,112881127,112882038,911
HO3372,chr11,112960886,112963915,3029
HO3373,chr11,113314083,113315145,1062
HO3374,chr11,113474077,113475735,1658
HO3375,chr11,113773011,113774234,1223
HO3376,chr11,113874587,113876110,1523
HO3377,chr11,113974703,113975585,882
HO3378,chr11,114058888,114061640,2752
HO3379,chr11,114399569,114401071,1502
HO3380,chr11,114439073,114440514,1441
HO3381,chr11,115502811,115505136,2325
HO3382,chr11,115658434,115660775,2341
HO3383,chr11,115758781,115761214,2433
HO3384,chr11,116192722,116194426,1704
HO3385,chr11,116357337,116358438,1101
HO3386,chr11,116732046,116733057,1011
HO3387,chr11,116772203,116773694,1491
HO3388,chr11,116787376,116788494,1118
HO3389,chr11,116835000,116836570,1570
HO3390,chr11,117097350,117099303,1953
HO3391,chr11,117143310,117145739,2429
HO3392,chr11,117178165,117179940,1775
HO3393,chr11,117231565,117233326,1761
HO3394,chr11,117299089,117301140,2051
HO3395,chr11,117314406,117316686,2280
HO3396,chr11,117327406,117328966,1560
HO3397,chr11,117442877,117445431,2554
HO3398,chr11,117795688,117797538,1850
HO3399,chr11,117817197,117818445,1248
HO3400,chr11,117833244,117834330,1086
HO3401,chr11,117875006,117877649,2643
HO3402,chr11,117884953,117886374,1421
HO3403,chr11,117985579,117986701,1122
HO3404,chr11,118144693,118146295,1602
HO3405,chr11,118152270,118153497,1227
HO3406,chr11,118174985,118176785,1800
HO3407,chr11,118251723,118252887,1164
HO3408,chr11,118358982,118360127,1145
HO3409,chr11,118400382,118402137,1755
HO3410,chr11,118434417,118437010,2593
HO3411,chr11,118437050,118438011,961
HO3412,chr11,118530185,118532001,1816
HO3413,chr11,118564968,118566302,1334
HO3414,chr11,118571738,118573440,1702
HO3415,chr11,118607305,118608979,1674
HO3416,chr11,118620745,118623510,2765
HO3417,chr11,118634127,118635614,1487
HO3418,chr11,118658579,118659907,1328
HO3419,chr11,118688378,118690600,2222
HO3420,chr11,118789949,118793114,3165
HO3421,chr11,118908877,118909901,1024
HO3422,chr11,118925798,118926516,718
HO3423,chr11,118927973,118930597,2624
HO3424,chr11,118996916,118999216,2300
HO3425,chr11,119017985,119019350,1365
HO3426,chr11,119030065,119031173,1108
HO3427,chr11,119055937,119057767,1830
HO3428,chr11,119066797,119068077,1280
HO3429,chr11,119084376,119085857,1481
HO3430,chr11,119093964,119095861,1897
HO3431,chr11,119101208,119102845,1637
HO3432,chr11,119106550,119108754,2204
HO3433,chr11,119120617,119122067,1450
HO3434,chr11,119148748,119150110,1362
HO3435,chr11,119168270,119169674,1404
HO3436,chr11,119205083,119207355,2272
HO3437,chr11,119315006,119317597,2591
HO3438,chr11,119319746,119321893,2147
HO3439,chr11,119333858,119334911,1053
HO3440,chr11,119337686,119338572,886
HO3441,chr11,119339587,119341958,2371
HO3442,chr11,119356110,119357043,933
HO3443,chr11,119360928,119361759,831
HO3444,chr11,119380914,119382074,1160
HO3445,chr11,119421709,119423815,2106
HO3446,chr11,119583995,119585681,1686
HO3447,chr11,119683730,119685618,1888
HO3448,chr11,119727518,119729842,2324
HO3449,chr11,119741305,119742893,1588
HO3450,chr11,119862889,119864605,1716
HO3451,chr11,120168611,120169699,1088
HO3452,chr11,120192517,120193595,1078
HO3453,chr11,120210073,120211910,1837
HO3454,chr11,120324711,120326482,1771
HO3455,chr11,120335625,120337745,2120
HO3456,chr11,120510901,120512345,1444
HO3457,chr11,120547234,120548691,1457
HO3458,chr11,120563639,120565430,1791
HO3459,chr11,120985727,120986524,797
HO3460,chr11,121023477,121024888,1411
HO3461,chr11,121291895,121293602,1707
HO3462,chr11,121451250,121453074,1824
HO3463,chr11,121654806,121657247,2441
HO3464,chr11,121722099,121723979,1880
HO3465,chr11,121928589,121930586,1997
HO3466,chr11,122099270,122102360,3090
HO3467,chr11,122580310,122581466,1156
HO3468,chr11,122655285,122657080,1795
HO3469,chr11,122882565,122883851,1286
HO3470,chr11,123053247,123054619,1372
HO3471,chr11,123055157,123057036,1879
HO3472,chr11,123061404,123063273,1869
HO3473,chr11,123193740,123196506,2766
HO3474,chr11,123301081,123302461,1380
HO3475,chr11,123429680,123431427,1747
HO3476,chr11,123510718,123511615,897
HO3477,chr11,123559468,123562485,3017
HO3478,chr11,123580266,123581137,871
HO3479,chr11,123653608,123655721,2113
HO3480,chr11,123740300,123742134,1834
HO3481,chr11,123821935,123823079,1144
HO3482,chr11,124075525,124076850,1325
HO3483,chr11,124622257,124623552,1295
HO3484,chr11,124673012,124674302,1290
HO3485,chr11,124739242,124740825,1583
HO3486,chr11,124758166,124759139,973
HO3487,chr11,124762146,124763814,1668
HO3488,chr11,124798993,124801270,2277
HO3489,chr11,124875868,124876938,1070
HO3490,chr11,124920532,124921661,1129
HO3491,chr11,124953218,124954534,1316
HO3492,chr11,125062550,125064006,1456
HO3493,chr11,125110968,125112118,1150
HO3494,chr11,125163830,125166047,2217
HO3495,chr11,125261803,125263959,2156
HO3496,chr11,125370510,125371980,1470
HO3497,chr11,125375712,125376563,851
HO3498,chr11,125494578,125496724,2146
HO3499,chr11,125568852,125570673,1821
HO3500,chr11,125591545,125593676,2131
HO3501,chr11,125625183,125626812,1629
HO3502,chr11,125886802,125888343,1541
HO3503,chr11,125902435,125904697,2262
HO3504,chr11,126061488,126063576,2088
HO3505,chr11,126127362,126128471,1109
HO3506,chr11,126162761,126163648,887
HO3507,chr11,126210841,126212310,1469
HO3508,chr11,126268050,126269563,1513
HO3509,chr11,126282245,126283742,1497
HO3510,chr11,126303591,126304960,1369
HO3511,chr11,126355048,126356862,1814
HO3512,chr11,126414847,126417332,2485
HO3513,chr11,126439945,126441215,1270
HO3514,chr11,127002824,127003963,1139
HO3515,chr11,127806054,127808272,2218
HO3516,chr11,128521369,128523214,1845
HO3517,chr11,128548394,128549656,1262
HO3518,chr11,128692758,128695191,2433
HO3519,chr11,128859114,128860325,1211
HO3520,chr11,128890254,128891722,1468
HO3521,chr11,128904683,128906459,1776
HO3522,chr11,129278552,129280724,2172
HO3523,chr11,129375132,129376506,1374
HO3524,chr11,129695373,129696406,1033
HO3525,chr11,129894649,129896032,1383
HO3526,chr11,130001467,130003827,2360
HO3527,chr11,130068545,130071111,2566
HO3528,chr11,130181195,130182273,1078
HO3529,chr11,130313967,130315977,2010
HO3530,chr11,130427493,130428888,1395
HO3531,chr11,130434312,130435286,974
HO3532,chr11,130448149,130450447,2298
HO3533,chr11,130915581,130916828,1247
HO3534,chr11,131185911,131187331,1420
HO3535,chr11,131910177,131911865,1688
HO3536,chr11,132559074,132559903,829
HO3537,chr11,132595342,132596221,879
HO3538,chr11,132942655,132944816,2161
HO3539,chr11,133063897,133064941,1044
HO3540,chr11,133082520,133083496,976
HO3541,chr11,133945145,133947689,2544
HO3542,chr11,133956491,133957561,1070
HO3543,chr11,134033718,134035152,1434
HO3544,chr11,134036486,134037868,1382
HO3545,chr11,134050295,134051327,1032
HO3546,chr11,134068673,134070779,2106
HO3547,chr11,134124530,134125862,1332
HO3548,chr11,134223493,134225702,2209
HO3549,chr11,134252513,134254109,1596
HO3550,chr11,134275385,134277506,2121
HO3551,chr11,134331343,134332663,1320
HO3552,chr11,134411294,134413124,1830
HO3553,chr12,138450,140466,2016
HO3554,chr12,188334,189502,1168
HO3555,chr12,203172,204199,1027
HO3556,chr12,262560,263786,1226
HO3557,chr12,388452,389961,1509
HO3558,chr12,401001,402372,1371
HO3559,chr12,459397,461071,1674
HO3560,chr12,569438,571221,1783
HO3561,chr12,642284,643446,1162
HO3562,chr12,751080,753481,2401
HO3563,chr12,753621,754289,668
HO3564,chr12,948713,950325,1612
HO3565,chr12,989710,991993,2283
HO3566,chr12,1529740,1531588,1848
HO3567,chr12,1575372,1577325,1953
HO3568,chr12,1592500,1595556,3056
HO3569,chr12,1604901,1606332,1431
HO3570,chr12,1628869,1630738,1869
HO3571,chr12,1661435,1662316,881
HO3572,chr12,1690160,1691747,1587
HO3573,chr12,1795680,1797563,1883
HO3574,chr12,1830820,1831463,643
HO3575,chr12,2003522,2004789,1267
HO3576,chr12,2034608,2035609,1001
HO3577,chr12,2051938,2054719,2781
HO3578,chr12,2690691,2691964,1273
HO3579,chr12,2752397,2753277,880
HO3580,chr12,2794070,2796244,2174
HO3581,chr12,2812138,2813876,1738
HO3582,chr12,2834389,2835562,1173
HO3583,chr12,2876447,2878696,2249
HO3584,chr12,2890063,2891643,1580
HO3585,chr12,2958457,2960299,1842
HO3586,chr12,3076498,3078078,1580
HO3587,chr12,3106535,3107714,1179
HO3588,chr12,3199341,3201147,1806
HO3589,chr12,3299762,3300852,1090
HO3590,chr12,3365161,3367052,1891
HO3591,chr12,3490861,3493812,2951
HO3592,chr12,3872392,3873742,1350
HO3593,chr12,3919821,3921219,1398
HO3594,chr12,4030803,4032045,1242
HO3595,chr12,4164212,4165495,1283
HO3596,chr12,4268882,4269866,984
HO3597,chr12,4271722,4272961,1239
HO3598,chr12,4273435,4273908,473
HO3599,chr12,4276832,4277248,416
HO3600,chr12,4307563,4308359,796
HO3601,chr12,4320342,4321742,1400
HO3602,chr12,4538020,4539162,1142
HO3603,chr12,4561732,4562674,942
HO3604,chr12,4604455,4605249,794
HO3605,chr12,4648113,4649485,1372
HO3606,chr12,4808791,4810354,1563
HO3607,chr12,4909319,4911027,1708
HO3608,chr12,5042921,5044450,1529
HO3609,chr12,5431896,5433930,2034
HO3610,chr12,5944329,5945779,1450
HO3611,chr12,6199301,6201639,2338
HO3612,chr12,6278024,6279071,1047
HO3613,chr12,6310038,6311273,1235
HO3614,chr12,6335010,6337069,2059
HO3615,chr12,6340728,6342560,1832
HO3616,chr12,6362976,6364162,1186
HO3617,chr12,6383285,6384524,1239
HO3618,chr12,6450570,6452788,2218
HO3619,chr12,6469875,6471316,1441
HO3620,chr12,6492738,6494342,1604
HO3621,chr12,6532466,6535439,2973
HO3622,chr12,6540205,6541001,796
HO3623,chr12,6554078,6554676,598
HO3624,chr12,6554946,6556329,1383
HO3625,chr12,6567294,6568704,1410
HO3626,chr12,6605581,6608583,3002
HO3627,chr12,6612725,6614577,1852
HO3628,chr12,6620028,6621051,1023
HO3629,chr12,6646829,6647627,798
HO3630,chr12,6662533,6663565,1032
HO3631,chr12,6688431,6689887,1456
HO3632,chr12,6699692,6701102,1410
HO3633,chr12,6723443,6724764,1321
HO3634,chr12,6752153,6754093,1940
HO3635,chr12,6763788,6764716,928
HO3636,chr12,6765306,6767245,1939
HO3637,chr12,6778028,6779421,1393
HO3638,chr12,6821008,6822403,1395
HO3639,chr12,6825378,6825905,527
HO3640,chr12,6827960,6829802,1842
HO3641,chr12,6850894,6853333,2439
HO3642,chr12,6866825,6868279,1454
HO3643,chr12,6872137,6874000,1863
HO3644,chr12,6890609,6891854,1245
HO3645,chr12,6904262,6905376,1114
HO3646,chr12,6913825,6915868,2043
HO3647,chr12,6924248,6925352,1104
HO3648,chr12,6925460,6926479,1019
HO3649,chr12,6927018,6928664,1646
HO3650,chr12,6936428,6938328,1900
HO3651,chr12,6943300,6944941,1641
HO3652,chr12,6945900,6946750,850
HO3653,chr12,6969968,6971398,1430
HO3654,chr12,7017781,7019407,1626
HO3655,chr12,7107841,7109564,1723
HO3656,chr12,7129402,7131436,2034
HO3657,chr12,7188469,7190492,2023
HO3658,chr12,7638051,7640845,2794
HO3659,chr12,7730521,7731950,1429
HO3660,chr12,7935140,7936579,1439
HO3661,chr12,7970132,7971790,1658
HO3662,chr12,8025985,8027363,1378
HO3663,chr12,8032025,8033847,1822
HO3664,chr12,8038303,8039232,929
HO3665,chr12,8081226,8082888,1662
HO3666,chr12,8179809,8180629,820
HO3667,chr12,8242250,8244140,1890
HO3668,chr12,8389561,8390818,1257
HO3669,chr12,8396083,8396981,898
HO3670,chr12,8696791,8698855,2064
HO3671,chr12,8844239,8845455,1216
HO3672,chr12,8913466,8915470,2004
HO3673,chr12,8948662,8950650,1988
HO3674,chr12,9063932,9065610,1678
HO3675,chr12,9283277,9284590,1313
HO3676,chr12,9447706,9448994,1288
HO3677,chr12,9646863,9648802,1939
HO3678,chr12,10009668,10011075,1407
HO3679,chr12,10153040,10154305,1265
HO3680,chr12,10211945,10214288,2343
HO3681,chr12,10362737,10365530,2793
HO3682,chr12,10612725,10614270,1545
HO3683,chr12,10721430,10723711,2281
HO3684,chr12,11170853,11172500,1647
HO3685,chr12,11500050,11501101,1051
HO3686,chr12,11648588,11650642,2054
HO3687,chr12,11811897,11813856,1959
HO3688,chr12,12265535,12267565,2030
HO3689,chr12,12349588,12351613,2025
HO3690,chr12,12356686,12358323,1637
HO3691,chr12,12560751,12563300,2549
HO3692,chr12,12611205,12612731,1526
HO3693,chr12,12695738,12697209,1471
HO3694,chr12,12715971,12718359,2388
HO3695,chr12,12723624,12726096,2472
HO3696,chr12,12786431,12787768,1337
HO3697,chr12,12791598,12792753,1155
HO3698,chr12,12812733,12814028,1295
HO3699,chr12,12890492,12892193,1701
HO3700,chr12,12999326,13001750,2424
HO3701,chr12,13043979,13045119,1140
HO3702,chr12,13100584,13101784,1200
HO3703,chr12,13255519,13256454,935
HO3704,chr12,13277778,13278962,1184
HO3705,chr12,13980080,13982343,2263
HO3706,chr12,14257273,14258473,1200
HO3707,chr12,14365053,14366417,1364
HO3708,chr12,14755938,14756940,1002
HO3709,chr12,14769461,14771327,1866
HO3710,chr12,14773640,14775383,1743
HO3711,chr12,14802608,14804240,1632
HO3712,chr12,15220382,15221674,1292
HO3713,chr12,15787862,15790137,2275
HO3714,chr12,15881648,15883053,1405
HO3715,chr12,15910771,15911947,1176
HO3716,chr12,19129012,19131285,2273
HO3717,chr12,19439018,19440887,1869
HO3718,chr12,20367756,20370324,2568
HO3719,chr12,21437264,21438432,1168
HO3720,chr12,21500863,21502411,1548
HO3721,chr12,21526909,21528240,1331
HO3722,chr12,21656683,21658133,1450
HO3723,chr12,21773211,21775881,2670
HO3724,chr12,21940640,21942440,1800
HO3725,chr12,22045948,22047126,1178
HO3726,chr12,22333709,22336118,2409
HO3727,chr12,22543391,22544875,1484
HO3728,chr12,22624396,22626208,1812
HO3729,chr12,23949053,23951398,2345
HO3730,chr12,24561417,24564248,2831
HO3731,chr12,24901868,24903980,2112
HO3732,chr12,24948029,24949480,1451
HO3733,chr12,25194217,25196040,1823
HO3734,chr12,25249884,25252012,2128
HO3735,chr12,25384613,25387762,3149
HO3736,chr12,25957846,25959942,2096
HO3737,chr12,26113774,26115314,1540
HO3738,chr12,26122001,26123447,1446
HO3739,chr12,26124680,26126801,2121
HO3740,chr12,26195039,26196551,1512
HO3741,chr12,26831928,26834169,2241
HO3742,chr12,26937431,26939225,1794
HO3743,chr12,27013518,27014931,1413
HO3744,chr12,27021787,27023483,1696
HO3745,chr12,27243697,27245686,1989
HO3746,chr12,27332335,27333812,1477
HO3747,chr12,27523223,27525182,1959
HO3748,chr12,27549272,27550416,1144
HO3749,chr12,27709921,27711616,1695
HO3750,chr12,27779400,27781415,2015
HO3751,chr12,27968921,27971594,2673
HO3752,chr12,28189892,28192023,2131
HO3753,chr12,29380012,29381547,1535
HO3754,chr12,29782326,29784554,2228
HO3755,chr12,30694183,30696206,2023
HO3756,chr12,30753694,30755420,1726
HO3757,chr12,30795065,30797251,2186
HO3758,chr12,30822162,30823507,1345
HO3759,chr12,30851100,30851906,806
HO3760,chr12,30925964,30927142,1178
HO3761,chr12,31073178,31074780,1602
HO3762,chr12,31323469,31326584,3115
HO3763,chr12,31369232,31371536,2304
HO3764,chr12,31589621,31591879,2258
HO3765,chr12,31640969,31642245,1276
HO3766,chr12,31658346,31660075,1729
HO3767,chr12,31728353,31729549,1196
HO3768,chr12,31876579,31878227,1648
HO3769,chr12,31958590,31960406,1816
HO3770,chr12,32051391,32053076,1685
HO3771,chr12,32106105,32108252,2147
HO3772,chr12,32398858,32400501,1643
HO3773,chr12,32533915,32535987,2072
HO3774,chr12,32577257,32578021,764
HO3775,chr12,32678669,32680107,1438
HO3776,chr12,32754941,32757137,2196
HO3777,chr12,32896193,32897596,1403
HO3778,chr12,33437710,33440136,2426
HO3779,chr12,34021654,34023098,1444
HO3780,chr12,38316058,38317265,1207
HO3781,chr12,38904752,38907099,2347
HO3782,chr12,39441887,39444172,2285
HO3783,chr12,39619320,39620824,1504
HO3784,chr12,40104897,40106476,1579
HO3785,chr12,40224115,40225605,1490
HO3786,chr12,40691853,40693832,1979
HO3787,chr12,41187932,41189197,1265
HO3788,chr12,42143932,42145393,1461
HO3789,chr12,42237203,42238893,1690
HO3790,chr12,42325493,42327187,1694
HO3791,chr12,42482043,42484857,2814
HO3792,chr12,42588544,42590910,2366
HO3793,chr12,43550660,43552488,1828
HO3794,chr12,43758056,43759679,1623
HO3795,chr12,43805123,43806714,1591
HO3796,chr12,43835222,43837022,1800
HO3797,chr12,44875034,44877149,2115
HO3798,chr12,45049888,45052191,2303
HO3799,chr12,45215252,45217332,2080
HO3800,chr12,45268223,45269456,1233
HO3801,chr12,45726852,45727994,1142
HO3802,chr12,45728438,45730066,1628
HO3803,chr12,45730284,45731040,756
HO3804,chr12,45989486,45992259,2773
HO3805,chr12,46266905,46270107,3202
HO3806,chr12,46371070,46373743,2673
HO3807,chr12,46382636,46384365,1729
HO3808,chr12,46830661,46832388,1727
HO3809,chr12,47079301,47081022,1721
HO3810,chr12,47222648,47224084,1436
HO3811,chr12,47705106,47707024,1918
HO3812,chr12,47757603,47759660,2057
HO3813,chr12,47772682,47774069,1387
HO3814,chr12,47811539,47813820,2281
HO3815,chr12,47818618,47821017,2399
HO3816,chr12,47904469,47905747,1278
HO3817,chr12,47941339,47943218,1879
HO3818,chr12,47962985,47964483,1498
HO3819,chr12,48000949,48002035,1086
HO3820,chr12,48002248,48003071,823
HO3821,chr12,48003822,48005394,1572
HO3822,chr12,48023074,48024285,1211
HO3823,chr12,48105250,48106892,1642
HO3824,chr12,48118464,48120083,1619
HO3825,chr12,48156656,48157956,1300
HO3826,chr12,48182723,48184875,2152
HO3827,chr12,48197459,48199258,1799
HO3828,chr12,48296330,48297398,1068
HO3829,chr12,48349400,48351503,2103
HO3830,chr12,48681441,48682647,1206
HO3831,chr12,48716033,48717407,1374
HO3832,chr12,48787003,48790172,3169
HO3833,chr12,48814226,48815993,1767
HO3834,chr12,48818032,48819089,1057
HO3835,chr12,48851636,48853563,1927
HO3836,chr12,48865151,48866238,1087
HO3837,chr12,48903397,48904759,1362
HO3838,chr12,48924438,48925971,1533
HO3839,chr12,48956117,48957896,1779
HO3840,chr12,48977772,48978865,1093
HO3841,chr12,48996682,48997535,853
HO3842,chr12,48997547,48999035,1488
HO3843,chr12,48999105,49000310,1205
HO3844,chr12,49017832,49019715,1883
HO3845,chr12,49059502,49061350,1848
HO3846,chr12,49069029,49070417,1388
HO3847,chr12,49088064,49088611,547
HO3848,chr12,49089762,49090601,839
HO3849,chr12,49091632,49092872,1240
HO3850,chr12,49093785,49094961,1176
HO3851,chr12,49108771,49111234,2463
HO3852,chr12,49130029,49131776,1747
HO3853,chr12,49187760,49189418,1658
HO3854,chr12,49232359,49234168,1809
HO3855,chr12,49234268,49235476,1208
HO3856,chr12,49264175,49265748,1573
HO3857,chr12,49321637,49323573,1936
HO3858,chr12,49341946,49343183,1237
HO3859,chr12,49347254,49348055,801
HO3860,chr12,49366264,49368056,1792
HO3861,chr12,49537475,49539336,1861
HO3862,chr12,49548661,49549688,1027
HO3863,chr12,49567394,49569092,1698
HO3864,chr12,49622133,49624485,2352
HO3865,chr12,49636635,49638071,1436
HO3866,chr12,49672957,49674537,1580
HO3867,chr12,49706156,49707853,1697
HO3868,chr12,49740958,49742397,1439
HO3869,chr12,49827102,49829003,1901
HO3870,chr12,49841906,49843347,1441
HO3871,chr12,49868558,49869911,1353
HO3872,chr12,49902441,49904447,2006
HO3873,chr12,49966796,49967951,1155
HO3874,chr12,50024782,50025862,1080
HO3875,chr12,50050185,50051764,1579
HO3876,chr12,50056929,50058291,1362
HO3877,chr12,50084646,50085968,1322
HO3878,chr12,50103486,50104308,822
HO3879,chr12,50111240,50112903,1663
HO3880,chr12,50166410,50167844,1434
HO3881,chr12,50220322,50223118,2796
HO3882,chr12,50282636,50284160,1524
HO3883,chr12,50400159,50402107,1948
HO3884,chr12,50504374,50506382,2008
HO3885,chr12,50763310,50765881,2571
HO3886,chr12,50923959,50925532,1573
HO3887,chr12,51025421,51026717,1296
HO3888,chr12,51047539,51048725,1186
HO3889,chr12,51082448,51083907,1459
HO3890,chr12,51171855,51173475,1620
HO3891,chr12,51216937,51218726,1789
HO3892,chr12,51237928,51239501,1573
HO3893,chr12,51262556,51263242,686
HO3894,chr12,51269153,51271159,2006
HO3895,chr12,51390518,51392191,1673
HO3896,chr12,51424182,51425454,1272
HO3897,chr12,51504254,51506228,1974
HO3898,chr12,51590391,51591820,1429
HO3899,chr12,51721199,51722088,889
HO3900,chr12,51813898,51815060,1162
HO3901,chr12,51819813,51822162,2349
HO3902,chr12,51846549,51849698,3149
HO3903,chr12,51863310,51865210,1900
HO3904,chr12,51868754,51869836,1082
HO3905,chr12,51951012,51952766,1754
HO3906,chr12,52005758,52007929,2171
HO3907,chr12,52010012,52010854,842
HO3908,chr12,52022883,52024047,1164
HO3909,chr12,52025357,52026149,792
HO3910,chr12,52032410,52033440,1030
HO3911,chr12,52036526,52037832,1306
HO3912,chr12,52050358,52051846,1488
HO3913,chr12,52061599,52064638,3039
HO3914,chr12,52068939,52070639,1700
HO3915,chr12,52191678,52192689,1011
HO3916,chr12,52202206,52203797,1591
HO3917,chr12,52307936,52309032,1096
HO3918,chr12,52879239,52880246,1007
HO3919,chr12,52895067,52897607,2540
HO3920,chr12,52903144,52905355,2211
HO3921,chr12,52948514,52950095,1581
HO3922,chr12,53005522,53007225,1703
HO3923,chr12,53046314,53049288,2974
HO3924,chr12,53053402,53054848,1446
HO3925,chr12,53078592,53080038,1446
HO3926,chr12,53096332,53098333,2001
HO3927,chr12,53179770,53181509,1739
HO3928,chr12,53219780,53221995,2215
HO3929,chr12,53250975,53252711,1736
HO3930,chr12,53267382,53268725,1343
HO3931,chr12,53294878,53295906,1028
HO3932,chr12,53299100,53300261,1161
HO3933,chr12,53320949,53321835,886
HO3934,chr12,53324172,53326054,1882
HO3935,chr12,53344432,53346138,1706
HO3936,chr12,53370283,53371937,1654
HO3937,chr12,53379097,53381114,2017
HO3938,chr12,53423415,53425860,2445
HO3939,chr12,53440838,53442201,1363
HO3940,chr12,53451655,53453026,1371
HO3941,chr12,53492189,53493836,1647
HO3942,chr12,53498946,53500012,1066
HO3943,chr12,53500135,53501724,1589
HO3944,chr12,53625669,53626769,1100
HO3945,chr12,53675560,53677661,2101
HO3946,chr12,53694869,53697429,2560
HO3947,chr12,53726869,53728079,1210
HO3948,chr12,53746415,53746954,539
HO3949,chr12,53750740,53752281,1541
HO3950,chr12,53938106,53939953,1847
HO3951,chr12,53984661,53986385,1724
HO3952,chr12,53999389,54000726,1337
HO3953,chr12,54008697,54009611,914
HO3954,chr12,54016549,54019644,3095
HO3955,chr12,54032400,54034189,1789
HO3956,chr12,54052026,54054642,2616
HO3957,chr12,54081624,54082908,1284
HO3958,chr12,54125803,54127320,1517
HO3959,chr12,54158978,54159530,552
HO3960,chr12,54188484,54189216,732
HO3961,chr12,54191192,54192084,892
HO3962,chr12,54216697,54217388,691
HO3963,chr12,54259118,54260307,1189
HO3964,chr12,54279146,54281290,2144
HO3965,chr12,54324418,54325490,1072
HO3966,chr12,54351708,54352630,922
HO3967,chr12,54358202,54359816,1614
HO3968,chr12,54369899,54370822,923
HO3969,chr12,54378601,54380003,1402
HO3970,chr12,54390622,54391552,930
HO3971,chr12,54417833,54419854,2021
HO3972,chr12,54548908,54550457,1549
HO3973,chr12,54560061,54561554,1493
HO3974,chr12,54586760,54588920,2160
HO3975,chr12,54698729,54700538,1809
HO3976,chr12,55707240,55708479,1239
HO3977,chr12,55715544,55716776,1232
HO3978,chr12,55727583,55730569,2986
HO3979,chr12,55736935,55739073,2138
HO3980,chr12,55742681,55744282,1601
HO3981,chr12,55816804,55818479,1675
HO3982,chr12,55828885,55831283,2398
HO3983,chr12,55926305,55928159,1854
HO3984,chr12,55931529,55932397,868
HO3985,chr12,55965857,55967699,1842
HO3986,chr12,55972848,55974618,1770
HO3987,chr12,55995996,55997857,1861
HO3988,chr12,56006847,56008533,1686
HO3989,chr12,56020029,56022182,2153
HO3990,chr12,56041196,56042434,1238
HO3991,chr12,56078777,56080616,1839
HO3992,chr12,56103718,56105409,1691
HO3993,chr12,56115939,56116981,1042
HO3994,chr12,56117762,56118667,905
HO3995,chr12,56126096,56126485,389
HO3996,chr12,56127488,56129608,2120
HO3997,chr12,56151639,56152769,1130
HO3998,chr12,56157191,56159408,2217
HO3999,chr12,56188358,56190522,2164
HO4000,chr12,56220686,56222493,1807
HO4001,chr12,56223834,56224579,745
HO4002,chr12,56257261,56259097,1836
HO4003,chr12,56266353,56267969,1616
HO4004,chr12,56299009,56300916,1907
HO4005,chr12,56315034,56316591,1557
HO4006,chr12,56333197,56334522,1325
HO4007,chr12,56359698,56360812,1114
HO4008,chr12,56448558,56449601,1043
HO4009,chr12,56467890,56469383,1493
HO4010,chr12,56487448,56488739,1291
HO4011,chr12,56521022,56523144,2122
HO4012,chr12,56628483,56630531,2048
HO4013,chr12,56634191,56634761,570
HO4014,chr12,56634775,56635408,633
HO4015,chr12,56635916,56637301,1385
HO4016,chr12,56644838,56646470,1632
HO4017,chr12,56686970,56689394,2424
HO4018,chr12,56724403,56725768,1365
HO4019,chr12,56751233,56752602,1369
HO4020,chr12,57005740,57006807,1067
HO4021,chr12,57077986,57079234,1248
HO4022,chr12,57086359,57089379,3020
HO4023,chr12,57089551,57090167,616
HO4024,chr12,57110067,57112634,2567
HO4025,chr12,57126986,57129764,2778
HO4026,chr12,57216311,57217905,1594
HO4027,chr12,57229278,57230788,1510
HO4028,chr12,57234859,57235504,645
HO4029,chr12,57238858,57239438,580
HO4030,chr12,57242483,57243964,1481
HO4031,chr12,57429836,57431307,1471
HO4032,chr12,57458870,57460376,1506
HO4033,chr12,57460873,57462977,2104
HO4034,chr12,57487288,57488893,1605
HO4035,chr12,57519632,57521114,1482
HO4036,chr12,57521604,57523379,1775
HO4037,chr12,57546147,57547479,1332
HO4038,chr12,57590520,57591923,1403
HO4039,chr12,57603533,57605857,2324
HO4040,chr12,57609751,57611880,2129
HO4041,chr12,57620758,57622113,1355
HO4042,chr12,57631772,57633398,1626
HO4043,chr12,57693404,57694821,1417
HO4044,chr12,57725811,57727975,2164
HO4045,chr12,57737574,57739165,1591
HO4046,chr12,57744243,57745815,1572
HO4047,chr12,57751537,57752816,1279
HO4048,chr12,57754403,57756011,1608
HO4049,chr12,57764701,57767052,2351
HO4050,chr12,57771385,57773075,1690
HO4051,chr12,57782183,57783400,1217
HO4052,chr12,57844371,57847312,2941
HO4053,chr12,57864300,57865790,1490
HO4054,chr12,57896141,57897654,1513
HO4055,chr12,57904975,57905766,791
HO4056,chr12,57935507,57936388,881
HO4057,chr12,57940806,57942060,1254
HO4058,chr12,58919201,58920939,1738
HO4059,chr12,59595558,59597800,2242
HO4060,chr12,62190759,62192959,2200
HO4061,chr12,62259139,62261277,2138
HO4062,chr12,62465889,62467677,1788
HO4063,chr12,62602209,62603937,1728
HO4064,chr12,62631216,62632950,1734
HO4065,chr12,62933071,62935480,2409
HO4066,chr12,63149976,63152382,2406
HO4067,chr12,63667770,63669331,1561
HO4068,chr12,63779317,63780498,1181
HO4069,chr12,63843252,63845225,1973
HO4070,chr12,64221442,64222781,1339
HO4071,chr12,64403755,64405392,1637
HO4072,chr12,64451184,64453102,1918
HO4073,chr12,64608915,64611673,2758
HO4074,chr12,64758596,64760030,1434
HO4075,chr12,64780164,64781845,1681
HO4076,chr12,64824182,64825845,1663
HO4077,chr12,65168987,65171016,2029
HO4078,chr12,65278019,65279534,1515
HO4079,chr12,65728757,65729784,1027
HO4080,chr12,65740892,65742990,2098
HO4081,chr12,65823435,65826417,2982
HO4082,chr12,65925225,65927045,1820
HO4083,chr12,66129871,66131182,1311
HO4084,chr12,66169016,66170220,1204
HO4085,chr12,66301782,66303006,1224
HO4086,chr12,67068210,67070158,1948
HO4087,chr12,67268275,67270354,2079
HO4088,chr12,67647257,67650151,2894
HO4089,chr12,68331617,68332768,1151
HO4090,chr12,68364670,68365727,1057
HO4091,chr12,68609998,68612029,2031
HO4092,chr12,68686177,68687463,1286
HO4093,chr12,68745547,68746947,1400
HO4094,chr12,68807317,68809118,1801
HO4095,chr12,68932208,68933782,1574
HO4096,chr12,69238966,69240533,1567
HO4097,chr12,69359312,69360517,1205
HO4098,chr12,69415492,69416646,1154
HO4099,chr12,69469846,69471134,1288
HO4100,chr12,69584864,69586078,1214
HO4101,chr12,69737985,69740104,2119
HO4102,chr12,70242542,70244375,1833
HO4103,chr12,70365195,70367682,2487
HO4104,chr12,71157158,71158908,1750
HO4105,chr12,71438745,71440743,1998
HO4106,chr12,71662748,71664673,1925
HO4107,chr12,71685455,71686610,1155
HO4108,chr12,71754309,71755921,1612
HO4109,chr12,71839088,71840811,1723
HO4110,chr12,72271294,72273666,2372
HO4111,chr12,74537164,74538818,1654
HO4112,chr12,75329696,75330496,800
HO4113,chr12,75390336,75391554,1218
HO4114,chr12,75510894,75512006,1112
HO4115,chr12,76029986,76032703,2717
HO4116,chr12,76083628,76085425,1797
HO4117,chr12,76347791,76348954,1163
HO4118,chr12,76558628,76560316,1688
HO4119,chr12,76763377,76765293,1916
HO4120,chr12,76878051,76879899,1848
HO4121,chr12,77064784,77066224,1440
HO4122,chr12,77324438,77325805,1367
HO4123,chr12,78863445,78865752,2307
HO4124,chr12,79689374,79691668,2294
HO4125,chr12,79933673,79935845,2172
HO4126,chr12,80936310,80938056,1746
HO4127,chr12,81758056,81759798,1742
HO4128,chr12,82357802,82359397,1595
HO4129,chr12,82685701,82688001,2300
HO4130,chr12,84910459,84913123,2664
HO4131,chr12,85035894,85037012,1118
HO4132,chr12,85279309,85280981,1672
HO4133,chr12,88034945,88036221,1276
HO4134,chr12,88141476,88142915,1439
HO4135,chr12,88578216,88580885,2669
HO4136,chr12,89351415,89354731,3316
HO4137,chr12,89524141,89526359,2218
HO4138,chr12,89707612,89710288,2676
HO4139,chr12,89947270,89948972,1702
HO4140,chr12,90857551,90858773,1222
HO4141,chr12,91380667,91382588,1921
HO4142,chr12,92143979,92146553,2574
HO4143,chr12,92928305,92929878,1573
HO4144,chr12,93377389,93379207,1818
HO4145,chr12,93440933,93442755,1822
HO4146,chr12,93466989,93468193,1204
HO4147,chr12,93569558,93572193,2635
HO4148,chr12,93676813,93678192,1379
HO4149,chr12,94101183,94102611,1428
HO4150,chr12,94147823,94150827,3004
HO4151,chr12,94459183,94460751,1568
HO4152,chr12,94649296,94650989,1693
HO4153,chr12,95002862,95004049,1187
HO4154,chr12,95072236,95073853,1617
HO4155,chr12,95216633,95219063,2430
HO4156,chr12,95473035,95474910,1875
HO4157,chr12,95547741,95549193,1452
HO4158,chr12,95789177,95791696,2519
HO4159,chr12,95858266,95859850,1584
HO4160,chr12,95942086,95943698,1612
HO4161,chr12,96034562,96036209,1647
HO4162,chr12,96193788,96196218,2430
HO4163,chr12,96398580,96401585,3005
HO4164,chr12,96489019,96490125,1106
HO4165,chr12,96906563,96908150,1587
HO4166,chr12,98397077,98397878,801
HO4167,chr12,98490603,98491380,777
HO4168,chr12,98502738,98504364,1626
HO4169,chr12,98514762,98516689,1927
HO4170,chr12,98592922,98594755,1833
HO4171,chr12,98643855,98645871,2016
HO4172,chr12,98894365,98895600,1235
HO4173,chr12,99983682,99985649,1967
HO4174,chr12,100141637,100143325,1688
HO4175,chr12,100199167,100201221,2054
HO4176,chr12,100266353,100268206,1853
HO4177,chr12,100572919,100574554,1635
HO4178,chr12,100716540,100718010,1470
HO4179,chr12,101279308,101280631,1323
HO4180,chr12,101406785,101408560,1775
HO4181,chr12,101696593,101698954,2361
HO4182,chr12,101829753,101831260,1507
HO4183,chr12,101876607,101878205,1598
HO4184,chr12,102060961,102062324,1363
HO4185,chr12,102119286,102120576,1290
HO4186,chr12,102957261,102958834,1573
HO4187,chr12,103840117,103842120,2003
HO4188,chr12,103928965,103931284,2319
HO4189,chr12,103956288,103957793,1505
HO4190,chr12,103965196,103966499,1303
HO4191,chr12,104049356,104050836,1480
HO4192,chr12,104063686,104065400,1714
HO4193,chr12,104137062,104138851,1789
HO4194,chr12,104215380,104216420,1040
HO4195,chr12,104286222,104287805,1583
HO4196,chr12,104288375,104289230,855
HO4197,chr12,104303069,104304156,1087
HO4198,chr12,104456305,104458746,2441
HO4199,chr12,104668010,104670406,2396
HO4200,chr12,104957611,104959639,2028
HO4201,chr12,104985739,104986936,1197
HO4202,chr12,105083431,105084967,1536
HO4203,chr12,105106908,105108353,1445
HO4204,chr12,105235148,105236481,1333
HO4205,chr12,105330019,105331608,1589
HO4206,chr12,106137696,106140334,2638
HO4207,chr12,106246836,106248823,1987
HO4208,chr12,106301604,106303605,2001
HO4209,chr12,106357229,106358733,1504
HO4210,chr12,106773523,106775145,1622
HO4211,chr12,106954837,106957199,2362
HO4212,chr12,106986455,106987430,975
HO4213,chr12,107091528,107094363,2835
HO4214,chr12,107317703,107320442,2739
HO4215,chr12,107684962,107686431,1469
HO4216,chr12,107760193,107761851,1658
HO4217,chr12,108128993,108130338,1345
HO4218,chr12,108514602,108515731,1129
HO4219,chr12,108560639,108561630,991
HO4220,chr12,108561942,108563831,1889
HO4221,chr12,108690904,108692647,1743
HO4222,chr12,108729823,108732397,2574
HO4223,chr12,108855616,108858848,3232
HO4224,chr12,109052091,109053879,1788
HO4225,chr12,109093042,109093753,711
HO4226,chr12,109097161,109098842,1681
HO4227,chr12,109110736,109112125,1389
HO4228,chr12,109154034,109155374,1340
HO4229,chr12,109308815,109310656,1841
HO4230,chr12,109329230,109332372,3142
HO4231,chr12,109476522,109477991,1469
HO4232,chr12,109572431,109574053,1622
HO4233,chr12,109597326,109598295,969
HO4234,chr12,109713258,109714914,1656
HO4235,chr12,109736448,109736955,507
HO4236,chr12,109879268,109881141,1873
HO4237,chr12,109899744,109901726,1982
HO4238,chr12,109995456,109996537,1081
HO4239,chr12,109998759,110000197,1438
HO4240,chr12,110047816,110049074,1258
HO4241,chr12,110123545,110125037,1492
HO4242,chr12,110280307,110282406,2099
HO4243,chr12,110402580,110404318,1738
HO4244,chr12,110449323,110450614,1291
HO4245,chr12,110467881,110469511,1630
HO4246,chr12,110501138,110502655,1517
HO4247,chr12,110581927,110583649,1722
HO4248,chr12,110613334,110614506,1172
HO4249,chr12,110688387,110689974,1587
HO4250,chr12,110741351,110743280,1929
HO4251,chr12,110846516,110847311,795
HO4252,chr12,111033186,111035380,2194
HO4253,chr12,111180054,111181632,1578
HO4254,chr12,111368195,111369398,1203
HO4255,chr12,111404531,111406404,1873
HO4256,chr12,111597090,111600175,3085
HO4257,chr12,111635408,111637208,1800
HO4258,chr12,111685110,111686522,1412
HO4259,chr12,111766335,111767718,1383
HO4260,chr12,111841043,111843109,2066
HO4261,chr12,112012468,112014351,1883
HO4262,chr12,112107845,112109658,1813
HO4263,chr12,112125045,112126345,1300
HO4264,chr12,112380993,112382789,1796
HO4265,chr12,112408720,112409893,1173
HO4266,chr12,112418274,112419710,1436
HO4267,chr12,113056374,113058081,1707
HO4268,chr12,113135119,113136476,1357
HO4269,chr12,113149161,113149946,785
HO4270,chr12,113152601,113153587,986
HO4271,chr12,113161296,113162620,1324
HO4272,chr12,113184425,113185997,1572
HO4273,chr12,113220569,113222195,1626
HO4274,chr12,113245488,113246899,1411
HO4275,chr12,113333854,113335538,1684
HO4276,chr12,113357928,113360008,2080
HO4277,chr12,113965555,113966811,1256
HO4278,chr12,114667863,114669269,1406
HO4279,chr12,114683429,114685175,1746
HO4280,chr12,115451169,115453208,2039
HO4281,chr12,116275880,116278156,2276
HO4282,chr12,116358465,116359721,1256
HO4283,chr12,116455051,116456565,1514
HO4284,chr12,116507861,116509116,1255
HO4285,chr12,116532951,116534966,2015
HO4286,chr12,116736912,116738662,1750
HO4287,chr12,116818723,116819804,1081
HO4288,chr12,116880658,116881676,1018
HO4289,chr12,116910549,116911658,1109
HO4290,chr12,117032479,117034461,1982
HO4291,chr12,117111391,117112546,1155
HO4292,chr12,117161257,117163053,1796
HO4293,chr12,117188861,117190776,1915
HO4294,chr12,117968242,117969661,1419
HO4295,chr12,118015984,118017199,1215
HO4296,chr12,118059768,118062619,2851
HO4297,chr12,118103047,118104545,1498
HO4298,chr12,118135438,118136955,1517
HO4299,chr12,118188472,118190738,2266
HO4300,chr12,118372376,118373323,947
HO4301,chr12,118375935,118377001,1066
HO4302,chr12,119178389,119179921,1532
HO4303,chr12,119667347,119668619,1272
HO4304,chr12,119803072,119804746,1674
HO4305,chr12,119876663,119877735,1072
HO4306,chr12,119988410,119990309,1899
HO4307,chr12,120086475,120087710,1235
HO4308,chr12,120116222,120117651,1429
HO4309,chr12,120194183,120195351,1168
HO4310,chr12,120200449,120202048,1599
HO4311,chr12,120228147,120229549,1402
HO4312,chr12,120265031,120266189,1158
HO4313,chr12,120290500,120293491,2991
HO4314,chr12,120301698,120302874,1176
HO4315,chr12,120316734,120318006,1272
HO4316,chr12,120361277,120362166,889
HO4317,chr12,120367749,120369568,1819
HO4318,chr12,120437346,120438595,1249
HO4319,chr12,120445670,120446964,1294
HO4320,chr12,120468294,120470228,1934
HO4321,chr12,120495087,120497205,2118
HO4322,chr12,120528357,120529933,1576
HO4323,chr12,120533874,120535405,1531
HO4324,chr12,120580874,120581724,850
HO4325,chr12,120639939,120641708,1769
HO4326,chr12,120648756,120650334,1578
HO4327,chr12,120686185,120687619,1434
HO4328,chr12,120709804,120711292,1488
HO4329,chr12,120725150,120726406,1256
HO4330,chr12,120903045,120904758,1713
HO4331,chr12,121015807,121016721,914
HO4332,chr12,121095331,121096357,1026
HO4333,chr12,121209608,121211173,1565
HO4334,chr12,121239861,121241733,1872
HO4335,chr12,121295340,121297909,2569
HO4336,chr12,121351475,121352951,1476
HO4337,chr12,121399213,121401097,1884
HO4338,chr12,121466260,121468350,2090
HO4339,chr12,121535533,121538279,2746
HO4340,chr12,121578309,121581292,2983
HO4341,chr12,121625990,121627539,1549
HO4342,chr12,121672006,121673609,1603
HO4343,chr12,121686457,121687370,913
HO4344,chr12,121711804,121713759,1955
HO4345,chr12,121748198,121749275,1077
HO4346,chr12,121792724,121793410,686
HO4347,chr12,121793558,121795197,1639
HO4348,chr12,121799273,121799841,568
HO4349,chr12,121802665,121804443,1778
HO4350,chr12,121811361,121813123,1762
HO4351,chr12,121839087,121840188,1101
HO4352,chr12,121888246,121889351,1105
HO4353,chr12,121893908,121894992,1084
HO4354,chr12,121917965,121918875,910
HO4355,chr12,122021159,122024296,3137
HO4356,chr12,122078029,122080115,2086
HO4357,chr12,122097490,122098874,1384
HO4358,chr12,122182748,122183756,1008
HO4359,chr12,122203138,122204618,1480
HO4360,chr12,122225211,122226748,1537
HO4361,chr12,122265592,122267286,1694
HO4362,chr12,122421198,122423898,2700
HO4363,chr12,122499743,122501609,1866
HO4364,chr12,122526024,122527712,1688
HO4365,chr12,122752092,122753499,1407
HO4366,chr12,122773723,122775593,1870
HO4367,chr12,122834293,122836848,2555
HO4368,chr12,122895362,122896416,1054
HO4369,chr12,122965321,122966842,1521
HO4370,chr12,122974031,122975581,1550
HO4371,chr12,122980016,122981457,1441
HO4372,chr12,123097328,123098780,1452
HO4373,chr12,123150260,123151727,1467
HO4374,chr12,123232346,123233873,1527
HO4375,chr12,123269011,123270224,1213
HO4376,chr12,123270387,123272466,2079
HO4377,chr12,123363436,123365981,2545
HO4378,chr12,123383274,123384747,1473
HO4379,chr12,123387965,123390309,2344
HO4380,chr12,123435769,123437099,1330
HO4381,chr12,123457830,123458994,1164
HO4382,chr12,123532962,123534587,1625
HO4383,chr12,123583302,123585205,1903
HO4384,chr12,123601329,123602598,1269
HO4385,chr12,123633140,123634498,1358
HO4386,chr12,123670639,123671766,1127
HO4387,chr12,123711476,123712956,1480
HO4388,chr12,123761553,123763393,1840
HO4389,chr12,123971575,123974152,2577
HO4390,chr12,124294288,124295951,1663
HO4391,chr12,124388483,124389699,1216
HO4392,chr12,124401348,124402795,1447
HO4393,chr12,124409945,124411785,1840
HO4394,chr12,124426716,124429198,2482
HO4395,chr12,124500275,124501424,1149
HO4396,chr12,124517124,124519691,2567
HO4397,chr12,124542702,124544926,2224
HO4398,chr12,124556821,124558193,1372
HO4399,chr12,124565912,124569018,3106
HO4400,chr12,124608086,124609666,1580
HO4401,chr12,124654773,124656353,1580
HO4402,chr12,124862797,124864223,1426
HO4403,chr12,124909957,124911544,1587
HO4404,chr12,124913612,124915472,1860
HO4405,chr12,124917120,124917848,728
HO4406,chr12,124921194,124922338,1144
HO4407,chr12,124926970,124928710,1740
HO4408,chr12,124938544,124940995,2451
HO4409,chr12,124988479,124989357,878
HO4410,chr12,124992824,124994866,2042
HO4411,chr12,125049095,125050248,1153
HO4412,chr12,125064749,125065971,1222
HO4413,chr12,125185327,125186881,1554
HO4414,chr12,125982946,125984728,1782
HO4415,chr12,127145572,127146701,1129
HO4416,chr12,127165652,127166679,1027
HO4417,chr12,128266270,128268744,2474
HO4418,chr12,128336782,128340282,3500
HO4419,chr12,128823043,128824806,1763
HO4420,chr12,129902813,129904747,1934
HO4421,chr12,130161165,130163636,2471
HO4422,chr12,130714567,130716938,2371
HO4423,chr12,130763908,130765616,1708
HO4424,chr12,130818242,130819465,1223
HO4425,chr12,130838160,130839762,1602
HO4426,chr12,130870808,130872763,1955
HO4427,chr12,131349308,131350633,1325
HO4428,chr12,131710353,131712021,1668
HO4429,chr12,131829938,131831547,1609
HO4430,chr12,131893900,131895066,1166
HO4431,chr12,131895548,131896937,1389
HO4432,chr12,131928381,131930376,1995
HO4433,chr12,131949245,131950779,1534
HO4434,chr12,132000893,132001894,1001
HO4435,chr12,132083635,132085504,1869
HO4436,chr12,132143426,132145154,1728
HO4437,chr12,132153515,132155662,2147
HO4438,chr12,132188768,132190299,1531
HO4439,chr12,132204018,132206385,2367
HO4440,chr12,132285911,132286746,835
HO4441,chr12,132328822,132330045,1223
HO4442,chr12,132444831,132446895,2064
HO4443,chr12,132450221,132451419,1198
HO4444,chr12,132489117,132491240,2123
HO4445,chr12,132505634,132507328,1694
HO4446,chr12,132559594,132561500,1906
HO4447,chr12,132581852,132583959,2107
HO4448,chr12,132597617,132599071,1454
HO4449,chr12,132686542,132688111,1569
HO4450,chr12,132710004,132711630,1626
HO4451,chr12,132760489,132762544,2055
HO4452,chr12,132827844,132829462,1618
HO4453,chr12,132886898,132888289,1391
HO4454,chr12,132907951,132909187,1236
HO4455,chr12,132955132,132956751,1619
HO4456,chr12,132985770,132987139,1369
HO4457,chr12,133036746,133038006,1260
HO4458,chr12,133079723,133081277,1554
HO4459,chr12,133129651,133131039,1388
HO4460,chr12,133180959,133182010,1051
HO4461,chr13,19601526,19603091,1565
HO4462,chr13,19633024,19634660,1636
HO4463,chr13,19781634,19783215,1581
HO4464,chr13,19862455,19865019,2564
HO4465,chr13,19957255,19960396,3141
HO4466,chr13,20118147,20119693,1546
HO4467,chr13,20127248,20128923,1675
HO4468,chr13,20160114,20161912,1798
HO4469,chr13,20191589,20193560,1971
HO4470,chr13,20525058,20526598,1540
HO4471,chr13,20566335,20567729,1394
HO4472,chr13,20702564,20704652,2088
HO4473,chr13,20721006,20722353,1347
HO4474,chr13,20773007,20774389,1382
HO4475,chr13,20901818,20903385,1567
HO4476,chr13,21060089,21061852,1763
HO4477,chr13,21074460,21076492,2032
HO4478,chr13,21139764,21141115,1351
HO4479,chr13,21175798,21177235,1437
HO4480,chr13,21296841,21298879,2038
HO4481,chr13,21325687,21327127,1440
HO4482,chr13,21458298,21459738,1440
HO4483,chr13,21603334,21604444,1110
HO4484,chr13,21669071,21671231,2160
HO4485,chr13,21673607,21674602,995
HO4486,chr13,21674873,21675924,1051
HO4487,chr13,22914737,22916595,1858
HO4488,chr13,22925638,22927471,1833
HO4489,chr13,23158761,23161368,2607
HO4490,chr13,23374895,23376062,1167
HO4491,chr13,23433071,23433886,815
HO4492,chr13,23465902,23466990,1088
HO4493,chr13,23569716,23571274,1558
HO4494,chr13,23578493,23580072,1579
HO4495,chr13,23888397,23889872,1475
HO4496,chr13,23979225,23980563,1338
HO4497,chr13,24083052,24084452,1400
HO4498,chr13,24159856,24161733,1877
HO4499,chr13,24270436,24273103,2667
HO4500,chr13,24511107,24513060,1953
HO4501,chr13,24680133,24681013,880
HO4502,chr13,24745728,24748328,2600
HO4503,chr13,24922201,24923568,1367
HO4504,chr13,25017636,25019063,1427
HO4505,chr13,25046642,25047658,1016
HO4506,chr13,25170335,25172352,2017
HO4507,chr13,25286321,25288003,1682
HO4508,chr13,25300745,25302159,1414
HO4509,chr13,25371505,25372987,1482
HO4510,chr13,25468225,25469402,1177
HO4511,chr13,26048797,26050396,1599
HO4512,chr13,26050526,26052269,1743
HO4513,chr13,26185712,26187322,1610
HO4514,chr13,26221275,26222803,1528
HO4515,chr13,26253454,26255364,1910
HO4516,chr13,26557065,26558663,1598
HO4517,chr13,27170471,27172686,2215
HO4518,chr13,27250781,27252215,1434
HO4519,chr13,27270303,27271436,1133
HO4520,chr13,27423654,27425329,1675
HO4521,chr13,27449131,27451446,2315
HO4522,chr13,27619824,27622384,2560
HO4523,chr13,27919762,27921562,1800
HO4524,chr13,27953005,27954830,1825
HO4525,chr13,28099858,28101071,1213
HO4526,chr13,28137706,28140593,2887
HO4527,chr13,28493714,28495710,1996
HO4528,chr13,28657864,28659720,1856
HO4529,chr13,28718089,28719449,1360
HO4530,chr13,28819179,28820876,1697
HO4531,chr13,29496111,29497760,1649
HO4532,chr13,29594257,29596126,1869
HO4533,chr13,29848993,29850943,1950
HO4534,chr13,30114139,30115372,1233
HO4535,chr13,30306632,30307909,1277
HO4536,chr13,30407992,30408989,997
HO4537,chr13,30421012,30422736,1724
HO4538,chr13,30445329,30446256,927
HO4539,chr13,30463873,30466293,2420
HO4540,chr13,30616699,30618492,1793
HO4541,chr13,30673568,30674651,1083
HO4542,chr13,30864347,30865674,1327
HO4543,chr13,31160568,31162859,2291
HO4544,chr13,31199543,31201137,1594
HO4545,chr13,31207531,31210299,2768
HO4546,chr13,31846046,31847265,1219
HO4547,chr13,32030694,32031881,1187
HO4548,chr13,32314651,32316302,1651
HO4549,chr13,32426621,32428970,2349
HO4550,chr13,32537745,32539264,1519
HO4551,chr13,32585624,32587785,2161
HO4552,chr13,32849543,32851764,2221
HO4553,chr13,33015763,33017909,2146
HO4554,chr13,33284601,33286385,1784
HO4555,chr13,33349358,33350897,1539
HO4556,chr13,33542049,33543323,1274
HO4557,chr13,33817540,33818840,1300
HO4558,chr13,34941577,34943947,2370
HO4559,chr13,35470571,35471484,913
HO4560,chr13,35475084,35476907,1823
HO4561,chr13,36130122,36131829,1707
HO4562,chr13,36297289,36298379,1090
HO4563,chr13,36345084,36346994,1910
HO4564,chr13,36431390,36433138,1748
HO4565,chr13,36673357,36674818,1461
HO4566,chr13,36818560,36820086,1526
HO4567,chr13,36918723,36920798,2075
HO4568,chr13,36998356,37001194,2838
HO4569,chr13,37058547,37060116,1569
HO4570,chr13,37868595,37870591,1996
HO4571,chr13,38348805,38350498,1693
HO4572,chr13,38685953,38688110,2157
HO4573,chr13,39037381,39038845,1464
HO4574,chr13,39602187,39603941,1754
HO4575,chr13,39655126,39656553,1427
HO4576,chr13,40480020,40481377,1357
HO4577,chr13,40664147,40667515,3368
HO4578,chr13,40770171,40771586,1415
HO4579,chr13,40788796,40790525,1729
HO4580,chr13,40920807,40922055,1248
HO4581,chr13,41059541,41062414,2873
HO4582,chr13,41131998,41133277,1279
HO4583,chr13,41193888,41194926,1038
HO4584,chr13,41262969,41264014,1045
HO4585,chr13,41310644,41312503,1859
HO4586,chr13,41456713,41458751,2038
HO4587,chr13,41960042,41961520,1478
HO4588,chr13,42039692,42042034,2342
HO4589,chr13,42047365,42049598,2233
HO4590,chr13,42271218,42272807,1589
HO4591,chr13,42875436,42876578,1142
HO4592,chr13,43785357,43787544,2187
HO4593,chr13,43878686,43880635,1949
HO4594,chr13,44141314,44142804,1490
HO4595,chr13,44373056,44374617,1561
HO4596,chr13,44434960,44435987,1027
HO4597,chr13,44436323,44437381,1058
HO4598,chr13,44575668,44578287,2619
HO4599,chr13,44917368,44918866,1498
HO4600,chr13,44988788,44990112,1324
HO4601,chr13,45119127,45121227,2100
HO4602,chr13,45310748,45311949,1201
HO4603,chr13,45335236,45336342,1106
HO4604,chr13,45340323,45342213,1890
HO4605,chr13,45417027,45418976,1949
HO4606,chr13,45464232,45465683,1451
HO4607,chr13,45615046,45616209,1163
HO4608,chr13,46051852,46053194,1342
HO4609,chr13,46210838,46212375,1537
HO4610,chr13,46385940,46387785,1845
HO4611,chr13,46552451,46554869,2418
HO4612,chr13,46796245,46797603,1358
HO4613,chr13,46893369,46895018,1649
HO4614,chr13,48000252,48002244,1992
HO4615,chr13,48037137,48038286,1149
HO4616,chr13,48094360,48095421,1061
HO4617,chr13,48232397,48234144,1747
HO4618,chr13,48302941,48304773,1832
HO4619,chr13,48531591,48533546,1955
HO4620,chr13,48625275,48626955,1680
HO4621,chr13,48975092,48977116,2024
HO4622,chr13,49219698,49221315,1617
HO4623,chr13,49247170,49248994,1824
HO4624,chr13,49371624,49372501,877
HO4625,chr13,49443219,49445344,2125
HO4626,chr13,49495036,49496801,1765
HO4627,chr13,49584675,49586287,1612
HO4628,chr13,49690015,49691853,1838
HO4629,chr13,49791246,49793493,2247
HO4630,chr13,49935530,49937187,1657
HO4631,chr13,49995820,49997632,1812
HO4632,chr13,50080167,50082896,2729
HO4633,chr13,50123642,50126228,2586
HO4634,chr13,50909362,50910791,1429
HO4635,chr13,51221802,51223215,1413
HO4636,chr13,51451274,51454205,2931
HO4637,chr13,51583411,51585518,2107
HO4638,chr13,51802913,51805112,2199
HO4639,chr13,52011012,52012563,1551
HO4640,chr13,52127554,52129331,1777
HO4641,chr13,52158660,52159937,1277
HO4642,chr13,52193669,52195857,2188
HO4643,chr13,52405418,52406546,1128
HO4644,chr13,52449747,52450918,1171
HO4645,chr13,52454924,52456261,1337
HO4646,chr13,52599125,52600667,1542
HO4647,chr13,52616728,52618185,1457
HO4648,chr13,52651898,52653346,1448
HO4649,chr13,52738569,52740033,1464
HO4650,chr13,52846779,52847327,548
HO4651,chr13,52850351,52851831,1480
HO4652,chr13,53200373,53202289,1916
HO4653,chr13,57436366,57438207,1841
HO4654,chr13,57629288,57630249,961
HO4655,chr13,57630850,57632805,1955
HO4656,chr13,60162835,60164894,2059
HO4657,chr13,60395871,60398398,2527
HO4658,chr13,61414612,61415893,1281
HO4659,chr13,67229509,67231460,1951
HO4660,chr13,70107260,70108928,1668
HO4661,chr13,71864354,71867711,3357
HO4662,chr13,72383706,72385174,1468
HO4663,chr13,72726743,72728364,1621
HO4664,chr13,72781212,72782499,1287
HO4665,chr13,73058336,73060503,2167
HO4666,chr13,74132816,74136604,3788
HO4667,chr13,74289857,74290845,988
HO4668,chr13,75480613,75482757,2144
HO4669,chr13,75537190,75538436,1246
HO4670,chr13,75548875,75550632,1757
HO4671,chr13,75635151,75637633,2482
HO4672,chr13,76884772,76887547,2775
HO4673,chr13,76991340,76993008,1668
HO4674,chr13,77026124,77027638,1514
HO4675,chr13,77325913,77327408,1495
HO4676,chr13,77328862,77330102,1240
HO4677,chr13,77697005,77699102,2097
HO4678,chr13,77918152,77920114,1962
HO4679,chr13,78601489,78603830,2341
HO4680,chr13,78657820,78659808,1988
HO4681,chr13,79405109,79406782,1673
HO4682,chr13,79480599,79481952,1353
HO4683,chr13,80338754,80339427,673
HO4684,chr13,80339888,80341924,2036
HO4685,chr13,80342493,80343198,705
HO4686,chr13,84552843,84553729,886
HO4687,chr13,87670842,87674022,3180
HO4688,chr13,91346784,91349379,2595
HO4689,chr13,91398124,91399588,1464
HO4690,chr13,93226406,93228800,2394
HO4691,chr13,94548591,94550332,1741
HO4692,chr13,94595296,94596527,1231
HO4693,chr13,94601183,94602470,1287
HO4694,chr13,94710905,94713755,2850
HO4695,chr13,94967351,94968883,1532
HO4696,chr13,95300499,95302243,1744
HO4697,chr13,95403496,95404623,1127
HO4698,chr13,95552238,95553831,1593
HO4699,chr13,95641310,95642329,1019
HO4700,chr13,95643488,95644917,1429
HO4701,chr13,95676064,95678232,2168
HO4702,chr13,96052455,96053898,1443
HO4703,chr13,96089567,96092005,2438
HO4704,chr13,96792229,96793592,1363
HO4705,chr13,97221662,97222682,1020
HO4706,chr13,97222979,97224447,1468
HO4707,chr13,97432509,97435119,2610
HO4708,chr13,97975442,97977398,1956
HO4709,chr13,98141982,98144698,2716
HO4710,chr13,98171768,98174719,2951
HO4711,chr13,98575966,98577995,2029
HO4712,chr13,99085924,99088398,2474
HO4713,chr13,99199835,99201724,1889
HO4714,chr13,99413244,99414529,1285
HO4715,chr13,99498125,99499184,1059
HO4716,chr13,99500825,99502151,1326
HO4717,chr13,99605739,99607046,1307
HO4718,chr13,99955474,99957658,2184
HO4719,chr13,99969561,99972062,2501
HO4720,chr13,99980065,99982608,2543
HO4721,chr13,100088334,100089749,1415
HO4722,chr13,100588041,100589026,985
HO4723,chr13,100673395,100675618,2223
HO4724,chr13,101415572,101417321,1749
HO4725,chr13,102393884,102395081,1197
HO4726,chr13,102595981,102597918,1937
HO4727,chr13,102772718,102774357,1639
HO4728,chr13,102798440,102800838,2398
HO4729,chr13,102845277,102847052,1775
HO4730,chr13,104015075,104016729,1654
HO4731,chr13,106532817,106533415,598
HO4732,chr13,106534631,106536720,2089
HO4733,chr13,106567049,106568574,1525
HO4734,chr13,106916957,106918355,1398
HO4735,chr13,107865875,107868585,2710
HO4736,chr13,108215054,108215958,904
HO4737,chr13,108217655,108218964,1309
HO4738,chr13,108494982,108497020,2038
HO4739,chr13,109784443,109784938,495
HO4740,chr13,109785250,109787792,2542
HO4741,chr13,110137573,110139074,1501
HO4742,chr13,110305751,110309179,3428
HO4743,chr13,110560668,110562447,1779
HO4744,chr13,110614977,110617049,2072
HO4745,chr13,110705455,110706730,1275
HO4746,chr13,110712075,110716044,3969
HO4747,chr13,110913983,110915960,1977
HO4748,chr13,111065799,111068045,2246
HO4749,chr13,111114189,111116509,2320
HO4750,chr13,111152870,111154491,1621
HO4751,chr13,111892860,111894438,1578
HO4752,chr13,112066173,112067390,1217
HO4753,chr13,112072118,112073885,1767
HO4754,chr13,112587043,112588683,1640
HO4755,chr13,112605825,112606773,948
HO4756,chr13,112688948,112691707,2759
HO4757,chr13,112711383,112712668,1285
HO4758,chr13,112885388,112886372,984
HO4759,chr13,112893356,112894672,1316
HO4760,chr13,112942658,112944582,1924
HO4761,chr13,112968191,112969839,1648
HO4762,chr13,113000666,113002498,1832
HO4763,chr13,113121964,113123414,1450
HO4764,chr13,113152808,113154898,2090
HO4765,chr13,113207966,113210338,2372
HO4766,chr13,113296540,113297958,1418
HO4767,chr13,113393426,113394464,1038
HO4768,chr13,113483103,113484911,1808
HO4769,chr13,113489192,113491888,2696
HO4770,chr13,113584129,113585644,1515
HO4771,chr13,113723985,113725325,1340
HO4772,chr13,113758238,113760129,1891
HO4773,chr13,113820680,113821695,1015
HO4774,chr13,113860148,113862004,1856
HO4775,chr13,113862160,113864233,2073
HO4776,chr13,113907631,113908642,1011
HO4777,chr13,114064177,114065668,1491
HO4778,chr13,114130868,114132973,2105
HO4779,chr13,114234381,114235492,1111
HO4780,chr13,114280533,114282591,2058
HO4781,chr13,114313782,114315107,1325
HO4782,chr14,20305156,20306144,988
HO4783,chr14,20332264,20333614,1350
HO4784,chr14,20342157,20343960,1803
HO4785,chr14,20412387,20414028,1641
HO4786,chr14,20454276,20455789,1513
HO4787,chr14,20460725,20462084,1359
HO4788,chr14,20468800,20470650,1850
HO4789,chr14,20609093,20610356,1263
HO4790,chr14,20612980,20614306,1326
HO4791,chr14,20630302,20631312,1010
HO4792,chr14,20681196,20684935,3739
HO4793,chr14,20799170,20800547,1377
HO4794,chr14,20970700,20971996,1296
HO4795,chr14,20989279,20990597,1318
HO4796,chr14,21024246,21026312,2066
HO4797,chr14,21068483,21071955,3472
HO4798,chr14,21097136,21098912,1776
HO4799,chr14,21103240,21104784,1544
HO4800,chr14,21268792,21270305,1513
HO4801,chr14,21308074,21309369,1295
HO4802,chr14,21383094,21384810,1716
HO4803,chr14,21436508,21437838,1330
HO4804,chr14,21454975,21456935,1960
HO4805,chr14,21476253,21477751,1498
HO4806,chr14,21510545,21511811,1266
HO4807,chr14,21525549,21527272,1723
HO4808,chr14,21536005,21537324,1319
HO4809,chr14,21556492,21558181,1689
HO4810,chr14,22556158,22557535,1377
HO4811,chr14,22588649,22590000,1351
HO4812,chr14,22597766,22599166,1400
HO4813,chr14,22765958,22767405,1447
HO4814,chr14,22822208,22823387,1179
HO4815,chr14,22829309,22830357,1048
HO4816,chr14,22836086,22839434,3348
HO4817,chr14,22847670,22849747,2077
HO4818,chr14,22852798,22853754,956
HO4819,chr14,22870982,22872946,1964
HO4820,chr14,22882586,22883368,782
HO4821,chr14,22886379,22887674,1295
HO4822,chr14,22918200,22919799,1599
HO4823,chr14,22928721,22930798,2077
HO4824,chr14,22956132,22957610,1478
HO4825,chr14,22977107,22978314,1207
HO4826,chr14,22980394,22981003,609
HO4827,chr14,22981364,22983545,2181
HO4828,chr14,23006491,23007472,981
HO4829,chr14,23034211,23035423,1212
HO4830,chr14,23057051,23058387,1336
HO4831,chr14,23068475,23069451,976
HO4832,chr14,23070696,23072663,1967
HO4833,chr14,23094175,23095998,1823
HO4834,chr14,23120617,23121822,1205
HO4835,chr14,23153492,23155582,2090
HO4836,chr14,23182396,23183985,1589
HO4837,chr14,23285190,23286833,1643
HO4838,chr14,23300709,23303001,2292
HO4839,chr14,23306246,23307324,1078
HO4840,chr14,23320505,23322638,2133
HO4841,chr14,23351765,23353134,1369
HO4842,chr14,23364156,23367022,2866
HO4843,chr14,23468735,23470017,1282
HO4844,chr14,23550487,23552157,1670
HO4845,chr14,23555418,23556493,1075
HO4846,chr14,23566776,23568028,1252
HO4847,chr14,23576805,23579279,2474
HO4848,chr14,23588754,23589575,821
HO4849,chr14,23631617,23633629,2012
HO4850,chr14,23693766,23696009,2243
HO4851,chr14,23749930,23750676,746
HO4852,chr14,23953063,23954372,1309
HO4853,chr14,23988210,23989269,1059
HO4854,chr14,24035776,24037039,1263
HO4855,chr14,24051306,24052867,1561
HO4856,chr14,24080832,24081955,1123
HO4857,chr14,24093667,24095324,1657
HO4858,chr14,24113467,24115591,2124
HO4859,chr14,24135487,24136657,1170
HO4860,chr14,24140485,24142066,1581
HO4861,chr14,24146227,24147938,1711
HO4862,chr14,24160455,24162347,1892
HO4863,chr14,24171238,24173223,1985
HO4864,chr14,24188029,24189108,1079
HO4865,chr14,24194862,24196375,1513
HO4866,chr14,24212521,24213724,1203
HO4867,chr14,24215429,24216259,830
HO4868,chr14,24231603,24233222,1619
HO4869,chr14,24241787,24243445,1658
HO4870,chr14,24270732,24271935,1203
HO4871,chr14,24298948,24300220,1272
HO4872,chr14,24310213,24311660,1447
HO4873,chr14,24331721,24332973,1252
HO4874,chr14,24365637,24368389,2752
HO4875,chr14,24368584,24369233,649
HO4876,chr14,24397992,24400642,2650
HO4877,chr14,24429282,24431160,1878
HO4878,chr14,24441862,24443150,1288
HO4879,chr14,25048516,25050716,2200
HO4880,chr14,26596574,26599089,2515
HO4881,chr14,28765444,28766951,1507
HO4882,chr14,28773852,28774998,1146
HO4883,chr14,29650159,29651301,1142
HO4884,chr14,29926730,29928489,1759
HO4885,chr14,30558355,30560121,1766
HO4886,chr14,30621159,30622800,1641
HO4887,chr14,30873869,30875880,2011
HO4888,chr14,31024977,31027215,2238
HO4889,chr14,31206694,31208477,1783
HO4890,chr14,31419393,31421027,1634
HO4891,chr14,31456534,31457707,1173
HO4892,chr14,31560810,31561899,1089
HO4893,chr14,32075754,32078306,2552
HO4894,chr14,32200828,32204217,3389
HO4895,chr14,32932658,32935056,2398
HO4896,chr14,32938084,32940593,2509
HO4897,chr14,33949988,33951320,1332
HO4898,chr14,34059693,34060948,1255
HO4899,chr14,34461290,34462978,1688
HO4900,chr14,34538833,34540164,1331
HO4901,chr14,34629360,34630589,1229
HO4902,chr14,34713543,34715083,1540
HO4903,chr14,34872796,34875563,2767
HO4904,chr14,34981010,34983379,2369
HO4905,chr14,35045344,35047043,1699
HO4906,chr14,35121121,35123083,1962
HO4907,chr14,35291530,35292925,1395
HO4908,chr14,35341138,35342604,1466
HO4909,chr14,35403151,35405365,2214
HO4910,chr14,35533162,35535749,2587
HO4911,chr14,35808113,35809533,1420
HO4912,chr14,35825626,35827172,1546
HO4913,chr14,36319927,36320972,1045
HO4914,chr14,36580634,36581873,1239
HO4915,chr14,36646704,36648446,1742
HO4916,chr14,36661379,36662271,892
HO4917,chr14,37171697,37172885,1188
HO4918,chr14,37197043,37198614,1571
HO4919,chr14,37594190,37596376,2186
HO4920,chr14,37622014,37623015,1001
HO4921,chr14,38207500,38209811,2311
HO4922,chr14,38254972,38256722,1750
HO4923,chr14,39102193,39103685,1492
HO4924,chr14,39113773,39114672,899
HO4925,chr14,39169462,39170801,1339
HO4926,chr14,39174507,39175906,1399
HO4927,chr14,39266126,39267978,1852
HO4928,chr14,39430856,39433378,2522
HO4929,chr14,41604257,41607201,2944
HO4930,chr14,41609623,41610246,623
HO4931,chr14,44896718,44898075,1357
HO4932,chr14,44960951,44963211,2260
HO4933,chr14,45083418,45084778,1360
HO4934,chr14,45133876,45135013,1137
HO4935,chr14,45135236,45136530,1294
HO4936,chr14,45252449,45254068,1619
HO4937,chr14,47673843,47676521,2678
HO4938,chr14,49585246,49587175,1929
HO4939,chr14,49598135,49599460,1325
HO4940,chr14,49619968,49621678,1710
HO4941,chr14,49633024,49635610,2586
HO4942,chr14,49687342,49688609,1267
HO4943,chr14,49692453,49693674,1221
HO4944,chr14,49767098,49769110,2012
HO4945,chr14,49852207,49854137,1930
HO4946,chr14,49861347,49863406,2059
HO4947,chr14,49867765,49868637,872
HO4948,chr14,49892011,49894153,2142
HO4949,chr14,49959716,49960617,901
HO4950,chr14,50002770,50003961,1191
HO4951,chr14,50115879,50117155,1276
HO4952,chr14,50230354,50232470,2116
HO4953,chr14,50311391,50313009,1618
HO4954,chr14,50396165,50397670,1505
HO4955,chr14,50531573,50533513,1940
HO4956,chr14,50559886,50561308,1422
HO4957,chr14,50666822,50668968,2146
HO4958,chr14,50829651,50831819,2168
HO4959,chr14,50859268,50860833,1565
HO4960,chr14,50943181,50945180,1999
HO4961,chr14,51094531,51096115,1584
HO4962,chr14,51239560,51240809,1249
HO4963,chr14,51650730,51652873,2143
HO4964,chr14,51860003,51861506,1503
HO4965,chr14,51988858,51990304,1446
HO4966,chr14,52067585,52070050,2465
HO4967,chr14,52312825,52315635,2810
HO4968,chr14,52551647,52554187,2540
HO4969,chr14,52694656,52696129,1473
HO4970,chr14,52706430,52707902,1472
HO4971,chr14,52729655,52730849,1194
HO4972,chr14,52790600,52792236,1636
HO4973,chr14,52949772,52952001,2229
HO4974,chr14,53151594,53153746,2152
HO4975,chr14,53952928,53954680,1752
HO4976,chr14,53956487,53957053,566
HO4977,chr14,54353220,54354694,1474
HO4978,chr14,54396361,54397659,1298
HO4979,chr14,54440103,54441830,1727
HO4980,chr14,54450329,54451914,1585
HO4981,chr14,54487605,54489454,1849
HO4982,chr14,54509224,54510606,1382
HO4983,chr14,54564754,54568339,3585
HO4984,chr14,54651814,54653037,1223
HO4985,chr14,54773003,54774316,1313
HO4986,chr14,54901448,54903404,1956
HO4987,chr14,55026524,55027708,1184
HO4988,chr14,55050940,55052515,1575
HO4989,chr14,55128923,55130237,1314
HO4990,chr14,55190957,55192109,1152
HO4991,chr14,55270847,55272300,1453
HO4992,chr14,55411039,55412226,1187
HO4993,chr14,55579218,55581367,2149
HO4994,chr14,55806602,55808054,1452
HO4995,chr14,56117609,56119836,2227
HO4996,chr14,56579133,56580309,1176
HO4997,chr14,57268028,57269806,1778
HO4998,chr14,57389676,57391878,2202
HO4999,chr14,57865084,57866372,1288
HO5000,chr14,58150860,58152957,2097
HO5001,chr14,58199301,58200720,1419
HO5002,chr14,58238038,58240068,2030
HO5003,chr14,58243844,58245391,1547
HO5004,chr14,58297384,58299991,2607
HO5005,chr14,58395453,58396733,1280
HO5006,chr14,58426399,58428552,2153
HO5007,chr14,58636910,58639125,2215
HO5008,chr14,59187760,59190224,2464
HO5009,chr14,59463926,59465616,1690
HO5010,chr14,59483327,59484978,1651
HO5011,chr14,59576125,59577003,878
HO5012,chr14,59869286,59871265,1979
HO5013,chr14,59918803,59920449,1646
HO5014,chr14,60090857,60092955,2098
HO5015,chr14,60164438,60165768,1330
HO5016,chr14,60247753,60250214,2461
HO5017,chr14,60485095,60486269,1174
HO5018,chr14,60648321,60649974,1653
HO5019,chr14,60656496,60657927,1431
HO5020,chr14,60721289,60724573,3284
HO5021,chr14,60734339,60735618,1279
HO5022,chr14,60980432,60981942,1510
HO5023,chr14,61280086,61281587,1501
HO5024,chr14,61320750,61322964,2214
HO5025,chr14,61694806,61696506,1700
HO5026,chr14,61750671,61751554,883
HO5027,chr14,61761699,61763551,1852
HO5028,chr14,61812086,61813508,1422
HO5029,chr14,62116616,62118177,1561
HO5030,chr14,63044976,63046315,1339
HO5031,chr14,63203630,63205229,1599
HO5032,chr14,63542117,63544134,2017
HO5033,chr14,63640960,63642613,1653
HO5034,chr14,63726802,63728547,1745
HO5035,chr14,63852256,63854204,1948
HO5036,chr14,64196569,64197498,929
HO5037,chr14,64292991,64295162,2171
HO5038,chr14,64337737,64339321,1584
HO5039,chr14,64387176,64389175,1999
HO5040,chr14,64464669,64466319,1650
HO5041,chr14,64502959,64505648,2689
HO5042,chr14,64539377,64541085,1708
HO5043,chr14,64703796,64705987,2191
HO5044,chr14,64761651,64763125,1474
HO5045,chr14,64764295,64765082,787
HO5046,chr14,64878611,64880863,2252
HO5047,chr14,64913721,64914944,1223
HO5048,chr14,64970835,64972885,2050
HO5049,chr14,64986317,64987588,1271
HO5050,chr14,65101620,65103355,1735
HO5051,chr14,65411394,65413752,2358
HO5052,chr14,66507281,66509554,2273
HO5053,chr14,67240253,67242125,1872
HO5054,chr14,67359115,67360751,1636
HO5055,chr14,67426033,67427533,1500
HO5056,chr14,67513630,67515712,2082
HO5057,chr14,67532564,67534038,1474
HO5058,chr14,67599449,67601026,1577
HO5059,chr14,67619304,67620761,1457
HO5060,chr14,67673746,67675304,1558
HO5061,chr14,67694404,67695999,1595
HO5062,chr14,67815786,67817110,1324
HO5063,chr14,67819345,67820272,927
HO5064,chr14,68294606,68296047,1441
HO5065,chr14,68363415,68365338,1923
HO5066,chr14,68500854,68502597,1743
HO5067,chr14,68562924,68565485,2561
HO5068,chr14,68762446,68764166,1720
HO5069,chr14,68786655,68787571,916
HO5070,chr14,68788873,68789674,801
HO5071,chr14,68792804,68793899,1095
HO5072,chr14,68794127,68794802,675
HO5073,chr14,68795025,68796366,1341
HO5074,chr14,68815877,68817022,1145
HO5075,chr14,68977496,68980115,2619
HO5076,chr14,69151358,69154175,2817
HO5077,chr14,69191097,69192160,1063
HO5078,chr14,69259170,69261633,2463
HO5079,chr14,69397471,69399064,1593
HO5080,chr14,69483454,69485165,1711
HO5081,chr14,69547466,69548423,957
HO5082,chr14,69571525,69572844,1319
HO5083,chr14,69610288,69613023,2735
HO5084,chr14,69726449,69727477,1028
HO5085,chr14,69766440,69768054,1614
HO5086,chr14,69772296,69774348,2052
HO5087,chr14,69878937,69880499,1562
HO5088,chr14,70186853,70189433,2580
HO5089,chr14,70254428,70255831,1403
HO5090,chr14,70358730,70360121,1391
HO5091,chr14,70600131,70601484,1353
HO5092,chr14,70640855,70642917,2062
HO5093,chr14,70808184,70810255,2071
HO5094,chr14,70821613,70823208,1595
HO5095,chr14,70906427,70908909,2482
HO5096,chr14,71197544,71198947,1403
HO5097,chr14,71319699,71322272,2573
HO5098,chr14,71752790,71753714,924
HO5099,chr14,71931653,71933588,1935
HO5100,chr14,72741773,72742902,1129
HO5101,chr14,72891693,72895156,3463
HO5102,chr14,72925072,72927274,2202
HO5103,chr14,73026321,73027619,1298
HO5104,chr14,73057711,73059644,1933
HO5105,chr14,73135908,73137173,1265
HO5106,chr14,73237081,73239970,2889
HO5107,chr14,73457262,73459011,1749
HO5108,chr14,73490474,73492081,1607
HO5109,chr14,73568403,73570320,1917
HO5110,chr14,73612147,73613331,1184
HO5111,chr14,73633177,73634680,1503
HO5112,chr14,73644192,73645426,1234
HO5113,chr14,73713320,73714786,1466
HO5114,chr14,73717811,73719337,1526
HO5115,chr14,73741347,73742519,1172
HO5116,chr14,73752442,73754453,2011
HO5117,chr14,73758314,73760633,2319
HO5118,chr14,73771389,73772654,1265
HO5119,chr14,73785312,73787891,2579
HO5120,chr14,73850969,73852921,1952
HO5121,chr14,73885924,73887467,1543
HO5122,chr14,73949524,73950800,1276
HO5123,chr14,74018125,74020042,1917
HO5124,chr14,74083814,74085522,1708
HO5125,chr14,74256995,74258938,1943
HO5126,chr14,74301687,74303440,1753
HO5127,chr14,74492730,74494307,1577
HO5128,chr14,74500789,74501705,916
HO5129,chr14,74608825,74609397,572
HO5130,chr14,74610783,74612909,2126
HO5131,chr14,74647386,74648945,1559
HO5132,chr14,74712378,74713495,1117
HO5133,chr14,74762639,74764446,1807
HO5134,chr14,74881304,74882836,1532
HO5135,chr14,74922371,74923502,1131
HO5136,chr14,74954914,74956646,1732
HO5137,chr14,75002122,75003467,1345
HO5138,chr14,75050502,75051799,1297
HO5139,chr14,75063144,75064277,1133
HO5140,chr14,75068429,75070087,1658
HO5141,chr14,75126171,75127774,1603
HO5142,chr14,75175696,75177160,1464
HO5143,chr14,75258246,75260477,2231
HO5144,chr14,75276809,75280009,3200
HO5145,chr14,75280887,75281813,926
HO5146,chr14,75282162,75284392,2230
HO5147,chr14,75293663,75295481,1818
HO5148,chr14,75426666,75428770,2104
HO5149,chr14,75577526,75579275,1749
HO5150,chr14,75660444,75661735,1291
HO5151,chr14,75981393,75983069,1676
HO5152,chr14,75985381,75986416,1035
HO5153,chr14,76151446,76152673,1227
HO5154,chr14,76375625,76377912,2287
HO5155,chr14,76761039,76762994,1955
HO5156,chr14,76772300,76773352,1052
HO5157,chr14,76810646,76813173,2527
HO5158,chr14,76917963,76920850,2887
HO5159,chr14,76924216,76925038,822
HO5160,chr14,76946773,76948571,1798
HO5161,chr14,76955505,76957699,2194
HO5162,chr14,77000084,77001099,1015
HO5163,chr14,77027227,77029093,1866
HO5164,chr14,77032602,77034377,1775
HO5165,chr14,77039346,77041156,1810
HO5166,chr14,77097158,77099150,1992
HO5167,chr14,77124523,77125706,1183
HO5168,chr14,77133415,77134299,884
HO5169,chr14,77140515,77142039,1524
HO5170,chr14,77180861,77182451,1590
HO5171,chr14,77320073,77321967,1894
HO5172,chr14,77376096,77377695,1599
HO5173,chr14,77456959,77458811,1852
HO5174,chr14,77497891,77499491,1600
HO5175,chr14,77615701,77617204,1503
HO5176,chr14,77707102,77708416,1314
HO5177,chr14,77760137,77761932,1795
HO5178,chr14,77799598,77800805,1207
HO5179,chr14,77965683,77966574,891
HO5180,chr14,77980517,77981425,908
HO5181,chr14,79278586,79280339,1753
HO5182,chr14,80941068,80942348,1280
HO5183,chr14,80954582,80955983,1401
HO5184,chr14,81169592,81170915,1323
HO5185,chr14,81219141,81221626,2485
HO5186,chr14,81435344,81436866,1522
HO5187,chr14,81533140,81534300,1160
HO5188,chr14,85528605,85530232,1627
HO5189,chr14,85531098,85532376,1278
HO5190,chr14,85532876,85534153,1277
HO5191,chr14,87992150,87993566,1416
HO5192,chr14,88322931,88324142,1211
HO5193,chr14,88384775,88386315,1540
HO5194,chr14,88551140,88552263,1123
HO5195,chr14,88553992,88555498,1506
HO5196,chr14,88562460,88563878,1418
HO5197,chr14,88791540,88793554,2014
HO5198,chr14,88823978,88825394,1416
HO5199,chr14,89026607,89028097,1490
HO5200,chr14,89040161,89041580,1419
HO5201,chr14,89399261,89400125,864
HO5202,chr14,89415169,89418214,3045
HO5203,chr14,89617634,89619464,1830
HO5204,chr14,89700804,89702887,2083
HO5205,chr14,89912272,89913206,934
HO5206,chr14,89954201,89956695,2494
HO5207,chr14,90060107,90062689,2582
HO5208,chr14,90255993,90257438,1445
HO5209,chr14,90331029,90332430,1401
HO5210,chr14,90382428,90384387,1959
HO5211,chr14,90396427,90398789,2362
HO5212,chr14,90399502,90399847,345
HO5213,chr14,90452871,90454878,2007
HO5214,chr14,90757837,90759220,1383
HO5215,chr14,90815439,90817016,1577
HO5216,chr14,90827662,90829234,1572
HO5217,chr14,91059386,91061298,1912
HO5218,chr14,91113529,91115468,1939
HO5219,chr14,91252767,91254225,1458
HO5220,chr14,91416804,91419129,2325
HO5221,chr14,91508868,91511101,2233
HO5222,chr14,91835576,91837070,1494
HO5223,chr14,91945987,91948185,2198
HO5224,chr14,92038988,92040962,1974
HO5225,chr14,92105541,92106936,1395
HO5226,chr14,92120965,92122709,1744
HO5227,chr14,92513144,92514810,1666
HO5228,chr14,92747629,92749018,1389
HO5229,chr14,92793487,92794961,1474
HO5230,chr14,92922707,92923904,1197
HO5231,chr14,93114741,93116474,1733
HO5232,chr14,93184017,93185523,1506
HO5233,chr14,93206553,93208159,1606
HO5234,chr14,93331870,93333587,1717
HO5235,chr14,93430122,93431601,1479
HO5236,chr14,93787520,93789422,1902
HO5237,chr14,93938903,93940021,1118
HO5238,chr14,94025907,94026935,1028
HO5239,chr14,94080193,94081656,1463
HO5240,chr14,94084167,94085132,965
HO5241,chr14,94128988,94130413,1425
HO5242,chr14,94173408,94175757,2349
HO5243,chr14,94935752,94937729,1977
HO5244,chr14,95156232,95158125,1893
HO5245,chr14,95318812,95320680,1868
HO5246,chr14,95515941,95517851,1910
HO5247,chr14,95534118,95535555,1437
HO5248,chr14,95700709,95702865,2156
HO5249,chr14,95875755,95877433,1678
HO5250,chr14,96038508,96040310,1802
HO5251,chr14,96203990,96205229,1239
HO5252,chr14,96362009,96364346,2337
HO5253,chr14,96391008,96392451,1443
HO5254,chr14,96501375,96503319,1944
HO5255,chr14,96592307,96593273,966
HO5256,chr14,96741084,96741989,905
HO5257,chr14,96796762,96798278,1516
HO5258,chr14,97886367,97887402,1035
HO5259,chr14,99230684,99232544,1860
HO5260,chr14,99245242,99247150,1908
HO5261,chr14,99271891,99272621,730
HO5262,chr14,99273030,99273627,597
HO5263,chr14,99274127,99275048,921
HO5264,chr14,99479813,99482039,2226
HO5265,chr14,99522259,99523722,1463
HO5266,chr14,99544365,99546835,2470
HO5267,chr14,99573807,99574994,1187
HO5268,chr14,99603459,99605625,2166
HO5269,chr14,99682580,99684766,2186
HO5270,chr14,99729785,99730957,1172
HO5271,chr14,99792565,99793955,1390
HO5272,chr14,99970931,99972607,1676
HO5273,chr14,100158664,100160089,1425
HO5274,chr14,100191883,100194049,2166
HO5275,chr14,100213570,100215003,1433
HO5276,chr14,100237820,100239289,1469
HO5277,chr14,100239728,100240787,1059
HO5278,chr14,100284820,100285999,1179
HO5279,chr14,100304615,100307576,2961
HO5280,chr14,100375274,100376758,1484
HO5281,chr14,100545955,100547092,1137
HO5282,chr14,100566970,100569132,2162
HO5283,chr14,100586228,100587646,1418
HO5284,chr14,100605349,100606756,1407
HO5285,chr14,100677161,100678864,1703
HO5286,chr14,100708366,100710024,1658
HO5287,chr14,100826788,100828729,1941
HO5288,chr14,100903912,100905171,1259
HO5289,chr14,101077215,101078070,855
HO5290,chr14,101102813,101103959,1146
HO5291,chr14,101456721,101459586,2865
HO5292,chr14,101559482,101560860,1378
HO5293,chr14,101760080,101762311,2231
HO5294,chr14,101809380,101810507,1127
HO5295,chr14,101947537,101948999,1462
HO5296,chr14,101963897,101965657,1760
HO5297,chr14,102062894,102064264,1370
HO5298,chr14,102077224,102078038,814
HO5299,chr14,102078366,102079915,1549
HO5300,chr14,102080295,102081007,712
HO5301,chr14,102086254,102088800,2546
HO5302,chr14,102138925,102141284,2359
HO5303,chr14,102304423,102305570,1147
HO5304,chr14,102313570,102314677,1107
HO5305,chr14,102316424,102317642,1218
HO5306,chr14,102319169,102320406,1237
HO5307,chr14,102362254,102363926,1672
HO5308,chr14,102508421,102511097,2676
HO5309,chr14,102516391,102517768,1377
HO5310,chr14,102523566,102525636,2070
HO5311,chr14,102539148,102540797,1649
HO5312,chr14,102554715,102555877,1162
HO5313,chr14,102591189,102593889,2700
HO5314,chr14,102776394,102778562,2168
HO5315,chr14,102927773,102929515,1742
HO5316,chr14,103056280,103058405,2125
HO5317,chr14,103074914,103076033,1119
HO5318,chr14,103121175,103123822,2647
HO5319,chr14,103126668,103127735,1067
HO5320,chr14,103206855,103208186,1331
HO5321,chr14,103333049,103335540,2491
HO5322,chr14,103384567,103386839,2272
HO5323,chr14,103520373,103521898,1525
HO5324,chr14,103522092,103523382,1290
HO5325,chr14,103527946,103529507,1561
HO5326,chr14,103561371,103563325,1954
HO5327,chr14,103628012,103630132,2120
HO5328,chr14,103714952,103716521,1569
HO5329,chr14,103722969,103724564,1595
HO5330,chr14,103846657,103849018,2361
HO5331,chr14,103871503,103872868,1365
HO5332,chr14,103879687,103882842,3155
HO5333,chr14,103909948,103910684,736
HO5334,chr14,103920793,103921871,1078
HO5335,chr14,104116227,104118109,1882
HO5336,chr14,104137459,104139287,1828
HO5337,chr14,104158436,104159941,1505
HO5338,chr14,104205898,104207078,1180
HO5339,chr14,104222819,104225086,2267
HO5340,chr14,104382978,104384487,1509
HO5341,chr14,104423637,104425204,1567
HO5342,chr14,104460466,104462469,2003
HO5343,chr14,104603811,104605072,1261
HO5344,chr14,104649949,104651120,1171
HO5345,chr14,104676679,104678738,2059
HO5346,chr14,104680978,104682557,1579
HO5347,chr14,104688780,104690072,1292
HO5348,chr14,104723397,104725938,2541
HO5349,chr14,104752094,104753897,1803
HO5350,chr14,104768312,104769343,1031
HO5351,chr14,104794052,104795934,1882
HO5352,chr14,104799228,104801418,2190
HO5353,chr14,104815194,104816766,1572
HO5354,chr14,104825700,104827954,2254
HO5355,chr14,104863920,104866485,2565
HO5356,chr14,104931676,104933706,2030
HO5357,chr14,104967329,104968902,1573
HO5358,chr14,104977725,104979096,1371
HO5359,chr14,104985101,104986455,1354
HO5360,chr14,105020230,105022018,1788
HO5361,chr14,105045463,105046300,837
HO5362,chr14,105086641,105088641,2000
HO5363,chr14,105092603,105094172,1569
HO5364,chr14,105167280,105169430,2150
HO5365,chr14,105180614,105181707,1093
HO5366,chr14,105195553,105196957,1404
HO5367,chr14,105202829,105203472,643
HO5368,chr14,105247857,105249489,1632
HO5369,chr14,105299850,105301828,1978
HO5370,chr14,105313214,105315750,2536
HO5371,chr14,105326426,105327757,1331
HO5372,chr14,105363534,105364689,1155
HO5373,chr14,105397604,105399025,1421
HO5374,chr14,105414479,105415398,919
HO5375,chr14,105419140,105421231,2091
HO5376,chr14,105473667,105476204,2537
HO5377,chr14,105480670,105482487,1817
HO5378,chr14,105489564,105491934,2370
HO5379,chr14,105525943,105527321,1378
HO5380,chr14,105527923,105529609,1686
HO5381,chr15,22785773,22787684,1911
HO5382,chr15,22837464,22839578,2114
HO5383,chr15,22844698,22845854,1156
HO5384,chr15,22978782,22981137,2355
HO5385,chr15,23038785,23040206,1421
HO5386,chr15,24772287,24773645,1358
HO5387,chr15,24954576,24956947,2371
HO5388,chr15,25437796,25439957,2161
HO5389,chr15,26081794,26083206,1412
HO5390,chr15,26771506,26773822,2316
HO5391,chr15,26866283,26868081,1798
HO5392,chr15,26891348,26892491,1143
HO5393,chr15,26970715,26971775,1060
HO5394,chr15,28020598,28022608,2010
HO5395,chr15,28095696,28097256,1560
HO5396,chr15,28098590,28099817,1227
HO5397,chr15,28105945,28107956,2011
HO5398,chr15,28831787,28832772,985
HO5399,chr15,28885193,28887197,2004
HO5400,chr15,29103030,29104153,1123
HO5401,chr15,29114773,29116191,1418
HO5402,chr15,29124108,29125397,1289
HO5403,chr15,29268700,29270683,1983
HO5404,chr15,29569811,29572403,2592
HO5405,chr15,29635421,29637646,2225
HO5406,chr15,29674511,29675456,945
HO5407,chr15,29821364,29823226,1862
HO5408,chr15,30625379,30626886,1507
HO5409,chr15,30903185,30904264,1079
HO5410,chr15,30990500,30992423,1923
HO5411,chr15,31214829,31216824,1995
HO5412,chr15,31325500,31328783,3283
HO5413,chr15,31391518,31393728,2210
HO5414,chr15,31869549,31871314,1765
HO5415,chr15,32028990,32031153,2163
HO5416,chr15,32717222,32719602,2380
HO5417,chr15,33194205,33195391,1186
HO5418,chr15,33310206,33311885,1679
HO5419,chr15,34037856,34039724,1868
HO5420,chr15,34101045,34102401,1356
HO5421,chr15,34208829,34210381,1552
HO5422,chr15,34223802,34225644,1842
HO5423,chr15,34336960,34338297,1337
HO5424,chr15,34342411,34343450,1039
HO5425,chr15,34365955,34368001,2046
HO5426,chr15,34494240,34495928,1688
HO5427,chr15,34513815,34515553,1738
HO5428,chr15,34582521,34584365,1844
HO5429,chr15,34968906,34970083,1177
HO5430,chr15,34987522,34988875,1353
HO5431,chr15,35545104,35546754,1650
HO5432,chr15,36578944,36580123,1179
HO5433,chr15,36888062,36888991,929
HO5434,chr15,37035020,37036409,1389
HO5435,chr15,37100146,37102588,2442
HO5436,chr15,37110040,37111306,1266
HO5437,chr15,38072205,38073809,1604
HO5438,chr15,38251015,38253241,2226
HO5439,chr15,38453769,38455111,1342
HO5440,chr15,38563774,38565443,1669
HO5441,chr15,39438615,39439528,913
HO5442,chr15,39579480,39581442,1962
HO5443,chr15,39782128,39783103,975
HO5444,chr15,39919514,39921322,1808
HO5445,chr15,39933485,39934903,1418
HO5446,chr15,40038257,40039622,1365
HO5447,chr15,40091708,40093567,1859
HO5448,chr15,40097941,40099224,1283
HO5449,chr15,40108020,40109915,1895
HO5450,chr15,40160482,40162330,1848
HO5451,chr15,40238453,40239651,1198
HO5452,chr15,40251505,40253346,1841
HO5453,chr15,40281653,40283385,1732
HO5454,chr15,40290575,40291702,1127
HO5455,chr15,40322892,40324834,1942
HO5456,chr15,40357463,40359003,1540
HO5457,chr15,40367600,40368596,996
HO5458,chr15,40382240,40383557,1317
HO5459,chr15,40405055,40406308,1253
HO5460,chr15,40420124,40422249,2125
HO5461,chr15,40435862,40437408,1546
HO5462,chr15,40439342,40442421,3079
HO5463,chr15,40469931,40472187,2256
HO5464,chr15,40506496,40507544,1048
HO5465,chr15,40511036,40512943,1907
HO5466,chr15,40564149,40565330,1181
HO5467,chr15,40568941,40569924,983
HO5468,chr15,40593485,40594823,1338
HO5469,chr15,40694001,40695860,1859
HO5470,chr15,40754486,40755768,1282
HO5471,chr15,40763146,40764816,1670
HO5472,chr15,40806723,40807994,1271
HO5473,chr15,40843388,40844977,1589
HO5474,chr15,40873231,40874468,1237
HO5475,chr15,40893631,40895294,1663
HO5476,chr15,40905954,40907616,1662
HO5477,chr15,40927953,40930003,2050
HO5478,chr15,40941152,40942491,1339
HO5479,chr15,40952596,40953952,1356
HO5480,chr15,41115097,41116951,1854
HO5481,chr15,41230435,41231857,1422
HO5482,chr15,41283316,41285033,1717
HO5483,chr15,41331819,41333374,1555
HO5484,chr15,41401953,41403173,1220
HO5485,chr15,41416267,41418092,1825
HO5486,chr15,41492775,41496243,3468
HO5487,chr15,41501123,41503097,1974
HO5488,chr15,41511083,41514068,2985
HO5489,chr15,41543576,41544704,1128
HO5490,chr15,41557614,41558185,571
HO5491,chr15,41558416,41559669,1253
HO5492,chr15,41564086,41565178,1092
HO5493,chr15,41584521,41586057,1536
HO5494,chr15,41620632,41622263,1631
HO5495,chr15,41659748,41661001,1253
HO5496,chr15,41773717,41775057,1340
HO5497,chr15,41827251,41828802,1551
HO5498,chr15,41881611,41883588,1977
HO5499,chr15,41971408,41973111,1703
HO5500,chr15,42056752,42057873,1121
HO5501,chr15,42207540,42208548,1008
HO5502,chr15,42272465,42274532,2067
HO5503,chr15,42490095,42491454,1359
HO5504,chr15,42494940,42496129,1189
HO5505,chr15,42547962,42549408,1446
HO5506,chr15,42574820,42576411,1591
HO5507,chr15,42581030,42581763,733
HO5508,chr15,42621953,42623077,1124
HO5509,chr15,42736075,42737670,1595
HO5510,chr15,42919457,42921769,2312
HO5511,chr15,43105166,43106520,1354
HO5512,chr15,43122556,43123453,897
HO5513,chr15,43132862,43134454,1592
HO5514,chr15,43184647,43186264,1617
HO5515,chr15,43329329,43330985,1656
HO5516,chr15,43370025,43371773,1748
HO5517,chr15,43492369,43493865,1496
HO5518,chr15,43509644,43511829,2185
HO5519,chr15,43516811,43518892,2081
HO5520,chr15,43745737,43747294,1557
HO5521,chr15,43775401,43777792,2391
HO5522,chr15,43791535,43793367,1832
HO5523,chr15,43799844,43801270,1426
HO5524,chr15,43824211,43824981,770
HO5525,chr15,44193481,44195740,2259
HO5526,chr15,44287560,44289458,1898
HO5527,chr15,44426447,44428102,1655
HO5528,chr15,44535989,44538045,2056
HO5529,chr15,44662385,44664014,1629
HO5530,chr15,44710663,44712891,2228
HO5531,chr15,44728289,44729663,1374
HO5532,chr15,44783851,44784998,1147
HO5533,chr15,45022390,45024069,1679
HO5534,chr15,45048379,45049658,1279
HO5535,chr15,45117639,45118446,807
HO5536,chr15,45128938,45130201,1263
HO5537,chr15,45166449,45167710,1261
HO5538,chr15,45186040,45188811,2771
HO5539,chr15,45198079,45201303,3224
HO5540,chr15,45278417,45279789,1372
HO5541,chr15,45377560,45379149,1589
HO5542,chr15,45385595,45387367,1772
HO5543,chr15,45401687,45403620,1933
HO5544,chr15,45457369,45458673,1304
HO5545,chr15,45471720,45473315,1595
HO5546,chr15,45521468,45523397,1929
HO5547,chr15,45586178,45588062,1884
HO5548,chr15,45634363,45635643,1280
HO5549,chr15,45704028,45705990,1962
HO5550,chr15,47183827,47185305,1478
HO5551,chr15,47651556,47653255,1699
HO5552,chr15,47716849,47719434,2585
HO5553,chr15,48176847,48178649,1802
HO5554,chr15,48330520,48332352,1832
HO5555,chr15,48644224,48646559,2335
HO5556,chr15,48810149,48811841,1692
HO5557,chr15,48877616,48878828,1212
HO5558,chr15,48962200,48964167,1967
HO5559,chr15,48975451,48976774,1323
HO5560,chr15,49045716,49046852,1136
HO5561,chr15,49154869,49156538,1669
HO5562,chr15,49169619,49170768,1149
HO5563,chr15,49620228,49621573,1345
HO5564,chr15,50353336,50355775,2439
HO5565,chr15,50423672,50424890,1218
HO5566,chr15,50685768,50687363,1595
HO5567,chr15,50764259,50766075,1816
HO5568,chr15,50907059,50909373,2314
HO5569,chr15,51076844,51077956,1112
HO5570,chr15,51093456,51095394,1938
HO5571,chr15,51621832,51623370,1538
HO5572,chr15,51736696,51738250,1554
HO5573,chr15,51750979,51752511,1532
HO5574,chr15,51829131,51830715,1584
HO5575,chr15,51878389,51879898,1509
HO5576,chr15,51970833,51972198,1365
HO5577,chr15,52018672,52020464,1792
HO5578,chr15,52111481,52113009,1528
HO5579,chr15,52178873,52180741,1868
HO5580,chr15,52294657,52296133,1476
HO5581,chr15,52527930,52529789,1859
HO5582,chr15,52567916,52569519,1603
HO5583,chr15,52677756,52681027,3271
HO5584,chr15,52789647,52791359,1712
HO5585,chr15,53522663,53523586,923
HO5586,chr15,55196058,55197803,1745
HO5587,chr15,55288909,55290837,1928
HO5588,chr15,55318476,55319543,1067
HO5589,chr15,55407474,55408975,1501
HO5590,chr15,55497711,55498727,1016
HO5591,chr15,55587436,55589099,1663
HO5592,chr15,55741465,55743843,2378
HO5593,chr15,55992594,55994426,1832
HO5594,chr15,56242650,56244884,2234
HO5595,chr15,56364786,56366135,1349
HO5596,chr15,56464426,56465501,1075
HO5597,chr15,56732029,56733930,1901
HO5598,chr15,56886407,56888309,1902
HO5599,chr15,56917725,56920054,2329
HO5600,chr15,57305957,57307978,2021
HO5601,chr15,57375925,57377815,1890
HO5602,chr15,57706136,57707439,1303
HO5603,chr15,58064869,58066638,1769
HO5604,chr15,58748500,58750430,1930
HO5605,chr15,58770435,58772290,1855
HO5606,chr15,58864181,58865895,1714
HO5607,chr15,58932727,58934277,1550
HO5608,chr15,58987029,58988604,1575
HO5609,chr15,59104557,59105776,1219
HO5610,chr15,59371405,59373172,1767
HO5611,chr15,59436646,59438597,1951
HO5612,chr15,59656886,59658025,1139
HO5613,chr15,59688400,59690093,1693
HO5614,chr15,60003804,60005561,1757
HO5615,chr15,60396938,60399411,2473
HO5616,chr15,60477930,60479631,1701
HO5617,chr15,60590937,60593178,2241
HO5618,chr15,61227176,61229745,2569
HO5619,chr15,62059599,62061097,1498
HO5620,chr15,62066565,62068748,2183
HO5621,chr15,62163820,62165537,1717
HO5622,chr15,62389868,62392277,2409
HO5623,chr15,63041848,63043847,1999
HO5624,chr15,63047844,63049393,1549
HO5625,chr15,63121301,63122697,1396
HO5626,chr15,63156547,63158325,1778
HO5627,chr15,63188758,63190566,1808
HO5628,chr15,63276655,63278439,1784
HO5629,chr15,63380580,63382345,1765
HO5630,chr15,63502979,63505814,2835
HO5631,chr15,63600065,63601748,1683
HO5632,chr15,63832966,63834637,1671
HO5633,chr15,64045797,64047274,1477
HO5634,chr15,64092953,64094411,1458
HO5635,chr15,64095526,64096897,1371
HO5636,chr15,64151182,64152657,1475
HO5637,chr15,64153245,64153871,626
HO5638,chr15,64162393,64163922,1529
HO5639,chr15,64355116,64356732,1616
HO5640,chr15,64380777,64381995,1218
HO5641,chr15,64387212,64388185,973
HO5642,chr15,64460081,64462002,1921
HO5643,chr15,64702628,64704043,1415
HO5644,chr15,64774241,64776755,2514
HO5645,chr15,64823594,64824403,809
HO5646,chr15,64825123,64826324,1201
HO5647,chr15,64835388,64836472,1084
HO5648,chr15,64840777,64842267,1490
HO5649,chr15,64893432,64895270,1838
HO5650,chr15,64911177,64912796,1619
HO5651,chr15,64988781,64990406,1625
HO5652,chr15,65028807,65029879,1072
HO5653,chr15,65066701,65068342,1641
HO5654,chr15,65101260,65102730,1470
HO5655,chr15,65132289,65134073,1784
HO5656,chr15,65184202,65185874,1672
HO5657,chr15,65285929,65287310,1381
HO5658,chr15,65303487,65305477,1990
HO5659,chr15,65322829,65323490,661
HO5660,chr15,65354647,65356294,1647
HO5661,chr15,65376301,65378599,2298
HO5662,chr15,65384598,65386422,1824
HO5663,chr15,65400472,65402207,1735
HO5664,chr15,65420996,65423281,2285
HO5665,chr15,65516777,65517955,1178
HO5666,chr15,65529927,65531492,1565
HO5667,chr15,65610321,65611783,1462
HO5668,chr15,65790817,65792803,1986
HO5669,chr15,65868950,65871164,2214
HO5670,chr15,65981728,65982618,890
HO5671,chr15,66080370,66081338,968
HO5672,chr15,66251821,66254017,2196
HO5673,chr15,66292955,66294785,1830
HO5674,chr15,66355816,66357128,1312
HO5675,chr15,66386179,66388012,1833
HO5676,chr15,66496978,66498230,1252
HO5677,chr15,66503839,66505744,1905
HO5678,chr15,66700690,66702568,1878
HO5679,chr15,66802152,66803691,1539
HO5680,chr15,66841978,66843221,1243
HO5681,chr15,66849782,66852112,2330
HO5682,chr15,67029694,67030564,870
HO5683,chr15,67064814,67067296,2482
HO5684,chr15,67253803,67255183,1380
HO5685,chr15,67520418,67522063,1645
HO5686,chr15,67541462,67543695,2233
HO5687,chr15,67839479,67841402,1923
HO5688,chr15,67884178,67885200,1022
HO5689,chr15,67967686,67969370,1684
HO5690,chr15,68053775,68055676,1901
HO5691,chr15,68228691,68230312,1621
HO5692,chr15,68256429,68257444,1015
HO5693,chr15,68277059,68278997,1938
HO5694,chr15,68430763,68432461,1698
HO5695,chr15,68558942,68560239,1297
HO5696,chr15,68577739,68579823,2084
HO5697,chr15,68699964,68701127,1163
HO5698,chr15,68816825,68819175,2350
HO5699,chr15,68819459,68821512,2053
HO5700,chr15,68990818,68992581,1763
HO5701,chr15,69058772,69060483,1711
HO5702,chr15,69073734,69075233,1499
HO5703,chr15,69159936,69162043,2107
HO5704,chr15,69298100,69300465,2365
HO5705,chr15,69393689,69395179,1490
HO5706,chr15,69413717,69415156,1439
HO5707,chr15,69451901,69453547,1646
HO5708,chr15,69462106,69463512,1406
HO5709,chr15,70033201,70034140,939
HO5710,chr15,70061922,70062976,1054
HO5711,chr15,70097228,70098143,915
HO5712,chr15,70098633,70099925,1292
HO5713,chr15,70101087,70101742,655
HO5714,chr15,70111014,70112204,1190
HO5715,chr15,70153927,70155335,1408
HO5716,chr15,70195470,70197017,1547
HO5717,chr15,70375978,70377651,1673
HO5718,chr15,70762417,70764216,1799
HO5719,chr15,70852959,70854821,1862
HO5720,chr15,70891703,70893246,1543
HO5721,chr15,71114804,71116354,1550
HO5722,chr15,72116733,72118795,2062
HO5723,chr15,72154900,72156392,1492
HO5724,chr15,72196675,72198092,1417
HO5725,chr15,72229720,72232366,2646
HO5726,chr15,72271851,72273103,1252
HO5727,chr15,72319435,72320691,1256
HO5728,chr15,72375352,72376799,1447
HO5729,chr15,72473304,72475584,2280
HO5730,chr15,72670543,72671349,806
HO5731,chr15,72685270,72687148,1878
HO5732,chr15,72782579,72784670,2091
HO5733,chr15,73051148,73053486,2338
HO5734,chr15,73367641,73369106,1465
HO5735,chr15,73631866,73633934,2068
HO5736,chr15,73683490,73685403,1913
HO5737,chr15,73752136,73753534,1398
HO5738,chr15,73925931,73928148,2217
HO5739,chr15,73950552,73952304,1752
HO5740,chr15,73991632,73992555,923
HO5741,chr15,73994246,73995332,1086
HO5742,chr15,74099751,74100397,646
HO5743,chr15,74127359,74128465,1106
HO5744,chr15,74129518,74130607,1089
HO5745,chr15,74135565,74137742,2177
HO5746,chr15,74202013,74204424,2411
HO5747,chr15,74221273,74224104,2831
HO5748,chr15,74290921,74291982,1061
HO5749,chr15,74326364,74327308,944
HO5750,chr15,74365192,74366342,1150
HO5751,chr15,74373441,74374654,1213
HO5752,chr15,74433059,74434609,1550
HO5753,chr15,74460431,74461742,1311
HO5754,chr15,74540053,74541728,1675
HO5755,chr15,74545704,74546752,1048
HO5756,chr15,74597844,74599031,1187
HO5757,chr15,74609960,74610970,1010
HO5758,chr15,74614355,74616696,2341
HO5759,chr15,74695324,74696589,1265
HO5760,chr15,74781355,74782821,1466
HO5761,chr15,74825878,74826906,1028
HO5762,chr15,74842371,74843794,1423
HO5763,chr15,74872367,74873955,1588
HO5764,chr15,74888885,74890785,1900
HO5765,chr15,74905635,74907421,1786
HO5766,chr15,74937168,74938461,1293
HO5767,chr15,74954282,74955322,1040
HO5768,chr15,74955869,74957522,1653
HO5769,chr15,74994950,74996704,1754
HO5770,chr15,75022796,75024350,1554
HO5771,chr15,75042677,75044279,1602
HO5772,chr15,75064949,75066427,1478
HO5773,chr15,75180268,75181172,904
HO5774,chr15,75195177,75196273,1096
HO5775,chr15,75201121,75202997,1876
HO5776,chr15,75204607,75205124,517
HO5777,chr15,75335524,75336681,1157
HO5778,chr15,75346843,75349148,2305
HO5779,chr15,75367564,75369138,1574
HO5780,chr15,75450198,75452682,2484
HO5781,chr15,75453820,75454842,1022
HO5782,chr15,75455490,75456155,665
HO5783,chr15,75577611,75579890,2279
HO5784,chr15,75624775,75626395,1620
HO5785,chr15,75639249,75641161,1912
HO5786,chr15,75646780,75648862,2082
HO5787,chr15,75672279,75673884,1605
HO5788,chr15,75693664,75695061,1397
HO5789,chr15,75712334,75713794,1460
HO5790,chr15,75723191,75724523,1332
HO5791,chr15,75731324,75733108,1784
HO5792,chr15,75737941,75739320,1379
HO5793,chr15,75757818,75759088,1270
HO5794,chr15,75801679,75802467,788
HO5795,chr15,75842584,75844541,1957
HO5796,chr15,75903316,75904687,1371
HO5797,chr15,76058862,76060316,1454
HO5798,chr15,76310492,76311860,1368
HO5799,chr15,76339849,76341279,1430
HO5800,chr15,76345966,76347508,1542
HO5801,chr15,76904389,76906083,1694
HO5802,chr15,76931164,76932480,1316
HO5803,chr15,77070146,77071397,1251
HO5804,chr15,77418749,77421325,2576
HO5805,chr15,77526738,77529376,2638
HO5806,chr15,77603652,77604876,1224
HO5807,chr15,77630844,77631582,738
HO5808,chr15,77632226,77634128,1902
HO5809,chr15,77818526,77820566,2040
HO5810,chr15,77910067,77910981,914
HO5811,chr15,77943755,77944966,1211
HO5812,chr15,78076774,78077963,1189
HO5813,chr15,78130626,78132041,1415
HO5814,chr15,78148670,78150328,1658
HO5815,chr15,78263322,78265356,2034
HO5816,chr15,78298824,78300030,1206
HO5817,chr15,78308045,78308975,930
HO5818,chr15,78437151,78439176,2025
HO5819,chr15,78506732,78508116,1384
HO5820,chr15,78539869,78541141,1272
HO5821,chr15,78564924,78566466,1542
HO5822,chr15,78619865,78621325,1460
HO5823,chr15,78640353,78641837,1484
HO5824,chr15,78810054,78812072,2018
HO5825,chr15,78859758,78860941,1183
HO5826,chr15,78872072,78874464,2392
HO5827,chr15,78944138,78945447,1309
HO5828,chr15,79089317,79091943,2626
HO5829,chr15,79310473,79311845,1372
HO5830,chr15,79431054,79432819,1765
HO5831,chr15,79896075,79897483,1408
HO5832,chr15,79922526,79924185,1659
HO5833,chr15,80058786,80060353,1567
HO5834,chr15,80152099,80153566,1467
HO5835,chr15,80403544,80405807,2263
HO5836,chr15,80694334,80696667,2333
HO5837,chr15,80778825,80781078,2253
HO5838,chr15,80989043,80990251,1208
HO5839,chr15,81000144,81003205,3061
HO5840,chr15,81133562,81134732,1170
HO5841,chr15,81323581,81324796,1215
HO5842,chr15,82044205,82047642,3437
HO5843,chr15,82261904,82263319,1415
HO5844,chr15,82530135,82531301,1166
HO5845,chr15,82539668,82541311,1643
HO5846,chr15,82646890,82648829,1939
HO5847,chr15,82679827,82681029,1202
HO5848,chr15,82709022,82710227,1205
HO5849,chr15,82749536,82751071,1535
HO5850,chr15,82809007,82810707,1700
HO5851,chr15,82849327,82851028,1701
HO5852,chr15,82951790,82953357,1567
HO5853,chr15,82985416,82986699,1283
HO5854,chr15,83010647,83012075,1428
HO5855,chr15,83066121,83067743,1622
HO5856,chr15,83106625,83108082,1457
HO5857,chr15,83206531,83208488,1957
HO5858,chr15,83282789,83285252,2463
HO5859,chr15,83446775,83448365,1590
HO5860,chr15,83653248,83654998,1750
HO5861,chr15,84079386,84080666,1280
HO5862,chr15,84569656,84571521,1865
HO5863,chr15,84587637,84588557,920
HO5864,chr15,84600250,84601403,1153
HO5865,chr15,84630923,84631749,826
HO5866,chr15,84633178,84634313,1135
HO5867,chr15,84653710,84654994,1284
HO5868,chr15,84657947,84658771,824
HO5869,chr15,84715348,84717200,1852
HO5870,chr15,84747373,84749791,2418
HO5871,chr15,84816806,84818524,1718
HO5872,chr15,84979726,84982343,2617
HO5873,chr15,85379789,85381520,1731
HO5874,chr15,85793579,85795275,1696
HO5875,chr15,85840055,85840917,862
HO5876,chr15,88255343,88257822,2479
HO5877,chr15,88466778,88468147,1369
HO5878,chr15,88545901,88547024,1123
HO5879,chr15,88604018,88606096,2078
HO5880,chr15,88620842,88621808,966
HO5881,chr15,88638224,88639381,1157
HO5882,chr15,88802666,88804131,1465
HO5883,chr15,88894286,88895733,1447
HO5884,chr15,88911839,88913855,2016
HO5885,chr15,89087656,89088842,1186
HO5886,chr15,89243126,89244834,1708
HO5887,chr15,89334077,89335876,1799
HO5888,chr15,89358415,89359182,767
HO5889,chr15,89377528,89379382,1854
HO5890,chr15,89574673,89576220,1547
HO5891,chr15,89654385,89655848,1463
HO5892,chr15,89665370,89666425,1055
HO5893,chr15,89690075,89691152,1077
HO5894,chr15,89749884,89751521,1637
HO5895,chr15,89775951,89777165,1214
HO5896,chr15,89893329,89894703,1374
HO5897,chr15,89912013,89913347,1334
HO5898,chr15,90001146,90002654,1508
HO5899,chr15,90101113,90102985,1872
HO5900,chr15,90142849,90143785,936
HO5901,chr15,90157877,90158791,914
HO5902,chr15,90183755,90185584,1829
HO5903,chr15,90191400,90192569,1169
HO5904,chr15,90200597,90202330,1733
HO5905,chr15,90233063,90234552,1489
HO5906,chr15,90248868,90249964,1096
HO5907,chr15,90264845,90266751,1906
HO5908,chr15,90351564,90352936,1372
HO5909,chr15,90387573,90388985,1412
HO5910,chr15,90400495,90401235,740
HO5911,chr15,90528846,90531159,2313
HO5912,chr15,90664706,90666050,1344
HO5913,chr15,90716486,90717845,1359
HO5914,chr15,90870928,90872508,1580
HO5915,chr15,90883431,90885134,1703
HO5916,chr15,90901472,90904102,2630
HO5917,chr15,90931660,90932753,1093
HO5918,chr15,90934770,90935733,963
HO5919,chr15,90954487,90955423,936
HO5920,chr15,90956365,90957533,1168
HO5921,chr15,90993944,90995142,1198
HO5922,chr15,91021683,91022989,1306
HO5923,chr15,91099494,91101082,1588
HO5924,chr15,91852515,91854641,2126
HO5925,chr15,92393314,92395143,1829
HO5926,chr15,92655074,92655998,924
HO5927,chr15,92714008,92715111,1103
HO5928,chr15,92733316,92734754,1438
HO5929,chr15,92808214,92810270,2056
HO5930,chr15,92819057,92820942,1885
HO5931,chr15,92831152,92833247,2095
HO5932,chr15,92881839,92883870,2031
HO5933,chr15,92899895,92900642,747
HO5934,chr15,92903678,92904873,1195
HO5935,chr15,93071543,93074055,2512
HO5936,chr15,93087718,93090334,2616
HO5937,chr15,94230498,94232072,1574
HO5938,chr15,94843994,94845526,1532
HO5939,chr15,95325304,95327351,2047
HO5940,chr15,95363514,95364278,764
HO5941,chr15,95451718,95452396,678
HO5942,chr15,96052649,96054341,1692
HO5943,chr15,96179987,96181156,1169
HO5944,chr15,96321089,96323416,2327
HO5945,chr15,96326790,96327568,778
HO5946,chr15,96330023,96331664,1641
HO5947,chr15,96340308,96341927,1619
HO5948,chr15,96353673,96355310,1637
HO5949,chr15,96356690,96357438,748
HO5950,chr15,96359867,96360854,987
HO5951,chr15,96415999,96417541,1542
HO5952,chr15,97959782,97961592,1810
HO5953,chr15,98420503,98422257,1754
HO5954,chr15,98428014,98428965,951
HO5955,chr15,98547257,98549002,1745
HO5956,chr15,98646934,98649181,2247
HO5957,chr15,98649610,98650928,1318
HO5958,chr15,98776316,98777644,1328
HO5959,chr15,98799248,98801559,2311
HO5960,chr15,98851825,98853509,1684
HO5961,chr15,99014141,99016006,1865
HO5962,chr15,99058516,99059952,1436
HO5963,chr15,99104596,99106278,1682
HO5964,chr15,99250694,99251910,1216
HO5965,chr15,99472124,99474560,2436
HO5966,chr15,99485378,99487309,1931
HO5967,chr15,99507136,99508463,1327
HO5968,chr15,99564101,99567234,3133
HO5969,chr15,99731500,99733918,2418
HO5970,chr15,100340759,100342370,1611
HO5971,chr15,100349387,100350843,1456
HO5972,chr15,100601475,100603347,1872
HO5973,chr15,100878985,100880787,1802
HO5974,chr15,100917782,100920070,2288
HO5975,chr15,101250584,101252600,2016
HO5976,chr15,101276306,101277891,1585
HO5977,chr15,101293885,101296318,2433
HO5978,chr15,101450286,101452187,1901
HO5979,chr15,101488102,101490170,2068
HO5980,chr15,101615289,101616888,1599
HO5981,chr15,101651622,101653095,1473
HO5982,chr15,101723231,101724804,1573
HO5983,chr16,52880,54268,1388
HO5984,chr16,71410,72958,1548
HO5985,chr16,77224,78900,1676
HO5986,chr16,137869,138960,1091
HO5987,chr16,180162,181717,1555
HO5988,chr16,228557,229637,1080
HO5989,chr16,234224,235786,1562
HO5990,chr16,351855,353699,1844
HO5991,chr16,369932,371063,1131
HO5992,chr16,380828,382723,1895
HO5993,chr16,387811,388806,995
HO5994,chr16,396120,398370,2250
HO5995,chr16,401262,402240,978
HO5996,chr16,423914,426845,2931
HO5997,chr16,526366,528708,2342
HO5998,chr16,565568,566446,878
HO5999,chr16,566552,567372,820
HO6000,chr16,569311,570355,1044
HO6001,chr16,588557,590571,2014
HO6002,chr16,629279,631394,2115
HO6003,chr16,635872,637476,1604
HO6004,chr16,641444,642918,1474
HO6005,chr16,648510,649899,1389
HO6006,chr16,660188,661637,1449
HO6007,chr16,667478,669096,1618
HO6008,chr16,679267,680835,1568
HO6009,chr16,683865,684687,822
HO6010,chr16,700294,701330,1036
HO6011,chr16,714560,715967,1407
HO6012,chr16,719902,721804,1902
HO6013,chr16,726764,728844,2080
HO6014,chr16,739964,741480,1516
HO6015,chr16,787666,789068,1402
HO6016,chr16,800019,801410,1391
HO6017,chr16,806957,808096,1139
HO6018,chr16,969683,971462,1779
HO6019,chr16,980491,982354,1863
HO6020,chr16,1019038,1020146,1108
HO6021,chr16,1089495,1091660,2165
HO6022,chr16,1125080,1125909,829
HO6023,chr16,1152106,1153259,1153
HO6024,chr16,1159382,1160727,1345
HO6025,chr16,1181957,1182727,770
HO6026,chr16,1308482,1310262,1780
HO6027,chr16,1311378,1312191,813
HO6028,chr16,1331698,1332582,884
HO6029,chr16,1342398,1343872,1474
HO6030,chr16,1351255,1352335,1080
HO6031,chr16,1378685,1380096,1411
HO6032,chr16,1407652,1408763,1111
HO6033,chr16,1413472,1415305,1833
HO6034,chr16,1420011,1421480,1469
HO6035,chr16,1474034,1475646,1612
HO6036,chr16,1492716,1494996,2280
HO6037,chr16,1609987,1611279,1292
HO6038,chr16,1611630,1612836,1206
HO6039,chr16,1650661,1653165,2504
HO6040,chr16,1677818,1679079,1261
HO6041,chr16,1705115,1707459,2344
HO6042,chr16,1770361,1771925,1564
HO6043,chr16,1772616,1774112,1496
HO6044,chr16,1781696,1783570,1874
HO6045,chr16,1825968,1827758,1790
HO6046,chr16,1929110,1930227,1117
HO6047,chr16,1942632,1943689,1057
HO6048,chr16,1958795,1960054,1259
HO6049,chr16,1963889,1965612,1723
HO6050,chr16,1971391,1972910,1519
HO6051,chr16,1983355,1984781,1426
HO6052,chr16,1991824,1992870,1046
HO6053,chr16,2003665,2004305,640
HO6054,chr16,2008702,2010483,1781
HO6055,chr16,2019420,2020803,1383
HO6056,chr16,2022662,2023796,1134
HO6057,chr16,2046968,2048433,1465
HO6058,chr16,2081333,2083436,2103
HO6059,chr16,2090524,2091867,1343
HO6060,chr16,2135140,2136444,1304
HO6061,chr16,2147641,2149053,1412
HO6062,chr16,2153236,2153879,643
HO6063,chr16,2154895,2156656,1761
HO6064,chr16,2194894,2197060,2166
HO6065,chr16,2204381,2206289,1908
HO6066,chr16,2214270,2215488,1218
HO6067,chr16,2222904,2224298,1394
HO6068,chr16,2250846,2252089,1243
HO6069,chr16,2267495,2269104,1609
HO6070,chr16,2339494,2341306,1812
HO6071,chr16,2364403,2366507,2104
HO6072,chr16,2428287,2429965,1678
HO6073,chr16,2459335,2460546,1211
HO6074,chr16,2467342,2468627,1285
HO6075,chr16,2470791,2471549,758
HO6076,chr16,2473589,2475969,2380
HO6077,chr16,2500837,2502049,1212
HO6078,chr16,2502455,2503218,763
HO6079,chr16,2512628,2514958,2330
HO6080,chr16,2531424,2533051,1627
HO6081,chr16,2537353,2538323,970
HO6082,chr16,2593179,2594055,876
HO6083,chr16,2602860,2604043,1183
HO6084,chr16,2663296,2665161,1865
HO6085,chr16,2672992,2673959,967
HO6086,chr16,2681794,2683088,1294
HO6087,chr16,2715202,2715947,745
HO6088,chr16,2720645,2721665,1020
HO6089,chr16,2751643,2753448,1805
HO6090,chr16,2776553,2778485,1932
HO6091,chr16,2867723,2868735,1012
HO6092,chr16,2881973,2884255,2282
HO6093,chr16,2903950,2906174,2224
HO6094,chr16,2911311,2913038,1727
HO6095,chr16,2963119,2964362,1243
HO6096,chr16,2968632,2970436,1804
HO6097,chr16,2979822,2982110,2288
HO6098,chr16,3003559,3005010,1451
HO6099,chr16,3020084,3021664,1580
HO6100,chr16,3023271,3024478,1207
HO6101,chr16,3027985,3028561,576
HO6102,chr16,3045309,3047522,2213
HO6103,chr16,3058149,3059755,1606
HO6104,chr16,3099622,3100497,875
HO6105,chr16,3105871,3106971,1100
HO6106,chr16,3111980,3113591,1611
HO6107,chr16,3123596,3124942,1346
HO6108,chr16,3134281,3135489,1208
HO6109,chr16,3149339,3151024,1685
HO6110,chr16,3152253,3153059,806
HO6111,chr16,3156681,3159277,2596
HO6112,chr16,3234529,3235578,1049
HO6113,chr16,3263532,3265097,1565
HO6114,chr16,3282185,3283957,1772
HO6115,chr16,3304811,3306064,1253
HO6116,chr16,3364538,3366076,1538
HO6117,chr16,3400265,3401647,1382
HO6118,chr16,3442567,3444351,1784
HO6119,chr16,3457325,3459302,1977
HO6120,chr16,3499834,3501512,1678
HO6121,chr16,3610793,3612211,1418
HO6122,chr16,3716670,3717979,1309
HO6123,chr16,3879284,3881489,2205
HO6124,chr16,3982008,3983437,1429
HO6125,chr16,4114962,4116977,2015
HO6126,chr16,4182974,4184671,1697
HO6127,chr16,4253130,4254339,1209
HO6128,chr16,4271060,4274306,3246
HO6129,chr16,4293539,4294445,906
HO6130,chr16,4306979,4308197,1218
HO6131,chr16,4314658,4317772,3114
HO6132,chr16,4327319,4329359,2040
HO6133,chr16,4350625,4351641,1016
HO6134,chr16,4370545,4372313,1768
HO6135,chr16,4373167,4374646,1479
HO6136,chr16,4392169,4393555,1386
HO6137,chr16,4402304,4403165,861
HO6138,chr16,4415288,4417031,1743
HO6139,chr16,4424832,4426375,1543
HO6140,chr16,4474037,4474823,786
HO6141,chr16,4475967,4477225,1258
HO6142,chr16,4537586,4539064,1478
HO6143,chr16,4613840,4615445,1605
HO6144,chr16,4615749,4616838,1089
HO6145,chr16,4624175,4625779,1604
HO6146,chr16,4659946,4660999,1053
HO6147,chr16,4692925,4694643,1718
HO6148,chr16,4733738,4735286,1548
HO6149,chr16,4766494,4767511,1017
HO6150,chr16,4768117,4769042,925
HO6151,chr16,4801484,4803214,1730
HO6152,chr16,4846402,4848491,2089
HO6153,chr16,4936065,4937541,1476
HO6154,chr16,4957406,4958584,1178
HO6155,chr16,5024512,5025743,1231
HO6156,chr16,5032999,5034093,1094
HO6157,chr16,5071302,5072625,1323
HO6158,chr16,5096989,5098907,1918
HO6159,chr16,6018833,6020965,2132
HO6160,chr16,6482695,6484048,1353
HO6161,chr16,8567437,8568276,839
HO6162,chr16,8588772,8590626,1854
HO6163,chr16,8621169,8622581,1412
HO6164,chr16,8673946,8674852,906
HO6165,chr16,8720209,8722264,2055
HO6166,chr16,8797047,8798370,1323
HO6167,chr16,8866249,8867917,1668
HO6168,chr16,8868124,8869359,1235
HO6169,chr16,8962450,8964450,2000
HO6170,chr16,9090036,9093264,3228
HO6171,chr16,9489438,9490536,1098
HO6172,chr16,10038826,10040000,1174
HO6173,chr16,10180700,10182123,1423
HO6174,chr16,10182165,10183559,1394
HO6175,chr16,10385621,10386691,1070
HO6176,chr16,10577359,10579217,1858
HO6177,chr16,10579649,10580965,1316
HO6178,chr16,10743383,10744662,1279
HO6179,chr16,10817910,10818951,1041
HO6180,chr16,10941913,10942728,815
HO6181,chr16,10943669,10944925,1256
HO6182,chr16,11254826,11256969,2143
HO6183,chr16,11344941,11345943,1002
HO6184,chr16,11585654,11587879,2225
HO6185,chr16,11667826,11669312,1486
HO6186,chr16,11741836,11743420,1584
HO6187,chr16,11796251,11798206,1955
HO6188,chr16,11850830,11852297,1467
HO6189,chr16,11914711,11916414,1703
HO6190,chr16,11976011,11978007,1996
HO6191,chr16,12803153,12804132,979
HO6192,chr16,13919105,13920669,1564
HO6193,chr16,14050319,14051097,778
HO6194,chr16,14070465,14072090,1625
HO6195,chr16,14185563,14187288,1725
HO6196,chr16,14284981,14287091,2110
HO6197,chr16,14300770,14304173,3403
HO6198,chr16,14629489,14630509,1020
HO6199,chr16,14632376,14633545,1169
HO6200,chr16,14633765,14634293,528
HO6201,chr16,14974382,14976101,1719
HO6202,chr16,15055213,15056547,1334
HO6203,chr16,15093801,15094867,1066
HO6204,chr16,15153895,15155267,1372
HO6205,chr16,15434039,15435359,1320
HO6206,chr16,15642413,15643812,1399
HO6207,chr16,15649615,15651122,1507
HO6208,chr16,15887893,15889093,1200
HO6209,chr16,15925109,15926355,1246
HO6210,chr16,15948954,15950128,1174
HO6211,chr16,17469972,17471921,1949
HO6212,chr16,18789507,18790768,1261
HO6213,chr16,18800319,18802142,1823
HO6214,chr16,18925304,18927176,1872
HO6215,chr16,18983545,18984472,927
HO6216,chr16,19066989,19068471,1482
HO6217,chr16,19113385,19115360,1975
HO6218,chr16,19167542,19169203,1661
HO6219,chr16,19521392,19522318,926
HO6220,chr16,19523434,19524565,1131
HO6221,chr16,19554822,19556506,1684
HO6222,chr16,19717378,19719046,1668
HO6223,chr16,19883220,19886567,3347
HO6224,chr16,20673803,20676821,3018
HO6225,chr16,20740738,20742141,1403
HO6226,chr16,20805726,20807334,1608
HO6227,chr16,20899096,20901762,2666
HO6228,chr16,21158132,21159905,1773
HO6229,chr16,21277723,21278691,968
HO6230,chr16,21283313,21284197,884
HO6231,chr16,21300235,21302844,2609
HO6232,chr16,21501318,21502712,1394
HO6233,chr16,21519712,21520748,1036
HO6234,chr16,21598547,21600734,2187
HO6235,chr16,21819955,21821071,1116
HO6236,chr16,21952155,21953818,1663
HO6237,chr16,22007204,22009118,1914
HO6238,chr16,22189463,22191594,2131
HO6239,chr16,22195463,22196256,793
HO6240,chr16,22205654,22207437,1783
HO6241,chr16,22296760,22298707,1947
HO6242,chr16,22373670,22375345,1675
HO6243,chr16,22436426,22437656,1230
HO6244,chr16,22812952,22814967,2015
HO6245,chr16,23148458,23149948,1490
HO6246,chr16,23452284,23453562,1278
HO6247,chr16,23508691,23510861,2170
HO6248,chr16,23556840,23558271,1431
HO6249,chr16,23595309,23596610,1301
HO6250,chr16,23640315,23642147,1832
HO6251,chr16,23678161,23679793,1632
HO6252,chr16,23835347,23837282,1935
HO6253,chr16,24255487,24256388,901
HO6254,chr16,24538848,24541023,2175
HO6255,chr16,24609516,24610804,1288
HO6256,chr16,24670509,24671567,1058
HO6257,chr16,24729041,24731047,2006
HO6258,chr16,25014107,25015778,1671
HO6259,chr16,25031179,25032188,1009
HO6260,chr16,25066361,25067631,1270
HO6261,chr16,25106385,25107427,1042
HO6262,chr16,25111059,25112261,1202
HO6263,chr16,25256708,25258700,1992
HO6264,chr16,25691466,25693400,1934
HO6265,chr16,27109510,27110530,1020
HO6266,chr16,27202922,27204440,1518
HO6267,chr16,27267883,27269157,1274
HO6268,chr16,27549020,27550527,1507
HO6269,chr16,28010864,28012364,1500
HO6270,chr16,28062734,28063918,1184
HO6271,chr16,28210771,28212465,1694
HO6272,chr16,28277498,28278440,942
HO6273,chr16,28291628,28293603,1975
HO6274,chr16,28491210,28492460,1250
HO6275,chr16,28553447,28554798,1351
HO6276,chr16,28572252,28574418,2166
HO6277,chr16,28822434,28824585,2151
HO6278,chr16,28845807,28847192,1385
HO6279,chr16,28862790,28864936,2146
HO6280,chr16,28879401,28880653,1252
HO6281,chr16,28923745,28926103,2358
HO6282,chr16,28945201,28945975,774
HO6283,chr16,28950284,28951645,1361
HO6284,chr16,28973804,28975436,1632
HO6285,chr16,29156665,29158266,1601
HO6286,chr16,29594324,29595795,1471
HO6287,chr16,29612992,29613987,995
HO6288,chr16,29678783,29680018,1235
HO6289,chr16,29789846,29791319,1473
HO6290,chr16,29804794,29806774,1980
HO6291,chr16,29807419,29808153,734
HO6292,chr16,29810957,29812522,1565
HO6293,chr16,29815563,29817038,1475
HO6294,chr16,29826259,29827559,1300
HO6295,chr16,29862308,29863834,1526
HO6296,chr16,29898917,29901062,2145
HO6297,chr16,29925235,29927023,1788
HO6298,chr16,29942772,29944579,1807
HO6299,chr16,29961284,29962941,1657
HO6300,chr16,29973187,29974318,1131
HO6301,chr16,29994838,29996556,1718
HO6302,chr16,30010032,30011790,1758
HO6303,chr16,30020854,30021934,1080
HO6304,chr16,30052582,30053995,1413
HO6305,chr16,30063882,30066578,2696
HO6306,chr16,30075202,30076571,1369
HO6307,chr16,30091254,30092954,1700
HO6308,chr16,30095750,30096618,868
HO6309,chr16,30121773,30123598,1825
HO6310,chr16,30182702,30183993,1291
HO6311,chr16,30334336,30336004,1668
HO6312,chr16,30354474,30356004,1530
HO6313,chr16,30369700,30371387,1687
HO6314,chr16,30377317,30379306,1989
HO6315,chr16,30394298,30396086,1788
HO6316,chr16,30399762,30400950,1188
HO6317,chr16,30406836,30408048,1212
HO6318,chr16,30417304,30418602,1298
HO6319,chr16,30428823,30430689,1866
HO6320,chr16,30445028,30446155,1127
HO6321,chr16,30526020,30528042,2022
HO6322,chr16,30533806,30535998,2192
HO6323,chr16,30557289,30558779,1490
HO6324,chr16,30570680,30572455,1775
HO6325,chr16,30584933,30586200,1267
HO6326,chr16,30609277,30610707,1430
HO6327,chr16,30633851,30635090,1239
HO6328,chr16,30649841,30651942,2101
HO6329,chr16,30657522,30659762,2240
HO6330,chr16,30697534,30699493,1959
HO6331,chr16,30747652,30748946,1294
HO6332,chr16,30761186,30762626,1440
HO6333,chr16,30774592,30776337,1745
HO6334,chr16,30785903,30787749,1846
HO6335,chr16,30805079,30806688,1609
HO6336,chr16,30813789,30814780,991
HO6337,chr16,30874433,30876832,2399
HO6338,chr16,30893496,30894543,1047
HO6339,chr16,30895787,30897301,1514
HO6340,chr16,30901681,30902864,1183
HO6341,chr16,30921561,30923876,2315
HO6342,chr16,30947693,30949550,1857
HO6343,chr16,30956924,30958618,1694
HO6344,chr16,30984603,30985737,1134
HO6345,chr16,30996256,30998773,2517
HO6346,chr16,31032589,31034487,1898
HO6347,chr16,31041960,31042789,829
HO6348,chr16,31072604,31074874,2270
HO6349,chr16,31093888,31095138,1250
HO6350,chr16,31108032,31109141,1109
HO6351,chr16,31116897,31118676,1779
HO6352,chr16,31133831,31135907,2076
HO6353,chr16,31141478,31143110,1632
HO6354,chr16,31179320,31181417,2097
HO6355,chr16,31201456,31203097,1641
HO6356,chr16,31214482,31216256,1774
HO6357,chr16,31228770,31230529,1759
HO6358,chr16,31441926,31443380,1454
HO6359,chr16,31457934,31460261,2327
HO6360,chr16,31471598,31473199,1601
HO6361,chr16,31475853,31478172,2319
HO6362,chr16,31487163,31488872,1709
HO6363,chr16,31507583,31509139,1556
HO6364,chr16,31700088,31701620,1532
HO6365,chr16,31712802,31714078,1276
HO6366,chr16,31873178,31874878,1700
HO6367,chr16,46620307,46621785,1478
HO6368,chr16,46688231,46690345,2114
HO6369,chr16,46829815,46831783,1968
HO6370,chr16,46883392,46885302,1910
HO6371,chr16,46972444,46974111,1667
HO6372,chr16,47037228,47038318,1090
HO6373,chr16,47142536,47144705,2169
HO6374,chr16,47460335,47462191,1856
HO6375,chr16,48243763,48245111,1348
HO6376,chr16,48365025,48366796,1771
HO6377,chr16,48383889,48386145,2256
HO6378,chr16,48609275,48610625,1350
HO6379,chr16,48622800,48623979,1179
HO6380,chr16,49281436,49282609,1173
HO6381,chr16,49491613,49492793,1180
HO6382,chr16,49620004,49621856,1852
HO6383,chr16,49638163,49640981,2818
HO6384,chr16,49700181,49701333,1152
HO6385,chr16,49834331,49835895,1564
HO6386,chr16,49854967,49856268,1301
HO6387,chr16,49856610,49857428,818
HO6388,chr16,49857637,49859502,1865
HO6389,chr16,50024667,50025984,1317
HO6390,chr16,50065512,50066745,1233
HO6391,chr16,50152335,50154564,2229
HO6392,chr16,50245383,50247012,1629
HO6393,chr16,50367941,50369313,1372
HO6394,chr16,50467574,50468664,1090
HO6395,chr16,50547351,50549402,2051
HO6396,chr16,50741255,50742733,1478
HO6397,chr16,50805981,50806855,874
HO6398,chr16,51150247,51152899,2652
HO6399,chr16,51187256,51188596,1340
HO6400,chr16,51244625,51246390,1765
HO6401,chr16,52545184,52547726,2542
HO6402,chr16,53054323,53056033,1710
HO6403,chr16,53098504,53100260,1756
HO6404,chr16,53129821,53131993,2172
HO6405,chr16,53207745,53208672,927
HO6406,chr16,53433917,53435710,1793
HO6407,chr16,53502236,53504511,2275
HO6408,chr16,53703393,53704432,1039
HO6409,chr16,54286062,54287218,1156
HO6410,chr16,54928353,54929682,1329
HO6411,chr16,54930133,54931344,1211
HO6412,chr16,55323353,55325192,1839
HO6413,chr16,55478309,55480809,2500
HO6414,chr16,55508368,55510037,1669
HO6415,chr16,56190559,56191948,1389
HO6416,chr16,56194132,56194921,789
HO6417,chr16,56317934,56318890,956
HO6418,chr16,56344449,56345468,1019
HO6419,chr16,56356141,56357685,1544
HO6420,chr16,56424272,56425869,1597
HO6421,chr16,56450380,56452417,2037
HO6422,chr16,56519300,56520477,1177
HO6423,chr16,56588888,56589940,1052
HO6424,chr16,56608052,56608747,695
HO6425,chr16,56657252,56658537,1285
HO6426,chr16,56681784,56683231,1447
HO6427,chr16,56729081,56730677,1596
HO6428,chr16,56930995,56933244,2249
HO6429,chr16,56988228,56989969,1741
HO6430,chr16,57091372,57093380,2008
HO6431,chr16,57185321,57187768,2447
HO6432,chr16,57244432,57245887,1455
HO6433,chr16,57283288,57285068,1780
HO6434,chr16,57299251,57301222,1971
HO6435,chr16,57372011,57373206,1195
HO6436,chr16,57416158,57417567,1409
HO6437,chr16,57446472,57447977,1505
HO6438,chr16,57462119,57463327,1208
HO6439,chr16,57485552,57486842,1290
HO6440,chr16,57528259,57529290,1031
HO6441,chr16,57535578,57537206,1628
HO6442,chr16,57627999,57628810,811
HO6443,chr16,57734787,57737100,2313
HO6444,chr16,57774662,57776188,1526
HO6445,chr16,57786551,57788921,2370
HO6446,chr16,57801176,57803906,2730
HO6447,chr16,57846046,57846921,875
HO6448,chr16,57984400,57986107,1707
HO6449,chr16,57999377,58001704,2327
HO6450,chr16,58025332,58027917,2585
HO6451,chr16,58032193,58033420,1227
HO6452,chr16,58121547,58122239,692
HO6453,chr16,58126702,58127587,885
HO6454,chr16,58128682,58129862,1180
HO6455,chr16,58196765,58198639,1874
HO6456,chr16,58249238,58250496,1258
HO6457,chr16,58391957,58393356,1399
HO6458,chr16,58463074,58465298,2224
HO6459,chr16,58487393,58488153,760
HO6460,chr16,58499724,58501900,2176
HO6461,chr16,58514751,58516503,1752
HO6462,chr16,58628605,58630709,2104
HO6463,chr16,58683332,58685157,1825
HO6464,chr16,58732786,58734558,1772
HO6465,chr16,62034304,62036772,2468
HO6466,chr16,65120767,65124062,3295
HO6467,chr16,66406270,66407282,1012
HO6468,chr16,66426351,66428352,2001
HO6469,chr16,66482234,66483165,931
HO6470,chr16,66549200,66550290,1090
HO6471,chr16,66551880,66552906,1026
HO6472,chr16,66603648,66605705,2057
HO6473,chr16,66616462,66618172,1710
HO6474,chr16,66695609,66697429,1820
HO6475,chr16,66750478,66752060,1582
HO6476,chr16,66830346,66831188,842
HO6477,chr16,66872691,66873666,975
HO6478,chr16,66879815,66881294,1479
HO6479,chr16,66924704,66925940,1236
HO6480,chr16,66933894,66935739,1845
HO6481,chr16,66947035,66949286,2251
HO6482,chr16,67000042,67001352,1310
HO6483,chr16,67013012,67014798,1786
HO6484,chr16,67028403,67030219,1816
HO6485,chr16,67108992,67110430,1438
HO6486,chr16,67149333,67151384,2051
HO6487,chr16,67155162,67155711,549
HO6488,chr16,67159049,67160225,1176
HO6489,chr16,67169465,67171206,1741
HO6490,chr16,67173762,67174653,891
HO6491,chr16,67183337,67184683,1346
HO6492,chr16,67185205,67185942,737
HO6493,chr16,67191739,67192671,932
HO6494,chr16,67226343,67227488,1145
HO6495,chr16,67245690,67247800,2110
HO6496,chr16,67248306,67249235,929
HO6497,chr16,67278664,67279836,1172
HO6498,chr16,67393023,67395303,2280
HO6499,chr16,67415744,67416811,1067
HO6500,chr16,67430440,67431801,1361
HO6501,chr16,67480152,67482329,2177
HO6502,chr16,67488665,67490070,1405
HO6503,chr16,67520861,67521833,972
HO6504,chr16,67528214,67530736,2522
HO6505,chr16,67536863,67538598,1735
HO6506,chr16,67561512,67563923,2411
HO6507,chr16,67652553,67654061,1508
HO6508,chr16,67659585,67661592,2007
HO6509,chr16,67665991,67668286,2295
HO6510,chr16,67718571,67720210,1639
HO6511,chr16,67805861,67807381,1520
HO6512,chr16,67833008,67834292,1284
HO6513,chr16,67841335,67843436,2101
HO6514,chr16,67846286,67847923,1637
HO6515,chr16,67872366,67873845,1479
HO6516,chr16,67892545,67894092,1547
HO6517,chr16,67934865,67937063,2198
HO6518,chr16,67967149,67969853,2704
HO6519,chr16,67992788,67994067,1279
HO6520,chr16,68022363,68023825,1462
HO6521,chr16,68084004,68086102,2098
HO6522,chr16,68236685,68238112,1427
HO6523,chr16,68244364,68245691,1327
HO6524,chr16,68263773,68265786,2013
HO6525,chr16,68310229,68311581,1352
HO6526,chr16,68447887,68449027,1140
HO6527,chr16,68520252,68521035,783
HO6528,chr16,68529634,68530693,1059
HO6529,chr16,68538586,68540195,1609
HO6530,chr16,68643883,68646366,2483
HO6531,chr16,68737014,68738685,1671
HO6532,chr16,68843107,68844349,1242
HO6533,chr16,69105238,69107961,2723
HO6534,chr16,69131138,69133063,1925
HO6535,chr16,69186480,69188465,1985
HO6536,chr16,69310623,69312187,1564
HO6537,chr16,69329624,69331083,1459
HO6538,chr16,69338821,69340389,1568
HO6539,chr16,69385138,69386213,1075
HO6540,chr16,69423934,69425180,1246
HO6541,chr16,69565209,69567455,2246
HO6542,chr16,69725998,69727087,1089
HO6543,chr16,69754107,69755225,1118
HO6544,chr16,69761849,69763437,1588
HO6545,chr16,70064689,70066457,1768
HO6546,chr16,70113854,70115144,1290
HO6547,chr16,70250791,70252232,1441
HO6548,chr16,70288290,70289951,1661
HO6549,chr16,70298509,70299974,1465
HO6550,chr16,70346152,70347378,1226
HO6551,chr16,70380179,70382015,1836
HO6552,chr16,70427780,70429233,1453
HO6553,chr16,70436932,70438305,1373
HO6554,chr16,70438488,70439772,1284
HO6555,chr16,70453853,70454987,1134
HO6556,chr16,70522949,70524808,1859
HO6557,chr16,70685065,70686750,1685
HO6558,chr16,70714663,70716552,1889
HO6559,chr16,70770487,70771508,1021
HO6560,chr16,70778573,70779476,903
HO6561,chr16,70800381,70801527,1146
HO6562,chr16,71229900,71231001,1101
HO6563,chr16,71288532,71289985,1453
HO6564,chr16,71425738,71427210,1472
HO6565,chr16,71461525,71462544,1019
HO6566,chr16,71483906,71484842,936
HO6567,chr16,71564181,71565760,1579
HO6568,chr16,71722648,71724326,1678
HO6569,chr16,71807940,71809851,1911
HO6570,chr16,71845107,71846765,1658
HO6571,chr16,71883001,71884796,1795
HO6572,chr16,71894059,71896250,2191
HO6573,chr16,72008121,72009118,997
HO6574,chr16,72092810,72094450,1640
HO6575,chr16,72240625,72241420,795
HO6576,chr16,72664186,72665444,1258
HO6577,chr16,72787130,72788714,1584
HO6578,chr16,72931096,72932785,1689
HO6579,chr16,73037293,73038419,1126
HO6580,chr16,73047243,73048765,1522
HO6581,chr16,73057294,73059443,2149
HO6582,chr16,73070345,73071829,1484
HO6583,chr16,73095103,73096469,1366
HO6584,chr16,74296097,74297657,1560
HO6585,chr16,74367297,74368513,1216
HO6586,chr16,74606036,74607528,1492
HO6587,chr16,74666314,74667634,1320
HO6588,chr16,74774097,74775216,1119
HO6589,chr16,74812817,74813527,710
HO6590,chr16,74984349,74985492,1143
HO6591,chr16,74998006,75001007,3001
HO6592,chr16,75110546,75112563,2017
HO6593,chr16,75148122,75149241,1119
HO6594,chr16,75237753,75239163,1410
HO6595,chr16,75250256,75252128,1872
HO6596,chr16,75264201,75266375,2174
HO6597,chr16,75432670,75434443,1773
HO6598,chr16,75463380,75465042,1662
HO6599,chr16,75516143,75517775,1632
HO6600,chr16,75555073,75556530,1457
HO6601,chr16,75565711,75567174,1463
HO6602,chr16,75622565,75623656,1091
HO6603,chr16,75647220,75649028,1808
HO6604,chr16,77190145,77191837,1692
HO6605,chr16,77211939,77213437,1498
HO6606,chr16,77434355,77435385,1030
HO6607,chr16,77721925,77723395,1470
HO6608,chr16,77787970,77789128,1158
HO6609,chr16,78045563,78046353,790
HO6610,chr16,78098837,78100261,1424
HO6611,chr16,79598476,79601662,3186
HO6612,chr16,79770053,79770950,897
HO6613,chr16,80540270,80541493,1223
HO6614,chr16,80803183,80805270,2087
HO6615,chr16,80931619,80933078,1459
HO6616,chr16,81006173,81007875,1702
HO6617,chr16,81035383,81036778,1395
HO6618,chr16,81076373,81077704,1331
HO6619,chr16,81095520,81096834,1314
HO6620,chr16,81180455,81181783,1328
HO6621,chr16,81314187,81315939,1752
HO6622,chr16,81444011,81445787,1776
HO6623,chr16,81634301,81635159,858
HO6624,chr16,81729974,81731093,1119
HO6625,chr16,81778792,81779990,1198
HO6626,chr16,81784003,81785135,1132
HO6627,chr16,82169659,82170848,1189
HO6628,chr16,82626725,82628207,1482
HO6629,chr16,83807278,83808946,1668
HO6630,chr16,83898258,83900200,1942
HO6631,chr16,83952772,83954326,1554
HO6632,chr16,83967909,83969158,1249
HO6633,chr16,84115941,84117768,1827
HO6634,chr16,84143780,84145621,1841
HO6635,chr16,84186320,84187288,968
HO6636,chr16,84503890,84505343,1453
HO6637,chr16,84617177,84619095,1918
HO6638,chr16,84647526,84649714,2188
HO6639,chr16,84699266,84701160,1894
HO6640,chr16,84819336,84821046,1710
HO6641,chr16,85010414,85012149,1735
HO6642,chr16,85027101,85028295,1194
HO6643,chr16,85168620,85170312,1692
HO6644,chr16,85234375,85236180,1805
HO6645,chr16,85334772,85335630,858
HO6646,chr16,85395227,85396866,1639
HO6647,chr16,85435901,85437757,1856
HO6648,chr16,85444782,85445792,1010
HO6649,chr16,85459643,85463137,3494
HO6650,chr16,85471960,85475769,3809
HO6651,chr16,85553169,85556087,2918
HO6652,chr16,85610290,85611042,752
HO6653,chr16,85612736,85613660,924
HO6654,chr16,85615826,85617103,1277
HO6655,chr16,85625773,85628418,2645
HO6656,chr16,85649896,85653415,3519
HO6657,chr16,85673574,85674866,1292
HO6658,chr16,85688453,85689512,1059
HO6659,chr16,85749860,85751385,1525
HO6660,chr16,85798807,85800576,1769
HO6661,chr16,85898337,85899374,1037
HO6662,chr16,86198250,86198946,696
HO6663,chr16,86509123,86511075,1952
HO6664,chr16,86554680,86555605,925
HO6665,chr16,86563419,86564164,745
HO6666,chr16,86566590,86568609,2019
HO6667,chr16,86575478,86576533,1055
HO6668,chr16,87316789,87318432,1643
HO6669,chr16,87382623,87384599,1976
HO6670,chr16,87388025,87388786,761
HO6671,chr16,87391454,87393502,2048
HO6672,chr16,87491717,87494069,2352
HO6673,chr16,87721368,87723773,2405
HO6674,chr16,87765036,87766704,1668
HO6675,chr16,87852897,87855006,2109
HO6676,chr16,87868239,87869820,1581
HO6677,chr16,87870431,87871865,1434
HO6678,chr16,87950467,87952080,1613
HO6679,chr16,88281899,88283289,1390
HO6680,chr16,88382573,88384358,1785
HO6681,chr16,88452337,88454043,1706
HO6682,chr16,88454171,88456349,2178
HO6683,chr16,88472373,88474365,1992
HO6684,chr16,88533128,88534983,1855
HO6685,chr16,88569595,88571040,1445
HO6686,chr16,88633528,88635161,1633
HO6687,chr16,88649234,88651802,2568
HO6688,chr16,88662204,88664140,1936
HO6689,chr16,88685953,88687006,1053
HO6690,chr16,88705175,88706952,1777
HO6691,chr16,88737144,88737883,739
HO6692,chr16,88770371,88771317,946
HO6693,chr16,88784004,88785894,1890
HO6694,chr16,88802207,88804049,1842
HO6695,chr16,88810951,88812806,1855
HO6696,chr16,88856217,88858032,1815
HO6697,chr16,88880277,88881677,1400
HO6698,chr16,88939912,88942175,2263
HO6699,chr16,89171039,89171857,818
HO6700,chr16,89200464,89202211,1747
HO6701,chr16,89216144,89218169,2025
HO6702,chr16,89240485,89241924,1439
HO6703,chr16,89246803,89247990,1187
HO6704,chr16,89256454,89257713,1259
HO6705,chr16,89319844,89321543,1699
HO6706,chr16,89489067,89489715,648
HO6707,chr16,89489888,89491276,1388
HO6708,chr16,89507441,89509197,1756
HO6709,chr16,89559903,89561293,1390
HO6710,chr16,89565151,89566476,1325
HO6711,chr16,89601930,89603100,1170
HO6712,chr16,89640406,89641497,1091
HO6713,chr16,89656920,89658562,1642
HO6714,chr16,89686031,89687748,1717
HO6715,chr16,89699858,89702324,2466
HO6716,chr16,89710907,89712786,1879
HO6717,chr16,89720212,89722491,2279
HO6718,chr16,89815784,89817150,1366
HO6719,chr16,89827512,89829195,1683
HO6720,chr16,89872919,89874724,1805
HO6721,chr16,89917701,89918910,1209
HO6722,chr16,89922773,89923575,802
HO6723,chr16,89923911,89924900,989
HO6724,chr16,89925637,89926619,982
HO6725,chr16,89947732,89948877,1145
HO6726,chr16,89971958,89973213,1255
HO6727,chr16,90018297,90020068,1771
HO6728,chr16,90022127,90023456,1329
HO6729,chr16,90046334,90048705,2371
HO6730,chr16,90077026,90078033,1007
HO6731,chr16,90081736,90082843,1107
HO6732,chr17,143602,144305,703
HO6733,chr17,179983,181948,1965
HO6734,chr17,193794,194965,1171
HO6735,chr17,384585,386465,1880
HO6736,chr17,409541,411230,1689
HO6737,chr17,714019,716019,2000
HO6738,chr17,731732,733513,1781
HO6739,chr17,751207,753001,1794
HO6740,chr17,781422,782866,1444
HO6741,chr17,789794,791330,1536
HO6742,chr17,978036,980517,2481
HO6743,chr17,996379,997595,1216
HO6744,chr17,1030794,1032159,1365
HO6745,chr17,1077571,1079506,1935
HO6746,chr17,1108044,1109871,1827
HO6747,chr17,1178639,1180678,2039
HO6748,chr17,1186791,1187537,746
HO6749,chr17,1227831,1230063,2232
HO6750,chr17,1258935,1260713,1778
HO6751,chr17,1267433,1268819,1386
HO6752,chr17,1398782,1400579,1797
HO6753,chr17,1454976,1456682,1706
HO6754,chr17,1471822,1472592,770
HO6755,chr17,1484682,1486291,1609
HO6756,chr17,1487871,1488545,674
HO6757,chr17,1490957,1491941,984
HO6758,chr17,1515408,1517249,1841
HO6759,chr17,1561613,1563107,1494
HO6760,chr17,1573865,1575317,1452
HO6761,chr17,1627757,1629543,1786
HO6762,chr17,1648210,1650297,2087
HO6763,chr17,1684000,1685193,1193
HO6764,chr17,1709512,1710911,1399
HO6765,chr17,1714320,1717798,3478
HO6766,chr17,1724186,1725371,1185
HO6767,chr17,1729873,1731321,1448
HO6768,chr17,1761814,1763871,2057
HO6769,chr17,1829155,1830610,1455
HO6770,chr17,1907831,1909126,1295
HO6771,chr17,2024888,2026269,1381
HO6772,chr17,2029575,2030966,1391
HO6773,chr17,2041068,2042815,1747
HO6774,chr17,2049430,2050882,1452
HO6775,chr17,2054379,2055432,1053
HO6776,chr17,2056559,2058034,1475
HO6777,chr17,2074730,2077251,2521
HO6778,chr17,2302798,2304250,1452
HO6779,chr17,2335905,2338269,2364
HO6780,chr17,2392266,2394105,1839
HO6781,chr17,2396613,2397171,558
HO6782,chr17,2399438,2400345,907
HO6783,chr17,2400570,2402232,1662
HO6784,chr17,2510982,2512314,1332
HO6785,chr17,2592901,2595227,2326
HO6786,chr17,2710660,2712685,2025
HO6787,chr17,2749141,2750134,993
HO6788,chr17,2776066,2777767,1701
HO6789,chr17,2784702,2786784,2082
HO6790,chr17,2852779,2854848,2069
HO6791,chr17,3003441,3004796,1355
HO6792,chr17,3048331,3049540,1209
HO6793,chr17,3534838,3536193,1355
HO6794,chr17,3635467,3637227,1760
HO6795,chr17,3667283,3669235,1952
HO6796,chr17,3694647,3696435,1788
HO6797,chr17,3722927,3724561,1634
HO6798,chr17,3754391,3755567,1176
HO6799,chr17,3845296,3846593,1297
HO6800,chr17,3891942,3893604,1662
HO6801,chr17,3944352,3945408,1056
HO6802,chr17,4003581,4005165,1584
HO6803,chr17,4142334,4144291,1957
HO6804,chr17,4263019,4264370,1351
HO6805,chr17,4364958,4367030,2072
HO6806,chr17,4439926,4441435,1509
HO6807,chr17,4498274,4499397,1123
HO6808,chr17,4535620,4537321,1701
HO6809,chr17,4554711,4555839,1128
HO6810,chr17,4583780,4585658,1878
HO6811,chr17,4598990,4601015,2025
HO6812,chr17,4606910,4608224,1314
HO6813,chr17,4703602,4704536,934
HO6814,chr17,4709324,4711034,1710
HO6815,chr17,4730609,4732041,1432
HO6816,chr17,4738406,4740176,1770
HO6817,chr17,4788879,4790727,1848
HO6818,chr17,4795551,4796903,1352
HO6819,chr17,4806473,4807811,1338
HO6820,chr17,4832761,4834602,1841
HO6821,chr17,4898700,4899799,1099
HO6822,chr17,4900462,4901202,740
HO6823,chr17,4939249,4940919,1670
HO6824,chr17,4947223,4950392,3169
HO6825,chr17,4966298,4968826,2528
HO6826,chr17,4986089,4988452,2363
HO6827,chr17,4996734,4998877,2143
HO6828,chr17,5077747,5079020,1273
HO6829,chr17,5096779,5097943,1164
HO6830,chr17,5110867,5112375,1508
HO6831,chr17,5122303,5123568,1265
HO6832,chr17,5191220,5192245,1025
HO6833,chr17,5281549,5283007,1458
HO6834,chr17,5418848,5420649,1801
HO6835,chr17,5438478,5439631,1153
HO6836,chr17,5467535,5469251,1716
HO6837,chr17,5485438,5487022,1584
HO6838,chr17,5499642,5501391,1749
HO6839,chr17,6069833,6071439,1606
HO6840,chr17,6443440,6444751,1311
HO6841,chr17,6555121,6556956,1835
HO6842,chr17,6639347,6641679,2332
HO6843,chr17,6650710,6652546,1836
HO6844,chr17,6712978,6714112,1134
HO6845,chr17,6831045,6832173,1128
HO6846,chr17,6995455,6997019,1564
HO6847,chr17,7012176,7012885,709
HO6848,chr17,7014134,7015769,1635
HO6849,chr17,7021798,7024103,2305
HO6850,chr17,7034933,7036710,1777
HO6851,chr17,7041704,7044147,2443
HO6852,chr17,7045797,7047415,1618
HO6853,chr17,7176621,7178423,1802
HO6854,chr17,7204439,7205630,1191
HO6855,chr17,7213766,7215317,1551
HO6856,chr17,7219496,7221157,1661
HO6857,chr17,7233795,7234787,992
HO6858,chr17,7237692,7238434,742
HO6859,chr17,7239150,7239974,824
HO6860,chr17,7241773,7243308,1535
HO6861,chr17,7251013,7252864,1851
HO6862,chr17,7280399,7282640,2241
HO6863,chr17,7293857,7295160,1303
HO6864,chr17,7296049,7296729,680
HO6865,chr17,7306591,7309215,2624
HO6866,chr17,7314614,7315733,1119
HO6867,chr17,7328798,7330605,1807
HO6868,chr17,7349735,7350525,790
HO6869,chr17,7351005,7352563,1558
HO6870,chr17,7383515,7384581,1066
HO6871,chr17,7393113,7395249,2136
HO6872,chr17,7403189,7405923,2734
HO6873,chr17,7434939,7436191,1252
HO6874,chr17,7436511,7437311,800
HO6875,chr17,7439997,7441513,1516
HO6876,chr17,7455191,7456576,1385
HO6877,chr17,7477422,7479972,2550
HO6878,chr17,7483233,7485116,1883
HO6879,chr17,7548444,7549644,1200
HO6880,chr17,7560419,7562411,1992
HO6881,chr17,7572024,7574056,2032
HO6882,chr17,7582770,7584440,1670
HO6883,chr17,7588920,7589689,769
HO6884,chr17,7613822,7615577,1755
HO6885,chr17,7626229,7628232,2003
HO6886,chr17,7650133,7651118,985
HO6887,chr17,7651355,7652340,985
HO6888,chr17,7685622,7686847,1225
HO6889,chr17,7687116,7688805,1689
HO6890,chr17,7703286,7704486,1200
HO6891,chr17,7704652,7706222,1570
HO6892,chr17,7716439,7718306,1867
HO6893,chr17,7833710,7834316,606
HO6894,chr17,7834520,7837146,2626
HO6895,chr17,7841396,7845092,3696
HO6896,chr17,7851341,7852103,762
HO6897,chr17,7856651,7858708,2057
HO6898,chr17,7884733,7888397,3664
HO6899,chr17,7914938,7916529,1591
HO6900,chr17,7922228,7923375,1147
HO6901,chr17,7931412,7933282,1870
HO6902,chr17,7989767,7990639,872
HO6903,chr17,8015752,8017577,1825
HO6904,chr17,8079203,8080600,1397
HO6905,chr17,8118377,8119344,967
HO6906,chr17,8119543,8120746,1203
HO6907,chr17,8125386,8127410,2024
HO6908,chr17,8138034,8139688,1654
HO6909,chr17,8150855,8152704,1849
HO6910,chr17,8154029,8154805,776
HO6911,chr17,8156071,8157010,939
HO6912,chr17,8162037,8164893,2856
HO6913,chr17,8172650,8174183,1533
HO6914,chr17,8175692,8176865,1173
HO6915,chr17,8185853,8188050,2197
HO6916,chr17,8189553,8190462,909
HO6917,chr17,8192003,8192562,559
HO6918,chr17,8199710,8200693,983
HO6919,chr17,8209850,8211037,1187
HO6920,chr17,8220623,8223664,3041
HO6921,chr17,8226102,8227143,1041
HO6922,chr17,8247032,8249592,2560
HO6923,chr17,8288089,8289349,1260
HO6924,chr17,8294854,8295921,1067
HO6925,chr17,8326227,8327593,1366
HO6926,chr17,8375522,8377609,2087
HO6927,chr17,8382634,8384068,1434
HO6928,chr17,8435215,8436864,1649
HO6929,chr17,8629303,8631679,2376
HO6930,chr17,8696959,8699281,2322
HO6931,chr17,8745396,8746536,1140
HO6932,chr17,9020727,9023450,2723
HO6933,chr17,9239330,9241651,2321
HO6934,chr17,9575234,9577447,2213
HO6935,chr17,9644403,9646344,1941
HO6936,chr17,10197357,10199197,1840
HO6937,chr17,10696943,10698351,1408
HO6938,chr17,10728996,10730470,1474
HO6939,chr17,10843465,10845458,1993
HO6940,chr17,11239954,11241813,1859
HO6941,chr17,11522314,11523797,1483
HO6942,chr17,11598019,11599279,1260
HO6943,chr17,11607854,11609727,1873
HO6944,chr17,11996614,11998054,1440
HO6945,chr17,12020279,12021905,1626
HO6946,chr17,12789116,12790377,1261
HO6947,chr17,13017209,13018640,1431
HO6948,chr17,13600356,13602587,2231
HO6949,chr17,14068871,14070040,1169
HO6950,chr17,14300452,14301903,1451
HO6951,chr17,14302126,14302872,746
HO6952,chr17,14308770,14309891,1121
HO6953,chr17,15260334,15263595,3261
HO6954,chr17,15340969,15341966,997
HO6955,chr17,15650661,15652050,1389
HO6956,chr17,15653909,15655060,1151
HO6957,chr17,15699038,15699908,870
HO6958,chr17,15944290,15946157,1867
HO6959,chr17,15998512,16000531,2019
HO6960,chr17,16214482,16216193,1711
HO6961,chr17,16216940,16217561,621
HO6962,chr17,16352042,16353820,1778
HO6963,chr17,16380354,16381595,1241
HO6964,chr17,16386294,16387381,1087
HO6965,chr17,16406820,16408599,1779
HO6966,chr17,16438230,16439730,1500
HO6967,chr17,16490850,16492876,2026
HO6968,chr17,16535152,16537175,2023
HO6969,chr17,16568424,16569552,1128
HO6970,chr17,16583902,16584703,801
HO6971,chr17,16588922,16589685,763
HO6972,chr17,16652723,16654165,1442
HO6973,chr17,16666580,16667643,1063
HO6974,chr17,17041747,17044137,2390
HO6975,chr17,17205229,17207348,2119
HO6976,chr17,17236213,17237874,1661
HO6977,chr17,17280250,17281676,1426
HO6978,chr17,17302903,17303981,1078
HO6979,chr17,17494560,17497153,2593
HO6980,chr17,17590222,17592421,2199
HO6981,chr17,17662973,17663724,751
HO6982,chr17,17681022,17683594,2572
HO6983,chr17,17693132,17695444,2312
HO6984,chr17,17722160,17725463,3303
HO6985,chr17,17740700,17742003,1303
HO6986,chr17,17751809,17753286,1477
HO6987,chr17,17780968,17784393,3425
HO6988,chr17,17791884,17793249,1365
HO6989,chr17,17809601,17810932,1331
HO6990,chr17,17811354,17812965,1611
HO6991,chr17,17823146,17825611,2465
HO6992,chr17,17835771,17837295,1524
HO6993,chr17,17839793,17840747,954
HO6994,chr17,17900389,17901664,1275
HO6995,chr17,17913785,17914652,867
HO6996,chr17,17971213,17973113,1900
HO6997,chr17,18038445,18040148,1703
HO6998,chr17,18087308,18088502,1194
HO6999,chr17,18153289,18154225,936
HO7000,chr17,18157867,18158669,802
HO7001,chr17,18182126,18185063,2937
HO7002,chr17,18224136,18226513,2377
HO7003,chr17,18246790,18248768,1978
HO7004,chr17,18257280,18259042,1762
HO7005,chr17,18260123,18261190,1067
HO7006,chr17,18313983,18315852,1869
HO7007,chr17,18362474,18363808,1334
HO7008,chr17,18780643,18781570,927
HO7009,chr17,18855726,18856486,760
HO7010,chr17,18857631,18858653,1022
HO7011,chr17,19003405,19005125,1720
HO7012,chr17,19110798,19112367,1569
HO7013,chr17,19237006,19238462,1456
HO7014,chr17,19316583,19317949,1366
HO7015,chr17,19362045,19363239,1194
HO7016,chr17,19376931,19379048,2117
HO7017,chr17,19386320,19388197,1877
HO7018,chr17,19507063,19508544,1481
HO7019,chr17,19533297,19534675,1378
HO7020,chr17,19647699,19649325,1626
HO7021,chr17,19744452,19745424,972
HO7022,chr17,19866525,19868300,1775
HO7023,chr17,19977182,19978498,1316
HO7024,chr17,19992634,19993275,641
HO7025,chr17,20008423,20010577,2154
HO7026,chr17,20155507,20157082,1575
HO7027,chr17,20704704,20705633,929
HO7028,chr17,20843335,20844369,1034
HO7029,chr17,20851545,20853061,1516
HO7030,chr17,20907737,20908939,1202
HO7031,chr17,21041807,21043897,2090
HO7032,chr17,21098698,21100044,1346
HO7033,chr17,21126515,21127635,1120
HO7034,chr17,21213344,21215412,2068
HO7035,chr17,21252590,21253837,1247
HO7036,chr17,21275034,21276360,1326
HO7037,chr17,21283864,21285186,1322
HO7038,chr17,21375730,21377635,1905
HO7039,chr17,21456759,21458187,1428
HO7040,chr17,21510984,21512286,1302
HO7041,chr17,21550845,21551933,1088
HO7042,chr17,27293237,27295447,2210
HO7043,chr17,27332115,27333475,1360
HO7044,chr17,27345173,27345752,579
HO7045,chr17,27348742,27349895,1153
HO7046,chr17,27353346,27354326,980
HO7047,chr17,27455703,27457380,1677
HO7048,chr17,27792982,27794291,1309
HO7049,chr17,27892516,27893641,1125
HO7050,chr17,28040776,28042213,1437
HO7051,chr17,28227106,28228523,1417
HO7052,chr17,28251101,28251961,860
HO7053,chr17,28317947,28319715,1768
HO7054,chr17,28334830,28336782,1952
HO7055,chr17,28356749,28357950,1201
HO7056,chr17,28370948,28372559,1611
HO7057,chr17,28404648,28406642,1994
HO7058,chr17,28551694,28553081,1387
HO7059,chr17,28570620,28571870,1250
HO7060,chr17,28576550,28577405,855
HO7061,chr17,28598404,28600064,1660
HO7062,chr17,28643977,28645633,1656
HO7063,chr17,28661438,28662753,1315
HO7064,chr17,28710379,28712551,2172
HO7065,chr17,28716958,28718603,1645
HO7066,chr17,28719131,28720356,1225
HO7067,chr17,28725703,28727507,1804
HO7068,chr17,28727877,28729217,1340
HO7069,chr17,28743064,28744597,1533
HO7070,chr17,28744852,28746051,1199
HO7071,chr17,28749921,28750411,490
HO7072,chr17,28811564,28813174,1610
HO7073,chr17,28841877,28843117,1240
HO7074,chr17,28854225,28855355,1130
HO7075,chr17,28896514,28897904,1390
HO7076,chr17,28902259,28903367,1108
HO7077,chr17,28948978,28949857,879
HO7078,chr17,28950824,28952720,1896
HO7079,chr17,29005369,29006264,895
HO7080,chr17,29019212,29020253,1041
HO7081,chr17,29148363,29149257,894
HO7082,chr17,29176371,29177190,819
HO7083,chr17,29178964,29180643,1679
HO7084,chr17,29292243,29294586,2343
HO7085,chr17,29369614,29370468,854
HO7086,chr17,29389833,29391682,1849
HO7087,chr17,29566101,29569186,3085
HO7088,chr17,29572228,29573314,1086
HO7089,chr17,29588576,29589894,1318
HO7090,chr17,29590999,29592182,1183
HO7091,chr17,29612866,29613762,896
HO7092,chr17,29615134,29616218,1084
HO7093,chr17,29622198,29623283,1085
HO7094,chr17,29760207,29761810,1603
HO7095,chr17,29929043,29930634,1591
HO7096,chr17,30116273,30117609,1336
HO7097,chr17,30234933,30236298,1365
HO7098,chr17,30290899,30292727,1828
HO7099,chr17,30378200,30379966,1766
HO7100,chr17,30476707,30478080,1373
HO7101,chr17,30599586,30601469,1883
HO7102,chr17,30707675,30709554,1879
HO7103,chr17,30730781,30732144,1363
HO7104,chr17,30823956,30825053,1097
HO7105,chr17,30831182,30832494,1312
HO7106,chr17,30905588,30906984,1396
HO7107,chr17,30921387,30923127,1740
HO7108,chr17,30970043,30971577,1534
HO7109,chr17,31008069,31009331,1262
HO7110,chr17,31094287,31096254,1967
HO7111,chr17,31487320,31489164,1844
HO7112,chr17,31548775,31550700,1925
HO7113,chr17,31558531,31560386,1855
HO7114,chr17,31858337,31859674,1337
HO7115,chr17,31900968,31902090,1122
HO7116,chr17,31936259,31937524,1265
HO7117,chr17,32006676,32008446,1770
HO7118,chr17,32127016,32127917,901
HO7119,chr17,32141076,32143351,2275
HO7120,chr17,32264913,32267082,2169
HO7121,chr17,32340935,32342507,1572
HO7122,chr17,32349398,32350995,1597
HO7123,chr17,32443843,32445438,1595
HO7124,chr17,32486000,32487771,1771
HO7125,chr17,32518652,32520511,1859
HO7126,chr17,32875861,32877677,1816
HO7127,chr17,32927424,32929554,2130
HO7128,chr17,32935661,32937504,1843
HO7129,chr17,33291096,33293496,2400
HO7130,chr17,34578911,34579995,1084
HO7131,chr17,34615826,34616683,857
HO7132,chr17,34637282,34638585,1303
HO7133,chr17,34960756,34961931,1175
HO7134,chr17,34979757,34981417,1660
HO7135,chr17,35087969,35090009,2040
HO7136,chr17,35119125,35120145,1020
HO7137,chr17,35141561,35142521,960
HO7138,chr17,35242099,35244120,2021
HO7139,chr17,35431904,35433908,2004
HO7140,chr17,35447380,35449869,2489
HO7141,chr17,35567330,35568774,1444
HO7142,chr17,35577723,35579057,1334
HO7143,chr17,35586766,35588001,1235
HO7144,chr17,35731179,35732580,1401
HO7145,chr17,35763852,35764932,1080
HO7146,chr17,35794739,35795890,1151
HO7147,chr17,35808719,35810134,1415
HO7148,chr17,35930104,35931074,970
HO7149,chr17,36463654,36464348,694
HO7150,chr17,36482592,36483362,770
HO7151,chr17,36486061,36487212,1151
HO7152,chr17,36533999,36535841,1842
HO7153,chr17,36543958,36546019,2061
HO7154,chr17,36591215,36593186,1971
HO7155,chr17,36600935,36602419,1484
HO7156,chr17,36641092,36642339,1247
HO7157,chr17,36703624,36704513,889
HO7158,chr17,36948282,36949583,1301
HO7159,chr17,37358163,37360304,2141
HO7160,chr17,37406047,37407581,1534
HO7161,chr17,37488784,37490482,1698
HO7162,chr17,37608283,37609942,1659
HO7163,chr17,37642367,37644230,1863
HO7164,chr17,37741838,37744684,2846
HO7165,chr17,38255808,38257681,1873
HO7166,chr17,38296445,38297353,908
HO7167,chr17,38351358,38353098,1740
HO7168,chr17,38414526,38415045,519
HO7169,chr17,38427874,38429667,1793
HO7170,chr17,38452936,38454900,1964
HO7171,chr17,38464129,38465894,1765
HO7172,chr17,38509190,38511725,2535
HO7173,chr17,38557843,38558695,852
HO7174,chr17,38558782,38559769,987
HO7175,chr17,38571735,38573226,1491
HO7176,chr17,38600820,38601295,475
HO7177,chr17,38601458,38602373,915
HO7178,chr17,38605393,38606694,1301
HO7179,chr17,38673477,38675230,1753
HO7180,chr17,38701871,38702737,866
HO7181,chr17,38704542,38706756,2214
HO7182,chr17,38729717,38731194,1477
HO7183,chr17,38747998,38748609,611
HO7184,chr17,38748952,38750275,1323
HO7185,chr17,38751744,38753101,1357
HO7186,chr17,38798724,38800523,1799
HO7187,chr17,38824621,38825768,1147
HO7188,chr17,38852726,38854239,1513
HO7189,chr17,38868808,38871055,2247
HO7190,chr17,38881401,38882293,892
HO7191,chr17,39056474,39057352,878
HO7192,chr17,39152548,39154674,2126
HO7193,chr17,39164547,39165879,1332
HO7194,chr17,39196532,39198029,1497
HO7195,chr17,39199648,39200664,1016
HO7196,chr17,39208945,39210516,1571
HO7197,chr17,39223339,39226231,2892
HO7198,chr17,39243876,39245263,1387
HO7199,chr17,39334353,39336014,1661
HO7200,chr17,39400357,39402790,2433
HO7201,chr17,39450617,39451554,937
HO7202,chr17,39460854,39462411,1557
HO7203,chr17,39563092,39564600,1508
HO7204,chr17,39573227,39574302,1075
HO7205,chr17,39636585,39637801,1216
HO7206,chr17,39667377,39668701,1324
HO7207,chr17,39687355,39689100,1745
HO7208,chr17,39699631,39701057,1426
HO7209,chr17,39729852,39730961,1109
HO7210,chr17,39737374,39740858,3484
HO7211,chr17,39753623,39755409,1786
HO7212,chr17,39926571,39928362,1791
HO7213,chr17,39952375,39953683,1308
HO7214,chr17,39979868,39981494,1626
HO7215,chr17,40053760,40054864,1104
HO7216,chr17,40062310,40064452,2142
HO7217,chr17,40068360,40070360,2000
HO7218,chr17,40089012,40090653,1641
HO7219,chr17,40098859,40099707,848
HO7220,chr17,40100160,40101217,1057
HO7221,chr17,40106525,40108552,2027
HO7222,chr17,40111116,40112023,907
HO7223,chr17,40112731,40113804,1073
HO7224,chr17,40120961,40123812,2851
HO7225,chr17,40139404,40141009,1605
HO7226,chr17,40176986,40178655,1669
HO7227,chr17,40218499,40220056,1557
HO7228,chr17,40287228,40288489,1261
HO7229,chr17,40317499,40318724,1225
HO7230,chr17,40340991,40342401,1410
HO7231,chr17,40344843,40345963,1120
HO7232,chr17,40350079,40351863,1784
HO7233,chr17,40362369,40363837,1468
HO7234,chr17,40417144,40418530,1386
HO7235,chr17,40442724,40445047,2323
HO7236,chr17,40541678,40543826,2148
HO7237,chr17,40560023,40560658,635
HO7238,chr17,40647258,40648985,1727
HO7239,chr17,40818417,40819783,1366
HO7240,chr17,41526937,41528592,1655
HO7241,chr17,41548514,41549582,1068
HO7242,chr17,41647437,41648998,1561
HO7243,chr17,41665434,41667298,1864
HO7244,chr17,41687924,41689716,1792
HO7245,chr17,41691748,41692445,697
HO7246,chr17,41705073,41706446,1373
HO7247,chr17,41733755,41735157,1402
HO7248,chr17,41785032,41787151,2119
HO7249,chr17,41792509,41794650,2141
HO7250,chr17,41800519,41801932,1413
HO7251,chr17,41811180,41813287,2107
HO7252,chr17,41835302,41836613,1311
HO7253,chr17,41864265,41865721,1456
HO7254,chr17,41917218,41920278,3060
HO7255,chr17,41929752,41931040,1288
HO7256,chr17,41965651,41967888,2237
HO7257,chr17,42016082,42018095,2013
HO7258,chr17,42019693,42020263,570
HO7259,chr17,42049883,42051129,1246
HO7260,chr17,42087039,42088719,1680
HO7261,chr17,42107443,42109002,1559
HO7262,chr17,42120712,42121700,988
HO7263,chr17,42153963,42155844,1881
HO7264,chr17,42183697,42184965,1268
HO7265,chr17,42275354,42277371,2017
HO7266,chr17,42287924,42289751,1827
HO7267,chr17,42311032,42313188,2156
HO7268,chr17,42386827,42389250,2423
HO7269,chr17,42421407,42423582,2175
HO7270,chr17,42458125,42460203,2078
HO7271,chr17,42518396,42520767,2371
HO7272,chr17,42535646,42537211,1565
HO7273,chr17,42547838,42548882,1044
HO7274,chr17,42552944,42555259,2315
HO7275,chr17,42561570,42562648,1078
HO7276,chr17,42566467,42567981,1514
HO7277,chr17,42577197,42578733,1536
HO7278,chr17,42608701,42610151,1450
HO7279,chr17,42658762,42659900,1138
HO7280,chr17,42669212,42671528,2316
HO7281,chr17,42676024,42677431,1407
HO7282,chr17,42677788,42678618,830
HO7283,chr17,42679484,42680279,795
HO7284,chr17,42743965,42745342,1377
HO7285,chr17,42760546,42761742,1196
HO7286,chr17,42772882,42773999,1117
HO7287,chr17,42779668,42781135,1467
HO7288,chr17,42798060,42798969,909
HO7289,chr17,42823582,42824590,1008
HO7290,chr17,42832662,42834037,1375
HO7291,chr17,42963944,42965017,1073
HO7292,chr17,42979767,42981508,1741
HO7293,chr17,42997578,42999002,1424
HO7294,chr17,43020987,43022558,1571
HO7295,chr17,43024244,43025517,1273
HO7296,chr17,43124327,43126340,2013
HO7297,chr17,43168813,43171606,2793
HO7298,chr17,43211255,43212934,1679
HO7299,chr17,43314789,43317006,2217
HO7300,chr17,43359725,43362191,2466
HO7301,chr17,43367495,43369503,2008
HO7302,chr17,43387948,43389677,1729
HO7303,chr17,43398409,43399451,1042
HO7304,chr17,43406675,43407716,1041
HO7305,chr17,43483172,43484628,1456
HO7306,chr17,43529959,43531236,1277
HO7307,chr17,43545195,43546867,1672
HO7308,chr17,43694080,43694786,706
HO7309,chr17,43720119,43721219,1100
HO7310,chr17,43754762,43755837,1075
HO7311,chr17,43777916,43779462,1546
HO7312,chr17,43832202,43833847,1645
HO7313,chr17,43878313,43879172,859
HO7314,chr17,43900000,43901232,1232
HO7315,chr17,43905960,43908549,2589
HO7316,chr17,44005814,44007794,1980
HO7317,chr17,44013764,44015289,1525
HO7318,chr17,44065600,44066852,1252
HO7319,chr17,44070074,44071308,1234
HO7320,chr17,44086268,44087619,1351
HO7321,chr17,44095306,44096397,1091
HO7322,chr17,44110786,44111632,846
HO7323,chr17,44122770,44124254,1484
HO7324,chr17,44137905,44138555,650
HO7325,chr17,44141415,44142711,1296
HO7326,chr17,44168210,44168765,555
HO7327,chr17,44185968,44187447,1479
HO7328,chr17,44198287,44200879,2592
HO7329,chr17,44218232,44220422,2190
HO7330,chr17,44220612,44222789,2177
HO7331,chr17,44307570,44309157,1587
HO7332,chr17,44323974,44325859,1885
HO7333,chr17,44326532,44327157,625
HO7334,chr17,44344750,44346077,1327
HO7335,chr17,44353361,44355119,1758
HO7336,chr17,44361349,44364078,2729
HO7337,chr17,44384399,44386471,2072
HO7338,chr17,44502567,44503977,1410
HO7339,chr17,44533324,44534169,845
HO7340,chr17,44556159,44558483,2324
HO7341,chr17,44626750,44629380,2630
HO7342,chr17,44689008,44690511,1503
HO7343,chr17,44708032,44709396,1364
HO7344,chr17,44758028,44759978,1950
HO7345,chr17,44774618,44776229,1611
HO7346,chr17,44778916,44779638,722
HO7347,chr17,44829184,44830830,1646
HO7348,chr17,44898742,44900166,1424
HO7349,chr17,44946996,44948365,1369
HO7350,chr17,44967626,44969522,1896
HO7351,chr17,45018470,45019620,1150
HO7352,chr17,45021512,45022282,770
HO7353,chr17,45050344,45051777,1433
HO7354,chr17,45060347,45061729,1382
HO7355,chr17,45127520,45128199,679
HO7356,chr17,45131885,45133472,1587
HO7357,chr17,45135247,45135953,706
HO7358,chr17,45147156,45150258,3102
HO7359,chr17,45160501,45162097,1596
HO7360,chr17,45171336,45173230,1894
HO7361,chr17,45197256,45198257,1001
HO7362,chr17,45240963,45242119,1156
HO7363,chr17,45246783,45248446,1663
HO7364,chr17,45261449,45263735,2286
HO7365,chr17,45316184,45317804,1620
HO7366,chr17,45371067,45372215,1148
HO7367,chr17,45394803,45395967,1164
HO7368,chr17,45425123,45426100,977
HO7369,chr17,45430730,45432558,1828
HO7370,chr17,45583374,45583826,452
HO7371,chr17,45583908,45585472,1564
HO7372,chr17,45783061,45785572,2511
HO7373,chr17,45893834,45895007,1173
HO7374,chr17,46192331,46194303,1972
HO7375,chr17,46224784,46225735,951
HO7376,chr17,46266036,46267874,1838
HO7377,chr17,46770714,46772926,2212
HO7378,chr17,46850855,46852382,1527
HO7379,chr17,46922369,46923668,1299
HO7380,chr17,46978257,46979617,1360
HO7381,chr17,47066819,47067691,872
HO7382,chr17,47099444,47100732,1288
HO7383,chr17,47188159,47189760,1601
HO7384,chr17,47253413,47254453,1040
HO7385,chr17,47323309,47325019,1710
HO7386,chr17,47423184,47424408,1224
HO7387,chr17,47492207,47492998,791
HO7388,chr17,47530445,47531293,848
HO7389,chr17,47648837,47650913,2076
HO7390,chr17,47693001,47695872,2871
HO7391,chr17,47732767,47734377,1610
HO7392,chr17,47821055,47822412,1357
HO7393,chr17,47830686,47832267,1581
HO7394,chr17,47840564,47841700,1136
HO7395,chr17,47850396,47851584,1188
HO7396,chr17,47877186,47878562,1376
HO7397,chr17,47895132,47896910,1778
HO7398,chr17,47940938,47942014,1076
HO7399,chr17,47970332,47971522,1190
HO7400,chr17,48011195,48012948,1753
HO7401,chr17,48023335,48024348,1013
HO7402,chr17,48024585,48025848,1263
HO7403,chr17,48026121,48026852,731
HO7404,chr17,48036714,48038155,1441
HO7405,chr17,48047533,48049196,1663
HO7406,chr17,48053313,48055085,1772
HO7407,chr17,48100211,48101943,1732
HO7408,chr17,48106954,48108039,1085
HO7409,chr17,48593067,48594860,1793
HO7410,chr17,48609933,48611525,1592
HO7411,chr17,48624907,48626935,2028
HO7412,chr17,48816453,48817527,1074
HO7413,chr17,48830580,48831669,1089
HO7414,chr17,48891914,48893237,1323
HO7415,chr17,48907737,48909333,1596
HO7416,chr17,48943884,48945229,1345
HO7417,chr17,48995338,48998722,3384
HO7418,chr17,49003256,49004406,1150
HO7419,chr17,49012750,49014797,2047
HO7420,chr17,49191653,49193379,1726
HO7421,chr17,49193573,49194365,792
HO7422,chr17,49223217,49225041,1824
HO7423,chr17,49229839,49231256,1417
HO7424,chr17,49360894,49362732,1838
HO7425,chr17,49414245,49415482,1237
HO7426,chr17,49469825,49471652,1827
HO7427,chr17,49494815,49496791,1976
HO7428,chr17,49569633,49570652,1019
HO7429,chr17,49575414,49577180,1766
HO7430,chr17,49677121,49678463,1342
HO7431,chr17,49707277,49708520,1243
HO7432,chr17,49763101,49764755,1654
HO7433,chr17,49787804,49789494,1690
HO7434,chr17,49850635,49852110,1475
HO7435,chr17,49968371,49969315,944
HO7436,chr17,49993217,49993971,754
HO7437,chr17,49996426,49997250,824
HO7438,chr17,50026673,50028743,2070
HO7439,chr17,50055048,50057292,2244
HO7440,chr17,50094080,50096136,2056
HO7441,chr17,50100916,50102517,1601
HO7442,chr17,50117024,50117962,938
HO7443,chr17,50128562,50130624,2062
HO7444,chr17,50150751,50151396,645
HO7445,chr17,50151537,50152486,949
HO7446,chr17,50160714,50161948,1234
HO7447,chr17,50177724,50178733,1009
HO7448,chr17,50199638,50201878,2240
HO7449,chr17,50209347,50211074,1727
HO7450,chr17,50263345,50264783,1438
HO7451,chr17,50265783,50267818,2035
HO7452,chr17,50345212,50347211,1999
HO7453,chr17,50372300,50373420,1120
HO7454,chr17,50396250,50397823,1573
HO7455,chr17,50425350,50427624,2274
HO7456,chr17,50478194,50479767,1573
HO7457,chr17,50503628,50504407,779
HO7458,chr17,50507775,50508943,1168
HO7459,chr17,50532242,50534568,2326
HO7460,chr17,50541521,50542750,1229
HO7461,chr17,50546878,50547533,655
HO7462,chr17,50559791,50561062,1271
HO7463,chr17,50706891,50708320,1429
HO7464,chr17,50718977,50720147,1170
HO7465,chr17,50865026,50868063,3037
HO7466,chr17,50918933,50920101,1168
HO7467,chr17,50930859,50931960,1101
HO7468,chr17,50943250,50945076,1826
HO7469,chr17,51045655,51047271,1616
HO7470,chr17,51119484,51121518,2034
HO7471,chr17,51121637,51122101,464
HO7472,chr17,51152769,51154352,1583
HO7473,chr17,51165349,51167362,2013
HO7474,chr17,51258814,51261248,2434
HO7475,chr17,54899679,54901593,1914
HO7476,chr17,54967574,54969466,1892
HO7477,chr17,55237819,55239154,1335
HO7478,chr17,55263746,55265312,1566
HO7479,chr17,55420651,55422338,1687
HO7480,chr17,55750538,55751736,1198
HO7481,chr17,56592387,56594759,2372
HO7482,chr17,56678080,56679492,1412
HO7483,chr17,56779739,56780767,1028
HO7484,chr17,56833018,56835142,2124
HO7485,chr17,56913233,56914878,1645
HO7486,chr17,56960372,56961289,917
HO7487,chr17,56977618,56979167,1549
HO7488,chr17,57084507,57086632,2125
HO7489,chr17,57255490,57257084,1594
HO7490,chr17,57284409,57286025,1616
HO7491,chr17,57440076,57442884,2808
HO7492,chr17,57527488,57529260,1772
HO7493,chr17,57604545,57605952,1407
HO7494,chr17,57662497,57663577,1080
HO7495,chr17,57849528,57850693,1165
HO7496,chr17,57860726,57862359,1633
HO7497,chr17,57874254,57875755,1501
HO7498,chr17,57935011,57936536,1525
HO7499,chr17,57954177,57955961,1784
HO7500,chr17,57986768,57989326,2558
HO7501,chr17,58006294,58008072,1778
HO7502,chr17,58082383,58084921,2538
HO7503,chr17,58218415,58219623,1208
HO7504,chr17,58249015,58250113,1098
HO7505,chr17,58323945,58325619,1674
HO7506,chr17,58351636,58353242,1606
HO7507,chr17,58390919,58392078,1159
HO7508,chr17,58416572,58417952,1380
HO7509,chr17,58487239,58488603,1364
HO7510,chr17,58513279,58514831,1552
HO7511,chr17,58517391,58518931,1540
HO7512,chr17,58531291,58532654,1363
HO7513,chr17,58630924,58632812,1888
HO7514,chr17,58658011,58659705,1694
HO7515,chr17,58691667,58693335,1668
HO7516,chr17,58755191,58757066,1875
HO7517,chr17,59105944,59107372,1428
HO7518,chr17,59153590,59155927,2337
HO7519,chr17,59209246,59210563,1317
HO7520,chr17,59219895,59221408,1513
HO7521,chr17,59331089,59333226,2137
HO7522,chr17,59365274,59367442,2168
HO7523,chr17,59565107,59566347,1240
HO7524,chr17,59618757,59620937,2180
HO7525,chr17,59706775,59708361,1586
HO7526,chr17,59837051,59838380,1329
HO7527,chr17,59892207,59893942,1735
HO7528,chr17,59963500,59965346,1846
HO7529,chr17,60077729,60079694,1965
HO7530,chr17,60134546,60135885,1339
HO7531,chr17,60139417,60140130,713
HO7532,chr17,60149398,60151221,1823
HO7533,chr17,60390916,60393237,2321
HO7534,chr17,60421019,60422491,1472
HO7535,chr17,60524565,60526591,2026
HO7536,chr17,60599256,60601477,2221
HO7537,chr17,60676852,60678373,1521
HO7538,chr17,61149517,61150461,944
HO7539,chr17,61160354,61161283,929
HO7540,chr17,61395930,61397886,1956
HO7541,chr17,61399017,61400630,1613
HO7542,chr17,61409309,61410009,700
HO7543,chr17,61410517,61412969,2452
HO7544,chr17,61416518,61417182,664
HO7545,chr17,61809537,61810970,1433
HO7546,chr17,61862779,61864062,1283
HO7547,chr17,61926670,61928235,1565
HO7548,chr17,62064062,62066244,2182
HO7549,chr17,62423334,62424507,1173
HO7550,chr17,62477610,62479911,2301
HO7551,chr17,62626648,62629481,2833
HO7552,chr17,62652030,62654602,2572
HO7553,chr17,62703290,62704851,1561
HO7554,chr17,62807586,62808910,1324
HO7555,chr17,62819488,62822422,2934
HO7556,chr17,62965459,62967033,1574
HO7557,chr17,63445501,63447516,2015
HO7558,chr17,63476260,63477952,1692
HO7559,chr17,63522586,63523586,1000
HO7560,chr17,63537799,63538670,871
HO7561,chr17,63549670,63551540,1870
HO7562,chr17,63600317,63601734,1417
HO7563,chr17,63621494,63623377,1883
HO7564,chr17,63698788,63701403,2615
HO7565,chr17,63740848,63743171,2323
HO7566,chr17,63772755,63774722,1967
HO7567,chr17,63826288,63827887,1599
HO7568,chr17,63841372,63843951,2579
HO7569,chr17,63848654,63849649,995
HO7570,chr17,63997434,63998993,1559
HO7571,chr17,64129220,64131013,1793
HO7572,chr17,64144932,64146855,1923
HO7573,chr17,64262136,64263748,1612
HO7574,chr17,64496120,64497929,1809
HO7575,chr17,64504964,64507776,2812
HO7576,chr17,64660965,64662819,1854
HO7577,chr17,64776483,64777405,922
HO7578,chr17,64780141,64781718,1577
HO7579,chr17,64836298,64838041,1743
HO7580,chr17,64918736,64920375,1639
HO7581,chr17,64974768,64976311,1543
HO7582,chr17,65055397,65057268,1871
HO7583,chr17,65099979,65101282,1303
HO7584,chr17,65122727,65123640,913
HO7585,chr17,65136740,65137741,1001
HO7586,chr17,65559663,65562150,2487
HO7587,chr17,66190732,66192608,1876
HO7588,chr17,66301809,66303746,1937
HO7589,chr17,66338000,66339375,1375
HO7590,chr17,66963629,66966221,2592
HO7591,chr17,67244236,67246921,2685
HO7592,chr17,67365485,67366863,1378
HO7593,chr17,67376672,67379187,2515
HO7594,chr17,67528515,67529428,913
HO7595,chr17,67717178,67718686,1508
HO7596,chr17,67824667,67826607,1940
HO7597,chr17,67992667,67994298,1631
HO7598,chr17,68019417,68020669,1252
HO7599,chr17,68035053,68036393,1340
HO7600,chr17,68100903,68102658,1755
HO7601,chr17,68204765,68206516,1751
HO7602,chr17,68247203,68248580,1377
HO7603,chr17,68289823,68292678,2855
HO7604,chr17,68456188,68458225,2037
HO7605,chr17,68511230,68513312,2082
HO7606,chr17,68599586,68601486,1900
HO7607,chr17,68820527,68822556,2029
HO7608,chr17,69326037,69327864,1827
HO7609,chr17,70167928,70170067,2139
HO7610,chr17,72029823,72030959,1136
HO7611,chr17,72119907,72122126,2219
HO7612,chr17,72341973,72343453,1480
HO7613,chr17,72591312,72593015,1703
HO7614,chr17,73091552,73093044,1492
HO7615,chr17,73164199,73166357,2158
HO7616,chr17,73191360,73193648,2288
HO7617,chr17,73231396,73233204,1808
HO7618,chr17,73278028,73279247,1219
HO7619,chr17,73304392,73305554,1162
HO7620,chr17,73309743,73312553,2810
HO7621,chr17,73341417,73344056,2639
HO7622,chr17,73492047,73493517,1470
HO7623,chr17,73642903,73645790,2887
HO7624,chr17,73901371,73903219,1848
HO7625,chr17,73951828,73953210,1382
HO7626,chr17,74203149,74204345,1196
HO7627,chr17,74212104,74214390,2286
HO7628,chr17,74356618,74357675,1057
HO7629,chr17,74379243,74380571,1328
HO7630,chr17,74430214,74432788,2574
HO7631,chr17,74453323,74455137,1814
HO7632,chr17,74513784,74515131,1347
HO7633,chr17,74736183,74738742,2559
HO7634,chr17,74748120,74750132,2012
HO7635,chr17,74762834,74764879,2045
HO7636,chr17,74775729,74776904,1175
HO7637,chr17,74842032,74843415,1383
HO7638,chr17,74851951,74852981,1030
HO7639,chr17,74872508,74873749,1241
HO7640,chr17,74971652,74973153,1501
HO7641,chr17,74981462,74982917,1455
HO7642,chr17,74987143,74989338,2195
HO7643,chr17,75010933,75013335,2402
HO7644,chr17,75033416,75035471,2055
HO7645,chr17,75046320,75048126,1806
HO7646,chr17,75077047,75078297,1250
HO7647,chr17,75087306,75088633,1327
HO7648,chr17,75109125,75110573,1448
HO7649,chr17,75113844,75114614,770
HO7650,chr17,75130570,75132054,1484
HO7651,chr17,75152922,75154900,1978
HO7652,chr17,75181688,75183363,1675
HO7653,chr17,75204720,75206007,1287
HO7654,chr17,75260812,75262462,1650
HO7655,chr17,75270003,75272022,2019
HO7656,chr17,75288708,75290324,1616
HO7657,chr17,75393248,75394623,1375
HO7658,chr17,75403969,75406242,2273
HO7659,chr17,75455908,75457617,1709
HO7660,chr17,75474923,75477358,2435
HO7661,chr17,75514832,75517217,2385
HO7662,chr17,75524657,75526514,1857
HO7663,chr17,75587623,75589714,2091
HO7664,chr17,75632738,75634490,1752
HO7665,chr17,75666705,75667714,1009
HO7666,chr17,75720597,75721714,1117
HO7667,chr17,75763962,75765583,1621
HO7668,chr17,75775804,75776292,488
HO7669,chr17,75778693,75780168,1475
HO7670,chr17,75784132,75785931,1799
HO7671,chr17,75843490,75845598,2108
HO7672,chr17,75854262,75856508,2246
HO7673,chr17,75872478,75873252,774
HO7674,chr17,75876781,75879483,2702
HO7675,chr17,75896014,75897365,1351
HO7676,chr17,75904145,75905398,1253
HO7677,chr17,75909490,75911000,1510
HO7678,chr17,75940374,75941574,1200
HO7679,chr17,75978418,75980092,1674
HO7680,chr17,76071868,76073091,1223
HO7681,chr17,76102837,76104378,1541
HO7682,chr17,76121136,76123103,1967
HO7683,chr17,76140924,76142374,1450
HO7684,chr17,76239310,76241405,2095
HO7685,chr17,76264603,76266634,2031
HO7686,chr17,76271493,76273041,1548
HO7687,chr17,76352781,76354543,1762
HO7688,chr17,76382775,76384910,2135
HO7689,chr17,76452074,76453576,1502
HO7690,chr17,76500830,76501943,1113
HO7691,chr17,76537155,76538246,1091
HO7692,chr17,76540412,76541178,766
HO7693,chr17,76543590,76545135,1545
HO7694,chr17,76546001,76547673,1672
HO7695,chr17,76556831,76558785,1954
HO7696,chr17,76584508,76586441,1933
HO7697,chr17,76639695,76640507,812
HO7698,chr17,76640677,76641373,696
HO7699,chr17,76670918,76672248,1330
HO7700,chr17,76700336,76701889,1553
HO7701,chr17,76708883,76710612,1729
HO7702,chr17,76710817,76711643,826
HO7703,chr17,76725623,76727363,1740
HO7704,chr17,76736175,76738344,2169
HO7705,chr17,76867587,76868998,1411
HO7706,chr17,76968608,76970271,1663
HO7707,chr17,77088190,77089624,1434
HO7708,chr17,77140098,77141703,1605
HO7709,chr17,77246559,77247577,1018
HO7710,chr17,77280202,77281874,1672
HO7711,chr17,77372372,77374911,2539
HO7712,chr17,77375498,77376320,822
HO7713,chr17,77382282,77383398,1116
HO7714,chr17,77449709,77452389,2680
HO7715,chr17,77465303,77467785,2482
HO7716,chr17,77479616,77482207,2591
HO7717,chr17,77528196,77529422,1226
HO7718,chr17,77542013,77543473,1460
HO7719,chr17,77696087,77697328,1241
HO7720,chr17,77734182,77736526,2344
HO7721,chr17,77887301,77888623,1322
HO7722,chr17,77957431,77959799,2368
HO7723,chr17,78127049,78129305,2256
HO7724,chr17,78143939,78145801,1862
HO7725,chr17,78168042,78169876,1834
HO7726,chr17,78186376,78187635,1259
HO7727,chr17,78213251,78214693,1442
HO7728,chr17,78250627,78251266,639
HO7729,chr17,78254061,78254793,732
HO7730,chr17,78272240,78273099,859
HO7731,chr17,78313567,78314559,992
HO7732,chr17,78341507,78343448,1941
HO7733,chr17,78352430,78353716,1286
HO7734,chr17,78358577,78361072,2495
HO7735,chr17,78378007,78379172,1165
HO7736,chr17,78722954,78724060,1106
HO7737,chr17,78781128,78782901,1773
HO7738,chr17,78839669,78841587,1918
HO7739,chr17,78879263,78880300,1037
HO7740,chr17,78922939,78926338,3399
HO7741,chr17,78933452,78934878,1426
HO7742,chr17,78946618,78947973,1355
HO7743,chr17,79008964,79010345,1381
HO7744,chr17,79023788,79024821,1033
HO7745,chr17,79026492,79028243,1751
HO7746,chr17,79074323,79075728,1405
HO7747,chr17,79182433,79184177,1744
HO7748,chr17,79741297,79742268,971
HO7749,chr17,79776932,79779575,2643
HO7750,chr17,79792911,79794222,1311
HO7751,chr17,79796554,79798149,1595
HO7752,chr17,79809922,79810674,752
HO7753,chr17,79831276,79833132,1856
HO7754,chr17,79838247,79839976,1729
HO7755,chr17,79859959,79860865,906
HO7756,chr17,79950413,79953272,2859
HO7757,chr17,79977527,79979687,2160
HO7758,chr17,79991163,79992824,1661
HO7759,chr17,80034809,80037344,2535
HO7760,chr17,80100960,80102583,1623
HO7761,chr17,80104124,80104871,747
HO7762,chr17,80146085,80148128,2043
HO7763,chr17,80219245,80221148,1903
HO7764,chr17,80259810,80260569,759
HO7765,chr17,80414190,80415838,1648
HO7766,chr17,80454182,80455534,1352
HO7767,chr17,80544283,80545586,1303
HO7768,chr17,80832332,80834783,2451
HO7769,chr17,80980985,80982456,1471
HO7770,chr17,80991397,80992677,1280
HO7771,chr17,81034002,81036022,2020
HO7772,chr17,81049464,81050558,1094
HO7773,chr17,81094571,81096001,1430
HO7774,chr17,81096669,81097673,1004
HO7775,chr17,81101345,81102114,769
HO7776,chr17,81119198,81120405,1207
HO7777,chr17,81164303,81166580,2277
HO7778,chr17,81221717,81223842,2125
HO7779,chr17,81238225,81240148,1923
HO7780,chr17,81294479,81296352,1873
HO7781,chr17,81328513,81329960,1447
HO7782,chr17,81345318,81346713,1395
HO7783,chr17,81385336,81387690,2354
HO7784,chr17,81393560,81394403,843
HO7785,chr17,81394823,81395540,717
HO7786,chr17,81418852,81420555,1703
HO7787,chr17,81428777,81430544,1767
HO7788,chr17,81480258,81481786,1528
HO7789,chr17,81483900,81484714,814
HO7790,chr17,81487543,81488563,1020
HO7791,chr17,81507985,81509525,1540
HO7792,chr17,81512314,81515433,3119
HO7793,chr17,81518442,81519734,1292
HO7794,chr17,81536227,81538232,2005
HO7795,chr17,81551411,81554206,2795
HO7796,chr17,81636011,81637485,1474
HO7797,chr17,81665748,81667218,1470
HO7798,chr17,81682856,81684444,1588
HO7799,chr17,81702423,81703885,1462
HO7800,chr17,81711323,81714002,2679
HO7801,chr17,81832152,81833921,1769
HO7802,chr17,81859518,81861658,2140
HO7803,chr17,81870136,81872307,2171
HO7804,chr17,81890814,81892158,1344
HO7805,chr17,81901606,81902818,1212
HO7806,chr17,81910267,81911932,1665
HO7807,chr17,81917505,81918513,1008
HO7808,chr17,81926253,81928705,2452
HO7809,chr17,81936767,81937743,976
HO7810,chr17,81959373,81960050,677
HO7811,chr17,81966374,81968348,1974
HO7812,chr17,81976535,81978235,1700
HO7813,chr17,82022372,82023874,1502
HO7814,chr17,82030153,82032334,2181
HO7815,chr17,82036841,82037970,1129
HO7816,chr17,82050830,82052716,1886
HO7817,chr17,82097148,82099326,2178
HO7818,chr17,82173732,82174949,1217
HO7819,chr17,82212132,82213772,1640
HO7820,chr17,82230470,82232249,1779
HO7821,chr17,82235801,82236770,969
HO7822,chr17,82240917,82242548,1631
HO7823,chr17,82272444,82274342,1898
HO7824,chr17,82292285,82293858,1573
HO7825,chr17,82330117,82330973,856
HO7826,chr17,82417836,82418981,1145
HO7827,chr17,82450105,82451100,995
HO7828,chr17,82457612,82459438,1826
HO7829,chr17,82494136,82495253,1117
HO7830,chr17,82496671,82498020,1349
HO7831,chr17,82518954,82520813,1859
HO7832,chr17,82592331,82593933,1602
HO7833,chr17,82647086,82649212,2126
HO7834,chr17,82696897,82699305,2408
HO7835,chr17,82715952,82717368,1416
HO7836,chr17,82734970,82736063,1093
HO7837,chr17,82751099,82752943,1844
HO7838,chr17,82754512,82755194,682
HO7839,chr17,82962746,82963604,858
HO7840,chr17,83050955,83052419,1464
HO7841,chr17,83078853,83081923,3070
HO7842,chr17,83099229,83100618,1389
HO7843,chr18,157966,159531,1565
HO7844,chr18,267256,268960,1704
HO7845,chr18,361795,362974,1179
HO7846,chr18,499053,501343,2290
HO7847,chr18,596149,597436,1287
HO7848,chr18,657078,658995,1917
HO7849,chr18,692430,694316,1886
HO7850,chr18,711327,713378,2051
HO7851,chr18,811341,813458,2117
HO7852,chr18,2570570,2572040,1470
HO7853,chr18,2654581,2657031,2450
HO7854,chr18,2846034,2848340,2306
HO7855,chr18,2905880,2907473,1593
HO7856,chr18,3012216,3013679,1463
HO7857,chr18,3245657,3248320,2663
HO7858,chr18,3261209,3263138,1929
HO7859,chr18,3296418,3297774,1356
HO7860,chr18,3447460,3448575,1115
HO7861,chr18,3449068,3450811,1743
HO7862,chr18,3451143,3451872,729
HO7863,chr18,3498629,3500275,1646
HO7864,chr18,3593211,3596129,2918
HO7865,chr18,3602463,3604170,1707
HO7866,chr18,3653516,3655114,1598
HO7867,chr18,3665326,3666649,1323
HO7868,chr18,3712496,3713929,1433
HO7869,chr18,3770762,3771975,1213
HO7870,chr18,3790404,3791484,1080
HO7871,chr18,4453683,4455774,2091
HO7872,chr18,5196212,5197445,1233
HO7873,chr18,5237060,5238818,1758
HO7874,chr18,5294347,5297097,2750
HO7875,chr18,5542486,5544287,1801
HO7876,chr18,5628237,5631046,2809
HO7877,chr18,5889989,5891372,1383
HO7878,chr18,5894082,5896425,2343
HO7879,chr18,6413654,6415382,1728
HO7880,chr18,6728594,6730172,1578
HO7881,chr18,7115858,7118320,2462
HO7882,chr18,7566458,7568827,2369
HO7883,chr18,8608290,8610733,2443
HO7884,chr18,8704008,8706178,2170
HO7885,chr18,9101664,9103342,1678
HO7886,chr18,9135764,9137927,2163
HO7887,chr18,9333703,9335367,1664
HO7888,chr18,9474310,9476625,2315
HO7889,chr18,9613466,9615348,1882
HO7890,chr18,9707384,9709884,2500
HO7891,chr18,9876551,9877689,1138
HO7892,chr18,9913237,9915315,2078
HO7893,chr18,10131381,10132496,1115
HO7894,chr18,10453536,10455473,1937
HO7895,chr18,10525528,10526914,1386
HO7896,chr18,11148158,11149952,1794
HO7897,chr18,11688739,11690312,1573
HO7898,chr18,11751075,11752896,1821
HO7899,chr18,11849716,11852209,2493
HO7900,chr18,11907663,11909212,1549
HO7901,chr18,11946819,11948137,1318
HO7902,chr18,11980209,11982229,2020
HO7903,chr18,12038134,12039356,1222
HO7904,chr18,12253090,12254722,1632
HO7905,chr18,12271154,12272282,1128
HO7906,chr18,12287161,12288571,1410
HO7907,chr18,12307154,12309108,1954
HO7908,chr18,12376104,12378044,1940
HO7909,chr18,12407447,12408762,1315
HO7910,chr18,12419701,12421376,1675
HO7911,chr18,12656685,12658815,2130
HO7912,chr18,12701731,12703339,1608
HO7913,chr18,12882967,12884668,1701
HO7914,chr18,12910936,12912666,1730
HO7915,chr18,12946702,12948756,2054
HO7916,chr18,12990211,12991883,1672
HO7917,chr18,12996521,12998349,1828
HO7918,chr18,13136256,13138288,2032
HO7919,chr18,13216801,13218925,2124
HO7920,chr18,13641113,13642413,1300
HO7921,chr18,13725621,13727381,1760
HO7922,chr18,14131842,14132754,912
HO7923,chr18,21110441,21112462,2021
HO7924,chr18,21241229,21243429,2200
HO7925,chr18,21599038,21601255,2217
HO7926,chr18,21611685,21612815,1130
HO7927,chr18,21703376,21705135,1759
HO7928,chr18,21740046,21742169,2123
HO7929,chr18,22025955,22027381,1426
HO7930,chr18,22168786,22172036,3250
HO7931,chr18,22193073,22194582,1509
HO7932,chr18,22347995,22349968,1973
HO7933,chr18,22558875,22560444,1569
HO7934,chr18,22932720,22934141,1421
HO7935,chr18,23134753,23137127,2374
HO7936,chr18,23436869,23438123,1254
HO7937,chr18,23452676,23454085,1409
HO7938,chr18,23502583,23504175,1592
HO7939,chr18,23585235,23587172,1937
HO7940,chr18,23618767,23619923,1156
HO7941,chr18,23688965,23690600,1635
HO7942,chr18,24013870,24015589,1719
HO7943,chr18,24138388,24139713,1325
HO7944,chr18,24270548,24272431,1883
HO7945,chr18,24396762,24398201,1439
HO7946,chr18,24426103,24427485,1382
HO7947,chr18,24560314,24561021,707
HO7948,chr18,25349129,25351222,2093
HO7949,chr18,25351595,25352614,1019
HO7950,chr18,26089273,26091422,2149
HO7951,chr18,26225950,26227328,1378
HO7952,chr18,26547407,26550196,2789
HO7953,chr18,26655361,26657576,2215
HO7954,chr18,27183750,27185654,1904
HO7955,chr18,28175065,28178582,3517
HO7956,chr18,30113190,30114115,925
HO7957,chr18,31040993,31043191,2198
HO7958,chr18,31100565,31102616,2051
HO7959,chr18,31497434,31499118,1684
HO7960,chr18,31684117,31686049,1932
HO7961,chr18,31942083,31943902,1819
HO7962,chr18,32017996,32019864,1868
HO7963,chr18,32091484,32093510,2026
HO7964,chr18,32157710,32158604,894
HO7965,chr18,32469722,32471471,1749
HO7966,chr18,32770612,32772564,1952
HO7967,chr18,33439938,33441140,1202
HO7968,chr18,33577452,33579626,2174
HO7969,chr18,34158501,34159816,1315
HO7970,chr18,34224229,34225313,1084
HO7971,chr18,34492692,34494638,1946
HO7972,chr18,34976612,34978509,1897
HO7973,chr18,35040815,35042930,2115
HO7974,chr18,35240007,35241474,1467
HO7975,chr18,35266900,35268136,1236
HO7976,chr18,35289389,35290827,1438
HO7977,chr18,35343526,35344812,1286
HO7978,chr18,35376363,35377514,1151
HO7979,chr18,35496886,35498194,1308
HO7980,chr18,35580698,35582306,1608
HO7981,chr18,35729912,35731253,1341
HO7982,chr18,35949283,35950730,1447
HO7983,chr18,35971764,35973027,1263
HO7984,chr18,36066680,36067911,1231
HO7985,chr18,36128323,36130293,1970
HO7986,chr18,36186568,36188657,2089
HO7987,chr18,36296417,36298760,2343
HO7988,chr18,36381827,36383245,1418
HO7989,chr18,36828054,36829834,1780
HO7990,chr18,37253273,37254786,1513
HO7991,chr18,37299001,37300128,1127
HO7992,chr18,37393847,37394790,943
HO7993,chr18,37484871,37485775,904
HO7994,chr18,37564657,37567819,3162
HO7995,chr18,39840349,39842511,2162
HO7996,chr18,41954614,41955914,1300
HO7997,chr18,44678936,44681306,2370
HO7998,chr18,45966574,45967775,1201
HO7999,chr18,46070712,46072629,1917
HO8000,chr18,46096671,46098801,2130
HO8001,chr18,46103801,46105105,1304
HO8002,chr18,46152309,46153957,1648
HO8003,chr18,46173169,46175030,1861
HO8004,chr18,46332826,46335248,2422
HO8005,chr18,46754706,46758194,3488
HO8006,chr18,46916449,46918412,1963
HO8007,chr18,46946244,46947332,1088
HO8008,chr18,47149337,47151082,1745
HO8009,chr18,47175309,47176552,1243
HO8010,chr18,47748679,47749557,878
HO8011,chr18,47798339,47800051,1712
HO8012,chr18,47929789,47931929,2140
HO8013,chr18,48007628,48008739,1111
HO8014,chr18,48023132,48024131,999
HO8015,chr18,48036360,48038582,2222
HO8016,chr18,48099248,48101231,1983
HO8017,chr18,48135866,48137288,1422
HO8018,chr18,48161002,48162743,1741
HO8019,chr18,48408614,48410868,2254
HO8020,chr18,48538371,48541608,3237
HO8021,chr18,48779974,48781950,1976
HO8022,chr18,48827290,48829872,2582
HO8023,chr18,48841162,48843285,2123
HO8024,chr18,48951353,48953094,1741
HO8025,chr18,48974288,48976590,2302
HO8026,chr18,49459802,49461135,1333
HO8027,chr18,49486466,49487606,1140
HO8028,chr18,49491683,49492697,1014
HO8029,chr18,49560375,49562788,2413
HO8030,chr18,49812524,49814561,2037
HO8031,chr18,50193341,50195460,2119
HO8032,chr18,50265817,50266814,997
HO8033,chr18,50280888,50282211,1323
HO8034,chr18,50286559,50288410,1851
HO8035,chr18,50306913,50308502,1589
HO8036,chr18,50374400,50375453,1053
HO8037,chr18,50400199,50402376,2177
HO8038,chr18,50559083,50561282,2199
HO8039,chr18,50819138,50820345,1207
HO8040,chr18,50878286,50880311,2025
HO8041,chr18,50967451,50968729,1278
HO8042,chr18,51029505,51031297,1792
HO8043,chr18,51196448,51198491,2043
HO8044,chr18,54223215,54225096,1881
HO8045,chr18,54268932,54270614,1682
HO8046,chr18,54357003,54359029,2026
HO8047,chr18,54530782,54532295,1513
HO8048,chr18,54827992,54829187,1195
HO8049,chr18,54958008,54959652,1644
HO8050,chr18,55198985,55200285,1300
HO8051,chr18,55320950,55322811,1861
HO8052,chr18,55587054,55589059,2005
HO8053,chr18,55589597,55590312,715
HO8054,chr18,55779219,55780728,1509
HO8055,chr18,56637345,56639180,1835
HO8056,chr18,56650572,56652165,1593
HO8057,chr18,57352240,57354381,2141
HO8058,chr18,57434641,57435935,1294
HO8059,chr18,57585440,57587183,1743
HO8060,chr18,57621109,57622336,1227
HO8061,chr18,57629602,57630795,1193
HO8062,chr18,57801678,57803891,2213
HO8063,chr18,58043381,58046099,2718
HO8064,chr18,58670666,58672348,1682
HO8065,chr18,58862717,58865084,2367
HO8066,chr18,59139217,59140633,1416
HO8067,chr18,59219690,59221550,1860
HO8068,chr18,59268636,59269689,1053
HO8069,chr18,59272873,59274469,1596
HO8070,chr18,59308076,59309170,1094
HO8071,chr18,59357919,59359828,1909
HO8072,chr18,59402138,59402837,699
HO8073,chr18,59696184,59697917,1733
HO8074,chr18,59899039,59901094,2055
HO8075,chr18,61333119,61334693,1574
HO8076,chr18,61892761,61895046,2285
HO8077,chr18,62186260,62188315,2055
HO8078,chr18,62324141,62326351,2210
HO8079,chr18,62522236,62524954,2718
HO8080,chr18,62526159,62526985,826
HO8081,chr18,62595934,62597584,1650
HO8082,chr18,62610296,62612452,2156
HO8083,chr18,62714639,62717194,2555
HO8084,chr18,63271572,63273843,2271
HO8085,chr18,63290166,63291799,1633
HO8086,chr18,63317723,63318613,890
HO8087,chr18,63319398,63321071,1673
HO8088,chr18,63365974,63368026,2052
HO8089,chr18,63421664,63423177,1513
HO8090,chr18,63969775,63971421,1646
HO8091,chr18,65749928,65751828,1900
HO8092,chr18,67515651,67517639,1988
HO8093,chr18,68714292,68715530,1238
HO8094,chr18,68943490,68944560,1070
HO8095,chr18,69400037,69402267,2230
HO8096,chr18,70205153,70206426,1273
HO8097,chr18,70288200,70289993,1793
HO8098,chr18,72541606,72544612,3006
HO8099,chr18,72866659,72869390,2731
HO8100,chr18,74147129,74148718,1589
HO8101,chr18,74290615,74292569,1954
HO8102,chr18,74495529,74496991,1462
HO8103,chr18,74596854,74598929,2075
HO8104,chr18,75203564,75205145,1581
HO8105,chr18,75208165,75209927,1762
HO8106,chr18,75210462,75212391,1929
HO8107,chr18,75455009,75456662,1653
HO8108,chr18,75915795,75916943,1148
HO8109,chr18,76450472,76452639,2167
HO8110,chr18,76490695,76493383,2688
HO8111,chr18,76494211,76495882,1671
HO8112,chr18,76496067,76496510,443
HO8113,chr18,76524957,76525737,780
HO8114,chr18,76528384,76529842,1458
HO8115,chr18,76564648,76566124,1476
HO8116,chr18,76618537,76620710,2173
HO8117,chr18,76821605,76823971,2366
HO8118,chr18,77131026,77133832,2806
HO8119,chr18,77249164,77251770,2606
HO8120,chr18,77321688,77322416,728
HO8121,chr18,77899746,77900639,893
HO8122,chr18,79068292,79069867,1575
HO8123,chr18,79378492,79379338,846
HO8124,chr18,79393308,79394804,1496
HO8125,chr18,79395669,79396684,1015
HO8126,chr18,79506317,79508405,2088
HO8127,chr18,79678702,79680655,1953
HO8128,chr18,79796578,79799310,2732
HO8129,chr18,79950597,79952365,1768
HO8130,chr18,79964170,79964895,725
HO8131,chr18,79987697,79989298,1601
HO8132,chr18,80033152,80034814,1662
HO8133,chr18,80108644,80110117,1473
HO8134,chr18,80147085,80148506,1421
HO8135,chr18,80245918,80247843,1925
HO8136,chr19,294232,295445,1213
HO8137,chr19,343967,345184,1217
HO8138,chr19,408373,410071,1698
HO8139,chr19,417192,418336,1144
HO8140,chr19,459568,461203,1635
HO8141,chr19,488414,489889,1475
HO8142,chr19,506453,508076,1623
HO8143,chr19,511125,511643,518
HO8144,chr19,517646,519444,1798
HO8145,chr19,530782,533489,2707
HO8146,chr19,572036,573587,1551
HO8147,chr19,574674,575758,1084
HO8148,chr19,632184,634025,1841
HO8149,chr19,639070,640183,1113
HO8150,chr19,662156,663861,1705
HO8151,chr19,679614,681233,1619
HO8152,chr19,708323,710515,2192
HO8153,chr19,718138,721170,3032
HO8154,chr19,796633,798324,1691
HO8155,chr19,821225,822624,1399
HO8156,chr19,892316,893735,1419
HO8157,chr19,898479,899275,796
HO8158,chr19,925005,926412,1407
HO8159,chr19,944035,945494,1459
HO8160,chr19,952328,954043,1715
HO8161,chr19,983936,984985,1049
HO8162,chr19,1000088,1001998,1910
HO8163,chr19,1020551,1021960,1409
HO8164,chr19,1026206,1027234,1028
HO8165,chr19,1027662,1028928,1266
HO8166,chr19,1039550,1041421,1871
HO8167,chr19,1094663,1095747,1084
HO8168,chr19,1103435,1105369,1934
HO8169,chr19,1112984,1113893,909
HO8170,chr19,1131140,1133881,2741
HO8171,chr19,1171329,1174465,3136
HO8172,chr19,1194005,1194926,921
HO8173,chr19,1205118,1206028,910
HO8174,chr19,1206862,1208334,1472
HO8175,chr19,1232066,1233583,1517
HO8176,chr19,1239781,1240582,801
HO8177,chr19,1241374,1241979,605
HO8178,chr19,1248043,1249992,1949
HO8179,chr19,1250581,1251684,1103
HO8180,chr19,1252160,1253671,1511
HO8181,chr19,1260245,1262435,2190
HO8182,chr19,1266062,1267256,1194
HO8183,chr19,1268820,1270122,1302
HO8184,chr19,1274725,1276278,1553
HO8185,chr19,1354076,1356046,1970
HO8186,chr19,1360270,1362395,2125
HO8187,chr19,1383047,1384361,1314
HO8188,chr19,1400217,1401844,1627
HO8189,chr19,1406682,1409037,2355
HO8190,chr19,1415011,1416237,1226
HO8191,chr19,1437643,1439181,1538
HO8192,chr19,1444794,1445554,760
HO8193,chr19,1465190,1466244,1054
HO8194,chr19,1470132,1471323,1191
HO8195,chr19,1478583,1479703,1120
HO8196,chr19,1489956,1491319,1363
HO8197,chr19,1502801,1503835,1034
HO8198,chr19,1507529,1508554,1025
HO8199,chr19,1566154,1568648,2494
HO8200,chr19,1591582,1593338,1756
HO8201,chr19,1604834,1606396,1562
HO8202,chr19,1651220,1653314,2094
HO8203,chr19,1811927,1813332,1405
HO8204,chr19,1825830,1827662,1832
HO8205,chr19,1847373,1848967,1594
HO8206,chr19,1851658,1852498,840
HO8207,chr19,1862599,1865100,2501
HO8208,chr19,1875247,1876919,1672
HO8209,chr19,1884263,1885775,1512
HO8210,chr19,1904877,1905884,1007
HO8211,chr19,1928993,1930495,1502
HO8212,chr19,1939901,1942710,2809
HO8213,chr19,2041559,2042810,1251
HO8214,chr19,2049337,2051580,2243
HO8215,chr19,2060584,2062265,1681
HO8216,chr19,2095926,2097302,1376
HO8217,chr19,2150206,2152100,1894
HO8218,chr19,2163380,2164642,1262
HO8219,chr19,2235116,2237154,2038
HO8220,chr19,2250566,2251899,1333
HO8221,chr19,2268944,2270295,1351
HO8222,chr19,2270447,2271333,886
HO8223,chr19,2273490,2273970,480
HO8224,chr19,2275746,2276440,694
HO8225,chr19,2290773,2291835,1062
HO8226,chr19,2302168,2303293,1125
HO8227,chr19,2327551,2329667,2116
HO8228,chr19,2371662,2372746,1084
HO8229,chr19,2422895,2424242,1347
HO8230,chr19,2424712,2425607,895
HO8231,chr19,2426972,2428122,1150
HO8232,chr19,2455755,2457528,1773
HO8233,chr19,2461770,2463428,1658
HO8234,chr19,2474540,2477211,2671
HO8235,chr19,2478228,2479616,1388
HO8236,chr19,2493951,2496236,2285
HO8237,chr19,2540527,2541192,665
HO8238,chr19,2543149,2544402,1253
HO8239,chr19,2578309,2579763,1454
HO8240,chr19,2598813,2599657,844
HO8241,chr19,2610738,2611523,785
HO8242,chr19,2702229,2703001,772
HO8243,chr19,2719872,2722072,2200
HO8244,chr19,2738972,2740412,1440
HO8245,chr19,2782832,2783696,864
HO8246,chr19,2784910,2785852,942
HO8247,chr19,2819337,2820665,1328
HO8248,chr19,2840549,2842217,1668
HO8249,chr19,2900185,2901463,1278
HO8250,chr19,2944441,2945586,1145
HO8251,chr19,2949791,2951296,1505
HO8252,chr19,2976635,2977752,1117
HO8253,chr19,2982534,2984386,1852
HO8254,chr19,3033962,3036861,2899
HO8255,chr19,3045849,3048064,2215
HO8256,chr19,3055192,3057781,2589
HO8257,chr19,3061206,3063119,1913
HO8258,chr19,3093740,3094972,1232
HO8259,chr19,3184913,3186724,1811
HO8260,chr19,3284475,3286204,1729
HO8261,chr19,3358881,3362024,3143
HO8262,chr19,3434438,3435617,1179
HO8263,chr19,3457509,3460268,2759
HO8264,chr19,3500044,3501091,1047
HO8265,chr19,3505555,3507807,2252
HO8266,chr19,3556821,3558415,1594
HO8267,chr19,3572120,3574431,2311
HO8268,chr19,3626056,3627340,1284
HO8269,chr19,3698710,3700763,2053
HO8270,chr19,3761092,3761868,776
HO8271,chr19,3762286,3763239,953
HO8272,chr19,3949924,3951862,1938
HO8273,chr19,3970238,3971563,1325
HO8274,chr19,3984622,3985713,1091
HO8275,chr19,4006914,4008567,1653
HO8276,chr19,4014713,4016444,1731
HO8277,chr19,4064811,4067902,3091
HO8278,chr19,4123275,4124573,1298
HO8279,chr19,4172688,4173451,763
HO8280,chr19,4181847,4182940,1093
HO8281,chr19,4246497,4247889,1392
HO8282,chr19,4327210,4329016,1806
HO8283,chr19,4342265,4343973,1708
HO8284,chr19,4399608,4400839,1231
HO8285,chr19,4401884,4402982,1098
HO8286,chr19,4414279,4415824,1545
HO8287,chr19,4454912,4456150,1238
HO8288,chr19,4456310,4458148,1838
HO8289,chr19,4471136,4472526,1390
HO8290,chr19,4474108,4475009,901
HO8291,chr19,4635454,4636581,1127
HO8292,chr19,4638832,4640002,1170
HO8293,chr19,4669560,4670795,1235
HO8294,chr19,4722449,4724892,2443
HO8295,chr19,4759229,4760249,1020
HO8296,chr19,4768911,4769885,974
HO8297,chr19,4790840,4792462,1622
HO8298,chr19,4831252,4831967,715
HO8299,chr19,4866621,4868184,1563
HO8300,chr19,4908292,4910520,2228
HO8301,chr19,4968135,4969526,1391
HO8302,chr19,5047936,5049613,1677
HO8303,chr19,5057889,5059662,1773
HO8304,chr19,5090720,5092242,1522
HO8305,chr19,5127963,5129611,1648
HO8306,chr19,5276410,5277308,898
HO8307,chr19,5292498,5294285,1787
HO8308,chr19,5339412,5341168,1756
HO8309,chr19,5536181,5536921,740
HO8310,chr19,5620966,5624632,3666
HO8311,chr19,5679685,5681261,1576
HO8312,chr19,5686319,5687431,1112
HO8313,chr19,5689922,5690678,756
HO8314,chr19,5691112,5691921,809
HO8315,chr19,5718159,5720919,2760
HO8316,chr19,5790363,5791458,1095
HO8317,chr19,5803613,5804378,765
HO8318,chr19,5804686,5806119,1433
HO8319,chr19,5826542,5827038,496
HO8320,chr19,5827215,5829678,2463
HO8321,chr19,5903222,5905113,1891
HO8322,chr19,5967681,5969285,1604
HO8323,chr19,5977200,5978582,1382
HO8324,chr19,6065732,6067607,1875
HO8325,chr19,6110077,6110953,876
HO8326,chr19,6198976,6199999,1023
HO8327,chr19,6216515,6217646,1131
HO8328,chr19,6271238,6272789,1551
HO8329,chr19,6279167,6280438,1271
HO8330,chr19,6361009,6362375,1366
HO8331,chr19,6372118,6373751,1633
HO8332,chr19,6392689,6394121,1432
HO8333,chr19,6424158,6425691,1533
HO8334,chr19,6458944,6460779,1835
HO8335,chr19,6475274,6476989,1715
HO8336,chr19,6501608,6502666,1058
HO8337,chr19,6515745,6517227,1482
HO8338,chr19,6530535,6531290,755
HO8339,chr19,6660707,6662083,1376
HO8340,chr19,6736407,6738840,2433
HO8341,chr19,6738962,6739817,855
HO8342,chr19,6752438,6754035,1597
HO8343,chr19,7068716,7070106,1390
HO8344,chr19,7098558,7099824,1266
HO8345,chr19,7196704,7198616,1912
HO8346,chr19,7211173,7212194,1021
HO8347,chr19,7293222,7295168,1946
HO8348,chr19,7394498,7395757,1259
HO8349,chr19,7488340,7489409,1069
HO8350,chr19,7515052,7517147,2095
HO8351,chr19,7521834,7523225,1391
HO8352,chr19,7533338,7536007,2669
HO8353,chr19,7550750,7551845,1095
HO8354,chr19,7595235,7597441,2206
HO8355,chr19,7629067,7630217,1150
HO8356,chr19,7636570,7637907,1337
HO8357,chr19,7680418,7682454,2036
HO8358,chr19,7786841,7789052,2211
HO8359,chr19,7829192,7830519,1327
HO8360,chr19,7852987,7853819,832
HO8361,chr19,7861856,7863371,1515
HO8362,chr19,7868610,7870906,2296
HO8363,chr19,7871055,7872373,1318
HO8364,chr19,7874091,7874904,813
HO8365,chr19,7902774,7904631,1857
HO8366,chr19,7917445,7918125,680
HO8367,chr19,7919748,7921367,1619
HO8368,chr19,7925066,7927332,2266
HO8369,chr19,7943003,7944566,1563
HO8370,chr19,8001884,8002734,850
HO8371,chr19,8004766,8006134,1368
HO8372,chr19,8148384,8149835,1451
HO8373,chr19,8207961,8210220,2259
HO8374,chr19,8268127,8269597,1470
HO8375,chr19,8307269,8308728,1459
HO8376,chr19,8320557,8322139,1582
HO8377,chr19,8334411,8335861,1450
HO8378,chr19,8342300,8343582,1282
HO8379,chr19,8363529,8364774,1245
HO8380,chr19,8389648,8391083,1435
HO8381,chr19,8412685,8413536,851
HO8382,chr19,8444368,8445856,1488
HO8383,chr19,8505651,8506652,1001
HO8384,chr19,8513092,8514403,1311
HO8385,chr19,8525144,8526879,1735
HO8386,chr19,8591716,8593046,1330
HO8387,chr19,8608976,8611095,2119
HO8388,chr19,8831607,8833187,1580
HO8389,chr19,9074975,9076095,1120
HO8390,chr19,9139820,9140942,1122
HO8391,chr19,9309013,9310326,1313
HO8392,chr19,9323280,9324663,1383
HO8393,chr19,9362641,9363451,810
HO8394,chr19,9406382,9407479,1097
HO8395,chr19,9435002,9436129,1127
HO8396,chr19,9537988,9539039,1051
HO8397,chr19,9583821,9584868,1047
HO8398,chr19,9620574,9622060,1486
HO8399,chr19,9674375,9675626,1251
HO8400,chr19,9767769,9769207,1438
HO8401,chr19,9784390,9786328,1938
HO8402,chr19,9791536,9793274,1738
HO8403,chr19,9818329,9819897,1568
HO8404,chr19,9826967,9828234,1267
HO8405,chr19,9834369,9835828,1459
HO8406,chr19,9913301,9915018,1717
HO8407,chr19,9933952,9934791,839
HO8408,chr19,9935323,9936815,1492
HO8409,chr19,10027202,10028043,841
HO8410,chr19,10085513,10087219,1706
HO8411,chr19,10095667,10096722,1055
HO8412,chr19,10104646,10106801,2155
HO8413,chr19,10119019,10120164,1145
HO8414,chr19,10193768,10195310,1542
HO8415,chr19,10229984,10231682,1698
HO8416,chr19,10251369,10252656,1287
HO8417,chr19,10269196,10271875,2679
HO8418,chr19,10315280,10316718,1438
HO8419,chr19,10332570,10334011,1441
HO8420,chr19,10334354,10335220,866
HO8421,chr19,10352404,10354202,1798
HO8422,chr19,10379925,10381125,1200
HO8423,chr19,10403116,10404961,1845
HO8424,chr19,10416139,10417113,974
HO8425,chr19,10460795,10461871,1076
HO8426,chr19,10478503,10479508,1005
HO8427,chr19,10501906,10503734,1828
HO8428,chr19,10517285,10518664,1379
HO8429,chr19,10543268,10544575,1307
HO8430,chr19,10565215,10566352,1137
HO8431,chr19,10568254,10569422,1168
HO8432,chr19,10602003,10603641,1638
HO8433,chr19,10624844,10626191,1347
HO8434,chr19,10643536,10645106,1570
HO8435,chr19,10653139,10655096,1957
HO8436,chr19,10695260,10696279,1019
HO8437,chr19,10700944,10702388,1444
HO8438,chr19,10712030,10713731,1701
HO8439,chr19,10717196,10720128,2932
HO8440,chr19,10835102,10836753,1651
HO8441,chr19,10870439,10872967,2528
HO8442,chr19,10927971,10929660,1689
HO8443,chr19,10960039,10961713,1674
HO8444,chr19,11088991,11090987,1996
HO8445,chr19,11137488,11138302,814
HO8446,chr19,11142200,11143714,1514
HO8447,chr19,11155330,11156269,939
HO8448,chr19,11196487,11198093,1606
HO8449,chr19,11261406,11262835,1429
HO8450,chr19,11293494,11294243,749
HO8451,chr19,11338625,11339927,1302
HO8452,chr19,11345585,11346902,1317
HO8453,chr19,11354842,11355968,1126
HO8454,chr19,11374295,11375867,1572
HO8455,chr19,11380645,11382020,1375
HO8456,chr19,11382810,11384500,1690
HO8457,chr19,11421674,11422881,1207
HO8458,chr19,11434641,11436205,1564
HO8459,chr19,11481664,11482940,1276
HO8460,chr19,11504733,11506427,1694
HO8461,chr19,11528352,11529519,1167
HO8462,chr19,11558594,11559732,1138
HO8463,chr19,11596886,11598191,1305
HO8464,chr19,11639249,11640514,1265
HO8465,chr19,11673508,11674468,960
HO8466,chr19,11694374,11695384,1010
HO8467,chr19,11737822,11739425,1603
HO8468,chr19,11766394,11768104,1710
HO8469,chr19,11797287,11799068,1781
HO8470,chr19,11813595,11814942,1347
HO8471,chr19,11848185,11849569,1384
HO8472,chr19,11887262,11888527,1265
HO8473,chr19,11923444,11925620,2176
HO8474,chr19,11963753,11965610,1857
HO8475,chr19,11987133,11989160,2027
HO8476,chr19,12034447,12036238,1791
HO8477,chr19,12051847,12053322,1475
HO8478,chr19,12059272,12059888,616
HO8479,chr19,12064228,12065561,1333
HO8480,chr19,12091859,12092826,967
HO8481,chr19,12139486,12141432,1946
HO8482,chr19,12155418,12157015,1597
HO8483,chr19,12162630,12163629,999
HO8484,chr19,12194433,12195790,1357
HO8485,chr19,12293645,12295291,1646
HO8486,chr19,12332348,12334073,1725
HO8487,chr19,12364494,12366139,1645
HO8488,chr19,12400048,12401623,1575
HO8489,chr19,12439883,12441455,1572
HO8490,chr19,12484037,12485366,1329
HO8491,chr19,12494854,12495949,1095
HO8492,chr19,12550528,12552044,1516
HO8493,chr19,12610157,12611647,1490
HO8494,chr19,12666239,12666974,735
HO8495,chr19,12668701,12670059,1358
HO8496,chr19,12680867,12682148,1281
HO8497,chr19,12695952,12696988,1036
HO8498,chr19,12720824,12723095,2271
HO8499,chr19,12734046,12734937,891
HO8500,chr19,12736566,12737769,1203
HO8501,chr19,12769623,12770057,434
HO8502,chr19,12774785,12775856,1071
HO8503,chr19,12777362,12779518,2156
HO8504,chr19,12782107,12783184,1077
HO8505,chr19,12789513,12790403,890
HO8506,chr19,12791160,12791851,691
HO8507,chr19,12792171,12794322,2151
HO8508,chr19,12800880,12802399,1519
HO8509,chr19,12805998,12807043,1045
HO8510,chr19,12847143,12848067,924
HO8511,chr19,12867135,12868077,942
HO8512,chr19,12890389,12891698,1309
HO8513,chr19,12918838,12919688,850
HO8514,chr19,12932786,12933954,1168
HO8515,chr19,12937348,12939532,2184
HO8516,chr19,12945020,12946403,1383
HO8517,chr19,12956521,12957413,892
HO8518,chr19,12964913,12965847,934
HO8519,chr19,12994861,12997014,2153
HO8520,chr19,13060158,13061682,1524
HO8521,chr19,13116000,13117147,1147
HO8522,chr19,13117786,13119166,1380
HO8523,chr19,13149626,13150555,929
HO8524,chr19,13151218,13152296,1078
HO8525,chr19,13152673,13153320,647
HO8526,chr19,13154888,13156265,1377
HO8527,chr19,13162522,13164970,2448
HO8528,chr19,13207158,13208785,1627
HO8529,chr19,13731015,13732074,1059
HO8530,chr19,13747354,13748897,1543
HO8531,chr19,13763960,13765201,1241
HO8532,chr19,13773915,13775173,1258
HO8533,chr19,13794397,13795888,1491
HO8534,chr19,13833072,13833974,902
HO8535,chr19,13838965,13840066,1101
HO8536,chr19,13841088,13843113,2025
HO8537,chr19,13846511,13848053,1542
HO8538,chr19,13850076,13850773,697
HO8539,chr19,13861248,13862592,1344
HO8540,chr19,13879894,13880620,726
HO8541,chr19,13905492,13906871,1379
HO8542,chr19,13951773,13953535,1762
HO8543,chr19,13962149,13964004,1855
HO8544,chr19,13977897,13979585,1688
HO8545,chr19,14005487,14007255,1768
HO8546,chr19,14031293,14032565,1272
HO8547,chr19,14071871,14075374,3503
HO8548,chr19,14080687,14082165,1478
HO8549,chr19,14089454,14092332,2878
HO8550,chr19,14116926,14119460,2534
HO8551,chr19,14136133,14137728,1595
HO8552,chr19,14165558,14168278,2720
HO8553,chr19,14206311,14207949,1638
HO8554,chr19,14247729,14249716,1987
HO8555,chr19,14363130,14364275,1145
HO8556,chr19,14405485,14406641,1156
HO8557,chr19,14418624,14419746,1122
HO8558,chr19,14432731,14435383,2652
HO8559,chr19,14472049,14472895,846
HO8560,chr19,14495533,14496930,1397
HO8561,chr19,14512479,14514969,2490
HO8562,chr19,14517537,14518955,1418
HO8563,chr19,14528796,14530196,1400
HO8564,chr19,14571418,14572325,907
HO8565,chr19,14689293,14690462,1169
HO8566,chr19,14978155,14980232,2077
HO8567,chr19,15106777,15108518,1741
HO8568,chr19,15124585,15126095,1510
HO8569,chr19,15177245,15178109,864
HO8570,chr19,15199299,15201314,2015
HO8571,chr19,15222617,15224188,1571
HO8572,chr19,15232584,15233805,1221
HO8573,chr19,15249908,15252552,2644
HO8574,chr19,15330921,15332919,1998
HO8575,chr19,15378467,15380579,2112
HO8576,chr19,15417657,15419446,1789
HO8577,chr19,15431750,15433647,1897
HO8578,chr19,15452068,15453406,1338
HO8579,chr19,15555632,15556882,1250
HO8580,chr19,15835994,15837636,1642
HO8581,chr19,16075863,16077514,1651
HO8582,chr19,16078278,16079558,1280
HO8583,chr19,16088007,16089923,1916
HO8584,chr19,16110951,16112180,1229
HO8585,chr19,16184814,16186052,1238
HO8586,chr19,16197221,16198542,1321
HO8587,chr19,16292757,16294247,1490
HO8588,chr19,16315190,16316894,1704
HO8589,chr19,16324083,16326774,2691
HO8590,chr19,16471034,16472517,1483
HO8591,chr19,16495663,16496916,1253
HO8592,chr19,16541542,16543095,1553
HO8593,chr19,16571673,16573237,1564
HO8594,chr19,16587588,16589421,1833
HO8595,chr19,16627578,16629955,2377
HO8596,chr19,16659338,16661935,2597
HO8597,chr19,16828784,16830113,1329
HO8598,chr19,16895773,16898033,2260
HO8599,chr19,17025696,17027909,2213
HO8600,chr19,17074809,17076879,2070
HO8601,chr19,17134935,17136248,1313
HO8602,chr19,17214756,17216004,1248
HO8603,chr19,17225706,17227064,1358
HO8604,chr19,17234579,17236368,1789
HO8605,chr19,17244853,17247133,2280
HO8606,chr19,17266563,17267746,1183
HO8607,chr19,17281393,17283002,1609
HO8608,chr19,17292171,17293103,932
HO8609,chr19,17302924,17303713,789
HO8610,chr19,17305117,17306345,1228
HO8611,chr19,17309092,17309897,805
HO8612,chr19,17327397,17329329,1932
HO8613,chr19,17334254,17335076,822
HO8614,chr19,17336459,17337692,1233
HO8615,chr19,17390360,17391490,1130
HO8616,chr19,17403074,17403850,776
HO8617,chr19,17405038,17406043,1005
HO8618,chr19,17412383,17413389,1006
HO8619,chr19,17419172,17420840,1668
HO8620,chr19,17424763,17425365,602
HO8621,chr19,17447649,17448956,1307
HO8622,chr19,17468673,17470905,2232
HO8623,chr19,17498356,17499391,1035
HO8624,chr19,17510999,17512517,1518
HO8625,chr19,17538886,17540278,1392
HO8626,chr19,17555011,17556592,1581
HO8627,chr19,17605514,17606788,1274
HO8628,chr19,17687333,17688652,1319
HO8629,chr19,17719055,17720246,1191
HO8630,chr19,17747217,17748208,991
HO8631,chr19,17778028,17779935,1907
HO8632,chr19,17829885,17831487,1602
HO8633,chr19,17841265,17843033,1768
HO8634,chr19,17859408,17860234,826
HO8635,chr19,17931525,17933351,1826
HO8636,chr19,17941979,17943612,1633
HO8637,chr19,17947473,17949239,1766
HO8638,chr19,17950192,17951019,827
HO8639,chr19,17966445,17968009,1564
HO8640,chr19,18006771,18008497,1726
HO8641,chr19,18058025,18058885,860
HO8642,chr19,18103854,18104853,999
HO8643,chr19,18117323,18118418,1095
HO8644,chr19,18151947,18153820,1873
HO8645,chr19,18191681,18193852,2171
HO8646,chr19,18202796,18205691,2895
HO8647,chr19,18223754,18225412,1658
HO8648,chr19,18232563,18233784,1221
HO8649,chr19,18279270,18280714,1444
HO8650,chr19,18280838,18282531,1693
HO8651,chr19,18291288,18293910,2622
HO8652,chr19,18303336,18305604,2268
HO8653,chr19,18322070,18324053,1983
HO8654,chr19,18328090,18329110,1020
HO8655,chr19,18339683,18341492,1809
HO8656,chr19,18388087,18389042,955
HO8657,chr19,18414962,18415823,861
HO8658,chr19,18416302,18418014,1712
HO8659,chr19,18418554,18419773,1219
HO8660,chr19,18428471,18429672,1201
HO8661,chr19,18433090,18433697,607
HO8662,chr19,18436729,18439292,2563
HO8663,chr19,18519948,18522789,2841
HO8664,chr19,18542419,18544364,1945
HO8665,chr19,18557139,18558657,1518
HO8666,chr19,18571117,18572209,1092
HO8667,chr19,18588213,18590202,1989
HO8668,chr19,18590422,18590930,508
HO8669,chr19,18594035,18594803,768
HO8670,chr19,18605287,18607567,2280
HO8671,chr19,18635881,18637196,1315
HO8672,chr19,18657240,18658398,1158
HO8673,chr19,18682906,18684113,1207
HO8674,chr19,18700369,18701560,1191
HO8675,chr19,18742943,18743931,988
HO8676,chr19,18744699,18745698,999
HO8677,chr19,18762021,18763031,1010
HO8678,chr19,18831369,18833284,1915
HO8679,chr19,18893982,18896845,2863
HO8680,chr19,18918554,18919867,1313
HO8681,chr19,18939647,18941702,2055
HO8682,chr19,19032195,19034598,2403
HO8683,chr19,19063091,19064350,1259
HO8684,chr19,19104979,19106544,1565
HO8685,chr19,19119877,19120904,1027
HO8686,chr19,19137546,19138709,1163
HO8687,chr19,19169793,19171020,1227
HO8688,chr19,19191604,19193082,1478
HO8689,chr19,19260984,19262111,1127
HO8690,chr19,19319834,19321596,1762
HO8691,chr19,19384965,19386287,1322
HO8692,chr19,19404942,19407241,2299
HO8693,chr19,19461660,19462709,1049
HO8694,chr19,19474566,19476196,1630
HO8695,chr19,19489086,19490721,1635
HO8696,chr19,19515582,19516558,976
HO8697,chr19,19618096,19619616,1520
HO8698,chr19,19627369,19629141,1772
HO8699,chr19,19642553,19644176,1623
HO8700,chr19,19662884,19664263,1379
HO8701,chr19,19668021,19669378,1357
HO8702,chr19,19732302,19733541,1239
HO8703,chr19,19775792,19777085,1293
HO8704,chr19,19820846,19822272,1426
HO8705,chr19,19860520,19861411,891
HO8706,chr19,19865598,19867183,1585
HO8707,chr19,19900214,19901947,1733
HO8708,chr19,20038679,20039768,1089
HO8709,chr19,20051594,20052842,1248
HO8710,chr19,20077673,20079526,1853
HO8711,chr19,20166845,20167950,1105
HO8712,chr19,20237357,20238709,1352
HO8713,chr19,20423300,20425157,1857
HO8714,chr19,20564766,20566048,1282
HO8715,chr19,20610832,20613192,2360
HO8716,chr19,20660583,20661848,1265
HO8717,chr19,20775890,20777012,1122
HO8718,chr19,20922909,20924004,1095
HO8719,chr19,20999461,21000429,968
HO8720,chr19,21020051,21021534,1483
HO8721,chr19,21081724,21082818,1094
HO8722,chr19,21141592,21142539,947
HO8723,chr19,21197205,21198228,1023
HO8724,chr19,21328381,21329666,1285
HO8725,chr19,21358394,21359599,1205
HO8726,chr19,21396627,21397831,1204
HO8727,chr19,21463026,21464145,1119
HO8728,chr19,21474279,21475226,947
HO8729,chr19,21505198,21506365,1167
HO8730,chr19,21568718,21569817,1099
HO8731,chr19,21586156,21587995,1839
HO8732,chr19,21602616,21605037,2421
HO8733,chr19,21766572,21767844,1272
HO8734,chr19,21835299,21836751,1452
HO8735,chr19,21851204,21852379,1175
HO8736,chr19,22531668,22533341,1673
HO8737,chr19,22622827,22624131,1304
HO8738,chr19,22633625,22634795,1170
HO8739,chr19,22783560,22784501,941
HO8740,chr19,23074802,23075928,1126
HO8741,chr19,23116533,23117596,1063
HO8742,chr19,23249255,23250690,1435
HO8743,chr19,23273211,23274448,1237
HO8744,chr19,23394347,23395785,1438
HO8745,chr19,23686134,23687434,1300
HO8746,chr19,23758109,23759107,998
HO8747,chr19,23762556,23763709,1153
HO8748,chr19,23914357,23915348,991
HO8749,chr19,24032980,24034405,1425
HO8750,chr19,24086541,24087891,1350
HO8751,chr19,27792913,27794846,1933
HO8752,chr19,28288523,28290132,1609
HO8753,chr19,28393460,28395101,1641
HO8754,chr19,29211732,29213454,1722
HO8755,chr19,29528098,29528890,792
HO8756,chr19,29605383,29606660,1277
HO8757,chr19,29664890,29665932,1042
HO8758,chr19,29714441,29715831,1390
HO8759,chr19,29810309,29812687,2378
HO8760,chr19,29843995,29845935,1940
HO8761,chr19,29872940,29873917,977
HO8762,chr19,29941771,29942975,1204
HO8763,chr19,30224613,30225601,988
HO8764,chr19,30227122,30229147,2025
HO8765,chr19,30718563,30720295,1732
HO8766,chr19,31348463,31352054,3591
HO8767,chr19,31962179,31964093,1914
HO8768,chr19,32344959,32346499,1540
HO8769,chr19,32404766,32406482,1716
HO8770,chr19,32580353,32581981,1628
HO8771,chr19,32674363,32676919,2556
HO8772,chr19,32691271,32692787,1516
HO8773,chr19,32971155,32972442,1287
HO8774,chr19,33063325,33065508,2183
HO8775,chr19,33080461,33081769,1308
HO8776,chr19,33176162,33177919,1757
HO8777,chr19,33193713,33195718,2005
HO8778,chr19,33301954,33304210,2256
HO8779,chr19,33372999,33374636,1637
HO8780,chr19,33521072,33522291,1219
HO8781,chr19,33621426,33623476,2050
HO8782,chr19,33777695,33778424,729
HO8783,chr19,33795248,33798525,3277
HO8784,chr19,33819517,33821380,1863
HO8785,chr19,34133912,34135241,1329
HO8786,chr19,34171517,34173731,2214
HO8787,chr19,34253801,34255357,1556
HO8788,chr19,34358603,34359846,1243
HO8789,chr19,34364604,34366164,1560
HO8790,chr19,34403949,34404967,1018
HO8791,chr19,34427821,34429284,1463
HO8792,chr19,34480665,34482844,2179
HO8793,chr19,34501274,34501895,621
HO8794,chr19,34577272,34578152,880
HO8795,chr19,34676606,34678341,1735
HO8796,chr19,34732897,34734706,1809
HO8797,chr19,34772166,34773464,1298
HO8798,chr19,34926545,34927429,884
HO8799,chr19,34963059,34964486,1427
HO8800,chr19,34999209,35001351,2142
HO8801,chr19,35029819,35031545,1726
HO8802,chr19,35039711,35041837,2126
HO8803,chr19,35090259,35091195,936
HO8804,chr19,35124023,35125114,1091
HO8805,chr19,35142272,35143716,1444
HO8806,chr19,35153606,35155416,1810
HO8807,chr19,35247543,35249660,2117
HO8808,chr19,35267026,35269941,2915
HO8809,chr19,35308934,35310654,1720
HO8810,chr19,35509098,35510736,1638
HO8811,chr19,35544833,35546178,1345
HO8812,chr19,35557427,35558522,1095
HO8813,chr19,35612048,35613331,1283
HO8814,chr19,35627959,35629519,1560
HO8815,chr19,35643222,35645300,2078
HO8816,chr19,35647808,35648917,1109
HO8817,chr19,35702058,35703074,1016
HO8818,chr19,35716192,35718833,2641
HO8819,chr19,35740120,35741229,1109
HO8820,chr19,35744648,35745749,1101
HO8821,chr19,35748050,35748781,731
HO8822,chr19,35755326,35758710,3384
HO8823,chr19,35766761,35768468,1707
HO8824,chr19,35774824,35776352,1528
HO8825,chr19,35855537,35857218,1681
HO8826,chr19,35868005,35870395,2390
HO8827,chr19,35879208,35880299,1091
HO8828,chr19,35898599,35900738,2139
HO8829,chr19,35931026,35931960,934
HO8830,chr19,35935836,35936766,930
HO8831,chr19,35993974,35995958,1984
HO8832,chr19,36013762,36014807,1045
HO8833,chr19,36032033,36033201,1168
HO8834,chr19,36053377,36055411,2034
HO8835,chr19,36113944,36116110,2166
HO8836,chr19,36127463,36128641,1178
HO8837,chr19,36139383,36141582,2199
HO8838,chr19,36150717,36153113,2396
HO8839,chr19,36213849,36215492,1643
HO8840,chr19,36244935,36246302,1367
HO8841,chr19,36331135,36332380,1245
HO8842,chr19,36378318,36379600,1282
HO8843,chr19,36417732,36419044,1312
HO8844,chr19,36488763,36490215,1452
HO8845,chr19,36527882,36529271,1389
HO8846,chr19,36572732,36574251,1519
HO8847,chr19,36604134,36606032,1898
HO8848,chr19,36666265,36667688,1423
HO8849,chr19,36686358,36688035,1677
HO8850,chr19,36771393,36773333,1940
HO8851,chr19,36796719,36797900,1181
HO8852,chr19,36837445,36839057,1612
HO8853,chr19,36849679,36851421,1742
HO8854,chr19,36915617,36917253,1636
HO8855,chr19,36972481,36974007,1526
HO8856,chr19,37077585,37079080,1495
HO8857,chr19,37172044,37173198,1154
HO8858,chr19,37210007,37211215,1208
HO8859,chr19,37217385,37218804,1419
HO8860,chr19,37251206,37252137,931
HO8861,chr19,37312083,37313110,1027
HO8862,chr19,37317137,37318234,1097
HO8863,chr19,37333925,37335204,1279
HO8864,chr19,37370393,37371533,1140
HO8865,chr19,37466493,37467777,1284
HO8866,chr19,37468690,37469810,1120
HO8867,chr19,37505835,37507294,1459
HO8868,chr19,37550863,37552000,1137
HO8869,chr19,37593766,37595392,1626
HO8870,chr19,37654413,37656436,2023
HO8871,chr19,37691757,37692603,846
HO8872,chr19,37718531,37720057,1526
HO8873,chr19,37778694,37780055,1361
HO8874,chr19,37816951,37817974,1023
HO8875,chr19,37906002,37907631,1629
HO8876,chr19,38003015,38005201,2186
HO8877,chr19,38209327,38211573,2246
HO8878,chr19,38223812,38224750,938
HO8879,chr19,38228177,38228971,794
HO8880,chr19,38229186,38230217,1031
HO8881,chr19,38250721,38252029,1308
HO8882,chr19,38255140,38256791,1651
HO8883,chr19,38263747,38265477,1730
HO8884,chr19,38303806,38305482,1676
HO8885,chr19,38315333,38316436,1103
HO8886,chr19,38335341,38337361,2020
HO8887,chr19,38361262,38362929,1667
HO8888,chr19,38373948,38375300,1352
HO8889,chr19,38394433,38394929,496
HO8890,chr19,38402536,38403739,1203
HO8891,chr19,38417503,38418564,1061
HO8892,chr19,38617492,38619505,2013
HO8893,chr19,38647033,38648421,1388
HO8894,chr19,38727867,38728868,1001
HO8895,chr19,38780554,38781769,1215
HO8896,chr19,38830976,38832482,1506
HO8897,chr19,38849087,38851032,1945
HO8898,chr19,38851626,38852446,820
HO8899,chr19,38869108,38870455,1347
HO8900,chr19,38898768,38900341,1573
HO8901,chr19,38930031,38931232,1201
HO8902,chr19,38949419,38950481,1062
HO8903,chr19,38974713,38976882,2169
HO8904,chr19,39030971,39032810,1839
HO8905,chr19,39125300,39126170,870
HO8906,chr19,39133300,39134537,1237
HO8907,chr19,39203092,39205332,2240
HO8908,chr19,39246854,39248275,1421
HO8909,chr19,39258036,39259355,1319
HO8910,chr19,39263845,39265964,2119
HO8911,chr19,39306670,39308826,2156
HO8912,chr19,39319897,39321256,1359
HO8913,chr19,39341192,39343261,2069
HO8914,chr19,39390325,39391723,1398
HO8915,chr19,39397286,39398011,725
HO8916,chr19,39402297,39404142,1845
HO8917,chr19,39406311,39407172,861
HO8918,chr19,39409408,39410401,993
HO8919,chr19,39411840,39413847,2007
HO8920,chr19,39428076,39429106,1030
HO8921,chr19,39435467,39436804,1337
HO8922,chr19,39444687,39446069,1382
HO8923,chr19,39479803,39481546,1743
HO8924,chr19,39497668,39499464,1796
HO8925,chr19,39506753,39507686,933
HO8926,chr19,39531947,39533147,1200
HO8927,chr19,39539139,39540446,1307
HO8928,chr19,39823455,39825101,1646
HO8929,chr19,39832936,39834500,1564
HO8930,chr19,39845501,39847328,1827
HO8931,chr19,39891211,39892682,1471
HO8932,chr19,39970223,39971644,1421
HO8933,chr19,39996289,39997729,1440
HO8934,chr19,40055402,40056555,1153
HO8935,chr19,40089970,40091293,1323
HO8936,chr19,40190475,40192391,1916
HO8937,chr19,40284322,40285885,1563
HO8938,chr19,40347718,40349437,1719
HO8939,chr19,40365369,40367252,1883
HO8940,chr19,40398417,40399276,859
HO8941,chr19,40403281,40404724,1443
HO8942,chr19,40420537,40421559,1022
HO8943,chr19,40424761,40426536,1775
HO8944,chr19,40433161,40434509,1348
HO8945,chr19,40442662,40445018,2356
HO8946,chr19,40465264,40467347,2083
HO8947,chr19,40528893,40530037,1144
HO8948,chr19,40569937,40571103,1166
HO8949,chr19,40576078,40577491,1413
HO8950,chr19,40597946,40598860,914
HO8951,chr19,40603274,40604367,1093
HO8952,chr19,40612886,40615316,2430
HO8953,chr19,40662557,40664008,1451
HO8954,chr19,40689519,40691766,2247
HO8955,chr19,40714482,40716090,1608
HO8956,chr19,40716547,40717456,909
HO8957,chr19,40749904,40751837,1933
HO8958,chr19,40777185,40778971,1786
HO8959,chr19,40798045,40799917,1872
HO8960,chr19,40806487,40807202,715
HO8961,chr19,40810534,40812401,1867
HO8962,chr19,40920898,40923427,2529
HO8963,chr19,41135144,41136141,997
HO8964,chr19,41218354,41220598,2244
HO8965,chr19,41225323,41227078,1755
HO8966,chr19,41262074,41262727,653
HO8967,chr19,41262931,41265917,2986
HO8968,chr19,41309491,41310773,1282
HO8969,chr19,41351234,41352102,868
HO8970,chr19,41352442,41354272,1830
HO8971,chr19,41363265,41364747,1482
HO8972,chr19,41376152,41377094,942
HO8973,chr19,41396839,41398156,1317
HO8974,chr19,41426711,41428225,1514
HO8975,chr19,41439304,41440213,909
HO8976,chr19,41859242,41860983,1741
HO8977,chr19,41883765,41884673,908
HO8978,chr19,41957634,41959743,2109
HO8979,chr19,41993107,41994438,1331
HO8980,chr19,42075033,42076632,1599
HO8981,chr19,42176130,42177543,1413
HO8982,chr19,42216564,42218144,1580
HO8983,chr19,42219750,42220622,872
HO8984,chr19,42242128,42243426,1298
HO8985,chr19,42244265,42245034,769
HO8986,chr19,42252288,42256648,4360
HO8987,chr19,42267738,42269586,1848
HO8988,chr19,42279807,42281708,1901
HO8989,chr19,42283380,42284760,1380
HO8990,chr19,42301762,42303334,1572
HO8991,chr19,42313001,42313952,951
HO8992,chr19,42325012,42326465,1453
HO8993,chr19,42386782,42387657,875
HO8994,chr19,42396238,42397377,1139
HO8995,chr19,42401184,42402404,1220
HO8996,chr19,42422739,42425215,2476
HO8997,chr19,43462782,43464417,1635
HO8998,chr19,43474720,43475645,925
HO8999,chr19,43503421,43505025,1604
HO9000,chr19,43526132,43527475,1343
HO9001,chr19,43532443,43534520,2077
HO9002,chr19,43574825,43576093,1268
HO9003,chr19,43594680,43596744,2064
HO9004,chr19,43618733,43620294,1561
HO9005,chr19,43634372,43635547,1175
HO9006,chr19,43639299,43640380,1081
HO9007,chr19,43667691,43669346,1655
HO9008,chr19,43753947,43755819,1872
HO9009,chr19,43773845,43775045,1200
HO9010,chr19,43826765,43827822,1057
HO9011,chr19,43901269,43902178,909
HO9012,chr19,43934346,43935735,1389
HO9013,chr19,43950728,43951867,1139
HO9014,chr19,43983503,43984904,1401
HO9015,chr19,44002259,44003905,1646
HO9016,chr19,44024777,44025961,1184
HO9017,chr19,44051117,44052407,1290
HO9018,chr19,44071458,44072806,1348
HO9019,chr19,44093852,44095470,1618
HO9020,chr19,44111926,44112353,427
HO9021,chr19,44112645,44114102,1457
HO9022,chr19,44140919,44142421,1502
HO9023,chr19,44164377,44165796,1419
HO9024,chr19,44207086,44207867,781
HO9025,chr19,44211922,44213252,1330
HO9026,chr19,44303955,44305243,1288
HO9027,chr19,44356001,44357081,1080
HO9028,chr19,44400873,44401797,924
HO9029,chr19,44447796,44448705,909
HO9030,chr19,44499807,44500949,1142
HO9031,chr19,44573413,44574587,1174
HO9032,chr19,44643381,44644867,1486
HO9033,chr19,44717987,44719302,1315
HO9034,chr19,44747119,44749053,1934
HO9035,chr19,44757025,44758520,1495
HO9036,chr19,44807743,44809415,1672
HO9037,chr19,44844504,44845083,579
HO9038,chr19,44845518,44846574,1056
HO9039,chr19,44847505,44848115,610
HO9040,chr19,44848281,44849336,1055
HO9041,chr19,44890109,44891767,1658
HO9042,chr19,44905311,44906725,1414
HO9043,chr19,44914280,44915507,1227
HO9044,chr19,44926563,44927439,876
HO9045,chr19,44954272,44956399,2127
HO9046,chr19,45000977,45002382,1405
HO9047,chr19,45038371,45039647,1276
HO9048,chr19,45078840,45079879,1039
HO9049,chr19,45090907,45093592,2685
HO9050,chr19,45152087,45154138,2051
HO9051,chr19,45177778,45180273,2495
HO9052,chr19,45250728,45252284,1556
HO9053,chr19,45275993,45276686,693
HO9054,chr19,45369833,45371112,1279
HO9055,chr19,45397943,45398710,767
HO9056,chr19,45404816,45406774,1958
HO9057,chr19,45423098,45424583,1485
HO9058,chr19,45427549,45429090,1541
HO9059,chr19,45439486,45440367,881
HO9060,chr19,45442786,45444715,1929
HO9061,chr19,45450118,45451654,1536
HO9062,chr19,45455472,45456573,1101
HO9063,chr19,45467155,45468136,981
HO9064,chr19,45468804,45470566,1762
HO9065,chr19,45472862,45475985,3123
HO9066,chr19,45478059,45479277,1218
HO9067,chr19,45485044,45486102,1058
HO9068,chr19,45496202,45497355,1153
HO9069,chr19,45498401,45499815,1414
HO9070,chr19,45506071,45508192,2121
HO9071,chr19,45508275,45509563,1288
HO9072,chr19,45528263,45529450,1187
HO9073,chr19,45583749,45585197,1448
HO9074,chr19,45615602,45616819,1217
HO9075,chr19,45638963,45639592,629
HO9076,chr19,45640871,45642666,1795
HO9077,chr19,45645249,45646341,1092
HO9078,chr19,45681261,45682059,798
HO9079,chr19,45691551,45693594,2043
HO9080,chr19,45716225,45718346,2121
HO9081,chr19,45729798,45731273,1475
HO9082,chr19,45766981,45767798,817
HO9083,chr19,45768067,45771077,3010
HO9084,chr19,45779025,45780008,983
HO9085,chr19,45791992,45793304,1312
HO9086,chr19,45798716,45799959,1243
HO9087,chr19,45815042,45816397,1355
HO9088,chr19,45816739,45817492,753
HO9089,chr19,45862260,45863584,1324
HO9090,chr19,45882683,45883629,946
HO9091,chr19,45885214,45887368,2154
HO9092,chr19,45901248,45903504,2256
HO9093,chr19,45994781,45995775,994
HO9094,chr19,45999589,46001233,1644
HO9095,chr19,46014841,46015740,899
HO9096,chr19,46015913,46017120,1207
HO9097,chr19,46076914,46077908,994
HO9098,chr19,46296520,46297376,856
HO9099,chr19,46297853,46299402,1549
HO9100,chr19,46346184,46347605,1421
HO9101,chr19,46403702,46405310,1608
HO9102,chr19,46412886,46413910,1024
HO9103,chr19,46416110,46416975,865
HO9104,chr19,46425718,46427000,1282
HO9105,chr19,46470790,46472261,1471
HO9106,chr19,46495211,46496380,1169
HO9107,chr19,46600322,46602168,1846
HO9108,chr19,46633796,46634597,801
HO9109,chr19,46638225,46639962,1737
HO9110,chr19,46659096,46662334,3238
HO9111,chr19,46696951,46698001,1050
HO9112,chr19,46713658,46714711,1053
HO9113,chr19,46715960,46717533,1573
HO9114,chr19,46745200,46747293,2093
HO9115,chr19,46786014,46788893,2879
HO9116,chr19,46849866,46851209,1343
HO9117,chr19,46855850,46856759,909
HO9118,chr19,46859815,46862005,2190
HO9119,chr19,46975336,46977504,2168
HO9120,chr19,46992070,46993569,1499
HO9121,chr19,47012417,47013356,939
HO9122,chr19,47035179,47036556,1377
HO9123,chr19,47047533,47048983,1450
HO9124,chr19,47111821,47113984,2163
HO9125,chr19,47130336,47131775,1439
HO9126,chr19,47225813,47226786,973
HO9127,chr19,47227044,47228685,1641
HO9128,chr19,47230302,47231662,1360
HO9129,chr19,47243928,47244582,654
HO9130,chr19,47256121,47257893,1772
HO9131,chr19,47272960,47275399,2439
HO9132,chr19,47348701,47349777,1076
HO9133,chr19,47418323,47421246,2923
HO9134,chr19,47427147,47428610,1463
HO9135,chr19,47429910,47430525,615
HO9136,chr19,47446822,47448154,1332
HO9137,chr19,47471405,47472434,1029
HO9138,chr19,47483549,47484487,938
HO9139,chr19,47514189,47515724,1535
HO9140,chr19,47599963,47600944,981
HO9141,chr19,47607916,47610515,2599
HO9142,chr19,47718569,47720226,1657
HO9143,chr19,47729023,47730478,1455
HO9144,chr19,47742603,47743904,1301
HO9145,chr19,47745084,47745929,845
HO9146,chr19,47777893,47779378,1485
HO9147,chr19,48107178,48108016,838
HO9148,chr19,48110203,48111021,818
HO9149,chr19,48169429,48171325,1896
HO9150,chr19,48203414,48204690,1276
HO9151,chr19,48255250,48256098,848
HO9152,chr19,48270820,48272087,1267
HO9153,chr19,48290151,48291604,1453
HO9154,chr19,48320650,48322290,1640
HO9155,chr19,48325103,48325669,566
HO9156,chr19,48330079,48330614,535
HO9157,chr19,48332350,48334312,1962
HO9158,chr19,48362985,48364546,1561
HO9159,chr19,48390384,48391778,1394
HO9160,chr19,48397994,48399104,1110
HO9161,chr19,48444855,48446459,1604
HO9162,chr19,48468531,48469967,1436
HO9163,chr19,48479548,48481441,1893
HO9164,chr19,48492556,48494044,1488
HO9165,chr19,48553647,48554830,1183
HO9166,chr19,48588747,48589695,948
HO9167,chr19,48613587,48614908,1321
HO9168,chr19,48618677,48619714,1037
HO9169,chr19,48623647,48624620,973
HO9170,chr19,48629536,48631118,1582
HO9171,chr19,48634374,48634818,444
HO9172,chr19,48636791,48638482,1691
HO9173,chr19,48644570,48646939,2369
HO9174,chr19,48713619,48714680,1061
HO9175,chr19,48719584,48721283,1699
HO9176,chr19,48738382,48739600,1218
HO9177,chr19,48746520,48747635,1115
HO9178,chr19,48752221,48754471,2250
HO9179,chr19,48794863,48796099,1236
HO9180,chr19,48810606,48811309,703
HO9181,chr19,48812023,48812898,875
HO9182,chr19,48835516,48837511,1995
HO9183,chr19,48872009,48873940,1931
HO9184,chr19,48899725,48900914,1189
HO9185,chr19,48933179,48935071,1892
HO9186,chr19,48954112,48955404,1292
HO9187,chr19,48964648,48966134,1486
HO9188,chr19,48967287,48968268,981
HO9189,chr19,48992169,48994202,2033
HO9190,chr19,49017425,49018997,1572
HO9191,chr19,49055611,49058099,2488
HO9192,chr19,49064602,49066453,1851
HO9193,chr19,49084704,49085923,1219
HO9194,chr19,49113703,49115179,1476
HO9195,chr19,49118446,49120321,1875
HO9196,chr19,49127576,49128640,1064
HO9197,chr19,49132948,49134229,1281
HO9198,chr19,49142629,49143257,628
HO9199,chr19,49145859,49146372,513
HO9200,chr19,49148738,49150891,2153
HO9201,chr19,49157195,49158448,1253
HO9202,chr19,49338599,49340570,1971
HO9203,chr19,49361135,49364018,2883
HO9204,chr19,49442606,49444027,1421
HO9205,chr19,49451326,49452186,860
HO9206,chr19,49452677,49453731,1054
HO9207,chr19,49486854,49487914,1060
HO9208,chr19,49495642,49496606,964
HO9209,chr19,49512186,49513747,1561
HO9210,chr19,49527380,49528393,1013
HO9211,chr19,49533246,49534493,1247
HO9212,chr19,49579851,49580872,1021
HO9213,chr19,49589653,49592417,2764
HO9214,chr19,49593066,49593745,679
HO9215,chr19,49639736,49641196,1460
HO9216,chr19,49641536,49642771,1235
HO9217,chr19,49664157,49666288,2131
HO9218,chr19,49672084,49672615,531
HO9219,chr19,49676189,49678570,2381
HO9220,chr19,49680436,49680952,516
HO9221,chr19,49689794,49691651,1857
HO9222,chr19,49765962,49767668,1706
HO9223,chr19,49801720,49802976,1256
HO9224,chr19,49808333,49809714,1381
HO9225,chr19,49812823,49813821,998
HO9226,chr19,49817196,49819048,1852
HO9227,chr19,49819152,49820914,1762
HO9228,chr19,49850285,49852041,1756
HO9229,chr19,49866893,49868000,1107
HO9230,chr19,49869065,49870114,1049
HO9231,chr19,49875964,49878444,2480
HO9232,chr19,49889732,49891354,1622
HO9233,chr19,49928547,49930743,2196
HO9234,chr19,49971484,49972705,1221
HO9235,chr19,49986762,49987605,843
HO9236,chr19,50024811,50026280,1469
HO9237,chr19,50050339,50051323,984
HO9238,chr19,50147396,50148460,1064
HO9239,chr19,50203051,50203823,772
HO9240,chr19,50205091,50205714,623
HO9241,chr19,50328709,50329814,1105
HO9242,chr19,50330588,50331059,471
HO9243,chr19,50333129,50334027,898
HO9244,chr19,50357044,50359053,2009
HO9245,chr19,50368355,50369536,1181
HO9246,chr19,50375984,50377732,1748
HO9247,chr19,50383473,50385059,1586
HO9248,chr19,50431287,50432902,1615
HO9249,chr19,50475824,50477029,1205
HO9250,chr19,50510129,50511899,1770
HO9251,chr19,50555869,50557407,1538
HO9252,chr19,50657805,50659346,1541
HO9253,chr19,50694836,50696151,1315
HO9254,chr19,50724187,50725589,1402
HO9255,chr19,50803726,50805394,1668
HO9256,chr19,50835400,50837023,1623
HO9257,chr19,51016731,51017672,941
HO9258,chr19,51018643,51020511,1868
HO9259,chr19,51107605,51108975,1370
HO9260,chr19,51319449,51320750,1301
HO9261,chr19,51326710,51328070,1360
HO9262,chr19,51338576,51340642,2066
HO9263,chr19,51353986,51355134,1148
HO9264,chr19,51365526,51368570,3044
HO9265,chr19,51393740,51394728,988
HO9266,chr19,51570745,51571837,1092
HO9267,chr19,51593618,51594915,1297
HO9268,chr19,51687808,51691527,3719
HO9269,chr19,51703424,51704672,1248
HO9270,chr19,51719165,51720280,1115
HO9271,chr19,51887265,51888351,1086
HO9272,chr19,51903777,51905223,1446
HO9273,chr19,51926474,51927906,1432
HO9274,chr19,51986053,51987110,1057
HO9275,chr19,52007381,52008766,1385
HO9276,chr19,52027795,52028991,1196
HO9277,chr19,52048062,52049591,1529
HO9278,chr19,52094586,52096100,1514
HO9279,chr19,52138543,52140256,1713
HO9280,chr19,52170227,52172072,1845
HO9281,chr19,52188973,52190981,2008
HO9282,chr19,52269026,52270669,1643
HO9283,chr19,52296423,52298253,1830
HO9284,chr19,52335798,52337314,1516
HO9285,chr19,52369477,52370436,959
HO9286,chr19,52397110,52398422,1312
HO9287,chr19,52452987,52454119,1132
HO9288,chr19,52526802,52528367,1565
HO9289,chr19,52535135,52536727,1592
HO9290,chr19,52569461,52570912,1451
HO9291,chr19,52600626,52602299,1673
HO9292,chr19,52637586,52638953,1367
HO9293,chr19,52688551,52691193,2642
HO9294,chr19,52733858,52735635,1777
HO9295,chr19,52741122,52742619,1497
HO9296,chr19,52785725,52787606,1881
HO9297,chr19,52856833,52858275,1442
HO9298,chr19,52896581,52898198,1617
HO9299,chr19,52922452,52923961,1509
HO9300,chr19,52941602,52943213,1611
HO9301,chr19,52962086,52963630,1544
HO9302,chr19,52992319,52994234,1915
HO9303,chr19,53102244,53104009,1765
HO9304,chr19,53131621,53133105,1484
HO9305,chr19,53157646,53159486,1840
HO9306,chr19,53192649,53193622,973
HO9307,chr19,53196520,53197488,968
HO9308,chr19,53254244,53255391,1147
HO9309,chr19,53333064,53334439,1375
HO9310,chr19,53364909,53366364,1455
HO9311,chr19,53394466,53396778,2312
HO9312,chr19,53431210,53432678,1468
HO9313,chr19,53466908,53468918,2010
HO9314,chr19,53520164,53521382,1218
HO9315,chr19,53537168,53538755,1587
HO9316,chr19,53553569,53555021,1452
HO9317,chr19,53792618,53793502,884
HO9318,chr19,53865927,53866692,765
HO9319,chr19,53866982,53869778,2796
HO9320,chr19,53878933,53879861,928
HO9321,chr19,53881766,53882471,705
HO9322,chr19,53979655,53982042,2387
HO9323,chr19,54102113,54103331,1218
HO9324,chr19,54114462,54115917,1455
HO9325,chr19,54136515,54138763,2248
HO9326,chr19,54158995,54161176,2181
HO9327,chr19,54179295,54180641,1346
HO9328,chr19,54189112,54191617,2505
HO9329,chr19,54200171,54201404,1233
HO9330,chr19,54207665,54210445,2780
HO9331,chr19,54429942,54431820,1878
HO9332,chr19,54448062,54449972,1910
HO9333,chr19,54462703,54465257,2554
HO9334,chr19,54472865,54473898,1033
HO9335,chr19,55062249,55063417,1168
HO9336,chr19,55080049,55081797,1748
HO9337,chr19,55086622,55087801,1179
HO9338,chr19,55113096,55114019,923
HO9339,chr19,55116133,55118272,2139
HO9340,chr19,55140911,55141635,724
HO9341,chr19,55146060,55147222,1162
HO9342,chr19,55156103,55157892,1789
HO9343,chr19,55160017,55161082,1065
HO9344,chr19,55165815,55167286,1471
HO9345,chr19,55178744,55180508,1764
HO9346,chr19,55206406,55207530,1124
HO9347,chr19,55257472,55259666,2194
HO9348,chr19,55279448,55280703,1255
HO9349,chr19,55300814,55302266,1452
HO9350,chr19,55338466,55340411,1945
HO9351,chr19,55340625,55341488,863
HO9352,chr19,55347783,55348829,1046
HO9353,chr19,55353469,55354571,1102
HO9354,chr19,55368432,55370840,2408
HO9355,chr19,55383493,55386539,3046
HO9356,chr19,55406941,55408526,1585
HO9357,chr19,55451189,55453352,2163
HO9358,chr19,55459613,55462121,2508
HO9359,chr19,55475901,55477300,1399
HO9360,chr19,55484611,55485584,973
HO9361,chr19,55503398,55504361,963
HO9362,chr19,55516685,55517720,1035
HO9363,chr19,55579866,55581195,1329
HO9364,chr19,55585489,55586329,840
HO9365,chr19,55586813,55587651,838
HO9366,chr19,55598756,55600712,1956
HO9367,chr19,55604567,55606553,1986
HO9368,chr19,55623696,55625074,1378
HO9369,chr19,55634547,55635483,936
HO9370,chr19,55640057,55642363,2306
HO9371,chr19,55642434,55643899,1465
HO9372,chr19,55647482,55648868,1386
HO9373,chr19,55653542,55655711,2169
HO9374,chr19,55674517,55675664,1147
HO9375,chr19,55688205,55689316,1111
HO9376,chr19,56119871,56121821,1950
HO9377,chr19,56140132,56142411,2279
HO9378,chr19,56314016,56315623,1607
HO9379,chr19,56367489,56368932,1443
HO9380,chr19,56392936,56393906,970
HO9381,chr19,56403292,56404868,1576
HO9382,chr19,56476565,56478505,1940
HO9383,chr19,56507219,56508585,1366
HO9384,chr19,56538069,56539386,1317
HO9385,chr19,56566785,56567995,1210
HO9386,chr19,56594713,56596476,1763
HO9387,chr19,56637621,56638400,779
HO9388,chr19,56670943,56672114,1171
HO9389,chr19,56750686,56751564,878
HO9390,chr19,56837462,56838491,1029
HO9391,chr19,56838727,56840991,2264
HO9392,chr19,56965867,56967228,1361
HO9393,chr19,56980469,56982017,1548
HO9394,chr19,56993682,56995876,2194
HO9395,chr19,57056419,57058060,1641
HO9396,chr19,57171373,57172677,1304
HO9397,chr19,57190858,57192614,1756
HO9398,chr19,57239913,57241424,1511
HO9399,chr19,57279510,57281112,1602
HO9400,chr19,57319861,57321155,1294
HO9401,chr19,57350645,57352092,1447
HO9402,chr19,57362777,57364110,1333
HO9403,chr19,57389263,57390630,1367
HO9404,chr19,57410571,57411731,1160
HO9405,chr19,57434663,57435981,1318
HO9406,chr19,57476990,57477855,865
HO9407,chr19,57487325,57488052,727
HO9408,chr19,57499243,57500161,918
HO9409,chr19,57526762,57527943,1181
HO9410,chr19,57558599,57560499,1900
HO9411,chr19,57578355,57579227,872
HO9412,chr19,57583363,57584434,1071
HO9413,chr19,57599354,57600397,1043
HO9414,chr19,57613685,57614724,1039
HO9415,chr19,57632695,57633701,1006
HO9416,chr19,57663920,57665299,1379
HO9417,chr19,57681368,57682471,1103
HO9418,chr19,57708380,57709584,1204
HO9419,chr19,57726578,57727942,1364
HO9420,chr19,57746389,57747503,1114
HO9421,chr19,57769080,57770185,1105
HO9422,chr19,57803296,57804943,1647
HO9423,chr19,57814005,57815211,1206
HO9424,chr19,57819193,57820385,1192
HO9425,chr19,57828779,57830671,1892
HO9426,chr19,57849274,57851032,1758
HO9427,chr19,57887284,57889360,2076
HO9428,chr19,57915911,57917075,1164
HO9429,chr19,57934650,57935653,1003
HO9430,chr19,57947032,57948043,1011
HO9431,chr19,58001883,58003413,1530
HO9432,chr19,58009250,58010208,958
HO9433,chr19,58033459,58034924,1465
HO9434,chr19,58058791,58060024,1233
HO9435,chr19,58097435,58098988,1553
HO9436,chr19,58150092,58150956,864
HO9437,chr19,58154322,58155407,1085
HO9438,chr19,58182361,58183960,1599
HO9439,chr19,58227974,58229548,1574
HO9440,chr19,58278176,58279767,1591
HO9441,chr19,58304733,58305950,1217
HO9442,chr19,58326424,58327774,1350
HO9443,chr19,58346905,58347899,994
HO9444,chr19,58355880,58357602,1722
HO9445,chr19,58361846,58363137,1291
HO9446,chr19,58380091,58381509,1418
HO9447,chr19,58386120,58387429,1309
HO9448,chr19,58400664,58402046,1382
HO9449,chr19,58407034,58409529,2495
HO9450,chr19,58439530,58440818,1288
HO9451,chr19,58450872,58452227,1355
HO9452,chr19,58466491,58467747,1256
HO9453,chr19,58475283,58477087,1804
HO9454,chr19,58498686,58499943,1257
HO9455,chr19,58513478,58514476,998
HO9456,chr19,58518782,58520417,1635
HO9457,chr19,58537883,58538996,1113
HO9458,chr19,58543553,58545100,1547
HO9459,chr19,58554491,58555453,962
HO9460,chr19,58558070,58559820,1750
HO9461,chr19,58562207,58563437,1230
HO9462,chr19,58572449,58573823,1374
HO9463,chr19,58575147,58576192,1045
HO9464,chr2,45215,47982,2767
HO9465,chr2,263521,265311,1790
HO9466,chr2,676058,677805,1747
HO9467,chr2,739639,741152,1513
HO9468,chr2,949773,951407,1634
HO9469,chr2,1281536,1283278,1742
HO9470,chr2,1742423,1745208,2785
HO9471,chr2,2613160,2614162,1002
HO9472,chr2,3282076,3283061,985
HO9473,chr2,3377296,3378439,1143
HO9474,chr2,3379309,3380331,1022
HO9475,chr2,3482922,3483806,884
HO9476,chr2,3492819,3494443,1624
HO9477,chr2,3518104,3519849,1745
HO9478,chr2,3535482,3537040,1558
HO9479,chr2,3557647,3559011,1364
HO9480,chr2,3574675,3576198,1523
HO9481,chr2,3650507,3652373,1866
HO9482,chr2,5390893,5392044,1151
HO9483,chr2,5672960,5674150,1190
HO9484,chr2,5690933,5692810,1877
HO9485,chr2,5695747,5697519,1772
HO9486,chr2,5725580,5726595,1015
HO9487,chr2,5980478,5982074,1596
HO9488,chr2,6072780,6074577,1797
HO9489,chr2,6164415,6165734,1319
HO9490,chr2,6865008,6866687,1679
HO9491,chr2,6916869,6918279,1410
HO9492,chr2,7191564,7192399,835
HO9493,chr2,8515077,8516666,1589
HO9494,chr2,8583151,8584237,1086
HO9495,chr2,8678675,8679475,800
HO9496,chr2,8681213,8682373,1160
HO9497,chr2,8684541,8686077,1536
HO9498,chr2,8796262,8797190,928
HO9499,chr2,8836198,8838048,1850
HO9500,chr2,9002483,9004548,2065
HO9501,chr2,9142527,9143227,700
HO9502,chr2,9205923,9208051,2128
HO9503,chr2,9234382,9235895,1513
HO9504,chr2,9422282,9424267,1985
HO9505,chr2,9473387,9475471,2084
HO9506,chr2,9554802,9556558,1756
HO9507,chr2,9629792,9631457,1665
HO9508,chr2,9763137,9764344,1207
HO9509,chr2,9769086,9769974,888
HO9510,chr2,9842912,9844359,1447
HO9511,chr2,9950593,9952271,1678
HO9512,chr2,10041987,10044544,2557
HO9513,chr2,10057078,10058140,1062
HO9514,chr2,10072412,10073882,1470
HO9515,chr2,10078868,10080913,2045
HO9516,chr2,10119880,10120885,1005
HO9517,chr2,10122078,10123009,931
HO9518,chr2,10225282,10226529,1247
HO9519,chr2,10301869,10304399,2530
HO9520,chr2,10408959,10409498,539
HO9521,chr2,10434666,10435272,606
HO9522,chr2,10438664,10439929,1265
HO9523,chr2,10447319,10449298,1979
HO9524,chr2,10689259,10690666,1407
HO9525,chr2,10720961,10722290,1329
HO9526,chr2,10811633,10813307,1674
HO9527,chr2,10832086,10832765,679
HO9528,chr2,10883013,10885386,2373
HO9529,chr2,10911228,10912522,1294
HO9530,chr2,11129565,11130211,646
HO9531,chr2,11132577,11134175,1598
HO9532,chr2,11154397,11155878,1481
HO9533,chr2,11342814,11345627,2813
HO9534,chr2,11465178,11466665,1487
HO9535,chr2,11481935,11483861,1926
HO9536,chr2,11539039,11540704,1665
HO9537,chr2,11669550,11670363,813
HO9538,chr2,11746157,11747398,1241
HO9539,chr2,11829072,11830749,1677
HO9540,chr2,12715582,12718870,3288
HO9541,chr2,14401507,14402353,846
HO9542,chr2,14632173,14632904,731
HO9543,chr2,14634193,14635838,1645
HO9544,chr2,15560242,15562270,2028
HO9545,chr2,15591318,15592471,1153
HO9546,chr2,15939549,15942858,3309
HO9547,chr2,15943163,15944208,1045
HO9548,chr2,17517823,17518965,1142
HO9549,chr2,17538049,17541075,3026
HO9550,chr2,17752915,17754716,1801
HO9551,chr2,17877696,17879765,2069
HO9552,chr2,18559565,18560979,1414
HO9553,chr2,19347416,19348728,1312
HO9554,chr2,19357453,19359212,1759
HO9555,chr2,19362321,19363695,1374
HO9556,chr2,19868384,19869771,1387
HO9557,chr2,19900483,19902572,2089
HO9558,chr2,19989152,19990512,1360
HO9559,chr2,20011906,20013522,1616
HO9560,chr2,20050644,20053113,2469
HO9561,chr2,20071178,20072382,1204
HO9562,chr2,20073056,20074713,1657
HO9563,chr2,20212255,20214170,1915
HO9564,chr2,20223107,20225828,2721
HO9565,chr2,20350033,20351754,1721
HO9566,chr2,20446400,20449108,2708
HO9567,chr2,20449359,20451178,1819
HO9568,chr2,20584158,20585738,1580
HO9569,chr2,20650264,20651790,1526
HO9570,chr2,20666092,20667771,1679
HO9571,chr2,20821888,20823336,1448
HO9572,chr2,23384413,23386297,1884
HO9573,chr2,23480767,23481576,809
HO9574,chr2,23532074,23533671,1597
HO9575,chr2,23925742,23927834,2092
HO9576,chr2,23939166,23941508,2342
HO9577,chr2,24009412,24010919,1507
HO9578,chr2,24046860,24047742,882
HO9579,chr2,24049355,24050528,1173
HO9580,chr2,24075820,24077550,1730
HO9581,chr2,24083467,24085401,1934
HO9582,chr2,24122818,24124260,1442
HO9583,chr2,24359208,24360969,1761
HO9584,chr2,24490431,24492823,2392
HO9585,chr2,24792485,24794140,1655
HO9586,chr2,24918990,24920823,1833
HO9587,chr2,24970745,24972836,2091
HO9588,chr2,25041108,25043452,2344
HO9589,chr2,25167943,25169017,1074
HO9590,chr2,25214775,25216582,1807
HO9591,chr2,25228638,25230003,1365
HO9592,chr2,25250357,25252968,2611
HO9593,chr2,25314138,25315611,1473
HO9594,chr2,25339780,25342756,2976
HO9595,chr2,25361600,25363082,1482
HO9596,chr2,25376369,25377581,1212
HO9597,chr2,25672604,25674199,1595
HO9598,chr2,25877170,25878854,1684
HO9599,chr2,25981600,25983284,1684
HO9600,chr2,26033084,26034954,1870
HO9601,chr2,26184066,26185461,1395
HO9602,chr2,26243693,26246043,2350
HO9603,chr2,26298330,26300662,2332
HO9604,chr2,26344999,26347009,2010
HO9605,chr2,26401452,26402376,924
HO9606,chr2,26502904,26504149,1245
HO9607,chr2,26562069,26563477,1408
HO9608,chr2,26691805,26693646,1841
HO9609,chr2,26763779,26764924,1145
HO9610,chr2,26785304,26786543,1239
HO9611,chr2,26847416,26850075,2659
HO9612,chr2,26970119,26971631,1512
HO9613,chr2,27032217,27033568,1351
HO9614,chr2,27049816,27052146,2330
HO9615,chr2,27070967,27073184,2217
HO9616,chr2,27077999,27079258,1259
HO9617,chr2,27080886,27081658,772
HO9618,chr2,27085522,27087399,1877
HO9619,chr2,27123274,27124115,841
HO9620,chr2,27133485,27134992,1507
HO9621,chr2,27211242,27212860,1618
HO9622,chr2,27216993,27218181,1188
HO9623,chr2,27262061,27263384,1323
HO9624,chr2,27264381,27265380,999
HO9625,chr2,27307596,27308797,1201
HO9626,chr2,27322292,27323809,1517
HO9627,chr2,27355993,27357442,1449
HO9628,chr2,27369579,27371540,1961
HO9629,chr2,27379838,27381439,1601
HO9630,chr2,27408728,27410252,1524
HO9631,chr2,27427979,27429640,1661
HO9632,chr2,27441197,27443495,2298
HO9633,chr2,27489064,27490112,1048
HO9634,chr2,27494113,27495605,1492
HO9635,chr2,27582283,27583771,1488
HO9636,chr2,27627884,27629707,1823
HO9637,chr2,27662905,27664479,1574
HO9638,chr2,27714938,27717389,2451
HO9639,chr2,27734984,27736307,1323
HO9640,chr2,27765368,27766507,1139
HO9641,chr2,27771057,27772150,1093
HO9642,chr2,27889792,27891455,1663
HO9643,chr2,28389999,28391259,1260
HO9644,chr2,28392034,28393167,1133
HO9645,chr2,28566276,28567491,1215
HO9646,chr2,28750349,28752605,2256
HO9647,chr2,28810004,28811385,1381
HO9648,chr2,28869516,28870890,1374
HO9649,chr2,28894017,28895489,1472
HO9650,chr2,29114580,29116661,2081
HO9651,chr2,29919948,29921938,1990
HO9652,chr2,30145993,30148093,2100
HO9653,chr2,30230329,30232876,2547
HO9654,chr2,30445976,30448009,2033
HO9655,chr2,31137171,31138963,1792
HO9656,chr2,31233453,31234725,1272
HO9657,chr2,32008953,32011383,2430
HO9658,chr2,32039122,32040205,1083
HO9659,chr2,32062493,32064588,2095
HO9660,chr2,32165097,32166269,1172
HO9661,chr2,32277375,32278601,1226
HO9662,chr2,32356338,32358421,2083
HO9663,chr2,32627205,32628576,1371
HO9664,chr2,32832203,32833268,1065
HO9665,chr2,32946234,32948148,1914
HO9666,chr2,33475405,33476995,1590
HO9667,chr2,33598389,33599906,1517
HO9668,chr2,36354943,36358168,3225
HO9669,chr2,36597166,36598371,1205
HO9670,chr2,36965661,36967201,1540
HO9671,chr2,37083668,37084896,1228
HO9672,chr2,37155818,37157542,1724
HO9673,chr2,37195999,37197307,1308
HO9674,chr2,37230666,37232633,1967
HO9675,chr2,37323752,37325560,1808
HO9676,chr2,37670245,37672905,2660
HO9677,chr2,37827642,37828550,908
HO9678,chr2,37924770,37925861,1091
HO9679,chr2,38074546,38077388,2842
HO9680,chr2,38376147,38378310,2163
HO9681,chr2,38535351,38536477,1126
HO9682,chr2,38601468,38603696,2228
HO9683,chr2,38665470,38666919,1449
HO9684,chr2,38734966,38736151,1185
HO9685,chr2,38750088,38751986,1898
HO9686,chr2,38777525,38779046,1521
HO9687,chr2,38875048,38876571,1523
HO9688,chr2,38959483,38961092,1609
HO9689,chr2,39119720,39121472,1752
HO9690,chr2,39123860,39124925,1065
HO9691,chr2,39435809,39438163,2354
HO9692,chr2,39664864,39667033,2169
HO9693,chr2,39778308,39780089,1781
HO9694,chr2,40450055,40452523,2468
HO9695,chr2,41337510,41338461,951
HO9696,chr2,41840478,41841602,1124
HO9697,chr2,42046180,42048794,2614
HO9698,chr2,42100905,42103071,2166
HO9699,chr2,42168762,42170473,1711
HO9700,chr2,42359874,42361995,2121
HO9701,chr2,42492594,42495316,2722
HO9702,chr2,42567393,42569733,2340
HO9703,chr2,42791979,42793916,1937
HO9704,chr2,42809573,42811760,2187
HO9705,chr2,42974390,42975645,1255
HO9706,chr2,43217853,43220402,2549
HO9707,chr2,43221718,43222276,558
HO9708,chr2,43225543,43227918,2375
HO9709,chr2,43595322,43596689,1367
HO9710,chr2,43636689,43638356,1667
HO9711,chr2,43724562,43726023,1461
HO9712,chr2,43773652,43774931,1279
HO9713,chr2,43831275,43832364,1089
HO9714,chr2,43995103,43996605,1502
HO9715,chr2,44044030,44044706,676
HO9716,chr2,44086804,44088300,1496
HO9717,chr2,44167543,44169772,2229
HO9718,chr2,44360777,44362934,2157
HO9719,chr2,45008644,45010507,1863
HO9720,chr2,45013381,45014750,1369
HO9721,chr2,45168666,45171022,2356
HO9722,chr2,45610275,45611758,1483
HO9723,chr2,45649861,45652939,3078
HO9724,chr2,45793036,45794667,1631
HO9725,chr2,46296508,46300090,3582
HO9726,chr2,46499421,46500562,1141
HO9727,chr2,46541589,46544395,2806
HO9728,chr2,46615974,46617521,1547
HO9729,chr2,46698235,46700119,1884
HO9730,chr2,46914879,46916474,1595
HO9731,chr2,46939371,46942405,3034
HO9732,chr2,46986609,46987793,1184
HO9733,chr2,47033725,47035583,1858
HO9734,chr2,47174873,47177231,2358
HO9735,chr2,47344401,47345850,1449
HO9736,chr2,47368838,47370167,1329
HO9737,chr2,47402252,47404006,1754
HO9738,chr2,47520641,47521825,1184
HO9739,chr2,47569668,47571956,2288
HO9740,chr2,47653678,47655289,1611
HO9741,chr2,47776458,47778161,1703
HO9742,chr2,47782341,47784589,2248
HO9743,chr2,47904261,47907136,2875
HO9744,chr2,48111002,48112312,1310
HO9745,chr2,48313886,48316142,2256
HO9746,chr2,48440075,48441433,1358
HO9747,chr2,48529475,48530891,1416
HO9748,chr2,50345952,50348008,2056
HO9749,chr2,51031556,51032700,1144
HO9750,chr2,53767197,53768392,1195
HO9751,chr2,53786035,53787875,1840
HO9752,chr2,53969853,53971585,1732
HO9753,chr2,54029028,54030790,1762
HO9754,chr2,54114562,54116120,1558
HO9755,chr2,54329685,54331405,1720
HO9756,chr2,54455036,54458018,2982
HO9757,chr2,54557555,54558903,1348
HO9758,chr2,54708480,54709818,1338
HO9759,chr2,54722736,54724337,1601
HO9760,chr2,55048527,55051369,2842
HO9761,chr2,55231560,55233287,1727
HO9762,chr2,55268437,55269517,1080
HO9763,chr2,55281685,55282782,1097
HO9764,chr2,55418601,55420476,1875
HO9765,chr2,55518789,55520701,1912
HO9766,chr2,55616461,55619006,2545
HO9767,chr2,55692941,55694076,1135
HO9768,chr2,55922209,55924171,1962
HO9769,chr2,56183521,56185935,2414
HO9770,chr2,57758708,57760756,2048
HO9771,chr2,58046025,58047526,1501
HO9772,chr2,58240296,58241587,1291
HO9773,chr2,58427394,58429393,1999
HO9774,chr2,60549275,60550953,1678
HO9775,chr2,60553208,60555702,2494
HO9776,chr2,60568127,60570074,1947
HO9777,chr2,60581232,60582273,1041
HO9778,chr2,60755689,60757103,1414
HO9779,chr2,60847617,60849057,1440
HO9780,chr2,60880565,60882216,1651
HO9781,chr2,61016437,61018642,2205
HO9782,chr2,61065205,61066669,1464
HO9783,chr2,61144443,61145606,1163
HO9784,chr2,61176552,61178259,1707
HO9785,chr2,61469926,61472243,2317
HO9786,chr2,61536221,61539099,2878
HO9787,chr2,61694172,61695302,1130
HO9788,chr2,61763336,61764858,1522
HO9789,chr2,61853227,61855466,2239
HO9790,chr2,61887273,61889429,2156
HO9791,chr2,61905194,61906236,1042
HO9792,chr2,62194649,62197906,3257
HO9793,chr2,62456612,62457930,1318
HO9794,chr2,62505188,62506795,1607
HO9795,chr2,62704804,62706663,1859
HO9796,chr2,63050070,63051152,1082
HO9797,chr2,63587662,63589295,1633
HO9798,chr2,63840197,63842769,2572
HO9799,chr2,64018204,64020078,1874
HO9800,chr2,64142634,64144826,2192
HO9801,chr2,64227716,64228997,1281
HO9802,chr2,64283061,64284493,1432
HO9803,chr2,64452989,64455190,2201
HO9804,chr2,64523610,64525354,1744
HO9805,chr2,64643970,64645391,1421
HO9806,chr2,64652863,64654798,1935
HO9807,chr2,64749966,64752191,2225
HO9808,chr2,64766542,64768746,2204
HO9809,chr2,64858821,64860281,1460
HO9810,chr2,64864481,64865914,1433
HO9811,chr2,64988198,64990112,1914
HO9812,chr2,65055501,65057082,1581
HO9813,chr2,65129244,65130979,1735
HO9814,chr2,65226951,65228566,1615
HO9815,chr2,65382371,65384274,1903
HO9816,chr2,65430371,65433065,2694
HO9817,chr2,65435516,65436964,1448
HO9818,chr2,66425337,66427043,1706
HO9819,chr2,66432543,66433767,1224
HO9820,chr2,66433928,66435555,1627
HO9821,chr2,66445132,66446892,1760
HO9822,chr2,66469000,66470311,1311
HO9823,chr2,66574544,66577459,2915
HO9824,chr2,66581023,66583892,2869
HO9825,chr2,66701843,66702823,980
HO9826,chr2,67396944,67398253,1309
HO9827,chr2,67560468,67561944,1476
HO9828,chr2,67649128,67651208,2080
HO9829,chr2,68062280,68063378,1098
HO9830,chr2,68156629,68158329,1700
HO9831,chr2,68250866,68253686,2820
HO9832,chr2,68318337,68320603,2266
HO9833,chr2,68466325,68467971,1646
HO9834,chr2,68642909,68644057,1148
HO9835,chr2,68828648,68829804,1156
HO9836,chr2,69012359,69014812,2453
HO9837,chr2,69306078,69307692,1614
HO9838,chr2,69386601,69387999,1398
HO9839,chr2,69436395,69438040,1645
HO9840,chr2,69642596,69644664,2068
HO9841,chr2,69740792,69742569,1777
HO9842,chr2,69789128,69790746,1618
HO9843,chr2,69797828,69799722,1894
HO9844,chr2,69828946,69830648,1702
HO9845,chr2,69893450,69894995,1545
HO9846,chr2,69913905,69915877,1972
HO9847,chr2,70085780,70088485,2705
HO9848,chr2,70089185,70089886,701
HO9849,chr2,70123094,70125479,2385
HO9850,chr2,70141108,70143063,1955
HO9851,chr2,70189899,70191323,1424
HO9852,chr2,70247486,70249166,1680
HO9853,chr2,70257217,70258916,1699
HO9854,chr2,70293054,70294305,1251
HO9855,chr2,70301011,70302307,1296
HO9856,chr2,70553138,70554451,1313
HO9857,chr2,70766977,70768594,1617
HO9858,chr2,70899775,70901948,2173
HO9859,chr2,70976663,70977670,1007
HO9860,chr2,70978306,70979317,1011
HO9861,chr2,70994039,70995698,1659
HO9862,chr2,71067561,71069206,1645
HO9863,chr2,71129367,71131129,1762
HO9864,chr2,71226131,71227726,1595
HO9865,chr2,71275983,71277401,1418
HO9866,chr2,71331214,71332769,1555
HO9867,chr2,71453104,71454158,1054
HO9868,chr2,71466019,71467294,1275
HO9869,chr2,71882355,71883738,1383
HO9870,chr2,72142640,72143720,1080
HO9871,chr2,72144471,72145638,1167
HO9872,chr2,72148448,72149316,868
HO9873,chr2,72149616,72150677,1061
HO9874,chr2,72825133,72826252,1119
HO9875,chr2,72886789,72888170,1381
HO9876,chr2,72917111,72918842,1731
HO9877,chr2,73070422,73072346,1924
HO9878,chr2,73111495,73113713,2218
HO9879,chr2,73176735,73178109,1374
HO9880,chr2,73201894,73203656,1762
HO9881,chr2,73213575,73214809,1234
HO9882,chr2,73232707,73235086,2379
HO9883,chr2,73268502,73270086,1584
HO9884,chr2,73283071,73285483,2412
HO9885,chr2,73290955,73292242,1287
HO9886,chr2,73385266,73387027,1761
HO9887,chr2,73560504,73561670,1166
HO9888,chr2,73736490,73737746,1256
HO9889,chr2,73779019,73780370,1351
HO9890,chr2,73828355,73829615,1260
HO9891,chr2,73926158,73927301,1143
HO9892,chr2,73983393,73986045,2652
HO9893,chr2,74002043,74003414,1371
HO9894,chr2,74119877,74120723,846
HO9895,chr2,74146894,74148641,1747
HO9896,chr2,74177844,74179324,1480
HO9897,chr2,74197936,74199621,1685
HO9898,chr2,74373762,74375077,1315
HO9899,chr2,74390752,74392276,1524
HO9900,chr2,74414464,74416009,1545
HO9901,chr2,74421137,74422388,1251
HO9902,chr2,74439484,74442538,3054
HO9903,chr2,74454613,74455399,786
HO9904,chr2,74457132,74458602,1470
HO9905,chr2,74464478,74465750,1272
HO9906,chr2,74471761,74473195,1434
HO9907,chr2,74481845,74483563,1718
HO9908,chr2,74506908,74508433,1525
HO9909,chr2,74528990,74531079,2089
HO9910,chr2,74548328,74549747,1419
HO9911,chr2,74553051,74555876,2825
HO9912,chr2,74653463,74654881,1418
HO9913,chr2,74714725,74716211,1486
HO9914,chr2,74777176,74779185,2009
HO9915,chr2,74821037,74823320,2283
HO9916,chr2,74833290,74835747,2457
HO9917,chr2,74958046,74959131,1085
HO9918,chr2,75199040,75201173,2133
HO9919,chr2,75559821,75561693,1872
HO9920,chr2,75646231,75647489,1258
HO9921,chr2,75709929,75711348,1419
HO9922,chr2,76684352,76685442,1090
HO9923,chr2,78992439,78993507,1068
HO9924,chr2,79512191,79513305,1114
HO9925,chr2,80302167,80304853,2686
HO9926,chr2,84194438,84196248,1810
HO9927,chr2,84458363,84459899,1536
HO9928,chr2,84515852,84516716,864
HO9929,chr2,84879500,84882445,2945
HO9930,chr2,84904352,84907659,3307
HO9931,chr2,84925376,84927304,1928
HO9932,chr2,84969991,84972275,2284
HO9933,chr2,85132490,85134871,2381
HO9934,chr2,85255423,85256654,1231
HO9935,chr2,85327100,85328505,1405
HO9936,chr2,85353800,85355393,1593
HO9937,chr2,85413498,85414246,748
HO9938,chr2,85418039,85420189,2150
HO9939,chr2,85420475,85421805,1330
HO9940,chr2,85430445,85431526,1081
HO9941,chr2,85436873,85438698,1825
HO9942,chr2,85537629,85540116,2487
HO9943,chr2,85545902,85547531,1629
HO9944,chr2,85560771,85562010,1239
HO9945,chr2,85583996,85585663,1667
HO9946,chr2,85594929,85596215,1286
HO9947,chr2,85601751,85603499,1748
HO9948,chr2,85611346,85612494,1148
HO9949,chr2,85615732,85616681,949
HO9950,chr2,85753151,85755384,2233
HO9951,chr2,85771900,85773293,1393
HO9952,chr2,85887444,85889649,2205
HO9953,chr2,86105213,86106581,1368
HO9954,chr2,86194623,86195958,1335
HO9955,chr2,86222756,86224087,1331
HO9956,chr2,86336286,86338131,1845
HO9957,chr2,86440549,86443196,2647
HO9958,chr2,86562448,86563710,1262
HO9959,chr2,86622414,86624100,1686
HO9960,chr2,86719546,86721285,1739
HO9961,chr2,86807128,86808905,1777
HO9962,chr2,87074991,87077139,2148
HO9963,chr2,88015662,88017748,2086
HO9964,chr2,88054266,88056047,1781
HO9965,chr2,88169734,88171019,1285
HO9966,chr2,88626307,88628383,2076
HO9967,chr2,88690973,88692538,1565
HO9968,chr2,88764601,88766136,1535
HO9969,chr2,94207694,94209498,1804
HO9970,chr2,95024322,95026834,2512
HO9971,chr2,95076410,95077338,928
HO9972,chr2,95121161,95122375,1214
HO9973,chr2,95158658,95160369,1711
HO9974,chr2,95165047,95166259,1212
HO9975,chr2,95206533,95208016,1483
HO9976,chr2,95345104,95347452,2348
HO9977,chr2,95401659,95403572,1913
HO9978,chr2,95526032,95527349,1317
HO9979,chr2,95681633,95683531,1898
HO9980,chr2,95991018,95993110,2092
HO9981,chr2,96009777,96010639,862
HO9982,chr2,96116056,96117837,1781
HO9983,chr2,96144737,96145763,1026
HO9984,chr2,96145947,96146909,962
HO9985,chr2,96148201,96149058,857
HO9986,chr2,96163274,96165104,1830
HO9987,chr2,96207615,96209267,1652
HO9988,chr2,96260155,96261088,933
HO9989,chr2,96264792,96266668,1876
HO9990,chr2,96304732,96306611,1879
HO9991,chr2,96320910,96322280,1370
HO9992,chr2,96324897,96325921,1024
HO9993,chr2,96335044,96336233,1189
HO9994,chr2,96531758,96532509,751
HO9995,chr2,96536158,96538051,1893
HO9996,chr2,96636459,96638721,2262
HO9997,chr2,96684220,96686423,2203
HO9998,chr2,96739273,96740639,1366
HO9999,chr2,96760292,96761452,1160
HO10000,chr2,96815295,96817364,2069
HO10001,chr2,96832457,96833714,1257
HO10002,chr2,96857066,96859630,2564
HO10003,chr2,96868063,96870468,2405
HO10004,chr2,96950144,96951527,1383
HO10005,chr2,97112246,97114112,1866
HO10006,chr2,97589274,97591115,1841
HO10007,chr2,97644977,97646545,1568
HO10008,chr2,97662742,97664647,1905
HO10009,chr2,97994953,97996603,1650
HO10010,chr2,98086409,98087474,1065
HO10011,chr2,98444221,98446148,1927
HO10012,chr2,98607776,98609503,1727
HO10013,chr2,98730138,98731727,1589
HO10014,chr2,98935263,98937350,2087
HO10015,chr2,99140595,99142044,1449
HO10016,chr2,99154019,99155764,1745
HO10017,chr2,99180556,99181721,1165
HO10018,chr2,99335645,99338065,2420
HO10019,chr2,99488483,99490736,2253
HO10020,chr2,99881407,99882619,1212
HO10021,chr2,100104335,100106895,2560
HO10022,chr2,100290659,100292613,1954
HO10023,chr2,100320564,100322849,2285
HO10024,chr2,100416651,100418042,1391
HO10025,chr2,100562078,100563664,1586
HO10026,chr2,100817786,100821053,3267
HO10027,chr2,101001594,101003461,1867
HO10028,chr2,101150577,101152210,1633
HO10029,chr2,101251812,101253577,1765
HO10030,chr2,101307641,101309161,1520
HO10031,chr2,101386493,101387927,1434
HO10032,chr2,101473244,101474900,1656
HO10033,chr2,101696462,101698709,2247
HO10034,chr2,102142131,102143867,1736
HO10035,chr2,102355367,102356429,1062
HO10036,chr2,102618487,102620015,1528
HO10037,chr2,102735747,102737251,1504
HO10038,chr2,104853502,104854378,876
HO10039,chr2,104872076,104874073,1997
HO10040,chr2,105037281,105038778,1497
HO10041,chr2,105143333,105144613,1280
HO10042,chr2,105328274,105330364,2090
HO10043,chr2,105336810,105338254,1444
HO10044,chr2,105398002,105399433,1431
HO10045,chr2,105437656,105439681,2025
HO10046,chr2,105743776,105745784,2008
HO10047,chr2,106192845,106194810,1965
HO10048,chr2,106581419,106582861,1442
HO10049,chr2,106885107,106887688,2581
HO10050,chr2,107304691,107306427,1736
HO10051,chr2,108377100,108378656,1556
HO10052,chr2,108448212,108449999,1787
HO10053,chr2,108533391,108535452,2061
HO10054,chr2,108718711,108720023,1312
HO10055,chr2,108785929,108787238,1309
HO10056,chr2,109031192,109032772,1580
HO10057,chr2,109127908,109130743,2835
HO10058,chr2,109409175,109411489,2314
HO10059,chr2,109612996,109615284,2288
HO10060,chr2,110114855,110116698,1843
HO10061,chr2,110204301,110205348,1047
HO10062,chr2,110211692,110212892,1200
HO10063,chr2,110674584,110675536,952
HO10064,chr2,110677646,110679803,2157
HO10065,chr2,111049200,111050311,1111
HO10066,chr2,111120217,111121614,1397
HO10067,chr2,111121842,111123390,1548
HO10068,chr2,111883491,111884820,1329
HO10069,chr2,111897486,111899582,2096
HO10070,chr2,112053871,112056656,2785
HO10071,chr2,112181435,112182435,1000
HO10072,chr2,112254312,112255280,968
HO10073,chr2,112275020,112276442,1422
HO10074,chr2,112480619,112483410,2791
HO10075,chr2,112541314,112542959,1645
HO10076,chr2,112583481,112585161,1680
HO10077,chr2,112644986,112646620,1634
HO10078,chr2,112763690,112765273,1583
HO10079,chr2,113156743,113158598,1855
HO10080,chr2,113198503,113199498,995
HO10081,chr2,113277039,113279225,2186
HO10082,chr2,113323917,113325752,1835
HO10083,chr2,113502143,113504051,1908
HO10084,chr2,113602005,113604466,2461
HO10085,chr2,113755028,113757272,2244
HO10086,chr2,113817677,113819003,1326
HO10087,chr2,113889061,113891186,2125
HO10088,chr2,114212718,114213661,943
HO10089,chr2,115160703,115162537,1834
HO10090,chr2,115440278,115441407,1129
HO10091,chr2,117086630,117088439,1809
HO10092,chr2,117814091,117815278,1187
HO10093,chr2,117835629,117836797,1168
HO10094,chr2,118012847,118014766,1919
HO10095,chr2,118087791,118089849,2058
HO10096,chr2,118185122,118186794,1672
HO10097,chr2,118309470,118311363,1893
HO10098,chr2,119223031,119224531,1500
HO10099,chr2,119365830,119367892,2062
HO10100,chr2,119431216,119432771,1555
HO10101,chr2,119523449,119524668,1219
HO10102,chr2,119543935,119545428,1493
HO10103,chr2,119677971,119679490,1519
HO10104,chr2,119759240,119761203,1963
HO10105,chr2,120012490,120013764,1274
HO10106,chr2,120222765,120223899,1134
HO10107,chr2,120251944,120253852,1908
HO10108,chr2,120312600,120314245,1645
HO10109,chr2,120343079,120345729,2650
HO10110,chr2,120345757,120347087,1330
HO10111,chr2,120395109,120396562,1453
HO10112,chr2,120441687,120443554,1867
HO10113,chr2,120734950,120737835,2885
HO10114,chr2,120740773,120742429,1656
HO10115,chr2,120757351,120759071,1720
HO10116,chr2,120866923,120868360,1437
HO10117,chr2,121018278,121019399,1121
HO10118,chr2,121284180,121285586,1406
HO10119,chr2,121529643,121531624,1981
HO10120,chr2,121595139,121597060,1921
HO10121,chr2,121648252,121650691,2439
HO10122,chr2,121736086,121737374,1288
HO10123,chr2,121754919,121756182,1263
HO10124,chr2,124024580,124025604,1024
HO10125,chr2,126655634,126656881,1247
HO10126,chr2,126657039,126658339,1300
HO10127,chr2,126776323,126777686,1363
HO10128,chr2,126885426,126887054,1628
HO10129,chr2,127024416,127026034,1618
HO10130,chr2,127086855,127088085,1230
HO10131,chr2,127105257,127107762,2505
HO10132,chr2,127218647,127220478,1831
HO10133,chr2,127293263,127294633,1370
HO10134,chr2,127386821,127388666,1845
HO10135,chr2,127407457,127408867,1410
HO10136,chr2,127415644,127416703,1059
HO10137,chr2,127422490,127424098,1608
HO10138,chr2,127525480,127527280,1800
HO10139,chr2,127674078,127676286,2208
HO10140,chr2,127700488,127702428,1940
HO10141,chr2,127810047,127811698,1651
HO10142,chr2,127857392,127858425,1033
HO10143,chr2,127884453,127886803,2350
HO10144,chr2,128026513,128028832,2319
HO10145,chr2,128090404,128092032,1628
HO10146,chr2,128232557,128233855,1298
HO10147,chr2,128304729,128305880,1151
HO10148,chr2,128318691,128319406,715
HO10149,chr2,128321556,128323208,1652
HO10150,chr2,128494032,128495420,1388
HO10151,chr2,129876849,129878651,1802
HO10152,chr2,129922633,129924113,1480
HO10153,chr2,130143407,130145438,2031
HO10154,chr2,130180818,130182505,1687
HO10155,chr2,130332153,130332893,740
HO10156,chr2,130336823,130337693,870
HO10157,chr2,130341640,130343434,1794
HO10158,chr2,130355215,130356644,1429
HO10159,chr2,130371662,130373030,1368
HO10160,chr2,130390429,130392241,1812
HO10161,chr2,130726747,130728472,1725
HO10162,chr2,130755296,130756716,1420
HO10163,chr2,130797255,130799218,1963
HO10164,chr2,130836312,130837553,1241
HO10165,chr2,130963087,130964836,1749
HO10166,chr2,131034048,131035620,1572
HO10167,chr2,131039652,131041392,1740
HO10168,chr2,131092603,131093943,1340
HO10169,chr2,131104463,131106742,2279
HO10170,chr2,131394146,131395646,1500
HO10171,chr2,131491947,131493879,1932
HO10172,chr2,131527232,131529469,2237
HO10173,chr2,131672096,131674525,2429
HO10174,chr2,131681716,131683405,1689
HO10175,chr2,131801107,131802886,1779
HO10176,chr2,132256307,132258232,1925
HO10177,chr2,132267156,132269076,1920
HO10178,chr2,132346886,132347737,851
HO10179,chr2,132352282,132353821,1539
HO10180,chr2,132415569,132416888,1319
HO10181,chr2,132667756,132671724,3968
HO10182,chr2,133264914,133267537,2623
HO10183,chr2,133750181,133750981,800
HO10184,chr2,134119502,134121656,2154
HO10185,chr2,134717746,134719584,1838
HO10186,chr2,134917481,134919599,2118
HO10187,chr2,135051709,135053310,1601
HO10188,chr2,135530070,135532191,2121
HO10189,chr2,135741205,135742763,1558
HO10190,chr2,135875449,135876764,1315
HO10191,chr2,135984431,135986138,1707
HO10192,chr2,136024688,136026036,1348
HO10193,chr2,136116076,136118703,2627
HO10194,chr2,136764396,136766392,1996
HO10195,chr2,136961672,136963135,1463
HO10196,chr2,138501037,138502744,1707
HO10197,chr2,138779170,138781075,1905
HO10198,chr2,142129848,142131713,1865
HO10199,chr2,143936504,143937889,1385
HO10200,chr2,144331148,144333098,1950
HO10201,chr2,144515532,144517756,2224
HO10202,chr2,144519979,144520718,739
HO10203,chr2,144523229,144524755,1526
HO10204,chr2,147843565,147845754,2189
HO10205,chr2,148019980,148021938,1958
HO10206,chr2,148643962,148646331,2369
HO10207,chr2,148874689,148876063,1374
HO10208,chr2,148887429,148888621,1192
HO10209,chr2,149329548,149331308,1760
HO10210,chr2,149586615,149588092,1477
HO10211,chr2,150484556,150487892,3336
HO10212,chr2,150526612,150527223,611
HO10213,chr2,151260597,151262213,1616
HO10214,chr2,151408682,151410798,2116
HO10215,chr2,151826707,151828911,2204
HO10216,chr2,152097253,152099763,2510
HO10217,chr2,152174917,152176534,1617
HO10218,chr2,152334749,152337403,2654
HO10219,chr2,152716874,152719185,2311
HO10220,chr2,153476560,153480044,3484
HO10221,chr2,153871224,153873522,2298
HO10222,chr2,154696881,154699430,2549
HO10223,chr2,156319498,156320871,1373
HO10224,chr2,156331882,156335112,3230
HO10225,chr2,156340964,156343155,2191
HO10226,chr2,156399796,156401316,1520
HO10227,chr2,156435304,156437032,1728
HO10228,chr2,157627707,157629454,1747
HO10229,chr2,157874906,157876958,2052
HO10230,chr2,158456115,158458432,2317
HO10231,chr2,158967212,158970360,3148
HO10232,chr2,159285747,159287416,1669
HO10233,chr2,159614779,159616767,1988
HO10234,chr2,159711742,159713284,1542
HO10235,chr2,160061784,160063626,1842
HO10236,chr2,160269416,160270990,1574
HO10237,chr2,160406672,160408443,1771
HO10238,chr2,160491786,160494689,2903
HO10239,chr2,161159892,161161582,1690
HO10240,chr2,161236860,161239703,2843
HO10241,chr2,161307860,161308889,1029
HO10242,chr2,161414126,161415078,952
HO10243,chr2,161423262,161424273,1011
HO10244,chr2,162073128,162074711,1583
HO10245,chr2,162343550,162344847,1297
HO10246,chr2,162966943,162967662,719
HO10247,chr2,163347701,163349336,1635
HO10248,chr2,163734879,163737222,2343
HO10249,chr2,164620521,164622006,1485
HO10250,chr2,164839957,164842390,2433
HO10251,chr2,165469103,165469836,733
HO10252,chr2,165549052,165550137,1085
HO10253,chr2,165952691,165954343,1652
HO10254,chr2,166375136,166376635,1499
HO10255,chr2,167292192,167294780,2588
HO10256,chr2,168246163,168248274,2111
HO10257,chr2,168455617,168457491,1874
HO10258,chr2,168889761,168890747,986
HO10259,chr2,169361578,169362983,1405
HO10260,chr2,169363440,169364974,1534
HO10261,chr2,169478936,169480135,1199
HO10262,chr2,169572933,169574113,1180
HO10263,chr2,169583982,169586020,2038
HO10264,chr2,169693354,169694905,1551
HO10265,chr2,169715262,169717517,2255
HO10266,chr2,169732900,169734776,1876
HO10267,chr2,169798323,169799875,1552
HO10268,chr2,169824215,169825133,918
HO10269,chr2,169827080,169828782,1702
HO10270,chr2,170713693,170714802,1109
HO10271,chr2,170715077,170716037,960
HO10272,chr2,170716699,170717395,696
HO10273,chr2,170769972,170771583,1611
HO10274,chr2,170816511,170818046,1535
HO10275,chr2,170822114,170823916,1802
HO10276,chr2,170928460,170930513,2053
HO10277,chr2,170973032,170974511,1479
HO10278,chr2,171158943,171161412,2469
HO10279,chr2,171433150,171434892,1742
HO10280,chr2,171521479,171523941,2462
HO10281,chr2,171687038,171688550,1512
HO10282,chr2,171893239,171894705,1466
HO10283,chr2,171921811,171923556,1745
HO10284,chr2,171999209,172000426,1217
HO10285,chr2,172084257,172085837,1580
HO10286,chr2,172094680,172096233,1553
HO10287,chr2,172101977,172103184,1207
HO10288,chr2,172172093,172173327,1234
HO10289,chr2,172427084,172429790,2706
HO10290,chr2,172555302,172556765,1463
HO10291,chr2,172600072,172601532,1460
HO10292,chr2,172734648,172736697,2049
HO10293,chr2,173075285,173077237,1952
HO10294,chr2,173354165,173355954,1789
HO10295,chr2,173963315,173966031,2716
HO10296,chr2,174247602,174249069,1467
HO10297,chr2,174325474,174327479,2005
HO10298,chr2,174335773,174337759,1986
HO10299,chr2,174341373,174342225,852
HO10300,chr2,174395126,174396423,1297
HO10301,chr2,174485780,174487800,2020
HO10302,chr2,174681653,174683778,2125
HO10303,chr2,175004367,175005846,1479
HO10304,chr2,175167082,175168848,1766
HO10305,chr2,175180608,175181960,1352
HO10306,chr2,176001137,176002920,1783
HO10307,chr2,176092287,176093540,1253
HO10308,chr2,176097186,176097909,723
HO10309,chr2,176106510,176107908,1398
HO10310,chr2,176115929,176116856,927
HO10311,chr2,176121689,176123859,2170
HO10312,chr2,176128612,176131073,2461
HO10313,chr2,176135615,176137185,1570
HO10314,chr2,176139683,176141068,1385
HO10315,chr2,176151147,176152618,1471
HO10316,chr2,176156613,176158310,1697
HO10317,chr2,176159693,176160984,1291
HO10318,chr2,176164622,176166168,1546
HO10319,chr2,176170583,176172548,1965
HO10320,chr2,176174378,176175832,1454
HO10321,chr2,176177731,176178851,1120
HO10322,chr2,176187426,176189971,2545
HO10323,chr2,176268883,176270232,1349
HO10324,chr2,176454534,176456469,1935
HO10325,chr2,176489839,176491657,1818
HO10326,chr2,176636974,176638527,1553
HO10327,chr2,177147901,177149244,1343
HO10328,chr2,177164304,177166603,2299
HO10329,chr2,177211842,177213469,1627
HO10330,chr2,177263208,177265576,2368
HO10331,chr2,177392175,177393430,1255
HO10332,chr2,177552103,177553757,1654
HO10333,chr2,177618155,177619266,1111
HO10334,chr2,177753400,177755219,1819
HO10335,chr2,178072136,178073359,1223
HO10336,chr2,178112019,178113286,1267
HO10337,chr2,178193590,178195490,1900
HO10338,chr2,178413210,178415023,1813
HO10339,chr2,178449892,178451999,2107
HO10340,chr2,178478115,178479342,1227
HO10341,chr2,178479923,178481151,1228
HO10342,chr2,178522521,178523986,1465
HO10343,chr2,179263057,179265431,2374
HO10344,chr2,179860079,179862043,1964
HO10345,chr2,180006278,180007565,1287
HO10346,chr2,180979740,180981552,1812
HO10347,chr2,181456616,181458314,1698
HO10348,chr2,181891155,181892902,1747
HO10349,chr2,182715350,182716838,1488
HO10350,chr2,182865945,182867795,1850
HO10351,chr2,183037050,183039062,2012
HO10352,chr2,183078184,183079683,1499
HO10353,chr2,183123605,183125106,1501
HO10354,chr2,184597090,184599144,2054
HO10355,chr2,185643368,185645628,2260
HO10356,chr2,186485312,186487322,2010
HO10357,chr2,186589184,186591410,2226
HO10358,chr2,186693532,186694829,1297
HO10359,chr2,186848527,186849807,1280
HO10360,chr2,188291126,188293229,2103
HO10361,chr2,188978191,188979068,877
HO10362,chr2,189440459,189441946,1487
HO10363,chr2,189580112,189582171,2059
HO10364,chr2,189660865,189662225,1360
HO10365,chr2,189673718,189675101,1383
HO10366,chr2,189762114,189763502,1388
HO10367,chr2,189783315,189784921,1606
HO10368,chr2,190179934,190181347,1413
HO10369,chr2,190318937,190320195,1258
HO10370,chr2,190342969,190344548,1579
HO10371,chr2,190407341,190409146,1805
HO10372,chr2,190468565,190470162,1597
HO10373,chr2,190533813,190535149,1336
HO10374,chr2,190647833,190650197,2364
HO10375,chr2,190880066,190882329,2263
HO10376,chr2,191013439,191014729,1290
HO10377,chr2,191019991,191021200,1209
HO10378,chr2,191150188,191151418,1230
HO10379,chr2,191244909,191246519,1610
HO10380,chr2,191677133,191679023,1890
HO10381,chr2,192194125,192196172,2047
HO10382,chr2,195656477,195658388,1911
HO10383,chr2,196067940,196069219,1279
HO10384,chr2,196170165,196172171,2006
HO10385,chr2,196274007,196275279,1272
HO10386,chr2,196591538,196593818,2280
HO10387,chr2,196639083,196640095,1012
HO10388,chr2,196798973,196799917,944
HO10389,chr2,196925551,196927642,2091
HO10390,chr2,197309467,197311281,1814
HO10391,chr2,197434479,197435824,1345
HO10392,chr2,197452687,197454269,1582
HO10393,chr2,197498718,197500706,1988
HO10394,chr2,197514837,197516794,1957
HO10395,chr2,197704704,197706273,1569
HO10396,chr2,197804023,197805732,1709
HO10397,chr2,199458263,199460069,1806
HO10398,chr2,199471000,199471780,780
HO10399,chr2,199850308,199851590,1282
HO10400,chr2,199910668,199912155,1487
HO10401,chr2,199954625,199956457,1832
HO10402,chr2,200305793,200307776,1983
HO10403,chr2,200509148,200510516,1368
HO10404,chr2,200525584,200526692,1108
HO10405,chr2,200585460,200586732,1272
HO10406,chr2,200810643,200812754,2111
HO10407,chr2,200863187,200865423,2236
HO10408,chr2,200888095,200890092,1997
HO10409,chr2,200962863,200964235,1372
HO10410,chr2,201070863,201072212,1349
HO10411,chr2,201115829,201117656,1827
HO10412,chr2,201118209,201119142,933
HO10413,chr2,201157676,201158701,1025
HO10414,chr2,201450896,201452355,1459
HO10415,chr2,201642139,201643661,1522
HO10416,chr2,201780064,201782130,2066
HO10417,chr2,202032348,202035072,2724
HO10418,chr2,202035434,202035828,394
HO10419,chr2,202237565,202239004,1439
HO10420,chr2,202264708,202266265,1557
HO10421,chr2,202374958,202377704,2746
HO10422,chr2,202634226,202636237,2011
HO10423,chr2,202870514,202872161,1647
HO10424,chr2,202911163,202912554,1391
HO10425,chr2,203013750,203015558,1808
HO10426,chr2,203238366,203240138,1772
HO10427,chr2,203327590,203329482,1892
HO10428,chr2,203533871,203535917,2046
HO10429,chr2,204544696,204546270,1574
HO10430,chr2,205681857,205682870,1013
HO10431,chr2,205684869,205686919,2050
HO10432,chr2,206084182,206086397,2215
HO10433,chr2,206158658,206160317,1659
HO10434,chr2,206273939,206275838,1899
HO10435,chr2,206442628,206444418,1790
HO10436,chr2,206764683,206766090,1407
HO10437,chr2,207163955,207167367,3412
HO10438,chr2,207309775,207311109,1334
HO10439,chr2,207528949,207530960,2011
HO10440,chr2,207624179,207626466,2287
HO10441,chr2,207710702,207712491,1789
HO10442,chr2,207767909,207770442,2533
HO10443,chr2,208024863,208026139,1276
HO10444,chr2,208253976,208255630,1654
HO10445,chr2,208265025,208266984,1959
HO10446,chr2,208406350,208407998,1648
HO10447,chr2,209423396,209425322,1926
HO10448,chr2,209771138,209772568,1430
HO10449,chr2,210001950,210003111,1161
HO10450,chr2,210169954,210172220,2266
HO10451,chr2,210224440,210225595,1155
HO10452,chr2,210476173,210477204,1031
HO10453,chr2,212535948,212539542,3594
HO10454,chr2,213151244,213152574,1330
HO10455,chr2,213283733,213284895,1162
HO10456,chr2,214808715,214810377,1662
HO10457,chr2,215311418,215312681,1263
HO10458,chr2,215435017,215437220,2203
HO10459,chr2,216012061,216013827,1766
HO10460,chr2,216081128,216082418,1290
HO10461,chr2,216108967,216109733,766
HO10462,chr2,216114327,216115553,1226
HO10463,chr2,216371138,216372615,1477
HO10464,chr2,216411805,216413051,1246
HO10465,chr2,216498056,216499454,1398
HO10466,chr2,216606361,216607256,895
HO10467,chr2,216632753,216634291,1538
HO10468,chr2,216691895,216693556,1661
HO10469,chr2,216694122,216694730,608
HO10470,chr2,217433378,217434859,1481
HO10471,chr2,217856657,217859470,2813
HO10472,chr2,217978229,217979700,1471
HO10473,chr2,218009885,218011617,1732
HO10474,chr2,218216367,218218151,1784
HO10475,chr2,218269451,218271030,1579
HO10476,chr2,218286284,218287448,1164
HO10477,chr2,218291621,218292761,1140
HO10478,chr2,218310876,218312578,1702
HO10479,chr2,218322319,218324491,2172
HO10480,chr2,218355841,218358169,2328
HO10481,chr2,218367095,218368188,1093
HO10482,chr2,218387003,218388225,1222
HO10483,chr2,218395703,218397101,1398
HO10484,chr2,218397709,218398213,504
HO10485,chr2,218399024,218400395,1371
HO10486,chr2,218405433,218407669,2236
HO10487,chr2,218567744,218569421,1677
HO10488,chr2,218658557,218660065,1508
HO10489,chr2,218671205,218672579,1374
HO10490,chr2,218710220,218711736,1516
HO10491,chr2,218780874,218782811,1937
HO10492,chr2,218859026,218860453,1427
HO10493,chr2,218860677,218861309,632
HO10494,chr2,218879911,218880858,947
HO10495,chr2,218892314,218893303,989
HO10496,chr2,218896322,218897441,1119
HO10497,chr2,218897551,218898734,1183
HO10498,chr2,218908519,218909550,1031
HO10499,chr2,218959165,218959960,795
HO10500,chr2,218962825,218963574,749
HO10501,chr2,218979747,218980368,621
HO10502,chr2,219001400,219003465,2065
HO10503,chr2,219057384,219058331,947
HO10504,chr2,219159760,219161041,1281
HO10505,chr2,219176136,219178798,2662
HO10506,chr2,219206154,219207608,1454
HO10507,chr2,219217668,219219577,1909
HO10508,chr2,219228772,219230480,1708
HO10509,chr2,219244881,219246012,1131
HO10510,chr2,219252783,219255161,2378
HO10511,chr2,219278869,219280256,1387
HO10512,chr2,219285824,219286719,895
HO10513,chr2,219294379,219295332,953
HO10514,chr2,219387011,219388777,1766
HO10515,chr2,219417996,219419041,1045
HO10516,chr2,219441346,219442799,1453
HO10517,chr2,219460227,219461847,1620
HO10518,chr2,219475888,219477361,1473
HO10519,chr2,219483958,219485437,1479
HO10520,chr2,219496551,219499096,2545
HO10521,chr2,219508873,219510489,1616
HO10522,chr2,219520824,219521852,1028
HO10523,chr2,219522543,219523265,722
HO10524,chr2,219541555,219542195,640
HO10525,chr2,219542737,219544538,1801
HO10526,chr2,219551175,219553107,1932
HO10527,chr2,219570086,219572497,2411
HO10528,chr2,219576487,219577422,935
HO10529,chr2,219597151,219598388,1237
HO10530,chr2,219626471,219628159,1688
HO10531,chr2,219641830,219642876,1046
HO10532,chr2,221570960,221574190,3230
HO10533,chr2,222318010,222320876,2866
HO10534,chr2,222423600,222425643,2043
HO10535,chr2,222655387,222656754,1367
HO10536,chr2,222671196,222672076,880
HO10537,chr2,222859863,222862021,2158
HO10538,chr2,223836821,223838431,1610
HO10539,chr2,223943426,223945547,2121
HO10540,chr2,223956894,223958039,1145
HO10541,chr2,224038234,224040287,2053
HO10542,chr2,224584129,224586085,1956
HO10543,chr2,225040831,225043125,2294
HO10544,chr2,226030135,226032444,2309
HO10545,chr2,226790885,226792519,1634
HO10546,chr2,226798320,226800315,1995
HO10547,chr2,226800464,226801656,1192
HO10548,chr2,226835327,226836759,1432
HO10549,chr2,227163480,227165261,1781
HO10550,chr2,227324621,227326537,1916
HO10551,chr2,227405556,227407074,1518
HO10552,chr2,227471706,227473294,1588
HO10553,chr2,228180038,228182154,2116
HO10554,chr2,228506808,228508628,1820
HO10555,chr2,229129561,229130967,1406
HO10556,chr2,229713360,229715545,2185
HO10557,chr2,229920798,229923080,2282
HO10558,chr2,230066849,230069081,2232
HO10559,chr2,230411039,230412340,1301
HO10560,chr2,230627661,230628739,1078
HO10561,chr2,230712185,230714349,2164
HO10562,chr2,230864364,230865292,928
HO10563,chr2,230865347,230866271,924
HO10564,chr2,230868875,230871290,2415
HO10565,chr2,230877734,230879916,2182
HO10566,chr2,231037135,231039206,2071
HO10567,chr2,231052465,231053191,726
HO10568,chr2,231056411,231057489,1078
HO10569,chr2,231197768,231199149,1381
HO10570,chr2,231394549,231396720,2171
HO10571,chr2,231399276,231401417,2141
HO10572,chr2,231411768,231412790,1022
HO10573,chr2,231463650,231465481,1831
HO10574,chr2,231513881,231515063,1182
HO10575,chr2,231604022,231605294,1272
HO10576,chr2,231613524,231615402,1878
HO10577,chr2,231661907,231662692,785
HO10578,chr2,231665978,231667205,1227
HO10579,chr2,231672417,231673724,1307
HO10580,chr2,231680358,231681644,1286
HO10581,chr2,231706270,231709005,2735
HO10582,chr2,231709356,231709834,478
HO10583,chr2,231710028,231710604,576
HO10584,chr2,231713596,231714349,753
HO10585,chr2,231780136,231781854,1718
HO10586,chr2,231786024,231786959,935
HO10587,chr2,231924899,231927457,2558
HO10588,chr2,231960960,231962221,1261
HO10589,chr2,232386386,232388858,2472
HO10590,chr2,232418681,232421406,2725
HO10591,chr2,232487003,232488394,1391
HO10592,chr2,232501134,232503840,2706
HO10593,chr2,232549982,232551393,1411
HO10594,chr2,232605617,232606503,886
HO10595,chr2,232632730,232635108,2378
HO10596,chr2,232696682,232698102,1420
HO10597,chr2,232926987,232929401,2414
HO10598,chr2,233251047,233252598,1551
HO10599,chr2,233353578,233355582,2004
HO10600,chr2,233565691,233566985,1294
HO10601,chr2,233853872,233854975,1103
HO10602,chr2,234335289,234336211,922
HO10603,chr2,234495976,234497800,1824
HO10604,chr2,234771897,234773079,1182
HO10605,chr2,234839889,234841307,1418
HO10606,chr2,234950685,234953097,2412
HO10607,chr2,235493007,235495341,2334
HO10608,chr2,235670222,235671227,1005
HO10609,chr2,236163780,236164857,1077
HO10610,chr2,236177614,236179731,2117
HO10611,chr2,236507120,236507926,806
HO10612,chr2,236567271,236569001,1730
HO10613,chr2,236939486,236940516,1030
HO10614,chr2,237084971,237086369,1398
HO10615,chr2,237290081,237291911,1830
HO10616,chr2,237474049,237475920,1871
HO10617,chr2,237486235,237487619,1384
HO10618,chr2,237512585,237514720,2135
HO10619,chr2,237626736,237628231,1495
HO10620,chr2,237673026,237674031,1005
HO10621,chr2,237690968,237693073,2105
HO10622,chr2,237732684,237734107,1423
HO10623,chr2,237966206,237967700,1494
HO10624,chr2,238060100,238061891,1791
HO10625,chr2,238119933,238121110,1177
HO10626,chr2,238202363,238204139,1776
HO10627,chr2,238239090,238241611,2521
HO10628,chr2,238285761,238286865,1104
HO10629,chr2,238287448,238289421,1973
HO10630,chr2,238319770,238321316,1546
HO10631,chr2,238425459,238427664,2205
HO10632,chr2,238846340,238849839,3499
HO10633,chr2,239105991,239107287,1296
HO10634,chr2,239239339,239241060,1721
HO10635,chr2,239308590,239309910,1320
HO10636,chr2,239327742,239330251,2509
HO10637,chr2,239399301,239402213,2912
HO10638,chr2,240024738,240026096,1358
HO10639,chr2,240135651,240136863,1212
HO10640,chr2,240232717,240234124,1407
HO10641,chr2,240258178,240260251,2073
HO10642,chr2,240373943,240374748,805
HO10643,chr2,240434665,240436933,2268
HO10644,chr2,240452126,240453224,1098
HO10645,chr2,240557330,240558158,828
HO10646,chr2,240560082,240561419,1337
HO10647,chr2,240565628,240566792,1164
HO10648,chr2,240567585,240569251,1666
HO10649,chr2,240585784,240587453,1669
HO10650,chr2,240774766,240776815,2049
HO10651,chr2,240791567,240793163,1596
HO10652,chr2,240818692,240821400,2708
HO10653,chr2,240831594,240833166,1572
HO10654,chr2,240997309,240999731,2422
HO10655,chr2,241101193,241103084,1891
HO10656,chr2,241148774,241150954,2180
HO10657,chr2,241217102,241219034,1932
HO10658,chr2,241223382,241225014,1632
HO10659,chr2,241271620,241273233,1613
HO10660,chr2,241314625,241316675,2050
HO10661,chr2,241355868,241356851,983
HO10662,chr2,241507278,241509483,2205
HO10663,chr2,241540455,241542142,1687
HO10664,chr2,241558479,241560104,1625
HO10665,chr2,241609756,241610810,1054
HO10666,chr2,241636074,241638180,2106
HO10667,chr2,241686201,241687604,1403
HO10668,chr2,241701006,241703056,2050
HO10669,chr2,241733940,241735720,1780
HO10670,chr2,241802963,241805105,2142
HO10671,chr2,241865813,241866808,995
HO10672,chr2,241881038,241882638,1600
HO10673,chr2,242087983,242089266,1283
HO10674,chr20,266233,267370,1137
HO10675,chr20,289838,291918,2080
HO10676,chr20,297026,298801,1775
HO10677,chr20,309419,310867,1448
HO10678,chr20,323953,326459,2506
HO10679,chr20,326738,327615,877
HO10680,chr20,346343,348688,2345
HO10681,chr20,380526,382444,1918
HO10682,chr20,407105,408957,1852
HO10683,chr20,417115,418303,1188
HO10684,chr20,461462,463023,1561
HO10685,chr20,542792,544370,1578
HO10686,chr20,609487,610616,1129
HO10687,chr20,611148,612370,1222
HO10688,chr20,652196,653825,1629
HO10689,chr20,675039,676816,1777
HO10690,chr20,727812,728939,1127
HO10691,chr20,833057,834441,1384
HO10692,chr20,844070,845085,1015
HO10693,chr20,1117975,1119347,1372
HO10694,chr20,1184614,1186096,1482
HO10695,chr20,1225276,1227062,1786
HO10696,chr20,1265866,1266994,1128
HO10697,chr20,1324796,1326340,1544
HO10698,chr20,1391620,1393509,1889
HO10699,chr20,1466122,1468042,1920
HO10700,chr20,1776485,1777601,1116
HO10701,chr20,1802136,1803986,1850
HO10702,chr20,1893969,1895548,1579
HO10703,chr20,2101460,2103928,2468
HO10704,chr20,2206725,2207995,1270
HO10705,chr20,2469742,2471267,1525
HO10706,chr20,2508075,2509655,1580
HO10707,chr20,2524164,2526006,1842
HO10708,chr20,2651704,2653514,1810
HO10709,chr20,2663570,2664748,1178
HO10710,chr20,2691863,2694268,2405
HO10711,chr20,2749947,2753035,3088
HO10712,chr20,2799314,2801467,2153
HO10713,chr20,2819856,2821898,2042
HO10714,chr20,2839806,2841560,1754
HO10715,chr20,2872191,2874070,1879
HO10716,chr20,3045205,3046893,1688
HO10717,chr20,3158865,3160133,1268
HO10718,chr20,3172853,3174589,1736
HO10719,chr20,3203291,3204824,1533
HO10720,chr20,3208610,3210163,1553
HO10721,chr20,3237779,3240458,2679
HO10722,chr20,3406369,3409044,2675
HO10723,chr20,3470271,3471739,1468
HO10724,chr20,3681029,3682455,1426
HO10725,chr20,3731719,3733527,1808
HO10726,chr20,3766972,3768970,1998
HO10727,chr20,3777442,3778430,988
HO10728,chr20,3780994,3781704,710
HO10729,chr20,3785719,3787057,1338
HO10730,chr20,3795251,3796715,1464
HO10731,chr20,3799377,3800097,720
HO10732,chr20,3819867,3820985,1118
HO10733,chr20,3846065,3847597,1532
HO10734,chr20,3888279,3890052,1773
HO10735,chr20,4013945,4015995,2050
HO10736,chr20,4148282,4150464,2182
HO10737,chr20,4170672,4173031,2359
HO10738,chr20,4220988,4222719,1731
HO10739,chr20,4248755,4249889,1134
HO10740,chr20,4686018,4687499,1481
HO10741,chr20,4760400,4762013,1613
HO10742,chr20,4822078,4824498,2420
HO10743,chr20,5000261,5002188,1927
HO10744,chr20,5112361,5113619,1258
HO10745,chr20,5119043,5120334,1291
HO10746,chr20,5126179,5128057,1878
HO10747,chr20,5609816,5611374,1558
HO10748,chr20,5662758,5663781,1023
HO10749,chr20,5749845,5751277,1432
HO10750,chr20,5910967,5911974,1007
HO10751,chr20,5949712,5951170,1458
HO10752,chr20,6005379,6006743,1364
HO10753,chr20,6051446,6052957,1511
HO10754,chr20,6053527,6054520,993
HO10755,chr20,6122037,6123718,1681
HO10756,chr20,6767194,6769084,1890
HO10757,chr20,8018205,8020029,1824
HO10758,chr20,8131432,8133122,1690
HO10759,chr20,8431728,8433234,1506
HO10760,chr20,9067255,9069611,2356
HO10761,chr20,9837958,9839427,1469
HO10762,chr20,10034485,10035398,913
HO10763,chr20,10217147,10219805,2658
HO10764,chr20,10433360,10435510,2150
HO10765,chr20,10671045,10673021,1976
HO10766,chr20,10673213,10675033,1820
HO10767,chr20,11890284,11892552,2268
HO10768,chr20,13219761,13222240,2479
HO10769,chr20,13638204,13639355,1151
HO10770,chr20,13784361,13785701,1340
HO10771,chr20,13994887,13996539,1652
HO10772,chr20,14336547,14337896,1349
HO10773,chr20,16572930,16573800,870
HO10774,chr20,16729402,16730512,1110
HO10775,chr20,17225833,17227445,1612
HO10776,chr20,17530462,17531738,1276
HO10777,chr20,17568899,17571315,2416
HO10778,chr20,17634542,17637024,2482
HO10779,chr20,17680005,17682875,2870
HO10780,chr20,17874951,17876456,1505
HO10781,chr20,17894910,17897182,2272
HO10782,chr20,17967833,17969630,1797
HO10783,chr20,18137053,18138433,1380
HO10784,chr20,18287588,18289159,1571
HO10785,chr20,18466354,18467930,1576
HO10786,chr20,18496014,18497437,1423
HO10787,chr20,18506824,18508226,1402
HO10788,chr20,18566694,18568024,1330
HO10789,chr20,18587495,18588780,1285
HO10790,chr20,19211600,19213540,1940
HO10791,chr20,19757121,19759284,2163
HO10792,chr20,19973944,19977568,3624
HO10793,chr20,20016740,20018121,1381
HO10794,chr20,20051715,20052957,1242
HO10795,chr20,20366942,20369872,2930
HO10796,chr20,20711544,20713359,1815
HO10797,chr20,21125128,21126943,1815
HO10798,chr20,21302518,21304132,1614
HO10799,chr20,21395640,21397601,1961
HO10800,chr20,21505063,21506608,1545
HO10801,chr20,21702623,21703488,865
HO10802,chr20,22582614,22585500,2886
HO10803,chr20,23048252,23051514,3262
HO10804,chr20,23349545,23351704,2159
HO10805,chr20,23357722,23358497,775
HO10806,chr20,23361220,23362891,1671
HO10807,chr20,23419889,23421894,2005
HO10808,chr20,23637143,23638619,1476
HO10809,chr20,24468865,24470465,1600
HO10810,chr20,24917915,24919551,1636
HO10811,chr20,24991918,24993191,1273
HO10812,chr20,25056547,25059477,2930
HO10813,chr20,25190999,25192314,1315
HO10814,chr20,25195134,25197040,1906
HO10815,chr20,25247121,25248963,1842
HO10816,chr20,25389396,25391216,1820
HO10817,chr20,25407060,25408047,987
HO10818,chr20,25584328,25586026,1698
HO10819,chr20,25622797,25624601,1804
HO10820,chr20,25695814,25697192,1378
HO10821,chr20,26009108,26010809,1701
HO10822,chr20,26207902,26209755,1853
HO10823,chr20,28602218,28603372,1154
HO10824,chr20,30289606,30290887,1281
HO10825,chr20,30376492,30377663,1171
HO10826,chr20,31513829,31515135,1306
HO10827,chr20,31546689,31547970,1281
HO10828,chr20,31572420,31573482,1062
HO10829,chr20,31603952,31604717,765
HO10830,chr20,31604912,31606273,1361
HO10831,chr20,31608026,31608889,863
HO10832,chr20,31612593,31613262,669
HO10833,chr20,31661215,31662400,1185
HO10834,chr20,31722396,31724142,1746
HO10835,chr20,31738392,31739804,1412
HO10836,chr20,31822208,31824472,2264
HO10837,chr20,31860329,31862188,1859
HO10838,chr20,31869430,31871146,1716
HO10839,chr20,31879184,31880451,1267
HO10840,chr20,31917443,31918692,1249
HO10841,chr20,31951162,31952327,1165
HO10842,chr20,31967704,31968899,1195
HO10843,chr20,32017785,32019511,1726
HO10844,chr20,32109160,32110429,1269
HO10845,chr20,32189590,32190827,1237
HO10846,chr20,32206794,32208125,1331
HO10847,chr20,32357461,32359537,2076
HO10848,chr20,32362553,32363457,904
HO10849,chr20,32456791,32458012,1221
HO10850,chr20,32474502,32476445,1943
HO10851,chr20,32482168,32485486,3318
HO10852,chr20,32521502,32522723,1221
HO10853,chr20,32535840,32537327,1487
HO10854,chr20,32582873,32585735,2862
HO10855,chr20,32604997,32606205,1208
HO10856,chr20,32742345,32744099,1754
HO10857,chr20,32761742,32763551,1809
HO10858,chr20,32819434,32820827,1393
HO10859,chr20,33400583,33402111,1528
HO10860,chr20,33441072,33441666,594
HO10861,chr20,33442559,33444623,2064
HO10862,chr20,33489367,33490801,1434
HO10863,chr20,33662995,33664082,1087
HO10864,chr20,33666288,33668235,1947
HO10865,chr20,33673510,33675834,2324
HO10866,chr20,33685641,33686830,1189
HO10867,chr20,33719539,33720804,1265
HO10868,chr20,33731329,33732955,1626
HO10869,chr20,33810786,33812126,1340
HO10870,chr20,33992736,33994653,1917
HO10871,chr20,34111107,34113090,1983
HO10872,chr20,34215542,34216456,914
HO10873,chr20,34302383,34303614,1231
HO10874,chr20,34311222,34313030,1808
HO10875,chr20,34362828,34364139,1311
HO10876,chr20,34424679,34426328,1649
HO10877,chr20,34515118,34517135,2017
HO10878,chr20,34558025,34559880,1855
HO10879,chr20,34639276,34640323,1047
HO10880,chr20,34676153,34677630,1477
HO10881,chr20,34703525,34705085,1560
HO10882,chr20,34708570,34710301,1731
HO10883,chr20,34824254,34825912,1658
HO10884,chr20,34872383,34873075,692
HO10885,chr20,34875716,34876965,1249
HO10886,chr20,34954870,34956261,1391
HO10887,chr20,35091733,35093260,1527
HO10888,chr20,35146320,35147897,1577
HO10889,chr20,35171603,35172829,1226
HO10890,chr20,35191342,35192914,1572
HO10891,chr20,35277179,35278578,1399
HO10892,chr20,35283767,35285353,1586
HO10893,chr20,35411484,35412524,1040
HO10894,chr20,35437664,35439391,1727
HO10895,chr20,35454301,35455922,1621
HO10896,chr20,35467081,35467943,862
HO10897,chr20,35541114,35542556,1442
HO10898,chr20,35600627,35602066,1439
HO10899,chr20,35615486,35617880,2394
HO10900,chr20,35618935,35619790,855
HO10901,chr20,35663596,35665235,1639
HO10902,chr20,35698206,35699918,1712
HO10903,chr20,35741017,35743454,2437
HO10904,chr20,35771338,35772507,1169
HO10905,chr20,35953425,35955144,1719
HO10906,chr20,36050226,36051291,1065
HO10907,chr20,36064218,36065603,1385
HO10908,chr20,36091651,36094811,3160
HO10909,chr20,36153925,36155380,1455
HO10910,chr20,36235828,36237289,1461
HO10911,chr20,36460640,36461990,1350
HO10912,chr20,36540465,36542500,2035
HO10913,chr20,36571667,36572029,362
HO10914,chr20,36572601,36575757,3156
HO10915,chr20,36604872,36606329,1457
HO10916,chr20,36745315,36746511,1196
HO10917,chr20,36773128,36774550,1422
HO10918,chr20,36835096,36836324,1228
HO10919,chr20,36861662,36862540,878
HO10920,chr20,36862716,36864326,1610
HO10921,chr20,36886840,36888116,1276
HO10922,chr20,36950582,36952348,1766
HO10923,chr20,37095043,37097019,1976
HO10924,chr20,37178004,37179913,1909
HO10925,chr20,37289045,37290149,1104
HO10926,chr20,37345578,37346889,1311
HO10927,chr20,37383980,37385101,1121
HO10928,chr20,37395934,37396949,1015
HO10929,chr20,37526322,37528352,2030
HO10930,chr20,37693254,37694614,1360
HO10931,chr20,37914583,37916608,2025
HO10932,chr20,38032770,38034254,1484
HO10933,chr20,38164928,38165598,670
HO10934,chr20,38434092,38435558,1466
HO10935,chr20,38446131,38447539,1408
HO10936,chr20,38471354,38473523,2169
HO10937,chr20,38673714,38675037,1323
HO10938,chr20,38747554,38748986,1432
HO10939,chr20,38804619,38807375,2756
HO10940,chr20,38925752,38927392,1640
HO10941,chr20,38961611,38962862,1251
HO10942,chr20,39049644,39050559,915
HO10943,chr20,40687363,40688007,644
HO10944,chr20,40688359,40690438,2079
HO10945,chr20,41028014,41029885,1871
HO10946,chr20,41136415,41138718,2303
HO10947,chr20,41316551,41318122,1571
HO10948,chr20,41339699,41341316,1617
HO10949,chr20,41365732,41367351,1619
HO10950,chr20,41617225,41619640,2415
HO10951,chr20,41692522,41694156,1634
HO10952,chr20,43456877,43458925,2048
HO10953,chr20,43507104,43508091,987
HO10954,chr20,43513659,43515119,1460
HO10955,chr20,43590039,43591339,1300
HO10956,chr20,43656825,43658285,1460
HO10957,chr20,43665357,43667915,2558
HO10958,chr20,43914229,43916693,2464
HO10959,chr20,44209747,44211431,1684
HO10960,chr20,44309911,44311476,1565
HO10961,chr20,44475336,44476575,1239
HO10962,chr20,44521301,44522492,1191
HO10963,chr20,44531234,44532975,1741
HO10964,chr20,44609106,44610334,1228
HO10965,chr20,44651068,44652942,1874
HO10966,chr20,44810074,44811299,1225
HO10967,chr20,44862952,44864179,1227
HO10968,chr20,44884775,44886731,1956
HO10969,chr20,44909305,44910432,1127
HO10970,chr20,44959097,44960791,1694
HO10971,chr20,44965929,44967102,1173
HO10972,chr20,45292935,45294079,1144
HO10973,chr20,45347323,45348753,1430
HO10974,chr20,45362559,45363702,1143
HO10975,chr20,45372599,45374183,1584
HO10976,chr20,45405511,45407575,2064
HO10977,chr20,45415551,45416621,1070
HO10978,chr20,45469277,45471395,2118
HO10979,chr20,45791271,45792872,1601
HO10980,chr20,45811797,45813098,1301
HO10981,chr20,45833289,45834679,1390
HO10982,chr20,45856688,45858049,1361
HO10983,chr20,45880700,45881503,803
HO10984,chr20,45890027,45891844,1817
HO10985,chr20,45910404,45912391,1987
HO10986,chr20,45933557,45935679,2122
HO10987,chr20,45970943,45972707,1764
HO10988,chr20,46013495,46015384,1889
HO10989,chr20,46089006,46090310,1304
HO10990,chr20,46306875,46308909,2034
HO10991,chr20,46347996,46349362,1366
HO10992,chr20,46363493,46364782,1289
HO10993,chr20,46405759,46407328,1569
HO10994,chr20,46512849,46513828,979
HO10995,chr20,46562158,46563428,1270
HO10996,chr20,46682800,46684633,1833
HO10997,chr20,46688808,46690110,1302
HO10998,chr20,46708701,46710246,1545
HO10999,chr20,46894325,46895990,1665
HO11000,chr20,47356570,47358001,1431
HO11001,chr20,47501196,47503227,2031
HO11002,chr20,47784467,47786846,2379
HO11003,chr20,48620148,48621539,1391
HO11004,chr20,48682247,48683789,1542
HO11005,chr20,48827032,48828687,1655
HO11006,chr20,48920778,48922506,1728
HO11007,chr20,49045606,49047182,1576
HO11008,chr20,49186596,49188698,2102
HO11009,chr20,49218796,49220071,1275
HO11010,chr20,49277114,49279125,2011
HO11011,chr20,49347644,49348196,552
HO11012,chr20,49482415,49483088,673
HO11013,chr20,49483256,49484636,1380
HO11014,chr20,49567475,49568929,1454
HO11015,chr20,49712349,49714263,1914
HO11016,chr20,49811758,49813376,1618
HO11017,chr20,49914395,49916123,1728
HO11018,chr20,49935765,49937160,1395
HO11019,chr20,49982068,49983510,1442
HO11020,chr20,50106991,50108103,1112
HO11021,chr20,50112266,50113417,1151
HO11022,chr20,50115503,50116222,719
HO11023,chr20,50152709,50154250,1541
HO11024,chr20,50165425,50166447,1022
HO11025,chr20,50171309,50172945,1636
HO11026,chr20,50189992,50192556,2564
HO11027,chr20,50509598,50511579,1981
HO11028,chr20,50628106,50629162,1056
HO11029,chr20,50689503,50692547,3044
HO11030,chr20,50730315,50732491,2176
HO11031,chr20,50790314,50791042,728
HO11032,chr20,50794313,50795668,1355
HO11033,chr20,50817794,50818815,1021
HO11034,chr20,50848005,50849506,1501
HO11035,chr20,50870314,50871508,1194
HO11036,chr20,50929113,50929714,601
HO11037,chr20,50929961,50932068,2107
HO11038,chr20,50957818,50959603,1785
HO11039,chr20,51022433,51023696,1263
HO11040,chr20,51491499,51493259,1760
HO11041,chr20,51561550,51564207,2657
HO11042,chr20,51766727,51769391,2664
HO11043,chr20,52103358,52106312,2954
HO11044,chr20,52190676,52192670,1994
HO11045,chr20,52409923,52411203,1280
HO11046,chr20,52971864,52973844,1980
HO11047,chr20,53593064,53594813,1749
HO11048,chr20,53622582,53624502,1920
HO11049,chr20,53735561,53738884,3323
HO11050,chr20,53914361,53916336,1975
HO11051,chr20,54207392,54208922,1530
HO11052,chr20,54474599,54476426,1827
HO11053,chr20,56358322,56360370,2048
HO11054,chr20,56391357,56393157,1800
HO11055,chr20,56467903,56468958,1055
HO11056,chr20,56629801,56631184,1383
HO11057,chr20,57265196,57267223,2027
HO11058,chr20,57350662,57351822,1160
HO11059,chr20,57389005,57391884,2879
HO11060,chr20,57708506,57710781,2275
HO11061,chr20,57718375,57719007,632
HO11062,chr20,58227792,58229237,1445
HO11063,chr20,58308637,58310551,1914
HO11064,chr20,58388604,58390027,1423
HO11065,chr20,58395260,58396371,1111
HO11066,chr20,58514201,58515561,1360
HO11067,chr20,58567854,58570134,2280
HO11068,chr20,58649539,58652738,3199
HO11069,chr20,58691682,58693671,1989
HO11070,chr20,58888524,58889375,851
HO11071,chr20,58890290,58892742,2452
HO11072,chr20,58980702,58982069,1367
HO11073,chr20,59006378,59007547,1169
HO11074,chr20,59031743,59033056,1313
HO11075,chr20,59041960,59043408,1448
HO11076,chr20,59221920,59223607,1687
HO11077,chr20,59402362,59404109,1747
HO11078,chr20,59571349,59572466,1117
HO11079,chr20,59932700,59934484,1784
HO11080,chr20,59939407,59941161,1754
HO11081,chr20,61251720,61254458,2738
HO11082,chr20,61951641,61952475,834
HO11083,chr20,61956067,61957177,1110
HO11084,chr20,62041879,62043820,1941
HO11085,chr20,62063278,62064453,1175
HO11086,chr20,62065103,62067395,2292
HO11087,chr20,62121305,62123707,2402
HO11088,chr20,62142499,62144644,2145
HO11089,chr20,62156275,62157360,1085
HO11090,chr20,62182246,62183693,1447
HO11091,chr20,62219094,62221447,2353
HO11092,chr20,62236613,62237501,888
HO11093,chr20,62237868,62239224,1356
HO11094,chr20,62301791,62304181,2390
HO11095,chr20,62366838,62368378,1540
HO11096,chr20,62376142,62376827,685
HO11097,chr20,62386279,62387423,1144
HO11098,chr20,62406626,62407802,1176
HO11099,chr20,62475185,62476723,1538
HO11100,chr20,62484990,62485926,936
HO11101,chr20,62623056,62624955,1899
HO11102,chr20,62641787,62643582,1795
HO11103,chr20,62651016,62653074,2058
HO11104,chr20,62704140,62704995,855
HO11105,chr20,62793830,62794715,885
HO11106,chr20,62796051,62796761,710
HO11107,chr20,62804039,62806300,2261
HO11108,chr20,62815369,62817541,2172
HO11109,chr20,62860350,62862860,2510
HO11110,chr20,62899407,62901079,1672
HO11111,chr20,62925614,62926956,1342
HO11112,chr20,62928781,62929556,775
HO11113,chr20,62936971,62938892,1921
HO11114,chr20,62952279,62954859,2580
HO11115,chr20,63006045,63007269,1224
HO11116,chr20,63055914,63057036,1122
HO11117,chr20,63215098,63216914,1816
HO11118,chr20,63253123,63255305,2182
HO11119,chr20,63272032,63273312,1280
HO11120,chr20,63519580,63521532,1952
HO11121,chr20,63537273,63538485,1212
HO11122,chr20,63552974,63554547,1573
HO11123,chr20,63573417,63574811,1394
HO11124,chr20,63625944,63627593,1649
HO11125,chr20,63641160,63642755,1595
HO11126,chr20,63651874,63653990,2116
HO11127,chr20,63657568,63659092,1524
HO11128,chr20,63706808,63708772,1964
HO11129,chr20,63738702,63741373,2671
HO11130,chr20,63774951,63775897,946
HO11131,chr20,63829923,63832604,2681
HO11132,chr20,63834832,63835663,831
HO11133,chr20,63845832,63848315,2483
HO11134,chr20,63853924,63855653,1729
HO11135,chr20,63857160,63859209,2049
HO11136,chr20,63863850,63866034,2184
HO11137,chr20,63894148,63895835,1687
HO11138,chr20,63948319,63950237,1918
HO11139,chr20,63955224,63957979,2755
HO11140,chr20,63968793,63970632,1839
HO11141,chr20,63973622,63974185,563
HO11142,chr20,63978608,63980390,1782
HO11143,chr20,63980533,63981468,935
HO11144,chr20,64038255,64039522,1267
HO11145,chr20,64047916,64050093,2177
HO11146,chr20,64062439,64064331,1892
HO11147,chr20,64079305,64080720,1415
HO11148,chr20,64083297,64084393,1096
HO11149,chr20,64101835,64103063,1228
HO11150,chr20,64222358,64224773,2415
HO11151,chr20,64254887,64256790,1903
HO11152,chr21,14026815,14027770,955
HO11153,chr21,14215722,14216874,1152
HO11154,chr21,14382479,14384095,1616
HO11155,chr21,15063834,15066197,2363
HO11156,chr21,15728921,15730987,2066
HO11157,chr21,16418770,16420608,1838
HO11158,chr21,17454109,17455243,1134
HO11159,chr21,17511947,17514071,2124
HO11160,chr21,17610649,17613652,3003
HO11161,chr21,17818165,17820193,2028
HO11162,chr21,18244339,18245966,1627
HO11163,chr21,20997090,20998867,1777
HO11164,chr21,24994509,24996188,1679
HO11165,chr21,25561508,25562604,1096
HO11166,chr21,25606830,25608615,1785
HO11167,chr21,25637444,25640556,3112
HO11168,chr21,25734126,25736524,2398
HO11169,chr21,26168848,26171207,2359
HO11170,chr21,26571815,26573417,1602
HO11171,chr21,26842926,26843887,961
HO11172,chr21,26844008,26846833,2825
HO11173,chr21,26965277,26967934,2657
HO11174,chr21,28884585,28885552,967
HO11175,chr21,28992012,28993345,1333
HO11176,chr21,29002268,29003669,1401
HO11177,chr21,29018443,29019564,1121
HO11178,chr21,29024071,29025574,1503
HO11179,chr21,29072875,29074137,1262
HO11180,chr21,29298209,29300532,2323
HO11181,chr21,29938726,29940336,1610
HO11182,chr21,31343540,31344599,1059
HO11183,chr21,31557449,31559926,2477
HO11184,chr21,31659098,31660604,1506
HO11185,chr21,31730736,31733006,2270
HO11186,chr21,31872267,31874402,2135
HO11187,chr21,32278085,32279950,1865
HO11188,chr21,32392289,32393763,1474
HO11189,chr21,32411427,32413349,1922
HO11190,chr21,32569116,32570109,993
HO11191,chr21,32611426,32613253,1827
HO11192,chr21,32726751,32728718,1967
HO11193,chr21,32770642,32772748,2106
HO11194,chr21,33069767,33072245,2478
HO11195,chr21,33211411,33212911,1500
HO11196,chr21,33229339,33231213,1874
HO11197,chr21,33265649,33267338,1689
HO11198,chr21,33324190,33325754,1564
HO11199,chr21,33402023,33404507,2484
HO11200,chr21,33478813,33480503,1690
HO11201,chr21,33490958,33492195,1237
HO11202,chr21,33541456,33543649,2193
HO11203,chr21,33587758,33589371,1613
HO11204,chr21,33641109,33643482,2373
HO11205,chr21,33894434,33895344,910
HO11206,chr21,33915073,33916311,1238
HO11207,chr21,34072487,34074696,2209
HO11208,chr21,34128223,34130492,2269
HO11209,chr21,34201376,34203221,1845
HO11210,chr21,34614200,34615579,1379
HO11211,chr21,34668859,34670973,2114
HO11212,chr21,34723970,34725034,1064
HO11213,chr21,34888042,34890388,2346
HO11214,chr21,36059664,36060935,1271
HO11215,chr21,36069574,36070608,1034
HO11216,chr21,36134513,36136482,1969
HO11217,chr21,36155582,36157580,1998
HO11218,chr21,36254139,36255097,958
HO11219,chr21,36319612,36321138,1526
HO11220,chr21,36384831,36386133,1302
HO11221,chr21,36747069,36748507,1438
HO11222,chr21,36965765,36967647,1882
HO11223,chr21,36989370,36990622,1252
HO11224,chr21,37005802,37007235,1433
HO11225,chr21,37071819,37074395,2576
HO11226,chr21,37220015,37221558,1543
HO11227,chr21,37257143,37258911,1768
HO11228,chr21,37266737,37268341,1604
HO11229,chr21,37365512,37368448,2936
HO11230,chr21,37434823,37435893,1070
HO11231,chr21,37563364,37564760,1396
HO11232,chr21,37710126,37712479,2353
HO11233,chr21,37915502,37917047,1545
HO11234,chr21,38660079,38662420,2341
HO11235,chr21,38804794,38806801,2007
HO11236,chr21,38912740,38913799,1059
HO11237,chr21,39182613,39184222,1609
HO11238,chr21,39312161,39314780,2619
HO11239,chr21,39348170,39349853,1683
HO11240,chr21,39379888,39381319,1431
HO11241,chr21,39385299,39386535,1236
HO11242,chr21,39387417,39387923,506
HO11243,chr21,39444567,39446183,1616
HO11244,chr21,39612258,39613797,1539
HO11245,chr21,41166815,41169290,2475
HO11246,chr21,41419747,41420911,1164
HO11247,chr21,41425725,41427108,1383
HO11248,chr21,41506637,41508703,2066
HO11249,chr21,41877876,41879922,2046
HO11250,chr21,41953019,41954585,1566
HO11251,chr21,42009011,42011413,2402
HO11252,chr21,42218720,42220710,1990
HO11253,chr21,42234127,42235380,1253
HO11254,chr21,42495701,42497117,1416
HO11255,chr21,42512885,42514939,2054
HO11256,chr21,42652466,42654728,2262
HO11257,chr21,42673758,42675063,1305
HO11258,chr21,42780998,42782496,1498
HO11259,chr21,42878613,42880148,1535
HO11260,chr21,42892326,42894219,1893
HO11261,chr21,42973521,42975801,2280
HO11262,chr21,43658976,43660266,1290
HO11263,chr21,43718323,43720468,2145
HO11264,chr21,43726853,43729509,2656
HO11265,chr21,43739540,43741172,1632
HO11266,chr21,43775619,43776983,1364
HO11267,chr21,43788684,43790266,1582
HO11268,chr21,43864159,43867065,2906
HO11269,chr21,44011509,44013176,1667
HO11270,chr21,44299387,44300980,1593
HO11271,chr21,44306744,44307797,1053
HO11272,chr21,44337831,44340387,2556
HO11273,chr21,44454802,44456318,1516
HO11274,chr21,44800898,44802615,1717
HO11275,chr21,44817086,44818677,1591
HO11276,chr21,44845435,44846838,1403
HO11277,chr21,44872417,44875092,2675
HO11278,chr21,44939422,44940624,1202
HO11279,chr21,45011907,45013689,1782
HO11280,chr21,45073489,45075550,2061
HO11281,chr21,45286480,45288730,2250
HO11282,chr21,45292002,45292849,847
HO11283,chr21,45293967,45295277,1310
HO11284,chr21,45403863,45406691,2828
HO11285,chr21,45420068,45421818,1750
HO11286,chr21,45430318,45431302,984
HO11287,chr21,45542154,45543506,1352
HO11288,chr21,45554450,45556415,1965
HO11289,chr21,45642428,45643993,1565
HO11290,chr21,45820208,45821064,856
HO11291,chr21,45876257,45877328,1071
HO11292,chr21,45971588,45974611,3023
HO11293,chr21,45981021,45982687,1666
HO11294,chr21,46064817,46067357,2540
HO11295,chr21,46097337,46099734,2397
HO11296,chr21,46152570,46153897,1327
HO11297,chr21,46183849,46185262,1413
HO11298,chr21,46227932,46229642,1710
HO11299,chr21,46285433,46286826,1393
HO11300,chr21,46297211,46298339,1128
HO11301,chr21,46323382,46325489,2107
HO11302,chr21,46457899,46459302,1403
HO11303,chr21,46634844,46636239,1395
HO11304,chr21,46667011,46668428,1417
HO11305,chr22,17084340,17085972,1632
HO11306,chr22,17119521,17121848,2327
HO11307,chr22,17158347,17160017,1670
HO11308,chr22,17171116,17172497,1381
HO11309,chr22,17198124,17199797,1673
HO11310,chr22,17256977,17259018,2041
HO11311,chr22,17260016,17261267,1251
HO11312,chr22,17263961,17265110,1149
HO11313,chr22,17368310,17370792,2482
HO11314,chr22,17627788,17629192,1404
HO11315,chr22,17637425,17639905,2480
HO11316,chr22,17772921,17774790,1869
HO11317,chr22,17937485,17939300,1815
HO11318,chr22,18000202,18002013,1811
HO11319,chr22,18023304,18025174,1870
HO11320,chr22,18077352,18078755,1403
HO11321,chr22,18109753,18111505,1752
HO11322,chr22,18149380,18150324,944
HO11323,chr22,18970063,18971070,1007
HO11324,chr22,19121429,19123111,1682
HO11325,chr22,19143946,19144993,1047
HO11326,chr22,19170896,19172279,1383
HO11327,chr22,19177814,19179750,1936
HO11328,chr22,19290847,19292425,1578
HO11329,chr22,19430451,19432835,2384
HO11330,chr22,19446889,19448418,1529
HO11331,chr22,19478550,19480108,1558
HO11332,chr22,19523052,19525554,2502
HO11333,chr22,19663231,19664445,1214
HO11334,chr22,19717583,19719409,1826
HO11335,chr22,19722665,19724452,1787
HO11336,chr22,19730247,19731328,1081
HO11337,chr22,19765496,19768299,2803
HO11338,chr22,19841880,19844973,3093
HO11339,chr22,19853933,19856365,2432
HO11340,chr22,19880859,19881783,924
HO11341,chr22,19891335,19892794,1459
HO11342,chr22,19940916,19943393,2477
HO11343,chr22,19958561,19960096,1535
HO11344,chr22,19986134,19987531,1397
HO11345,chr22,20013237,20013719,482
HO11346,chr22,20016033,20017244,1211
HO11347,chr22,20020462,20022148,1686
HO11348,chr22,20079450,20081552,2102
HO11349,chr22,20116528,20118227,1699
HO11350,chr22,20130329,20132630,2301
HO11351,chr22,20238435,20239518,1083
HO11352,chr22,20240019,20240841,822
HO11353,chr22,20267200,20268624,1424
HO11354,chr22,20298402,20300115,1713
HO11355,chr22,20319115,20320813,1698
HO11356,chr22,20393379,20394766,1387
HO11357,chr22,20430577,20431918,1341
HO11358,chr22,20436206,20438501,2295
HO11359,chr22,20494624,20496791,2167
HO11360,chr22,20507074,20508379,1305
HO11361,chr22,20523390,20524779,1389
HO11362,chr22,20701946,20703658,1712
HO11363,chr22,20857783,20859370,1587
HO11364,chr22,20916668,20918342,1674
HO11365,chr22,20956777,20958308,1531
HO11366,chr22,20981421,20982615,1194
HO11367,chr22,21001126,21003060,1934
HO11368,chr22,21013743,21015296,1553
HO11369,chr22,21044873,21046411,1538
HO11370,chr22,21102460,21103325,865
HO11371,chr22,21567307,21568993,1686
HO11372,chr22,21628888,21630301,1413
HO11373,chr22,21641348,21643334,1986
HO11374,chr22,21651341,21652666,1325
HO11375,chr22,21657099,21658396,1297
HO11376,chr22,21665517,21666701,1184
HO11377,chr22,21735059,21736528,1469
HO11378,chr22,21866215,21868188,1973
HO11379,chr22,21926825,21929160,2335
HO11380,chr22,21937501,21938834,1333
HO11381,chr22,21951899,21953193,1294
HO11382,chr22,21981920,21983009,1089
HO11383,chr22,22297224,22298674,1450
HO11384,chr22,22507868,22509025,1157
HO11385,chr22,23069361,23071588,2227
HO11386,chr22,23141213,23142338,1125
HO11387,chr22,23144916,23145956,1040
HO11388,chr22,23179987,23181533,1546
HO11389,chr22,23281322,23282506,1184
HO11390,chr22,23382620,23384676,2056
HO11391,chr22,23401161,23403014,1853
HO11392,chr22,23520548,23523423,2875
HO11393,chr22,23533245,23534517,1272
HO11394,chr22,23537380,23538912,1532
HO11395,chr22,23539266,23539900,634
HO11396,chr22,23565279,23567049,1770
HO11397,chr22,23716658,23717892,1234
HO11398,chr22,23749859,23751853,1994
HO11399,chr22,23767106,23768662,1556
HO11400,chr22,23772392,23773376,984
HO11401,chr22,23786213,23787760,1547
HO11402,chr22,23838305,23839576,1271
HO11403,chr22,23849100,23849928,828
HO11404,chr22,23856585,23858573,1988
HO11405,chr22,23893686,23895679,1993
HO11406,chr22,23913380,23914369,989
HO11407,chr22,24010707,24011955,1248
HO11408,chr22,24145743,24147578,1835
HO11409,chr22,24155531,24158001,2470
HO11410,chr22,24270272,24271569,1297
HO11411,chr22,24423454,24424863,1409
HO11412,chr22,24554070,24556133,2063
HO11413,chr22,24592181,24593421,1240
HO11414,chr22,24728707,24729677,970
HO11415,chr22,24805791,24806689,898
HO11416,chr22,24952062,24953779,1717
HO11417,chr22,25110640,25112099,1459
HO11418,chr22,25403855,25405703,1848
HO11419,chr22,25447528,25449022,1494
HO11420,chr22,25475174,25476109,935
HO11421,chr22,25563308,25565579,2271
HO11422,chr22,26428352,26429796,1444
HO11423,chr22,26482761,26484223,1462
HO11424,chr22,26511963,26513001,1038
HO11425,chr22,26589260,26590709,1449
HO11426,chr22,26644695,26645779,1084
HO11427,chr22,26672197,26673447,1250
HO11428,chr22,27238730,27239755,1025
HO11429,chr22,27800252,27802446,2194
HO11430,chr22,27918288,27920337,2049
HO11431,chr22,28019817,28021402,1585
HO11432,chr22,28033981,28035611,1630
HO11433,chr22,28441614,28443798,2184
HO11434,chr22,28678809,28680278,1469
HO11435,chr22,28741325,28742808,1483
HO11436,chr22,28772305,28773661,1356
HO11437,chr22,28799251,28801045,1794
HO11438,chr22,28882541,28884816,2275
HO11439,chr22,28917568,28919181,1613
HO11440,chr22,29030115,29032553,2438
HO11441,chr22,29072564,29074538,1974
HO11442,chr22,29205452,29206684,1232
HO11443,chr22,29267310,29269743,2433
HO11444,chr22,29305941,29307412,1471
HO11445,chr22,29310654,29311440,786
HO11446,chr22,29387729,29389222,1493
HO11447,chr22,29479579,29482449,2870
HO11448,chr22,29553086,29554176,1090
HO11449,chr22,29580032,29581425,1393
HO11450,chr22,29602837,29604223,1386
HO11451,chr22,29733106,29734320,1214
HO11452,chr22,29766248,29767685,1437
HO11453,chr22,29837763,29838827,1064
HO11454,chr22,29871068,29872451,1383
HO11455,chr22,29882570,29884035,1465
HO11456,chr22,30238022,30239494,1472
HO11457,chr22,30245731,30247103,1372
HO11458,chr22,30255797,30256613,816
HO11459,chr22,30289052,30290178,1126
HO11460,chr22,30326006,30327575,1569
HO11461,chr22,30356039,30357554,1515
HO11462,chr22,30386560,30387770,1210
HO11463,chr22,30422897,30424505,1608
HO11464,chr22,30425433,30426813,1380
HO11465,chr22,30591191,30592542,1351
HO11466,chr22,30606284,30607383,1099
HO11467,chr22,30634301,30636120,1819
HO11468,chr22,30667128,30668416,1288
HO11469,chr22,30675234,30675844,610
HO11470,chr22,30693909,30695544,1635
HO11471,chr22,30802324,30803246,922
HO11472,chr22,30968411,30969947,1536
HO11473,chr22,31080617,31081576,959
HO11474,chr22,31084360,31085754,1394
HO11475,chr22,31106971,31108180,1209
HO11476,chr22,31159555,31160823,1268
HO11477,chr22,31211598,31213415,1817
HO11478,chr22,31247808,31248736,928
HO11479,chr22,31290198,31292665,2467
HO11480,chr22,31345131,31347767,2636
HO11481,chr22,31398781,31400390,1609
HO11482,chr22,31488952,31490834,1882
HO11483,chr22,31495801,31497140,1339
HO11484,chr22,31629735,31631339,1604
HO11485,chr22,31661493,31662642,1149
HO11486,chr22,31676333,31677220,887
HO11487,chr22,31749531,31750396,865
HO11488,chr22,31752942,31754846,1904
HO11489,chr22,31943701,31945743,2042
HO11490,chr22,31969940,31971169,1229
HO11491,chr22,32411340,32412600,1260
HO11492,chr22,32474155,32475804,1649
HO11493,chr22,32801039,32802725,1686
HO11494,chr22,32880594,32881633,1039
HO11495,chr22,33919405,33922606,3201
HO11496,chr22,35257034,35258685,1651
HO11497,chr22,35299144,35300799,1655
HO11498,chr22,35350373,35351838,1465
HO11499,chr22,35399472,35400611,1139
HO11500,chr22,35539814,35540972,1158
HO11501,chr22,35839339,35840769,1430
HO11502,chr22,35913945,35915956,2011
HO11503,chr22,36027301,36029363,2062
HO11504,chr22,36065296,36066580,1284
HO11505,chr22,36123606,36124383,777
HO11506,chr22,36238471,36240207,1736
HO11507,chr22,36327907,36329853,1946
HO11508,chr22,36368249,36369107,858
HO11509,chr22,36385609,36388599,2990
HO11510,chr22,36409546,36410709,1163
HO11511,chr22,36451388,36452116,728
HO11512,chr22,36454675,36455573,898
HO11513,chr22,36481053,36482333,1280
HO11514,chr22,36506324,36507489,1165
HO11515,chr22,36528412,36530097,1685
HO11516,chr22,36702940,36703973,1033
HO11517,chr22,36775413,36776671,1258
HO11518,chr22,36816079,36817528,1449
HO11519,chr22,36977245,36978386,1141
HO11520,chr22,37018455,37020357,1902
HO11521,chr22,37051240,37052535,1295
HO11522,chr22,37068759,37069655,896
HO11523,chr22,37198431,37199770,1339
HO11524,chr22,37211263,37212926,1663
HO11525,chr22,37425768,37428064,2296
HO11526,chr22,37500892,37502663,1771
HO11527,chr22,37511927,37512932,1005
HO11528,chr22,37518174,37520207,2033
HO11529,chr22,37538356,37539283,927
HO11530,chr22,37545534,37547485,1951
HO11531,chr22,37559893,37562064,2171
HO11532,chr22,37607015,37609503,2488
HO11533,chr22,37632799,37634811,2012
HO11534,chr22,37639106,37640648,1542
HO11535,chr22,37657818,37659342,1524
HO11536,chr22,37674809,37677555,2746
HO11537,chr22,37685987,37686999,1012
HO11538,chr22,37696332,37697822,1490
HO11539,chr22,37740867,37741639,772
HO11540,chr22,37745586,37747044,1458
HO11541,chr22,37801968,37802984,1016
HO11542,chr22,37804656,37805577,921
HO11543,chr22,37807136,37808267,1131
HO11544,chr22,37817423,37819301,1878
HO11545,chr22,37824472,37825642,1170
HO11546,chr22,37843510,37844686,1176
HO11547,chr22,37848697,37850121,1424
HO11548,chr22,37905099,37907122,2023
HO11549,chr22,37933175,37934306,1131
HO11550,chr22,37952686,37954184,1498
HO11551,chr22,38051975,38052735,760
HO11552,chr22,38056588,38057940,1352
HO11553,chr22,38080599,38081735,1136
HO11554,chr22,38180922,38182204,1282
HO11555,chr22,38201235,38203559,2324
HO11556,chr22,38214038,38215034,996
HO11557,chr22,38238656,38239839,1183
HO11558,chr22,38271893,38273580,1687
HO11559,chr22,38316041,38317892,1851
HO11560,chr22,38397143,38399361,2218
HO11561,chr22,38454606,38456301,1695
HO11562,chr22,38461150,38461938,788
HO11563,chr22,38467497,38469139,1642
HO11564,chr22,38505476,38507010,1534
HO11565,chr22,38569670,38571121,1451
HO11566,chr22,38655730,38657572,1842
HO11567,chr22,38681182,38682333,1151
HO11568,chr22,38700304,38701554,1250
HO11569,chr22,38705126,38706802,1676
HO11570,chr22,38754003,38756494,2491
HO11571,chr22,38787851,38789028,1177
HO11572,chr22,38793500,38794430,930
HO11573,chr22,38843000,38844505,1505
HO11574,chr22,38871233,38873274,2041
HO11575,chr22,38980870,38982660,1790
HO11576,chr22,39013628,39014834,1206
HO11577,chr22,39019898,39022320,2422
HO11578,chr22,39039918,39041580,1662
HO11579,chr22,39113709,39115385,1676
HO11580,chr22,39144909,39146410,1501
HO11581,chr22,39152144,39153533,1389
HO11582,chr22,39240638,39245151,4513
HO11583,chr22,39252882,39253871,989
HO11584,chr22,39310011,39311298,1287
HO11585,chr22,39318882,39320465,1583
HO11586,chr22,39348947,39350747,1800
HO11587,chr22,39387973,39389017,1044
HO11588,chr22,39399168,39400256,1088
HO11589,chr22,39456092,39458492,2400
HO11590,chr22,39500889,39502837,1948
HO11591,chr22,39519150,39521234,2084
HO11592,chr22,39522510,39522996,486
HO11593,chr22,39528971,39529525,554
HO11594,chr22,39532197,39533131,934
HO11595,chr22,39534455,39535118,663
HO11596,chr22,40043835,40045783,1948
HO11597,chr22,40177382,40178095,713
HO11598,chr22,40178422,40179563,1141
HO11599,chr22,40345725,40347043,1318
HO11600,chr22,40370172,40371175,1003
HO11601,chr22,40635503,40637492,1989
HO11602,chr22,40818569,40819891,1322
HO11603,chr22,40855786,40857510,1724
HO11604,chr22,40950474,40952138,1664
HO11605,chr22,41021100,41023537,2437
HO11606,chr22,41048485,41049798,1313
HO11607,chr22,41091090,41093133,2043
HO11608,chr22,41196880,41197980,1100
HO11609,chr22,41204657,41205791,1134
HO11610,chr22,41237374,41238597,1223
HO11611,chr22,41285127,41286991,1864
HO11612,chr22,41300948,41302910,1962
HO11613,chr22,41366584,41368254,1670
HO11614,chr22,41380491,41382561,2070
HO11615,chr22,41412907,41415092,2185
HO11616,chr22,41444076,41444844,768
HO11617,chr22,41446332,41448773,2441
HO11618,chr22,41468181,41470148,1967
HO11619,chr22,41543764,41545033,1269
HO11620,chr22,41560101,41562183,2082
HO11621,chr22,41589009,41590346,1337
HO11622,chr22,41596723,41598390,1667
HO11623,chr22,41620085,41621971,1886
HO11624,chr22,41666442,41667726,1284
HO11625,chr22,41681667,41682804,1137
HO11626,chr22,41687826,41689197,1371
HO11627,chr22,41799574,41801199,1625
HO11628,chr22,41832192,41834224,2032
HO11629,chr22,41909854,41910973,1119
HO11630,chr22,41913881,41915304,1423
HO11631,chr22,41925322,41926969,1647
HO11632,chr22,41946066,41947328,1262
HO11633,chr22,41976225,41977606,1381
HO11634,chr22,42069961,42071343,1382
HO11635,chr22,42078755,42080674,1919
HO11636,chr22,42089867,42091479,1612
HO11637,chr22,42269123,42271117,1994
HO11638,chr22,42282141,42284229,2088
HO11639,chr22,42303268,42304580,1312
HO11640,chr22,42343176,42344987,1811
HO11641,chr22,42347060,42348064,1004
HO11642,chr22,42367936,42369709,1773
HO11643,chr22,42443634,42444998,1364
HO11644,chr22,42499737,42501001,1264
HO11645,chr22,42519301,42520354,1053
HO11646,chr22,42553185,42554405,1220
HO11647,chr22,42581532,42582610,1078
HO11648,chr22,42613921,42616020,2099
HO11649,chr22,42648642,42649917,1275
HO11650,chr22,42661748,42662889,1141
HO11651,chr22,42716939,42717893,954
HO11652,chr22,42719677,42721339,1662
HO11653,chr22,42855926,42857639,1713
HO11654,chr22,43013868,43015662,1794
HO11655,chr22,43088734,43090564,1830
HO11656,chr22,43103306,43104577,1271
HO11657,chr22,43109648,43111759,2111
HO11658,chr22,43142598,43143631,1033
HO11659,chr22,43185640,43188055,2415
HO11660,chr22,43202701,43204185,1484
HO11661,chr22,43225806,43227628,1822
HO11662,chr22,43230821,43231559,738
HO11663,chr22,43262948,43264503,1555
HO11664,chr22,43342337,43344421,2084
HO11665,chr22,43385339,43386089,750
HO11666,chr22,43388165,43388800,635
HO11667,chr22,43411210,43412546,1336
HO11668,chr22,43811582,43812976,1394
HO11669,chr22,43923091,43924709,1618
HO11670,chr22,43953634,43954184,550
HO11671,chr22,43954709,43956216,1507
HO11672,chr22,44023611,44025003,1392
HO11673,chr22,44085602,44087115,1513
HO11674,chr22,44348714,44349800,1086
HO11675,chr22,44497009,44498641,1632
HO11676,chr22,44668119,44669380,1261
HO11677,chr22,44684460,44685137,677
HO11678,chr22,44701508,44703366,1858
HO11679,chr22,44728582,44730447,1865
HO11680,chr22,44736727,44738684,1957
HO11681,chr22,45006323,45010621,4298
HO11682,chr22,45163061,45165033,1972
HO11683,chr22,45239759,45241683,1924
HO11684,chr22,45268027,45269704,1677
HO11685,chr22,45284470,45285985,1515
HO11686,chr22,45308847,45310501,1654
HO11687,chr22,45412929,45414255,1326
HO11688,chr22,45501811,45503679,1868
HO11689,chr22,45503887,45505532,1645
HO11690,chr22,45671062,45672791,1729
HO11691,chr22,45756589,45757615,1026
HO11692,chr22,45866295,45867789,1494
HO11693,chr22,45977967,45979462,1495
HO11694,chr22,46006990,46008281,1291
HO11695,chr22,46013028,46014435,1407
HO11696,chr22,46026793,46028632,1839
HO11697,chr22,46035391,46037077,1686
HO11698,chr22,46052334,46054749,2415
HO11699,chr22,46069612,46072545,2933
HO11700,chr22,46087503,46089082,1579
HO11701,chr22,46116101,46117014,913
HO11702,chr22,46136211,46137420,1209
HO11703,chr22,46149309,46151741,2432
HO11704,chr22,46249610,46250951,1341
HO11705,chr22,46267405,46268697,1292
HO11706,chr22,46295930,46297507,1577
HO11707,chr22,46335015,46336875,1860
HO11708,chr22,46536521,46539021,2500
HO11709,chr22,46575197,46577981,2784
HO11710,chr22,46685609,46687233,1624
HO11711,chr22,46737123,46739623,2500
HO11712,chr22,46761968,46763345,1377
HO11713,chr22,48488965,48490471,1506
HO11714,chr22,48575734,48577087,1353
HO11715,chr22,49481153,49482420,1267
HO11716,chr22,49825985,49828396,2411
HO11717,chr22,49852847,49854755,1908
HO11718,chr22,49917467,49919188,1721
HO11719,chr22,49959883,49962965,3082
HO11720,chr22,49966842,49968349,1507
HO11721,chr22,49970622,49971867,1245
HO11722,chr22,50057819,50059867,2048
HO11723,chr22,50183989,50186215,2226
HO11724,chr22,50189877,50191724,1847
HO11725,chr22,50199807,50202034,2227
HO11726,chr22,50244153,50245591,1438
HO11727,chr22,50250471,50252448,1977
HO11728,chr22,50260465,50262136,1671
HO11729,chr22,50269506,50271060,1554
HO11730,chr22,50293139,50294489,1350
HO11731,chr22,50306875,50308212,1337
HO11732,chr22,50326115,50327780,1665
HO11733,chr22,50342014,50343623,1609
HO11734,chr22,50473761,50475472,1711
HO11735,chr22,50506832,50508737,1905
HO11736,chr22,50524907,50526726,1819
HO11737,chr22,50544022,50544522,500
HO11738,chr22,50562499,50563843,1344
HO11739,chr22,50582079,50583627,1548
HO11740,chr22,50599921,50601716,1795
HO11741,chr22,50627361,50628668,1307
HO11742,chr22,50672152,50675533,3381
HO11743,chr22,50696631,50698007,1376
HO11744,chr22,50704906,50706061,1155
HO11745,chr22,50783041,50784097,1056
HO11746,chr3,196422,198498,2076
HO11747,chr3,2097948,2100193,2245
HO11748,chr3,3126213,3127575,1362
HO11749,chr3,3178985,3180015,1030
HO11750,chr3,3798463,3800461,1998
HO11751,chr3,4302768,4304107,1339
HO11752,chr3,4466473,4467559,1086
HO11753,chr3,4492167,4494279,2112
HO11754,chr3,4867598,4869181,1583
HO11755,chr3,4977061,4980593,3532
HO11756,chr3,4985418,4987368,1950
HO11757,chr3,5026066,5027216,1150
HO11758,chr3,5121768,5123275,1507
HO11759,chr3,5186879,5188911,2032
HO11760,chr3,6860275,6863028,2753
HO11761,chr3,8443834,8444796,962
HO11762,chr3,8500435,8501995,1560
HO11763,chr3,8767177,8769695,2518
HO11764,chr3,8962822,8963895,1073
HO11765,chr3,9247306,9250145,2839
HO11766,chr3,9302035,9302918,883
HO11767,chr3,9362622,9363624,1002
HO11768,chr3,9396098,9397995,1897
HO11769,chr3,9648834,9650428,1594
HO11770,chr3,9730664,9732521,1857
HO11771,chr3,9749198,9750444,1246
HO11772,chr3,9769309,9770967,1658
HO11773,chr3,9792060,9793730,1670
HO11774,chr3,9809289,9810842,1553
HO11775,chr3,9843134,9844276,1142
HO11776,chr3,9862394,9863432,1038
HO11777,chr3,9889563,9891157,1594
HO11778,chr3,9914882,9917411,2529
HO11779,chr3,9932530,9934473,1943
HO11780,chr3,9946041,9947566,1525
HO11781,chr3,9986125,9987646,1521
HO11782,chr3,10008698,10009421,723
HO11783,chr3,10010626,10011608,982
HO11784,chr3,10025637,10026818,1181
HO11785,chr3,10115043,10116455,1412
HO11786,chr3,10141200,10142409,1209
HO11787,chr3,10164479,10165662,1183
HO11788,chr3,10247807,10249593,1786
HO11789,chr3,10320232,10321541,1309
HO11790,chr3,11154046,11155771,1725
HO11791,chr3,11271770,11272803,1033
HO11792,chr3,11508097,11510750,2653
HO11793,chr3,11581266,11582982,1716
HO11794,chr3,11609555,11611711,2156
HO11795,chr3,11642396,11644211,1815
HO11796,chr3,11717914,11720915,3001
HO11797,chr3,11845826,11847170,1344
HO11798,chr3,12003565,12005200,1635
HO11799,chr3,12287140,12289082,1942
HO11800,chr3,12483484,12485053,1569
HO11801,chr3,12556219,12557559,1340
HO11802,chr3,12662589,12664648,2059
HO11803,chr3,12719554,12720543,989
HO11804,chr3,12796255,12797419,1164
HO11805,chr3,12809619,12810767,1148
HO11806,chr3,12840499,12842016,1517
HO11807,chr3,12867962,12869605,1643
HO11808,chr3,12875706,12876826,1120
HO11809,chr3,12966363,12968169,1806
HO11810,chr3,12992588,12995331,2743
HO11811,chr3,13041926,13043301,1375
HO11812,chr3,13072237,13073946,1709
HO11813,chr3,13281240,13283425,2185
HO11814,chr3,13419160,13420758,1598
HO11815,chr3,13451284,13452293,1009
HO11816,chr3,13479163,13481200,2037
HO11817,chr3,13546287,13547252,965
HO11818,chr3,13655065,13655691,626
HO11819,chr3,13879327,13880918,1591
HO11820,chr3,13894810,13896847,2037
HO11821,chr3,14124051,14126118,2067
HO11822,chr3,14177689,14179019,1330
HO11823,chr3,14216035,14217046,1011
HO11824,chr3,14401915,14404892,2977
HO11825,chr3,14650893,14652404,1511
HO11826,chr3,14810048,14812054,2006
HO11827,chr3,14946871,14948986,2115
HO11828,chr3,15064196,15065562,1366
HO11829,chr3,15098422,15099794,1372
HO11830,chr3,15205502,15207422,1920
HO11831,chr3,15331477,15333475,1998
HO11832,chr3,15377816,15378887,1071
HO11833,chr3,15426877,15428796,1919
HO11834,chr3,15600979,15602347,1368
HO11835,chr3,15858726,15860858,2132
HO11836,chr3,16264098,16265526,1428
HO11837,chr3,16511870,16513971,2101
HO11838,chr3,16865948,16867555,1607
HO11839,chr3,16882920,16885795,2875
HO11840,chr3,16900695,16902010,1315
HO11841,chr3,17741646,17743566,1920
HO11842,chr3,18161047,18161994,947
HO11843,chr3,18423849,18426247,2398
HO11844,chr3,18443540,18445929,2389
HO11845,chr3,19146471,19148800,2329
HO11846,chr3,19946360,19948167,1807
HO11847,chr3,20039616,20041807,2191
HO11848,chr3,20185351,20187070,1719
HO11849,chr3,21750038,21751621,1583
HO11850,chr3,22371777,22373180,1403
HO11851,chr3,22927824,22929193,1369
HO11852,chr3,23202200,23204170,1970
HO11853,chr3,23755658,23757095,1437
HO11854,chr3,23805375,23807601,2226
HO11855,chr3,23810272,23811235,963
HO11856,chr3,23916282,23917809,1527
HO11857,chr3,23944741,23946644,1903
HO11858,chr3,24493922,24495917,1995
HO11859,chr3,24520990,24522480,1490
HO11860,chr3,24828901,24830722,1821
HO11861,chr3,25427552,25428871,1319
HO11862,chr3,25663316,25665697,2381
HO11863,chr3,25782675,25784111,1436
HO11864,chr3,25789521,25790579,1058
HO11865,chr3,26621880,26624713,2833
HO11866,chr3,27368694,27369722,1028
HO11867,chr3,27483085,27484932,1847
HO11868,chr3,27711862,27713889,2027
HO11869,chr3,27720913,27722517,1604
HO11870,chr3,28240910,28242065,1155
HO11871,chr3,28348035,28349652,1617
HO11872,chr3,28574864,28576956,2092
HO11873,chr3,29280434,29283108,2674
HO11874,chr3,30605997,30607465,1468
HO11875,chr3,31531470,31533818,2348
HO11876,chr3,31980129,31982075,1946
HO11877,chr3,32106052,32107380,1328
HO11878,chr3,32237754,32239404,1650
HO11879,chr3,32391260,32392914,1654
HO11880,chr3,32401128,32402112,984
HO11881,chr3,32501871,32503073,1202
HO11882,chr3,32569552,32571360,1808
HO11883,chr3,32684355,32685895,1540
HO11884,chr3,32780491,32781834,1343
HO11885,chr3,32816042,32817756,1714
HO11886,chr3,33096062,33098081,2019
HO11887,chr3,33113473,33114801,1328
HO11888,chr3,33217746,33219305,1559
HO11889,chr3,33276938,33278697,1759
HO11890,chr3,33439307,33441383,2076
HO11891,chr3,33658495,33660233,1738
HO11892,chr3,33716799,33718856,2057
HO11893,chr3,33797785,33799316,1531
HO11894,chr3,35638798,35640192,1394
HO11895,chr3,35664155,35665579,1424
HO11896,chr3,36379834,36381049,1215
HO11897,chr3,36943579,36945917,2338
HO11898,chr3,36957826,36959091,1265
HO11899,chr3,36992205,36993926,1721
HO11900,chr3,37175260,37177128,1868
HO11901,chr3,37242559,37244416,1857
HO11902,chr3,37451421,37454308,2887
HO11903,chr3,37860142,37863492,3350
HO11904,chr3,37993593,37994566,973
HO11905,chr3,38023941,38025438,1497
HO11906,chr3,38028925,38030036,1111
HO11907,chr3,38038815,38040273,1458
HO11908,chr3,38136344,38137780,1436
HO11909,chr3,38138041,38139079,1038
HO11910,chr3,38164468,38166272,1804
HO11911,chr3,38346212,38347551,1339
HO11912,chr3,38453125,38456006,2881
HO11913,chr3,38495851,38496864,1013
HO11914,chr3,38648974,38650206,1232
HO11915,chr3,39051320,39052904,1584
HO11916,chr3,39106229,39108696,2467
HO11917,chr3,39150836,39153938,3102
HO11918,chr3,39177045,39178287,1242
HO11919,chr3,39180439,39181277,838
HO11920,chr3,39383138,39384565,1427
HO11921,chr3,39406229,39407257,1028
HO11922,chr3,39808499,39810603,2104
HO11923,chr3,40308898,40310502,1604
HO11924,chr3,40452524,40453549,1025
HO11925,chr3,40456884,40457709,825
HO11926,chr3,40476579,40477988,1409
HO11927,chr3,40505291,40506568,1277
HO11928,chr3,40523906,40525515,1609
HO11929,chr3,41198590,41200453,1863
HO11930,chr3,41961094,41962684,1590
HO11931,chr3,42012659,42015431,2772
HO11932,chr3,42024515,42026444,1929
HO11933,chr3,42031860,42033520,1660
HO11934,chr3,42501241,42503097,1856
HO11935,chr3,42581301,42582669,1368
HO11936,chr3,42590022,42591414,1392
HO11937,chr3,42599813,42601431,1618
HO11938,chr3,42653195,42655428,2233
HO11939,chr3,42772484,42773528,1044
HO11940,chr3,42803240,42804986,1746
HO11941,chr3,42880321,42881473,1152
HO11942,chr3,42905679,42907020,1341
HO11943,chr3,42978697,42979951,1254
HO11944,chr3,43104866,43106495,1629
HO11945,chr3,43152411,43154153,1742
HO11946,chr3,43285888,43287474,1586
HO11947,chr3,43621057,43622752,1695
HO11948,chr3,43690066,43691758,1692
HO11949,chr3,43769092,43770299,1207
HO11950,chr3,43893776,43894953,1177
HO11951,chr3,43997915,43999524,1609
HO11952,chr3,44337777,44339197,1420
HO11953,chr3,44477032,44478191,1159
HO11954,chr3,44509363,44511270,1907
HO11955,chr3,44554667,44555684,1017
HO11956,chr3,44584197,44585411,1214
HO11957,chr3,44624451,44625938,1487
HO11958,chr3,44648198,44649265,1067
HO11959,chr3,44684855,44685845,990
HO11960,chr3,44712170,44713022,852
HO11961,chr3,44729125,44729951,826
HO11962,chr3,44760990,44762236,1246
HO11963,chr3,44861222,44862576,1354
HO11964,chr3,44975091,44976725,1634
HO11965,chr3,45145311,45146703,1392
HO11966,chr3,45182782,45183751,969
HO11967,chr3,45224800,45227372,2572
HO11968,chr3,45388010,45389586,1576
HO11969,chr3,45592937,45594508,1571
HO11970,chr3,45688203,45689826,1623
HO11971,chr3,45841157,45842426,1269
HO11972,chr3,45994730,45996108,1378
HO11973,chr3,46488579,46489223,644
HO11974,chr3,46498484,46499634,1150
HO11975,chr3,46565520,46566695,1175
HO11976,chr3,46628451,46630288,1837
HO11977,chr3,46692657,46694266,1609
HO11978,chr3,46704782,46705565,783
HO11979,chr3,46811641,46812883,1242
HO11980,chr3,46845025,46846496,1471
HO11981,chr3,46881395,46883701,2306
HO11982,chr3,46976025,46977191,1166
HO11983,chr3,46979140,46980168,1028
HO11984,chr3,47008879,47010283,1404
HO11985,chr3,47163084,47165342,2258
HO11986,chr3,47281520,47283482,1962
HO11987,chr3,47380000,47381770,1770
HO11988,chr3,47420752,47422670,1918
HO11989,chr3,47474728,47476244,1516
HO11990,chr3,47481325,47482898,1573
HO11991,chr3,47512409,47513995,1586
HO11992,chr3,47577554,47579590,2036
HO11993,chr3,47780954,47782458,1504
HO11994,chr3,47788649,47789640,991
HO11995,chr3,47802131,47803938,1807
HO11996,chr3,47824422,47825903,1481
HO11997,chr3,47841230,47842860,1630
HO11998,chr3,48087173,48089480,2307
HO11999,chr3,48151017,48152465,1448
HO12000,chr3,48187088,48188987,1899
HO12001,chr3,48240157,48241981,1824
HO12002,chr3,48300689,48302108,1419
HO12003,chr3,48428544,48430344,1800
HO12004,chr3,48439714,48440931,1217
HO12005,chr3,48445994,48447219,1225
HO12006,chr3,48465253,48466971,1718
HO12007,chr3,48472525,48473651,1126
HO12008,chr3,48503448,48504978,1530
HO12009,chr3,48556351,48557476,1125
HO12010,chr3,48594352,48596086,1734
HO12011,chr3,48598256,48599129,873
HO12012,chr3,48608849,48609948,1099
HO12013,chr3,48634727,48636118,1391
HO12014,chr3,48655666,48656824,1158
HO12015,chr3,48661426,48662178,752
HO12016,chr3,48662501,48664385,1884
HO12017,chr3,48685309,48686440,1131
HO12018,chr3,48716283,48717585,1302
HO12019,chr3,48846890,48848312,1422
HO12020,chr3,48897973,48899152,1179
HO12021,chr3,48918084,48920131,2047
HO12022,chr3,48989230,48991095,1865
HO12023,chr3,49006489,49008307,1818
HO12024,chr3,49017657,49018748,1091
HO12025,chr3,49020441,49022441,2000
HO12026,chr3,49028718,49029736,1018
HO12027,chr3,49092853,49094768,1915
HO12028,chr3,49104140,49105308,1168
HO12029,chr3,49120099,49121296,1197
HO12030,chr3,49132254,49134033,1779
HO12031,chr3,49165126,49166523,1397
HO12032,chr3,49170851,49171975,1124
HO12033,chr3,49198745,49200114,1369
HO12034,chr3,49238035,49239265,1230
HO12035,chr3,49276239,49277932,1693
HO12036,chr3,49339098,49340968,1870
HO12037,chr3,49357482,49359098,1616
HO12038,chr3,49411134,49412752,1618
HO12039,chr3,49421851,49423070,1219
HO12040,chr3,49428671,49429949,1278
HO12041,chr3,49469047,49470915,1868
HO12042,chr3,49539344,49540749,1405
HO12043,chr3,49553469,49555240,1771
HO12044,chr3,49673176,49674795,1619
HO12045,chr3,49688836,49690192,1356
HO12046,chr3,49718603,49719955,1352
HO12047,chr3,49723260,49724753,1493
HO12048,chr3,49785712,49787151,1439
HO12049,chr3,49802347,49804017,1670
HO12050,chr3,49856037,49857030,993
HO12051,chr3,49929159,49931210,2051
HO12052,chr3,49939487,49940744,1257
HO12053,chr3,50088298,50089876,1578
HO12054,chr3,50154414,50155641,1227
HO12055,chr3,50156550,50157443,893
HO12056,chr3,50165121,50167776,2655
HO12057,chr3,50204729,50206227,1498
HO12058,chr3,50225936,50228213,2277
HO12059,chr3,50235536,50236432,896
HO12060,chr3,50237544,50238343,799
HO12061,chr3,50245549,50247013,1464
HO12062,chr3,50259594,50261032,1438
HO12063,chr3,50264341,50265204,863
HO12064,chr3,50291602,50292877,1275
HO12065,chr3,50298592,50299993,1401
HO12066,chr3,50320579,50323400,2821
HO12067,chr3,50327655,50328517,862
HO12068,chr3,50336555,50338264,1709
HO12069,chr3,50350332,50351325,993
HO12070,chr3,50358761,50359901,1140
HO12071,chr3,50364458,50365797,1339
HO12072,chr3,50502196,50504324,2128
HO12073,chr3,50515327,50516885,1558
HO12074,chr3,50567083,50567987,904
HO12075,chr3,50568714,50569803,1089
HO12076,chr3,50600622,50602343,1721
HO12077,chr3,50611119,50612552,1433
HO12078,chr3,50616538,50617775,1237
HO12079,chr3,50674195,50675641,1446
HO12080,chr3,51384175,51385885,1710
HO12081,chr3,51390647,51392250,1603
HO12082,chr3,51498938,51500497,1559
HO12083,chr3,51537936,51539915,1979
HO12084,chr3,51670657,51672289,1632
HO12085,chr3,51706071,51707588,1517
HO12086,chr3,51941329,51942743,1414
HO12087,chr3,51955517,51956797,1280
HO12088,chr3,51966946,51968617,1671
HO12089,chr3,51973528,51976256,2728
HO12090,chr3,51982369,51983751,1382
HO12091,chr3,51995236,51996314,1078
HO12092,chr3,52001333,52001857,524
HO12093,chr3,52004021,52006424,2403
HO12094,chr3,52055734,52057736,2002
HO12095,chr3,52153306,52155099,1793
HO12096,chr3,52197530,52198747,1217
HO12097,chr3,52237465,52239765,2300
HO12098,chr3,52244874,52246337,1463
HO12099,chr3,52277424,52279101,1677
HO12100,chr3,52287133,52288247,1114
HO12101,chr3,52297846,52300911,3065
HO12102,chr3,52409457,52411453,1996
HO12103,chr3,52449644,52450548,904
HO12104,chr3,52454943,52456865,1922
HO12105,chr3,52532611,52534492,1881
HO12106,chr3,52536194,52537417,1223
HO12107,chr3,52685252,52686430,1178
HO12108,chr3,52704397,52706460,2063
HO12109,chr3,52769908,52771656,1748
HO12110,chr3,52896565,52897940,1375
HO12111,chr3,53044655,53046963,2308
HO12112,chr3,53072317,53074054,1737
HO12113,chr3,53129813,53130950,1137
HO12114,chr3,53160507,53162541,2034
HO12115,chr3,53254267,53256355,2088
HO12116,chr3,53346397,53348068,1671
HO12117,chr3,53493574,53494839,1265
HO12118,chr3,53845375,53846807,1432
HO12119,chr3,53881263,53882522,1259
HO12120,chr3,53890874,53892360,1486
HO12121,chr3,54120771,54123229,2458
HO12122,chr3,55481850,55483095,1245
HO12123,chr3,55484949,55485538,589
HO12124,chr3,55486825,55487816,991
HO12125,chr3,55487906,55488963,1057
HO12126,chr3,56466761,56468846,2085
HO12127,chr3,56556471,56558047,1576
HO12128,chr3,56682051,56683627,1576
HO12129,chr3,56800331,56802412,2081
HO12130,chr3,57077389,57079861,2472
HO12131,chr3,57164147,57165605,1458
HO12132,chr3,57169858,57170632,774
HO12133,chr3,57226665,57228757,2092
HO12134,chr3,57543883,57544735,852
HO12135,chr3,57555334,57557525,2191
HO12136,chr3,57596430,57598243,1813
HO12137,chr3,57691801,57693306,1505
HO12138,chr3,57755268,57758286,3018
HO12139,chr3,57787902,57789109,1207
HO12140,chr3,57821193,57822770,1577
HO12141,chr3,58007871,58010375,2504
HO12142,chr3,58048936,58049865,929
HO12143,chr3,58058089,58060262,2173
HO12144,chr3,58177450,58178280,830
HO12145,chr3,58236782,58238716,1934
HO12146,chr3,58305813,58307552,1739
HO12147,chr3,58332395,58334211,1816
HO12148,chr3,58433029,58434268,1239
HO12149,chr3,58491101,58492856,1755
HO12150,chr3,58565678,58566648,970
HO12151,chr3,58584547,58585720,1173
HO12152,chr3,59048542,59050399,1857
HO12153,chr3,59185603,59186643,1040
HO12154,chr3,61249785,61250613,828
HO12155,chr3,61250788,61251962,1174
HO12156,chr3,61559668,61562495,2827
HO12157,chr3,62318432,62319596,1164
HO12158,chr3,62873384,62875558,2174
HO12159,chr3,63862843,63864751,1908
HO12160,chr3,63911528,63913451,1923
HO12161,chr3,64022430,64023733,1303
HO12162,chr3,64238839,64239694,855
HO12163,chr3,64443664,64445806,2142
HO12164,chr3,64684703,64686899,2196
HO12165,chr3,64687370,64688528,1158
HO12166,chr3,65596574,65598357,1783
HO12167,chr3,66036936,66039900,2964
HO12168,chr3,66220121,66221504,1383
HO12169,chr3,66499847,66501568,1721
HO12170,chr3,66997527,66999149,1622
HO12171,chr3,67653626,67655945,2319
HO12172,chr3,68931443,68932899,1456
HO12173,chr3,69012578,69014116,1538
HO12174,chr3,69051067,69052778,1711
HO12175,chr3,69079077,69080583,1506
HO12176,chr3,69084324,69086737,2413
HO12177,chr3,69199484,69201111,1627
HO12178,chr3,69385082,69386790,1708
HO12179,chr3,69540677,69543072,2395
HO12180,chr3,69738354,69740399,2045
HO12181,chr3,71063828,71065737,1909
HO12182,chr3,71128864,71131020,2156
HO12183,chr3,71581321,71584908,3587
HO12184,chr3,71724362,71725903,1541
HO12185,chr3,71752982,71755030,2048
HO12186,chr3,71784358,71786454,2096
HO12187,chr3,72099735,72101397,1662
HO12188,chr3,72268488,72270613,2125
HO12189,chr3,72306833,72307534,701
HO12190,chr3,72445868,72447906,2038
HO12191,chr3,72738182,72739564,1382
HO12192,chr3,72847402,72848948,1546
HO12193,chr3,72886763,72889453,2690
HO12194,chr3,72996255,72997969,1714
HO12195,chr3,73570944,73571943,999
HO12196,chr3,73623358,73625618,2260
HO12197,chr3,73818240,73819633,1393
HO12198,chr3,74613534,74615074,1540
HO12199,chr3,74841550,74842551,1001
HO12200,chr3,75434309,75436298,1989
HO12201,chr3,75579341,75580560,1219
HO12202,chr3,75618459,75620094,1635
HO12203,chr3,75667918,75670623,2705
HO12204,chr3,75671887,75672741,854
HO12205,chr3,75784722,75785818,1096
HO12206,chr3,75906251,75907637,1386
HO12207,chr3,77038367,77040531,2164
HO12208,chr3,79017257,79019856,2599
HO12209,chr3,79765760,79768228,2468
HO12210,chr3,81518908,81519512,604
HO12211,chr3,81760589,81762006,1417
HO12212,chr3,84958350,84960132,1782
HO12213,chr3,86990311,86991607,1296
HO12214,chr3,87088509,87089906,1397
HO12215,chr3,87226456,87227988,1532
HO12216,chr3,87792337,87793519,1182
HO12217,chr3,88057998,88060105,2107
HO12218,chr3,88149116,88150640,1524
HO12219,chr3,89107200,89108475,1275
HO12220,chr3,89113950,89114983,1033
HO12221,chr3,93470260,93470825,565
HO12222,chr3,93972949,93974217,1268
HO12223,chr3,93979569,93980834,1265
HO12224,chr3,94062207,94063957,1750
HO12225,chr3,96812849,96815327,2478
HO12226,chr3,97763634,97765155,1521
HO12227,chr3,97821138,97822838,1700
HO12228,chr3,97971559,97972778,1219
HO12229,chr3,98038999,98039903,904
HO12230,chr3,98521841,98523239,1398
HO12231,chr3,98592648,98594254,1606
HO12232,chr3,98731809,98734185,2376
HO12233,chr3,98900847,98902241,1394
HO12234,chr3,99637013,99639089,2076
HO12235,chr3,99816906,99818448,1542
HO12236,chr3,99875390,99876778,1388
HO12237,chr3,100023093,100025277,2184
HO12238,chr3,100260040,100261688,1648
HO12239,chr3,100334100,100335282,1182
HO12240,chr3,100400369,100402078,1709
HO12241,chr3,100491708,100493049,1341
HO12242,chr3,100708903,100710905,2002
HO12243,chr3,101512135,101513623,1488
HO12244,chr3,101561067,101562676,1609
HO12245,chr3,101573197,101575108,1911
HO12246,chr3,101675772,101677492,1720
HO12247,chr3,101685761,101687210,1449
HO12248,chr3,101724176,101725851,1675
HO12249,chr3,101778620,101781150,2530
HO12250,chr3,101848830,101851500,2670
HO12251,chr3,105365532,105368449,2917
HO12252,chr3,105368638,105370007,1369
HO12253,chr3,105867765,105869762,1997
HO12254,chr3,107124577,107125423,846
HO12255,chr3,107207634,107208949,1315
HO12256,chr3,107240079,107241627,1548
HO12257,chr3,107429314,107432128,2814
HO12258,chr3,107522517,107524359,1842
HO12259,chr3,107524511,107525870,1359
HO12260,chr3,107927083,107928439,1356
HO12261,chr3,108089600,108091888,2288
HO12262,chr3,108221536,108223202,1666
HO12263,chr3,108588697,108590144,1447
HO12264,chr3,111069936,111072744,2808
HO12265,chr3,111673945,111675316,1371
HO12266,chr3,111858980,111860902,1922
HO12267,chr3,111978486,111979903,1417
HO12268,chr3,111998525,112000198,1673
HO12269,chr3,112085796,112087133,1337
HO12270,chr3,112301881,112304361,2480
HO12271,chr3,112332769,112334422,1653
HO12272,chr3,112560761,112562629,1868
HO12273,chr3,112640079,112641666,1587
HO12274,chr3,112990393,112991592,1199
HO12275,chr3,113018660,113019949,1289
HO12276,chr3,113210267,113212811,2544
HO12277,chr3,113240921,113242597,1676
HO12278,chr3,113440883,113441873,990
HO12279,chr3,113514066,113515652,1586
HO12280,chr3,113532076,113533859,1783
HO12281,chr3,113695527,113697801,2274
HO12282,chr3,113745022,113747792,2770
HO12283,chr3,113838223,113839313,1090
HO12284,chr3,113947251,113948733,1482
HO12285,chr3,114056001,114057265,1264
HO12286,chr3,114152274,114153199,925
HO12287,chr3,115145944,115148331,2387
HO12288,chr3,115657966,115659257,1291
HO12289,chr3,115783780,115785468,1688
HO12290,chr3,117996280,117997805,1525
HO12291,chr3,119034056,119035237,1181
HO12292,chr3,119239794,119241151,1357
HO12293,chr3,119293576,119296101,2525
HO12294,chr3,119322014,119324001,1987
HO12295,chr3,119462937,119464254,1317
HO12296,chr3,119468443,119469743,1300
HO12297,chr3,119497793,119499086,1293
HO12298,chr3,119579229,119580656,1427
HO12299,chr3,119675960,119677821,1861
HO12300,chr3,119702423,119703528,1105
HO12301,chr3,119809378,119810513,1135
HO12302,chr3,120093740,120095936,2196
HO12303,chr3,120348077,120350150,2073
HO12304,chr3,120416806,120417875,1069
HO12305,chr3,120449680,120451891,2211
HO12306,chr3,120558412,120560006,1594
HO12307,chr3,120595749,120596826,1077
HO12308,chr3,120741767,120743508,1741
HO12309,chr3,120907554,120909376,1822
HO12310,chr3,121545212,121547120,1908
HO12311,chr3,121748603,121750173,1570
HO12312,chr3,121834302,121835729,1427
HO12313,chr3,122382740,122384687,1947
HO12314,chr3,122415242,122416747,1505
HO12315,chr3,122513469,122515176,1707
HO12316,chr3,122563530,122565005,1475
HO12317,chr3,122679096,122681374,2278
HO12318,chr3,122793322,122795696,2374
HO12319,chr3,122921684,122922627,943
HO12320,chr3,123026048,123028788,2740
HO12321,chr3,123066593,123068603,2010
HO12322,chr3,123200971,123202807,1836
HO12323,chr3,123447688,123450518,2830
HO12324,chr3,123584134,123586491,2357
HO12325,chr3,123883615,123884820,1205
HO12326,chr3,123960543,123961682,1139
HO12327,chr3,124032267,124034764,2497
HO12328,chr3,124584228,124585651,1423
HO12329,chr3,124729867,124731127,1260
HO12330,chr3,124885625,124887843,2218
HO12331,chr3,125054486,125056615,2129
HO12332,chr3,125141217,125142326,1109
HO12333,chr3,125211800,125213268,1468
HO12334,chr3,125356676,125357824,1148
HO12335,chr3,125374101,125375890,1789
HO12336,chr3,125519445,125520608,1163
HO12337,chr3,125594131,125595923,1792
HO12338,chr3,125915144,125916992,1848
HO12339,chr3,125989955,125991030,1075
HO12340,chr3,126083341,126084525,1184
HO12341,chr3,126179446,126181333,1887
HO12342,chr3,126212560,126214108,1548
HO12343,chr3,126266222,126267923,1701
HO12344,chr3,126287131,126288187,1056
HO12345,chr3,126355420,126357916,2496
HO12346,chr3,126388824,126389741,917
HO12347,chr3,126474606,126476754,2148
HO12348,chr3,126523757,126524773,1016
HO12349,chr3,126528496,126529598,1102
HO12350,chr3,126654261,126655333,1072
HO12351,chr3,126703392,126705062,1670
HO12352,chr3,126982046,126984403,2357
HO12353,chr3,127455286,127456092,806
HO12354,chr3,127525985,127527723,1738
HO12355,chr3,127546984,127548305,1321
HO12356,chr3,127574764,127575798,1034
HO12357,chr3,127589685,127591350,1665
HO12358,chr3,127597662,127598750,1088
HO12359,chr3,127628497,127630001,1504
HO12360,chr3,127671834,127674148,2314
HO12361,chr3,127822116,127823614,1498
HO12362,chr3,128051398,128053299,1901
HO12363,chr3,128075219,128077560,2341
HO12364,chr3,128123168,128124347,1179
HO12365,chr3,128152936,128154128,1192
HO12366,chr3,128487457,128488575,1118
HO12367,chr3,128496367,128498155,1788
HO12368,chr3,128607700,128608707,1007
HO12369,chr3,128617203,128618461,1258
HO12370,chr3,128649452,128651253,1801
HO12371,chr3,128680208,128681746,1538
HO12372,chr3,128725647,128727013,1366
HO12373,chr3,128845162,128846715,1553
HO12374,chr3,128864299,128865909,1610
HO12375,chr3,128878524,128880147,1623
HO12376,chr3,128993029,128994380,1351
HO12377,chr3,129000701,129002374,1673
HO12378,chr3,129026635,129027606,971
HO12379,chr3,129120223,129122926,2703
HO12380,chr3,129160567,129162262,1695
HO12381,chr3,129182899,129184526,1627
HO12382,chr3,129248964,129249944,980
HO12383,chr3,129277962,129279919,1957
HO12384,chr3,129305346,129306178,832
HO12385,chr3,129313934,129317045,3111
HO12386,chr3,129398779,129400176,1397
HO12387,chr3,129427952,129429023,1071
HO12388,chr3,129439373,129440710,1337
HO12389,chr3,129605270,129607316,2046
HO12390,chr3,129626282,129628286,2004
HO12391,chr3,129793755,129795322,1567
HO12392,chr3,129892532,129894052,1520
HO12393,chr3,129974015,129976117,2102
HO12394,chr3,130110645,130112816,2171
HO12395,chr3,130661630,130663082,1452
HO12396,chr3,130746012,130747995,1983
HO12397,chr3,130892879,130895087,2208
HO12398,chr3,131026226,131027222,996
HO12399,chr3,131361035,131362499,1464
HO12400,chr3,131380961,131382349,1388
HO12401,chr3,131502101,131503211,1110
HO12402,chr3,131526499,131527403,904
HO12403,chr3,132416796,132418431,1635
HO12404,chr3,132658941,132660916,1975
HO12405,chr3,132721499,132723359,1860
HO12406,chr3,133037686,133039164,1478
HO12407,chr3,133572937,133574872,1935
HO12408,chr3,133661225,133662595,1370
HO12409,chr3,133805241,133806502,1261
HO12410,chr3,133867987,133869325,1338
HO12411,chr3,133894206,133896414,2208
HO12412,chr3,133926945,133927952,1007
HO12413,chr3,134028877,134031003,2126
HO12414,chr3,134249734,134251193,1459
HO12415,chr3,134308175,134308876,701
HO12416,chr3,134312456,134313928,1472
HO12417,chr3,134363268,134364697,1429
HO12418,chr3,134372879,134375485,2606
HO12419,chr3,134485023,134486918,1895
HO12420,chr3,134794768,134797036,2268
HO12421,chr3,135965023,135966642,1619
HO12422,chr3,136195062,136197215,2153
HO12423,chr3,136249954,136251431,1477
HO12424,chr3,136751165,136753217,2052
HO12425,chr3,136818203,136820441,2238
HO12426,chr3,136861339,136863073,1734
HO12427,chr3,137032234,137033167,933
HO12428,chr3,138114386,138115986,1600
HO12429,chr3,138173971,138175059,1088
HO12430,chr3,138186421,138188306,1885
HO12431,chr3,138328937,138330164,1227
HO12432,chr3,138347478,138350576,3098
HO12433,chr3,138389255,138390837,1582
HO12434,chr3,138433884,138435724,1840
HO12435,chr3,138593499,138595058,1559
HO12436,chr3,138608180,138609809,1629
HO12437,chr3,138833577,138835451,1874
HO12438,chr3,138914994,138916304,1310
HO12439,chr3,138935754,138936740,986
HO12440,chr3,138945427,138947621,2194
HO12441,chr3,139343578,139344627,1049
HO12442,chr3,139388914,139390333,1419
HO12443,chr3,139538651,139540195,1544
HO12444,chr3,139677201,139678368,1167
HO12445,chr3,139934332,139936446,2114
HO12446,chr3,140385572,140387044,1472
HO12447,chr3,140941284,140943005,1721
HO12448,chr3,141050649,141053018,2369
HO12449,chr3,141076101,141077745,1644
HO12450,chr3,141230977,141232787,1810
HO12451,chr3,141311088,141312279,1191
HO12452,chr3,141401586,141403150,1564
HO12453,chr3,141486142,141488045,1903
HO12454,chr3,141659389,141660857,1468
HO12455,chr3,141737741,141739356,1615
HO12456,chr3,141795660,141798290,2630
HO12457,chr3,141875468,141877554,2086
HO12458,chr3,142148139,142149882,1743
HO12459,chr3,142224812,142225835,1023
HO12460,chr3,142446999,142448385,1386
HO12461,chr3,142577788,142579305,1517
HO12462,chr3,142595429,142596793,1364
HO12463,chr3,142723605,142725351,1746
HO12464,chr3,142888031,142889382,1351
HO12465,chr3,142962209,142964449,2240
HO12466,chr3,143000511,143002542,2031
HO12467,chr3,143118938,143121641,2703
HO12468,chr3,143970673,143973747,3074
HO12469,chr3,146159741,146161967,2226
HO12470,chr3,146250065,146252322,2257
HO12471,chr3,146468169,146470127,1958
HO12472,chr3,146543057,146545030,1973
HO12473,chr3,148697411,148698790,1379
HO12474,chr3,148990981,148992419,1438
HO12475,chr3,149085330,149087015,1685
HO12476,chr3,149128897,149130416,1519
HO12477,chr3,149656359,149659353,2994
HO12478,chr3,149751603,149752875,1272
HO12479,chr3,149812310,149814511,2201
HO12480,chr3,149969784,149971985,2201
HO12481,chr3,150407670,150410529,2859
HO12482,chr3,150545387,150547149,1762
HO12483,chr3,150602803,150604251,1448
HO12484,chr3,150702687,150704333,1646
HO12485,chr3,150761747,150764164,2417
HO12486,chr3,151085145,151087346,2201
HO12487,chr3,152268243,152270565,2322
HO12488,chr3,152834447,152836115,1668
HO12489,chr3,153160353,153163542,3189
HO12490,chr3,154120790,154123437,2647
HO12491,chr3,154323623,154325264,1641
HO12492,chr3,154427565,154429282,1717
HO12493,chr3,155078863,155080441,1578
HO12494,chr3,155110800,155111760,960
HO12495,chr3,155743720,155745392,1672
HO12496,chr3,155805280,155806586,1306
HO12497,chr3,155853379,155855189,1810
HO12498,chr3,155869848,155871947,2099
HO12499,chr3,156554559,156555720,1161
HO12500,chr3,156673791,156676088,2297
HO12501,chr3,156815687,156817563,1876
HO12502,chr3,156825592,156827100,1508
HO12503,chr3,157087909,157090086,2177
HO12504,chr3,157128877,157130881,2004
HO12505,chr3,157159198,157161161,1963
HO12506,chr3,157174168,157176404,2236
HO12507,chr3,157436464,157438644,2180
HO12508,chr3,157499210,157500071,861
HO12509,chr3,158097589,158098506,917
HO12510,chr3,158109522,158110806,1284
HO12511,chr3,158570508,158571726,1218
HO12512,chr3,158643922,158644942,1020
HO12513,chr3,158671688,158672968,1280
HO12514,chr3,158731575,158733219,1644
HO12515,chr3,158801047,158802748,1701
HO12516,chr3,159762831,159765681,2850
HO12517,chr3,159838970,159840370,1400
HO12518,chr3,159988177,159989345,1168
HO12519,chr3,160224912,160226791,1879
HO12520,chr3,160398849,160401086,2237
HO12521,chr3,160448884,160450523,1639
HO12522,chr3,160564213,160566417,2204
HO12523,chr3,160754302,160756932,2630
HO12524,chr3,161104291,161105580,1289
HO12525,chr3,161220787,161222230,1443
HO12526,chr3,161371368,161373135,1767
HO12527,chr3,165194543,165197182,2639
HO12528,chr3,167379715,167380542,827
HO12529,chr3,167734070,167735882,1812
HO12530,chr3,168094631,168096673,2042
HO12531,chr3,168248499,168250615,2116
HO12532,chr3,169148940,169149690,750
HO12533,chr3,169661497,169663421,1924
HO12534,chr3,169668112,169669523,1411
HO12535,chr3,169764106,169765373,1267
HO12536,chr3,169769277,169769934,657
HO12537,chr3,169771569,169773826,2257
HO12538,chr3,169811498,169813231,1733
HO12539,chr3,169966011,169967786,1775
HO12540,chr3,170180109,170182119,2010
HO12541,chr3,170221790,170223524,1734
HO12542,chr3,170355831,170358598,2767
HO12543,chr3,170418328,170420788,2460
HO12544,chr3,170584340,170586217,1877
HO12545,chr3,170868957,170870648,1691
HO12546,chr3,170907600,170908979,1379
HO12547,chr3,171458700,171461459,2759
HO12548,chr3,171809327,171810832,1505
HO12549,chr3,172039144,172041053,1909
HO12550,chr3,172709622,172711588,1966
HO12551,chr3,172750043,172751447,1404
HO12552,chr3,173394994,173396152,1158
HO12553,chr3,173397104,173398257,1153
HO12554,chr3,174439339,174442234,2895
HO12555,chr3,177196182,177198154,1972
HO12556,chr3,177359048,177361756,2708
HO12557,chr3,178260732,178261850,1118
HO12558,chr3,179070871,179072453,1582
HO12559,chr3,179146979,179149714,2735
HO12560,chr3,179260798,179261734,936
HO12561,chr3,179322069,179323901,1832
HO12562,chr3,179346329,179348267,1938
HO12563,chr3,179450217,179452550,2333
HO12564,chr3,179562365,179563909,1544
HO12565,chr3,179603916,179605304,1388
HO12566,chr3,179652093,179654776,2683
HO12567,chr3,180036304,180037436,1132
HO12568,chr3,180601383,180602842,1459
HO12569,chr3,180678851,180680349,1498
HO12570,chr3,180911950,180913886,1936
HO12571,chr3,180988875,180990209,1334
HO12572,chr3,181694804,181696360,1556
HO12573,chr3,181711067,181713302,2235
HO12574,chr3,182682030,182683880,1850
HO12575,chr3,182792605,182794790,2185
HO12576,chr3,182979282,182981300,2018
HO12577,chr3,183098566,183099879,1313
HO12578,chr3,183161616,183163037,1421
HO12579,chr3,183178702,183180715,2013
HO12580,chr3,183252936,183254931,1995
HO12581,chr3,183341057,183342385,1328
HO12582,chr3,183427132,183429178,2046
HO12583,chr3,183434037,183435201,1164
HO12584,chr3,183447128,183448426,1298
HO12585,chr3,183583460,183585057,1597
HO12586,chr3,183635145,183637090,1945
HO12587,chr3,183697292,183698748,1456
HO12588,chr3,183824555,183826698,2143
HO12589,chr3,183884127,183885308,1181
HO12590,chr3,184015646,184018485,2839
HO12591,chr3,184133865,184135892,2027
HO12592,chr3,184154807,184157433,2626
HO12593,chr3,184174176,184175471,1295
HO12594,chr3,184185358,184186745,1387
HO12595,chr3,184228764,184231118,2354
HO12596,chr3,184248455,184250570,2115
HO12597,chr3,184259630,184263000,3370
HO12598,chr3,184298463,184299837,1374
HO12599,chr3,184314024,184315599,1575
HO12600,chr3,184335347,184337640,2293
HO12601,chr3,184338336,184339013,677
HO12602,chr3,184361276,184363694,2418
HO12603,chr3,184378671,184380896,2225
HO12604,chr3,184513240,184514389,1149
HO12605,chr3,184560975,184562584,1609
HO12606,chr3,184568301,184569720,1419
HO12607,chr3,184582225,184584915,2690
HO12608,chr3,184592081,184595102,3021
HO12609,chr3,184603563,184604981,1418
HO12610,chr3,184710808,184712645,1837
HO12611,chr3,184716422,184717944,1522
HO12612,chr3,184726787,184727801,1014
HO12613,chr3,184811757,184813003,1246
HO12614,chr3,184911239,184912482,1243
HO12615,chr3,185151993,185153808,1815
HO12616,chr3,185253540,185254478,938
HO12617,chr3,185282401,185283487,1086
HO12618,chr3,185362359,185364022,1663
HO12619,chr3,185498132,185499379,1247
HO12620,chr3,185574753,185575821,1068
HO12621,chr3,185585549,185586992,1443
HO12622,chr3,185823176,185826445,3269
HO12623,chr3,185936747,185938358,1611
HO12624,chr3,186097323,186098631,1308
HO12625,chr3,186107572,186110397,2825
HO12626,chr3,186193209,186194548,1339
HO12627,chr3,186360636,186362628,1992
HO12628,chr3,186566476,186567881,1405
HO12629,chr3,186570008,186571202,1194
HO12630,chr3,186782643,186784511,1868
HO12631,chr3,186789688,186791127,1439
HO12632,chr3,186805845,186807312,1467
HO12633,chr3,186826803,186827827,1024
HO12634,chr3,186896631,186897599,968
HO12635,chr3,186930039,186932392,2353
HO12636,chr3,187138992,187139975,983
HO12637,chr3,187737418,187740288,2870
HO12638,chr3,187744381,187745954,1573
HO12639,chr3,188051668,188052884,1216
HO12640,chr3,188152714,188154865,2151
HO12641,chr3,188947027,188949335,2308
HO12642,chr3,190119533,190121168,1635
HO12643,chr3,190321679,190323548,1869
HO12644,chr3,190513396,190515148,1752
HO12645,chr3,191328719,191330713,1994
HO12646,chr3,192407907,192410484,2577
HO12647,chr3,192513817,192515553,1736
HO12648,chr3,192726950,192728036,1086
HO12649,chr3,192878947,192880178,1231
HO12650,chr3,192916225,192918427,2202
HO12651,chr3,193240373,193241744,1371
HO12652,chr3,193592414,193594026,1612
HO12653,chr3,194002380,194003973,1593
HO12654,chr3,194070141,194071718,1577
HO12655,chr3,194133701,194135352,1651
HO12656,chr3,194140622,194142225,1603
HO12657,chr3,194296275,194297562,1287
HO12658,chr3,194314751,194316090,1339
HO12659,chr3,194323645,194324627,982
HO12660,chr3,194333309,194334126,817
HO12661,chr3,194395869,194398398,2529
HO12662,chr3,194485377,194488032,2655
HO12663,chr3,194583377,194584388,1011
HO12664,chr3,194632687,194634029,1342
HO12665,chr3,194671297,194672755,1458
HO12666,chr3,194685606,194686434,828
HO12667,chr3,194686698,194688558,1860
HO12668,chr3,194768727,194769680,953
HO12669,chr3,195258552,195260889,2337
HO12670,chr3,195269862,195271954,2092
HO12671,chr3,195441511,195443498,1987
HO12672,chr3,195542011,195544140,2129
HO12673,chr3,195850658,195851263,605
HO12674,chr3,195884811,195887146,2335
HO12675,chr3,195891866,195893285,1419
HO12676,chr3,195894582,195897317,2735
HO12677,chr3,195907546,195910424,2878
HO12678,chr3,195914548,195915469,921
HO12679,chr3,196080922,196082508,1586
HO12680,chr3,196186307,196187408,1101
HO12681,chr3,196226836,196229096,2260
HO12682,chr3,196286955,196288371,1416
HO12683,chr3,196317468,196318627,1159
HO12684,chr3,196431140,196433194,2054
HO12685,chr3,196501802,196504058,2256
HO12686,chr3,196528270,196529350,1080
HO12687,chr3,196567908,196569523,1615
HO12688,chr3,196631672,196633203,1531
HO12689,chr3,196638937,196640831,1894
HO12690,chr3,196711559,196713066,1507
HO12691,chr3,196739399,196741436,2037
HO12692,chr3,196867225,196868721,1496
HO12693,chr3,196941388,196943242,1854
HO12694,chr3,196968208,196970178,1970
HO12695,chr3,196987951,196988942,991
HO12696,chr3,197001987,197003987,2000
HO12697,chr3,197028477,197030186,1709
HO12698,chr3,197297297,197299461,2164
HO12699,chr3,197455915,197457071,1156
HO12700,chr3,197509638,197510559,921
HO12701,chr3,197554318,197556240,1922
HO12702,chr3,197735954,197737628,1674
HO12703,chr3,197749112,197751622,2510
HO12704,chr3,197790528,197792235,1707
HO12705,chr3,197905817,197907135,1318
HO12706,chr3,197912463,197913977,1514
HO12707,chr3,197949431,197950751,1320
HO12708,chr3,197959533,197961644,2111
HO12709,chr3,198079970,198081514,1544
HO12710,chr4,123915,125805,1890
HO12711,chr4,212223,213493,1270
HO12712,chr4,304158,305741,1583
HO12713,chr4,336157,338394,2237
HO12714,chr4,472927,474477,1550
HO12715,chr4,498438,499917,1479
HO12716,chr4,574990,576693,1703
HO12717,chr4,656631,659236,2605
HO12718,chr4,663199,664473,1274
HO12719,chr4,673488,675387,1899
HO12720,chr4,704818,706274,1456
HO12721,chr4,780785,782626,1841
HO12722,chr4,791833,792635,802
HO12723,chr4,815241,816209,968
HO12724,chr4,825255,826774,1519
HO12725,chr4,931293,933023,1730
HO12726,chr4,972641,974085,1444
HO12727,chr4,986495,987690,1195
HO12728,chr4,1009274,1011881,2607
HO12729,chr4,1019327,1020308,981
HO12730,chr4,1167002,1167970,968
HO12731,chr4,1171012,1172865,1853
HO12732,chr4,1247581,1250051,2470
HO12733,chr4,1289165,1290883,1718
HO12734,chr4,1308958,1310117,1159
HO12735,chr4,1345531,1347836,2305
HO12736,chr4,1683341,1684910,1569
HO12737,chr4,1711162,1713047,1885
HO12738,chr4,1720125,1721771,1646
HO12739,chr4,1792511,1794607,2096
HO12740,chr4,1855296,1857273,1977
HO12741,chr4,1870086,1872725,2639
HO12742,chr4,1960135,1961295,1160
HO12743,chr4,2007901,2010146,2245
HO12744,chr4,2021278,2022383,1105
HO12745,chr4,2040369,2042888,2519
HO12746,chr4,2058055,2059953,1898
HO12747,chr4,2060133,2061961,1828
HO12748,chr4,2071256,2073154,1898
HO12749,chr4,2241380,2242669,1289
HO12750,chr4,2261082,2263040,1958
HO12751,chr4,2401270,2403139,1869
HO12752,chr4,2412812,2413696,884
HO12753,chr4,2417971,2420101,2130
HO12754,chr4,2462119,2463236,1117
HO12755,chr4,2467915,2470004,2089
HO12756,chr4,2535270,2537700,2430
HO12757,chr4,2755607,2756861,1254
HO12758,chr4,2763611,2764602,991
HO12759,chr4,2800260,2801597,1337
HO12760,chr4,2817567,2818899,1332
HO12761,chr4,2842831,2844463,1632
HO12762,chr4,2933478,2935633,2155
HO12763,chr4,2962321,2964451,2130
HO12764,chr4,3040987,3042201,1214
HO12765,chr4,3073320,3075805,2485
HO12766,chr4,3291633,3293875,2242
HO12767,chr4,3387656,3389457,1801
HO12768,chr4,3531556,3533100,1544
HO12769,chr4,3765256,3767851,2595
HO12770,chr4,3954487,3956404,1917
HO12771,chr4,4247541,4248888,1347
HO12772,chr4,4289575,4290991,1416
HO12773,chr4,4385735,4388100,2365
HO12774,chr4,4395536,4397617,2081
HO12775,chr4,4541014,4542573,1559
HO12776,chr4,4574604,4575780,1176
HO12777,chr4,4852380,4853703,1323
HO12778,chr4,4859224,4861482,2258
HO12779,chr4,5051007,5052503,1496
HO12780,chr4,5705578,5706301,723
HO12781,chr4,5708148,5709139,991
HO12782,chr4,5710511,5711890,1379
HO12783,chr4,5887216,5888824,1608
HO12784,chr4,5892488,5893403,915
HO12785,chr4,6198528,6200913,2385
HO12786,chr4,6269053,6270758,1705
HO12787,chr4,6276737,6277797,1060
HO12788,chr4,6308455,6309684,1229
HO12789,chr4,6470306,6471666,1360
HO12790,chr4,6493327,6494273,946
HO12791,chr4,6574346,6575623,1277
HO12792,chr4,6640011,6641739,1728
HO12793,chr4,6673000,6675002,2002
HO12794,chr4,6708786,6710578,1792
HO12795,chr4,6715716,6717134,1418
HO12796,chr4,6782039,6783898,1859
HO12797,chr4,6908719,6910954,2235
HO12798,chr4,6986147,6987817,1670
HO12799,chr4,7041778,7044784,3006
HO12800,chr4,7067260,7068723,1463
HO12801,chr4,7102707,7104176,1469
HO12802,chr4,7161091,7162443,1352
HO12803,chr4,7191603,7193309,1706
HO12804,chr4,7654954,7656466,1512
HO12805,chr4,7937816,7940137,2321
HO12806,chr4,7956226,7957637,1411
HO12807,chr4,8010028,8011161,1133
HO12808,chr4,8158120,8159675,1555
HO12809,chr4,8192526,8193443,917
HO12810,chr4,8198358,8199437,1079
HO12811,chr4,8205146,8206693,1547
HO12812,chr4,8241978,8242715,737
HO12813,chr4,8427550,8429096,1546
HO12814,chr4,8440181,8441298,1117
HO12815,chr4,8580216,8581450,1234
HO12816,chr4,8939330,8940485,1155
HO12817,chr4,9151919,9153869,1950
HO12818,chr4,9531765,9532999,1234
HO12819,chr4,9690887,9692084,1197
HO12820,chr4,10018631,10020030,1399
HO12821,chr4,10115656,10117942,2286
HO12822,chr4,10456369,10457725,1356
HO12823,chr4,10461059,10461901,842
HO12824,chr4,11428250,11429698,1448
HO12825,chr4,13483204,13485178,1974
HO12826,chr4,13543703,13545250,1547
HO12827,chr4,13626544,13628289,1745
HO12828,chr4,15001240,15005179,3939
HO12829,chr4,15478785,15480181,1396
HO12830,chr4,15654371,15656374,2003
HO12831,chr4,15681111,15683039,1928
HO12832,chr4,15778016,15779719,1703
HO12833,chr4,16082100,16084249,2149
HO12834,chr4,16225639,16227837,2198
HO12835,chr4,16898002,16899231,1229
HO12836,chr4,17094047,17095108,1061
HO12837,chr4,17511037,17512611,1574
HO12838,chr4,17576498,17578783,2285
HO12839,chr4,17613620,17615318,1698
HO12840,chr4,17780533,17782113,1580
HO12841,chr4,17810006,17811500,1494
HO12842,chr4,18020067,18022634,2567
HO12843,chr4,20251208,20255232,4024
HO12844,chr4,20699615,20700881,1266
HO12845,chr4,21001290,21002525,1235
HO12846,chr4,21948138,21949560,1422
HO12847,chr4,22514590,22516576,1986
HO12848,chr4,23888071,23890920,2849
HO12849,chr4,24469777,24472105,2328
HO12850,chr4,24472533,24473623,1090
HO12851,chr4,24583261,24584842,1581
HO12852,chr4,24912129,24913315,1186
HO12853,chr4,25029769,25031616,1847
HO12854,chr4,25087975,25089476,1501
HO12855,chr4,25159588,25161276,1688
HO12856,chr4,25233563,25235273,1710
HO12857,chr4,25312224,25313658,1434
HO12858,chr4,25376387,25377659,1272
HO12859,chr4,25861941,25864432,2491
HO12860,chr4,25913199,25915700,2501
HO12861,chr4,26318938,26322167,3229
HO12862,chr4,26583435,26584758,1323
HO12863,chr4,26857121,26857914,793
HO12864,chr4,26860184,26861924,1740
HO12865,chr4,29466707,29468045,1338
HO12866,chr4,30716909,30718359,1450
HO12867,chr4,30719357,30721519,2162
HO12868,chr4,36243590,36245049,1459
HO12869,chr4,37243507,37245543,2036
HO12870,chr4,37452717,37454120,1403
HO12871,chr4,37685033,37687133,2100
HO12872,chr4,37696352,37697687,1335
HO12873,chr4,37825473,37827538,2065
HO12874,chr4,37889744,37891917,2173
HO12875,chr4,37976529,37978150,1621
HO12876,chr4,38318467,38320372,1905
HO12877,chr4,38663010,38665340,2330
HO12878,chr4,38666840,38667472,632
HO12879,chr4,38672211,38673905,1694
HO12880,chr4,38752508,38753729,1221
HO12881,chr4,38867073,38869016,1943
HO12882,chr4,39043413,39045606,2193
HO12883,chr4,39181766,39183466,1700
HO12884,chr4,39365466,39366669,1203
HO12885,chr4,39446494,39447474,980
HO12886,chr4,39458163,39459964,1801
HO12887,chr4,39526441,39528366,1925
HO12888,chr4,39637320,39639938,2618
HO12889,chr4,39697253,39698902,1649
HO12890,chr4,39976277,39978300,2023
HO12891,chr4,40055503,40058147,2644
HO12892,chr4,40629166,40631004,1838
HO12893,chr4,40749492,40751170,1678
HO12894,chr4,40856513,40857449,936
HO12895,chr4,41213601,41214906,1305
HO12896,chr4,41215946,41217035,1089
HO12897,chr4,41256204,41258202,1998
HO12898,chr4,41359908,41362054,2146
HO12899,chr4,41454073,41455672,1599
HO12900,chr4,41934600,41935935,1335
HO12901,chr4,41989700,41991107,1407
HO12902,chr4,42150611,42152829,2218
HO12903,chr4,42396367,42399369,3002
HO12904,chr4,42655891,42657824,1933
HO12905,chr4,43990527,43991686,1159
HO12906,chr4,44056570,44057309,739
HO12907,chr4,44446420,44449302,2882
HO12908,chr4,44677662,44679414,1752
HO12909,chr4,44725512,44726947,1435
HO12910,chr4,46123659,46125278,1619
HO12911,chr4,46388686,46391090,2404
HO12912,chr4,46992841,46994363,1522
HO12913,chr4,47031032,47033003,1971
HO12914,chr4,47462861,47463942,1081
HO12915,chr4,47484772,47486568,1796
HO12916,chr4,47836267,47838208,1941
HO12917,chr4,47913722,47915076,1354
HO12918,chr4,48015962,48017557,1595
HO12919,chr4,48268911,48270469,1558
HO12920,chr4,48340388,48342680,2292
HO12921,chr4,48482890,48484487,1597
HO12922,chr4,48779079,48780992,1913
HO12923,chr4,48830457,48831651,1194
HO12924,chr4,48905981,48907151,1170
HO12925,chr4,51842208,51844999,2791
HO12926,chr4,52037476,52038854,1378
HO12927,chr4,52051011,52053365,2354
HO12928,chr4,52657468,52658340,872
HO12929,chr4,52658685,52660278,1593
HO12930,chr4,52711824,52713227,1403
HO12931,chr4,52721791,52722833,1042
HO12932,chr4,52750570,52751903,1333
HO12933,chr4,52861574,52863180,1606
HO12934,chr4,52872957,52874396,1439
HO12935,chr4,52954261,52955196,935
HO12936,chr4,52956938,52958464,1526
HO12937,chr4,53365081,53366331,1250
HO12938,chr4,53377016,53378336,1320
HO12939,chr4,54063677,54065180,1503
HO12940,chr4,54066576,54067397,821
HO12941,chr4,54090888,54092438,1550
HO12942,chr4,54099572,54101110,1538
HO12943,chr4,54227317,54228396,1079
HO12944,chr4,54232804,54234527,1723
HO12945,chr4,54657226,54659237,2011
HO12946,chr4,55124371,55126499,2128
HO12947,chr4,55345701,55347007,1306
HO12948,chr4,55395248,55397261,2013
HO12949,chr4,55545584,55547794,2210
HO12950,chr4,55635213,55636861,1648
HO12951,chr4,55853104,55854412,1308
HO12952,chr4,55947071,55949712,2641
HO12953,chr4,56048460,56050063,1603
HO12954,chr4,56301037,56302564,1527
HO12955,chr4,56386789,56388208,1419
HO12956,chr4,56434792,56437314,2522
HO12957,chr4,56466318,56468539,2221
HO12958,chr4,56504831,56506999,2168
HO12959,chr4,56529539,56531268,1729
HO12960,chr4,56544264,56545239,975
HO12961,chr4,56655154,56656648,1494
HO12962,chr4,56799275,56800450,1175
HO12963,chr4,56821175,56822015,840
HO12964,chr4,56907161,56909632,2471
HO12965,chr4,56976364,56979227,2863
HO12966,chr4,57109474,57111561,2087
HO12967,chr4,57163246,57164390,1144
HO12968,chr4,60934314,60935291,977
HO12969,chr4,61199877,61203445,3568
HO12970,chr4,65669089,65671032,1943
HO12971,chr4,67544666,67545888,1222
HO12972,chr4,67700070,67701731,1661
HO12973,chr4,67756799,67757905,1106
HO12974,chr4,68348634,68350515,1881
HO12975,chr4,68732666,68733537,871
HO12976,chr4,70687505,70689212,1707
HO12977,chr4,70703743,70706096,2353
HO12978,chr4,70838442,70840076,1634
HO12979,chr4,70901554,70903581,2027
HO12980,chr4,70992860,70994188,1328
HO12981,chr4,71186276,71188506,2230
HO12982,chr4,72567546,72569967,2421
HO12983,chr4,73068324,73070259,1935
HO12984,chr4,73257191,73259976,2785
HO12985,chr4,73868383,73869900,1517
HO12986,chr4,74038074,74039508,1434
HO12987,chr4,74098589,74099801,1212
HO12988,chr4,74157009,74158588,1579
HO12989,chr4,74444623,74445676,1053
HO12990,chr4,74793453,74795136,1683
HO12991,chr4,74932605,74935311,2706
HO12992,chr4,75513697,75515022,1325
HO12993,chr4,75630020,75631215,1195
HO12994,chr4,75672290,75674271,1981
HO12995,chr4,75723090,75725471,2381
HO12996,chr4,75939634,75941314,1680
HO12997,chr4,75990018,75991353,1335
HO12998,chr4,76147425,76148880,1455
HO12999,chr4,76212795,76214406,1611
HO13000,chr4,76251038,76252320,1282
HO13001,chr4,76305789,76307532,1743
HO13002,chr4,76420131,76421634,1503
HO13003,chr4,76585103,76586443,1340
HO13004,chr4,76688592,76690562,1970
HO13005,chr4,76896664,76898493,1829
HO13006,chr4,76948287,76951237,2950
HO13007,chr4,77074768,77076616,1848
HO13008,chr4,77156109,77158521,2412
HO13009,chr4,77817652,77820692,3040
HO13010,chr4,77861698,77863283,1585
HO13011,chr4,78055985,78058128,2143
HO13012,chr4,78058497,78059876,1379
HO13013,chr4,78336131,78337624,1493
HO13014,chr4,78774978,78777220,2242
HO13015,chr4,78938349,78940258,1909
HO13016,chr4,80071300,80073723,2423
HO13017,chr4,80183145,80184873,1728
HO13018,chr4,80201400,80203388,1988
HO13019,chr4,80265480,80267299,1819
HO13020,chr4,80335305,80336960,1655
HO13021,chr4,81030127,81031941,1814
HO13022,chr4,81214247,81215750,1503
HO13023,chr4,81470261,81472637,2376
HO13024,chr4,82043827,82045004,1177
HO13025,chr4,82284233,82285490,1257
HO13026,chr4,82372507,82374658,2151
HO13027,chr4,82428685,82431145,2460
HO13028,chr4,82560945,82562435,1490
HO13029,chr4,82797255,82799522,2267
HO13030,chr4,82889861,82892086,2225
HO13031,chr4,82899798,82901432,1634
HO13032,chr4,83010176,83011081,905
HO13033,chr4,83011858,83013393,1535
HO13034,chr4,83034303,83035913,1610
HO13035,chr4,83109117,83110745,1628
HO13036,chr4,83283916,83285389,1473
HO13037,chr4,83334200,83335307,1107
HO13038,chr4,83454599,83456304,1705
HO13039,chr4,83484172,83485480,1308
HO13040,chr4,83535091,83537062,1971
HO13041,chr4,84498097,84499692,1595
HO13042,chr4,84582151,84584108,1957
HO13043,chr4,84965367,84967627,2260
HO13044,chr4,85474489,85475878,1389
HO13045,chr4,86593679,86595672,1993
HO13046,chr4,86890670,86892823,2153
HO13047,chr4,86934219,86936449,2230
HO13048,chr4,86959542,86961997,2455
HO13049,chr4,87005693,87008106,2413
HO13050,chr4,87219175,87221001,1826
HO13051,chr4,87390464,87391991,1527
HO13052,chr4,87421984,87423192,1208
HO13053,chr4,88006897,88008608,1711
HO13054,chr4,88158086,88159396,1310
HO13055,chr4,88282787,88285241,2454
HO13056,chr4,88378491,88379597,1106
HO13057,chr4,88447298,88448652,1354
HO13058,chr4,88456008,88457974,1966
HO13059,chr4,88522674,88524227,1553
HO13060,chr4,88591399,88593529,2130
HO13061,chr4,88737130,88738326,1196
HO13062,chr4,88822522,88823912,1390
HO13063,chr4,89109906,89111931,2025
HO13064,chr4,89835992,89838386,2394
HO13065,chr4,90126834,90128842,2008
HO13066,chr4,91063717,91065083,1366
HO13067,chr4,92303529,92306342,2813
HO13068,chr4,93827984,93829886,1902
HO13069,chr4,94207109,94208327,1218
HO13070,chr4,94451070,94453155,2085
HO13071,chr4,94757426,94759169,1743
HO13072,chr4,95546896,95550067,3171
HO13073,chr4,98142611,98143930,1319
HO13074,chr4,98260095,98262278,2183
HO13075,chr4,98657247,98659371,2124
HO13076,chr4,98927805,98930128,2323
HO13077,chr4,98994769,98996847,2078
HO13078,chr4,99087958,99089589,1631
HO13079,chr4,99562841,99564216,1375
HO13080,chr4,99893385,99894933,1548
HO13081,chr4,99945934,99947090,1156
HO13082,chr4,99948962,99950939,1977
HO13083,chr4,100189596,100192085,2489
HO13084,chr4,101345510,101348574,3064
HO13085,chr4,101790359,101791430,1071
HO13086,chr4,102343815,102345906,2091
HO13087,chr4,102500418,102502526,2108
HO13088,chr4,102759856,102762149,2293
HO13089,chr4,102826448,102828568,2120
HO13090,chr4,102868240,102869808,1568
HO13091,chr4,103018689,103020259,1570
HO13092,chr4,103075476,103076974,1498
HO13093,chr4,103098387,103100134,1747
HO13094,chr4,103197631,103198937,1306
HO13095,chr4,103719007,103720418,1411
HO13096,chr4,104490300,104492725,2425
HO13097,chr4,104494480,104495463,983
HO13098,chr4,105145131,105148148,3017
HO13099,chr4,105472905,105474322,1417
HO13100,chr4,105707921,105709355,1434
HO13101,chr4,105894636,105896701,2065
HO13102,chr4,106315459,106317263,1804
HO13103,chr4,106532469,106533786,1317
HO13104,chr4,107033814,107034691,877
HO13105,chr4,107035024,107037471,2447
HO13106,chr4,107719232,107720832,1600
HO13107,chr4,107824009,107825794,1785
HO13108,chr4,107930540,107932193,1653
HO13109,chr4,107989167,107990750,1583
HO13110,chr4,108166458,108169451,2993
HO13111,chr4,108172187,108173650,1463
HO13112,chr4,108247359,108248428,1069
HO13113,chr4,108619873,108621073,1200
HO13114,chr4,108649783,108651649,1866
HO13115,chr4,108762128,108763504,1376
HO13116,chr4,109046297,109047211,914
HO13117,chr4,109301872,109303493,1621
HO13118,chr4,109432772,109434968,2196
HO13119,chr4,109559538,109561429,1891
HO13120,chr4,109701790,109704331,2541
HO13121,chr4,109729229,109730727,1498
HO13122,chr4,109735496,109736652,1156
HO13123,chr4,109814840,109816351,1511
HO13124,chr4,110193742,110194130,388
HO13125,chr4,110195896,110199196,3300
HO13126,chr4,110622049,110623391,1342
HO13127,chr4,110631481,110632925,1444
HO13128,chr4,110636510,110637402,892
HO13129,chr4,112144863,112146336,1473
HO13130,chr4,112230883,112232582,1699
HO13131,chr4,112284563,112286288,1725
HO13132,chr4,112514604,112516250,1646
HO13133,chr4,112636535,112637906,1371
HO13134,chr4,112704931,112706931,2000
HO13135,chr4,113760175,113763104,2929
HO13136,chr4,113978542,113980083,1541
HO13137,chr4,114597941,114600059,2118
HO13138,chr4,115113271,115114287,1016
HO13139,chr4,116925365,116926628,1263
HO13140,chr4,118032907,118034528,1621
HO13141,chr4,118278113,118279272,1159
HO13142,chr4,118351832,118353574,1742
HO13143,chr4,118591206,118592027,821
HO13144,chr4,118684851,118685968,1117
HO13145,chr4,118834939,118836764,1825
HO13146,chr4,118888403,118889559,1156
HO13147,chr4,119211794,119213473,1679
HO13148,chr4,119299131,119301147,2016
HO13149,chr4,119454052,119455265,1213
HO13150,chr4,119626973,119629363,2390
HO13151,chr4,120066096,120067573,1477
HO13152,chr4,120921473,120923244,1771
HO13153,chr4,121070735,121071725,990
HO13154,chr4,121071822,121073258,1436
HO13155,chr4,121379910,121381220,1310
HO13156,chr4,121695752,121697966,2214
HO13157,chr4,121764449,121765489,1040
HO13158,chr4,121800608,121801806,1198
HO13159,chr4,121822532,121824264,1732
HO13160,chr4,121869489,121870828,1339
HO13161,chr4,121949778,121952114,2336
HO13162,chr4,122151572,122153135,1563
HO13163,chr4,122732074,122733461,1387
HO13164,chr4,122826106,122828246,2140
HO13165,chr4,122921796,122923523,1727
HO13166,chr4,123348878,123349941,1063
HO13167,chr4,123396528,123399888,3360
HO13168,chr4,123505044,123506432,1388
HO13169,chr4,124711437,124713611,2174
HO13170,chr4,125314110,125317837,3727
HO13171,chr4,127622540,127624071,1531
HO13172,chr4,127632341,127633566,1225
HO13173,chr4,127781597,127783605,2008
HO13174,chr4,127880241,127881714,1473
HO13175,chr4,127963492,127966323,2831
HO13176,chr4,128060573,128062551,1978
HO13177,chr4,128286471,128288680,2209
HO13178,chr4,128552441,128554344,1903
HO13179,chr4,128809392,128810281,889
HO13180,chr4,128810474,128812784,2310
HO13181,chr4,129092592,129093988,1396
HO13182,chr4,133146480,133147221,741
HO13183,chr4,133147914,133149459,1545
HO13184,chr4,133150592,133152431,1839
HO13185,chr4,134200813,134202228,1415
HO13186,chr4,137531173,137533172,1999
HO13187,chr4,139014479,139016498,2019
HO13188,chr4,139082677,139084727,2050
HO13189,chr4,139175952,139178746,2794
HO13190,chr4,139278504,139280615,2111
HO13191,chr4,139294884,139296018,1134
HO13192,chr4,139300593,139302662,2069
HO13193,chr4,139453031,139454541,1510
HO13194,chr4,139554887,139557532,2645
HO13195,chr4,139592741,139593621,880
HO13196,chr4,139665381,139667244,1863
HO13197,chr4,139734212,139736039,1827
HO13198,chr4,140048701,140050592,1891
HO13199,chr4,140150238,140153254,3016
HO13200,chr4,140153685,140154522,837
HO13201,chr4,140251991,140253979,1988
HO13202,chr4,140372543,140374251,1708
HO13203,chr4,140426584,140427960,1376
HO13204,chr4,140522870,140524757,1887
HO13205,chr4,140566828,140569343,2515
HO13206,chr4,140755366,140757504,2138
HO13207,chr4,141131750,141133763,2013
HO13208,chr4,141220158,141221648,1490
HO13209,chr4,141635900,141637382,1482
HO13210,chr4,142752026,142753132,1106
HO13211,chr4,142845286,142847534,2248
HO13212,chr4,143184036,143185865,1829
HO13213,chr4,143335562,143338027,2465
HO13214,chr4,143512931,143515006,2075
HO13215,chr4,143558593,143560018,1425
HO13216,chr4,143699593,143701185,1592
HO13217,chr4,144644981,144647554,2573
HO13218,chr4,145097398,145099043,1645
HO13219,chr4,145179216,145181255,2039
HO13220,chr4,145481109,145483140,2031
HO13221,chr4,145618379,145620009,1630
HO13222,chr4,145732515,145733889,1374
HO13223,chr4,145935668,145939108,3440
HO13224,chr4,146175319,146176456,1137
HO13225,chr4,146520819,146523049,2230
HO13226,chr4,146945345,146946226,881
HO13227,chr4,147480485,147482088,1603
HO13228,chr4,147616781,147618119,1338
HO13229,chr4,147682795,147684775,1980
HO13230,chr4,147730967,147733195,2228
HO13231,chr4,148441647,148443048,1401
HO13232,chr4,148444293,148445921,1628
HO13233,chr4,150077776,150079613,1837
HO13234,chr4,150582594,150584155,1561
HO13235,chr4,151014368,151016532,2164
HO13236,chr4,151098944,151100311,1367
HO13237,chr4,151324260,151326060,1800
HO13238,chr4,151407708,151410364,2656
HO13239,chr4,151759959,151761479,1520
HO13240,chr4,152351947,152353267,1320
HO13241,chr4,152534586,152536983,2397
HO13242,chr4,152778790,152780769,1979
HO13243,chr4,152935646,152938491,2845
HO13244,chr4,153151910,153154305,2395
HO13245,chr4,153222037,153224461,2424
HO13246,chr4,153248474,153250083,1609
HO13247,chr4,153344132,153345981,1849
HO13248,chr4,153465437,153467648,2211
HO13249,chr4,153683738,153685283,1545
HO13250,chr4,153759157,153760378,1221
HO13251,chr4,153788234,153789434,1200
HO13252,chr4,153791858,153793115,1257
HO13253,chr4,154332494,154333511,1017
HO13254,chr4,154416029,154417552,1523
HO13255,chr4,154489974,154492573,2599
HO13256,chr4,154549602,154550779,1177
HO13257,chr4,154626395,154627469,1074
HO13258,chr4,154743385,154744468,1083
HO13259,chr4,155207389,155209257,1868
HO13260,chr4,155376226,155377223,997
HO13261,chr4,155666412,155668331,1919
HO13262,chr4,155758556,155760306,1750
HO13263,chr4,155952533,155954115,1582
HO13264,chr4,156969926,156972622,2696
HO13265,chr4,157075574,157076964,1390
HO13266,chr4,157220041,157220930,889
HO13267,chr4,158670724,158672832,2108
HO13268,chr4,158722245,158723890,1645
HO13269,chr4,158768273,158769769,1496
HO13270,chr4,159102245,159105022,2777
HO13271,chr4,159227286,159228674,1388
HO13272,chr4,162163609,162164670,1061
HO13273,chr4,163166010,163167414,1404
HO13274,chr4,163331487,163333436,1949
HO13275,chr4,163494086,163495339,1253
HO13276,chr4,164382977,164384480,1503
HO13277,chr4,164956545,164957473,928
HO13278,chr4,165072847,165074283,1436
HO13279,chr4,165112097,165113477,1380
HO13280,chr4,165206510,165208367,1857
HO13281,chr4,165326624,165328171,1547
HO13282,chr4,165378315,165380186,1871
HO13283,chr4,165872338,165875162,2824
HO13284,chr4,167233430,167234957,1527
HO13285,chr4,168317632,168318989,1357
HO13286,chr4,168479612,168481258,1646
HO13287,chr4,168630917,168632707,1790
HO13288,chr4,168651045,168652175,1130
HO13289,chr4,168831516,168833601,2085
HO13290,chr4,168877389,168878547,1158
HO13291,chr4,169009177,169010948,1771
HO13292,chr4,169269950,169271661,1711
HO13293,chr4,169611763,169613647,1884
HO13294,chr4,169619489,169621164,1675
HO13295,chr4,169659517,169660712,1195
HO13296,chr4,169756858,169758816,1958
HO13297,chr4,170025649,170027727,2078
HO13298,chr4,170089090,170090472,1382
HO13299,chr4,171812223,171814101,1878
HO13300,chr4,173167984,173170306,2322
HO13301,chr4,173333382,173335657,2275
HO13302,chr4,173369228,173372208,2980
HO13303,chr4,173494000,173494891,891
HO13304,chr4,173508673,173509944,1271
HO13305,chr4,173521564,173523084,1520
HO13306,chr4,173528480,173530483,2003
HO13307,chr4,173537661,173539346,1685
HO13308,chr4,174216889,174218583,1694
HO13309,chr4,174282867,174284519,1652
HO13310,chr4,174521728,174523396,1668
HO13311,chr4,174828601,174829745,1144
HO13312,chr4,176001034,176002672,1638
HO13313,chr4,176065154,176066329,1175
HO13314,chr4,176194862,176195877,1015
HO13315,chr4,176319304,176320852,1548
HO13316,chr4,176791601,176793379,1778
HO13317,chr4,177309275,177310407,1132
HO13318,chr4,177441580,177443202,1622
HO13319,chr4,180057246,180059884,2638
HO13320,chr4,182143598,182145347,1749
HO13321,chr4,182447944,182449512,1568
HO13322,chr4,182805977,182807544,1567
HO13323,chr4,182916464,182918442,1978
HO13324,chr4,183097343,183100168,2825
HO13325,chr4,183406773,183407609,836
HO13326,chr4,183443581,183445373,1792
HO13327,chr4,183503739,183506522,2783
HO13328,chr4,183570966,183572260,1294
HO13329,chr4,183658215,183659863,1648
HO13330,chr4,183722459,183723503,1044
HO13331,chr4,183796834,183799167,2333
HO13332,chr4,183904922,183907583,2661
HO13333,chr4,183987138,183988472,1334
HO13334,chr4,184168219,184169184,965
HO13335,chr4,184472258,184475444,3186
HO13336,chr4,184536521,184538326,1805
HO13337,chr4,184648010,184650401,2391
HO13338,chr4,184732932,184734591,1659
HO13339,chr4,184825017,184826751,1734
HO13340,chr4,185127097,185129177,2080
HO13341,chr4,185142609,185143894,1285
HO13342,chr4,185203031,185204371,1340
HO13343,chr4,185208860,185211061,2201
HO13344,chr4,185395661,185397386,1725
HO13345,chr4,185424902,185426456,1554
HO13346,chr4,185470295,185472075,1780
HO13347,chr4,185534604,185535796,1192
HO13348,chr4,186104278,186105702,1424
HO13349,chr4,186143954,186145538,1584
HO13350,chr4,186190473,186192599,2126
HO13351,chr4,186554350,186555742,1392
HO13352,chr4,186723080,186724894,1814
HO13353,chr4,186725468,186727149,1681
HO13354,chr4,189940079,189941433,1354
HO13355,chr5,52924,54151,1227
HO13356,chr5,90535,92812,2277
HO13357,chr5,188218,189027,809
HO13358,chr5,190065,191936,1871
HO13359,chr5,217561,219323,1762
HO13360,chr5,270483,271949,1466
HO13361,chr5,320685,322673,1988
HO13362,chr5,373072,374724,1652
HO13363,chr5,399429,400739,1310
HO13364,chr5,442338,443718,1380
HO13365,chr5,472035,474172,2137
HO13366,chr5,522831,524285,1454
HO13367,chr5,530707,531758,1051
HO13368,chr5,539100,541885,2785
HO13369,chr5,611137,612864,1727
HO13370,chr5,671428,673213,1785
HO13371,chr5,692480,693713,1233
HO13372,chr5,783781,785520,1739
HO13373,chr5,891774,893323,1549
HO13374,chr5,963129,965101,1972
HO13375,chr5,1003920,1005258,1338
HO13376,chr5,1007361,1009135,1774
HO13377,chr5,1110241,1112345,2104
HO13378,chr5,1117936,1119181,1245
HO13379,chr5,1182384,1183807,1423
HO13380,chr5,1204406,1205296,890
HO13381,chr5,1227228,1228433,1205
HO13382,chr5,1246561,1247223,662
HO13383,chr5,1294334,1295939,1605
HO13384,chr5,1344342,1345784,1442
HO13385,chr5,1385441,1386874,1433
HO13386,chr5,1444576,1446836,2260
HO13387,chr5,1522890,1524640,1750
HO13388,chr5,1593786,1594972,1186
HO13389,chr5,1633323,1634590,1267
HO13390,chr5,1641051,1641892,841
HO13391,chr5,1666865,1668755,1890
HO13392,chr5,1724616,1726193,1577
HO13393,chr5,1798982,1802123,3141
HO13394,chr5,1930507,1931957,1450
HO13395,chr5,2038248,2039184,936
HO13396,chr5,2751002,2752189,1187
HO13397,chr5,2755918,2756960,1042
HO13398,chr5,5421534,5423227,1693
HO13399,chr5,5494409,5495566,1157
HO13400,chr5,6377588,6379064,1476
HO13401,chr5,6582682,6583774,1092
HO13402,chr5,6632404,6634080,1676
HO13403,chr5,6711968,6714816,2848
HO13404,chr5,7394592,7397449,2857
HO13405,chr5,7849612,7851329,1717
HO13406,chr5,7868321,7869813,1492
HO13407,chr5,8456907,8458339,1432
HO13408,chr5,9544253,9547365,3112
HO13409,chr5,10249122,10251137,2015
HO13410,chr5,10306903,10308138,1235
HO13411,chr5,10332966,10334008,1042
HO13412,chr5,10352676,10354505,1829
HO13413,chr5,10441013,10442419,1406
HO13414,chr5,10562914,10565127,2213
HO13415,chr5,10627155,10628208,1053
HO13416,chr5,10649096,10650314,1218
HO13417,chr5,10760096,10762041,1945
HO13418,chr5,11903053,11904772,1719
HO13419,chr5,14010967,14012047,1080
HO13420,chr5,14142428,14145524,3096
HO13421,chr5,14249582,14251222,1640
HO13422,chr5,14264321,14265257,936
HO13423,chr5,14581193,14583081,1888
HO13424,chr5,14663789,14665480,1691
HO13425,chr5,14871093,14872959,1866
HO13426,chr5,15499533,15501964,2431
HO13427,chr5,16178664,16181180,2516
HO13428,chr5,16464858,16466440,1582
HO13429,chr5,16615739,16617858,2119
HO13430,chr5,16935184,16936860,1676
HO13431,chr5,17069474,17071034,1560
HO13432,chr5,17216117,17219297,3180
HO13433,chr5,20610547,20611168,621
HO13434,chr5,23506444,23507699,1255
HO13435,chr5,31193015,31194922,1907
HO13436,chr5,31531447,31533285,1838
HO13437,chr5,31638324,31640432,2108
HO13438,chr5,31853817,31855689,1872
HO13439,chr5,32173135,32175164,2029
HO13440,chr5,32312062,32313702,1640
HO13441,chr5,32443152,32445156,2004
HO13442,chr5,32585158,32586363,1205
HO13443,chr5,32709677,32711335,1658
HO13444,chr5,32711694,32712464,770
HO13445,chr5,33439899,33441814,1915
HO13446,chr5,33891359,33893071,1712
HO13447,chr5,33935739,33937341,1602
HO13448,chr5,34007192,34008596,1404
HO13449,chr5,34655262,34657815,2553
HO13450,chr5,34838429,34839652,1223
HO13451,chr5,34914680,34916071,1391
HO13452,chr5,34928978,34930386,1408
HO13453,chr5,35617352,35618551,1199
HO13454,chr5,36150845,36152617,1772
HO13455,chr5,36240656,36242567,1911
HO13456,chr5,36606013,36607594,1581
HO13457,chr5,36689919,36690884,965
HO13458,chr5,36744040,36745711,1671
HO13459,chr5,36875047,36877684,2637
HO13460,chr5,37248524,37250012,1488
HO13461,chr5,37370463,37371854,1391
HO13462,chr5,37378698,37379668,970
HO13463,chr5,37839515,37840757,1242
HO13464,chr5,38257146,38259346,2200
HO13465,chr5,38555856,38557564,1708
HO13466,chr5,38845121,38846943,1822
HO13467,chr5,39072946,39075334,2388
HO13468,chr5,39423764,39425463,1699
HO13469,chr5,40678908,40680191,1283
HO13470,chr5,40754065,40756345,2280
HO13471,chr5,40797104,40798940,1836
HO13472,chr5,40834403,40836214,1811
HO13473,chr5,41869110,41870858,1748
HO13474,chr5,41903453,41904693,1240
HO13475,chr5,41924563,41925982,1419
HO13476,chr5,42422875,42425070,2195
HO13477,chr5,42950487,42952435,1948
HO13478,chr5,42991508,42992888,1380
HO13479,chr5,42994466,42995250,784
HO13480,chr5,43007249,43008862,1613
HO13481,chr5,43017258,43018568,1310
HO13482,chr5,43039447,43040639,1192
HO13483,chr5,43041399,43043440,2041
HO13484,chr5,43064453,43065208,755
HO13485,chr5,43065400,43067613,2213
HO13486,chr5,43120475,43122422,1947
HO13487,chr5,43191656,43193121,1465
HO13488,chr5,43312738,43314414,1676
HO13489,chr5,43483044,43484733,1689
HO13490,chr5,43514447,43515574,1127
HO13491,chr5,43555820,43557663,1843
HO13492,chr5,43602362,43604234,1872
HO13493,chr5,44387971,44390130,2159
HO13494,chr5,44808385,44809986,1601
HO13495,chr5,45694895,45696570,1675
HO13496,chr5,50440458,50441943,1485
HO13497,chr5,50666090,50668345,2255
HO13498,chr5,50962745,50964495,1750
HO13499,chr5,51382432,51383726,1294
HO13500,chr5,52787300,52788902,1602
HO13501,chr5,52798912,52801049,2137
HO13502,chr5,52988462,52990424,1962
HO13503,chr5,53108982,53110250,1268
HO13504,chr5,53479365,53481006,1641
HO13505,chr5,53559988,53561336,1348
HO13506,chr5,54309266,54312098,2832
HO13507,chr5,54456852,54457985,1133
HO13508,chr5,54516952,54518649,1697
HO13509,chr5,54745193,54746149,956
HO13510,chr5,54882904,54884487,1583
HO13511,chr5,55172735,55173876,1141
HO13512,chr5,55176120,55176798,678
HO13513,chr5,55226291,55227761,1470
HO13514,chr5,55232197,55234654,2457
HO13515,chr5,55306771,55308501,1730
HO13516,chr5,55533755,55535499,1744
HO13517,chr5,55711563,55713086,1523
HO13518,chr5,55993937,55995831,1894
HO13519,chr5,56123225,56124328,1103
HO13520,chr5,56479666,56482717,3051
HO13521,chr5,56814240,56817100,2860
HO13522,chr5,56908756,56910804,2048
HO13523,chr5,56950407,56952756,2349
HO13524,chr5,57172762,57174821,2059
HO13525,chr5,58458886,58461016,2130
HO13526,chr5,58581840,58583499,1659
HO13527,chr5,58890087,58892029,1942
HO13528,chr5,59038688,59040133,1445
HO13529,chr5,59126597,59128247,1650
HO13530,chr5,59356722,59358935,2213
HO13531,chr5,59767641,59769123,1482
HO13532,chr5,59892030,59894407,2377
HO13533,chr5,60699147,60700742,1595
HO13534,chr5,60842937,60844789,1852
HO13535,chr5,60944700,60946209,1509
HO13536,chr5,61161759,61163139,1380
HO13537,chr5,61330413,61333927,3514
HO13538,chr5,61407801,61409231,1430
HO13539,chr5,61624976,61627175,2199
HO13540,chr5,62305488,62307421,1933
HO13541,chr5,62403157,62404478,1321
HO13542,chr5,62411882,62413316,1434
HO13543,chr5,63553848,63555066,1218
HO13544,chr5,63958883,63959816,933
HO13545,chr5,64505711,64507277,1566
HO13546,chr5,64690066,64691252,1186
HO13547,chr5,64759750,64760926,1176
HO13548,chr5,64767237,64769307,2070
HO13549,chr5,65034946,65036167,1221
HO13550,chr5,65102421,65104526,2105
HO13551,chr5,65481187,65484003,2816
HO13552,chr5,65562619,65563961,1342
HO13553,chr5,65623650,65625323,1673
HO13554,chr5,65721080,65723396,2316
HO13555,chr5,65924665,65926778,2113
HO13556,chr5,66143603,66145197,1594
HO13557,chr5,66595765,66597769,2004
HO13558,chr5,66828110,66829681,1571
HO13559,chr5,67002534,67005153,2619
HO13560,chr5,67165579,67166896,1317
HO13561,chr5,68214635,68217080,2445
HO13562,chr5,68287775,68289148,1373
HO13563,chr5,69093487,69094815,1328
HO13564,chr5,69166457,69167561,1104
HO13565,chr5,69188678,69190498,1820
HO13566,chr5,69217275,69218467,1192
HO13567,chr5,69234220,69235329,1109
HO13568,chr5,69368737,69370176,1439
HO13569,chr5,69414683,69415875,1192
HO13570,chr5,69492122,69494002,1880
HO13571,chr5,71455038,71456619,1581
HO13572,chr5,71586421,71587900,1479
HO13573,chr5,72106815,72109139,2324
HO13574,chr5,72165804,72167196,1392
HO13575,chr5,72307633,72308914,1281
HO13576,chr5,72319497,72320824,1327
HO13577,chr5,72555934,72558183,2249
HO13578,chr5,72815645,72817485,1840
HO13579,chr5,72847853,72849321,1468
HO13580,chr5,72955241,72957011,1770
HO13581,chr5,73119440,73120917,1477
HO13582,chr5,73215147,73216628,1481
HO13583,chr5,73232250,73234195,1945
HO13584,chr5,73435846,73437861,2015
HO13585,chr5,73446926,73449010,2084
HO13586,chr5,73497442,73499101,1659
HO13587,chr5,73564698,73566192,1494
HO13588,chr5,73625356,73626838,1482
HO13589,chr5,74615842,74617547,1705
HO13590,chr5,74639756,74642286,2530
HO13591,chr5,74684714,74686360,1646
HO13592,chr5,74766156,74767872,1716
HO13593,chr5,74864978,74867160,2182
HO13594,chr5,75052329,75054411,2082
HO13595,chr5,75235974,75237336,1362
HO13596,chr5,75336089,75338032,1943
HO13597,chr5,75510482,75512221,1739
HO13598,chr5,75716738,75717857,1119
HO13599,chr5,76082724,76085017,2293
HO13600,chr5,76402091,76404387,2296
HO13601,chr5,76714920,76717032,2112
HO13602,chr5,76818250,76819971,1721
HO13603,chr5,76952818,76954716,1898
HO13604,chr5,77029875,77031124,1249
HO13605,chr5,77076688,77077944,1256
HO13606,chr5,77086271,77088231,1960
HO13607,chr5,77209564,77211710,2146
HO13608,chr5,77491020,77492742,1722
HO13609,chr5,77629402,77631122,1720
HO13610,chr5,77775249,77776650,1401
HO13611,chr5,77843599,77845333,1734
HO13612,chr5,78293860,78295954,2094
HO13613,chr5,78359443,78361824,2381
HO13614,chr5,78647356,78649577,2221
HO13615,chr5,78983325,78986135,2810
HO13616,chr5,79132911,79134395,1484
HO13617,chr5,79235391,79237804,2413
HO13618,chr5,79513027,79514970,1943
HO13619,chr5,79611667,79613109,1442
HO13620,chr5,79689181,79690514,1333
HO13621,chr5,79990281,79991710,1429
HO13622,chr5,80111027,80112477,1450
HO13623,chr5,80180291,80181500,1209
HO13624,chr5,80204312,80205522,1210
HO13625,chr5,80245590,80247804,2214
HO13626,chr5,80254845,80256751,1906
HO13627,chr5,80406834,80408708,1874
HO13628,chr5,80487487,80488742,1255
HO13629,chr5,80568926,80570700,1774
HO13630,chr5,80654011,80655372,1361
HO13631,chr5,80959975,80961332,1357
HO13632,chr5,81232397,81233824,1427
HO13633,chr5,81300604,81302158,1554
HO13634,chr5,81749307,81752186,2879
HO13635,chr5,81850902,81853100,2198
HO13636,chr5,81971043,81972623,1580
HO13637,chr5,82277673,82278835,1162
HO13638,chr5,83076660,83078147,1487
HO13639,chr5,83470959,83471911,952
HO13640,chr5,83472414,83474815,2401
HO13641,chr5,83720831,83722692,1861
HO13642,chr5,84381937,84383368,1431
HO13643,chr5,84383541,84385176,1635
HO13644,chr5,86617287,86618877,1590
HO13645,chr5,87267106,87268988,1882
HO13646,chr5,87411845,87413387,1542
HO13647,chr5,88140559,88141959,1400
HO13648,chr5,88268200,88269593,1393
HO13649,chr5,88659684,88661409,1725
HO13650,chr5,88674124,88676216,2092
HO13651,chr5,88784696,88786595,1899
HO13652,chr5,88882250,88884686,2436
HO13653,chr5,88888958,88890123,1165
HO13654,chr5,90408735,90410597,1862
HO13655,chr5,90473294,90475250,1956
HO13656,chr5,90528521,90530533,2012
HO13657,chr5,90557700,90559192,1492
HO13658,chr5,91279396,91281034,1638
HO13659,chr5,91379819,91381244,1425
HO13660,chr5,91383157,91383825,668
HO13661,chr5,93572021,93573478,1457
HO13662,chr5,93579633,93580713,1080
HO13663,chr5,93580844,93582182,1338
HO13664,chr5,93583940,93585397,1457
HO13665,chr5,93620354,93621815,1461
HO13666,chr5,94110853,94112013,1160
HO13667,chr5,94617650,94619326,1676
HO13668,chr5,95283668,95285648,1980
HO13669,chr5,95554308,95555663,1355
HO13670,chr5,95619754,95621698,1944
HO13671,chr5,95646267,95647422,1155
HO13672,chr5,95730384,95732418,2034
HO13673,chr5,95821755,95823119,1364
HO13674,chr5,95858098,95859205,1107
HO13675,chr5,95959985,95962452,2467
HO13676,chr5,96661137,96663549,2412
HO13677,chr5,96702310,96703830,1520
HO13678,chr5,96806981,96808617,1636
HO13679,chr5,96934234,96936965,2731
HO13680,chr5,97182650,97184009,1359
HO13681,chr5,98768859,98769695,836
HO13682,chr5,98772929,98774888,1959
HO13683,chr5,98927200,98929872,2672
HO13684,chr5,100534661,100536058,1397
HO13685,chr5,100902621,100903720,1099
HO13686,chr5,102294952,102296834,1882
HO13687,chr5,102754229,102756308,2079
HO13688,chr5,102864964,102866753,1789
HO13689,chr5,103119232,103121101,1869
HO13690,chr5,103258194,103260076,1882
HO13691,chr5,103561637,103563221,1584
HO13692,chr5,107669130,107673072,3942
HO13693,chr5,107673288,107673940,652
HO13694,chr5,107808400,107809113,713
HO13695,chr5,108380345,108382729,2384
HO13696,chr5,108727249,108728786,1537
HO13697,chr5,108747600,108749650,2050
HO13698,chr5,109408869,109411055,2186
HO13699,chr5,109484525,109485301,776
HO13700,chr5,109688717,109691322,2605
HO13701,chr5,110738118,110739643,1525
HO13702,chr5,111091941,111092935,994
HO13703,chr5,111223399,111224951,1552
HO13704,chr5,111511545,111513338,1793
HO13705,chr5,111756616,111758372,1756
HO13706,chr5,112160190,112161711,1521
HO13707,chr5,112417882,112420624,2742
HO13708,chr5,112707005,112708477,1472
HO13709,chr5,112737121,112738609,1488
HO13710,chr5,112860677,112861687,1010
HO13711,chr5,112920825,112922559,1734
HO13712,chr5,112976012,112977827,1815
HO13713,chr5,113292968,113295457,2489
HO13714,chr5,113487258,113489110,1852
HO13715,chr5,113513077,113514651,1574
HO13716,chr5,114054214,114056741,2527
HO13717,chr5,114360731,114363185,2454
HO13718,chr5,115169028,115170889,1861
HO13719,chr5,115178857,115180699,1842
HO13720,chr5,115261698,115263190,1492
HO13721,chr5,115295729,115297312,1583
HO13722,chr5,115543367,115545173,1806
HO13723,chr5,115601628,115603068,1440
HO13724,chr5,115625420,115626659,1239
HO13725,chr5,115815465,115817078,1613
HO13726,chr5,115841057,115842672,1615
HO13727,chr5,115962288,115963351,1063
HO13728,chr5,116084109,116085586,1477
HO13729,chr5,116571954,116574300,2346
HO13730,chr5,116574519,116576584,2065
HO13731,chr5,118987789,118989015,1226
HO13732,chr5,119070145,119071845,1700
HO13733,chr5,119267797,119269455,1658
HO13734,chr5,119354961,119356909,1948
HO13735,chr5,119451969,119453364,1395
HO13736,chr5,120463840,120465899,2059
HO13737,chr5,121961032,121962524,1492
HO13738,chr5,122076678,122078815,2137
HO13739,chr5,122311020,122313374,2354
HO13740,chr5,122774471,122776070,1599
HO13741,chr5,122844518,122846366,1848
HO13742,chr5,123035355,123037231,1876
HO13743,chr5,123088049,123090641,2592
HO13744,chr5,123098353,123100160,1807
HO13745,chr5,123422381,123424029,1648
HO13746,chr5,123511475,123513488,2013
HO13747,chr5,124650776,124652601,1825
HO13748,chr5,124746405,124749438,3033
HO13749,chr5,125409190,125413241,4051
HO13750,chr5,125559024,125559708,684
HO13751,chr5,126422665,126423895,1230
HO13752,chr5,126519286,126520724,1438
HO13753,chr5,126594416,126595666,1250
HO13754,chr5,126600353,126601531,1178
HO13755,chr5,126776389,126778731,2342
HO13756,chr5,127029475,127031369,1894
HO13757,chr5,127289750,127291641,1891
HO13758,chr5,127517042,127518487,1445
HO13759,chr5,128082559,128085089,2530
HO13760,chr5,128536750,128539388,2638
HO13761,chr5,128964774,128966578,1804
HO13762,chr5,129094033,129095748,1715
HO13763,chr5,129377256,129378132,876
HO13764,chr5,129459467,129461876,2409
HO13765,chr5,129903657,129906815,3158
HO13766,chr5,131164283,131165709,1426
HO13767,chr5,131170253,131171650,1397
HO13768,chr5,131262964,131264886,1922
HO13769,chr5,131634366,131636284,1918
HO13770,chr5,131795846,131797765,1919
HO13771,chr5,132224872,132225872,1000
HO13772,chr5,132227020,132228386,1366
HO13773,chr5,132257039,132258119,1080
HO13774,chr5,132258477,132259978,1501
HO13775,chr5,132293004,132294950,1946
HO13776,chr5,132369061,132370503,1442
HO13777,chr5,132410114,132411617,1503
HO13778,chr5,132489628,132491316,1688
HO13779,chr5,132495330,132497356,2026
HO13780,chr5,132556412,132557772,1360
HO13781,chr5,132736741,132737969,1228
HO13782,chr5,132746889,132748350,1461
HO13783,chr5,132775984,132777953,1969
HO13784,chr5,132812874,132814820,1946
HO13785,chr5,132822697,132823656,959
HO13786,chr5,132829548,132831013,1465
HO13787,chr5,132865747,132867345,1598
HO13788,chr5,132961982,132964154,2172
HO13789,chr5,133025601,133026997,1396
HO13790,chr5,133051143,133052976,1833
HO13791,chr5,133610751,133612856,2105
HO13792,chr5,133938177,133939445,1268
HO13793,chr5,133967709,133969004,1295
HO13794,chr5,134003701,134006015,2314
HO13795,chr5,134113917,134115981,2064
HO13796,chr5,134175853,134178078,2225
HO13797,chr5,134224898,134227061,2163
HO13798,chr5,134366678,134367368,690
HO13799,chr5,134370550,134372358,1808
HO13800,chr5,134411349,134413484,2135
HO13801,chr5,134465338,134467044,1706
HO13802,chr5,134524028,134527852,3824
HO13803,chr5,134632082,134633224,1142
HO13804,chr5,134647833,134649631,1798
HO13805,chr5,134737495,134739670,2175
HO13806,chr5,134758137,134759306,1169
HO13807,chr5,134845212,134846918,1706
HO13808,chr5,134873773,134875546,1773
HO13809,chr5,134904315,134905957,1642
HO13810,chr5,135032897,135034944,2047
HO13811,chr5,135039118,135041170,2052
HO13812,chr5,135190440,135191786,1346
HO13813,chr5,135398141,135400180,2039
HO13814,chr5,135465796,135467120,1324
HO13815,chr5,135534560,135536455,1895
HO13816,chr5,135578265,135579418,1153
HO13817,chr5,135834267,135835487,1220
HO13818,chr5,135929853,135931193,1340
HO13819,chr5,136028589,136029533,944
HO13820,chr5,136132075,136134194,2119
HO13821,chr5,136191677,136193621,1944
HO13822,chr5,137498203,137499517,1314
HO13823,chr5,137734652,137736297,1645
HO13824,chr5,137752886,137755322,2436
HO13825,chr5,137887837,137889838,2001
HO13826,chr5,138032111,138033650,1539
HO13827,chr5,138177718,138179275,1557
HO13828,chr5,138212801,138214082,1281
HO13829,chr5,138241460,138242749,1289
HO13830,chr5,138273495,138274860,1365
HO13831,chr5,138275144,138275973,829
HO13832,chr5,138331076,138332287,1211
HO13833,chr5,138337151,138339417,2266
HO13834,chr5,138352249,138354017,1768
HO13835,chr5,138438394,138440350,1956
HO13836,chr5,138449416,138450348,932
HO13837,chr5,138463382,138465926,2544
HO13838,chr5,138467812,138468498,686
HO13839,chr5,138468552,138468909,357
HO13840,chr5,138469141,138471099,1958
HO13841,chr5,138491293,138493308,2015
HO13842,chr5,138542072,138543994,1922
HO13843,chr5,138574857,138576144,1287
HO13844,chr5,138610401,138611888,1487
HO13845,chr5,138730503,138731630,1127
HO13846,chr5,138752299,138754462,2163
HO13847,chr5,139197464,139198677,1213
HO13848,chr5,139273113,139274484,1371
HO13849,chr5,139293236,139294879,1643
HO13850,chr5,139341247,139342685,1438
HO13851,chr5,139391921,139393552,1631
HO13852,chr5,139393737,139395441,1704
HO13853,chr5,139403311,139404474,1163
HO13854,chr5,139438535,139439840,1305
HO13855,chr5,139517421,139518546,1125
HO13856,chr5,139560632,139562294,1662
HO13857,chr5,139637095,139638647,1552
HO13858,chr5,139648026,139649899,1873
HO13859,chr5,139650821,139652522,1701
HO13860,chr5,139667566,139668864,1298
HO13861,chr5,139669596,139670865,1269
HO13862,chr5,139689542,139690970,1428
HO13863,chr5,139696490,139699092,2602
HO13864,chr5,139708937,139712065,3128
HO13865,chr5,139745762,139748239,2477
HO13866,chr5,139765194,139766173,979
HO13867,chr5,139787086,139789080,1994
HO13868,chr5,139847772,139848891,1119
HO13869,chr5,139903392,139905616,2224
HO13870,chr5,139968149,139969146,997
HO13871,chr5,140041544,140043908,2364
HO13872,chr5,140106966,140108631,1665
HO13873,chr5,140112984,140115139,2155
HO13874,chr5,140145519,140146607,1088
HO13875,chr5,140156775,140157907,1132
HO13876,chr5,140174475,140176081,1606
HO13877,chr5,140302422,140303663,1241
HO13878,chr5,140345669,140347212,1543
HO13879,chr5,140357279,140358066,787
HO13880,chr5,140400485,140402859,2374
HO13881,chr5,140547025,140548440,1415
HO13882,chr5,140556745,140557858,1113
HO13883,chr5,140563674,140565147,1473
HO13884,chr5,140631225,140633550,2325
HO13885,chr5,140638746,140640033,1287
HO13886,chr5,140646928,140648338,1410
HO13887,chr5,140664044,140665216,1172
HO13888,chr5,140690559,140691836,1277
HO13889,chr5,140699920,140700997,1077
HO13890,chr5,140925841,140927190,1349
HO13891,chr5,140965875,140967554,1679
HO13892,chr5,141319933,141321254,1321
HO13893,chr5,141475438,141477219,1781
HO13894,chr5,141483913,141485624,1711
HO13895,chr5,141494520,141496480,1960
HO13896,chr5,141507383,141509351,1968
HO13897,chr5,141512188,141514615,2427
HO13898,chr5,141524303,141525591,1288
HO13899,chr5,141557483,141558599,1116
HO13900,chr5,141560386,141561155,769
HO13901,chr5,141617727,141619429,1702
HO13902,chr5,141636026,141638373,2347
HO13903,chr5,141650733,141651698,965
HO13904,chr5,141681596,141683390,1794
HO13905,chr5,141701310,141703270,1960
HO13906,chr5,141848641,141850657,2016
HO13907,chr5,141877580,141879546,1966
HO13908,chr5,141913370,141914662,1292
HO13909,chr5,141923129,141924306,1177
HO13910,chr5,141968568,141969853,1285
HO13911,chr5,142012040,142013426,1386
HO13912,chr5,142024427,142025640,1213
HO13913,chr5,142108307,142110546,2239
HO13914,chr5,142323988,142326659,2671
HO13915,chr5,142356000,142357665,1665
HO13916,chr5,142712794,142713719,925
HO13917,chr5,142769276,142771646,2370
HO13918,chr5,142825009,142826047,1038
HO13919,chr5,142899352,142900643,1291
HO13920,chr5,143402463,143405737,3274
HO13921,chr5,143914302,143915710,1408
HO13922,chr5,144169919,144171209,1290
HO13923,chr5,145834646,145836024,1378
HO13924,chr5,145936221,145937687,1466
HO13925,chr5,146181918,146183240,1322
HO13926,chr5,146202902,146204130,1228
HO13927,chr5,146446663,146447912,1249
HO13928,chr5,146877595,146879097,1502
HO13929,chr5,147234013,147235261,1248
HO13930,chr5,147451948,147454795,2847
HO13931,chr5,147508816,147510460,1644
HO13932,chr5,147782024,147783015,991
HO13933,chr5,148383069,148384762,1693
HO13934,chr5,148825643,148827030,1387
HO13935,chr5,149141106,149142313,1207
HO13936,chr5,149271223,149272622,1399
HO13937,chr5,149320440,149321394,954
HO13938,chr5,149344695,149346067,1372
HO13939,chr5,149357342,149358674,1332
HO13940,chr5,149422023,149423481,1458
HO13941,chr5,149442199,149443193,994
HO13942,chr5,149550692,149552049,1357
HO13943,chr5,149580784,149582497,1713
HO13944,chr5,149729872,149732348,2476
HO13945,chr5,149960118,149961260,1142
HO13946,chr5,149999911,150002040,2129
HO13947,chr5,150143425,150145004,1579
HO13948,chr5,150155340,150156217,877
HO13949,chr5,150301960,150303463,1503
HO13950,chr5,150356997,150358353,1356
HO13951,chr5,150409769,150410983,1214
HO13952,chr5,150412253,150413151,898
HO13953,chr5,150448852,150450226,1374
HO13954,chr5,150458548,150459402,854
HO13955,chr5,150485168,150487160,1992
HO13956,chr5,150656076,150657150,1074
HO13957,chr5,150671515,150672877,1362
HO13958,chr5,150700144,150701511,1367
HO13959,chr5,150757932,150759338,1406
HO13960,chr5,150777859,150779448,1589
HO13961,chr5,150800755,150801885,1130
HO13962,chr5,150904283,150905402,1119
HO13963,chr5,150945888,150946986,1098
HO13964,chr5,151020143,151021162,1019
HO13965,chr5,151080015,151081799,1784
HO13966,chr5,151155505,151156715,1210
HO13967,chr5,151156944,151158655,1711
HO13968,chr5,151222779,151224293,1514
HO13969,chr5,151234002,151235334,1332
HO13970,chr5,151252214,151253629,1415
HO13971,chr5,151446773,151448552,1779
HO13972,chr5,151684597,151685488,891
HO13973,chr5,151686181,151687291,1110
HO13974,chr5,151739447,151741111,1664
HO13975,chr5,151757544,151759192,1648
HO13976,chr5,151770345,151773072,2727
HO13977,chr5,154038110,154039310,1200
HO13978,chr5,154189315,154191035,1720
HO13979,chr5,154404735,154405689,954
HO13980,chr5,154444843,154447366,2523
HO13981,chr5,154477375,154478537,1162
HO13982,chr5,154682118,154683302,1184
HO13983,chr5,154754497,154757447,2950
HO13984,chr5,154849678,154851179,1501
HO13985,chr5,154857086,154858941,1855
HO13986,chr5,154937452,154938464,1012
HO13987,chr5,154940554,154941458,904
HO13988,chr5,155727619,155730035,2416
HO13989,chr5,156686328,156687905,1577
HO13990,chr5,157142131,157143923,1792
HO13991,chr5,157265529,157266840,1311
HO13992,chr5,157574943,157576426,1483
HO13993,chr5,157670481,157671919,1438
HO13994,chr5,157731042,157732153,1111
HO13995,chr5,157743120,157745200,2080
HO13996,chr5,157858022,157859362,1340
HO13997,chr5,159099688,159100837,1149
HO13998,chr5,159207503,159209953,2450
HO13999,chr5,159262394,159263747,1353
HO14000,chr5,159915814,159917040,1226
HO14001,chr5,159986808,159987747,939
HO14002,chr5,160008420,160010043,1623
HO14003,chr5,160118341,160120146,1805
HO14004,chr5,160260390,160261778,1388
HO14005,chr5,160311500,160313076,1576
HO14006,chr5,160399326,160400459,1133
HO14007,chr5,160418468,160419600,1132
HO14008,chr5,160421521,160422210,689
HO14009,chr5,161546171,161548442,2271
HO14010,chr5,163436679,163438193,1514
HO14011,chr5,163459417,163461856,2439
HO14012,chr5,163505122,163506069,947
HO14013,chr5,166978051,166979670,1619
HO14014,chr5,167573032,167574124,1092
HO14015,chr5,167945221,167946445,1224
HO14016,chr5,168268714,168270324,1610
HO14017,chr5,168291146,168292759,1613
HO14018,chr5,168486000,168487268,1268
HO14019,chr5,168528397,168530246,1849
HO14020,chr5,168578629,168580103,1474
HO14021,chr5,169299745,169301422,1677
HO14022,chr5,169583127,169584509,1382
HO14023,chr5,170503460,170504516,1056
HO14024,chr5,170552266,170553228,962
HO14025,chr5,170632756,170634044,1288
HO14026,chr5,170861479,170862957,1478
HO14027,chr5,171386984,171388843,1859
HO14028,chr5,171418471,171421309,2838
HO14029,chr5,172005509,172007529,2020
HO14030,chr5,172110407,172112402,1995
HO14031,chr5,172186886,172188978,2092
HO14032,chr5,172282823,172284660,1837
HO14033,chr5,172452648,172455122,2474
HO14034,chr5,172640739,172642336,1597
HO14035,chr5,172683135,172684358,1223
HO14036,chr5,172696462,172697973,1511
HO14037,chr5,172699917,172701269,1352
HO14038,chr5,172765001,172765925,924
HO14039,chr5,172766208,172766972,764
HO14040,chr5,172770417,172772849,2432
HO14041,chr5,172833588,172835292,1704
HO14042,chr5,172902154,172903449,1295
HO14043,chr5,172958289,172960091,1802
HO14044,chr5,172983195,172984809,1614
HO14045,chr5,173055715,173057823,2108
HO14046,chr5,173144107,173145261,1154
HO14047,chr5,173283358,173284166,808
HO14048,chr5,173498129,173499516,1387
HO14049,chr5,173615734,173617149,1415
HO14050,chr5,173887385,173888501,1116
HO14051,chr5,173917447,173918779,1332
HO14052,chr5,173972645,173973983,1338
HO14053,chr5,174044217,174045880,1663
HO14054,chr5,174311323,174312526,1203
HO14055,chr5,174723880,174725353,1473
HO14056,chr5,174750734,174752088,1354
HO14057,chr5,175443540,175445054,1514
HO14058,chr5,175477985,175479738,1753
HO14059,chr5,175533848,175534660,812
HO14060,chr5,175657502,175658833,1331
HO14061,chr5,175728857,175730254,1397
HO14062,chr5,175796402,175798088,1686
HO14063,chr5,175871148,175872423,1275
HO14064,chr5,176131551,176135108,3557
HO14065,chr5,176179934,176181774,1840
HO14066,chr5,176198705,176200420,1715
HO14067,chr5,176360923,176362086,1163
HO14068,chr5,176365064,176366546,1482
HO14069,chr5,176387995,176389551,1556
HO14070,chr5,176415683,176416880,1197
HO14071,chr5,176447065,176449328,2263
HO14072,chr5,176535444,176538238,2794
HO14073,chr5,176542357,176544209,1852
HO14074,chr5,176596465,176597650,1185
HO14075,chr5,176609159,176610464,1305
HO14076,chr5,176618949,176620788,1839
HO14077,chr5,176629793,176631075,1282
HO14078,chr5,176646763,176648840,2077
HO14079,chr5,176742984,176743816,832
HO14080,chr5,176809355,176811438,2083
HO14081,chr5,176816791,176818371,1580
HO14082,chr5,177005533,177007158,1625
HO14083,chr5,177021929,177023663,1734
HO14084,chr5,177086201,177087543,1342
HO14085,chr5,177116472,177117256,784
HO14086,chr5,177131701,177134714,3013
HO14087,chr5,177302865,177304606,1741
HO14088,chr5,177311304,177312762,1458
HO14089,chr5,177351086,177352333,1247
HO14090,chr5,177362610,177363465,855
HO14091,chr5,177366224,177367588,1364
HO14092,chr5,177370463,177371155,692
HO14093,chr5,177403362,177404841,1479
HO14094,chr5,177425382,177427664,2282
HO14095,chr5,177445930,177448153,2223
HO14096,chr5,177453919,177456663,2744
HO14097,chr5,177457284,177457973,689
HO14098,chr5,177472412,177474146,1734
HO14099,chr5,177496140,177498755,2615
HO14100,chr5,177516293,177517605,1312
HO14101,chr5,177552958,177554856,1898
HO14102,chr5,177591647,177592793,1146
HO14103,chr5,177599100,177600872,1772
HO14104,chr5,178113111,178114814,1703
HO14105,chr5,178130165,178131474,1309
HO14106,chr5,178153098,178154450,1352
HO14107,chr5,178203881,178205590,1709
HO14108,chr5,178231735,178233135,1400
HO14109,chr5,178589538,178591040,1502
HO14110,chr5,178625742,178627574,1832
HO14111,chr5,178729746,178731018,1272
HO14112,chr5,178859522,178860551,1029
HO14113,chr5,178895456,178896584,1128
HO14114,chr5,178940388,178941782,1394
HO14115,chr5,179023142,179024284,1142
HO14116,chr5,179059800,179060954,1154
HO14117,chr5,179343694,179345837,2143
HO14118,chr5,179549858,179551403,1545
HO14119,chr5,179558919,179560198,1279
HO14120,chr5,179613200,179614082,882
HO14121,chr5,179622422,179624642,2220
HO14122,chr5,179677841,179679415,1574
HO14123,chr5,179697895,179700195,2300
HO14124,chr5,179731993,179733742,1749
HO14125,chr5,179795015,179796754,1739
HO14126,chr5,179805350,179807568,2218
HO14127,chr5,179818636,179819729,1093
HO14128,chr5,179820162,179821964,1802
HO14129,chr5,179858047,179859469,1422
HO14130,chr5,179906530,179908254,1724
HO14131,chr5,180070831,180072345,1514
HO14132,chr5,180089836,180090799,963
HO14133,chr5,180207504,180209474,1970
HO14134,chr5,180291172,180293778,2606
HO14135,chr5,180352078,180354320,2242
HO14136,chr5,180493880,180495260,1380
HO14137,chr5,180589665,180591906,2241
HO14138,chr5,180618451,180619618,1167
HO14139,chr5,180648534,180650395,1861
HO14140,chr5,180801870,180804034,2164
HO14141,chr5,180809412,180811216,1804
HO14142,chr5,180830681,180832034,1353
HO14143,chr5,180860361,180861903,1542
HO14144,chr5,181187999,181189658,1659
HO14145,chr5,181189842,181192263,2421
HO14146,chr5,181203865,181205487,1622
HO14147,chr5,181205705,181207942,2237
HO14148,chr5,181216954,181218511,1557
HO14149,chr5,181221728,181224123,2395
HO14150,chr5,181243234,181244590,1356
HO14151,chr5,181245727,181247149,1422
HO14152,chr5,181260470,181262304,1834
HO14153,chr6,291522,293565,2043
HO14154,chr6,390871,393804,2933
HO14155,chr6,692253,693593,1340
HO14156,chr6,1389104,1391179,2075
HO14157,chr6,1603955,1605180,1225
HO14158,chr6,1609003,1611047,2044
HO14159,chr6,1614729,1615580,851
HO14160,chr6,1623997,1625550,1553
HO14161,chr6,1903331,1904874,1543
HO14162,chr6,2244805,2246491,1686
HO14163,chr6,2633364,2634829,1465
HO14164,chr6,2764536,2766652,2116
HO14165,chr6,2840897,2842126,1229
HO14166,chr6,2875061,2877515,2454
HO14167,chr6,2901696,2903543,1847
HO14168,chr6,2925503,2926604,1101
HO14169,chr6,2952370,2953123,753
HO14170,chr6,2970002,2972199,2197
HO14171,chr6,2988181,2990216,2035
HO14172,chr6,2990270,2991148,878
HO14173,chr6,2998366,3000495,2129
HO14174,chr6,3053281,3054557,1276
HO14175,chr6,3063403,3064588,1185
HO14176,chr6,3068100,3069521,1421
HO14177,chr6,3117874,3119376,1502
HO14178,chr6,3156257,3158428,2171
HO14179,chr6,3162349,3163362,1013
HO14180,chr6,3226710,3228647,1937
HO14181,chr6,3230908,3232267,1359
HO14182,chr6,3247111,3248175,1064
HO14183,chr6,3258381,3259924,1543
HO14184,chr6,3355273,3357323,2050
HO14185,chr6,3455159,3458046,2887
HO14186,chr6,3612177,3613046,869
HO14187,chr6,3749783,3752625,2842
HO14188,chr6,3848624,3850264,1640
HO14189,chr6,4017876,4018913,1037
HO14190,chr6,4020892,4022060,1168
HO14191,chr6,4134879,4136369,1490
HO14192,chr6,4280379,4282388,2009
HO14193,chr6,4774703,4777295,2592
HO14194,chr6,5003195,5004570,1375
HO14195,chr6,5025695,5026848,1153
HO14196,chr6,5084202,5086678,2476
HO14197,chr6,5213916,5215363,1447
HO14198,chr6,5259934,5261787,1853
HO14199,chr6,5850627,5851742,1115
HO14200,chr6,5995770,5997267,1497
HO14201,chr6,6008356,6009394,1038
HO14202,chr6,6546029,6547429,1400
HO14203,chr6,6723641,6725346,1705
HO14204,chr6,7050902,7053012,2110
HO14205,chr6,7106613,7109796,3183
HO14206,chr6,7140608,7141574,966
HO14207,chr6,7220498,7221184,686
HO14208,chr6,7260446,7262315,1869
HO14209,chr6,7311996,7313531,1535
HO14210,chr6,7388845,7390486,1641
HO14211,chr6,7541111,7543342,2231
HO14212,chr6,7589763,7591166,1403
HO14213,chr6,7725572,7728762,3190
HO14214,chr6,7909311,7911222,1911
HO14215,chr6,8063593,8064719,1126
HO14216,chr6,8101716,8102858,1142
HO14217,chr6,8434777,8436130,1353
HO14218,chr6,10403631,10405050,1419
HO14219,chr6,10411508,10413155,1647
HO14220,chr6,10693719,10695269,1550
HO14221,chr6,10719611,10721849,2238
HO14222,chr6,10722393,10723640,1247
HO14223,chr6,10746950,10748173,1223
HO14224,chr6,10837065,10838981,1916
HO14225,chr6,10886381,10887561,1180
HO14226,chr6,11042945,11044963,2018
HO14227,chr6,11092958,11094769,1811
HO14228,chr6,11231627,11233467,1840
HO14229,chr6,11269816,11270838,1022
HO14230,chr6,11474933,11475525,592
HO14231,chr6,11536852,11538769,1917
HO14232,chr6,12008355,12009329,974
HO14233,chr6,12010730,12013419,2689
HO14234,chr6,12289323,12290606,1283
HO14235,chr6,13013088,13015146,2058
HO14236,chr6,13327629,13328946,1317
HO14237,chr6,13485975,13488598,2623
HO14238,chr6,13573750,13575452,1702
HO14239,chr6,13614420,13616089,1669
HO14240,chr6,13710205,13712500,2295
HO14241,chr6,13813416,13814854,1438
HO14242,chr6,13873191,13874187,996
HO14243,chr6,13923878,13925744,1866
HO14244,chr6,14117082,14118310,1228
HO14245,chr6,14210568,14212004,1436
HO14246,chr6,14670130,14671938,1808
HO14247,chr6,15088800,15090708,1908
HO14248,chr6,15244466,15246111,1645
HO14249,chr6,15247880,15249303,1423
HO14250,chr6,15504006,15505517,1511
HO14251,chr6,15661870,15663259,1389
HO14252,chr6,16128512,16130182,1670
HO14253,chr6,16237969,16239938,1969
HO14254,chr6,16331158,16332451,1293
HO14255,chr6,16759195,16762939,3744
HO14256,chr6,16803136,16804199,1063
HO14257,chr6,17101387,17102421,1034
HO14258,chr6,17280272,17282446,2174
HO14259,chr6,17393055,17394580,1525
HO14260,chr6,17580088,17581825,1737
HO14261,chr6,17599767,17601304,1537
HO14262,chr6,17705368,17707235,1867
HO14263,chr6,17986669,17988503,1834
HO14264,chr6,18122002,18122932,930
HO14265,chr6,18154470,18156366,1896
HO14266,chr6,18263525,18265232,1707
HO14267,chr6,18386872,18387967,1095
HO14268,chr6,19691264,19692800,1536
HO14269,chr6,19803271,19805474,2203
HO14270,chr6,19836605,19839276,2671
HO14271,chr6,20211576,20213042,1466
HO14272,chr6,20400570,20404303,3733
HO14273,chr6,20533819,20535208,1389
HO14274,chr6,21478525,21479864,1339
HO14275,chr6,21586814,21589531,2717
HO14276,chr6,21593238,21595675,2437
HO14277,chr6,21664118,21667643,3525
HO14278,chr6,24359603,24360397,794
HO14279,chr6,24402552,24403762,1210
HO14280,chr6,24494338,24495824,1486
HO14281,chr6,24645449,24646650,1201
HO14282,chr6,24665962,24667599,1637
HO14283,chr6,24720058,24722016,1958
HO14284,chr6,24774400,24775945,1545
HO14285,chr6,24910215,24911580,1365
HO14286,chr6,25278439,25280897,2458
HO14287,chr6,25991665,25993250,1585
HO14288,chr6,26017371,26017976,605
HO14289,chr6,26020086,26022386,2300
HO14290,chr6,26026084,26027573,1489
HO14291,chr6,26031658,26034294,2636
HO14292,chr6,26042937,26045773,2836
HO14293,chr6,26054308,26057162,2854
HO14294,chr6,26103095,26104861,1766
HO14295,chr6,26122467,26124650,2183
HO14296,chr6,26125494,26126447,953
HO14297,chr6,26156141,26159062,2921
HO14298,chr6,26171392,26173001,1609
HO14299,chr6,26182900,26184233,1333
HO14300,chr6,26188002,26189485,1483
HO14301,chr6,26195296,26195818,522
HO14302,chr6,26196758,26197637,879
HO14303,chr6,26198782,26199944,1162
HO14304,chr6,26203926,26206423,2497
HO14305,chr6,26214903,26217991,3088
HO14306,chr6,26223068,26226143,3075
HO14307,chr6,26232641,26235152,2511
HO14308,chr6,26239866,26241431,1565
HO14309,chr6,26249498,26251010,1512
HO14310,chr6,26251302,26252062,760
HO14311,chr6,26270634,26271788,1154
HO14312,chr6,26272098,26274196,2098
HO14313,chr6,26284290,26286658,2368
HO14314,chr6,26304559,26305678,1119
HO14315,chr6,26310857,26313658,2801
HO14316,chr6,26321816,26323189,1373
HO14317,chr6,26327411,26328614,1203
HO14318,chr6,26341339,26342239,900
HO14319,chr6,26363928,26365674,1746
HO14320,chr6,26382831,26384328,1497
HO14321,chr6,26401549,26402691,1142
HO14322,chr6,26420509,26422185,1676
HO14323,chr6,26457158,26458711,1553
HO14324,chr6,26473504,26474921,1417
HO14325,chr6,26520396,26522425,2029
HO14326,chr6,26532601,26533406,805
HO14327,chr6,26536604,26538778,2174
HO14328,chr6,26550229,26550934,705
HO14329,chr6,26553132,26554457,1325
HO14330,chr6,26556376,26557015,639
HO14331,chr6,26568061,26569374,1313
HO14332,chr6,26571537,26572857,1320
HO14333,chr6,26596455,26597370,915
HO14334,chr6,26659147,26660645,1498
HO14335,chr6,27019042,27020515,1473
HO14336,chr6,27131421,27134100,2679
HO14337,chr6,27139013,27140198,1185
HO14338,chr6,27145350,27147834,2484
HO14339,chr6,27157140,27158381,1241
HO14340,chr6,27176643,27178666,2023
HO14341,chr6,27187443,27189189,1746
HO14342,chr6,27250532,27252087,1555
HO14343,chr6,27311902,27313031,1129
HO14344,chr6,27374304,27376046,1742
HO14345,chr6,27388069,27389323,1254
HO14346,chr6,27471960,27473568,1608
HO14347,chr6,27478233,27480033,1800
HO14348,chr6,27494932,27496383,1451
HO14349,chr6,27502376,27504058,1682
HO14350,chr6,27518311,27519756,1445
HO14351,chr6,27591540,27593325,1785
HO14352,chr6,27605045,27606151,1106
HO14353,chr6,27616922,27618483,1561
HO14354,chr6,27630460,27631910,1450
HO14355,chr6,27671942,27672624,682
HO14356,chr6,27687224,27688580,1356
HO14357,chr6,27752006,27753577,1571
HO14358,chr6,27753989,27754372,383
HO14359,chr6,27791181,27793252,2071
HO14360,chr6,27806684,27808622,1938
HO14361,chr6,27809800,27810572,772
HO14362,chr6,27814511,27815531,1020
HO14363,chr6,27836747,27839199,2452
HO14364,chr6,27864451,27865626,1175
HO14365,chr6,27866027,27867717,1690
HO14366,chr6,27871678,27873958,2280
HO14367,chr6,27890282,27891024,742
HO14368,chr6,27892706,27893875,1169
HO14369,chr6,27894240,27895765,1525
HO14370,chr6,27902083,27903631,1548
HO14371,chr6,28079863,28081653,1790
HO14372,chr6,28090753,28092804,2051
HO14373,chr6,28104270,28105621,1351
HO14374,chr6,28124033,28125032,999
HO14375,chr6,28136247,28137850,1603
HO14376,chr6,28141366,28142266,900
HO14377,chr6,28161303,28162066,763
HO14378,chr6,28218086,28219143,1057
HO14379,chr6,28224668,28226045,1377
HO14380,chr6,28251474,28252897,1423
HO14381,chr6,28266703,28267738,1035
HO14382,chr6,28281046,28282137,1091
HO14383,chr6,28335011,28336840,1829
HO14384,chr6,28349545,28350479,934
HO14385,chr6,28355409,28356519,1110
HO14386,chr6,28382993,28383930,937
HO14387,chr6,28399161,28400205,1044
HO14388,chr6,28442625,28443706,1081
HO14389,chr6,28488741,28490673,1932
HO14390,chr6,28542319,28544611,2292
HO14391,chr6,28586278,28587690,1412
HO14392,chr6,28588777,28590237,1460
HO14393,chr6,28606309,28608514,2205
HO14394,chr6,28634336,28636111,1775
HO14395,chr6,28647949,28649298,1349
HO14396,chr6,28657073,28659343,2270
HO14397,chr6,28673501,28674761,1260
HO14398,chr6,28837328,28839279,1951
HO14399,chr6,28863525,28864526,1001
HO14400,chr6,28865444,28867318,1874
HO14401,chr6,28880488,28881605,1117
HO14402,chr6,28895310,28897319,2009
HO14403,chr6,28922387,28924589,2202
HO14404,chr6,28939970,28941840,1870
HO14405,chr6,28980738,28982847,2109
HO14406,chr6,28984633,28985925,1292
HO14407,chr6,28988378,28989289,911
HO14408,chr6,29014772,29017395,2623
HO14409,chr6,29552507,29553979,1472
HO14410,chr6,29627163,29628961,1798
HO14411,chr6,29632215,29633791,1576
HO14412,chr6,29649449,29650377,928
HO14413,chr6,29748389,29749444,1055
HO14414,chr6,29941480,29943371,1891
HO14415,chr6,29964434,29966434,2000
HO14416,chr6,29976278,29977456,1178
HO14417,chr6,30060460,30062000,1540
HO14418,chr6,30066501,30067645,1144
HO14419,chr6,30071160,30071667,507
HO14420,chr6,30101535,30102391,856
HO14421,chr6,30171466,30172572,1106
HO14422,chr6,30212773,30214681,1908
HO14423,chr6,30259038,30260567,1529
HO14424,chr6,30325646,30327482,1836
HO14425,chr6,30344597,30345767,1170
HO14426,chr6,30488984,30490389,1405
HO14427,chr6,30555310,30557672,2362
HO14428,chr6,30570696,30571909,1213
HO14429,chr6,30614509,30615609,1100
HO14430,chr6,30616727,30618144,1417
HO14431,chr6,30626201,30627343,1142
HO14432,chr6,30646469,30648075,1606
HO14433,chr6,30672191,30673313,1122
HO14434,chr6,30686363,30687740,1377
HO14435,chr6,30690397,30691273,876
HO14436,chr6,30716942,30717816,874
HO14437,chr6,30719737,30720471,734
HO14438,chr6,30720816,30721767,951
HO14439,chr6,30741889,30743570,1681
HO14440,chr6,30743661,30744774,1113
HO14441,chr6,30882438,30883215,777
HO14442,chr6,30883699,30886772,3073
HO14443,chr6,30907346,30908594,1248
HO14444,chr6,30913558,30915900,2342
HO14445,chr6,31157649,31159131,1482
HO14446,chr6,31196807,31198297,1490
HO14447,chr6,31271018,31272606,1588
HO14448,chr6,31355975,31357525,1550
HO14449,chr6,31399386,31400938,1552
HO14450,chr6,31402792,31404124,1332
HO14451,chr6,31540996,31542645,1649
HO14452,chr6,31546168,31547771,1603
HO14453,chr6,31580585,31581770,1185
HO14454,chr6,31619689,31621371,1682
HO14455,chr6,31651629,31653363,1734
HO14456,chr6,31660254,31660985,731
HO14457,chr6,31664230,31666489,2259
HO14458,chr6,31680407,31681679,1272
HO14459,chr6,31701920,31703644,1724
HO14460,chr6,31728910,31730501,1591
HO14461,chr6,31734684,31735929,1245
HO14462,chr6,31736104,31736680,576
HO14463,chr6,31739478,31740626,1148
HO14464,chr6,31794651,31796270,1619
HO14465,chr6,31805929,31807181,1252
HO14466,chr6,31814021,31815769,1748
HO14467,chr6,31817919,31819287,1368
HO14468,chr6,31821222,31822576,1354
HO14469,chr6,31826559,31827948,1389
HO14470,chr6,31830299,31832333,2034
HO14471,chr6,31834247,31835524,1277
HO14472,chr6,31862348,31864143,1795
HO14473,chr6,31896873,31897947,1074
HO14474,chr6,31901387,31902709,1322
HO14475,chr6,31958298,31959505,1207
HO14476,chr6,31971416,31972836,1420
HO14477,chr6,32086194,32088698,2504
HO14478,chr6,32095794,32097258,1464
HO14479,chr6,32107980,32109766,1786
HO14480,chr6,32127361,32128580,1219
HO14481,chr6,32129708,32130747,1039
HO14482,chr6,32139548,32140975,1427
HO14483,chr6,32152947,32154928,1981
HO14484,chr6,32175625,32176342,717
HO14485,chr6,32177080,32178746,1666
HO14486,chr6,32189177,32190670,1493
HO14487,chr6,32195069,32197626,2557
HO14488,chr6,32254436,32256004,1568
HO14489,chr6,32837715,32839133,1418
HO14490,chr6,32843545,32844997,1452
HO14491,chr6,32852637,32854683,2046
HO14492,chr6,32893700,32895564,1864
HO14493,chr6,32968082,32970490,2408
HO14494,chr6,32971508,32972492,984
HO14495,chr6,33080147,33081149,1002
HO14496,chr6,33191386,33193796,2410
HO14497,chr6,33199854,33201371,1517
HO14498,chr6,33204374,33205035,661
HO14499,chr6,33207545,33208902,1357
HO14500,chr6,33212993,33214371,1378
HO14501,chr6,33247885,33250077,2192
HO14502,chr6,33271148,33272413,1265
HO14503,chr6,33276673,33277922,1249
HO14504,chr6,33288589,33289921,1332
HO14505,chr6,33297427,33300223,2796
HO14506,chr6,33312091,33313027,936
HO14507,chr6,33313186,33315221,2035
HO14508,chr6,33317337,33318256,919
HO14509,chr6,33322586,33323856,1270
HO14510,chr6,33391010,33392256,1246
HO14511,chr6,33409570,33411414,1844
HO14512,chr6,33417526,33418779,1253
HO14513,chr6,33425001,33426883,1882
HO14514,chr6,33453708,33454868,1160
HO14515,chr6,33570698,33572409,1711
HO14516,chr6,33579399,33580520,1121
HO14517,chr6,33619971,33622403,2432
HO14518,chr6,33632562,33634745,2183
HO14519,chr6,33710858,33712035,1177
HO14520,chr6,33771035,33772048,1013
HO14521,chr6,33787782,33789409,1627
HO14522,chr6,34144639,34146096,1457
HO14523,chr6,34195882,34196874,992
HO14524,chr6,34223352,34224623,1271
HO14525,chr6,34234801,34237800,2999
HO14526,chr6,34248276,34249606,1330
HO14527,chr6,34391575,34393280,1705
HO14528,chr6,34425060,34426482,1422
HO14529,chr6,34465246,34466531,1285
HO14530,chr6,34514380,34515382,1002
HO14531,chr6,34526499,34527652,1153
HO14532,chr6,34695168,34697373,2205
HO14533,chr6,34756371,34757801,1430
HO14534,chr6,34791245,34793179,1934
HO14535,chr6,34887425,34889965,2540
HO14536,chr6,35140681,35141760,1079
HO14537,chr6,35213230,35214756,1526
HO14538,chr6,35258657,35260538,1881
HO14539,chr6,35317585,35318799,1214
HO14540,chr6,35342074,35343987,1913
HO14541,chr6,35451417,35453491,2074
HO14542,chr6,35467745,35469419,1674
HO14543,chr6,35484925,35486729,1804
HO14544,chr6,35489992,35490764,772
HO14545,chr6,35495998,35498362,2364
HO14546,chr6,35687360,35689416,2056
HO14547,chr6,35718689,35720733,2044
HO14548,chr6,35725681,35728456,2775
HO14549,chr6,35731201,35732581,1380
HO14550,chr6,35804831,35805855,1024
HO14551,chr6,35919611,35921462,1851
HO14552,chr6,36027242,36029101,1859
HO14553,chr6,36130034,36132830,2796
HO14554,chr6,36195546,36197584,2038
HO14555,chr6,36333031,36335528,2497
HO14556,chr6,36386311,36388233,1922
HO14557,chr6,36422769,36424036,1267
HO14558,chr6,36442385,36443698,1313
HO14559,chr6,36545936,36547713,1777
HO14560,chr6,36593387,36594771,1384
HO14561,chr6,36678257,36680762,2505
HO14562,chr6,36765481,36766486,1005
HO14563,chr6,36839014,36841554,2540
HO14564,chr6,36848467,36849472,1005
HO14565,chr6,36874042,36875610,1568
HO14566,chr6,36885294,36886367,1073
HO14567,chr6,36985462,36987154,1692
HO14568,chr6,37017551,37019588,2037
HO14569,chr6,37101937,37103811,1874
HO14570,chr6,37125437,37126756,1319
HO14571,chr6,37137060,37138440,1380
HO14572,chr6,37168913,37171686,2773
HO14573,chr6,37171993,37172491,498
HO14574,chr6,37221737,37222956,1219
HO14575,chr6,37257185,37258625,1440
HO14576,chr6,37353507,37355231,1724
HO14577,chr6,37432605,37434280,1675
HO14578,chr6,37499331,37500384,1053
HO14579,chr6,37535253,37536898,1645
HO14580,chr6,37565253,37566657,1404
HO14581,chr6,37695905,37699291,3386
HO14582,chr6,37704949,37706107,1158
HO14583,chr6,37783018,37785335,2317
HO14584,chr6,37818541,37820590,2049
HO14585,chr6,38638812,38640519,1707
HO14586,chr6,38702206,38703451,1245
HO14587,chr6,39114265,39115545,1280
HO14588,chr6,39228840,39230012,1172
HO14589,chr6,39724582,39725797,1215
HO14590,chr6,39791772,39793456,1684
HO14591,chr6,40586411,40588147,1736
HO14592,chr6,40670826,40672430,1604
HO14593,chr6,41027499,41029052,1553
HO14594,chr6,41071566,41074292,2726
HO14595,chr6,41256583,41258237,1654
HO14596,chr6,41318409,41319540,1131
HO14597,chr6,41427166,41429389,2223
HO14598,chr6,41442634,41444319,1685
HO14599,chr6,41487871,41489841,1970
HO14600,chr6,41502788,41505927,3139
HO14601,chr6,41545492,41547926,2434
HO14602,chr6,41560059,41561350,1291
HO14603,chr6,41637704,41640348,2644
HO14604,chr6,41681919,41684019,2100
HO14605,chr6,41733498,41735822,2324
HO14606,chr6,41779289,41781548,2259
HO14607,chr6,41786086,41787811,1725
HO14608,chr6,41894321,41896175,1854
HO14609,chr6,41920403,41921941,1538
HO14610,chr6,41939048,41940111,1063
HO14611,chr6,41940351,41942231,1880
HO14612,chr6,42048347,42049047,700
HO14613,chr6,42049968,42050975,1007
HO14614,chr6,42103847,42105343,1496
HO14615,chr6,42105482,42106987,1505
HO14616,chr6,42136257,42137796,1539
HO14617,chr6,42141186,42143208,2022
HO14618,chr6,42217181,42218282,1101
HO14619,chr6,42440550,42442174,1624
HO14620,chr6,42451016,42453526,2510
HO14621,chr6,42546977,42548465,1488
HO14622,chr6,42563464,42565475,2011
HO14623,chr6,42725982,42728033,2051
HO14624,chr6,42745129,42747714,2585
HO14625,chr6,42770701,42771535,834
HO14626,chr6,42781515,42783933,2418
HO14627,chr6,42879057,42880357,1300
HO14628,chr6,42890131,42891298,1167
HO14629,chr6,42901296,42903222,1926
HO14630,chr6,42928538,42930359,1821
HO14631,chr6,42959970,42961357,1387
HO14632,chr6,42978244,42979743,1499
HO14633,chr6,42983808,42985403,1595
HO14634,chr6,43013105,43014864,1759
HO14635,chr6,43020690,43022273,1583
HO14636,chr6,43052809,43054203,1394
HO14637,chr6,43058969,43060498,1529
HO14638,chr6,43074895,43077405,2510
HO14639,chr6,43142938,43143884,946
HO14640,chr6,43170316,43172673,2357
HO14641,chr6,43174085,43174931,846
HO14642,chr6,43180978,43182639,1661
HO14643,chr6,43228785,43229834,1049
HO14644,chr6,43246462,43247893,1431
HO14645,chr6,43368301,43370407,2106
HO14646,chr6,43426983,43428262,1279
HO14647,chr6,43454321,43456251,1930
HO14648,chr6,43476812,43478308,1496
HO14649,chr6,43509326,43510738,1412
HO14650,chr6,43516204,43517725,1521
HO14651,chr6,43574937,43576600,1663
HO14652,chr6,43628386,43630456,2070
HO14653,chr6,43635138,43636550,1412
HO14654,chr6,43644583,43645861,1278
HO14655,chr6,43667049,43670206,3157
HO14656,chr6,43687061,43688256,1195
HO14657,chr6,43768862,43772104,3242
HO14658,chr6,44002014,44003364,1350
HO14659,chr6,44072698,44074865,2167
HO14660,chr6,44126111,44128803,2692
HO14661,chr6,44218293,44219906,1613
HO14662,chr6,44223155,44224142,987
HO14663,chr6,44233943,44235199,1256
HO14664,chr6,44237209,44238313,1104
HO14665,chr6,44245694,44248218,2524
HO14666,chr6,44254200,44255552,1352
HO14667,chr6,44255998,44257809,1811
HO14668,chr6,44264266,44265811,1545
HO14669,chr6,44275358,44276592,1234
HO14670,chr6,44296873,44298120,1247
HO14671,chr6,44312772,44313541,769
HO14672,chr6,44386640,44388689,2049
HO14673,chr6,44475461,44476344,883
HO14674,chr6,45376547,45378609,2062
HO14675,chr6,45421410,45424288,2878
HO14676,chr6,45663075,45664154,1079
HO14677,chr6,46129301,46130540,1239
HO14678,chr6,46170225,46171372,1147
HO14679,chr6,46490419,46492235,1816
HO14680,chr6,46651840,46653599,1759
HO14681,chr6,46733463,46735774,2311
HO14682,chr6,47308591,47310194,1603
HO14683,chr6,47477243,47479434,2191
HO14684,chr6,49462173,49463829,1656
HO14685,chr6,49549868,49551794,1926
HO14686,chr6,52284077,52285404,1327
HO14687,chr6,52361214,52363254,2040
HO14688,chr6,52419721,52421123,1402
HO14689,chr6,52576172,52577676,1504
HO14690,chr6,52663125,52665239,2114
HO14691,chr6,52670516,52671502,986
HO14692,chr6,52994074,52996936,2862
HO14693,chr6,53061217,53062068,851
HO14694,chr6,53064616,53066382,1766
HO14695,chr6,53347325,53349416,2091
HO14696,chr6,53358480,53360611,2131
HO14697,chr6,53544074,53545318,1244
HO14698,chr6,53547448,53548547,1099
HO14699,chr6,53651147,53652483,1336
HO14700,chr6,53793234,53796230,2996
HO14701,chr6,54010587,54011545,958
HO14702,chr6,54846103,54847418,1315
HO14703,chr6,55578266,55579464,1198
HO14704,chr6,56541823,56543330,1507
HO14705,chr6,56842640,56844559,1919
HO14706,chr6,56953521,56956146,2625
HO14707,chr6,57045982,57046802,820
HO14708,chr6,57089350,57090288,938
HO14709,chr6,57171695,57173494,1799
HO14710,chr6,57221192,57222693,1501
HO14711,chr6,57316311,57317916,1605
HO14712,chr6,57960915,57961688,773
HO14713,chr6,61586318,61587582,1264
HO14714,chr6,62285498,62286751,1253
HO14715,chr6,63571286,63574182,2896
HO14716,chr6,63635158,63637042,1884
HO14717,chr6,68634095,68636441,2346
HO14718,chr6,69795517,69797426,1909
HO14719,chr6,69866222,69868019,1797
HO14720,chr6,70412743,70414454,1711
HO14721,chr6,70566340,70567589,1249
HO14722,chr6,70667224,70668683,1459
HO14723,chr6,70955321,70957542,2221
HO14724,chr6,71287949,71289726,1777
HO14725,chr6,71419332,71421187,1855
HO14726,chr6,71886179,71887648,1469
HO14727,chr6,72182221,72183309,1088
HO14728,chr6,72619914,72620729,815
HO14729,chr6,72620854,72623345,2491
HO14730,chr6,73262311,73263692,1381
HO14731,chr6,73309160,73310554,1394
HO14732,chr6,73451106,73452550,1444
HO14733,chr6,73460972,73462443,1471
HO14734,chr6,73515336,73516368,1032
HO14735,chr6,73520074,73522444,2370
HO14736,chr6,73523391,73523922,531
HO14737,chr6,73652626,73654654,2028
HO14738,chr6,73695157,73696552,1395
HO14739,chr6,75203804,75206466,2662
HO14740,chr6,75243096,75244448,1352
HO14741,chr6,75283525,75285300,1775
HO14742,chr6,75601323,75603077,1754
HO14743,chr6,75748154,75749811,1657
HO14744,chr6,77462566,77464627,2061
HO14745,chr6,77465773,77467243,1470
HO14746,chr6,78866991,78868096,1105
HO14747,chr6,79076705,79078931,2226
HO14748,chr6,79233267,79234978,1711
HO14749,chr6,79536394,79538082,1688
HO14750,chr6,79544756,79545412,656
HO14751,chr6,79599516,79601273,1757
HO14752,chr6,79630671,79631978,1307
HO14753,chr6,79867918,79869966,2048
HO14754,chr6,79946233,79948029,1796
HO14755,chr6,80003531,80005001,1470
HO14756,chr6,80105954,80107249,1295
HO14757,chr6,81751458,81754199,2741
HO14758,chr6,82246773,82248532,1759
HO14759,chr6,82362906,82365705,2799
HO14760,chr6,83065126,83066038,912
HO14761,chr6,83067410,83068457,1047
HO14762,chr6,83192567,83194502,1935
HO14763,chr6,83429809,83431815,2006
HO14764,chr6,83511696,83513191,1495
HO14765,chr6,83707606,83709653,2047
HO14766,chr6,83852889,83854294,1405
HO14767,chr6,83859079,83860400,1321
HO14768,chr6,84033138,84034670,1532
HO14769,chr6,84051715,84052951,1236
HO14770,chr6,84074637,84075690,1053
HO14771,chr6,84227000,84228299,1299
HO14772,chr6,84762548,84765040,2492
HO14773,chr6,84772830,84775162,2332
HO14774,chr6,85449227,85450793,1566
HO14775,chr6,85592867,85594814,1947
HO14776,chr6,85641650,85644275,2625
HO14777,chr6,85678128,85679452,1324
HO14778,chr6,86936774,86938082,1308
HO14779,chr6,87151538,87152656,1118
HO14780,chr6,87154746,87156511,1765
HO14781,chr6,87321863,87323224,1361
HO14782,chr6,87407381,87408917,1536
HO14783,chr6,87472330,87473757,1427
HO14784,chr6,87589007,87590481,1474
HO14785,chr6,87700436,87702869,2433
HO14786,chr6,88165467,88167621,2154
HO14787,chr6,88519123,88520422,1299
HO14788,chr6,88962857,88964117,1260
HO14789,chr6,89034492,89036335,1843
HO14790,chr6,89079583,89082075,2492
HO14791,chr6,89116850,89118497,1647
HO14792,chr6,89145196,89147156,1960
HO14793,chr6,89351686,89353408,1722
HO14794,chr6,89410739,89413277,2538
HO14795,chr6,89432712,89434249,1537
HO14796,chr6,89637952,89639131,1179
HO14797,chr6,89818596,89820121,1525
HO14798,chr6,89828854,89830283,1429
HO14799,chr6,90217973,90219908,1935
HO14800,chr6,90295014,90297580,2566
HO14801,chr6,90586319,90587570,1251
HO14802,chr6,90610144,90611686,1542
HO14803,chr6,93416403,93417682,1279
HO14804,chr6,93418140,93420342,2202
HO14805,chr6,95576440,95578235,1795
HO14806,chr6,96014727,96016893,2166
HO14807,chr6,96521153,96522744,1591
HO14808,chr6,96836263,96837991,1728
HO14809,chr6,96896999,96898673,1674
HO14810,chr6,96923751,96925345,1594
HO14811,chr6,97282267,97283688,1421
HO14812,chr6,98833102,98835674,2572
HO14813,chr6,98946803,98948316,1513
HO14814,chr6,99348898,99350181,1283
HO14815,chr6,99393327,99394472,1145
HO14816,chr6,99424576,99426262,1686
HO14817,chr6,99514699,99516193,1494
HO14818,chr6,99520621,99522040,1419
HO14819,chr6,99567911,99569357,1446
HO14820,chr6,99588318,99589599,1281
HO14821,chr6,99602508,99604030,1522
HO14822,chr6,99612966,99614995,2029
HO14823,chr6,100446246,100448394,2148
HO14824,chr6,100464301,100465764,1463
HO14825,chr6,100880522,100882146,1624
HO14826,chr6,101392954,101394247,1293
HO14827,chr6,101401679,101403121,1442
HO14828,chr6,101403405,101403953,548
HO14829,chr6,102981401,102982320,919
HO14830,chr6,104858529,104860141,1612
HO14831,chr6,104940116,104941695,1579
HO14832,chr6,104956680,104959027,2347
HO14833,chr6,105136132,105137748,1616
HO14834,chr6,105179216,105180522,1306
HO14835,chr6,105402004,105403738,1734
HO14836,chr6,105991725,105992963,1238
HO14837,chr6,106085286,106086563,1277
HO14838,chr6,106324668,106326055,1387
HO14839,chr6,106360161,106361451,1290
HO14840,chr6,106509969,106510888,919
HO14841,chr6,106511478,106513057,1579
HO14842,chr6,106628784,106630250,1466
HO14843,chr6,106973277,106975786,2509
HO14844,chr6,107027695,107028958,1263
HO14845,chr6,107113953,107116988,3035
HO14846,chr6,107458720,107460296,1576
HO14847,chr6,107488710,107490633,1923
HO14848,chr6,107689844,107692905,3061
HO14849,chr6,107847664,107848846,1182
HO14850,chr6,107956746,107958671,1925
HO14851,chr6,107972313,107973376,1063
HO14852,chr6,108074127,108075230,1103
HO14853,chr6,108133348,108134873,1525
HO14854,chr6,108260068,108261700,1632
HO14855,chr6,108294049,108295684,1635
HO14856,chr6,108557552,108558756,1204
HO14857,chr6,108559060,108561151,2091
HO14858,chr6,108847817,108849044,1227
HO14859,chr6,109008574,109010004,1430
HO14860,chr6,109093792,109095851,2059
HO14861,chr6,109381187,109383456,2269
HO14862,chr6,109440083,109441588,1505
HO14863,chr6,109454169,109456624,2455
HO14864,chr6,109482470,109484456,1986
HO14865,chr6,109690144,109691781,1637
HO14866,chr6,109876598,109878303,1705
HO14867,chr6,109977883,109979831,1948
HO14868,chr6,110178578,110180584,2006
HO14869,chr6,110356775,110359142,2367
HO14870,chr6,110813818,110816275,2457
HO14871,chr6,110873931,110876697,2766
HO14872,chr6,110957986,110959140,1154
HO14873,chr6,110981318,110982566,1248
HO14874,chr6,111086907,111088722,1815
HO14875,chr6,111258718,111259825,1107
HO14876,chr6,111482026,111484323,2297
HO14877,chr6,111551080,111552843,1763
HO14878,chr6,111604914,111606239,1325
HO14879,chr6,111710891,111712758,1867
HO14880,chr6,111788365,111790360,1995
HO14881,chr6,111871753,111873862,2109
HO14882,chr6,112042863,112043985,1122
HO14883,chr6,112086659,112088075,1416
HO14884,chr6,112253077,112255221,2144
HO14885,chr6,113854558,113855798,1240
HO14886,chr6,113856880,113857442,562
HO14887,chr6,113858040,113859275,1235
HO14888,chr6,113969609,113971627,2018
HO14889,chr6,114341181,114343832,2651
HO14890,chr6,114624211,114625084,873
HO14891,chr6,116100216,116101759,1543
HO14892,chr6,116253193,116254496,1303
HO14893,chr6,116278934,116280245,1311
HO14894,chr6,116369940,116371865,1925
HO14895,chr6,116461265,116462803,1538
HO14896,chr6,116570650,116572028,1378
HO14897,chr6,116615761,116617027,1266
HO14898,chr6,116668097,116668993,896
HO14899,chr6,116680644,116681916,1272
HO14900,chr6,116764489,116766119,1630
HO14901,chr6,117264435,117266099,1664
HO14902,chr6,117482168,117483775,1607
HO14903,chr6,117547473,117548604,1131
HO14904,chr6,117601644,117603039,1395
HO14905,chr6,117674804,117676251,1447
HO14906,chr6,117906588,117908678,2090
HO14907,chr6,118650167,118652246,2079
HO14908,chr6,118708801,118710322,1521
HO14909,chr6,118893082,118895357,2275
HO14910,chr6,118934010,118935407,1397
HO14911,chr6,119077579,119079470,1891
HO14912,chr6,119348263,119350844,2581
HO14913,chr6,121334133,121335539,1406
HO14914,chr6,121436236,121438690,2454
HO14915,chr6,122399072,122400338,1266
HO14916,chr6,122470954,122472291,1337
HO14917,chr6,122609542,122611357,1815
HO14918,chr6,122788739,122790654,1915
HO14919,chr6,122995622,122997061,1439
HO14920,chr6,123802368,123804243,1875
HO14921,chr6,124961394,124963789,2395
HO14922,chr6,125153424,125155164,1740
HO14923,chr6,125300999,125302350,1351
HO14924,chr6,125362615,125364171,1556
HO14925,chr6,125748730,125750163,1433
HO14926,chr6,125780071,125781751,1680
HO14927,chr6,125789648,125791900,2252
HO14928,chr6,125956195,125957508,1313
HO14929,chr6,125985930,125987307,1377
HO14930,chr6,126339597,126340684,1087
HO14931,chr6,127118005,127120065,2060
HO14932,chr6,127266115,127268540,2425
HO14933,chr6,127342073,127344525,2452
HO14934,chr6,127514264,127516939,2675
HO14935,chr6,128518938,128521275,2337
HO14936,chr6,128882488,128884209,1721
HO14937,chr6,129708926,129710595,1669
HO14938,chr6,130018104,130021353,3249
HO14939,chr6,130365083,130366958,1875
HO14940,chr6,131062167,131063855,1688
HO14941,chr6,131134766,131136644,1878
HO14942,chr6,131627546,131628621,1075
HO14943,chr6,131807194,131808576,1382
HO14944,chr6,131949315,131951620,2305
HO14945,chr6,132400568,132402167,1599
HO14946,chr6,132512440,132513537,1097
HO14947,chr6,132797933,132799370,1437
HO14948,chr6,132812323,132815082,2759
HO14949,chr6,133240443,133243075,2632
HO14950,chr6,133888654,133890209,1555
HO14951,chr6,133951386,133953791,2405
HO14952,chr6,134051746,134053232,1486
HO14953,chr6,134174495,134176634,2139
HO14954,chr6,134178030,134178777,747
HO14955,chr6,135054103,135055489,1386
HO14956,chr6,135180291,135181923,1632
HO14957,chr6,135182147,135183293,1146
HO14958,chr6,135474868,135475927,1059
HO14959,chr6,135496954,135498752,1798
HO14960,chr6,136249782,136250965,1183
HO14961,chr6,136288696,136290692,1996
HO14962,chr6,136549246,136551440,2194
HO14963,chr6,136791164,136793332,2168
HO14964,chr6,136821981,136823504,1523
HO14965,chr6,136920786,136922865,2079
HO14966,chr6,136989123,136990284,1161
HO14967,chr6,137043873,137045156,1283
HO14968,chr6,137218413,137219752,1339
HO14969,chr6,137866231,137868265,2034
HO14970,chr6,138161038,138162600,1562
HO14971,chr6,138403034,138405193,2159
HO14972,chr6,138691632,138693667,2035
HO14973,chr6,138772756,138774089,1333
HO14974,chr6,138795384,138796471,1087
HO14975,chr6,138987155,138988700,1545
HO14976,chr6,139028296,139030131,1835
HO14977,chr6,139134552,139136444,1892
HO14978,chr6,139373198,139376462,3264
HO14979,chr6,142146695,142147671,976
HO14980,chr6,142300870,142302404,1534
HO14981,chr6,142845408,142846589,1181
HO14982,chr6,142926282,142927365,1083
HO14983,chr6,142944225,142947826,3601
HO14984,chr6,143059621,143061466,1845
HO14985,chr6,143449299,143451338,2039
HO14986,chr6,143510773,143512074,1301
HO14987,chr6,143536303,143537707,1404
HO14988,chr6,143677606,143678931,1325
HO14989,chr6,143842460,143844114,1654
HO14990,chr6,144006163,144008778,2615
HO14991,chr6,144063269,144065045,1776
HO14992,chr6,144094699,144096458,1759
HO14993,chr6,144149454,144151661,2207
HO14994,chr6,144215327,144216969,1642
HO14995,chr6,144284098,144287422,3324
HO14996,chr6,145734347,145736189,1842
HO14997,chr6,145813717,145815749,2032
HO14998,chr6,145963384,145964923,1539
HO14999,chr6,146543025,146544646,1621
HO15000,chr6,147201975,147204728,2753
HO15001,chr6,147507277,147509411,2134
HO15002,chr6,148341845,148343582,1737
HO15003,chr6,148559590,148560612,1022
HO15004,chr6,148746157,148748838,2681
HO15005,chr6,148972212,148972842,630
HO15006,chr6,149316466,149319026,2560
HO15007,chr6,149450497,149451931,1434
HO15008,chr6,149544550,149546707,2157
HO15009,chr6,149565259,149567264,2005
HO15010,chr6,149647228,149649056,1828
HO15011,chr6,149717053,149718686,1633
HO15012,chr6,149746002,149746741,739
HO15013,chr6,149749259,149750652,1393
HO15014,chr6,149862974,149865227,2253
HO15015,chr6,149922454,149923589,1135
HO15016,chr6,149941334,149942584,1250
HO15017,chr6,149963077,149965584,2507
HO15018,chr6,150004402,150005718,1316
HO15019,chr6,150068307,150069943,1636
HO15020,chr6,150142090,150144329,2239
HO15021,chr6,150354407,150355740,1333
HO15022,chr6,150599089,150601089,2000
HO15023,chr6,150667297,150669409,2112
HO15024,chr6,150865272,150867280,2008
HO15025,chr6,151239553,151241612,2059
HO15026,chr6,151389412,151391997,2585
HO15027,chr6,151451552,151453343,1791
HO15028,chr6,151493375,151495048,1673
HO15029,chr6,151763199,151764603,1404
HO15030,chr6,151806881,151808704,1823
HO15031,chr6,152301273,152302557,1284
HO15032,chr6,152635755,152637456,1701
HO15033,chr6,152720805,152721838,1033
HO15034,chr6,152982283,152984393,2110
HO15035,chr6,153001947,153003631,1684
HO15036,chr6,153129762,153131886,2124
HO15037,chr6,154509345,154511424,2079
HO15038,chr6,154732655,154734504,1849
HO15039,chr6,154994888,154996212,1324
HO15040,chr6,155313622,155315268,1646
HO15041,chr6,156686114,156688258,2144
HO15042,chr6,156776838,156779986,3148
HO15043,chr6,157020517,157022436,1919
HO15044,chr6,157235366,157237025,1659
HO15045,chr6,157274211,157275432,1221
HO15046,chr6,157322877,157324447,1570
HO15047,chr6,157379710,157382376,2666
HO15048,chr6,157822292,157824416,2124
HO15049,chr6,157980787,157982506,1719
HO15050,chr6,158167194,158168891,1697
HO15051,chr6,158231378,158233626,2248
HO15052,chr6,158535869,158537733,1864
HO15053,chr6,158559592,158561236,1644
HO15054,chr6,158643894,158645201,1307
HO15055,chr6,158817875,158819734,1859
HO15056,chr6,158852645,158854125,1480
HO15057,chr6,158868986,158870328,1342
HO15058,chr6,158998937,159000638,1701
HO15059,chr6,159168515,159170362,1847
HO15060,chr6,159692312,159694023,1711
HO15061,chr6,159726422,159728164,1742
HO15062,chr6,159761259,159762984,1725
HO15063,chr6,159777294,159778886,1592
HO15064,chr6,159788771,159790982,2211
HO15065,chr6,159968398,159970222,1824
HO15066,chr6,160029591,160031050,1459
HO15067,chr6,160347750,160349181,1431
HO15068,chr6,160519689,160520957,1268
HO15069,chr6,160766608,160767860,1252
HO15070,chr6,160930459,160931936,1477
HO15071,chr6,160991015,160993049,2034
HO15072,chr6,161273061,161274626,1565
HO15073,chr6,162727053,162728530,1477
HO15074,chr6,163413079,163415828,2749
HO15075,chr6,163965326,163966396,1070
HO15076,chr6,165308668,165309822,1154
HO15077,chr6,165660321,165663675,3354
HO15078,chr6,165986687,165989168,2481
HO15079,chr6,166005276,166006519,1243
HO15080,chr6,166008343,166009328,985
HO15081,chr6,166306974,166308797,1823
HO15082,chr6,166341933,166343356,1423
HO15083,chr6,166381766,166384016,2250
HO15084,chr6,166626292,166628384,2092
HO15085,chr6,166861882,166863242,1360
HO15086,chr6,166955590,166957633,2043
HO15087,chr6,166997593,166999946,2353
HO15088,chr6,167350055,167351696,1641
HO15089,chr6,167678024,167679074,1050
HO15090,chr6,167825046,167828127,3081
HO15091,chr6,168156906,168158564,1658
HO15092,chr6,168318664,168320176,1512
HO15093,chr6,168376915,168378226,1311
HO15094,chr6,168440117,168442536,2419
HO15095,chr6,169653645,169655369,1724
HO15096,chr6,169701299,169702915,1616
HO15097,chr6,169722591,169725993,3402
HO15098,chr6,169751013,169752472,1459
HO15099,chr6,169789601,169791019,1418
HO15100,chr6,169961284,169962516,1232
HO15101,chr6,170066879,170067713,834
HO15102,chr6,170129527,170131730,2203
HO15103,chr6,170279432,170280935,1503
HO15104,chr6,170286061,170287263,1202
HO15105,chr6,170295355,170297940,2585
HO15106,chr6,170305772,170307219,1447
HO15107,chr6,170438071,170439169,1098
HO15108,chr6,170552664,170554754,2090
HO15109,chr6,170583837,170585230,1393
HO15110,chr7,148870,150239,1369
HO15111,chr7,191457,195064,3607
HO15112,chr7,518783,520895,2112
HO15113,chr7,521491,522805,1314
HO15114,chr7,665011,666447,1436
HO15115,chr7,711182,712964,1782
HO15116,chr7,726119,727671,1552
HO15117,chr7,767650,769581,1931
HO15118,chr7,815414,817573,2159
HO15119,chr7,875856,878221,2365
HO15120,chr7,953341,954954,1613
HO15121,chr7,974708,975978,1270
HO15122,chr7,985853,986749,896
HO15123,chr7,992767,993634,867
HO15124,chr7,1027242,1029156,1914
HO15125,chr7,1043514,1045047,1533
HO15126,chr7,1054402,1055609,1207
HO15127,chr7,1059279,1060975,1696
HO15128,chr7,1137586,1138724,1138
HO15129,chr7,1159787,1160967,1180
HO15130,chr7,1169507,1170340,833
HO15131,chr7,1289281,1291293,2012
HO15132,chr7,1412334,1413218,884
HO15133,chr7,1458742,1460217,1475
HO15134,chr7,1503873,1504824,951
HO15135,chr7,1530316,1531989,1673
HO15136,chr7,1532291,1533286,995
HO15137,chr7,1536717,1538610,1893
HO15138,chr7,1555034,1556579,1545
HO15139,chr7,1569402,1570780,1378
HO15140,chr7,1669671,1670755,1084
HO15141,chr7,1693268,1694894,1626
HO15142,chr7,1713041,1714691,1650
HO15143,chr7,1842245,1843971,1726
HO15144,chr7,2103579,2105203,1624
HO15145,chr7,2118400,2119217,817
HO15146,chr7,2232010,2233430,1420
HO15147,chr7,2241553,2243136,1583
HO15148,chr7,2313750,2314887,1137
HO15149,chr7,2353582,2355657,2075
HO15150,chr7,2402960,2404569,1609
HO15151,chr7,2518684,2520048,1364
HO15152,chr7,2522846,2524426,1580
HO15153,chr7,2554815,2556031,1216
HO15154,chr7,2558125,2559744,1619
HO15155,chr7,2631234,2634157,2923
HO15156,chr7,2687271,2689531,2260
HO15157,chr7,2843583,2844825,1242
HO15158,chr7,2928365,2929639,1274
HO15159,chr7,3193824,3195316,1492
HO15160,chr7,3300099,3302591,2492
HO15161,chr7,4143944,4145502,1558
HO15162,chr7,4159050,4160405,1355
HO15163,chr7,4641198,4642488,1290
HO15164,chr7,4681722,4684497,2775
HO15165,chr7,4744363,4745557,1194
HO15166,chr7,4774717,4776309,1592
HO15167,chr7,4791838,4792978,1140
HO15168,chr7,4881932,4884070,2138
HO15169,chr7,4973678,4974947,1269
HO15170,chr7,5045207,5046696,1489
HO15171,chr7,5189643,5190937,1294
HO15172,chr7,5239910,5241570,1660
HO15173,chr7,5282118,5283969,1851
HO15174,chr7,5417438,5419404,1966
HO15175,chr7,5423408,5424608,1200
HO15176,chr7,5425563,5426133,570
HO15177,chr7,5426487,5427138,651
HO15178,chr7,5428839,5430074,1235
HO15179,chr7,5450491,5451269,778
HO15180,chr7,5477591,5479528,1937
HO15181,chr7,5486480,5487276,796
HO15182,chr7,5512916,5514439,1523
HO15183,chr7,5529399,5531395,1996
HO15184,chr7,5554703,5557021,2318
HO15185,chr7,5558672,5559204,532
HO15186,chr7,5561884,5563883,1999
HO15187,chr7,5569169,5570860,1691
HO15188,chr7,5591190,5593610,2420
HO15189,chr7,5593854,5595240,1386
HO15190,chr7,5595668,5596387,719
HO15191,chr7,5598645,5599395,750
HO15192,chr7,5606742,5608689,1947
HO15193,chr7,5699322,5700333,1011
HO15194,chr7,5780503,5781906,1403
HO15195,chr7,5822437,5823627,1190
HO15196,chr7,6008572,6009716,1144
HO15197,chr7,6058289,6059442,1153
HO15198,chr7,6080374,6081842,1468
HO15199,chr7,6103917,6105718,1801
HO15200,chr7,6171565,6173295,1730
HO15201,chr7,6270615,6273648,3033
HO15202,chr7,6348114,6349262,1148
HO15203,chr7,6373247,6375108,1861
HO15204,chr7,6446891,6448686,1795
HO15205,chr7,6482842,6484670,1828
HO15206,chr7,6503238,6504801,1563
HO15207,chr7,6516323,6516916,593
HO15208,chr7,6526117,6527112,995
HO15209,chr7,6530737,6531506,769
HO15210,chr7,6576670,6577914,1244
HO15211,chr7,6589291,6590838,1547
HO15212,chr7,6614821,6616476,1655
HO15213,chr7,6636482,6638124,1642
HO15214,chr7,6663645,6664790,1145
HO15215,chr7,6705862,6707372,1510
HO15216,chr7,6728999,6730609,1610
HO15217,chr7,7181594,7183451,1857
HO15218,chr7,7566154,7567854,1700
HO15219,chr7,7639609,7641495,1886
HO15220,chr7,7968053,7970560,2507
HO15221,chr7,8261168,8262735,1567
HO15222,chr7,8433166,8434751,1585
HO15223,chr7,8442251,8443321,1070
HO15224,chr7,10707015,10708048,1033
HO15225,chr7,10939370,10940844,1474
HO15226,chr7,10972842,10974820,1978
HO15227,chr7,11830651,11832526,1875
HO15228,chr7,12210240,12211859,1619
HO15229,chr7,12403014,12404552,1538
HO15230,chr7,12686291,12687792,1501
HO15231,chr7,13988852,13991792,2940
HO15232,chr7,14902109,14903767,1658
HO15233,chr7,15685008,15687951,2943
HO15234,chr7,16420069,16421987,1918
HO15235,chr7,16644516,16646902,2386
HO15236,chr7,16753287,16755375,2088
HO15237,chr7,17298119,17299995,1876
HO15238,chr7,17939009,17941152,2143
HO15239,chr7,18085987,18087533,1546
HO15240,chr7,19106085,19108733,2648
HO15241,chr7,19115869,19118584,2715
HO15242,chr7,19708259,19709360,1101
HO15243,chr7,19772363,19773824,1461
HO15244,chr7,20329382,20331916,2534
HO15245,chr7,20777618,20778690,1072
HO15246,chr7,20783566,20785803,2237
HO15247,chr7,20797242,20799121,1879
HO15248,chr7,21426666,21428638,1972
HO15249,chr7,21542499,21544216,1717
HO15250,chr7,21944618,21946393,1775
HO15251,chr7,22082487,22083766,1279
HO15252,chr7,22356086,22358025,1939
HO15253,chr7,22499643,22500430,787
HO15254,chr7,22549262,22550571,1309
HO15255,chr7,22821343,22823136,1793
HO15256,chr7,22853593,22855129,1536
HO15257,chr7,23012849,23014452,1603
HO15258,chr7,23105172,23107275,2103
HO15259,chr7,23181185,23182516,1331
HO15260,chr7,23205461,23206847,1386
HO15261,chr7,23298100,23299938,1838
HO15262,chr7,23468335,23470032,1697
HO15263,chr7,23470256,23471491,1235
HO15264,chr7,23473486,23475025,1539
HO15265,chr7,23531006,23532392,1386
HO15266,chr7,23596973,23598165,1192
HO15267,chr7,23679705,23681305,1600
HO15268,chr7,23723520,23724622,1102
HO15269,chr7,24283417,24285502,2085
HO15270,chr7,24572391,24574662,2271
HO15271,chr7,24740730,24742426,1696
HO15272,chr7,24756034,24758040,2006
HO15273,chr7,24979153,24981004,1851
HO15274,chr7,25124468,25125922,1454
HO15275,chr7,25179469,25180783,1314
HO15276,chr7,25854601,25855357,756
HO15277,chr7,25856558,25857781,1223
HO15278,chr7,25862029,25862928,899
HO15279,chr7,25950288,25952052,1764
HO15280,chr7,26151755,26153232,1477
HO15281,chr7,26187341,26189523,2182
HO15282,chr7,26199733,26202459,2726
HO15283,chr7,26291377,26292427,1050
HO15284,chr7,26375721,26377409,1688
HO15285,chr7,26397265,26399536,2271
HO15286,chr7,26863529,26865203,1674
HO15287,chr7,27095442,27097278,1836
HO15288,chr7,27129717,27131383,1666
HO15289,chr7,27142391,27144088,1697
HO15290,chr7,27150290,27151443,1153
HO15291,chr7,27155878,27157131,1253
HO15292,chr7,27160261,27161692,1431
HO15293,chr7,27165105,27166690,1585
HO15294,chr7,27172743,27174691,1948
HO15295,chr7,27198920,27200609,1689
HO15296,chr7,27235139,27236078,939
HO15297,chr7,27661800,27663317,1517
HO15298,chr7,27739284,27741018,1734
HO15299,chr7,27744859,27745433,574
HO15300,chr7,28178997,28181073,2076
HO15301,chr7,28408392,28411482,3090
HO15302,chr7,28853622,28854755,1133
HO15303,chr7,28955395,28958865,3470
HO15304,chr7,29145752,29147462,1710
HO15305,chr7,29189594,29190526,932
HO15306,chr7,29193832,29195575,1743
HO15307,chr7,29452252,29453751,1499
HO15308,chr7,29562908,29565379,2471
HO15309,chr7,29684285,29686197,1912
HO15310,chr7,29805841,29807954,2113
HO15311,chr7,29987714,29990230,2516
HO15312,chr7,30026217,30027351,1134
HO15313,chr7,30027862,30029253,1391
HO15314,chr7,30134185,30136654,2469
HO15315,chr7,30283802,30286156,2354
HO15316,chr7,30469088,30471436,2348
HO15317,chr7,30477758,30479155,1397
HO15318,chr7,30504117,30505389,1272
HO15319,chr7,30593733,30595780,2047
HO15320,chr7,30681318,30682964,1646
HO15321,chr7,30770928,30772359,1431
HO15322,chr7,31051783,31053267,1484
HO15323,chr7,32070075,32071515,1440
HO15324,chr7,32489550,32491115,1565
HO15325,chr7,32494795,32496325,1530
HO15326,chr7,32727320,32729154,1834
HO15327,chr7,32761313,32763409,2096
HO15328,chr7,32890473,32893042,2569
HO15329,chr7,32941522,32943424,1902
HO15330,chr7,32956790,32958337,1547
HO15331,chr7,32997863,32999870,2007
HO15332,chr7,33062037,33063500,1463
HO15333,chr7,33108508,33109971,1463
HO15334,chr7,33128767,33130241,1474
HO15335,chr7,33903773,33905891,2118
HO15336,chr7,35036374,35038205,1831
HO15337,chr7,35185573,35187119,1546
HO15338,chr7,35253392,35254607,1215
HO15339,chr7,35694073,35695573,1500
HO15340,chr7,35800039,35802186,2147
HO15341,chr7,36152239,36153924,1685
HO15342,chr7,36366326,36367655,1329
HO15343,chr7,36388914,36390609,1695
HO15344,chr7,37447260,37449402,2142
HO15345,chr7,37920345,37921646,1301
HO15346,chr7,38177669,38178935,1266
HO15347,chr7,38630605,38631719,1114
HO15348,chr7,38908450,38909474,1024
HO15349,chr7,39413763,39414939,1176
HO15350,chr7,39565653,39566936,1283
HO15351,chr7,39622749,39624726,1977
HO15352,chr7,39732590,39734349,1759
HO15353,chr7,39948947,39951900,2953
HO15354,chr7,40133764,40135452,1688
HO15355,chr7,41704808,41705962,1154
HO15356,chr7,41942357,41943609,1252
HO15357,chr7,41954771,41956945,2174
HO15358,chr7,42235925,42238604,2679
HO15359,chr7,42492962,42494135,1173
HO15360,chr7,42887578,42889419,1841
HO15361,chr7,42911151,42912367,1216
HO15362,chr7,42931542,42933548,2006
HO15363,chr7,42972476,42973733,1257
HO15364,chr7,43112286,43114053,1767
HO15365,chr7,43582490,43584610,2120
HO15366,chr7,43728775,43730070,1295
HO15367,chr7,43734423,43735253,830
HO15368,chr7,43758033,43759304,1271
HO15369,chr7,43838499,43839228,729
HO15370,chr7,43868230,43870117,1887
HO15371,chr7,43905886,43907059,1173
HO15372,chr7,43925780,43927095,1315
HO15373,chr7,44018633,44019654,1021
HO15374,chr7,44043991,44045367,1376
HO15375,chr7,44064633,44066154,1521
HO15376,chr7,44082029,44083089,1060
HO15377,chr7,44103789,44105786,1997
HO15378,chr7,44123131,44124443,1312
HO15379,chr7,44145321,44146853,1532
HO15380,chr7,44200582,44201530,948
HO15381,chr7,44308816,44310127,1311
HO15382,chr7,44324606,44326247,1641
HO15383,chr7,44489750,44491133,1383
HO15384,chr7,44573380,44574515,1135
HO15385,chr7,44581456,44582945,1489
HO15386,chr7,44605864,44607519,1655
HO15387,chr7,44747852,44749657,1805
HO15388,chr7,44795586,44797676,2090
HO15389,chr7,44846988,44848778,1790
HO15390,chr7,44884233,44886177,1944
HO15391,chr7,44962179,44963395,1216
HO15392,chr7,44985914,44987091,1177
HO15393,chr7,44999067,45000788,1721
HO15394,chr7,45088039,45089906,1867
HO15395,chr7,45110922,45112310,1388
HO15396,chr7,45573276,45575242,1966
HO15397,chr7,45768306,45769459,1153
HO15398,chr7,45888153,45889823,1670
HO15399,chr7,45920365,45921686,1321
HO15400,chr7,46953606,46954907,1301
HO15401,chr7,47253449,47254770,1321
HO15402,chr7,47326763,47328685,1922
HO15403,chr7,47371140,47372586,1446
HO15404,chr7,47391448,47392867,1419
HO15405,chr7,47536327,47537646,1319
HO15406,chr7,47570425,47572194,1769
HO15407,chr7,47580878,47582722,1844
HO15408,chr7,47582916,47583966,1050
HO15409,chr7,47978622,47980123,1501
HO15410,chr7,48035082,48036460,1378
HO15411,chr7,48088299,48089904,1605
HO15412,chr7,49773004,49776077,3073
HO15413,chr7,50303385,50305163,1778
HO15414,chr7,50449484,50451069,1585
HO15415,chr7,50781996,50783256,1260
HO15416,chr7,50791874,50794013,2139
HO15417,chr7,51315395,51317466,2071
HO15418,chr7,54663862,54665527,1665
HO15419,chr7,54758334,54759938,1604
HO15420,chr7,55018260,55020713,2453
HO15421,chr7,55254429,55255978,1549
HO15422,chr7,55365074,55367051,1977
HO15423,chr7,55571444,55573177,1733
HO15424,chr7,55886754,55888111,1357
HO15425,chr7,55951313,55952417,1104
HO15426,chr7,55964026,55965294,1268
HO15427,chr7,56033618,56034707,1089
HO15428,chr7,56050914,56052340,1426
HO15429,chr7,56063675,56065376,1701
HO15430,chr7,56105421,56106811,1390
HO15431,chr7,64306414,64308132,1718
HO15432,chr7,64313399,64315056,1657
HO15433,chr7,64562350,64563378,1028
HO15434,chr7,64569142,64570518,1376
HO15435,chr7,64665607,64666688,1081
HO15436,chr7,64793894,64795132,1238
HO15437,chr7,64902511,64903824,1313
HO15438,chr7,65005960,65007284,1324
HO15439,chr7,65037547,65039162,1615
HO15440,chr7,65080670,65081553,883
HO15441,chr7,65239221,65240358,1137
HO15442,chr7,65251460,65252839,1379
HO15443,chr7,65268743,65270085,1342
HO15444,chr7,65373290,65374355,1065
HO15445,chr7,65750176,65751946,1770
HO15446,chr7,65770199,65771243,1044
HO15447,chr7,65872455,65874086,1631
HO15448,chr7,65981547,65982727,1180
HO15449,chr7,66043435,66044745,1310
HO15450,chr7,66075224,66076562,1338
HO15451,chr7,66099032,66100635,1603
HO15452,chr7,66114242,66115651,1409
HO15453,chr7,66204515,66206656,2141
HO15454,chr7,66412924,66414133,1209
HO15455,chr7,66492967,66494211,1244
HO15456,chr7,66591158,66592608,1450
HO15457,chr7,66627823,66629613,1790
HO15458,chr7,66653803,66655434,1631
HO15459,chr7,66681451,66683026,1575
HO15460,chr7,66739991,66741964,1973
HO15461,chr7,66844134,66845591,1457
HO15462,chr7,66920632,66922341,1709
HO15463,chr7,66994510,66995898,1388
HO15464,chr7,66996169,66997154,985
HO15465,chr7,67301866,67303348,1482
HO15466,chr7,69597048,69600383,3335
HO15467,chr7,70582657,70584946,2289
HO15468,chr7,70595429,70596690,1261
HO15469,chr7,70693341,70695711,2370
HO15470,chr7,71131130,71133210,2080
HO15471,chr7,72335753,72337787,2034
HO15472,chr7,72827763,72828826,1063
HO15473,chr7,72828986,72830347,1361
HO15474,chr7,72878848,72880246,1398
HO15475,chr7,72924379,72925812,1433
HO15476,chr7,73005398,73006302,904
HO15477,chr7,73433354,73434631,1277
HO15478,chr7,73521160,73522909,1749
HO15479,chr7,73556592,73558094,1502
HO15480,chr7,73577623,73579306,1683
HO15481,chr7,73622623,73624755,2132
HO15482,chr7,73667330,73669153,1823
HO15483,chr7,73682433,73684231,1798
HO15484,chr7,73718971,73719984,1013
HO15485,chr7,73738044,73739485,1441
HO15486,chr7,73742374,73743572,1198
HO15487,chr7,73768773,73770982,2209
HO15488,chr7,73841869,73842903,1034
HO15489,chr7,74026607,74028572,1965
HO15490,chr7,74082947,74084744,1797
HO15491,chr7,74093558,74095204,1646
HO15492,chr7,74173200,74175153,1953
HO15493,chr7,74253672,74255049,1377
HO15494,chr7,74279328,74280903,1575
HO15495,chr7,74288807,74290677,1870
HO15496,chr7,74371123,74373133,2010
HO15497,chr7,74452761,74455192,2431
HO15498,chr7,74479995,74481488,1493
HO15499,chr7,74656443,74658947,2504
HO15500,chr7,75072837,75074166,1329
HO15501,chr7,75485372,75486637,1265
HO15502,chr7,75527096,75528515,1419
HO15503,chr7,75638315,75640107,1792
HO15504,chr7,75737989,75739917,1928
HO15505,chr7,75878359,75880224,1865
HO15506,chr7,75914230,75916134,1904
HO15507,chr7,75993448,75995204,1756
HO15508,chr7,76047294,76048921,1627
HO15509,chr7,76166080,76167161,1081
HO15510,chr7,76177837,76178657,820
HO15511,chr7,76201299,76202170,871
HO15512,chr7,76259779,76260886,1107
HO15513,chr7,76281107,76283138,2031
HO15514,chr7,76291234,76292504,1270
HO15515,chr7,76294283,76295179,896
HO15516,chr7,76302021,76304081,2060
HO15517,chr7,76304197,76305283,1086
HO15518,chr7,76314006,76314615,609
HO15519,chr7,76317027,76319130,2103
HO15520,chr7,76357700,76359961,2261
HO15521,chr7,76379344,76380615,1271
HO15522,chr7,76392660,76393964,1304
HO15523,chr7,76423129,76424336,1207
HO15524,chr7,76548783,76550073,1290
HO15525,chr7,77121792,77122824,1032
HO15526,chr7,77415268,77416892,1624
HO15527,chr7,77536324,77538905,2581
HO15528,chr7,77695692,77697681,1989
HO15529,chr7,77797768,77799787,2019
HO15530,chr7,78018950,78020849,1899
HO15531,chr7,79451763,79454818,3055
HO15532,chr7,80134272,80136143,1871
HO15533,chr7,80918144,80919514,1370
HO15534,chr7,82442638,82444876,2238
HO15535,chr7,83161896,83163276,1380
HO15536,chr7,84194272,84195646,1374
HO15537,chr7,85184846,85187307,2461
HO15538,chr7,86643373,86645068,1695
HO15539,chr7,87058732,87060219,1487
HO15540,chr7,87151533,87153368,1835
HO15541,chr7,87218867,87221131,2264
HO15542,chr7,87344833,87346165,1332
HO15543,chr7,87600072,87601082,1010
HO15544,chr7,87627489,87629294,1805
HO15545,chr7,87875645,87877221,1576
HO15546,chr7,87933572,87935251,1679
HO15547,chr7,88218653,88220760,2107
HO15548,chr7,88758355,88760298,1943
HO15549,chr7,90118307,90119957,1650
HO15550,chr7,90154005,90154849,844
HO15551,chr7,90210945,90212550,1605
HO15552,chr7,90244378,90245897,1519
HO15553,chr7,90345564,90347066,1502
HO15554,chr7,90402918,90404373,1455
HO15555,chr7,90595443,90597616,2173
HO15556,chr7,91263413,91265905,2492
HO15557,chr7,91880004,91881229,1225
HO15558,chr7,91939855,91941834,1979
HO15559,chr7,92133292,92135903,2611
HO15560,chr7,92177176,92177835,659
HO15561,chr7,92178724,92179907,1183
HO15562,chr7,92244923,92247019,2096
HO15563,chr7,92446901,92448626,1725
HO15564,chr7,92527445,92529085,1640
HO15565,chr7,92589545,92590712,1167
HO15566,chr7,92695243,92696270,1027
HO15567,chr7,92832765,92834563,1798
HO15568,chr7,92834721,92837202,2481
HO15569,chr7,92916448,92917450,1002
HO15570,chr7,93231637,93232882,1245
HO15571,chr7,93574173,93575764,1591
HO15572,chr7,93889807,93891067,1260
HO15573,chr7,93920931,93922449,1518
HO15574,chr7,94003498,94005042,1544
HO15575,chr7,94275692,94277608,1916
HO15576,chr7,94300968,94302278,1310
HO15577,chr7,94393176,94396481,3305
HO15578,chr7,94509223,94510951,1728
HO15579,chr7,94655011,94656572,1561
HO15580,chr7,94656959,94658683,1724
HO15581,chr7,94907103,94909111,2008
HO15582,chr7,95433930,95435612,1682
HO15583,chr7,95595563,95597409,1846
HO15584,chr7,95772114,95773607,1493
HO15585,chr7,96075203,96076445,1242
HO15586,chr7,96320989,96322477,1488
HO15587,chr7,96709063,96710244,1181
HO15588,chr7,97005132,97006980,1848
HO15589,chr7,97016068,97017311,1243
HO15590,chr7,97117023,97118197,1174
HO15591,chr7,97732644,97734055,1411
HO15592,chr7,97871468,97872761,1293
HO15593,chr7,97971366,97972664,1298
HO15594,chr7,98106253,98107668,1415
HO15595,chr7,98251305,98252820,1515
HO15596,chr7,98280693,98282421,1728
HO15597,chr7,98400041,98401493,1452
HO15598,chr7,98616409,98617804,1395
HO15599,chr7,98801842,98802613,771
HO15600,chr7,98869346,98870692,1346
HO15601,chr7,98877620,98880164,2544
HO15602,chr7,99141826,99144533,2707
HO15603,chr7,99325094,99326392,1298
HO15604,chr7,99373919,99375718,1799
HO15605,chr7,99392385,99393765,1380
HO15606,chr7,99407820,99409746,1926
HO15607,chr7,99438299,99439648,1349
HO15608,chr7,99465419,99466590,1171
HO15609,chr7,99471626,99473582,1956
HO15610,chr7,99499390,99500570,1180
HO15611,chr7,99504207,99505465,1258
HO15612,chr7,99551151,99552398,1247
HO15613,chr7,99557859,99559514,1655
HO15614,chr7,99579781,99580896,1115
HO15615,chr7,99616244,99617355,1111
HO15616,chr7,99832804,99834033,1229
HO15617,chr7,99918724,99919894,1170
HO15618,chr7,100015152,100016835,1683
HO15619,chr7,100049258,100050375,1117
HO15620,chr7,100080984,100083061,2077
HO15621,chr7,100088206,100089468,1262
HO15622,chr7,100100258,100102150,1892
HO15623,chr7,100118858,100120512,1654
HO15624,chr7,100126399,100128309,1910
HO15625,chr7,100148019,100149590,1571
HO15626,chr7,100156755,100159207,2452
HO15627,chr7,100176691,100178092,1401
HO15628,chr7,100270550,100272619,2069
HO15629,chr7,100335452,100336492,1040
HO15630,chr7,100427877,100430577,2700
HO15631,chr7,100435394,100436926,1532
HO15632,chr7,100450047,100451068,1021
HO15633,chr7,100478150,100479640,1490
HO15634,chr7,100483068,100484609,1541
HO15635,chr7,100489645,100490376,731
HO15636,chr7,100538349,100539917,1568
HO15637,chr7,100569334,100570577,1243
HO15638,chr7,100582994,100584272,1278
HO15639,chr7,100584320,100586960,2640
HO15640,chr7,100603644,100605186,1542
HO15641,chr7,100611550,100613338,1788
HO15642,chr7,100626194,100627153,959
HO15643,chr7,100632773,100634159,1386
HO15644,chr7,100673010,100676353,3343
HO15645,chr7,100691354,100692062,708
HO15646,chr7,100693111,100694677,1566
HO15647,chr7,100705108,100706645,1537
HO15648,chr7,100801389,100802580,1191
HO15649,chr7,100826593,100828161,1568
HO15650,chr7,100835641,100837692,2051
HO15651,chr7,100851856,100853613,1757
HO15652,chr7,100866589,100868357,1768
HO15653,chr7,100874300,100875719,1419
HO15654,chr7,100889069,100891254,2185
HO15655,chr7,100895552,100897481,1929
HO15656,chr7,100965588,100966984,1396
HO15657,chr7,101016624,101017770,1146
HO15658,chr7,101084795,101086088,1293
HO15659,chr7,101153805,101155193,1388
HO15660,chr7,101162512,101164006,1494
HO15661,chr7,101172038,101172911,873
HO15662,chr7,101216531,101218620,2089
HO15663,chr7,101243884,101245343,1459
HO15664,chr7,101251659,101252718,1059
HO15665,chr7,101321117,101322846,1729
HO15666,chr7,101362328,101364240,1912
HO15667,chr7,101743038,101744035,997
HO15668,chr7,101814030,101814501,471
HO15669,chr7,101814807,101817859,3052
HO15670,chr7,102285942,102288125,2183
HO15671,chr7,102363313,102364648,1335
HO15672,chr7,102395534,102397128,1594
HO15673,chr7,102432741,102434365,1624
HO15674,chr7,102464045,102465649,1604
HO15675,chr7,102748275,102749397,1122
HO15676,chr7,103074030,103075874,1844
HO15677,chr7,103148281,103149778,1497
HO15678,chr7,103161865,103163239,1374
HO15679,chr7,103279542,103281176,1634
HO15680,chr7,103296931,103297910,979
HO15681,chr7,103343838,103344979,1141
HO15682,chr7,103347295,103348203,908
HO15683,chr7,103988567,103990683,2116
HO15684,chr7,104206931,104208586,1655
HO15685,chr7,104944762,104945575,813
HO15686,chr7,104983210,104984892,1682
HO15687,chr7,105012346,105014525,2179
HO15688,chr7,105387631,105389585,1954
HO15689,chr7,105521117,105522780,1663
HO15690,chr7,105531451,105532846,1395
HO15691,chr7,105580893,105581779,886
HO15692,chr7,105875977,105877580,1603
HO15693,chr7,106009235,106010677,1442
HO15694,chr7,106111136,106112820,1684
HO15695,chr7,106283858,106285984,2126
HO15696,chr7,106659734,106661616,1882
HO15697,chr7,107044006,107045667,1661
HO15698,chr7,107167668,107170125,2457
HO15699,chr7,107563158,107564535,1377
HO15700,chr7,107579599,107580749,1150
HO15701,chr7,107660561,107662214,1653
HO15702,chr7,107742895,107744608,1713
HO15703,chr7,107890493,107891895,1402
HO15704,chr7,108001231,108003713,2482
HO15705,chr7,108454566,108456791,2225
HO15706,chr7,108525262,108526781,1519
HO15707,chr7,108568980,108570740,1760
HO15708,chr7,111560811,111562747,1936
HO15709,chr7,111734623,111736892,2269
HO15710,chr7,112135863,112137532,1669
HO15711,chr7,112204914,112207290,2376
HO15712,chr7,112449847,112451564,1717
HO15713,chr7,112789438,112790865,1427
HO15714,chr7,112938707,112940653,1946
HO15715,chr7,113085632,113087966,2334
HO15716,chr7,113117883,113118986,1103
HO15717,chr7,114084365,114087725,3360
HO15718,chr7,114921622,114923552,1930
HO15719,chr7,115475875,115477779,1904
HO15720,chr7,116210100,116211638,1538
HO15721,chr7,116353662,116355622,1960
HO15722,chr7,116499037,116500843,1806
HO15723,chr7,116524469,116526722,2253
HO15724,chr7,116671526,116673265,1739
HO15725,chr7,116862034,116863506,1472
HO15726,chr7,116952753,116954608,1855
HO15727,chr7,117019720,117020911,1191
HO15728,chr7,117322663,117324927,2264
HO15729,chr7,117871862,117873976,2114
HO15730,chr7,118183223,118184802,1579
HO15731,chr7,118213902,118214888,986
HO15732,chr7,120272161,120274126,1965
HO15733,chr7,120856086,120858546,2460
HO15734,chr7,120949914,120951445,1531
HO15735,chr7,120987484,120989371,1887
HO15736,chr7,121328656,121330798,2142
HO15737,chr7,121395419,121396668,1249
HO15738,chr7,121872381,121874316,1935
HO15739,chr7,122142971,122144725,1754
HO15740,chr7,122688003,122689013,1010
HO15741,chr7,122885521,122887586,2065
HO15742,chr7,123534049,123535342,1293
HO15743,chr7,123556958,123558361,1403
HO15744,chr7,123747588,123749743,2155
HO15745,chr7,124031886,124033876,1990
HO15746,chr7,124764007,124766574,2567
HO15747,chr7,124929270,124930310,1040
HO15748,chr7,127251211,127254219,3008
HO15749,chr7,127347467,127348282,815
HO15750,chr7,127391445,127393939,2494
HO15751,chr7,127585088,127585821,733
HO15752,chr7,127587682,127589172,1490
HO15753,chr7,127651077,127652606,1529
HO15754,chr7,128030778,128032935,2157
HO15755,chr7,128134494,128136631,2137
HO15756,chr7,128166383,128169013,2630
HO15757,chr7,128200835,128202327,1492
HO15758,chr7,128208328,128210110,1782
HO15759,chr7,128270808,128272499,1691
HO15760,chr7,128343149,128344116,967
HO15761,chr7,128350999,128352540,1541
HO15762,chr7,128360307,128362345,2038
HO15763,chr7,128387191,128388218,1027
HO15764,chr7,128405313,128406285,972
HO15765,chr7,128408866,128410540,1674
HO15766,chr7,128455010,128456296,1286
HO15767,chr7,128476155,128477361,1206
HO15768,chr7,128530208,128532421,2213
HO15769,chr7,128738498,128740019,1521
HO15770,chr7,128790219,128792196,1977
HO15771,chr7,128829827,128830972,1145
HO15772,chr7,128831163,128834201,3038
HO15773,chr7,128862243,128863847,1604
HO15774,chr7,128868789,128870147,1358
HO15775,chr7,128909562,128910848,1286
HO15776,chr7,128937476,128939133,1657
HO15777,chr7,129054112,129055514,1402
HO15778,chr7,129066324,129068123,1799
HO15779,chr7,129144159,129145198,1039
HO15780,chr7,129168199,129170372,2173
HO15781,chr7,129187860,129189742,1882
HO15782,chr7,129224232,129226392,2160
HO15783,chr7,129433608,129435210,1602
HO15784,chr7,129501762,129503497,1735
HO15785,chr7,129610959,129613026,2067
HO15786,chr7,129779431,129780707,1276
HO15787,chr7,129824679,129826144,1465
HO15788,chr7,129829866,129830891,1025
HO15789,chr7,129948807,129949878,1071
HO15790,chr7,129951268,129953188,1920
HO15791,chr7,130050698,130051729,1031
HO15792,chr7,130069816,130071320,1504
HO15793,chr7,130140596,130142569,1973
HO15794,chr7,130204709,130205979,1270
HO15795,chr7,130272455,130274212,1757
HO15796,chr7,130365095,130366467,1372
HO15797,chr7,130372863,130374304,1441
HO15798,chr7,130440383,130441486,1103
HO15799,chr7,130490838,130492558,1720
HO15800,chr7,130667650,130669252,1602
HO15801,chr7,130733193,130735030,1837
HO15802,chr7,131105460,131108367,2907
HO15803,chr7,131327071,131328726,1655
HO15804,chr7,131555664,131557253,1589
HO15805,chr7,131557444,131558357,913
HO15806,chr7,132575291,132577789,2498
HO15807,chr7,133080985,133082549,1564
HO15808,chr7,133139189,133140053,864
HO15809,chr7,133252568,133253765,1197
HO15810,chr7,134126702,134127871,1169
HO15811,chr7,134315985,134317487,1502
HO15812,chr7,134432146,134433248,1102
HO15813,chr7,134458161,134459438,1277
HO15814,chr7,134645869,134647503,1634
HO15815,chr7,134778830,134780771,1941
HO15816,chr7,134891004,134892628,1624
HO15817,chr7,134985987,134987260,1273
HO15818,chr7,135169947,135171142,1195
HO15819,chr7,135210488,135212462,1974
HO15820,chr7,135508868,135511136,2268
HO15821,chr7,135557295,135558814,1519
HO15822,chr7,135661679,135663172,1493
HO15823,chr7,135929274,135931074,1800
HO15824,chr7,135976452,135977857,1405
HO15825,chr7,136032617,136034385,1768
HO15826,chr7,136868372,136871572,3200
HO15827,chr7,137846126,137847735,1609
HO15828,chr7,138000911,138002559,1648
HO15829,chr7,138257254,138258468,1214
HO15830,chr7,138459593,138461410,1817
HO15831,chr7,138890421,138892347,1926
HO15832,chr7,138980444,138982220,1776
HO15833,chr7,139034852,139036585,1733
HO15834,chr7,139107814,139110074,2260
HO15835,chr7,139132917,139134181,1264
HO15836,chr7,139230499,139232483,1984
HO15837,chr7,139339885,139341985,2100
HO15838,chr7,139358686,139360958,2272
HO15839,chr7,139482648,139484168,1520
HO15840,chr7,139775739,139778850,3111
HO15841,chr7,140061804,140063465,1661
HO15842,chr7,140175185,140177860,2675
HO15843,chr7,140229722,140231750,2028
HO15844,chr7,140397509,140398715,1206
HO15845,chr7,140478284,140479718,1434
HO15846,chr7,140541182,140542603,1421
HO15847,chr7,140639347,140641790,2443
HO15848,chr7,140672390,140674173,1783
HO15849,chr7,140696044,140697617,1573
HO15850,chr7,140923510,140925349,1839
HO15851,chr7,141014003,141015450,1447
HO15852,chr7,141072155,141074819,2664
HO15853,chr7,141550466,141551841,1375
HO15854,chr7,141700825,141702609,1784
HO15855,chr7,141737698,141738755,1057
HO15856,chr7,142853884,142856154,2270
HO15857,chr7,143262925,143264151,1226
HO15858,chr7,143287632,143289213,1581
HO15859,chr7,143361576,143363218,1642
HO15860,chr7,143379993,143382112,2119
HO15861,chr7,143881726,143883107,1381
HO15862,chr7,143884826,143885569,743
HO15863,chr7,143901195,143902389,1194
HO15864,chr7,144834787,144836405,1618
HO15865,chr7,146115553,146117079,1526
HO15866,chr7,148338816,148339936,1120
HO15867,chr7,148624632,148626239,1607
HO15868,chr7,148698030,148700268,2238
HO15869,chr7,148882824,148885168,2344
HO15870,chr7,148940381,148942165,1784
HO15871,chr7,148962547,148964742,2195
HO15872,chr7,148982629,148984213,1584
HO15873,chr7,148986919,148988249,1330
HO15874,chr7,149027570,149029215,1645
HO15875,chr7,149064807,149066132,1325
HO15876,chr7,149090072,149091777,1705
HO15877,chr7,149125349,149127912,2563
HO15878,chr7,149146734,149148636,1902
HO15879,chr7,149195024,149197055,2031
HO15880,chr7,149238908,149240354,1446
HO15881,chr7,149261310,149262787,1477
HO15882,chr7,149284674,149285993,1319
HO15883,chr7,149414636,149415846,1210
HO15884,chr7,149421979,149424039,2060
HO15885,chr7,149459349,149461171,1822
HO15886,chr7,149496046,149498202,2156
HO15887,chr7,149623679,149625841,2162
HO15888,chr7,149713933,149715373,1440
HO15889,chr7,149764455,149766150,1695
HO15890,chr7,149771272,149774040,2768
HO15891,chr7,149837814,149839319,1505
HO15892,chr7,149872671,149874373,1702
HO15893,chr7,150322518,150324823,2305
HO15894,chr7,150339825,150342184,2359
HO15895,chr7,150367909,150369833,1924
HO15896,chr7,150378148,150380083,1935
HO15897,chr7,150404593,150406930,2337
HO15898,chr7,150799595,150801963,2368
HO15899,chr7,150876688,150877813,1125
HO15900,chr7,150944966,150946764,1798
HO15901,chr7,150954422,150956481,2059
HO15902,chr7,150971054,150972494,1440
HO15903,chr7,150974465,150975317,852
HO15904,chr7,150977701,150979949,2248
HO15905,chr7,150988329,150989771,1442
HO15906,chr7,151013342,151014466,1124
HO15907,chr7,151017838,151019698,1860
HO15908,chr7,151027181,151028997,1816
HO15909,chr7,151050739,151051532,793
HO15910,chr7,151057558,151058591,1033
HO15911,chr7,151059153,151061583,2430
HO15912,chr7,151062327,151063489,1162
HO15913,chr7,151080062,151081219,1157
HO15914,chr7,151082995,151083800,805
HO15915,chr7,151085625,151086708,1083
HO15916,chr7,151086895,151088070,1175
HO15917,chr7,151114178,151116356,2178
HO15918,chr7,151125423,151126460,1037
HO15919,chr7,151166938,151168558,1620
HO15920,chr7,151226541,151227770,1229
HO15921,chr7,151231993,151233427,1434
HO15922,chr7,151245303,151245896,593
HO15923,chr7,151247950,151249939,1989
HO15924,chr7,151251295,151252591,1296
HO15925,chr7,151275815,151277649,1834
HO15926,chr7,151303115,151304013,898
HO15927,chr7,151340937,151342129,1192
HO15928,chr7,151380840,151382524,1684
HO15929,chr7,151408748,151410962,2214
HO15930,chr7,151448097,151448970,873
HO15931,chr7,151459255,151460795,1540
HO15932,chr7,151518042,151520869,2827
HO15933,chr7,151631245,151633258,2013
HO15934,chr7,151875168,151877782,2614
HO15935,chr7,152025119,152026262,1143
HO15936,chr7,152434523,152437043,2520
HO15937,chr7,152463008,152465082,2074
HO15938,chr7,152674799,152676496,1697
HO15939,chr7,152759163,152760561,1398
HO15940,chr7,152908602,152911221,2619
HO15941,chr7,152924826,152926277,1451
HO15942,chr7,153886068,153888539,2471
HO15943,chr7,154912870,154914440,1570
HO15944,chr7,155002182,155004281,2099
HO15945,chr7,155069731,155070566,835
HO15946,chr7,155253525,155254446,921
HO15947,chr7,155296709,155299336,2627
HO15948,chr7,155456776,155458183,1407
HO15949,chr7,155532844,155534279,1435
HO15950,chr7,155643692,155645337,1645
HO15951,chr7,155744405,155746024,1619
HO15952,chr7,155804675,155805877,1202
HO15953,chr7,156639549,156641244,1695
HO15954,chr7,156891948,156893806,1858
HO15955,chr7,156948678,156950788,2110
HO15956,chr7,157009520,157011273,1753
HO15957,chr7,157138232,157139833,1601
HO15958,chr7,157336133,157338081,1948
HO15959,chr7,157432129,157433294,1165
HO15960,chr7,157568200,157569554,1354
HO15961,chr7,157612678,157614168,1490
HO15962,chr7,157690389,157691443,1054
HO15963,chr7,158587265,158588629,1364
HO15964,chr7,158704297,158705797,1500
HO15965,chr7,158828004,158830440,2436
HO15966,chr7,158855943,158857098,1155
HO15967,chr7,158863025,158864477,1452
HO15968,chr7,159030215,159031565,1350
HO15969,chr7,159143790,159145822,2032
HO15970,chr8,231950,233149,1199
HO15971,chr8,406135,407466,1331
HO15972,chr8,544070,546554,2484
HO15973,chr8,686653,688582,1929
HO15974,chr8,730546,731781,1235
HO15975,chr8,736926,739321,2395
HO15976,chr8,1700866,1702190,1324
HO15977,chr8,1762709,1765086,2377
HO15978,chr8,1823113,1824532,1419
HO15979,chr8,1972731,1975248,2517
HO15980,chr8,2000279,2002467,2188
HO15981,chr8,4994049,4995043,994
HO15982,chr8,6365884,6366995,1111
HO15983,chr8,6405651,6407546,1895
HO15984,chr8,6707694,6709393,1699
HO15985,chr8,6834057,6835869,1812
HO15986,chr8,6840393,6841763,1370
HO15987,chr8,7354662,7355532,870
HO15988,chr8,8227317,8229268,1951
HO15989,chr8,8385289,8387102,1813
HO15990,chr8,8701233,8703227,1994
HO15991,chr8,8892027,8894054,2027
HO15992,chr8,9002273,9003441,1168
HO15993,chr8,9149821,9151832,2011
HO15994,chr8,9555279,9556897,1618
HO15995,chr8,10053880,10055625,1745
HO15996,chr8,10333679,10335261,1582
HO15997,chr8,10729750,10731162,1412
HO15998,chr8,10838883,10840282,1399
HO15999,chr8,11014958,11016860,1902
HO16000,chr8,11199942,11202020,2078
HO16001,chr8,11283762,11285261,1499
HO16002,chr8,11346709,11348540,1831
HO16003,chr8,11466072,11467954,1882
HO16004,chr8,11563687,11564969,1282
HO16005,chr8,11593171,11595741,2570
HO16006,chr8,11624891,11626114,1223
HO16007,chr8,11630919,11633362,2443
HO16008,chr8,11676385,11677633,1248
HO16009,chr8,11682711,11683295,584
HO16010,chr8,11685493,11686210,717
HO16011,chr8,11691962,11693321,1359
HO16012,chr8,11701259,11702704,1445
HO16013,chr8,11702881,11704324,1443
HO16014,chr8,11769134,11770883,1749
HO16015,chr8,11801895,11803428,1533
HO16016,chr8,11807861,11809206,1345
HO16017,chr8,11866829,11868877,2048
HO16018,chr8,11901488,11902893,1405
HO16019,chr8,12014300,12015439,1139
HO16020,chr8,12194016,12195105,1089
HO16021,chr8,12658628,12659683,1055
HO16022,chr8,12664834,12665815,981
HO16023,chr8,12753693,12756165,2472
HO16024,chr8,12951088,12952556,1468
HO16025,chr8,13132201,13133842,1641
HO16026,chr8,13275353,13276980,1627
HO16027,chr8,13565976,13567143,1167
HO16028,chr8,15236689,15237694,1005
HO16029,chr8,15539687,15540904,1217
HO16030,chr8,17000949,17002839,1890
HO16031,chr8,17026510,17028133,1623
HO16032,chr8,17097603,17098354,751
HO16033,chr8,17155579,17157391,1812
HO16034,chr8,17158675,17160129,1454
HO16035,chr8,17246002,17247757,1755
HO16036,chr8,17412708,17413956,1248
HO16037,chr8,17496098,17498943,2845
HO16038,chr8,17575803,17577818,2015
HO16039,chr8,17660992,17662273,1281
HO16040,chr8,17799894,17801886,1992
HO16041,chr8,17849720,17851654,1934
HO16042,chr8,17922276,17924231,1955
HO16043,chr8,18083074,18085115,2041
HO16044,chr8,19013140,19014682,1542
HO16045,chr8,19312509,19314653,2144
HO16046,chr8,19756320,19758048,1728
HO16047,chr8,19816583,19818403,1820
HO16048,chr8,19939008,19940759,1751
HO16049,chr8,20196617,20198130,1513
HO16050,chr8,20287743,20288594,851
HO16051,chr8,20302356,20304246,1890
HO16052,chr8,20589235,20590689,1454
HO16053,chr8,21027616,21029058,1442
HO16054,chr8,21787319,21790655,3336
HO16055,chr8,21918789,21920890,2101
HO16056,chr8,22009647,22011016,1369
HO16057,chr8,22023682,22025555,1873
HO16058,chr8,22043797,22045511,1714
HO16059,chr8,22053277,22054559,1282
HO16060,chr8,22066045,22067270,1225
HO16061,chr8,22088653,22090511,1858
HO16062,chr8,22108675,22110380,1705
HO16063,chr8,22129710,22132164,2454
HO16064,chr8,22140991,22142746,1755
HO16065,chr8,22156110,22157340,1230
HO16066,chr8,22164167,22166087,1920
HO16067,chr8,22244330,22245665,1335
HO16068,chr8,22366737,22368096,1359
HO16069,chr8,22440206,22441792,1586
HO16070,chr8,22550733,22553120,2387
HO16071,chr8,22553625,22555294,1669
HO16072,chr8,22561029,22562609,1580
HO16073,chr8,22565001,22566259,1258
HO16074,chr8,22574120,22574760,640
HO16075,chr8,22578186,22580622,2436
HO16076,chr8,22588708,22589695,987
HO16077,chr8,22595050,22595515,465
HO16078,chr8,22596955,22597828,873
HO16079,chr8,22598123,22600228,2105
HO16080,chr8,22604255,22605383,1128
HO16081,chr8,22668368,22669390,1022
HO16082,chr8,22693063,22693761,698
HO16083,chr8,22694218,22695994,1776
HO16084,chr8,22864499,22866112,1613
HO16085,chr8,22950151,22950964,813
HO16086,chr8,22984969,22986203,1234
HO16087,chr8,22998975,23000391,1416
HO16088,chr8,23018023,23020165,2142
HO16089,chr8,23067547,23069475,1928
HO16090,chr8,23162701,23164253,1552
HO16091,chr8,23223635,23225476,1841
HO16092,chr8,23246112,23247510,1398
HO16093,chr8,23287531,23288813,1282
HO16094,chr8,23335574,23336874,1300
HO16095,chr8,23402878,23404524,1646
HO16096,chr8,23456883,23458176,1293
HO16097,chr8,23527660,23530136,2476
HO16098,chr8,23540463,23542033,1570
HO16099,chr8,23681195,23683401,2206
HO16100,chr8,23714167,23715235,1068
HO16101,chr8,23978812,23980652,1840
HO16102,chr8,24913309,24915298,1989
HO16103,chr8,24954805,24956924,2119
HO16104,chr8,24999869,25001674,1805
HO16105,chr8,25183421,25185869,2448
HO16106,chr8,25282565,25284128,1563
HO16107,chr8,25457204,25459463,2259
HO16108,chr8,26045043,26046361,1318
HO16109,chr8,26290970,26292868,1898
HO16110,chr8,26382571,26384273,1702
HO16111,chr8,26448126,26450370,2244
HO16112,chr8,26513414,26515368,1954
HO16113,chr8,26576788,26579740,2952
HO16114,chr8,26640549,26642381,1832
HO16115,chr8,26865969,26867478,1509
HO16116,chr8,27274158,27275016,858
HO16117,chr8,27310349,27311802,1453
HO16118,chr8,27489725,27491695,1970
HO16119,chr8,27613953,27615093,1140
HO16120,chr8,27633188,27634497,1309
HO16121,chr8,27771896,27772975,1079
HO16122,chr8,27774027,27775160,1133
HO16123,chr8,27836583,27838238,1655
HO16124,chr8,28092346,28093546,1200
HO16125,chr8,28384945,28387078,2133
HO16126,chr8,28400725,28402871,2146
HO16127,chr8,28411350,28412513,1163
HO16128,chr8,28489998,28490916,918
HO16129,chr8,28493535,28495440,1905
HO16130,chr8,28621996,28623590,1594
HO16131,chr8,28700200,28702467,2267
HO16132,chr8,28889211,28891649,2438
HO16133,chr8,29261871,29263645,1774
HO16134,chr8,29314364,29315950,1586
HO16135,chr8,29348122,29349485,1363
HO16136,chr8,29349711,29351314,1603
HO16137,chr8,29529071,29530838,1767
HO16138,chr8,29736701,29738184,1483
HO16139,chr8,30081900,30083510,1610
HO16140,chr8,30094506,30096159,1653
HO16141,chr8,30155586,30157072,1486
HO16142,chr8,30157294,30158158,864
HO16143,chr8,30383602,30385807,2205
HO16144,chr8,30656934,30658694,1760
HO16145,chr8,30726944,30728339,1395
HO16146,chr8,30743324,30744730,1406
HO16147,chr8,30811361,30813083,1722
HO16148,chr8,30911345,30912662,1317
HO16149,chr8,31032212,31034267,2055
HO16150,chr8,31638725,31641259,2534
HO16151,chr8,32219744,32220992,1248
HO16152,chr8,32547545,32549365,1820
HO16153,chr8,33075581,33076686,1105
HO16154,chr8,33471442,33473550,2108
HO16155,chr8,33484304,33485678,1374
HO16156,chr8,33512084,33514907,2823
HO16157,chr8,33564843,33567475,2632
HO16158,chr8,33598740,33600182,1442
HO16159,chr8,35234974,35236677,1703
HO16160,chr8,35906164,35907203,1039
HO16161,chr8,37330469,37332138,1669
HO16162,chr8,37478910,37480159,1249
HO16163,chr8,37516518,37518017,1499
HO16164,chr8,37545135,37547549,2414
HO16165,chr8,37637221,37638732,1511
HO16166,chr8,37674841,37675904,1063
HO16167,chr8,37694380,37697314,2934
HO16168,chr8,37700008,37700608,600
HO16169,chr8,37735786,37737929,2143
HO16170,chr8,37762041,37763882,1841
HO16171,chr8,37796251,37797577,1326
HO16172,chr8,37841080,37842594,1514
HO16173,chr8,37849339,37850332,993
HO16174,chr8,37898668,37899992,1324
HO16175,chr8,37964896,37966793,1897
HO16176,chr8,38029730,38031904,2174
HO16177,chr8,38080978,38082574,1596
HO16178,chr8,38091019,38092806,1787
HO16179,chr8,38104600,38106338,1738
HO16180,chr8,38150561,38151269,708
HO16181,chr8,38153646,38154378,732
HO16182,chr8,38175748,38177951,2203
HO16183,chr8,38230749,38232498,1749
HO16184,chr8,38268074,38269723,1649
HO16185,chr8,38380801,38383268,2467
HO16186,chr8,38385914,38387145,1231
HO16187,chr8,38466062,38468874,2812
HO16188,chr8,38553437,38554747,1310
HO16189,chr8,38573780,38574502,722
HO16190,chr8,38650360,38651403,1043
HO16191,chr8,38734395,38735463,1068
HO16192,chr8,38756593,38758024,1431
HO16193,chr8,38769390,38770696,1306
HO16194,chr8,38786588,38788394,1806
HO16195,chr8,38900241,38902476,2235
HO16196,chr8,38973379,38975042,1663
HO16197,chr8,38995835,38997685,1850
HO16198,chr8,39534696,39536487,1791
HO16199,chr8,39581229,39582352,1123
HO16200,chr8,41307813,41309807,1994
HO16201,chr8,41489770,41491390,1620
HO16202,chr8,41528454,41529960,1506
HO16203,chr8,41542477,41543754,1277
HO16204,chr8,41577440,41578862,1422
HO16205,chr8,41645848,41646801,953
HO16206,chr8,41653198,41654685,1487
HO16207,chr8,41712280,41713420,1140
HO16208,chr8,41766616,41768145,1529
HO16209,chr8,41797027,41798709,1682
HO16210,chr8,41827764,41829146,1382
HO16211,chr8,41895696,41897707,2011
HO16212,chr8,42004879,42006047,1168
HO16213,chr8,42050702,42052855,2153
HO16214,chr8,42139528,42140999,1471
HO16215,chr8,42152045,42153668,1623
HO16216,chr8,42270567,42271977,1410
HO16217,chr8,42337742,42339141,1399
HO16218,chr8,42390986,42392526,1540
HO16219,chr8,42498318,42499484,1166
HO16220,chr8,42540658,42542380,1722
HO16221,chr8,42554190,42555464,1274
HO16222,chr8,42719844,42721321,1477
HO16223,chr8,42842319,42843669,1350
HO16224,chr8,42895786,42898038,2252
HO16225,chr8,43055428,43057243,1815
HO16226,chr8,43092314,43094226,1912
HO16227,chr8,43139105,43141958,2853
HO16228,chr8,47188366,47189489,1123
HO16229,chr8,47260072,47261470,1398
HO16230,chr8,47511947,47513945,1998
HO16231,chr8,47658964,47660621,1657
HO16232,chr8,47736496,47739160,2664
HO16233,chr8,47959566,47961684,2118
HO16234,chr8,48007876,48009247,1371
HO16235,chr8,48318176,48319376,1200
HO16236,chr8,48379548,48381293,1745
HO16237,chr8,48396145,48397505,1360
HO16238,chr8,48513872,48515463,1591
HO16239,chr8,48554571,48557351,2780
HO16240,chr8,48581080,48583702,2622
HO16241,chr8,48648947,48650731,1784
HO16242,chr8,48734616,48735981,1365
HO16243,chr8,48921092,48922143,1051
HO16244,chr8,51897508,51900152,2644
HO16245,chr8,52564099,52566115,2016
HO16246,chr8,52713083,52715059,1976
HO16247,chr8,52939659,52941940,2281
HO16248,chr8,53250473,53251953,1480
HO16249,chr8,53482835,53485028,2193
HO16250,chr8,53644060,53645630,1570
HO16251,chr8,53656941,53658756,1815
HO16252,chr8,53842363,53843624,1261
HO16253,chr8,53879539,53882424,2885
HO16254,chr8,54021206,54022897,1691
HO16255,chr8,54100903,54102392,1489
HO16256,chr8,54134524,54135745,1221
HO16257,chr8,54457662,54460007,2345
HO16258,chr8,55101002,55103217,2215
HO16259,chr8,55772024,55773924,1900
HO16260,chr8,55878792,55880866,2074
HO16261,chr8,56073461,56074983,1522
HO16262,chr8,56210080,56212579,2499
HO16263,chr8,56992594,56994602,2008
HO16264,chr8,57993862,57995666,1804
HO16265,chr8,58410782,58411920,1138
HO16266,chr8,58552484,58554149,1665
HO16267,chr8,58658309,58660222,1913
HO16268,chr8,59117285,59120146,2861
HO16269,chr8,60225459,60226871,1412
HO16270,chr8,60280481,60281820,1339
HO16271,chr8,60516323,60517675,1352
HO16272,chr8,60651165,60652775,1610
HO16273,chr8,60653040,60654057,1017
HO16274,chr8,60678049,60680821,2772
HO16275,chr8,60792366,60793253,887
HO16276,chr8,60908723,60910542,1819
HO16277,chr8,60921771,60923664,1893
HO16278,chr8,61023138,61024186,1048
HO16279,chr8,61077564,61078528,964
HO16280,chr8,61138639,61140127,1488
HO16281,chr8,61713441,61715036,1595
HO16282,chr8,62247454,62250033,2579
HO16283,chr8,63038353,63039660,1307
HO16284,chr8,63085111,63086632,1521
HO16285,chr8,63167765,63169268,1503
HO16286,chr8,64580282,64581932,1650
HO16287,chr8,64798062,64799271,1209
HO16288,chr8,65633454,65634573,1119
HO16289,chr8,65643554,65645436,1882
HO16290,chr8,65840638,65842797,2159
HO16291,chr8,66112585,66114882,2297
HO16292,chr8,66176658,66177809,1151
HO16293,chr8,66428167,66429938,1771
HO16294,chr8,66432122,66432810,688
HO16295,chr8,66438566,66439768,1202
HO16296,chr8,66506851,66508062,1211
HO16297,chr8,66612309,66614388,2079
HO16298,chr8,66666108,66667861,1753
HO16299,chr8,66712081,66713617,1536
HO16300,chr8,66774269,66775709,1440
HO16301,chr8,66870156,66871397,1241
HO16302,chr8,66924438,66925881,1443
HO16303,chr8,66961125,66963361,2236
HO16304,chr8,67027904,67029026,1122
HO16305,chr8,67061537,67062750,1213
HO16306,chr8,67063921,67065217,1296
HO16307,chr8,67109445,67110578,1133
HO16308,chr8,67339175,67339806,631
HO16309,chr8,67342196,67344536,2340
HO16310,chr8,67951493,67953490,1997
HO16311,chr8,68330100,68331696,1596
HO16312,chr8,69832196,69835218,3022
HO16313,chr8,70220169,70221764,1595
HO16314,chr8,70401652,70404664,3012
HO16315,chr8,70607049,70608711,1662
HO16316,chr8,70668226,70669641,1415
HO16317,chr8,71361388,71362431,1043
HO16318,chr8,71556042,71557725,1683
HO16319,chr8,71842723,71844735,2012
HO16320,chr8,72074659,72075901,1242
HO16321,chr8,72251115,72252104,989
HO16322,chr8,72536140,72538354,2214
HO16323,chr8,73008197,73009395,1198
HO16324,chr8,73293166,73296075,2909
HO16325,chr8,73370228,73371914,1686
HO16326,chr8,73745440,73747623,2183
HO16327,chr8,73877211,73879822,2611
HO16328,chr8,73971071,73972975,1904
HO16329,chr8,73975840,73976699,859
HO16330,chr8,74320301,74322051,1750
HO16331,chr8,74349885,74350972,1087
HO16332,chr8,74984029,74985430,1401
HO16333,chr8,75406643,75408245,1602
HO16334,chr8,76681675,76682863,1188
HO16335,chr8,76999604,77001110,1506
HO16336,chr8,78515469,78517004,1535
HO16337,chr8,78665221,78666841,1620
HO16338,chr8,79765164,79765675,511
HO16339,chr8,79767313,79769030,1717
HO16340,chr8,79783285,79784463,1178
HO16341,chr8,80029516,80030593,1077
HO16342,chr8,80170551,80171832,1281
HO16343,chr8,80485272,80487764,2492
HO16344,chr8,80577632,80579557,1925
HO16345,chr8,80726426,80727968,1542
HO16346,chr8,80767543,80768839,1296
HO16347,chr8,80819868,80821710,1842
HO16348,chr8,80872488,80874896,2408
HO16349,chr8,81110457,81112476,2019
HO16350,chr8,81279947,81281964,2017
HO16351,chr8,81685674,81686535,861
HO16352,chr8,81720317,81721651,1334
HO16353,chr8,81731622,81733042,1420
HO16354,chr8,81841352,81842966,1614
HO16355,chr8,84182044,84183574,1530
HO16356,chr8,84184302,84185075,773
HO16357,chr8,85106526,85107782,1256
HO16358,chr8,85176548,85178409,1861
HO16359,chr8,85219858,85220979,1121
HO16360,chr8,85244957,85246279,1322
HO16361,chr8,85462953,85464730,1777
HO16362,chr8,86341739,86343574,1835
HO16363,chr8,86507627,86509011,1384
HO16364,chr8,86513892,86515212,1320
HO16365,chr8,88326679,88329009,2330
HO16366,chr8,89756808,89758594,1786
HO16367,chr8,89901692,89903221,1529
HO16368,chr8,89983149,89984814,1665
HO16369,chr8,90000594,90002510,1916
HO16370,chr8,90009673,90010460,787
HO16371,chr8,90644706,90646687,1981
HO16372,chr8,90984584,90985782,1198
HO16373,chr8,91040017,91041254,1237
HO16374,chr8,91069210,91070778,1568
HO16375,chr8,92061266,92063731,2465
HO16376,chr8,92094799,92096385,1586
HO16377,chr8,92100896,92103910,3014
HO16378,chr8,92605363,92606913,1550
HO16379,chr8,92964649,92966342,1693
HO16380,chr8,93699651,93701432,1781
HO16381,chr8,93739937,93741348,1411
HO16382,chr8,93753954,93755580,1626
HO16383,chr8,93915943,93917989,2046
HO16384,chr8,93990902,93992135,1233
HO16385,chr8,94079507,94081464,1957
HO16386,chr8,94233891,94235116,1225
HO16387,chr8,94261587,94263100,1513
HO16388,chr8,94474498,94475628,1130
HO16389,chr8,94552920,94554547,1627
HO16390,chr8,94719197,94720597,1400
HO16391,chr8,94822406,94824003,1597
HO16392,chr8,94894359,94896844,2485
HO16393,chr8,94948208,94950250,2042
HO16394,chr8,95024362,95025459,1097
HO16395,chr8,95133000,95134928,1928
HO16396,chr8,95268274,95270472,2198
HO16397,chr8,96144387,96145869,1482
HO16398,chr8,96160045,96161975,1930
HO16399,chr8,96234342,96236128,1786
HO16400,chr8,96260766,96263053,2287
HO16401,chr8,96493072,96495502,2430
HO16402,chr8,96644353,96646188,1835
HO16403,chr8,97277043,97278213,1170
HO16404,chr8,97643221,97645571,2350
HO16405,chr8,97774855,97776767,1912
HO16406,chr8,97777446,97778787,1341
HO16407,chr8,97868457,97869779,1322
HO16408,chr8,98044831,98046453,1622
HO16409,chr8,98063950,98065336,1386
HO16410,chr8,98116275,98117989,1714
HO16411,chr8,98293079,98294584,1505
HO16412,chr8,98426316,98428071,1755
HO16413,chr8,98825015,98826405,1390
HO16414,chr8,98939777,98942281,2504
HO16415,chr8,98944041,98944695,654
HO16416,chr8,99012401,99013959,1558
HO16417,chr8,99892500,99894050,1550
HO16418,chr8,100104920,100106533,1613
HO16419,chr8,100145138,100146061,923
HO16420,chr8,100149904,100151137,1233
HO16421,chr8,100157609,100158689,1080
HO16422,chr8,100212655,100213788,1133
HO16423,chr8,100308794,100311333,2539
HO16424,chr8,100414713,100417247,2534
HO16425,chr8,100558681,100559985,1304
HO16426,chr8,100720603,100723012,2409
HO16427,chr8,100846934,100847919,985
HO16428,chr8,100907806,100909042,1236
HO16429,chr8,100950219,100953474,3255
HO16430,chr8,101051028,101052316,1288
HO16431,chr8,101079762,101081171,1409
HO16432,chr8,101126022,101127865,1843
HO16433,chr8,101204451,101206829,2378
HO16434,chr8,101491998,101494355,2357
HO16435,chr8,102122447,102124655,2208
HO16436,chr8,102238158,102239906,1748
HO16437,chr8,102410574,102413125,2551
HO16438,chr8,102653606,102656597,2991
HO16439,chr8,102787419,102789575,2156
HO16440,chr8,102805946,102808743,2797
HO16441,chr8,102810281,102811093,812
HO16442,chr8,102862606,102864852,2246
HO16443,chr8,103020368,103021709,1341
HO16444,chr8,103140212,103141565,1353
HO16445,chr8,103298272,103299687,1415
HO16446,chr8,103414282,103415888,1606
HO16447,chr8,103498563,103502002,3439
HO16448,chr8,104222987,104224194,1207
HO16449,chr8,104587972,104589916,1944
HO16450,chr8,105317692,105320316,2624
HO16451,chr8,106269277,106271846,2569
HO16452,chr8,106657082,106658814,1732
HO16453,chr8,108081959,108083857,1898
HO16454,chr8,108247946,108249186,1240
HO16455,chr8,108442586,108444203,1617
HO16456,chr8,108786582,108787829,1247
HO16457,chr8,109333217,109334799,1582
HO16458,chr8,109538997,109540689,1692
HO16459,chr8,109644046,109645624,1578
HO16460,chr8,109973772,109975962,2190
HO16461,chr8,110060185,110061303,1118
HO16462,chr8,113437533,113438581,1048
HO16463,chr8,115667242,115669657,2415
HO16464,chr8,116755157,116756185,1028
HO16465,chr8,116765757,116767082,1325
HO16466,chr8,116873366,116875135,1769
HO16467,chr8,116937594,116938938,1344
HO16468,chr8,117520020,117521287,1267
HO16469,chr8,118073753,118075431,1678
HO16470,chr8,118108653,118109278,625
HO16471,chr8,118109532,118110255,723
HO16472,chr8,118110688,118112357,1669
HO16473,chr8,118620608,118622597,1989
HO16474,chr8,118951297,118952714,1417
HO16475,chr8,119207722,119209123,1401
HO16476,chr8,119415838,119417126,1288
HO16477,chr8,119638381,119640132,1751
HO16478,chr8,119832266,119833290,1024
HO16479,chr8,119855178,119856572,1394
HO16480,chr8,119873213,119874949,1736
HO16481,chr8,120123320,120125693,2373
HO16482,chr8,120444195,120445671,1476
HO16483,chr8,120808588,120812523,3935
HO16484,chr8,121454278,121455618,1340
HO16485,chr8,121638990,121640530,1540
HO16486,chr8,122685894,122687342,1448
HO16487,chr8,122780016,122783346,3330
HO16488,chr8,123041354,123042667,1313
HO16489,chr8,123072117,123073466,1349
HO16490,chr8,123156571,123158172,1601
HO16491,chr8,123160417,123161467,1050
HO16492,chr8,123240224,123241674,1450
HO16493,chr8,123273050,123275517,2467
HO16494,chr8,123395010,123396918,1908
HO16495,chr8,123412612,123413651,1039
HO16496,chr8,123415991,123417298,1307
HO16497,chr8,123539928,123541990,2062
HO16498,chr8,123767713,123769043,1330
HO16499,chr8,123921682,123922731,1049
HO16500,chr8,124371278,124373524,2246
HO16501,chr8,124425151,124426757,1606
HO16502,chr8,124449792,124451780,1988
HO16503,chr8,124473674,124475621,1947
HO16504,chr8,124538083,124539575,1492
HO16505,chr8,124726132,124729020,2888
HO16506,chr8,124997487,124999616,2129
HO16507,chr8,125090826,125092203,1377
HO16508,chr8,125388036,125389336,1300
HO16509,chr8,125429091,125432465,3374
HO16510,chr8,126555631,126558766,3135
HO16511,chr8,127734834,127736556,1722
HO16512,chr8,127736789,127738831,2042
HO16513,chr8,127793644,127795788,2144
HO16514,chr8,127866259,127868058,1799
HO16515,chr8,129938803,129940589,1786
HO16516,chr8,130014698,130017213,2515
HO16517,chr8,130357172,130359143,1971
HO16518,chr8,130442491,130444186,1695
HO16519,chr8,131903478,131905233,1755
HO16520,chr8,132479798,132481551,1753
HO16521,chr8,132674834,132676094,1260
HO16522,chr8,132774680,132776015,1335
HO16523,chr8,133295809,133298067,2258
HO16524,chr8,133374994,133375960,966
HO16525,chr8,133569556,133572854,3298
HO16526,chr8,134456423,134457992,1569
HO16527,chr8,134711738,134713680,1942
HO16528,chr8,134830959,134832973,2014
HO16529,chr8,135456405,135458901,2496
HO16530,chr8,138913369,138914734,1365
HO16531,chr8,140098024,140099889,1865
HO16532,chr8,140456628,140458612,1984
HO16533,chr8,140463875,140465260,1385
HO16534,chr8,140510454,140512464,2010
HO16535,chr8,140618602,140619951,1349
HO16536,chr8,140633930,140634791,861
HO16537,chr8,140634827,140636409,1582
HO16538,chr8,140637274,140637690,416
HO16539,chr8,140999718,141002442,2724
HO16540,chr8,141072823,141074601,1778
HO16541,chr8,141116802,141118429,1627
HO16542,chr8,141127284,141130140,2856
HO16543,chr8,141305472,141306412,940
HO16544,chr8,141307788,141308970,1182
HO16545,chr8,141358135,141360836,2701
HO16546,chr8,141391347,141392913,1566
HO16547,chr8,141417287,141418210,923
HO16548,chr8,141795971,141797035,1064
HO16549,chr8,142209966,142210914,948
HO16550,chr8,142401975,142404290,2315
HO16551,chr8,142451924,142453308,1384
HO16552,chr8,142475053,142476224,1171
HO16553,chr8,142509693,142511564,1871
HO16554,chr8,142530151,142531972,1821
HO16555,chr8,142601095,142602509,1414
HO16556,chr8,142614059,142615811,1752
HO16557,chr8,142668881,142670396,1515
HO16558,chr8,142726194,142727872,1678
HO16559,chr8,142738481,142739903,1422
HO16560,chr8,142776742,142778038,1296
HO16561,chr8,142815774,142816995,1221
HO16562,chr8,143017889,143019388,1499
HO16563,chr8,143038364,143040082,1718
HO16564,chr8,143158939,143160783,1844
HO16565,chr8,143218279,143218969,690
HO16566,chr8,143245734,143247743,2009
HO16567,chr8,143266344,143268061,1717
HO16568,chr8,143275785,143276930,1145
HO16569,chr8,143281262,143281946,684
HO16570,chr8,143290432,143291736,1304
HO16571,chr8,143333766,143335720,1954
HO16572,chr8,143368127,143369875,1748
HO16573,chr8,143430266,143432069,1803
HO16574,chr8,143540784,143541955,1171
HO16575,chr8,143568453,143569830,1377
HO16576,chr8,143577600,143578879,1279
HO16577,chr8,143596711,143599218,2507
HO16578,chr8,143609001,143610134,1133
HO16579,chr8,143616844,143618350,1506
HO16580,chr8,143635145,143637087,1942
HO16581,chr8,143684000,143685211,1211
HO16582,chr8,143715909,143717619,1710
HO16583,chr8,143732996,143734274,1278
HO16584,chr8,143770366,143772383,2017
HO16585,chr8,143814295,143816419,2124
HO16586,chr8,143828531,143829819,1288
HO16587,chr8,143840326,143842461,2135
HO16588,chr8,143876812,143878883,2071
HO16589,chr8,143902319,143903342,1023
HO16590,chr8,143941573,143942910,1337
HO16591,chr8,143943060,143944464,1404
HO16592,chr8,143950761,143954022,3261
HO16593,chr8,143956421,143957272,851
HO16594,chr8,143976037,143977476,1439
HO16595,chr8,143989560,143991159,1599
HO16596,chr8,144048271,144050003,1732
HO16597,chr8,144060212,144061157,945
HO16598,chr8,144078097,144079540,1443
HO16599,chr8,144082043,144082975,932
HO16600,chr8,144094409,144096298,1889
HO16601,chr8,144103324,144105069,1745
HO16602,chr8,144109379,144109900,521
HO16603,chr8,144136774,144138483,1709
HO16604,chr8,144146790,144148793,2003
HO16605,chr8,144270371,144271722,1351
HO16606,chr8,144272460,144273491,1031
HO16607,chr8,144273673,144275337,1664
HO16608,chr8,144290667,144292740,2073
HO16609,chr8,144312587,144314492,1905
HO16610,chr8,144325611,144327564,1953
HO16611,chr8,144336394,144338647,2253
HO16612,chr8,144357525,144359182,1657
HO16613,chr8,144373266,144375283,2017
HO16614,chr8,144408723,144409956,1233
HO16615,chr8,144412801,144413832,1031
HO16616,chr8,144427424,144428975,1551
HO16617,chr8,144443343,144445309,1966
HO16618,chr8,144456156,144457310,1154
HO16619,chr8,144462468,144463160,692
HO16620,chr8,144465068,144466543,1475
HO16621,chr8,144477500,144478503,1003
HO16622,chr8,144500411,144502686,2275
HO16623,chr8,144508031,144509992,1961
HO16624,chr8,144516861,144518490,1629
HO16625,chr8,144522053,144522999,946
HO16626,chr8,144526529,144527369,840
HO16627,chr8,144528162,144529583,1421
HO16628,chr8,144579658,144581435,1777
HO16629,chr8,144670523,144672961,2438
HO16630,chr8,144684028,144686457,2429
HO16631,chr8,144754682,144755958,1276
HO16632,chr8,144786327,144787620,1293
HO16633,chr8,144791635,144793211,1576
HO16634,chr8,144798288,144799537,1249
HO16635,chr8,144826290,144827888,1598
HO16636,chr8,144852081,144853646,1565
HO16637,chr8,144900125,144902712,2587
HO16638,chr8,144949939,144951079,1140
HO16639,chr8,145002244,145003545,1301
HO16640,chr8,145004350,145005243,893
HO16641,chr8,145050676,145052823,2147
HO16642,chr8,145061153,145063501,2348
HO16643,chr9,214023,215542,1519
HO16644,chr9,469580,471062,1482
HO16645,chr9,503812,505900,2088
HO16646,chr9,706508,707474,966
HO16647,chr9,841043,843387,2344
HO16648,chr9,971272,972421,1149
HO16649,chr9,976139,977697,1558
HO16650,chr9,1042116,1042929,813
HO16651,chr9,1049853,1050579,726
HO16652,chr9,1051376,1052255,879
HO16653,chr9,2014409,2018125,3716
HO16654,chr9,2157285,2158983,1698
HO16655,chr9,2240949,2243117,2168
HO16656,chr9,2620902,2623949,3047
HO16657,chr9,2842987,2844491,1504
HO16658,chr9,3180646,3182041,1395
HO16659,chr9,3524444,3527351,2907
HO16660,chr9,4297137,4300318,3181
HO16661,chr9,4489470,4490967,1497
HO16662,chr9,4661617,4663044,1427
HO16663,chr9,4665977,4666702,725
HO16664,chr9,4678646,4680431,1785
HO16665,chr9,4740191,4742079,1888
HO16666,chr9,4792026,4793803,1777
HO16667,chr9,4983795,4986179,2384
HO16668,chr9,5437077,5438543,1466
HO16669,chr9,5628156,5630444,2288
HO16670,chr9,5831385,5833472,2087
HO16671,chr9,6006846,6008745,1899
HO16672,chr9,6014748,6016052,1304
HO16673,chr9,6079893,6080791,898
HO16674,chr9,6412192,6414505,2313
HO16675,chr9,6644195,6646063,1868
HO16676,chr9,6680581,6682154,1573
HO16677,chr9,6703419,6704849,1430
HO16678,chr9,6756766,6759323,2557
HO16679,chr9,7790364,7792186,1822
HO16680,chr9,7798882,7800173,1291
HO16681,chr9,8856960,8859059,2099
HO16682,chr9,10612222,10613712,1490
HO16683,chr9,12774791,12776928,2137
HO16684,chr9,13158325,13159342,1017
HO16685,chr9,13277878,13279854,1976
HO16686,chr9,14270319,14271714,1395
HO16687,chr9,14312807,14316410,3603
HO16688,chr9,14321598,14323283,1685
HO16689,chr9,14346839,14349172,2333
HO16690,chr9,14692334,14693879,1545
HO16691,chr9,14992575,14993873,1298
HO16692,chr9,15305880,15307775,1895
HO16693,chr9,15422030,15423875,1845
HO16694,chr9,15509912,15511615,1703
HO16695,chr9,15551867,15553630,1763
HO16696,chr9,16308693,16311069,2376
HO16697,chr9,16515035,16516399,1364
HO16698,chr9,16652578,16654808,2230
HO16699,chr9,16726618,16728494,1876
HO16700,chr9,16828341,16829323,982
HO16701,chr9,16869329,16872306,2977
HO16702,chr9,17134255,17136009,1754
HO16703,chr9,17578254,17579828,1574
HO16704,chr9,17905337,17908166,2829
HO16705,chr9,19048602,19050582,1980
HO16706,chr9,19102123,19103351,1228
HO16707,chr9,19126681,19129099,2418
HO16708,chr9,19229716,19231503,1787
HO16709,chr9,19379361,19380700,1339
HO16710,chr9,19408215,19409873,1658
HO16711,chr9,19925713,19926787,1074
HO16712,chr9,20620925,20623150,2225
HO16713,chr9,20683328,20685027,1699
HO16714,chr9,21334526,21335721,1195
HO16715,chr9,21558621,21560441,1820
HO16716,chr9,21801711,21803641,1930
HO16717,chr9,21993953,21996061,2108
HO16718,chr9,22008566,22009645,1079
HO16719,chr9,22446338,22447750,1412
HO16720,chr9,23820473,23822053,1580
HO16721,chr9,23825799,23826643,844
HO16722,chr9,23849824,23851602,1778
HO16723,chr9,25677107,25678827,1720
HO16724,chr9,26891444,26893005,1561
HO16725,chr9,26946474,26947689,1215
HO16726,chr9,26955169,26956981,1812
HO16727,chr9,27527836,27529996,2160
HO16728,chr9,27572201,27574228,2027
HO16729,chr9,29211621,29215285,3664
HO16730,chr9,32383980,32385229,1249
HO16731,chr9,32525018,32526793,1775
HO16732,chr9,32550156,32552773,2617
HO16733,chr9,32572018,32573532,1514
HO16734,chr9,32782523,32783824,1301
HO16735,chr9,32942621,32943604,983
HO16736,chr9,33000707,33002055,1348
HO16737,chr9,33024156,33026175,2019
HO16738,chr9,33043606,33044995,1389
HO16739,chr9,33075875,33077145,1270
HO16740,chr9,33166297,33167962,1665
HO16741,chr9,33263338,33265300,1962
HO16742,chr9,33289371,33291303,1932
HO16743,chr9,33354294,33355457,1163
HO16744,chr9,33374749,33376469,1720
HO16745,chr9,33445433,33448297,2864
HO16746,chr9,33473202,33474710,1508
HO16747,chr9,33522983,33524933,1950
HO16748,chr9,33676354,33677614,1260
HO16749,chr9,33816356,33818494,2138
HO16750,chr9,34048266,34050377,2111
HO16751,chr9,34125559,34127316,1757
HO16752,chr9,34178200,34179913,1713
HO16753,chr9,34328420,34329951,1531
HO16754,chr9,34376185,34377535,1350
HO16755,chr9,34380522,34381491,969
HO16756,chr9,34456903,34459129,2226
HO16757,chr9,34521772,34523673,1901
HO16758,chr9,34558305,34561220,2915
HO16759,chr9,34576025,34578855,2830
HO16760,chr9,34588497,34590682,2185
HO16761,chr9,34591298,34592003,705
HO16762,chr9,34611303,34613124,1821
HO16763,chr9,34619951,34620754,803
HO16764,chr9,34628574,34629485,911
HO16765,chr9,34636897,34638565,1668
HO16766,chr9,34646114,34647349,1235
HO16767,chr9,34652981,34655133,2152
HO16768,chr9,34664184,34666467,2283
HO16769,chr9,34700978,34702462,1484
HO16770,chr9,34939410,34940867,1457
HO16771,chr9,34957445,34959078,1633
HO16772,chr9,34988840,34990376,1536
HO16773,chr9,35071645,35073103,1458
HO16774,chr9,35079061,35080721,1660
HO16775,chr9,35095795,35096868,1073
HO16776,chr9,35102399,35103765,1366
HO16777,chr9,35111082,35111958,876
HO16778,chr9,35113988,35114619,631
HO16779,chr9,35115550,35117253,1703
HO16780,chr9,35161324,35162775,1451
HO16781,chr9,35489176,35491097,1921
HO16782,chr9,35552541,35554294,1753
HO16783,chr9,35603524,35606060,2536
HO16784,chr9,35645833,35647537,1704
HO16785,chr9,35656972,35659079,2107
HO16786,chr9,35664588,35665605,1017
HO16787,chr9,35674968,35676436,1468
HO16788,chr9,35689223,35691499,2276
HO16789,chr9,35731562,35733458,1896
HO16790,chr9,35748338,35750078,1740
HO16791,chr9,35756342,35757728,1386
HO16792,chr9,35790108,35792035,1927
HO16793,chr9,35811438,35812393,955
HO16794,chr9,35814332,35815695,1363
HO16795,chr9,35828484,35830018,1534
HO16796,chr9,35844123,35846805,2682
HO16797,chr9,35906899,35908710,1811
HO16798,chr9,35923265,35924991,1726
HO16799,chr9,36036304,36037974,1670
HO16800,chr9,36135733,36137898,2165
HO16801,chr9,36162937,36163867,930
HO16802,chr9,36189886,36191620,1734
HO16803,chr9,36257744,36259079,1335
HO16804,chr9,36399878,36401594,1716
HO16805,chr9,36485729,36488655,2926
HO16806,chr9,36572309,36573691,1382
HO16807,chr9,37027179,37028039,860
HO16808,chr9,37036344,37038037,1693
HO16809,chr9,37079174,37080583,1409
HO16810,chr9,37119840,37121232,1392
HO16811,chr9,37421940,37423175,1235
HO16812,chr9,37464540,37466739,2199
HO16813,chr9,37485320,37487507,2187
HO16814,chr9,37575384,37576784,1400
HO16815,chr9,37591707,37592977,1270
HO16816,chr9,37650149,37651810,1661
HO16817,chr9,37753312,37754275,963
HO16818,chr9,37784357,37785772,1415
HO16819,chr9,37800108,37801857,1749
HO16820,chr9,37903156,37904968,1812
HO16821,chr9,38067955,38070069,2114
HO16822,chr9,38226433,38227558,1125
HO16823,chr9,38392217,38393583,1366
HO16824,chr9,38423537,38424684,1147
HO16825,chr9,38619659,38622700,3041
HO16826,chr9,40991386,40992780,1394
HO16827,chr9,41272921,41274341,1420
HO16828,chr9,42851431,42853039,1608
HO16829,chr9,62798892,62801693,2801
HO16830,chr9,62801894,62802880,986
HO16831,chr9,62837295,62838738,1443
HO16832,chr9,63816602,63818314,1712
HO16833,chr9,68355943,68357561,1618
HO16834,chr9,68704526,68706751,2225
HO16835,chr9,68779296,68780960,1664
HO16836,chr9,69035326,69036787,1461
HO16837,chr9,69120419,69122719,2300
HO16838,chr9,69173521,69175734,2213
HO16839,chr9,69324405,69325920,1515
HO16840,chr9,69671124,69673392,2268
HO16841,chr9,69758853,69760414,1561
HO16842,chr9,70043310,70044962,1652
HO16843,chr9,70257962,70259638,1676
HO16844,chr9,70411938,70414552,2614
HO16845,chr9,70418150,70421254,3104
HO16846,chr9,71446008,71448300,2292
HO16847,chr9,71767544,71770162,2618
HO16848,chr9,71910034,71912208,2174
HO16849,chr9,72364030,72366115,2085
HO16850,chr9,74496764,74498965,2201
HO16851,chr9,74886778,74888030,1252
HO16852,chr9,74951567,74953726,2159
HO16853,chr9,75027087,75028735,1648
HO16854,chr9,75087394,75089712,2318
HO16855,chr9,75429344,75430584,1240
HO16856,chr9,75889678,75892840,3162
HO16857,chr9,76393541,76395224,1683
HO16858,chr9,76458754,76460642,1888
HO16859,chr9,76905131,76906934,1803
HO16860,chr9,77176645,77178679,2034
HO16861,chr9,77647361,77649356,1995
HO16862,chr9,78030119,78032678,2559
HO16863,chr9,78235269,78236811,1542
HO16864,chr9,78295587,78298498,2911
HO16865,chr9,79256560,79258258,1698
HO16866,chr9,79570171,79572074,1903
HO16867,chr9,79572348,79573551,1203
HO16868,chr9,81687027,81690175,3148
HO16869,chr9,83061924,83063403,1479
HO16870,chr9,83218801,83221284,2483
HO16871,chr9,83537136,83538990,1854
HO16872,chr9,83622435,83624045,1610
HO16873,chr9,83706872,83708823,1951
HO16874,chr9,83816991,83818434,1443
HO16875,chr9,83920424,83921788,1364
HO16876,chr9,83956002,83957191,1189
HO16877,chr9,83979149,83981670,2521
HO16878,chr9,84667558,84670788,3230
HO16879,chr9,85040532,85041668,1136
HO16880,chr9,85740868,85742850,1982
HO16881,chr9,85804280,85806037,1757
HO16882,chr9,85940503,85941833,1330
HO16883,chr9,86098724,86100335,1611
HO16884,chr9,86281586,86283163,1577
HO16885,chr9,86353473,86355291,1818
HO16886,chr9,86945384,86948876,3492
HO16887,chr9,87336405,87338406,2001
HO16888,chr9,87497205,87499113,1908
HO16889,chr9,87725309,87726688,1379
HO16890,chr9,87973751,87975040,1289
HO16891,chr9,88075897,88077407,1510
HO16892,chr9,88312894,88313955,1061
HO16893,chr9,88387248,88389394,2146
HO16894,chr9,88533836,88535729,1893
HO16895,chr9,88781433,88782481,1048
HO16896,chr9,88990688,88992311,1623
HO16897,chr9,89179515,89180650,1135
HO16898,chr9,89310151,89311873,1722
HO16899,chr9,89317946,89319364,1418
HO16900,chr9,89496486,89498521,2035
HO16901,chr9,89602996,89607023,4027
HO16902,chr9,89661323,89662685,1362
HO16903,chr9,89732264,89733422,1158
HO16904,chr9,89807387,89809185,1798
HO16905,chr9,89816888,89817937,1049
HO16906,chr9,89923230,89924772,1542
HO16907,chr9,90641917,90643246,1329
HO16908,chr9,91117371,91118866,1495
HO16909,chr9,91192870,91194277,1407
HO16910,chr9,91360593,91362292,1699
HO16911,chr9,91421039,91421756,717
HO16912,chr9,91422067,91425116,3049
HO16913,chr9,91948207,91950656,2449
HO16914,chr9,92114687,92115865,1178
HO16915,chr9,92133711,92134426,715
HO16916,chr9,92140135,92141621,1486
HO16917,chr9,92293346,92294592,1246
HO16918,chr9,92324879,92326304,1425
HO16919,chr9,92668853,92670781,1928
HO16920,chr9,92763679,92765853,2174
HO16921,chr9,92807099,92809461,2362
HO16922,chr9,92877293,92878362,1069
HO16923,chr9,92946914,92948019,1105
HO16924,chr9,93094756,93096901,2145
HO16925,chr9,93132363,93134857,2494
HO16926,chr9,93159518,93160309,791
HO16927,chr9,93183613,93185592,1979
HO16928,chr9,93304557,93306479,1922
HO16929,chr9,93450777,93453863,3086
HO16930,chr9,93566195,93567601,1406
HO16931,chr9,93575215,93577675,2460
HO16932,chr9,93954269,93955865,1596
HO16933,chr9,94030055,94031179,1124
HO16934,chr9,94165671,94167330,1659
HO16935,chr9,94258767,94259958,1191
HO16936,chr9,94373885,94375056,1171
HO16937,chr9,94638757,94640170,1413
HO16938,chr9,94726078,94727197,1119
HO16939,chr9,94920040,94921432,1392
HO16940,chr9,95003775,95005695,1920
HO16941,chr9,95048153,95049131,978
HO16942,chr9,95316413,95317954,1541
HO16943,chr9,95462173,95463432,1259
HO16944,chr9,95505632,95507487,1855
HO16945,chr9,95508937,95509842,905
HO16946,chr9,95510606,95511607,1001
HO16947,chr9,95515654,95517683,2029
HO16948,chr9,95874577,95876365,1788
HO16949,chr9,96020551,96022352,1801
HO16950,chr9,96382841,96383957,1116
HO16951,chr9,96416909,96419477,2568
HO16952,chr9,96449410,96451505,2095
HO16953,chr9,96565850,96567575,1725
HO16954,chr9,96617798,96620154,2356
HO16955,chr9,96654117,96655595,1478
HO16956,chr9,96686417,96687352,935
HO16957,chr9,96777182,96778490,1308
HO16958,chr9,96853577,96854798,1221
HO16959,chr9,96874965,96876157,1192
HO16960,chr9,97012519,97014027,1508
HO16961,chr9,97038202,97039802,1600
HO16962,chr9,97220706,97222760,2054
HO16963,chr9,97237242,97239146,1904
HO16964,chr9,97306404,97308176,1772
HO16965,chr9,97411509,97412965,1456
HO16966,chr9,97501077,97503257,2180
HO16967,chr9,97632136,97634348,2212
HO16968,chr9,97696071,97697768,1697
HO16969,chr9,97740884,97741776,892
HO16970,chr9,97803138,97804047,909
HO16971,chr9,97852912,97854555,1643
HO16972,chr9,97921749,97923118,1369
HO16973,chr9,97982581,97985404,2823
HO16974,chr9,98056114,98057684,1570
HO16975,chr9,98087247,98088174,927
HO16976,chr9,98117945,98119778,1833
HO16977,chr9,98191622,98193617,1995
HO16978,chr9,98254996,98256540,1544
HO16979,chr9,98706780,98707940,1160
HO16980,chr9,98795780,98797006,1226
HO16981,chr9,98807127,98808158,1031
HO16982,chr9,98943321,98944768,1447
HO16983,chr9,99103690,99106106,2416
HO16984,chr9,99221173,99222870,1697
HO16985,chr9,99819241,99820406,1165
HO16986,chr9,99820895,99822304,1409
HO16987,chr9,99906032,99907423,1391
HO16988,chr9,100098012,100099999,1987
HO16989,chr9,100351850,100353345,1495
HO16990,chr9,100411081,100412200,1119
HO16991,chr9,100426254,100428099,1845
HO16992,chr9,100472594,100474609,2015
HO16993,chr9,100598067,100599103,1036
HO16994,chr9,101027840,101029575,1735
HO16995,chr9,101397776,101399564,1788
HO16996,chr9,101449021,101449699,678
HO16997,chr9,101485862,101487470,1608
HO16998,chr9,101533040,101534251,1211
HO16999,chr9,101737563,101738915,1352
HO17000,chr9,104093233,104094762,1529
HO17001,chr9,104747046,104748861,1815
HO17002,chr9,104763385,104764682,1297
HO17003,chr9,104868293,104869722,1429
HO17004,chr9,104926182,104928723,2541
HO17005,chr9,104967878,104969305,1427
HO17006,chr9,104990748,104992049,1301
HO17007,chr9,105244033,105245812,1779
HO17008,chr9,105447377,105448848,1471
HO17009,chr9,105557521,105558556,1035
HO17010,chr9,105655533,105656964,1431
HO17011,chr9,105693563,105695475,1912
HO17012,chr9,106535267,106536790,1523
HO17013,chr9,106859941,106860637,696
HO17014,chr9,106862086,106864606,2520
HO17015,chr9,106920876,106922124,1248
HO17016,chr9,107251306,107252656,1350
HO17017,chr9,107282429,107284390,1961
HO17018,chr9,107465318,107467239,1921
HO17019,chr9,107487255,107489144,1889
HO17020,chr9,107489398,107490561,1163
HO17021,chr9,107637043,107638326,1283
HO17022,chr9,108933172,108934917,1745
HO17023,chr9,109011948,109014111,2163
HO17024,chr9,109020192,109021444,1252
HO17025,chr9,109071577,109073378,1801
HO17026,chr9,109118270,109120314,2044
HO17027,chr9,109166200,109167607,1407
HO17028,chr9,109318494,109321312,2818
HO17029,chr9,109497431,109498762,1331
HO17030,chr9,109639839,109641418,1579
HO17031,chr9,109779647,109780970,1323
HO17032,chr9,109817220,109818314,1094
HO17033,chr9,110047832,110050003,2171
HO17034,chr9,110255106,110257218,2112
HO17035,chr9,110578685,110580216,1531
HO17036,chr9,111037318,111039402,2084
HO17037,chr9,111482409,111484564,2155
HO17038,chr9,111524737,111526361,1624
HO17039,chr9,111597791,111600213,2422
HO17040,chr9,111630410,111631999,1589
HO17041,chr9,111661004,111662851,1847
HO17042,chr9,111783290,111784553,1263
HO17043,chr9,111896012,111897945,1933
HO17044,chr9,112174128,112176095,1967
HO17045,chr9,112179719,112181502,1783
HO17046,chr9,112332689,112334278,1589
HO17047,chr9,112354178,112355943,1765
HO17048,chr9,112378669,112380599,1930
HO17049,chr9,112486111,112487833,1722
HO17050,chr9,112717209,112718687,1478
HO17051,chr9,112750044,112751972,1928
HO17052,chr9,113056072,113057042,970
HO17053,chr9,113150560,113152146,1586
HO17054,chr9,113220604,113222257,1653
HO17055,chr9,113274425,113276089,1664
HO17056,chr9,113339692,113340836,1144
HO17057,chr9,113376398,113377600,1202
HO17058,chr9,113400763,113401697,934
HO17059,chr9,113409760,113411457,1697
HO17060,chr9,113462735,113464268,1533
HO17061,chr9,113564458,113565890,1432
HO17062,chr9,113593518,113595269,1751
HO17063,chr9,113619781,113621005,1224
HO17064,chr9,113875491,113876946,1455
HO17065,chr9,114097500,114099792,2292
HO17066,chr9,114153702,114154655,953
HO17067,chr9,114155051,114157202,2151
HO17068,chr9,114180423,114182088,1665
HO17069,chr9,114281183,114282164,981
HO17070,chr9,114304724,114306203,1479
HO17071,chr9,114387084,114388360,1276
HO17072,chr9,114397546,114398804,1258
HO17073,chr9,114504168,114505963,1795
HO17074,chr9,114587057,114588294,1237
HO17075,chr9,114610878,114612574,1696
HO17076,chr9,116154014,116155996,1982
HO17077,chr9,116470708,116472175,1467
HO17078,chr9,116686664,116688096,1432
HO17079,chr9,116836537,116837903,1366
HO17080,chr9,117412921,117415916,2995
HO17081,chr9,117487316,117488363,1047
HO17082,chr9,119368561,119369817,1256
HO17083,chr9,120386121,120387869,1748
HO17084,chr9,120579448,120580486,1038
HO17085,chr9,120713290,120715928,2638
HO17086,chr9,120792702,120794032,1330
HO17087,chr9,120842396,120843550,1154
HO17088,chr9,120868234,120869453,1219
HO17089,chr9,120875810,120877779,1969
HO17090,chr9,120928202,120929431,1229
HO17091,chr9,121074062,121075680,1618
HO17092,chr9,121121171,121122135,964
HO17093,chr9,121200908,121202357,1449
HO17094,chr9,121267568,121269570,2002
HO17095,chr9,121297995,121300263,2268
HO17096,chr9,121369300,121370683,1383
HO17097,chr9,121498060,121500329,2269
HO17098,chr9,121545456,121546385,929
HO17099,chr9,121550309,121550986,677
HO17100,chr9,121566379,121569146,2767
HO17101,chr9,121597831,121600115,2284
HO17102,chr9,121649799,121650573,774
HO17103,chr9,121651155,121652841,1686
HO17104,chr9,121698551,121700511,1960
HO17105,chr9,121735608,121737263,1655
HO17106,chr9,121743380,121745247,1867
HO17107,chr9,122092424,122093742,1318
HO17108,chr9,122158900,122160129,1229
HO17109,chr9,122213420,122214438,1018
HO17110,chr9,122228039,122229376,1337
HO17111,chr9,122264096,122265554,1458
HO17112,chr9,122827569,122828967,1398
HO17113,chr9,122904281,122905740,1459
HO17114,chr9,122912485,122914211,1726
HO17115,chr9,122930704,122932424,1720
HO17116,chr9,122940464,122941909,1445
HO17117,chr9,123267884,123269157,1273
HO17118,chr9,123375425,123376675,1250
HO17119,chr9,123641949,123643254,1305
HO17120,chr9,123928901,123930655,1754
HO17121,chr9,124257415,124259779,2364
HO17122,chr9,124414745,124415794,1049
HO17123,chr9,124450022,124451034,1012
HO17124,chr9,124477322,124478637,1315
HO17125,chr9,124503978,124505797,1819
HO17126,chr9,124506421,124507873,1452
HO17127,chr9,124511844,124513924,2080
HO17128,chr9,124657969,124659689,1720
HO17129,chr9,124769587,124772331,2744
HO17130,chr9,124776665,124777892,1227
HO17131,chr9,124852563,124853723,1160
HO17132,chr9,124861150,124862639,1489
HO17133,chr9,124868366,124870531,2165
HO17134,chr9,124940321,124942120,1799
HO17135,chr9,125142542,125143921,1379
HO17136,chr9,125188930,125190338,1408
HO17137,chr9,125199934,125200943,1009
HO17138,chr9,125234734,125236231,1497
HO17139,chr9,125240586,125242182,1596
HO17140,chr9,125261269,125262539,1270
HO17141,chr9,125407631,125408882,1251
HO17142,chr9,125706503,125707626,1123
HO17143,chr9,125745749,125748426,2677
HO17144,chr9,125889042,125891123,2081
HO17145,chr9,126325844,126328023,2179
HO17146,chr9,126499010,126500174,1164
HO17147,chr9,126610636,126611905,1269
HO17148,chr9,126625484,126627245,1761
HO17149,chr9,126704427,126705786,1359
HO17150,chr9,126722171,126724190,2019
HO17151,chr9,126804469,126806139,1670
HO17152,chr9,126859958,126861471,1513
HO17153,chr9,126914195,126915790,1595
HO17154,chr9,127121492,127123732,2240
HO17155,chr9,127223948,127225965,2017
HO17156,chr9,127244716,127245628,912
HO17157,chr9,127387856,127389172,1316
HO17158,chr9,127396272,127398311,2039
HO17159,chr9,127423404,127425236,1832
HO17160,chr9,127450248,127452523,2275
HO17161,chr9,127566642,127569869,3227
HO17162,chr9,127607391,127608875,1484
HO17163,chr9,127611695,127613499,1804
HO17164,chr9,127698923,127699720,797
HO17165,chr9,127714931,127716316,1385
HO17166,chr9,127734323,127735658,1335
HO17167,chr9,127741639,127743149,1510
HO17168,chr9,127753764,127755738,1974
HO17169,chr9,127770877,127771841,964
HO17170,chr9,127784666,127786850,2184
HO17171,chr9,127801897,127803843,1946
HO17172,chr9,127824174,127825899,1725
HO17173,chr9,127828116,127829272,1156
HO17174,chr9,127876816,127878510,1694
HO17175,chr9,127896681,127897845,1164
HO17176,chr9,127898393,127899839,1446
HO17177,chr9,127915787,127917371,1584
HO17178,chr9,127930259,127931761,1502
HO17179,chr9,127937245,127938705,1460
HO17180,chr9,127979208,127981628,2420
HO17181,chr9,128066713,128069102,2389
HO17182,chr9,128093942,128094764,822
HO17183,chr9,128097830,128099227,1397
HO17184,chr9,128127221,128128804,1583
HO17185,chr9,128159300,128160941,1641
HO17186,chr9,128190817,128192289,1472
HO17187,chr9,128192662,128193315,653
HO17188,chr9,128202907,128204589,1682
HO17189,chr9,128218179,128219348,1169
HO17190,chr9,128244177,128246165,1988
HO17191,chr9,128249785,128250912,1127
HO17192,chr9,128275007,128277075,2068
HO17193,chr9,128321894,128323245,1351
HO17194,chr9,128340029,128341720,1691
HO17195,chr9,128361649,128362521,872
HO17196,chr9,128370381,128371732,1351
HO17197,chr9,128419340,128421602,2262
HO17198,chr9,128455432,128457291,1859
HO17199,chr9,128503875,128505695,1820
HO17200,chr9,128551738,128553274,1536
HO17201,chr9,128554319,128554858,539
HO17202,chr9,128621654,128622447,793
HO17203,chr9,128634945,128636364,1419
HO17204,chr9,128655790,128657208,1418
HO17205,chr9,128683279,128684628,1349
HO17206,chr9,128688364,128690542,2178
HO17207,chr9,128702002,128703589,1587
HO17208,chr9,128723484,128725216,1732
HO17209,chr9,128770727,128772506,1779
HO17210,chr9,128786616,128787979,1363
HO17211,chr9,128817968,128819406,1438
HO17212,chr9,128828902,128830220,1318
HO17213,chr9,128881413,128883481,2068
HO17214,chr9,128921483,128922899,1416
HO17215,chr9,128946847,128948711,1864
HO17216,chr9,129027575,129028720,1145
HO17217,chr9,129035921,129037382,1461
HO17218,chr9,129080309,129081671,1362
HO17219,chr9,129110005,129112149,2144
HO17220,chr9,129138527,129141098,2571
HO17221,chr9,129173846,129175416,1570
HO17222,chr9,129175740,129176507,767
HO17223,chr9,129177028,129178708,1680
HO17224,chr9,129202520,129203729,1209
HO17225,chr9,129252956,129254582,1626
HO17226,chr9,129258067,129259492,1425
HO17227,chr9,129320008,129321320,1312
HO17228,chr9,129333725,129335016,1291
HO17229,chr9,129350893,129353607,2714
HO17230,chr9,129382623,129384135,1512
HO17231,chr9,129412690,129414555,1865
HO17232,chr9,129436557,129438310,1753
HO17233,chr9,129458666,129461250,2584
HO17234,chr9,129481907,129483899,1992
HO17235,chr9,129487884,129489105,1221
HO17236,chr9,129495260,129497647,2387
HO17237,chr9,129549368,129550629,1261
HO17238,chr9,129567763,129570297,2534
HO17239,chr9,129596410,129598176,1766
HO17240,chr9,129609641,129611361,1720
HO17241,chr9,129619682,129621074,1392
HO17242,chr9,129625675,129627142,1467
HO17243,chr9,129641518,129642679,1161
HO17244,chr9,129653670,129655005,1335
HO17245,chr9,129664676,129666258,1582
HO17246,chr9,129737377,129738332,955
HO17247,chr9,129751736,129753527,1791
HO17248,chr9,129789934,129790794,860
HO17249,chr9,129802603,129803913,1310
HO17250,chr9,129822846,129824432,1586
HO17251,chr9,129834502,129836115,1613
HO17252,chr9,129884177,129886086,1909
HO17253,chr9,130041840,130044053,2213
HO17254,chr9,130053338,130054482,1144
HO17255,chr9,130171440,130173631,2191
HO17256,chr9,130192993,130194441,1448
HO17257,chr9,130432778,130433956,1178
HO17258,chr9,130444237,130446878,2641
HO17259,chr9,130451009,130452829,1820
HO17260,chr9,130535009,130536887,1878
HO17261,chr9,130578731,130580147,1416
HO17262,chr9,130680987,130682790,1803
HO17263,chr9,130693163,130694101,938
HO17264,chr9,130712270,130713875,1605
HO17265,chr9,130823944,130825594,1650
HO17266,chr9,130834341,130836227,1886
HO17267,chr9,130938261,130939781,1520
HO17268,chr9,131008656,131009602,946
HO17269,chr9,131096044,131097529,1485
HO17270,chr9,131124803,131126187,1384
HO17271,chr9,131276362,131278316,1954
HO17272,chr9,131366551,131367388,837
HO17273,chr9,131372665,131374059,1394
HO17274,chr9,131382838,131383736,898
HO17275,chr9,131393020,131395033,2013
HO17276,chr9,131502460,131504361,1901
HO17277,chr9,131530310,131531795,1485
HO17278,chr9,131738807,131740441,1634
HO17279,chr9,132077929,132080097,2168
HO17280,chr9,132160557,132163182,2625
HO17281,chr9,132181589,132183150,1561
HO17282,chr9,132213679,132214625,946
HO17283,chr9,132240050,132242850,2800
HO17284,chr9,132353970,132355607,1637
HO17285,chr9,132581657,132582577,920
HO17286,chr9,132669328,132671365,2037
HO17287,chr9,132768712,132770679,1967
HO17288,chr9,132877601,132879324,1723
HO17289,chr9,132901674,132902748,1074
HO17290,chr9,132943746,132945285,1539
HO17291,chr9,133029924,133031222,1298
HO17292,chr9,133120336,133122227,1891
HO17293,chr9,133132944,133134270,1326
HO17294,chr9,133144076,133144767,691
HO17295,chr9,133148300,133149851,1551
HO17296,chr9,133162871,133164198,1327
HO17297,chr9,133237966,133239403,1437
HO17298,chr9,133274225,133276205,1980
HO17299,chr9,133335394,133336629,1235
HO17300,chr9,133346653,133348755,2102
HO17301,chr9,133355828,133357098,1270
HO17302,chr9,133375070,133376697,1627
HO17303,chr9,133417492,133418716,1224
HO17304,chr9,133428294,133430152,1858
HO17305,chr9,133459253,133460998,1745
HO17306,chr9,133478364,133479698,1334
HO17307,chr9,133533818,133535323,1505
HO17308,chr9,133608856,133609691,835
HO17309,chr9,133658427,133659886,1459
HO17310,chr9,133708960,133709607,647
HO17311,chr9,133954995,133956959,1964
HO17312,chr9,133990548,133993705,3157
HO17313,chr9,134024574,134026113,1539
HO17314,chr9,134066587,134068957,2370
HO17315,chr9,134134817,134136935,2118
HO17316,chr9,134163002,134165631,2629
HO17317,chr9,134185489,134186077,588
HO17318,chr9,134325101,134327305,2204
HO17319,chr9,134349805,134352755,2950
HO17320,chr9,134422192,134424067,1875
HO17321,chr9,134437081,134438189,1108
HO17322,chr9,134441956,134444073,2117
HO17323,chr9,134449162,134450291,1129
HO17324,chr9,134640884,134641958,1074
HO17325,chr9,134642139,134643172,1033
HO17326,chr9,135478672,135481150,2478
HO17327,chr9,135499121,135501387,2266
HO17328,chr9,135701152,135702318,1166
HO17329,chr9,135906101,135908343,2242
HO17330,chr9,135960367,135961655,1288
HO17331,chr9,135971775,135972311,536
HO17332,chr9,135992421,135993455,1034
HO17333,chr9,136050230,136052817,2587
HO17334,chr9,136093913,136095947,2034
HO17335,chr9,136109068,136111267,2199
HO17336,chr9,136117638,136119775,2137
HO17337,chr9,136244988,136246155,1167
HO17338,chr9,136326932,136329100,2168
HO17339,chr9,136341952,136343479,1527
HO17340,chr9,136362893,136364032,1139
HO17341,chr9,136399109,136400669,1560
HO17342,chr9,136409458,136411276,1818
HO17343,chr9,136438369,136440058,1689
HO17344,chr9,136482340,136484323,1983
HO17345,chr9,136544394,136547616,3222
HO17346,chr9,136586844,136589097,2253
HO17347,chr9,136643859,136645334,1475
HO17348,chr9,136686304,136688118,1814
HO17349,chr9,136711164,136713571,2407
HO17350,chr9,136727300,136729084,1784
HO17351,chr9,136740673,136743225,2552
HO17352,chr9,136790534,136792049,1515
HO17353,chr9,136795948,136797517,1569
HO17354,chr9,136798918,136800679,1761
HO17355,chr9,136800831,136801428,597
HO17356,chr9,136807227,136808998,1771
HO17357,chr9,136820814,136822352,1538
HO17358,chr9,136840265,136843266,3001
HO17359,chr9,136848340,136849857,1517
HO17360,chr9,136865366,136866779,1413
HO17361,chr9,136885786,136887581,1795
HO17362,chr9,136943669,136944994,1325
HO17363,chr9,136949388,136950874,1486
HO17364,chr9,136977249,136979010,1761
HO17365,chr9,136991794,136992914,1120
HO17366,chr9,137027550,137029667,2117
HO17367,chr9,137045297,137046850,1553
HO17368,chr9,137069814,137071275,1461
HO17369,chr9,137085808,137087701,1893
HO17370,chr9,137128797,137130440,1643
HO17371,chr9,137167374,137169877,2503
HO17372,chr9,137188049,137189445,1396
HO17373,chr9,137199311,137201263,1952
HO17374,chr9,137205097,137206013,916
HO17375,chr9,137221685,137223962,2277
HO17376,chr9,137236326,137236849,523
HO17377,chr9,137240239,137242240,2001
HO17378,chr9,137243611,137244897,1286
HO17379,chr9,137254040,137255844,1804
HO17380,chr9,137276698,137278791,2093
HO17381,chr9,137294306,137297055,2749
HO17382,chr9,137300597,137302985,2388
HO17383,chr9,137370024,137371343,1319
HO17384,chr9,137406529,137408278,1749
HO17385,chr9,137422365,137424221,1856
HO17386,chr9,137441194,137442030,836
HO17387,chr9,137453393,137455090,1697
HO17388,chr9,137458632,137459629,997
HO17389,chr9,137551070,137552749,1679
HO17390,chr9,137578171,137579422,1251
HO17391,chr9,137589512,137591360,1848
HO17392,chr9,137604727,137606502,1775
HO17393,chr9,137618002,137619908,1906
HO17394,chr9,137878130,137879044,914
HO17395,chrX,281027,281780,753
HO17396,chrX,283001,283862,861
HO17397,chrX,317550,319472,1922
HO17398,chrX,373034,374916,1882
HO17399,chrX,386211,387595,1384
HO17400,chrX,1391174,1393142,1968
HO17401,chrX,1452371,1453779,1408
HO17402,chrX,1591196,1593491,2295
HO17403,chrX,1924554,1925621,1067
HO17404,chrX,2583114,2585603,2489
HO17405,chrX,2608233,2610314,2081
HO17406,chrX,2689931,2692432,2501
HO17407,chrX,2927602,2929565,1963
HO17408,chrX,3345135,3347339,2204
HO17409,chrX,3712160,3714150,1990
HO17410,chrX,3814309,3816659,2350
HO17411,chrX,7147037,7148798,1761
HO17412,chrX,7926898,7927936,1038
HO17413,chrX,8730500,8732557,2057
HO17414,chrX,9464598,9466453,1855
HO17415,chrX,9785421,9787550,2129
HO17416,chrX,10014245,10016729,2484
HO17417,chrX,10618765,10620868,2103
HO17418,chrX,11110761,11111976,1215
HO17419,chrX,11663976,11666548,2572
HO17420,chrX,11757401,11759689,2288
HO17421,chrX,12137431,12139115,1684
HO17422,chrX,12790830,12792494,1664
HO17423,chrX,12974372,12976523,2151
HO17424,chrX,13652549,13653732,1183
HO17425,chrX,13688500,13690293,1793
HO17426,chrX,13733918,13735275,1357
HO17427,chrX,14029068,14030228,1160
HO17428,chrX,14872562,14873891,1329
HO17429,chrX,15334782,15336372,1590
HO17430,chrX,15674303,15676038,1735
HO17431,chrX,15737601,15738926,1325
HO17432,chrX,15789714,15791250,1536
HO17433,chrX,15853755,15855657,1902
HO17434,chrX,16711641,16713090,1449
HO17435,chrX,16718991,16720188,1197
HO17436,chrX,16785647,16787358,1711
HO17437,chrX,16832003,16832998,995
HO17438,chrX,16869416,16871520,2104
HO17439,chrX,16929516,16930926,1410
HO17440,chrX,16946070,16947603,1533
HO17441,chrX,17374486,17376422,1936
HO17442,chrX,17654946,17656485,1539
HO17443,chrX,17736592,17738577,1985
HO17444,chrX,17859306,17861661,2355
HO17445,chrX,18353693,18355435,1742
HO17446,chrX,18424547,18426319,1772
HO17447,chrX,18674259,18675701,1442
HO17448,chrX,18983607,18985178,1571
HO17449,chrX,19343163,19344423,1260
HO17450,chrX,19372183,19373555,1372
HO17451,chrX,19886853,19888777,1924
HO17452,chrX,19990110,19991454,1344
HO17453,chrX,20141028,20142336,1308
HO17454,chrX,20265129,20267645,2516
HO17455,chrX,21373582,21375294,1712
HO17456,chrX,21838981,21840176,1195
HO17457,chrX,21940018,21941653,1635
HO17458,chrX,23666733,23668656,1923
HO17459,chrX,23742102,23743811,1709
HO17460,chrX,23782612,23784038,1426
HO17461,chrX,23907150,23908256,1106
HO17462,chrX,24024727,24026276,1549
HO17463,chrX,24053667,24055262,1595
HO17464,chrX,24148622,24150690,2068
HO17465,chrX,24464553,24465609,1056
HO17466,chrX,24646648,24647944,1296
HO17467,chrX,24693226,24694377,1151
HO17468,chrX,28585911,28587567,1656
HO17469,chrX,30307963,30309632,1669
HO17470,chrX,30652426,30654112,1686
HO17471,chrX,30888419,30889952,1533
HO17472,chrX,34655825,34657825,2000
HO17473,chrX,37348701,37350272,1571
HO17474,chrX,37846679,37847980,1301
HO17475,chrX,38219771,38221307,1536
HO17476,chrX,38326683,38327866,1183
HO17477,chrX,38560893,38562956,2063
HO17478,chrX,38800917,38801746,829
HO17479,chrX,38803318,38804968,1650
HO17480,chrX,39418297,39420046,1749
HO17481,chrX,39688413,39689955,1542
HO17482,chrX,40012657,40015251,2594
HO17483,chrX,40097251,40098835,1584
HO17484,chrX,40104661,40106865,2204
HO17485,chrX,40108515,40110017,1502
HO17486,chrX,40153480,40155973,2493
HO17487,chrX,40169213,40170087,874
HO17488,chrX,40174922,40177371,2449
HO17489,chrX,40580265,40581584,1319
HO17490,chrX,40646611,40648082,1471
HO17491,chrX,40734960,40736468,1508
HO17492,chrX,41084132,41086722,2590
HO17493,chrX,41275538,41277206,1668
HO17494,chrX,41332664,41335315,2651
HO17495,chrX,41922187,41924591,2404
HO17496,chrX,43654179,43656385,2206
HO17497,chrX,44542201,44543351,1150
HO17498,chrX,44872119,44874211,2092
HO17499,chrX,45850303,45851953,1650
HO17500,chrX,46446347,46447850,1503
HO17501,chrX,46544950,46546025,1075
HO17502,chrX,46573270,46575431,2161
HO17503,chrX,46836403,46837764,1361
HO17504,chrX,46903404,46904367,963
HO17505,chrX,46911958,46913974,2016
HO17506,chrX,47128872,47130007,1135
HO17507,chrX,47144112,47146045,1933
HO17508,chrX,47190478,47191147,669
HO17509,chrX,47193199,47194299,1100
HO17510,chrX,47217235,47219322,2087
HO17511,chrX,47232645,47233928,1283
HO17512,chrX,47361546,47362467,921
HO17513,chrX,47482150,47483862,1712
HO17514,chrX,47555833,47556683,850
HO17515,chrX,47560697,47561771,1074
HO17516,chrX,47619472,47620203,731
HO17517,chrX,47623501,47624148,647
HO17518,chrX,47650030,47651370,1340
HO17519,chrX,47658358,47659484,1126
HO17520,chrX,47836075,47837085,1010
HO17521,chrX,48003334,48004341,1007
HO17522,chrX,48020637,48021922,1285
HO17523,chrX,48070776,48072083,1307
HO17524,chrX,48475558,48476551,993
HO17525,chrX,48508166,48509629,1463
HO17526,chrX,48521042,48522578,1536
HO17527,chrX,48539053,48540342,1289
HO17528,chrX,48573707,48575085,1378
HO17529,chrX,48596966,48598385,1419
HO17530,chrX,48675857,48677272,1415
HO17531,chrX,48695277,48697418,2141
HO17532,chrX,48736776,48738065,1289
HO17533,chrX,48800516,48802836,2320
HO17534,chrX,48890590,48892047,1457
HO17535,chrX,48896717,48898458,1741
HO17536,chrX,48910847,48912296,1449
HO17537,chrX,48917027,48917671,644
HO17538,chrX,48918348,48919602,1254
HO17539,chrX,48956985,48958923,1938
HO17540,chrX,49001455,49002751,1296
HO17541,chrX,49042634,49044096,1462
HO17542,chrX,49053125,49054045,920
HO17543,chrX,49071809,49072662,853
HO17544,chrX,49073427,49074405,978
HO17545,chrX,49079375,49080584,1209
HO17546,chrX,49100530,49101980,1450
HO17547,chrX,49123081,49124092,1011
HO17548,chrX,49155041,49156602,1561
HO17549,chrX,49163475,49164493,1018
HO17550,chrX,49166043,49167487,1444
HO17551,chrX,49171473,49172892,1419
HO17552,chrX,49183981,49185101,1120
HO17553,chrX,49190556,49191825,1269
HO17554,chrX,49199534,49200638,1104
HO17555,chrX,49268663,49270493,1830
HO17556,chrX,49878109,49880074,1965
HO17557,chrX,49922092,49923431,1339
HO17558,chrX,50812981,50815132,2151
HO17559,chrX,51332064,51333043,979
HO17560,chrX,51495459,51497330,1871
HO17561,chrX,51892865,51893937,1072
HO17562,chrX,52261189,52262488,1299
HO17563,chrX,52919972,52921683,1711
HO17564,chrX,52933990,52935670,1680
HO17565,chrX,52994832,52996069,1237
HO17566,chrX,53081690,53082799,1109
HO17567,chrX,53088115,53089496,1381
HO17568,chrX,53093099,53094658,1559
HO17569,chrX,53224367,53225792,1425
HO17570,chrX,53421839,53423344,1505
HO17571,chrX,53433582,53434678,1096
HO17572,chrX,53683288,53684618,1330
HO17573,chrX,53686088,53686956,868
HO17574,chrX,54043582,54045595,2013
HO17575,chrX,54182202,54183778,1576
HO17576,chrX,54357171,54359186,2015
HO17577,chrX,54439699,54440878,1179
HO17578,chrX,54494784,54496608,1824
HO17579,chrX,54529378,54530920,1542
HO17580,chrX,54638937,54640163,1226
HO17581,chrX,54807392,54809217,1825
HO17582,chrX,54920436,54922138,1702
HO17583,chrX,54999352,55000638,1286
HO17584,chrX,55160528,55161811,1283
HO17585,chrX,55451203,55452974,1771
HO17586,chrX,55488123,55490298,2175
HO17587,chrX,55717204,55718526,1322
HO17588,chrX,56563089,56565426,2337
HO17589,chrX,56994763,56995983,1220
HO17590,chrX,57120788,57121857,1069
HO17591,chrX,57286325,57287300,975
HO17592,chrX,57591267,57593175,1908
HO17593,chrX,63350230,63351698,1468
HO17594,chrX,63754080,63755548,1468
HO17595,chrX,63784180,63785760,1580
HO17596,chrX,64204104,64206496,2392
HO17597,chrX,64975231,64976836,1605
HO17598,chrX,65034210,65035727,1517
HO17599,chrX,65534112,65535259,1147
HO17600,chrX,65667129,65669284,2155
HO17601,chrX,68432621,68434175,1554
HO17602,chrX,68498077,68499411,1334
HO17603,chrX,68827806,68829324,1518
HO17604,chrX,69163912,69165733,1821
HO17605,chrX,69503503,69505397,1894
HO17606,chrX,69614782,69617183,2401
HO17607,chrX,70132858,70134440,1582
HO17608,chrX,70289264,70290647,1383
HO17609,chrX,70433585,70435007,1422
HO17610,chrX,70454241,70455939,1698
HO17611,chrX,71067224,71068894,1670
HO17612,chrX,71095263,71096981,1718
HO17613,chrX,71118002,71119588,1586
HO17614,chrX,71144649,71146697,2048
HO17615,chrX,71181425,71182723,1298
HO17616,chrX,71253702,71255954,2252
HO17617,chrX,71282708,71284226,1518
HO17618,chrX,71365471,71367252,1781
HO17619,chrX,71532057,71533464,1407
HO17620,chrX,71910486,71912239,1753
HO17621,chrX,72130995,72132378,1383
HO17622,chrX,72180726,72181975,1249
HO17623,chrX,72238447,72239514,1067
HO17624,chrX,72276250,72277495,1245
HO17625,chrX,72304864,72307358,2494
HO17626,chrX,72571917,72573451,1534
HO17627,chrX,72713256,72714942,1686
HO17628,chrX,73213772,73215248,1476
HO17629,chrX,73562542,73564149,1607
HO17630,chrX,74291752,74293048,1296
HO17631,chrX,74419859,74421836,1977
HO17632,chrX,74535173,74537517,2344
HO17633,chrX,74613032,74614994,1962
HO17634,chrX,74923919,74925897,1978
HO17635,chrX,75273264,75275069,1805
HO17636,chrX,75522197,75523746,1549
HO17637,chrX,76172344,76173827,1483
HO17638,chrX,76427340,76429022,1682
HO17639,chrX,77785015,77786438,1423
HO17640,chrX,77894882,77895810,928
HO17641,chrX,77899074,77899837,763
HO17642,chrX,78103496,78105170,1674
HO17643,chrX,78138910,78140013,1103
HO17644,chrX,80807841,80810274,2433
HO17645,chrX,81120321,81122431,2110
HO17646,chrX,81201049,81203082,2033
HO17647,chrX,84186990,84188782,1792
HO17648,chrX,84501599,84502779,1180
HO17649,chrX,85003020,85004543,1523
HO17650,chrX,85243244,85245284,2040
HO17651,chrX,86046883,86048184,1301
HO17652,chrX,86147610,86149040,1430
HO17653,chrX,87516749,87518857,2108
HO17654,chrX,91434410,91435810,1400
HO17655,chrX,93672726,93674351,1625
HO17656,chrX,96684143,96686175,2032
HO17657,chrX,100635689,100637175,1486
HO17658,chrX,100819541,100820788,1247
HO17659,chrX,101051171,101052316,1145
HO17660,chrX,101097373,101098469,1096
HO17661,chrX,101347730,101349192,1462
HO17662,chrX,101390385,101391704,1319
HO17663,chrX,101407230,101408755,1525
HO17664,chrX,101417398,101418859,1461
HO17665,chrX,101484893,101486206,1313
HO17666,chrX,101550102,101551652,1550
HO17667,chrX,101617024,101618186,1162
HO17668,chrX,101622741,101624326,1585
HO17669,chrX,101657915,101660074,2159
HO17670,chrX,101930983,101932329,1346
HO17671,chrX,102515891,102517574,1683
HO17672,chrX,102598751,102600520,1769
HO17673,chrX,102650768,102652745,1977
HO17674,chrX,102659386,102660476,1090
HO17675,chrX,102711793,102713712,1919
HO17676,chrX,102745390,102746747,1357
HO17677,chrX,102768440,102769507,1067
HO17678,chrX,103062855,103064557,1702
HO17679,chrX,103214554,103216032,1478
HO17680,chrX,103253716,103255529,1813
HO17681,chrX,103309923,103311286,1363
HO17682,chrX,103329729,103331346,1617
HO17683,chrX,103355893,103357346,1453
HO17684,chrX,103375889,103377667,1778
HO17685,chrX,103585164,103586584,1420
HO17686,chrX,103607318,103608916,1598
HO17687,chrX,103628526,103630269,1743
HO17688,chrX,103686344,103688400,2056
HO17689,chrX,103918019,103919651,1632
HO17690,chrX,104111970,104113575,1605
HO17691,chrX,104156074,104157464,1390
HO17692,chrX,104165733,104167367,1634
HO17693,chrX,105821370,105823322,1952
HO17694,chrX,106611311,106612826,1515
HO17695,chrX,106725860,106727574,1714
HO17696,chrX,106998795,107000627,1832
HO17697,chrX,107205596,107206907,1311
HO17698,chrX,107627819,107629242,1423
HO17699,chrX,107731557,107732672,1115
HO17700,chrX,107741201,107743189,1988
HO17701,chrX,107775232,107776629,1397
HO17702,chrX,107825418,107827308,1890
HO17703,chrX,108090504,108092312,1808
HO17704,chrX,108735133,108737206,2073
HO17705,chrX,109536377,109537596,1219
HO17706,chrX,109732204,109733801,1597
HO17707,chrX,110001927,110003341,1414
HO17708,chrX,110316763,110318748,1985
HO17709,chrX,111095467,111096940,1473
HO17710,chrX,111680707,111682056,1349
HO17711,chrX,112081640,112084494,2854
HO17712,chrX,112840090,112841854,1764
HO17713,chrX,112851091,112852979,1888
HO17714,chrX,115560726,115562823,2097
HO17715,chrX,115968214,115969341,1127
HO17716,chrX,118115942,118117472,1530
HO17717,chrX,118345341,118347379,2038
HO17718,chrX,118495085,118496943,1858
HO17719,chrX,118726913,118728325,1412
HO17720,chrX,118823304,118824715,1411
HO17721,chrX,118973580,118977077,3497
HO17722,chrX,119234910,119237500,2590
HO17723,chrX,119467927,119469418,1491
HO17724,chrX,119573440,119575492,2052
HO17725,chrX,119604862,119607149,2287
HO17726,chrX,119692136,119694422,2286
HO17727,chrX,119757757,119759626,1869
HO17728,chrX,119790774,119792313,1539
HO17729,chrX,119852291,119853529,1238
HO17730,chrX,119870401,119872380,1979
HO17731,chrX,119942722,119944050,1328
HO17732,chrX,120250099,120251940,1841
HO17733,chrX,120308609,120309957,1348
HO17734,chrX,120468290,120469551,1261
HO17735,chrX,120560314,120562191,1877
HO17736,chrX,120603580,120604783,1203
HO17737,chrX,120629466,120630557,1091
HO17738,chrX,123183162,123185347,2185
HO17739,chrX,123731356,123733321,1965
HO17740,chrX,123859227,123860743,1516
HO17741,chrX,123959281,123962047,2766
HO17742,chrX,123962749,123963363,614
HO17743,chrX,125203189,125206337,3148
HO17744,chrX,129522106,129524018,1912
HO17745,chrX,129539863,129541124,1261
HO17746,chrX,129653582,129655443,1861
HO17747,chrX,129842480,129844302,1822
HO17748,chrX,129905439,129906582,1143
HO17749,chrX,129930983,129933071,2088
HO17750,chrX,129981896,129982859,963
HO17751,chrX,129983738,129984671,933
HO17752,chrX,130059443,130061057,1614
HO17753,chrX,130109498,130111688,2190
HO17754,chrX,130120314,130121287,973
HO17755,chrX,130165038,130166514,1476
HO17756,chrX,130170643,130172217,1574
HO17757,chrX,130267533,130269106,1573
HO17758,chrX,130339315,130340904,1589
HO17759,chrX,130401264,130402479,1215
HO17760,chrX,130902361,130903577,1216
HO17761,chrX,131830308,131831187,879
HO17762,chrX,132022151,132024232,2081
HO17763,chrX,132216833,132218623,1790
HO17764,chrX,132488359,132490305,1946
HO17765,chrX,132614344,132615684,1340
HO17766,chrX,132956322,132958697,2375
HO17767,chrX,133414292,133416082,1790
HO17768,chrX,133984884,133986232,1348
HO17769,chrX,134372782,134373947,1165
HO17770,chrX,134459628,134461168,1540
HO17771,chrX,134549113,134551364,2251
HO17772,chrX,134734033,134735305,1272
HO17773,chrX,134795778,134797439,1661
HO17774,chrX,134914055,134915672,1617
HO17775,chrX,135003659,135004646,987
HO17776,chrX,135021403,135022855,1452
HO17777,chrX,135031679,135033220,1541
HO17778,chrX,135051076,135052590,1514
HO17779,chrX,135097067,135099304,2237
HO17780,chrX,135343385,135345489,2104
HO17781,chrX,135421378,135422824,1446
HO17782,chrX,135519862,135522368,2506
HO17783,chrX,135973034,135974734,1700
HO17784,chrX,135984733,135986281,1548
HO17785,chrX,136146669,136148539,1870
HO17786,chrX,136496480,136497986,1506
HO17787,chrX,136879690,136881034,1344
HO17788,chrX,136908847,136910582,1735
HO17789,chrX,137565286,137567443,2157
HO17790,chrX,138709950,138712436,2486
HO17791,chrX,139202834,139205635,2801
HO17792,chrX,139931803,139933752,1949
HO17793,chrX,140712486,140713547,1061
HO17794,chrX,141176111,141177476,1365
HO17795,chrX,143632778,143636299,3521
HO17796,chrX,145817093,145818995,1902
HO17797,chrX,147911287,147912831,1544
HO17798,chrX,149504824,149505583,759
HO17799,chrX,149539075,149541619,2544
HO17800,chrX,149630470,149632151,1681
HO17801,chrX,149937946,149940812,2866
HO17802,chrX,150364896,150366796,1900
HO17803,chrX,150568004,150569350,1346
HO17804,chrX,150692418,150694522,2104
HO17805,chrX,150897780,150899764,1984
HO17806,chrX,150982635,150984872,2237
HO17807,chrX,151396111,151397819,1708
HO17808,chrX,151694467,151695804,1337
HO17809,chrX,152830029,152831429,1400
HO17810,chrX,152940928,152942301,1373
HO17811,chrX,153055734,153057783,2049
HO17812,chrX,153333579,153335009,1430
HO17813,chrX,153381571,153382585,1014
HO17814,chrX,153469810,153471158,1348
HO17815,chrX,153598367,153599736,1369
HO17816,chrX,153609672,153611214,1542
HO17817,chrX,153672560,153674056,1496
HO17818,chrX,153686764,153688089,1325
HO17819,chrX,153723379,153725033,1654
HO17820,chrX,153793651,153795175,1524
HO17821,chrX,153927221,153928741,1520
HO17822,chrX,153934381,153935605,1224
HO17823,chrX,153970067,153972994,2927
HO17824,chrX,154019143,154020711,1568
HO17825,chrX,154096599,154098168,1569
HO17826,chrX,154368542,154369859,1317
HO17827,chrX,154370460,154371770,1310
HO17828,chrX,154377983,154379669,1686
HO17829,chrX,154396902,154399003,2101
HO17830,chrX,154411058,154412369,1311
HO17831,chrX,154428132,154429285,1153
HO17832,chrX,154436188,154438173,1985
HO17833,chrX,154443538,154444767,1229
HO17834,chrX,154457525,154460228,2703
HO17835,chrX,154478122,154479513,1391
HO17836,chrX,154485778,154487206,1428
HO17837,chrX,154490050,154491131,1081
HO17838,chrX,154515384,154517999,2615
HO17839,chrX,154546406,154547982,1576
HO17840,chrX,154761987,154763654,1667
HO17841,chrX,154804833,154805940,1107
HO17842,chrX,155026457,155027585,1128
HO17843,chrX,155070552,155072116,1564
HO17844,chrX,155215722,155217297,1575
HO17845,chrX,155766683,155768321,1638
HO17846,chrX,155880473,155881940,1467
HO17847,chrY,2934687,2936316,1629
HO17848,chrY,6910286,6911910,1624
HO17849,chrY,7273335,7274999,1664
HO17850,chrY,12661316,12663547,2231
HO17851,chrY,12904330,12906027,1697
HO17852,chrY,13478201,13480399,2198
HO17853,chrY,13703320,13705532,2212
HO17854,chrY,13751090,13752878,1788
HO17855,chrY,14523822,14525718,1896
HO17856,chrY,15455427,15456797,1370
HO17857,chrY,19075518,19078120,2602
HO17858,chrY,19566681,19568068,1387
HO17859,chrY,20574998,20576299,1301
